"","JarJarBinks_15","Kubo_15","Buddy_16","Buddy_17","Iris_17","Ivy_17","Kubo_17","Lambchop_17","Padme_17","Wolverine_17","Buddy_18","Ginger_18","Hamlet_18","Hera_18","Iris_18","Ivy_18","JarJarBinks_18","Kubo_18","Lambchop_18","Wolverine_18","Franc_19","Ivy_19","Ophelia_19","Wolverine_19","Ginger_20","Goose_20","Hamlet_20","Hera_20","Iris_20","Korra_20","Ophelia_20","Buddy_21","Hamlet_21","JarJarBinks_21","Joans_21","Korra_21","Kubo_21","Franc_22","Goose_22","Grogu_22","Hamlet_22","Henry_22","Hera_22","Iris_22","Joans_22","Korra_22","Kubo_22","Marshmallow_22","Hamlet_23","Iris_23","Korra_23","Franc_24","Ginger_24","Goose_24","Grogu_24","Henry_24","Hera_24","Ivy_24","Kubo_24","Marshmallow_24","Ophelia_24","Wolverine_24","Henry_25","Kubo_25","Lambchop_25","Ophelia_43","Buddy_44","Franc_44","Ginger_44","Goose_44","Iris_44","Ivy_44","JarJarBinks_44","Joans_44","Lambchop_44","Marshmallow_44","Buddy_45","Franc_45","Grogu_45","Hamlet_45","Henry_45","Hera_45","Ivy_45","JarJarBinks_45","Joans_45","Korra_45","Marshmallow_45","Ophelia_45","Buddy_46","Charles_46","Goose_46","Hamlet_46","Iris_46","Ivy_46","Joans_46","Lambchop_46","Marshmallow_46","Franc_47","Ginger_47","Ivy_47","Marshmallow_47","Buddy_48","Charles_48","Franc_48","Grogu_48","Hamlet_48","Henry_48","Hera_48","Iris_48","Ivy_48","JarJarBinks_48","Joans_48","Korra_48","Kubo_48","Lambchop_48","Marshmallow_48","Ophelia_48","Wolverine_48","Charles_49","Franc_49","Ginger_49","Henry_49","Iris_49","Ivy_49","JarJarBinks_49","Joans_49","Kubo_49","Marshmallow_49","Ophelia_49","Wolverine_49","Buddy_50","Charles_50","Franc_50","Ginger_50","Grogu_50","Ivy_50","JarJarBinks_50","Joans_50","Korra_50","Kubo_50","Lambchop_50","Ophelia_50","Wolverine_50","Charles_51","Franc_51","Joans_51","Lambchop_51","Buddy_52","Charles_52","Ginger_52","Goose_52","Grogu_52","JarJarBinks_52","Kubo_52","Marshmallow_52","Franc_53","Hera_53","Kubo_53","Marshmallow_53","Charles_55","Ginger_55","Iris_55","Ivy_55","Lambchop_55","Ophelia_55","Buddy_56","Franc_56","Grogu_56","Joans_56"
"JarJarBinks_15",0,0.3285,0.844918444165621,0.549274637318659,0.379767412779792,0.542406805103828,0.36725,0.762851782363977,0.992483086945628,0.46125,0.700462557819727,0.448905565978737,0.368171021377672,0.406425803225403,0.419282230836564,0.52448954027308,0.499562335875954,0.351756908840815,0.771942985746437,0.36225,0.442110527631908,0.443567581109858,0.372671583947993,0.386866791744841,0.481110833124844,0.46925,0.470933866733342,0.458,0.383268725772165,0.556501063696659,0.399699849924962,0.533575090658997,0.323665458182273,0.539442430303788,0.541692711588949,0.50125,0.395296472354266,0.493183239524703,0.49925,0.80925,0.70075,0.499687460932617,0.61775,0.454545454545455,0.344254095285732,0.525822183318745,0.423033637614105,0.518689836229529,0.388694347173587,0.43428785794673,0.513317494060273,0.435929491186398,0.513378344586147,0.439609902475619,0.603252032520325,0.45225,0.404675584448056,0.520988066427439,0.48718589823728,0.69175,0.219262038774234,0.443610902725681,0.518819557334,0.598199774971871,0.524821808178067,0.199299824956239,0.54132799799925,0.593722536095417,0.5135,0.57067800850638,0.377533149862397,0.570654439349729,0.869603303716681,0.584896224056014,0.595898974743686,0.619904976244061,0.5335,0.532958098811757,0.57144643080385,0.48780792797299,0.508938617327166,0.46911727931983,0.548265932139727,0.656992744558419,0.5795,0.59714928732183,0.75375,0.273409176147018,0.62525,0.606303151575788,0.598649662415604,0.422427803475434,0.436679584948119,0.456364091022756,0.52675,0.545716072545341,0.657457182147768,0.509,0.579592347130174,0.44975,0.656164041010253,0.717214651831479,0.463445167751627,0.548443555444431,0.88825,0.413426678334792,0.385346336584146,0.405851462865716,0.402525947230211,0.43357518138604,0.542692836604576,0.534976848955074,0.493436679584948,0.48624312156078,0.554194274284286,0.596399099774944,0.44758568926695,0.424856214053513,0.740360540811217,0.560445055631954,0.532383095773943,0.4215,0.433287482806052,0.39025,0.556528264132066,0.589294647323662,0.429357339334834,0.573643410852713,0.471669793621013,0.368276207155367,0.62526579111945,0.575340752782293,0.431857964491123,0.437929741217652,0.70025,0.42225,0.589448681085136,0.5645,0.531382845711428,0.500750375187594,0.549718574108818,0.783668875828436,0.471867966991748,0.524143107330498,0.491,0.627406851712928,0.532340798198424,0.463731865932967,0.56072545340838,0.43675,0.50425,0.755,0.53469183647956,0.53425,0.537345177029901,0.509,0.360920115014377,0.43935983995999,0.8755,0.605253283302064,0.585723815877252,0.354177088544272,0.527086200425372,0.616,0.38526947605352,0.659122170814055,0.451112778194549,0.791,0.429928741092637
"Kubo_15",0.3285,0,0.859473023839398,0.46248124062031,0.42978616981368,0.486614961220916,0.2395,0.654534083802376,0.916562265096467,0.38675,0.631453931741468,0.441651031894934,0.445930741342668,0.459932491561445,0.473302488433162,0.540774145058249,0.497811679379767,0.315743403776416,0.627656914228557,0.3395,0.417604401100275,0.484905424026055,0.446430803850481,0.338836772983114,0.528896672504378,0.5015,0.532441555194399,0.537,0.340002500937852,0.463646602427731,0.454227113556778,0.481805677128923,0.382422802850356,0.539192399049881,0.465433179147393,0.4125,0.320490367775832,0.465666041275797,0.42875,0.82125,0.6375,0.489686210776347,0.63375,0.386770038764537,0.280730273852695,0.423783918969614,0.346254845567088,0.494186773346668,0.402701350675338,0.468050518944604,0.408028010503939,0.411926490811351,0.523880970242561,0.436609152288072,0.476172607879925,0.411,0.485685710713839,0.529333222064592,0.33616702087761,0.73525,0.340587867417136,0.387596899224806,0.449043391271727,0.594699337417177,0.422783543828936,0.319329832458115,0.549080905339502,0.595229127432517,0.45625,0.489617212909682,0.379534650988241,0.524802000833681,0.863346264547616,0.567641910477619,0.543635908977244,0.554138534633658,0.51825,0.502689180737961,0.493936742092762,0.552582218331874,0.467433429178647,0.529632408102025,0.521973206460498,0.686014510883162,0.58275,0.520130032508127,0.755,0.317414676834604,0.6275,0.570285142571286,0.620655163790948,0.490936367045881,0.470933866733342,0.393848462115529,0.52625,0.487429643527205,0.626203275409426,0.5045,0.446292359634863,0.3945,0.571892973243311,0.688211026378297,0.49349023535303,0.555694461807726,0.8825,0.508438554819352,0.476369092273068,0.483370842710678,0.420532699762411,0.463597698273705,0.481435179397425,0.547741208859967,0.395674459307413,0.461730865432716,0.497187148393549,0.474118529632408,0.556667500625469,0.393098274568642,0.745868803204807,0.575946993374172,0.476369092273068,0.39425,0.46554958109291,0.27125,0.536018009004502,0.574037018509255,0.43710927731933,0.506376594148537,0.553220762976861,0.389291968976733,0.601751094434021,0.55458296861323,0.394348587146787,0.374421802725341,0.6865,0.3845,0.57069633704213,0.5735,0.516379094773693,0.497498749374687,0.486178861788618,0.71914467925472,0.368592148037009,0.545659244433325,0.49525,0.635908977244311,0.452520955836357,0.457228614307154,0.587492182614134,0.44275,0.494,0.7545,0.555444430553819,0.49475,0.474540222694858,0.525,0.416427053381673,0.468617154288572,0.87,0.614509068167605,0.534689793195464,0.394197098549275,0.574878018265983,0.595,0.379517318994623,0.551331749406027,0.460115028757189,0.8005,0.368421052631579
"Buddy_16",0.844918444165621,0.859473023839398,0,0.768265126788853,0.883268482490272,0.615268709191361,0.820326223337516,0.943502824858757,0.997233400402414,0.858218318695107,0.937256870372694,0.694413057124922,0.828334797339691,0.807755050821935,0.858918036902222,0.853388658367911,0.741935483870968,0.775574243755491,0.910642570281124,0.865244667503137,0.732178714859438,0.859172639255627,0.757058602083072,0.86691776522285,0.700401808136615,0.78444165621079,0.858200527042289,0.827603513174404,0.87121877745701,0.760834066072101,0.815716796384635,0.734655453746705,0.818044924080813,0.749780399046304,0.842891203413226,0.765872020075282,0.826217980914113,0.665285624607658,0.769385194479297,0.924466750313676,0.870514429109159,0.706362153344209,0.756085319949812,0.873478097150747,0.836826911007908,0.802686080080331,0.818501317936488,0.775379595934245,0.836304293246297,0.883770553533325,0.800677795908121,0.687288241937508,0.612700803212851,0.7464859437751,0.726553672316384,0.700125470514429,0.806500188229389,0.881368694051702,0.779395156230393,0.910915934755333,0.798870056497175,0.863704819277108,0.69775323208234,0.81578617141423,0.72210367767039,0.83609437751004,0.802686080080331,0.833144297416509,0.778419071518193,0.860371672526369,0.832747363134103,0.798244880902633,0.321693254616254,0.708584337349398,0.62324297188755,0.813002008032129,0.688833124215809,0.698932831136221,0.822813401932488,0.687711811221288,0.799974902748149,0.788654618473896,0.828578610028905,0.895027624309392,0.610539523212045,0.524598393574297,0.879046424090339,0.826076044673108,0.665746549560853,0.634446397188049,0.619226907630522,0.684276571715397,0.833354247709876,0.850903614457831,0.687578419071518,0.535467671060891,0.836616890450496,0.786951066499373,0.840843479352328,0.813048933500627,0.827560240963855,0.845149956079809,0.894697160090475,0.706362153344209,0.914178168130489,0.798469067637094,0.801706827309237,0.819277108433735,0.853897326471696,0.847312908086389,0.747019701342703,0.730687099610602,0.688041159493035,0.72834546824002,0.794955452377965,0.854166666666667,0.803867403314917,0.838855421686747,0.939180698668007,0.743255113565065,0.840863453815261,0.797741530740276,0.85766285929459,0.841907151819322,0.746422294752699,0.676374592016068,0.713855421686747,0.847640562248996,0.785812931575643,0.817930688096434,0.850094161958569,0.82377306388854,0.813253012048193,0.816288116451249,0.89159347553325,0.828607277289837,0.756556657046053,0.531493099121706,0.622991967871486,0.747426562892292,0.637162586315129,0.915652064767165,0.851907630522088,0.712456052235058,0.737013801756587,0.555471887550201,0.683536355644857,0.81044438865177,0.630131826741996,0.753074027603513,0.738770388958595,0.881806775407779,0.77061111808257,0.672020075282309,0.707647871405249,0.789460476787955,0.84163634082068,0.800451807228916,0.92823086574655,0.726804770872567,0.786992141782311,0.865177002259603,0.822428732889614,0.524968632371393,0.845864189782854,0.868959457763274,0.825301204819277,0.901129234629862,0.735474965491279
"Buddy_17",0.549274637318659,0.46248124062031,0.768265126788853,0,0.460027524083573,0.417521902377972,0.508004002001,0.733700412964585,0.948357984457257,0.587543771885943,0.709818636647905,0.346014266049305,0.454909318323952,0.428893058161351,0.452520955836357,0.466098508585036,0.387213812085575,0.415988990366571,0.62997247935952,0.506253126563282,0.324493370027521,0.375360320842211,0.461163227016886,0.499937429608309,0.410763454317897,0.419459729864932,0.547717323327079,0.503001500750375,0.498311022144376,0.489670714911732,0.55005005005005,0.266358063305392,0.452157598499062,0.377861163227017,0.55797373358349,0.365182591295648,0.388235294117647,0.392066074333625,0.417708854427214,0.806653326663332,0.748374187093547,0.368355222013759,0.465482741370685,0.541348680095083,0.472038033279119,0.514074815463531,0.419992493431753,0.363852407754847,0.375625625625626,0.518328537470287,0.45727511572626,0.325578486554096,0.38378784088066,0.352014010507881,0.469403078463271,0.303151575787894,0.442901813633521,0.517488938976542,0.439899937460913,0.66608304152076,0.531723188587161,0.609457092819615,0.467033654447642,0.6317698561601,0.411735268359815,0.472604453340005,0.452520955836357,0.561361637985178,0.483241620810405,0.463579474342929,0.512140175219024,0.49145192227504,0.78289720796294,0.4520890668001,0.44283212409307,0.5389041781336,0.40520260130065,0.370291578025278,0.527454659161976,0.569122982609784,0.488430268918074,0.572179134350763,0.540774145058249,0.770963704630788,0.451225612806403,0.490868151113335,0.746873436718359,0.529706066291432,0.561780890445223,0.474474474474474,0.43857893420065,0.466166353971232,0.467417135709819,0.497373029772329,0.390445222611306,0.45013139782255,0.561475922451532,0.399949974987494,0.516326785937695,0.462981490745373,0.586940205153865,0.648780487804878,0.543837675350701,0.397373358348968,0.872186093046523,0.470168855534709,0.401551163372529,0.463347510632975,0.467534092330789,0.431038798498123,0.417385866166354,0.362964817828972,0.384865540963102,0.367617617617618,0.385616010006254,0.484363272454341,0.537672090112641,0.562171628721541,0.766783567134269,0.42338961851157,0.505379034275707,0.400950475237619,0.470036281746528,0.430715357678839,0.418418418418418,0.392642642642643,0.334250688016012,0.500375281461096,0.534976848955074,0.441551939924906,0.525466149418095,0.510071312398349,0.416312234175632,0.4093808630394,0.66408204102051,0.428714357178589,0.406629143214509,0.446223111555778,0.391293470102577,0.378128128128128,0.391064948066575,0.814837983235331,0.557418063547661,0.363204005006258,0.365182591295648,0.522141606204653,0.451746150957567,0.440940940940941,0.453635339757227,0.347423711855928,0.381690845422711,0.746873436718359,0.393871169480926,0.501000500250125,0.374139441732382,0.404952476238119,0.458161350844278,0.366775081310983,0.854927463731866,0.473657865098236,0.53953953953954,0.434434434434434,0.472274377268745,0.511255627813907,0.503565619917428,0.637682972601026,0.467100325243933,0.8024012006003,0.389368355222014
"Iris_17",0.379767412779792,0.42978616981368,0.883268482490272,0.460027524083573,0,0.458640971092479,0.414780542703514,0.747247247247247,0.994485524501817,0.419032137051394,0.715107553776888,0.381881881881882,0.309154577288644,0.338669334667334,0.160620465349012,0.490726817042607,0.446084563422567,0.315986990242682,0.693308317698562,0.308240590221333,0.324077548467792,0.333333333333333,0.366433216608304,0.221721721721722,0.46164434989363,0.382018256846317,0.496748374187094,0.405777166437414,0.230673004753565,0.525788683024537,0.539096709620918,0.537152864648486,0.324662331165583,0.455227613806903,0.544522261130565,0.436038514442916,0.334501313978226,0.395145145145145,0.439039639864949,0.832937351506815,0.787670376391147,0.429964982491246,0.518569463548831,0.278959219414561,0.439829872404303,0.528396297222917,0.373279959969977,0.457478739369685,0.359439509570875,0.236927695771829,0.505379034275707,0.383191595797899,0.410631644777986,0.333583489681051,0.591341341341341,0.399274728023009,0.35767883941971,0.434891485809683,0.46448224112056,0.665124421658122,0.392142142142142,0.437648530331457,0.565424068051038,0.637818909454727,0.454090567925944,0.351344590368981,0.489367025268952,0.607887465460939,0.422533450043766,0.487673632836942,0.249155299712176,0.435456971314209,0.880320480721082,0.489180737961226,0.526704190118824,0.579237023139462,0.474803051144179,0.400900900900901,0.523011505752876,0.580935701776332,0.43671835917959,0.550969355847405,0.531813627254509,0.761231385308472,0.500312617231462,0.565478424015009,0.757909215955983,0.432466233116558,0.610353882706015,0.539346928562492,0.470919324577861,0.453476738369185,0.295397698849425,0.402626641651032,0.431036638739527,0.567317317317317,0.639319659829915,0.396773790171314,0.499874906179635,0.431536826309866,0.663289555972483,0.735617808904452,0.387601753287414,0.388694347173587,0.899712392147055,0.391695847923962,0.372357723577236,0.399374609130707,0.205153865399049,0.333750469277938,0.514757378689345,0.393590385578368,0.482741370685343,0.414487676717127,0.450475237618809,0.517948717948718,0.473908146664998,0.37285803627267,0.766311834690044,0.409704852426213,0.450656660412758,0.272727272727273,0.248686514886165,0.366262348380643,0.489303140247717,0.432003002627299,0.347091932457786,0.563727329580988,0.488488488488488,0.29270429232887,0.608108108108108,0.488116087065299,0.261788617886179,0.352426213106553,0.695135675878454,0.280230086282356,0.477488744372186,0.493810178817056,0.45140712945591,0.394720380332791,0.458208208208208,0.844133099824869,0.480675422138837,0.41459141534226,0.338752032012004,0.538211382113821,0.464080100125156,0.429751032153134,0.462962962962963,0.316243591346755,0.420032512192072,0.778166812554708,0.394197098549275,0.55883456296111,0.488861076345432,0.334000250093785,0.340170085042521,0.37285803627267,0.88395648368138,0.548548548548549,0.472349653849362,0.155010634305017,0.406508135168961,0.61235463298737,0.500875656742557,0.699774831123342,0.386366479049406,0.821182943603851,0.360430215107554
"Ivy_17",0.542406805103828,0.486614961220916,0.615268709191361,0.417521902377972,0.458640971092479,0,0.485614210657993,0.671798723244461,0.916499498495487,0.571928946710032,0.764543975978982,0.440731005132057,0.479794820467909,0.461028399849869,0.462395194593918,0.582549830763445,0.396571142535352,0.475409836065574,0.611861861861862,0.498874155616713,0.195195195195195,0.483515105929547,0.512823720755661,0.475278507948429,0.42363545317977,0.393044783587691,0.583885900162642,0.501626219664749,0.430609435615067,0.379085785848466,0.554443053817272,0.462144913027156,0.500813211560115,0.395220818215939,0.584136119104216,0.285213910432825,0.449924887330997,0.209913631242959,0.297723292469352,0.826369777333,0.689016762571929,0.342674840485425,0.484363272454341,0.480665748967589,0.473407583531473,0.360030033788012,0.501188837442122,0.435506067809333,0.480100125156446,0.445876611187586,0.329996245776499,0.231327411485049,0.285035035035035,0.35035035035035,0.36838152459632,0.31523642732049,0.468034530213937,0.615596560073474,0.335168272238208,0.728796597448086,0.556890724746526,0.577327327327327,0.404830434238518,0.619166770924559,0.420097609811037,0.517017017017017,0.516456013014642,0.623319512501571,0.496872654490868,0.454682023034552,0.464947421131698,0.479856535157227,0.640075140889167,0.411161161161161,0.354854854854855,0.518018018018018,0.405554165624218,0.240705970709726,0.556111597647942,0.569515705168314,0.495558613787064,0.558808808808809,0.526876331286806,0.744116174261392,0.330247685764323,0.281281281281281,0.730297723292469,0.53534342549731,0.467600700525394,0.372215269086358,0.382882882882883,0.47078693857125,0.450018766420618,0.527277277277277,0.368526394796097,0.368882213042934,0.559614662829976,0.370527895921941,0.527218120385434,0.530397798348762,0.494994994994995,0.662204428875266,0.668003006765222,0.310396597022395,0.892669502126595,0.471787814337545,0.45045045045045,0.465715715715716,0.413089725941684,0.479469203805709,0.333416739647191,0.411646837820914,0.302389590892031,0.408510638297872,0.441261103465532,0.412162162162162,0.594892338507762,0.499249249249249,0.81257830117765,0.350932065557363,0.528278278278278,0.459344508381286,0.414090852208735,0.49311983987991,0.412515644555695,0.338673341677096,0.358858858858859,0.482232232232232,0.586180998873451,0.442663995993991,0.594943046689198,0.567012889500688,0.383883883883884,0.449017890654323,0.670252689517138,0.385789342006505,0.444764168647567,0.311233425068802,0.321571571571572,0.398748435544431,0.336087119789711,0.736453510198974,0.559059059059059,0.4321482223335,0.308731548661496,0.359359359359359,0.367972956053587,0.468585732165206,0.431468268869696,0.371278458844133,0.383037277958469,0.764073054791093,0.402977605404729,0.304478358769077,0.359959934894203,0.348011008256192,0.487301388715126,0.39964964964965,0.879659744808606,0.498810864939291,0.536626063741031,0.399749687108886,0.483911355953424,0.364273204903678,0.496433487673633,0.61807032912026,0.467967967967968,0.819114335751814,0.411234830476667
"Kubo_17",0.36725,0.2395,0.820326223337516,0.508004002001,0.414780542703514,0.485614210657993,0,0.673295809881176,0.955650212979203,0.346,0.624953119139892,0.430393996247655,0.415176897112139,0.415926990873859,0.449543578842066,0.614430665163472,0.427535325747155,0.216956358634488,0.587646911727932,0.3265,0.422105526381595,0.492170863084054,0.443680460057507,0.359349593495935,0.537903427570678,0.43375,0.573196649581198,0.51375,0.368013004876829,0.478663496433488,0.497498749374687,0.54557959234713,0.363670458807351,0.460932616577072,0.513939242405301,0.39975,0.272704528396297,0.432145090681676,0.40625,0.82225,0.68675,0.478934866858357,0.6455,0.381768163061148,0.31849443541328,0.449543578842066,0.321995748405652,0.443930491311414,0.443971985992996,0.434537951731899,0.406777541578092,0.406175771971496,0.509877469367342,0.399099774943736,0.471669793621013,0.41175,0.449931241405176,0.52048735708921,0.304663082885361,0.751,0.368105065666041,0.356589147286822,0.450043766412405,0.588448556069509,0.448293109916219,0.366341585396349,0.56333625109416,0.644193345888261,0.3405,0.435576682511884,0.362271703777833,0.447102959566486,0.798523338756101,0.547136784196049,0.562640660165041,0.513128282070518,0.50575,0.439149468417761,0.379172396549569,0.572089533575091,0.389423677959745,0.531132783195799,0.514961812946037,0.697773329997498,0.561,0.437359339834959,0.707,0.335416927115889,0.586,0.568784392196098,0.550637659414854,0.442430303787973,0.474184273034129,0.333833458364591,0.49425,0.512445278298937,0.549193649206151,0.44825,0.379517318994623,0.385,0.561890472618155,0.681710213776722,0.555082623935904,0.479684960620077,0.85675,0.461682710338792,0.409102275568892,0.45536384096024,0.390521445542078,0.448586439829872,0.45418177272159,0.497935177074208,0.3951743967996,0.494247123561781,0.446680835104388,0.467616904226057,0.571928946710032,0.339584896224056,0.756384576865298,0.480685085635704,0.390097524381095,0.32425,0.409528573214956,0.318,0.470235117558779,0.548274137068534,0.403600900225056,0.43260815203801,0.552470293933709,0.358769076807606,0.623514696685428,0.525572089533575,0.31807951987997,0.317914739342418,0.69025,0.314,0.498437304663083,0.5445,0.48062015503876,0.455477738869435,0.476923076923077,0.784419157183944,0.383845961490373,0.537403052289217,0.42925,0.605901475368842,0.432753659452021,0.433966983491746,0.618761726078799,0.38825,0.421,0.758,0.509438679834979,0.51975,0.441511322407106,0.465,0.415926990873859,0.444861215303826,0.847,0.628767979987492,0.491994663108739,0.368434217108554,0.538346052796197,0.591,0.468800800300113,0.542078279354758,0.429357339334834,0.78125,0.364920615076885
"Lambchop_17",0.762851782363977,0.654534083802376,0.943502824858757,0.733700412964585,0.747247247247247,0.671798723244461,0.673295809881176,0,0.910492666415946,0.717823639774859,0.772579434575932,0.709887359198999,0.731548661496122,0.741305979484613,0.740740740740741,0.844572574580095,0.756506506506507,0.705455455455455,0.416989866132866,0.74208880550344,0.635681221068435,0.773878164953622,0.735801851388541,0.73566958698373,0.795468769558142,0.73083176985616,0.84013009757318,0.825891181988743,0.725475475475476,0.683946907087403,0.787510949818546,0.761511511511512,0.718789091818864,0.768826619964974,0.805103827870903,0.611507191994997,0.674802853924146,0.739424280350438,0.590994371482176,0.972232645403377,0.785115697310819,0.743307480610458,0.859161976235147,0.726726726726727,0.662912912912913,0.52977977977978,0.68993993993994,0.706279709782337,0.701914653985734,0.745745745745746,0.551801801801802,0.707280460345259,0.741023395471037,0.703490554234956,0.719148936170213,0.637023139462164,0.752564423317488,0.803139088328602,0.615961971478609,0.949218261413383,0.748685857321652,0.729763543100213,0.54029029029029,0.854640980735552,0.666916916916917,0.745527336419367,0.84984984984985,0.879396984924623,0.705816135084428,0.727124796595319,0.72787582926524,0.778648874061718,0.967693463561232,0.821343675716252,0.789816089077943,0.805579882397097,0.755597248280175,0.740675844806007,0.696272204153115,0.842092092092092,0.705779334500876,0.839859877392719,0.796041092458031,0.882588559268995,0.818636647904941,0.724508945327161,0.924702939337086,0.74430823117338,0.884928080050031,0.824802903266174,0.873389215563618,0.757317988491369,0.757568176132099,0.6992368322282,0.777861163227017,0.735919899874844,0.783587690768076,0.725578486554096,0.641891891891892,0.707317073170732,0.70699361941699,0.871653740305229,0.805336339721909,0.806104578433825,0.968980612883052,0.798098573930448,0.741774052295759,0.788815213311648,0.710960960960961,0.726624108148704,0.597448086064548,0.798146756824443,0.612459344508381,0.775497434613941,0.736302226670002,0.663955961466283,0.882338215045688,0.721506318028275,0.853188024552173,0.814360770577933,0.705992743650694,0.703564727954972,0.723223223223223,0.693058161350844,0.795519959954949,0.798523338756101,0.71149756036532,0.722256974852996,0.875093867334168,0.701088997371386,0.859073842302879,0.750750750750751,0.711247341423746,0.705028771578684,0.89068167604753,0.699312070043777,0.79459594696022,0.819136960600375,0.745277117477793,0.779501939682142,0.696120150187735,0.530780780780781,0.690479169273114,0.787958442858931,0.732833020637899,0.877893156511948,0.698547821732599,0.72744337379552,0.874342928660826,0.705816135084428,0.705315822388993,0.940963101938712,0.787340505379034,0.611006879299562,0.734852278417626,0.726829268292683,0.707030272704528,0.761040910796947,0.965728580362727,0.872841051314143,0.803787436389422,0.731197597296959,0.837255883825739,0.747091932457786,0.687187187187187,0.773023023023023,0.778306017765545,0.958474046278924,0.731548661496122
"Padme_17",0.992483086945628,0.916562265096467,0.997233400402414,0.948357984457257,0.994485524501817,0.916499498495487,0.955650212979203,0.910492666415946,0,0.996492107241293,0.930083949379777,0.995487025197443,0.99473750156622,0.995739882220273,0.994485524501817,0.991964846202134,0.98019801980198,0.992480260684296,0.910526315789474,0.995239288398898,0.930075187969925,0.991211550533584,0.994236311239193,0.994484141907986,0.995235707121364,0.995990979704335,0.974188698158126,0.995239288398898,0.994986840456198,0.904678289226138,0.964903484582602,0.994485524501817,0.987720836987846,0.974689888485152,0.994988096729733,0.90503633174643,0.955366098294885,0.980945217500313,0.896266599849662,0.996492107241293,0.904284640440992,0.910537526625736,0.996241543472814,0.995488156410578,0.932071688181476,0.905501942599323,0.9593934076952,0.996491667710813,0.984206568062171,0.994986840456198,0.905501942599323,0.952888109259491,0.996741854636591,0.9734335839599,0.897956625297731,0.91305437233776,0.99473750156622,0.995319682407021,0.904523242701416,0.995990979704335,0.994985583552714,0.995739348370927,0.895726281488908,0.994236311239193,0.972928938463467,0.962406015037594,0.993984208547437,0.990939977349943,0.997494362315209,0.971664994984955,0.994734202607824,0.976621858562244,0.991220368744513,0.996491228070175,0.994987468671679,0.990225563909774,0.996492107241293,0.963144039112448,0.992983335421626,0.993984208547437,0.99699285803784,0.98922305764411,0.98720040155603,0.968154463390171,0.996993234778251,0.905513784461153,0.996241543472814,0.973938102994612,0.996241543472814,0.995988969666583,0.996491228070175,0.990477383786493,0.991980954767573,0.994736842105263,0.996993234778251,0.9929798169738,0.99398571607568,0.99448759709346,0.925554580774533,0.995239288398898,0.895989974937343,0.996742262874327,0.992220828105395,0.995739882220273,0.996742671009772,0.992983335421626,0.994235588972431,0.97593984962406,0.994986840456198,0.991223671013039,0.896754792632502,0.975918725699235,0.896253602305475,0.993482075708198,0.994988096729733,0.896491228070175,0.985205616850552,0.981954887218045,0.985445420326223,0.996491667710813,0.99749373433584,0.993485342019544,0.995488156410578,0.968428965171636,0.958134870894961,0.996991727249937,0.993483709273183,0.955137844611529,0.954619531152062,0.987963891675025,0.964146922401905,0.993232234615867,0.997243107769424,0.996742262874327,0.996742671009772,0.996742671009772,0.976694649793259,0.996993234778251,0.979699248120301,0.993231386312359,0.993230537796164,0.889459832059155,0.97468671679198,0.993229689067202,0.995489852167377,0.996992481203008,0.994984326018809,0.995738280270745,0.993982700263257,0.996993234778251,0.996492107241293,0.996492107241293,0.990477383786493,0.895514908544225,0.881379310344828,0.996742671009772,0.985214885352713,0.993233082706767,0.995990979704335,0.9929798169738,0.997995657257391,0.994986212083229,0.992978056426332,0.987221247807567,0.785186113548064,0.936583531770899,0.994736842105263,0.996241543472814,0.996742262874327
"Wolverine_17",0.46125,0.38675,0.858218318695107,0.587543771885943,0.419032137051394,0.571928946710032,0.346,0.717823639774859,0.996492107241293,0,0.704463057882235,0.506941838649156,0.481435179397425,0.429428678584823,0.418782043266225,0.580859326067894,0.549581092909841,0.365512067025134,0.696674168542135,0.18775,0.492623155788947,0.522986345985219,0.456182022752844,0.331081926203877,0.593194896172129,0.51525,0.621202650331291,0.5445,0.288483181192947,0.624327368289325,0.590545272636318,0.589596098536951,0.446430803850481,0.54544318039755,0.491436429553694,0.53675,0.430823117338003,0.532457786116323,0.51175,0.86525,0.76175,0.588448556069509,0.70225,0.228210578967113,0.44754282856071,0.570088783293735,0.477053895210704,0.548693586698337,0.49399699849925,0.459047142678504,0.56333625109416,0.482435304413052,0.546636659164791,0.496874218554639,0.644027517198249,0.50875,0.474184273034129,0.560377201034799,0.504938117264658,0.809,0.402126328955597,0.150787696924231,0.539077153932725,0.655956994624328,0.511566837564086,0.471117779444861,0.620607727897962,0.605775266792216,0.40825,0.573680260195146,0.391793845384038,0.570654439349729,0.86659992491553,0.648662165541385,0.659164791197799,0.632658164541135,0.6,0.501938711694809,0.51318914864358,0.566587470301363,0.445680710088761,0.581395348837209,0.469387755102041,0.745308981736302,0.633,0.554388597149287,0.77575,0.469933741717715,0.65075,0.672336168084042,0.630907726931733,0.470433804225528,0.481435179397425,0.414603650912728,0.58475,0.604502814258912,0.629453681710214,0.4945,0.499062148305615,0.3795,0.697674418604651,0.739717464683085,0.595643465197797,0.522940367545943,0.9005,0.541942742842855,0.490872718179545,0.54688672168042,0.428785794673002,0.478108581436077,0.611951493936742,0.604555124515079,0.516189523690461,0.525512756378189,0.571696462057757,0.609402350587647,0.591943957968476,0.359589897474369,0.77891837756635,0.549693711713964,0.481370342585646,0.40825,0.444541703138677,0.35425,0.619809904952476,0.630815407703852,0.448862215553888,0.579644911227807,0.618261413383365,0.408556417312985,0.730331457160725,0.56333625109416,0.421605401350338,0.407925990748844,0.741,0.411,0.619452431553944,0.6125,0.585646411602901,0.52776388194097,0.570731707317073,0.849693635113167,0.351087771942986,0.591193395046285,0.47325,0.641910477619405,0.510321531339922,0.516508254127064,0.680300187617261,0.43425,0.528,0.80775,0.577447180897612,0.6375,0.590641811585137,0.49625,0.499687460932617,0.518629657414354,0.885,0.649781113195747,0.472981987991995,0.4072036018009,0.484298761416239,0.622,0.578341878204327,0.681380517694135,0.45536384096024,0.826,0.4656832104013
"Buddy_18",0.700462557819727,0.631453931741468,0.937256870372694,0.709818636647905,0.715107553776888,0.764543975978982,0.624953119139892,0.772579434575932,0.930083949379777,0.704463057882235,0,0.708031023267451,0.76419104776194,0.803700925231308,0.755627813906953,0.823853670759208,0.572286143071536,0.674337168584292,0.762160810303864,0.704713089136142,0.714642991121671,0.789526434477575,0.755438859714929,0.702777082812109,0.830851995496059,0.739967495936992,0.833708427106777,0.862482810351294,0.693846923461731,0.799249061326658,0.781113195747342,0.661330665332666,0.721930482620655,0.748687171792948,0.445111277819455,0.75546943367921,0.687226323032654,0.787840880660495,0.683710463807976,0.337167145893237,0.826228278534817,0.779194798699675,0.502437804725591,0.706353176588294,0.677588794397199,0.75887943971986,0.526513256628314,0.530632658164541,0.756347717323327,0.713856928464232,0.752126063031516,0.743935983995999,0.779417281480555,0.725397023883956,0.577182887165374,0.702712839104888,0.795948987246812,0.795359706226006,0.716679169792448,0.339667458432304,0.722541906429822,0.70163811429286,0.708104052026013,0.37534383595899,0.682341170585293,0.670626484931849,0.533266633316658,0.841285786037167,0.69796224528066,0.769047916927311,0.694983110221444,0.729364682341171,0.738423028785982,0.630611479304739,0.815680880330124,0.459797424034013,0.584948118514814,0.770577933450088,0.566141535383846,0.841670835417709,0.700925231307827,0.872952357133925,0.827197595792637,0.859877392718629,0.647205900737592,0.770163811429286,0.325165645705713,0.7024256064016,0.576447055881985,0.670544090056285,0.836438664499187,0.794198549637409,0.779194798699675,0.689883706389896,0.661707713464183,0.744808606454841,0.334833708427107,0.771471433929241,0.644072036018009,0.679709963745468,0.454795548330624,0.274318579644911,0.713033679729561,0.830457614403601,0.348668583572947,0.84221055263816,0.798674502938602,0.831686882580968,0.732616308154077,0.753284123608157,0.731182795698925,0.775719649561952,0.734933733433358,0.80187617260788,0.73918479619905,0.606102288358134,0.869385712498436,0.681380517694135,0.806685864529861,0.83295823955989,0.718394397899212,0.714714339292412,0.723611805902951,0.655206900862608,0.805878674171357,0.777110694183865,0.752407152682256,0.404026509941228,0.855391543657743,0.694232453396722,0.665999499624718,0.735617808904452,0.685382018256846,0.694673668417104,0.305913239154894,0.677459682460308,0.810702675668917,0.763720465058132,0.796423658872077,0.834646654158849,0.743557668251188,0.858429214607304,0.672127047642866,0.78506192918804,0.777222152769096,0.840690258847068,0.695695695695696,0.474421513445904,0.847135351513635,0.692961620202525,0.679209901237655,0.323415426928366,0.824956239059765,0.80222527815977,0.660910910910911,0.781222652831604,0.746186546636659,0.823433787670376,0.339667458432304,0.89942456842632,0.786339754816112,0.697560975609756,0.852352352352352,0.778222277784723,0.73311655827914,0.599049524762381,0.809178441915718,0.325665708213527,0.679419854963741
"Ginger_18",0.448905565978737,0.441651031894934,0.694413057124922,0.346014266049305,0.381881881881882,0.440731005132057,0.430393996247655,0.709887359198999,0.995487025197443,0.506941838649156,0.708031023267451,0,0.327745809357018,0.336002001501126,0.430680680680681,0.549009776886438,0.377627627627628,0.284784784784785,0.630676842236957,0.442901813633521,0.314400100087577,0.374028578591126,0.338253690267701,0.458322903629537,0.264739016147202,0.39161976235147,0.507630723042282,0.436397748592871,0.436686686686687,0.463060355622339,0.535227130521837,0.388638638638639,0.274956217162872,0.418814110582937,0.499874906179635,0.360100062539087,0.322067843284516,0.355444305381727,0.436397748592871,0.81588492808005,0.751844903064415,0.311233425068802,0.430644152595372,0.455205205205205,0.407907907907908,0.511261261261261,0.324074074074074,0.304978734050538,0.3340007508447,0.454204204204204,0.428928928928929,0.33775331498624,0.267859376954835,0.278618791442512,0.457822277847309,0.250781738586617,0.344008006004503,0.482217398564034,0.409306980235176,0.682301438398999,0.400750938673342,0.513574377580383,0.411661661661662,0.615461596197148,0.284284284284284,0.398974102339547,0.459209209209209,0.609798994974874,0.368105065666041,0.477281261734885,0.438227562898986,0.415179316096747,0.762334084648134,0.368447391467534,0.363943450519204,0.514575253346678,0.319574734208881,0.383729662077597,0.460845634225669,0.547297297297297,0.383037277958469,0.548354810459152,0.53545477323979,0.754412316935787,0.40462789243277,0.459527086200425,0.777110694183865,0.39729797348011,0.510444027517198,0.381804530096358,0.363443012636057,0.420565424068051,0.482111583687766,0.410734392593519,0.304315196998124,0.383979974968711,0.550913184888666,0.418886804252658,0.454454454454454,0.381363352095059,0.647691730263981,0.644733550162622,0.447325566829513,0.401300975731799,0.891932457786116,0.409807355516637,0.350681846615789,0.420993369198048,0.394894894894895,0.399173864063087,0.452339254440831,0.329326321061858,0.353264948711534,0.320735827806282,0.365023767825869,0.513324158638809,0.492552259356615,0.51207306393094,0.769760741575849,0.446334751063297,0.405980232703616,0.223014383989994,0.396396396396396,0.34859287054409,0.453885621323989,0.319484419972469,0.233579381959214,0.512573501814087,0.522903629536921,0.356615346100889,0.552941176470588,0.448448448448448,0.321406230451645,0.30147610708031,0.693058161350844,0.339587242026266,0.426319739804854,0.389368355222014,0.283122732390842,0.315229633337505,0.293116395494368,0.846596596596597,0.47529087951958,0.33533608711979,0.349843652282677,0.467033654447642,0.311467200801202,0.384557627330747,0.395744680851064,0.230769230769231,0.309818636647905,0.762351469668543,0.358518889166875,0.490181363352095,0.389584376564847,0.391119449656035,0.329747310482862,0.321906668334793,0.880425265791119,0.460075093867334,0.423375323266872,0.359779752221249,0.507260891337005,0.484928080050031,0.483983983983984,0.638888888888889,0.445014387589141,0.808630393996248,0.226419814861146
"Hamlet_18",0.368171021377672,0.445930741342668,0.828334797339691,0.454909318323952,0.309154577288644,0.479794820467909,0.415176897112139,0.731548661496122,0.99473750156622,0.481435179397425,0.76419104776194,0.327745809357018,0,0.172043010752688,0.355927963981991,0.535705337008269,0.400950475237619,0.318909454727364,0.705139427285232,0.373171646455807,0.362010754032762,0.338010523678276,0.150537634408602,0.419564673505129,0.251845364694107,0.388673584198025,0.329082270567642,0.176147018377297,0.4072036018009,0.490863579474343,0.448905565978737,0.513506753376688,0.200550137534384,0.447361840460115,0.617654413603401,0.398924865608201,0.26360565494808,0.424318238679009,0.458182272784098,0.812226528316039,0.731216402050256,0.290072518129532,0.503687960995124,0.452976488244122,0.338919459729865,0.503251625812907,0.350925462731366,0.420605151287822,0.152220137585991,0.415957978989495,0.461230615307654,0.410852713178295,0.312742278354383,0.310741528073027,0.56617463097323,0.348918614826853,0.190297574393598,0.42847604740444,0.445611402850713,0.634204275534442,0.344758568926695,0.493810178817056,0.496748374187094,0.586896724181045,0.445722861430715,0.332999874953107,0.470985492746373,0.61225514816675,0.506438304788098,0.496309270611785,0.425997748029526,0.44072036018009,0.862828535669587,0.490558959609854,0.433287482806052,0.569588595723396,0.457432179022378,0.463097322992244,0.514378594648662,0.447223611805903,0.50562640660165,0.428535700887833,0.520410718757826,0.713499311897911,0.511938992374047,0.530323871451794,0.739467433429179,0.37309327331833,0.614451806475809,0.517198248905566,0.447042640990371,0.306826706676669,0.429107276819205,0.467550331374265,0.393174146768346,0.559669752314236,0.605651412853213,0.452431553944243,0.563531765882942,0.476184523065383,0.637864199074653,0.720930232558139,0.464880430699887,0.456114028507127,0.887735966995875,0.227056764191048,0.362761035388271,0.226710016256096,0.347673836918459,0.354935568622545,0.45986496624156,0.380225281602003,0.446111527881971,0.369606003752345,0.458364591147787,0.530073777666625,0.359439509570875,0.476553707640365,0.762363841242018,0.487121780445111,0.515068150556459,0.282660332541568,0.384692346173087,0.411676459557445,0.47567229518449,0.441400875547217,0.277979242215831,0.532574715518319,0.362521891418564,0.35143250344051,0.590943207405554,0.50600300150075,0.382268350631487,0.415353838459615,0.679209901237655,0.3951743967996,0.463115778944736,0.488186023252907,0.321495560835313,0.315822388993121,0.44733550162622,0.818909454727364,0.51456796298612,0.420743150256474,0.421677709713714,0.563836438664499,0.519269269269269,0.426641651031895,0.387790843132349,0.370921365170646,0.403175396924616,0.750968871108889,0.324581145286322,0.522190273784223,0.443693693693694,0.422427803475434,0.162790697674419,0.284981868200575,0.874234279284911,0.541906429822367,0.461596197147861,0.302063789868668,0.435685685685686,0.608951118889861,0.41695847923962,0.680840420210105,0.388020507690384,0.791223902987873,0.394348587146787
