"","JarJarBinks_15","Kubo_15","Buddy_16","Buddy_17","Iris_17","Ivy_17","Kubo_17","Lambchop_17","Padme_17","Wolverine_17","Buddy_18","Ginger_18","Hamlet_18","Hera_18","Iris_18","Ivy_18","JarJarBinks_18","Kubo_18","Lambchop_18","Wolverine_18","Franc_19","Ivy_19","Ophelia_19","Wolverine_19","Ginger_20","Goose_20","Hamlet_20","Hera_20","Iris_20","Korra_20","Ophelia_20","Buddy_21","Hamlet_21","JarJarBinks_21","Joans_21","Korra_21","Kubo_21","Franc_22","Goose_22","Grogu_22","Hamlet_22","Henry_22","Hera_22","Iris_22","Joans_22","Kubo_22","Marshmallow_22","Hamlet_23","Iris_23","Korra_23","Franc_24","Ginger_24","Henry_24","Hera_24","Ivy_24","Kubo_24","Marshmallow_24","Ophelia_24","Wolverine_24","Henry_25","Kubo_25","Ophelia_43","Buddy_44","Franc_44","Ginger_44","Goose_44","Iris_44","Ivy_44","JarJarBinks_44","Joans_44","Lambchop_44","Marshmallow_44","Buddy_45","Franc_45","Grogu_45","Hamlet_45","Henry_45","Hera_45","Ivy_45","JarJarBinks_45","Joans_45","Korra_45","Marshmallow_45","Ophelia_45","Buddy_46","Charles_46","Goose_46","Hamlet_46","Iris_46","Ivy_46","Joans_46","Lambchop_46","Marshmallow_46","Franc_47","Ginger_47","Ivy_47","Marshmallow_47","Buddy_48","Charles_48","Franc_48","Grogu_48","Hamlet_48","Hera_48","Iris_48","Ivy_48","JarJarBinks_48","Joans_48","Korra_48","Kubo_48","Lambchop_48","Marshmallow_48","Ophelia_48","Wolverine_48","Charles_49","Franc_49","Ginger_49","Henry_49","Iris_49","Ivy_49","JarJarBinks_49","Joans_49","Kubo_49","Marshmallow_49","Ophelia_49","Wolverine_49","Buddy_50","Charles_50","Franc_50","Ginger_50","Grogu_50","Ivy_50","JarJarBinks_50","Joans_50","Korra_50","Kubo_50","Lambchop_50","Ophelia_50","Wolverine_50","Charles_51","Franc_51","Joans_51","Lambchop_51","Buddy_52","Charles_52","Ginger_52","Goose_52","Grogu_52","JarJarBinks_52","Kubo_52","Marshmallow_52","Franc_53","Hera_53","Kubo_53","Marshmallow_53","Charles_55","Ginger_55","Iris_55","Ivy_55","Lambchop_55","Ophelia_55","Buddy_56","Franc_56","Grogu_56","Joans_56"
"JarJarBinks_15",0,0.328517448321849,0.844969886236895,0.54876014678083,0.380460153384461,0.54290795909293,0.368011559408692,0.762572318647085,0.991755793226381,0.462872387727879,0.700755891507337,0.449571889247192,0.367496665184526,0.407358008224964,0.420409070698088,0.525272767757738,0.500611450806003,0.353346675561485,0.772095608671484,0.363191820404534,0.443654145365637,0.44293357111012,0.372971771504779,0.387301234293339,0.48137440231291,0.471157052350784,0.471601644992775,0.459819939979993,0.384991662034464,0.556618464961068,0.400333518621456,0.534919928825623,0.324366385060027,0.5405135045015,0.541847282427476,0.50161164832722,0.396062729396063,0.494329553035357,0.499388685117261,0.809513225161147,0.701612006670372,0.500722463043237,0.61676114260309,0.455798954742578,0.345046147003225,0.424188528234771,0.519173057685895,0.389148321102958,0.43390772651473,0.513783903957314,0.435811937312438,0.513783903957314,0.452322738386308,0.404245859731021,0.521881026553924,0.486940091141492,0.691264725494554,0.220727232291783,0.444197421076034,0.518674966651845,0.599777654252362,0.199866607381058,0.541967759866593,0.594015185350603,0.513561582925745,0.569538632573652,0.378658061644598,0.570179338965466,0.869603916332888,0.58541736134267,0.595820364606492,0.620275678079146,0.534118693042898,0.534542218266771,0.572524174724908,0.489049471928849,0.50916972324108,0.469750889679715,0.548186067215669,0.656621816968753,0.580795732384974,0.597376611827479,0.7541675927984,0.272787905735883,0.624986106479938,0.607516121859017,0.599555308504725,0.42380793597866,0.437590307880405,0.456910930723896,0.52700600133363,0.546070912526398,0.656958648288128,0.508557457212714,0.58011786945402,0.450544565458991,0.65692051139522,0.717429968875056,0.464722902292455,0.549082823790995,0.887308290731274,0.413804601533845,0.406625166740774,0.402556976097832,0.433274021352313,0.542685638061361,0.534728406055209,0.493662441627752,0.488273869067467,0.555629654329221,0.595997776542524,0.446964643095397,0.426125625347415,0.741202672605791,0.562277580071174,0.531517509727626,0.421965317919075,0.434956637758506,0.39119804400978,0.557211164238852,0.589948854792084,0.430953969312875,0.573365940417964,0.47230255839822,0.369859968881974,0.625708884688091,0.575447570332481,0.432477492497499,0.438034900522396,0.700344559297544,0.422316070237831,0.589772095608671,0.565236719270949,0.532681191640729,0.500500389191593,0.54954954954955,0.783435241801001,0.472595886603669,0.523364485981308,0.491608313882405,0.627529464087169,0.53197642086531,0.464754280631532,0.560324696986545,0.437652811735941,0.504778839742165,0.755723494109802,0.535622985439591,0.534340964658813,0.537657136500167,0.509891086908202,0.360898077136823,0.442010452574224,0.875527895087797,0.606714095153401,0.58585409252669,0.35408560311284,0.528142380422692,0.615692376083574,0.385984427141268,0.659328441183011,0.453635757171448,0.790620137808402,0.429873305178929
"Kubo_15",0.328517448321849,0,0.859723461195361,0.461700944969427,0.429047671963551,0.486330295621249,0.239471052339149,0.654505005561735,0.9166852305636,0.387419426539231,0.631695932429429,0.442801556420233,0.445876861524783,0.459717746416268,0.47299399866637,0.540961709706144,0.49783261087029,0.316140506891952,0.627875958652884,0.34,0.417555555555556,0.484733675061288,0.447333333333333,0.338076709282935,0.528627015008338,0.502611401266807,0.5330592288032,0.537504167129681,0.339779926642214,0.463967971530249,0.453817939313104,0.482766288636869,0.382751722605023,0.539282142460273,0.465718413157017,0.412156906322925,0.320137885021684,0.465984882169853,0.429269918879876,0.821333333333333,0.637879293097699,0.490832314701634,0.632403600400044,0.387215119510839,0.281378543635353,0.346965992442765,0.494166018446494,0.404179635393508,0.468267200177837,0.408312958435208,0.411267918657629,0.523894198710825,0.410888888888889,0.484609401044561,0.528923168199347,0.336370707856428,0.735111111111111,0.339633129516398,0.387641698155146,0.448544120915759,0.595198399466489,0.31851522560569,0.547849283094365,0.594329091315026,0.456990442320516,0.488940758030455,0.378351318277895,0.524303497332543,0.86273637374861,0.56772974774975,0.54278728606357,0.554789953322961,0.518222222222222,0.503725948170393,0.49505500611179,0.552517505835278,0.467940882320258,0.530353569046031,0.52225189141077,0.684936075597554,0.583111111111111,0.52078239608802,0.756,0.316737052678373,0.627291921324592,0.570698088039128,0.620984772702012,0.491054561617958,0.47083009223247,0.394552529182879,0.526666666666667,0.487498610956773,0.625916870415648,0.504444444444444,0.44680377987771,0.393333333333333,0.5729687673669,0.68770837963992,0.493324432576769,0.555851950650217,0.882444444444444,0.50772308034226,0.482773949766615,0.419362009558742,0.463420057816322,0.481440320071127,0.548186067215669,0.395953757225434,0.462162462495833,0.498833203689299,0.47404690452373,0.555802578923966,0.394020228965211,0.745936317078602,0.576606626639982,0.476269867733689,0.393865303400756,0.465762561138284,0.270888888888889,0.535964424680378,0.574255224544242,0.436860827034237,0.506112469437653,0.552935943060498,0.389555555555556,0.602223457476376,0.55508615897721,0.39482164684965,0.373485942882542,0.686854094899433,0.384222222222222,0.570745804156941,0.573777777777778,0.5174483218493,0.497498610339077,0.48671188702324,0.719017450261198,0.368900744692675,0.545717463848721,0.494832759195466,0.636060471320587,0.452240631602357,0.457314361938639,0.587548638132296,0.443333333333333,0.493333333333333,0.754444444444444,0.555728414268252,0.494,0.47436325214103,0.525333333333333,0.417046338482054,0.468593663146192,0.869777777777778,0.614803289619915,0.535063009636768,0.392686451039235,0.574733096085409,0.595333333333333,0.379670818505338,0.552245442418853,0.459315251222766,0.8,0.369111111111111
"Buddy_16",0.844969886236895,0.859723461195361,0,0.768157982818253,0.882903981264637,0.61655141646219,0.82067581130813,0.94418396963608,0.997093673150011,0.85701539147892,0.937541824670979,0.694968202610733,0.828016952933304,0.807962529274005,0.859469105509703,0.853440571939232,0.741885108756274,0.775323516287372,0.910764082543224,0.865298840321142,0.733050847457627,0.858868262133751,0.757136485280999,0.867455093160772,0.700769831529622,0.784989405598305,0.857700457232073,0.828036132485781,0.872169548243168,0.760491071428571,0.815281650864473,0.734657442535148,0.817979031898282,0.749972119995539,0.842310694769711,0.76603100256496,0.826135475951345,0.665327978580991,0.768707482993197,0.924397859054416,0.869715560513107,0.706702353072376,0.756217240994759,0.873703001227268,0.836215552828294,0.817979031898282,0.775398684063789,0.835787594823739,0.884662576687117,0.80147222841847,0.687074829931973,0.61320544278385,0.700044603033006,0.8064012490242,0.88135593220339,0.778521244563399,0.911239964317574,0.798951244003124,0.863707338835601,0.697300914566139,0.815281650864473,0.836047289761321,0.80234244283324,0.832399731122563,0.778942672317644,0.861238148354713,0.83141676900748,0.797682709447415,0.321277070774727,0.708263633322181,0.623466428730761,0.812848538924827,0.688447814451383,0.699296796517468,0.822906211664994,0.687451199107641,0.799710047953608,0.788663244811426,0.828271549799017,0.895124400312395,0.61128456735058,0.525094802587553,0.879348795718109,0.82578630381441,0.665439946470391,0.63409192324855,0.618962632459565,0.684621389539422,0.833612133377941,0.850942764699319,0.687109723461195,0.536745845879335,0.837162614320767,0.787020517395183,0.841347763025773,0.813113291703836,0.827774679308422,0.845862145884452,0.894595801697186,0.706190741773564,0.914139161462979,0.798817887810862,0.81887129154584,0.854768544339096,0.847132336532024,0.746821325005577,0.730399821308912,0.688755020080321,0.728783316605331,0.794803167168507,0.854099274958171,0.803882195448461,0.839152258784161,0.939664804469274,0.743807185896005,0.841606246514222,0.79790318982824,0.85809906291834,0.841882247992863,0.746067165011715,0.676706827309237,0.714190093708166,0.847869730091457,0.785491071428571,0.818465655664585,0.849380787682696,0.82416601584291,0.813315490130478,0.817107170737147,0.89204862272778,0.828724353256021,0.756832124930284,0.531668153434434,0.623243363818871,0.747406002454535,0.636870884945877,0.91611823759063,0.851868377021751,0.712882339807993,0.737258837961414,0.555555555555556,0.683294275192501,0.810575635876841,0.63003458663394,0.752230151650312,0.73907225691347,0.88135593220339,0.771160923385748,0.672836752899197,0.707556646947204,0.789919714540589,0.842533734805398,0.800513221019748,0.928189116859946,0.726968547847424,0.787041165106257,0.865030674846626,0.821875,0.524977698483497,0.84375,0.86925479696564,0.825524319500223,0.901204281891169,0.735504014272971
"Buddy_17",0.54876014678083,0.461700944969427,0.768157982818253,0,0.458972648432288,0.417769376181474,0.507671781187458,0.733333333333333,0.948289312381589,0.586344934949405,0.709774268875792,0.345939933259177,0.453797397976204,0.42761841227485,0.452018236406094,0.464751085867023,0.385898576512456,0.415192970748526,0.629448398576512,0.505058365758755,0.324291272929405,0.374066228119077,0.460811561978877,0.500111234705228,0.409343715239155,0.419168334445186,0.547920836112964,0.502112519457416,0.497775800711744,0.489039724045844,0.549154804270463,0.266659250194682,0.452240631602357,0.376695574827663,0.557038025350234,0.363575717144763,0.38785046728972,0.39161383605828,0.41583277740716,0.805892162312396,0.747998220640569,0.366911274182789,0.464309539693129,0.540600667408231,0.47119021134594,0.419548537751585,0.362463864798755,0.374930486041597,0.518238434163701,0.455576559546314,0.324438514565266,0.383520515956855,0.302279043913285,0.442294863242161,0.516729727724609,0.438736935734934,0.665814341300723,0.531256952169077,0.609474035360836,0.465806738574447,0.631005338078292,0.472033804069832,0.451512455516014,0.559924047805205,0.483375959079284,0.463078291814947,0.510908281389136,0.49077162552813,0.782303839732888,0.451412052479431,0.442455242966752,0.537417991771378,0.404780433574208,0.369908746939684,0.527462752946409,0.567393238434164,0.487880809428508,0.571031260429414,0.539352109540243,0.769966629588432,0.451250694830461,0.49027021016346,0.746303501945525,0.530301345490937,0.560373582388259,0.472583694805917,0.437722419928826,0.464309539693129,0.466533244385146,0.496329254727475,0.389216231239578,0.449633088725817,0.560991882575336,0.399221789883269,0.515684093437152,0.46147859922179,0.585409252669039,0.647726009118203,0.544250250473116,0.395685053380783,0.872373540856031,0.467867467200356,0.462026020237963,0.466859430604982,0.429524974969407,0.416212609807628,0.361986415766618,0.38427316205094,0.367356015121192,0.386035134534134,0.483318505338078,0.537315092870648,0.561832740213523,0.766960008911663,0.421960173545444,0.504448398576512,0.39975536528411,0.46924702480258,0.429238465814341,0.416907675194661,0.392058725392059,0.333555778000222,0.499388413210275,0.533993546233448,0.441689827682046,0.525472747497219,0.510122358175751,0.415165665999555,0.408939292861908,0.663998221036246,0.427682045580878,0.406138790035587,0.446136742634797,0.390192371844768,0.376418242491657,0.390298175344904,0.813612099644128,0.556272241992883,0.363383416805787,0.364242828552368,0.522188855522189,0.451490876724522,0.440774107440774,0.452947719688543,0.3467481934408,0.381211784324625,0.7467481934408,0.39337336001779,0.500166759310728,0.372802136657022,0.404113396331295,0.457193684678675,0.365294771968854,0.854585881045025,0.474035360836206,0.539191694475343,0.433051601423488,0.471458773784355,0.510172317954419,0.503505062868588,0.636525414303192,0.466577688799911,0.801889938854919,0.388326848249027
"Iris_17",0.380460153384461,0.429047671963551,0.882903981264637,0.458972648432288,0,0.45781927309103,0.414758835296733,0.747024140616309,0.994430210538042,0.420473491163721,0.71457152384128,0.3815877251501,0.309769923307769,0.338075127806179,0.160386795598533,0.491483914059891,0.44619831036016,0.315842134519177,0.69341929746554,0.308145349483276,0.324591621291255,0.332887551543519,0.367485276141794,0.221703357794085,0.461641094062708,0.382973994220938,0.496554789953323,0.406757057123805,0.23121387283237,0.525525525525526,0.540017785682526,0.537862782163905,0.32488607313549,0.455212269393198,0.543009557679484,0.434763280729051,0.334741992882562,0.395664257921067,0.439430984663259,0.832648072008001,0.787905735882614,0.430095576794843,0.518781951544788,0.278852568378919,0.440293529019346,0.374235856396577,0.456990442320516,0.35964424680378,0.237216540684749,0.504946093142159,0.383640809068682,0.410470156718906,0.398377597510835,0.356968215158924,0.435882222057406,0.46388086241387,0.664851650183354,0.392928619079386,0.438257196843392,0.564076914527065,0.638283681636283,0.351561631654996,0.488883948421521,0.60723456514458,0.42269645437368,0.487550022232103,0.249221183800623,0.434901815487218,0.879630659695183,0.488997555012225,0.526731132599755,0.578526175391797,0.473941549061007,0.399555061179088,0.523005112247166,0.58048021342819,0.436763725272283,0.55053930835094,0.53332591521086,0.76050700466978,0.499944438270919,0.565188396132044,0.758639848872097,0.43136601089252,0.609246499222049,0.538854919399666,0.470875944864384,0.452100466770393,0.296288064014225,0.403157660662664,0.430825647294144,0.567903978661925,0.638101589418695,0.396377375263918,0.499888814765399,0.431047894210468,0.662738995108937,0.734355896409914,0.389117614331813,0.387727879057359,0.89976664073786,0.391864858857524,0.399133044348116,0.205202312138728,0.3341487823863,0.51406024230299,0.393433500278242,0.481267370761534,0.414981106912647,0.450544565458991,0.517341040462428,0.474374652584769,0.372610048910627,0.765950339605835,0.409540753919715,0.449755446865273,0.272868734022452,0.248471372984992,0.366151794643849,0.489215032243718,0.431461923290717,0.347415230683713,0.563632321885073,0.488154821488155,0.293032559173241,0.608405603735824,0.48810317989771,0.26161369193154,0.351411424761058,0.695265614581018,0.279475497277475,0.477323254779902,0.492388043115902,0.451594976103145,0.393595730486991,0.458185053380783,0.842819030680302,0.480435749221876,0.414395372121482,0.337408312958435,0.537298499166203,0.463078291814947,0.428571428571429,0.463864798754725,0.315923991554617,0.419268807645294,0.77864207134126,0.394309846632585,0.557728636515168,0.488765294771969,0.333259251027892,0.340742387197155,0.373804758728041,0.882875875097233,0.548738468378348,0.473052116539402,0.152956869719875,0.407852296741186,0.611956884098233,0.500389278167056,0.699833240689272,0.387437465258477,0.820424491610179,0.360373374819424
"Ivy_17",0.54290795909293,0.486330295621249,0.61655141646219,0.417769376181474,0.45781927309103,0,0.485606313215516,0.672007120605251,0.916889483065954,0.572032014228546,0.765006669630947,0.442232847770488,0.480435749221876,0.460264532621985,0.461983103601601,0.583166332665331,0.396553640911618,0.474538581276406,0.611339633129516,0.497443876416982,0.196265836852634,0.48372715113687,0.513225161146922,0.474035360836206,0.423329256088068,0.393797932644215,0.584750472379682,0.5027231299322,0.43123957754308,0.379532814238042,0.55508615897721,0.463523131672598,0.501778568252557,0.39513171057019,0.583638990774703,0.286206513282205,0.44922700478256,0.20925061151879,0.297321329332,0.826850411202489,0.689827682045581,0.343558964099144,0.484717127931533,0.480262426331591,0.475147336817525,0.500444642063139,0.435811937312438,0.480764954414054,0.44591439688716,0.330369052912406,0.230410136712237,0.285460204535349,0.31518115136697,0.468044903856841,0.61504227859368,0.3351117039013,0.729717715047788,0.556766373846325,0.576700755891507,0.406625166740774,0.619121734296832,0.516451756336149,0.516842690383546,0.622152746761947,0.497332147621165,0.454808226792663,0.462557026816513,0.479324144064028,0.640409434801958,0.410692453039902,0.354379724321921,0.517785682525567,0.405867970660147,0.239959951051285,0.556518839613204,0.56976097832129,0.494720462376348,0.55894128113879,0.526819496995326,0.743800733904148,0.330517892865081,0.282125389061805,0.73171815959102,0.536016007114273,0.466711125930866,0.373137647320436,0.383879933296276,0.470712459708792,0.450483494498166,0.526743022350717,0.368081795954657,0.370456818939647,0.55935971542908,0.369637697266059,0.526743022350717,0.530784618804179,0.493496386881601,0.661849710982659,0.669040730024482,0.308060033351862,0.893087352745054,0.471379348671779,0.465984882169853,0.412784880489161,0.479537366548043,0.333036905291241,0.41073018699911,0.302201467645097,0.409580971434923,0.442258530621318,0.412117843246248,0.595063375583722,0.499277376320178,0.81380846325167,0.349421708185053,0.527070594774875,0.459537572254335,0.413609072715143,0.493220715714603,0.411764705882353,0.338670224594174,0.358683566822326,0.481769675411294,0.586651835372636,0.442765058901978,0.595685533192483,0.566996552874458,0.383350005557408,0.448705123930199,0.671446037568078,0.386085796843743,0.444135630906059,0.311847077128251,0.32281013783904,0.397531413321472,0.336225114002892,0.73763201778766,0.558643690939411,0.431909212283044,0.307324663776814,0.358683566822326,0.367144922700478,0.469646430953969,0.432669854331146,0.370749055345632,0.382973994220938,0.764836630362303,0.403134378126042,0.304734385418982,0.360329291356102,0.347855078906424,0.488273869067467,0.398420994106527,0.879751055790176,0.499333036905291,0.536625148279953,0.398332406892718,0.484315906562848,0.364525450100022,0.496329254727475,0.617745163442295,0.467867467200356,0.819737719493221,0.410980217826184
"Kubo_17",0.368011559408692,0.239471052339149,0.82067581130813,0.507671781187458,0.414758835296733,0.485606313215516,0,0.673378573812437,0.955218892725855,0.346448816272091,0.625208402800934,0.430953969312875,0.414249194175836,0.415647921760391,0.448927420251195,0.614160080151397,0.428190306803024,0.217342968315731,0.588039128501556,0.326814090454495,0.422824758306478,0.492477432296891,0.443049227691966,0.358905937291528,0.537247053591283,0.435652367192709,0.573016225827962,0.515225605690153,0.368163628279235,0.478812145478812,0.497332147621165,0.547203380406983,0.363343336667778,0.461213603022894,0.514781062458324,0.399644365414537,0.273798932384342,0.433240689271818,0.406534785507891,0.823091454606067,0.686749666518453,0.47966214714381,0.645921315847966,0.381365354680898,0.319546364242829,0.322663109925531,0.443654145365637,0.444135630906059,0.434415295686972,0.407135711903968,0.405201155812403,0.509614315883072,0.411490165573953,0.449877750611247,0.520136468145072,0.304067570571238,0.751305700633404,0.3684678674672,0.356452150716906,0.45026119817717,0.588706091596265,0.365121707235745,0.564028457092041,0.643853968962822,0.341336000889185,0.434415295686972,0.361148197596796,0.447795479807336,0.798420291467349,0.548121804845521,0.562743136601089,0.513393353340002,0.506167351927992,0.440711902113459,0.381195821293621,0.572032014228546,0.390086685930207,0.531413321472256,0.515299877600979,0.697576161885702,0.561951327925325,0.438701789485384,0.707300811201245,0.3351117039013,0.587019337630585,0.56976097832129,0.552467763450422,0.442765058901978,0.474327628361858,0.334889926617745,0.49505500611179,0.513002889531007,0.54918306102034,0.448160906767419,0.380475872804092,0.383931547949772,0.562694530902623,0.681893964654885,0.555135195282074,0.480880391285016,0.856650738970997,0.461213603022894,0.45515171723908,0.389728768341485,0.44823751806961,0.4540402356341,0.498497495826377,0.394107837687604,0.49499888864192,0.44809957768393,0.46754112939084,0.572873818788216,0.340818141396176,0.757042645585124,0.48315356388302,0.390173410404624,0.325552962098477,0.409894385769872,0.318146460717858,0.470758283299978,0.549082823790995,0.403224013340745,0.432255196176503,0.552886219552886,0.359928880986776,0.623971536579942,0.526128530131199,0.319182040453434,0.317848410757946,0.689708824183152,0.314368263140349,0.498221431747443,0.545282809201022,0.481160386795599,0.456081832332666,0.477313167259786,0.784348599377501,0.385060026678524,0.536989654021582,0.428761947099355,0.607115063924402,0.432384341637011,0.434574763757643,0.618857015788303,0.388598733192577,0.421046782975886,0.758417601955773,0.509002000444543,0.520168907656406,0.440711902113459,0.465273919324369,0.415870193376306,0.44474093840338,0.847094121569063,0.62920973657886,0.492178812365631,0.366385060026679,0.537537537537538,0.590398933214802,0.468579690801913,0.543301834352418,0.429460811561979,0.7808645405045,0.365040560062229
"Lambchop_17",0.762572318647085,0.654505005561735,0.94418396963608,0.733333333333333,0.747024140616309,0.672007120605251,0.673378573812437,0,0.909678858162355,0.71762349799733,0.772140631953716,0.709961046188091,0.731197151757899,0.741239292468573,0.74076546506453,0.844885223980388,0.755647045732725,0.705096817271311,0.417158117280516,0.741935483870968,0.635150166852058,0.773315484158858,0.735483870967742,0.735781858653311,0.794991652754591,0.730782066970742,0.840249193458672,0.825787073089331,0.725381106042061,0.684480071253618,0.78702570379437,0.76179875333927,0.718291054739653,0.769051062409612,0.805095116253198,0.611747691623095,0.674273627963932,0.739372356999777,0.591055734786962,0.972191323692992,0.785022810726605,0.743019245744799,0.859606185337635,0.726878130217028,0.662103505843072,0.68958611481976,0.706530203582156,0.701758290674382,0.745632580393902,0.552069425901202,0.706975191901213,0.740987983978638,0.637152391546162,0.752586494604517,0.803176488051061,0.615975080654133,0.949054505005562,0.748247078464107,0.729862038273253,0.540720961281709,0.854456437075776,0.744993324432577,0.849560476243463,0.878855610192222,0.706052514463729,0.727606542784021,0.727586590934402,0.778881803351624,0.967483296213808,0.822227166536878,0.789497107254117,0.805295950155763,0.755061179087875,0.740340719296292,0.696295472243854,0.841993991320797,0.706085215263099,0.840160284951024,0.79572287814658,0.88158041179744,0.818464961067853,0.724521584334668,0.924805339265851,0.744103248776146,0.884970519523863,0.824838637881148,0.873595193056637,0.757036377795083,0.757703860273668,0.699276572064552,0.777530589543938,0.735676938480365,0.783489096573209,0.725472747497219,0.641847523650529,0.707007786429366,0.707132524757984,0.871606586559858,0.805301848964135,0.805719372426839,0.969521690767519,0.797307820669707,0.788384512683578,0.710915767219317,0.72640249332146,0.597240765465065,0.798573975044563,0.612063209436902,0.775948381354989,0.737011903437535,0.663736508289752,0.882038726908524,0.721597863580728,0.853321444493981,0.814781834372217,0.706019806387003,0.703827325322652,0.72334742933452,0.692769744160178,0.795436839176405,0.798798130425106,0.711106165145782,0.721851357365376,0.874192830104654,0.701446051167964,0.859766277128548,0.750918196994992,0.711202580932251,0.705417732784514,0.890310379352542,0.69944382647386,0.79436964504284,0.819354838709677,0.744770805518469,0.77985531441291,0.695424691083157,0.530655391120507,0.690441749193279,0.788195991091314,0.733007008566025,0.87803249499221,0.698319047088946,0.726908524371244,0.874902615470228,0.705895439377086,0.70567296996663,0.940823136818687,0.787073089331405,0.610901001112347,0.734328025832313,0.726807563959955,0.706752697741684,0.76093489148581,0.966407119021135,0.872496662216288,0.803857566765579,0.731167241571158,0.837007348029392,0.746829810901001,0.68648407926965,0.773870465168039,0.778321833963944,0.958398220244716,0.730812013348165
"Padme_17",0.991755793226381,0.9166852305636,0.997093673150011,0.948289312381589,0.994430210538042,0.916889483065954,0.955218892725855,0.909678858162355,0,0.996212121212121,0.930035650623886,0.995319291206954,0.994652406417112,0.995766960008912,0.994429590017825,0.992412407944655,0.979721448467967,0.992199687987519,0.909526462395543,0.994876364446425,0.929828469592337,0.991286863270778,0.993539763867231,0.994427727627326,0.994427727627326,0.99598975158739,0.974156176896513,0.99465300211652,0.994874651810585,0.904347826086957,0.964345403899721,0.994427106553723,0.987522281639929,0.974378968474992,0.995098585273477,0.904645204411273,0.954520120387917,0.981279251170047,0.895510749693662,0.996435731788817,0.904178272980501,0.910214993873232,0.99598975158739,0.995319291206954,0.931795386158475,0.959001782531194,0.996212543165868,0.98395364386004,0.995097493036212,0.905525846702317,0.952322602205637,0.996657754010695,0.912675428826019,0.994430210538042,0.995245877284207,0.90375403809736,0.995990198262419,0.994427727627326,0.99554367201426,0.895276292335116,0.993760445682451,0.962344028520499,0.993760445682451,0.990376007162041,0.996880570409982,0.971699164345404,0.994200959072153,0.976695858690812,0.991079393398751,0.996212543165868,0.994429590017825,0.989750445632799,0.996435731788817,0.962537629613112,0.992202294753258,0.993537604456824,0.996658126322825,0.989077128845297,0.986839170198528,0.968126602028307,0.996881265315215,0.905080213903743,0.995990198262419,0.974376114081996,0.996212543165868,0.995542678850011,0.995988857938719,0.989974378968475,0.991311128439345,0.99487350941714,0.996881265315215,0.992647877910215,0.993761140819964,0.994653597683226,0.925108659311267,0.995099131209624,0.895933147632312,0.996434937611408,0.992415792995762,0.995320334261838,0.996658498552016,0.992647877910215,0.975713012477718,0.994874651810585,0.990637539010254,0.896390374331551,0.976126729138777,0.895698685090261,0.993539044224128,0.995098585273477,0.896155988857939,0.985067974147537,0.981727019498607,0.9859375,0.996210432456531,0.996434540389972,0.99331550802139,0.995542678850011,0.968144352862553,0.957427839072774,0.996879875195008,0.993536884332516,0.954768270944741,0.954515050167224,0.987079527734462,0.963891675025075,0.993313273152792,0.997103709479782,0.996658126322825,0.996435334744347,0.996435731788817,0.976378830083565,0.996881265315215,0.979500891265597,0.992867491362978,0.99286590123732,0.889470752089137,0.973927576601671,0.993309545049063,0.995321376851955,0.996879875195008,0.995095307100658,0.995765544907511,0.993759054942606,0.997326798841613,0.996212965025618,0.996212965025618,0.990197170546953,0.895299621296503,0.880923179841677,0.996658498552016,0.984627381084995,0.992644600468071,0.996435731788817,0.993092691622103,0.997772497772498,0.994874651810585,0.992865105908584,0.987079527734462,0.784169453734671,0.936260307555159,0.994651214620013,0.995990198262419,0.996881265315215
"Wolverine_17",0.462872387727879,0.387419426539231,0.85701539147892,0.586344934949405,0.420473491163721,0.572032014228546,0.346448816272091,0.71762349799733,0.996212121212121,0,0.704979991107159,0.507172245079506,0.481102712316585,0.43025452928754,0.418630502445531,0.581607659763972,0.549305169538633,0.366244162775183,0.696942745969983,0.188486330295621,0.492553900866859,0.522737405260811,0.456101355856857,0.331480040031135,0.593239186033582,0.516505501833945,0.621873957985995,0.545181727242414,0.289382990550306,0.624249165739711,0.590661478599222,0.590080071174377,0.447754557581147,0.545626319884406,0.490941424919418,0.536512170723574,0.431653876098321,0.534133867022459,0.512726464377015,0.864858857523894,0.762312395775431,0.588751806157608,0.701678337223519,0.228066273768487,0.448015122873346,0.477323254779902,0.548516172057352,0.494551923504559,0.459255141745414,0.563806136060471,0.482271868400578,0.546020453534904,0.509002000444543,0.473157719239747,0.560450971665925,0.504723796821163,0.808624138697488,0.401756922050484,0.151622943530458,0.53757225433526,0.656475819899944,0.471765228990663,0.619566425792107,0.604957570343904,0.407514450867052,0.573096164535853,0.391343051073773,0.570772195049652,0.864263462394304,0.649438701789485,0.659181858603824,0.632725655847043,0.600133362969549,0.50294804761375,0.513393353340002,0.565981100611451,0.444926086473269,0.581850533807829,0.469396839528155,0.744023129100411,0.633251833740831,0.554024010671409,0.775950211158035,0.469319697643397,0.650327887073469,0.671336446519902,0.630906058921623,0.470712459708792,0.481827275758586,0.414211053041254,0.585241164703267,0.604090252306324,0.629613161405069,0.494109802178262,0.498943622817747,0.378084018670816,0.697165091717621,0.739884393063584,0.596038281771645,0.523957754307949,0.900200044454323,0.542514171390464,0.546909737661183,0.430127848804892,0.47864768683274,0.611382836816363,0.604407836153161,0.516121859017122,0.52650883627876,0.572524174724908,0.608893829905503,0.592394929953302,0.35964424680378,0.778173719376392,0.550266903914591,0.481489716509172,0.407514450867052,0.445185679341783,0.354300955767948,0.619926609585233,0.629753168779186,0.449633088725817,0.579368608270342,0.619132369299221,0.408979773282952,0.730457022128322,0.562548648949183,0.422029565410692,0.40758030454596,0.741469378681783,0.411424761058013,0.618899388549194,0.61213603022894,0.58581591818586,0.527854998332036,0.570681792904015,0.848804891606448,0.35141745414119,0.591010235870049,0.474269200844726,0.641761174116077,0.509509509509509,0.516566599955526,0.680418102968976,0.434763280729051,0.527228272949544,0.808401867081574,0.57674780482383,0.637252722827295,0.590610746467905,0.497221604801067,0.500500166722241,0.520293561659068,0.884196488108469,0.65073365940418,0.473457888493476,0.407448582545859,0.48476084538376,0.62169370971327,0.577308120133482,0.680453635757171,0.455859461863465,0.825294509891087,0.465881306957102
"Buddy_18",0.700755891507337,0.631695932429429,0.937541824670979,0.709774268875792,0.71457152384128,0.765006669630947,0.625208402800934,0.772140631953716,0.930035650623886,0.704979991107159,0,0.708884688090737,0.764339706536238,0.803490052239635,0.755446865273455,0.824537964818526,0.57242912729294,0.674227262619524,0.761867704280156,0.704378750833519,0.715047788397422,0.78979045920642,0.755056679262058,0.702880017791616,0.831202046035806,0.740802489718795,0.833722351895076,0.863065466266533,0.694052251250695,0.799555061179088,0.781434130072262,0.661032028469751,0.722765673632726,0.749472046237635,0.444926086473269,0.755918639546516,0.68702035368702,0.788970424727596,0.683450038901856,0.337852856190265,0.826792662590328,0.779926642214071,0.502278537290208,0.706438340931836,0.677526965417547,0.526456202756781,0.530510170056686,0.756726706693351,0.714063368538077,0.752112049799911,0.745026119817717,0.779902178746109,0.70348966436986,0.795931977325775,0.795430944963655,0.716794487051239,0.339631029117582,0.723117980651618,0.702089817696754,0.709204090706981,0.375430794886048,0.670964873277012,0.533296275708727,0.841670388566324,0.69897732325478,0.769205113952196,0.6948926226772,0.729657625611383,0.738985313751669,0.631210403467823,0.815695864828813,0.459759893285905,0.584796621471438,0.771053509845367,0.566299877737024,0.841912173429683,0.701011448260531,0.873220640569395,0.827732027598487,0.860113421550095,0.647254945543454,0.770564695420187,0.325850188930874,0.702979101823032,0.576303212181838,0.670446964643095,0.837020566981656,0.794153606757808,0.77948204957208,0.689981096408318,0.662147143809735,0.744581527175725,0.334815473543797,0.771504778839742,0.644834871566774,0.679706601466993,0.454808226792663,0.274566473988439,0.712886712664144,0.830794886047804,0.348966436985997,0.841725019450928,0.832147621164962,0.732740411339633,0.75355871886121,0.731658514895509,0.77626892252894,0.735601512119191,0.802378570634656,0.739913304434812,0.60644802668149,0.869913275517011,0.681600889382991,0.806681514476615,0.832962633451957,0.718510283490828,0.71520675855936,0.724038247720703,0.655478995332296,0.806071388858001,0.777407160329108,0.752501667778519,0.404179635393508,0.856062291434928,0.695265614581018,0.666184810408095,0.735794506838652,0.686117594753807,0.694564854951651,0.306213182171835,0.677706156923761,0.811228460255698,0.764169815514559,0.797020898176968,0.834760369176026,0.743521299076855,0.859255141745414,0.672262367982212,0.78526924788607,0.777259086362121,0.84078274405159,0.696140585029474,0.473871469868801,0.847659290559324,0.69393198488553,0.679484329851078,0.324072016003556,0.825052795376237,0.802400533451878,0.661586383357437,0.781951544787731,0.746804490385684,0.823418214166574,0.339631029117582,0.899510893730547,0.786476868327402,0.697832128960534,0.852502780867631,0.778617470549011,0.733481646273637,0.599510784967756,0.809428507894152,0.326072460546788,0.679484329851078
"Ginger_18",0.449571889247192,0.442801556420233,0.694968202610733,0.345939933259177,0.3815877251501,0.442232847770488,0.430953969312875,0.709961046188091,0.995319291206954,0.507172245079506,0.708884688090737,0,0.328588902479706,0.336001778963754,0.430668297564773,0.54917028622341,0.377891459074733,0.284840395951507,0.629893238434164,0.443023902167871,0.316286826014452,0.373843237819155,0.338743746525848,0.458954393770857,0.265406006674082,0.392039137202579,0.508338892595063,0.437180342450523,0.437055160142349,0.463892288861689,0.536254448398576,0.390143508732896,0.275658845768931,0.419168334445186,0.499666444296197,0.359795419168334,0.322207387627948,0.356245134022912,0.436957971981321,0.815897720956087,0.751556939501779,0.312430509228374,0.430509228374472,0.455172413793103,0.409121245828699,0.324585788946959,0.304869913275517,0.333778222667112,0.454181494661922,0.429556321583454,0.338670224594174,0.268542199488491,0.250917176209005,0.344229486324216,0.482157430076415,0.408716922392706,0.682267926625903,0.400889877641824,0.51451128655621,0.412876681863672,0.616325622775801,0.39975536528411,0.460409252669039,0.610856696079526,0.369287223395975,0.477535587188612,0.437889581478183,0.415017419020087,0.761602671118531,0.368690237936402,0.364839319470699,0.514066496163683,0.320066703724291,0.383930558646784,0.4605292417167,0.547375444839858,0.383144318434512,0.549004338636111,0.53556718245575,0.755506117908788,0.406336853807671,0.461136439452908,0.777654252362424,0.398865784499055,0.511007338225484,0.38182627071516,0.364101423487544,0.420280186791194,0.482766288636869,0.411345939933259,0.304280155642023,0.384033800311319,0.551651284332258,0.418788215675375,0.454060066740823,0.3816564758199,0.647464412811388,0.645279661959302,0.447845931203384,0.401690391459075,0.891272929405225,0.409606404269513,0.420660513732903,0.394572953736655,0.399933251752142,0.452907817191149,0.329918717292061,0.353575798020242,0.321547698465644,0.365354680898377,0.512010676156584,0.49438327216105,0.512677935943061,0.77007909101036,0.446657025253087,0.404359430604982,0.222728789058156,0.396285174062952,0.349416342412451,0.454060066740823,0.320653987320654,0.233678122567011,0.512509729789837,0.523979080894626,0.357198443579767,0.553058954393771,0.447608453837597,0.321770068934845,0.301534356237492,0.692461641094063,0.339633129516398,0.426601423487544,0.390105614230128,0.283220282441899,0.314794215795328,0.29305740987984,0.847197508896797,0.475533807829181,0.334446299387869,0.350455859461863,0.468579690801913,0.310636404094348,0.384495606717829,0.396440489432703,0.231350750416898,0.310505836575875,0.762534741523068,0.358683566822326,0.491495275152863,0.39016247496105,0.391439688715953,0.330442517233711,0.32258064516129,0.879933296275709,0.46069164906038,0.422914349276974,0.360320284697509,0.507065761655725,0.485047248471373,0.484366306887727,0.639862084306529,0.445667890112335,0.808337965536409,0.227793218454697
"Hamlet_18",0.367496665184526,0.445876861524783,0.828016952933304,0.453797397976204,0.309769923307769,0.480435749221876,0.414249194175836,0.731197151757899,0.994652406417112,0.481102712316585,0.764339706536238,0.328588902479706,0,0.171723907969323,0.35504668741663,0.535292807837898,0.401000555864369,0.319323993773627,0.705169538632574,0.37252722827295,0.363191820404534,0.337271511368703,0.150700155590131,0.419770932947848,0.251862559768709,0.389796598866289,0.328887406913416,0.175947538068245,0.407893274041134,0.491212458286986,0.448360200111173,0.51423487544484,0.200533570475767,0.44648216072024,0.617650327887073,0.398021562743137,0.263263263263263,0.425394707582833,0.458486162054018,0.812180484552123,0.731406336853808,0.290874736023119,0.502945426253195,0.452463026798621,0.339041476704103,0.351489550911516,0.420028898521729,0.151434289526351,0.416564758198999,0.461983103601601,0.410914749360898,0.312583370386839,0.348299622138253,0.189285317327998,0.428274736685952,0.445148382794265,0.633474105356746,0.34415656621817,0.493552690084482,0.495775900400178,0.587548638132296,0.332592263228101,0.470372429127293,0.611433675748102,0.506447309915518,0.495497498610339,0.425837320574163,0.440492070549874,0.862038273253227,0.491386017561409,0.433748332592263,0.569364161849711,0.45721271393643,0.463344087217711,0.514727131265978,0.447026125625347,0.505835278426142,0.427713523131673,0.520587580681059,0.713110196819749,0.512336074683263,0.529791018230325,0.739275394532118,0.373277012005336,0.614760475714127,0.517011340893929,0.446581434130072,0.305323996887852,0.429809936645549,0.467585900144557,0.392976216937097,0.559408691786151,0.604935526900845,0.451878195154479,0.563660624930502,0.474994443209602,0.638243468593663,0.721654068474878,0.466280881371022,0.456364647026126,0.888197377194932,0.226186506613316,0.2258781680747,0.347192884936076,0.354537366548043,0.459315251222766,0.379786286731968,0.44474093840338,0.370234522618651,0.458263865733022,0.530405780989439,0.359795419168334,0.476375764313507,0.763028953229399,0.487766903914591,0.514396887159533,0.283459315251223,0.385368023126529,0.411202489442098,0.475814522406316,0.441183010896153,0.277518345563709,0.531569586482881,0.362180200222469,0.351633696376973,0.591237629267208,0.505837873901924,0.38268311659442,0.414693786817828,0.679671001444926,0.395421204712158,0.462590327959978,0.488108468548566,0.321920853712761,0.313688424330034,0.448114781448115,0.818121178432462,0.515286270150083,0.420338228749444,0.420695787484717,0.564820991772293,0.518852185518852,0.426728930398043,0.387523629489603,0.371638141809291,0.402756168037342,0.751278061791509,0.32488607313549,0.522116025783507,0.443764601179219,0.423205156701489,0.161942869845504,0.284777048815746,0.874416537008224,0.542240995998221,0.461892052194543,0.302501389660923,0.435150166852058,0.60880195599022,0.416240266963293,0.682010229041583,0.387814098287747,0.79150922427206,0.3945321182485
