"","JarJarBinks_15","Kubo_15","Buddy_16","Buddy_17","Iris_17","Ivy_17","Kubo_17","Lambchop_17","Padme_17","Wolverine_17","Buddy_18","Ginger_18","Hamlet_18","Hera_18","Iris_18","Ivy_18","JarJarBinks_18","Kubo_18","Lambchop_18","Wolverine_18","Franc_19","Ivy_19","Ophelia_19","Wolverine_19","Ginger_20","Goose_20","Hamlet_20","Hera_20","Iris_20","Korra_20","Ophelia_20","Buddy_21","Hamlet_21","JarJarBinks_21","Joans_21","Korra_21","Kubo_21","Franc_22","Goose_22","Grogu_22","Hamlet_22","Henry_22","Hera_22","Iris_22","Joans_22","Kubo_22","Marshmallow_22","Hamlet_23","Iris_23","Korra_23","Franc_24","Ginger_24","Henry_24","Hera_24","Ivy_24","Kubo_24","Marshmallow_24","Ophelia_24","Wolverine_24","Henry_25","Kubo_25","Ophelia_43","Buddy_44","Franc_44","Ginger_44","Goose_44","Iris_44","Ivy_44","JarJarBinks_44","Joans_44","Lambchop_44","Marshmallow_44","Buddy_45","Franc_45","Grogu_45","Hamlet_45","Henry_45","Hera_45","Ivy_45","JarJarBinks_45","Joans_45","Korra_45","Marshmallow_45","Ophelia_45","Buddy_46","Charles_46","Goose_46","Hamlet_46","Iris_46","Ivy_46","Joans_46","Lambchop_46","Marshmallow_46","Franc_47","Ginger_47","Ivy_47","Marshmallow_47","Buddy_48","Charles_48","Franc_48","Grogu_48","Hamlet_48","Hera_48","Iris_48","Ivy_48","JarJarBinks_48","Joans_48","Korra_48","Kubo_48","Lambchop_48","Marshmallow_48","Ophelia_48","Wolverine_48","Charles_49","Franc_49","Ginger_49","Henry_49","Iris_49","Ivy_49","JarJarBinks_49","Joans_49","Kubo_49","Marshmallow_49","Ophelia_49","Wolverine_49","Buddy_50","Charles_50","Franc_50","Ginger_50","Grogu_50","Ivy_50","JarJarBinks_50","Joans_50","Korra_50","Kubo_50","Lambchop_50","Ophelia_50","Wolverine_50","Charles_51","Franc_51","Joans_51","Lambchop_51","Buddy_52","Charles_52","Ginger_52","Goose_52","Grogu_52","JarJarBinks_52","Kubo_52","Marshmallow_52","Franc_53","Hera_53","Kubo_53","Marshmallow_53","Charles_55","Ginger_55","Iris_55","Ivy_55","Lambchop_55","Ophelia_55","Buddy_56","Franc_56","Grogu_56","Joans_56"
"JarJarBinks_15",0,0.211628270262851,0.570196296414055,0.259929276275907,0.206217058877884,0.329336403550607,0.17964667047484,0.549419256601829,0.713050432865828,0.228673053111654,0.520630667339048,0.235205521839506,0.184499237520685,0.210729672422528,0.256805790315642,0.342750392017393,0.257305932051248,0.179602474852146,0.448057271207387,0.214667366297405,0.22719445566721,0.190354931157994,0.219393613337008,0.244158900786556,0.25924097337028,0.216154413852317,0.280264816655256,0.204409233228639,0.197161351595493,0.273366781123426,0.289595795879823,0.28724514784105,0.173265362765882,0.251446678000515,0.292777783564271,0.242039710023026,0.178858669492023,0.239220010156267,0.249421944734346,0.580191975756586,0.529289411339642,0.260637174401876,0.329568297308664,0.232806743607301,0.193127143041095,0.243632910299244,0.281012339606586,0.195970412012111,0.256289126055186,0.30360170774758,0.24229551661226,0.29488819354312,0.239120080410375,0.236298826142738,0.169621429600251,0.20922866807994,0.474285575666044,0.166159015339171,0.255606768880497,0.327543421553243,0.370740750412807,0.127076608995897,0.298276792055171,0.351853526122483,0.249170764753155,0.311131271859231,0.222537553335638,0.215448915809415,0.573938018169404,0.319305729556734,0.292463554305288,0.356481146570427,0.308991943285164,0.26643917757778,0.310611340122245,0.387294194970862,0.290047267907252,0.344233100825551,0.306933837089036,0.493249330665013,0.375989621485667,0.37884333754565,0.544116608287983,0.14538581837028,0.405301761267576,0.324827806669374,0.347273009221297,0.282557627399961,0.259358725453298,0.29043274651827,0.292406443140318,0.323617189456674,0.428033120784555,0.229800125857206,0.326750510483199,0.257391786888354,0.450452595182569,0.484278898402078,0.21566476029758,0.27839439498568,0.635091565264011,0.228367047105924,0.199030169782533,0.21170497117177,0.212746048508009,0.300842746570076,0.241088864773693,0.253547167106619,0.261228967328772,0.27197708840487,0.349173538974935,0.299756144121141,0.237958093240014,0.507281320379777,0.249844607519505,0.332025431299029,0.214645177342426,0.213591984725307,0.194529507809453,0.200123461907536,0.330465130092398,0.227699420547807,0.363832020390158,0.319944270657188,0.183439491776765,0.416249014669218,0.278560332698289,0.22239334622536,0.28494008649853,0.515845689714262,0.223137662979941,0.255045395182993,0.373325889052436,0.282645740079896,0.216221783992376,0.284447763558611,0.578085063289782,0.327282405739583,0.250966402469545,0.268655647494256,0.424831105844569,0.278694821623036,0.26657498510258,0.301737413934834,0.217270991112554,0.245911251487244,0.540161201242882,0.230297382318984,0.358162509144282,0.290706976061757,0.283332147926689,0.206438249805109,0.182648550889186,0.633226337072406,0.307237308294721,0.230039123888012,0.176341931211608,0.257407699280619,0.428216220956962,0.22720349223073,0.467579780206891,0.200633502512583,0.565814417642709,0.242939068302718
"Kubo_15",0.211628270262851,0,0.574071925157353,0.217368974071183,0.235424655107639,0.300377656306532,0.100876885628056,0.438339715189461,0.60584321240036,0.221951725165888,0.425755008477904,0.228158382053648,0.223271078879396,0.243201407450128,0.299559087434705,0.350918064758777,0.26113683098251,0.180959396678438,0.299210137252497,0.174707718434313,0.206537982756215,0.203173236859869,0.250009084961851,0.238664715247145,0.276835231098121,0.209941565586883,0.266217730798803,0.256754153542846,0.179619462158278,0.26088658640274,0.277869346829368,0.262949423163813,0.133095342865288,0.233506145192751,0.218391372893473,0.208799068064727,0.136002401342106,0.277382807683278,0.22134824298988,0.501486104920641,0.432733982898225,0.235028884483114,0.327962636060998,0.218784388455305,0.145898210891666,0.163461351672435,0.222027271509301,0.200170468304891,0.273781486061654,0.228321934779406,0.269945444749959,0.30403565946893,0.197044451519059,0.285227068865175,0.201642239556358,0.148541057056182,0.406677120129965,0.256344486753717,0.204402745461614,0.304007540003837,0.362048126988829,0.129925560324141,0.293911797616908,0.323481448290333,0.248777243968619,0.231785562234778,0.252062781780102,0.202427624854707,0.559746185840664,0.31273610530829,0.282860957180006,0.291497821948427,0.298086114845547,0.28511004079506,0.192532501026783,0.433754169433483,0.250315969969585,0.39864514359072,0.297364258530375,0.400603690049708,0.367867949311168,0.359889132210819,0.464683839336806,0.127299452063823,0.404018921850583,0.316139512294971,0.353222682592791,0.337307022458109,0.297802199757616,0.213512145449852,0.275767257523112,0.318183595068898,0.348857391021704,0.252321024595552,0.193214722302372,0.235259311693761,0.345518435832149,0.404780487697329,0.187342852313298,0.316592349723264,0.552058040628368,0.30095913303491,0.279126373875811,0.232621156127806,0.264659462255029,0.262643297604402,0.222412268203027,0.217542656577204,0.276211245306659,0.213281777478053,0.232689156645649,0.351633183565974,0.20599866054199,0.405961181615346,0.299692258470195,0.24912652078621,0.221804042114101,0.240706182032113,0.168182846537703,0.268702121783999,0.308706061555688,0.245077216425926,0.283916390174721,0.355842006973498,0.166241328774803,0.318322076753609,0.193038565389789,0.225116302097768,0.210712386943602,0.430480671301691,0.208411931189816,0.234842380728023,0.38040447425433,0.291903648167863,0.242165449602854,0.2672971531265,0.480302381416528,0.160334108819885,0.25570535824968,0.306185426711909,0.424587349723642,0.267424663228449,0.233324683950377,0.344217665108152,0.230445741905944,0.217836576276915,0.461274797632807,0.244504181019935,0.329066650411083,0.267353902452216,0.29806183171411,0.191859226095338,0.214832710267817,0.550125663384879,0.328904671545527,0.21250541664844,0.203315839097516,0.322459814724521,0.451922895103515,0.224259499842724,0.356962974203802,0.273428255631945,0.488435517511699,0.20314568727544
"Buddy_16",0.570196296414055,0.574071925157353,0,0.469752277035008,0.494133903859259,0.322520143998493,0.562091288299881,0.609871935006978,0.630542305029095,0.529914830762011,0.59160315996453,0.442856775308539,0.524749955756606,0.481421131825713,0.410085769538556,0.357205156610103,0.458410553125186,0.500591040419179,0.622389458630961,0.590086789123892,0.447926534042127,0.513354960623899,0.444564978236469,0.434369365846894,0.423816966183862,0.519532053370018,0.484192635611446,0.506775650432374,0.546137716366344,0.486224001165972,0.48812397374944,0.429735488332126,0.520072656144654,0.469937257291631,0.49800319233533,0.488301055474429,0.52121821892606,0.411484187250699,0.48578459482851,0.559420583241011,0.552847083281913,0.409612345506099,0.438773043690315,0.519573602039486,0.479182843972286,0.523291090928383,0.504464081598665,0.507293768235493,0.456301262088682,0.530453958280386,0.381161363625317,0.37813637542599,0.432251833470867,0.433478517132883,0.548415315501802,0.511980781341482,0.565438763722487,0.442716783079874,0.583276779289891,0.398759726462338,0.47365967357525,0.534480428916751,0.463116749667708,0.402821625525302,0.5247891782547,0.624247344493328,0.431251335180961,0.538083443480035,0.146037804108193,0.380355016987754,0.374045035291901,0.520356561731949,0.378916150417111,0.39063671137624,0.549873443658082,0.244354834460008,0.566232336084498,0.315206337194711,0.401427713761807,0.560213671342804,0.290099206916577,0.253991809986434,0.563227616189637,0.502672977597867,0.318050620074656,0.343934944938631,0.304538488929463,0.333026921744221,0.391714646683042,0.613297105253667,0.386984958195696,0.280347006142652,0.544137981034766,0.512995956319231,0.587022497028611,0.413434228667265,0.538256212825891,0.527564763168946,0.467528673642829,0.391108630380929,0.570138677463917,0.443371471598571,0.464189946797983,0.478025513215396,0.463526582726739,0.491588981075388,0.467478630699282,0.4300861594869,0.395952062243456,0.524301148956152,0.579984682844789,0.343122557727056,0.467435006285794,0.586454336013763,0.449397763484164,0.615549378029578,0.538135550703706,0.539608193207071,0.497058200843298,0.518614017021433,0.344288432801452,0.436514504824925,0.565571483673635,0.334614201005224,0.480033162251698,0.538242162927198,0.528050293370866,0.46953968183343,0.591232613833949,0.577605411400113,0.549088805635195,0.521518103370391,0.232228632592505,0.384173421417485,0.471410092680132,0.390428402871709,0.555539333257377,0.566479982959233,0.415511668981316,0.387650098488287,0.197759025921703,0.447263018569694,0.502024394827952,0.335687357812295,0.526509364443869,0.470350502399032,0.547424461781799,0.545382887102635,0.394480737040074,0.431995194945301,0.425260577780111,0.578307820561682,0.510966777168307,0.57457760776435,0.416900769215132,0.547757036076619,0.553039199888725,0.434434753579137,0.182344931779703,0.504185962318592,0.5583988367638,0.467034742849254,0.549044259414023,0.453726155043495
"Buddy_17",0.259929276275907,0.217368974071183,0.469752277035008,0,0.212458604069614,0.241297373809291,0.22750364068684,0.463779403072294,0.611443637783141,0.259459862645626,0.442036231817463,0.15928901833104,0.217952828640717,0.214793231548762,0.227038160396667,0.257214049099252,0.175075713389082,0.199341066196352,0.344683374906186,0.263479490090713,0.155621113047812,0.159078640402183,0.226451450112314,0.22683395338668,0.205214180687707,0.172842985898294,0.241996276536959,0.239982111013741,0.207600498899371,0.225269812738278,0.266529550047547,0.111392795725101,0.176211081793638,0.1532731411138,0.210952292172338,0.156498777328105,0.165481778069432,0.206352733751142,0.181173885641922,0.492007161971997,0.457963693100298,0.158711892974317,0.223141103795156,0.217411826009186,0.184712600046974,0.191188297167052,0.174354352025817,0.180635688119249,0.241429626069062,0.237210208950501,0.192050232470939,0.229575474493078,0.130470783973659,0.238420647280014,0.159018079816818,0.178046443949036,0.400744642820252,0.275549423961002,0.298662028889581,0.243657471343445,0.304871985485282,0.198811771924038,0.210348078555293,0.242444006123723,0.228373823069981,0.285247399472931,0.22162752197491,0.177344445780744,0.460586089787071,0.215144296044452,0.213902238236041,0.261789347248231,0.210555687776172,0.183467277340083,0.245353339317919,0.355365770432995,0.262809899035961,0.342031447721486,0.254011368668142,0.445685248975494,0.266500673829015,0.285859942086356,0.465442524585449,0.190472246029654,0.313574326238002,0.227478282095771,0.24340780858995,0.261434032309533,0.221089153728265,0.304535943944475,0.183730516896559,0.243766319972332,0.3262529230618,0.195710972789271,0.269388235653435,0.196225057424966,0.366745239593937,0.383748143763526,0.196328856510822,0.21576750639811,0.540896410214287,0.256709926164379,0.24376902523211,0.20577091599136,0.229606461479051,0.219361196552425,0.130139025063792,0.168837875259067,0.200838356691296,0.178771681487295,0.257707733497567,0.292085922089204,0.202347818840049,0.432485911372595,0.205963730550263,0.31208023306183,0.208340935116351,0.213337255902957,0.187058939857685,0.194678813181364,0.197912701528678,0.188143618764024,0.295022922994361,0.300770775769869,0.15310537950526,0.31901124872518,0.197070518890484,0.201636422754122,0.267463638787831,0.425037322796042,0.220276831471778,0.183117763306287,0.27280823872725,0.216830011228448,0.176300902238941,0.203141220051074,0.50124951157564,0.262586045797761,0.155303850542165,0.206922661631872,0.327698605955287,0.220167044519607,0.198635731532319,0.259491395566947,0.194815180222958,0.145507563950697,0.455193666693149,0.209636671102246,0.283061327312837,0.188872133281202,0.223093411634929,0.264148036824828,0.179966668792126,0.53772076706785,0.227155151810688,0.2261012764067,0.202597923853505,0.253451491817505,0.3555572295932,0.232768422086196,0.3804250976219,0.236991266153292,0.482817050649706,0.170297645605361
"Iris_17",0.206217058877884,0.235424655107639,0.494133903859259,0.212458604069614,0,0.237083788149659,0.202533094186617,0.537481536692116,0.698313374142742,0.157839644113075,0.523390791428772,0.150520628345669,0.10879693634496,0.0878652531841409,0.110894048244451,0.284675278140325,0.213012015429014,0.121526789460389,0.393902268422168,0.170518935088335,0.118790747984929,0.146198174543947,0.115653590893357,0.107013890623176,0.131104032589765,0.158041554607042,0.26509866744298,0.121341265582891,0.121008835139873,0.271065275260051,0.310251324800002,0.252114448490634,0.155128630937617,0.154484507009414,0.267954846931887,0.209599602837522,0.147995453424003,0.133858030280169,0.221662584009714,0.569543107037189,0.541279930703233,0.159693316865425,0.265863959818165,0.12604986279902,0.179477632341433,0.21882210346801,0.222276333811663,0.11417411791529,0.0919201285749439,0.295668683721126,0.155412850388878,0.143236564239658,0.154073808943095,0.138305614793363,0.156270221404119,0.191719776370903,0.462776303815144,0.162998875248716,0.225748852157099,0.271655238131849,0.36952538201483,0.203247725207707,0.269792990392306,0.310019553396865,0.189338590494736,0.269374785352688,0.114087557213852,0.14497103735756,0.49515587694252,0.224924799581384,0.175455084896188,0.333765831939058,0.218054769860866,0.157874682075717,0.264375240207721,0.337534426004465,0.224191644709398,0.291973277479832,0.25141129451162,0.511104326977127,0.286152387113923,0.297351004376523,0.531841489972378,0.191231682322405,0.329064213212223,0.235661200117579,0.250201861080765,0.22436990030792,0.156911878679189,0.246323248424096,0.185559656599166,0.25106645064586,0.406985862193974,0.144172377433913,0.284957174746774,0.182246373286834,0.442798450936707,0.472060044000127,0.150723173152634,0.153462002663198,0.619375667862855,0.150545032660244,0.150650095073311,0.0512210006402265,0.125708806936353,0.285910097366698,0.161927104271217,0.183981395902045,0.150278964558766,0.198829757672307,0.322978198672985,0.255033694056291,0.202641223735628,0.513258536386965,0.143603728098484,0.264581419549491,0.146217173998934,0.122058852963845,0.152017215377127,0.214967303697012,0.201208969698686,0.0905169770300264,0.360759298206132,0.265763780560083,0.134765098855073,0.413797057235173,0.224052860677366,0.0760590858950816,0.213198026865102,0.502317561902431,0.149150706152923,0.189473391441406,0.289317545915217,0.146376920991139,0.086713464623023,0.156489034302366,0.582385199731559,0.302929329191075,0.14414020311528,0.14286712415902,0.333541686385426,0.163355917217024,0.246162788130673,0.208896397945141,0.139498223485428,0.161623972377074,0.532288009110082,0.159277974935352,0.283855065338013,0.239531905553111,0.120932165398179,0.184315531354019,0.110344144682851,0.617216194213096,0.186353366813971,0.162918052880253,0.0974928934923718,0.177584677471735,0.357919272606385,0.27520782728067,0.468399851241389,0.13785451373321,0.560650562454563,0.144203856140185
"Ivy_17",0.329336403550607,0.300377656306532,0.322520143998493,0.241297373809291,0.237083788149659,0,0.301388970299348,0.472105362027503,0.609515935758834,0.320511858220379,0.474572026021672,0.258445968696245,0.282580220481452,0.234702649383116,0.175384599438823,0.210903074540874,0.207194451928231,0.276776882830294,0.414547413835573,0.34811369275051,0.148523690909016,0.260140056996175,0.237897968685677,0.203116288210837,0.21287181317351,0.259975886161846,0.236911942041429,0.261887434310368,0.293897968024807,0.219061695624888,0.264924289383788,0.236490030377876,0.255009525533591,0.221833816960124,0.295843437098524,0.195857870970183,0.254640990092023,0.138947085005029,0.184188272133945,0.51921331874814,0.458878269675953,0.14584467164421,0.225515285843514,0.299267263775722,0.204216211438969,0.290878214747658,0.269201003834996,0.270857150372215,0.20201289952508,0.250716170656886,0.111517924570072,0.154781727840289,0.170660711989087,0.196970674652178,0.302700350844624,0.2116364089378,0.433162401410934,0.227514300320556,0.382202809771562,0.206657085829332,0.340309206153787,0.258833734314157,0.2582550396042,0.246181540549958,0.333148455024073,0.366356837227093,0.188991911293021,0.268046008071019,0.309969628112777,0.157577766050515,0.163286834936899,0.301274875828015,0.168557640025895,0.121084855678673,0.342063454931253,0.262310043624043,0.364083261122627,0.231933001938279,0.155070033715532,0.439038743176411,0.116418067442767,0.106439572314314,0.479350383092521,0.236223667155775,0.17740622825205,0.123623619919178,0.105396469812114,0.166070955801636,0.14811938886647,0.39916183088648,0.156396785542424,0.145261971200513,0.358728113235311,0.264909895928859,0.36421021959158,0.240186077514972,0.358852739190119,0.418998829312754,0.206896619667571,0.133769926345339,0.565135543639038,0.202523688191358,0.213263742589656,0.218872245843063,0.217949974538476,0.214828148480709,0.212953484444518,0.152430999735182,0.172774601318262,0.292312745566924,0.295175254658497,0.193332871411018,0.20666022860111,0.446829293095779,0.19146287176187,0.408106500336836,0.320157597004589,0.285215992551778,0.280474130360214,0.247187600086836,0.112125035114674,0.20255230101726,0.315956052283822,0.188263899268599,0.217604357897596,0.349452887946518,0.291526651780838,0.218254497473378,0.366328167653155,0.454442114085923,0.297989187152856,0.277012204118071,0.131069706012393,0.161400152290336,0.227108912236747,0.181237935084714,0.502449658358808,0.329005809294235,0.177499319907919,0.141020386862668,0.174153704807982,0.245355951901762,0.273257214599435,0.137562813502274,0.283743194277232,0.226407031916335,0.484024246797436,0.294528293236087,0.16843785464894,0.179693348337324,0.174777034032965,0.352905666100794,0.259137534463966,0.563279976784364,0.242097406862375,0.310113743711782,0.288720276642749,0.194403559765904,0.210996990935174,0.24398423364942,0.393091727189861,0.21786365076331,0.509811749970056,0.226929765816613
"Kubo_17",0.17964667047484,0.100876885628056,0.562091288299881,0.22750364068684,0.202533094186617,0.301388970299348,0,0.474966579389196,0.648843655318291,0.182717457849254,0.447734768618615,0.205388142964515,0.188456291878609,0.208845223738456,0.274005329711704,0.367585440669522,0.237790440349406,0.137428294284685,0.32409523473311,0.138435593133624,0.18740606997092,0.201644744885212,0.226315911672386,0.233029013187169,0.261054510168549,0.158867164938224,0.293855712304943,0.213344740712881,0.161701007980626,0.25181780020485,0.300482148656414,0.286265236572398,0.127788996924419,0.195242892159853,0.226003572862039,0.204658895882328,0.111364056749848,0.239002761038794,0.21263339758984,0.527152205173425,0.473464693360149,0.229353593216632,0.326470275004288,0.194923529949633,0.17668402909463,0.152028891648576,0.202584698017432,0.20365932802861,0.246280625955741,0.229525271036163,0.241179945427519,0.279851571892154,0.198380643313847,0.25463556055056,0.193410427118044,0.140808155854608,0.433281250765083,0.234420451547928,0.172062733265068,0.311499793764884,0.361698907065668,0.138299739859566,0.300982448272466,0.362891368658695,0.19781582601183,0.209697699314632,0.234565931541114,0.148166521338585,0.548082856887451,0.308043950785353,0.280826150656169,0.284518568270426,0.293898252656408,0.243559459675735,0.186076186029891,0.427560065716064,0.203909916131773,0.387070130132923,0.297024345531304,0.442046744404056,0.364968405516985,0.335486379239578,0.477614699339447,0.14450175601731,0.396609095327776,0.317312589255322,0.333568338033025,0.305760685604736,0.278235015245274,0.19885250137565,0.267023972581293,0.322125545419136,0.349342410953845,0.203948241405997,0.179702861090239,0.234482074088362,0.369351805741147,0.427373204285279,0.217952223696944,0.27420534324535,0.57291527123134,0.255750965427082,0.234844233710948,0.202131176072416,0.234903512566978,0.255563812449456,0.199145314123572,0.215857844810347,0.276929109381212,0.178306874363031,0.257419308025402,0.340601453641294,0.205003198086739,0.451284065468117,0.237496223288073,0.228759948163104,0.178576874181112,0.196485696813757,0.157859152706532,0.204324525090121,0.293931079710493,0.216664159992471,0.281205900486678,0.337170675839699,0.144688038094745,0.366329028861433,0.180859500746382,0.183624115053156,0.19159576989676,0.457877326447503,0.161420208615715,0.183518921178904,0.366037747073451,0.257205148419327,0.203752135557488,0.24540013902917,0.524833707797945,0.196247607950093,0.23070231335165,0.267821161455586,0.417746878349083,0.241517697216475,0.220238659686424,0.332558506930279,0.185463228868885,0.187881974670444,0.486447302729934,0.194244267242386,0.338407999270969,0.259075757618478,0.260141531678541,0.17769475957151,0.184818878789953,0.571592338491974,0.311536330673841,0.164642944658696,0.163380669779037,0.286922463820233,0.438834367104657,0.251569958694458,0.390803578479534,0.224945096095157,0.509072099525129,0.177589618131229
"Lambchop_17",0.549419256601829,0.438339715189461,0.609871935006978,0.463779403072294,0.537481536692116,0.472105362027503,0.474966579389196,0,0.219744516748172,0.526495192826077,0.189901578881003,0.486106090508421,0.528835623038126,0.533868681143644,0.53707904277169,0.513295374144917,0.411056928582547,0.508182229066859,0.270935261933627,0.529064589629672,0.474295093300551,0.510344708496854,0.523069540945523,0.532990705414055,0.536360555835646,0.506822198955931,0.34713701418033,0.556203464193369,0.52919738581714,0.381099896697459,0.282561750706243,0.462712543354362,0.448419045455924,0.489074021287575,0.417048157521599,0.374092820411243,0.456367052873815,0.535374283246767,0.388045347314546,0.302684152644206,0.109271868237216,0.468591591706833,0.412675222402807,0.526141743331351,0.423515075292232,0.39323015539625,0.397308084339993,0.512415954871356,0.543848807613092,0.281325313436888,0.505929778451586,0.535494577437878,0.434362988563205,0.5406523321773,0.532844941960813,0.409862305898594,0.290834117644169,0.544963064369073,0.526906823416026,0.317366709991662,0.312737524327536,0.446451800593037,0.389125069655973,0.459200880997152,0.519258527107241,0.486148746277941,0.530347690851548,0.50551594543942,0.53360366356696,0.441910330242028,0.52055167775755,0.330093524012501,0.428179939622065,0.511414596982534,0.412673390241338,0.549917747451778,0.518965195980426,0.553086529597663,0.434586460036437,0.158891449192107,0.462959732762135,0.482662251585779,0.281828504641381,0.444799309700552,0.42749383636961,0.469753186257096,0.511954800862775,0.524214696540081,0.514163151854337,0.516402089832878,0.460926506365858,0.512859329119842,0.280782611645296,0.525226758166377,0.44768902870535,0.490254218217196,0.240198467243943,0.265403558096258,0.451697084527998,0.5467202641229,0.327174493511767,0.559133376275815,0.546104363685933,0.53266617771807,0.528087768034166,0.321249523408784,0.49297148806619,0.423883759084105,0.530801753802048,0.472084391991907,0.324711355969983,0.534585578031113,0.370205510617447,0.203091731654874,0.549799166668865,0.523474158752481,0.517158992980214,0.530252346921555,0.487384399834939,0.532256314116615,0.486404232878681,0.520719055936975,0.31044500635183,0.530211709537139,0.461723549614256,0.242383793260448,0.442983675371414,0.519665658689584,0.523357657859047,0.241866352697625,0.518458252917351,0.512328285730993,0.515258538890591,0.523243737518317,0.531123761914397,0.501167557125067,0.151741221310208,0.304136369687204,0.50303477221984,0.531244540400863,0.521944755828213,0.512172156642675,0.376734055747118,0.564355279127676,0.527171757383056,0.47083501400162,0.285995137843507,0.543888920921309,0.340291256183218,0.383445309123724,0.537438625295701,0.518659373183377,0.533386341146008,0.315113797964582,0.559004021790689,0.52620337778945,0.536359779913167,0.558188109964818,0.534637397836658,0.338309323212598,0.159399807108083,0.540322258665075,0.306315777197685,0.483163870603188
"Padme_17",0.713050432865828,0.60584321240036,0.630542305029095,0.611443637783141,0.698313374142742,0.609515935758834,0.648843655318291,0.219744516748172,0,0.689771293534317,0.327598652382704,0.647072634743138,0.690842109240006,0.689012497122539,0.68711626337195,0.635735118271506,0.561772955572318,0.674321286556708,0.463451509413945,0.697489680679821,0.6344270515273,0.658340941887196,0.678928443451705,0.687574240731731,0.675972351223025,0.668720288174131,0.488256253972707,0.696467776189795,0.693765499758675,0.53071822983399,0.440031560108978,0.61277294296324,0.61560974995081,0.632703838914369,0.55933385815441,0.538560766991459,0.624596208765531,0.68918651507831,0.553298794176321,0.302236156001764,0.220819181925763,0.603645069584915,0.538728480242792,0.686761197816906,0.588955341502253,0.558897690247641,0.563078954640779,0.674096947042162,0.699796435477786,0.458579106091664,0.65686713448531,0.685141786667287,0.590230749136059,0.688486597926266,0.685152850456707,0.583350995485169,0.395072364786553,0.695542418843737,0.690703411542678,0.478982252491952,0.438886453749565,0.604549528499748,0.523412071774519,0.567099578910604,0.68298081007849,0.658357997757768,0.686736031346652,0.673894877172452,0.536715742969657,0.578195769815525,0.665722981801088,0.479284324050553,0.577963095924355,0.655219087353258,0.581639417067408,0.66421709715286,0.685637258981749,0.674566682827816,0.57578824946561,0.237550126851238,0.590292629657553,0.613456286031088,0.34430782570099,0.598730380767125,0.536128012560732,0.603716469778664,0.630296978929338,0.666150212419473,0.660840541973052,0.690720780279805,0.606796726038952,0.651408731337717,0.430800370070001,0.684965888000715,0.617120290136328,0.646961012449482,0.36879565315186,0.378888412408935,0.599849127867435,0.682099224238337,0.2664292449742,0.701267547189271,0.688209034789601,0.693834363921574,0.687160067324895,0.478445369435235,0.633259929545662,0.581888381972853,0.67666277009055,0.637067039849817,0.484751054349969,0.648143463117474,0.537869680249501,0.328006539708628,0.687951938990537,0.693439217119162,0.682650398253591,0.695508260354677,0.650353548607204,0.67719217344422,0.622583515788701,0.681095776696686,0.470606533830561,0.639096831723126,0.625490399019844,0.382762064190069,0.607028285351207,0.681759818988354,0.692607539254455,0.36230709171585,0.687049550376742,0.655111257838169,0.637420198274867,0.671560533981856,0.680648484255469,0.653371376892522,0.161515537105754,0.484800701292632,0.645478090765326,0.680823629833815,0.632293474036814,0.66871509795825,0.542506960838401,0.682926147882012,0.693625587006233,0.634376488746551,0.331111361251609,0.692794993012588,0.482486623802304,0.522289654099326,0.689395381843481,0.689563598125425,0.688196468893873,0.269246372239394,0.676094694987535,0.69327710817793,0.703472802887918,0.68702879407539,0.66083698990492,0.482722092175297,0.319270398440106,0.695081890234067,0.310428342740787,0.643438165650998
"Wolverine_17",0.228673053111654,0.221951725165888,0.529914830762011,0.259459862645626,0.157839644113075,0.320511858220379,0.182717457849254,0.526495192826077,0.689771293534317,0,0.512149211913351,0.17390641685254,0.13316511062838,0.15951724324993,0.210146574339036,0.320137278159308,0.258223934564116,0.112731268495752,0.368015275337272,0.10433419282041,0.212229754156709,0.197396036724567,0.167387133809406,0.16889787076579,0.200832727407181,0.223516746911157,0.283485832707935,0.192655366718868,0.115748141086906,0.326152242466013,0.322252792992078,0.284921709447793,0.177100635520187,0.192134958522752,0.251673573124698,0.259885274894276,0.181076393842441,0.238317168850522,0.27757818976171,0.567872292670821,0.531693534904702,0.240019613615427,0.318542067842654,0.0771630398274552,0.184776172274891,0.236580797139162,0.26389469916246,0.153188229868616,0.191098046799607,0.322712283010539,0.243466571129138,0.214525429831332,0.210749939162287,0.206546839184117,0.208195232946339,0.230831765397161,0.484518354305177,0.207222948695998,0.0960277031714967,0.311242051401586,0.38258548362427,0.240559107860943,0.307135000120949,0.33444113723495,0.139515725400412,0.275317862462794,0.19599111894051,0.215317630211947,0.533175923547975,0.304331329153416,0.248936753907031,0.352970973385802,0.290156310863255,0.249014893132818,0.248257682441136,0.366539599731474,0.186031852674371,0.337296041908231,0.272338876508529,0.507073901411271,0.356809836717202,0.346841426359436,0.531775468135449,0.201479396706192,0.384347496532858,0.309748811644712,0.332632972191391,0.27056461125671,0.248948735739875,0.188109560889528,0.264835827695024,0.295322192411255,0.41051881673944,0.163171032769271,0.216267839653951,0.18248543226185,0.455242972298987,0.482209503040353,0.233805037385265,0.252947003787416,0.61219902173057,0.234012257423254,0.233698002514752,0.16990906416746,0.198969722134868,0.332365294275962,0.240908743901962,0.240334265218376,0.218456965766026,0.211750729670667,0.352514044498282,0.316424448289085,0.20393423067775,0.510626166474245,0.24878962462518,0.203488385426435,0.131500609110886,0.158709282935144,0.101746587310758,0.283370073599479,0.286902310190504,0.168538343902004,0.37498583242638,0.335986937579379,0.164138758312046,0.442931009801992,0.217110488014525,0.14485602095375,0.174467114095321,0.505426667794293,0.146672391753737,0.223906541434459,0.357124085743186,0.224235058299592,0.167867838288836,0.206815832377719,0.575042737046684,0.258634320748625,0.232755403870723,0.234308145698781,0.397553199711034,0.163013758434954,0.275062335967988,0.317634117452322,0.151241189456034,0.201278823545252,0.533256017229315,0.207792284496378,0.35527951195188,0.281290127101862,0.21205250036815,0.211905835707673,0.17743612564959,0.609142913975859,0.257739661993288,0.144228118692347,0.168267615990426,0.245211689740872,0.402116127773739,0.303131961213628,0.465283764561315,0.201035958805808,0.551624044378736,0.161000059311339
"Buddy_18",0.520630667339048,0.425755008477904,0.59160315996453,0.442036231817463,0.523390791428772,0.474572026021672,0.447734768618615,0.189901578881003,0.327598652382704,0.512149211913351,0,0.465961587630032,0.52021545196563,0.524751970761454,0.528902292707492,0.49242978110172,0.349986913320047,0.485775927918676,0.337395234899869,0.511118686022624,0.470254690518513,0.49685416759086,0.509829735787958,0.517334615879086,0.528458271040155,0.48203036072557,0.382761847737345,0.549389136067247,0.509808863980064,0.405995734622634,0.340884227397544,0.423423344729196,0.43817442697767,0.465329136389064,0.321246904004582,0.409536069321947,0.436938632773465,0.523879232915838,0.395897725064542,0.145484569161523,0.253065006880243,0.465655166426339,0.316213411209967,0.511299331595941,0.427762627446452,0.336318521475368,0.333098466476944,0.504634887463996,0.530776343476091,0.343781410652249,0.493062460329488,0.527368536774819,0.43212035223188,0.533048885880837,0.520358321156907,0.42387455668706,0.134847137199277,0.519568711332576,0.507318513952245,0.358563054606833,0.187198891847358,0.424487670642595,0.306713892083562,0.432648119877735,0.502456075434012,0.469420694227042,0.508689305492745,0.486674506527547,0.468600952291331,0.380273460268889,0.503162766209084,0.233200258391855,0.369413922844919,0.49672709200016,0.356244324700829,0.532328065669433,0.501395079869428,0.5435823580917,0.431562829228364,0.252095867195901,0.408024275145101,0.481290812000199,0.129443548835534,0.422467640083893,0.342926881282966,0.419587016859802,0.483190973055999,0.51258174030273,0.50126872511923,0.499097969903665,0.414194775003862,0.48573011883348,0.163526270803851,0.513559931687906,0.429761329927284,0.468566253521181,0.179222098444404,0.110066002106678,0.432230440293183,0.531716386574104,0.174706436358271,0.553873891973497,0.539456886851368,0.51602121336181,0.514451029569473,0.355222584306573,0.466847584061414,0.437152791674455,0.517381711602026,0.443248794765917,0.300483065132022,0.515150674167748,0.385100285062489,0.283249838371326,0.53281000063625,0.51096120907829,0.499816502221464,0.512686407167224,0.463857207991979,0.514315566508612,0.457137320665085,0.507822355986599,0.217308606118695,0.509058715007211,0.438524833206943,0.243674935093988,0.435004089606225,0.496779163650247,0.506325362040242,0.095220191544628,0.496295358603531,0.493086000097535,0.480263267451596,0.514807059308634,0.519976318929531,0.479449304626313,0.289943895243876,0.337508480540969,0.487387707574711,0.518724737654966,0.493741668812963,0.49287704830577,0.304293947515787,0.545402944869628,0.505907528389023,0.437748094022807,0.130961718833089,0.533687818761179,0.389676260820941,0.36103489865689,0.529852529437513,0.509458511168586,0.527790708396068,0.160060395017917,0.554733349091092,0.509878230736835,0.515366228880986,0.545860542635614,0.520849376726452,0.36446526064852,0.183843531557887,0.526985023201459,0.149655388530612,0.450104128386389
"Ginger_18",0.235205521839506,0.228158382053648,0.442856775308539,0.15928901833104,0.150520628345669,0.258445968696245,0.205388142964515,0.486106090508421,0.647072634743138,0.17390641685254,0.465961587630032,0,0.13101489597715,0.157938165257338,0.196383306752421,0.303674641395071,0.192575688008991,0.107487898206811,0.316151260913249,0.199370815164375,0.140026384203664,0.165370522261822,0.153371491059222,0.184038140432542,0.124554210878715,0.157045652547119,0.260086123636944,0.198916793441755,0.155955373978986,0.257789238725514,0.293871637557079,0.181497018880204,0.127799991774425,0.14178194092827,0.196691066371153,0.190384943678667,0.147018783857022,0.182479760818308,0.209979873493466,0.519306509833043,0.489020894566395,0.161478288201439,0.218981030676005,0.143383075575873,0.183719841982191,0.181820806075352,0.174123785459233,0.140811801582285,0.177718986872494,0.271260108493861,0.189289847078053,0.152129277827881,0.122051050895557,0.194341100891103,0.192412025433633,0.181422118167546,0.435770651939487,0.224211901234938,0.227351954434362,0.242862349548857,0.33209824826324,0.204403320894117,0.232292796384768,0.311367848703076,0.156399528505775,0.256266601370779,0.192293414756301,0.147503286613633,0.451117554183258,0.209476912848674,0.165372741082675,0.295025019971595,0.190427481699717,0.187794262286223,0.211818947989614,0.34402957259678,0.198110027068339,0.339276650155648,0.274208388607036,0.485129001808924,0.264176866628111,0.292002189793585,0.501196681777946,0.179941700901675,0.308890636864865,0.216145837371988,0.230098696125633,0.242191287517875,0.229566442695822,0.235810095513561,0.169748660403508,0.211258768216107,0.355960922104138,0.152695777283051,0.226110041703841,0.162187839688767,0.414342559566207,0.409925669591256,0.191530262631015,0.206051679699748,0.568679169674459,0.231059757047396,0.225175119187907,0.152818269157696,0.204659182339095,0.263841867684821,0.1266529383049,0.171730573707093,0.179947764486258,0.148168670756718,0.309431361335695,0.29043457196903,0.202781133659934,0.470521500706917,0.197171569837124,0.240814381535081,0.128082555815935,0.157670395359786,0.108985930777004,0.216199197422984,0.183276878456877,0.113937099923302,0.334118161466631,0.309361537931913,0.129211237791408,0.35682075676119,0.170938929330435,0.119862000912391,0.19594980173164,0.459456580226942,0.155628754352371,0.165546606365978,0.269475004778627,0.150418686046009,0.120458897792146,0.117942715663153,0.537735973414801,0.24432044413052,0.138186640153122,0.18521671882419,0.323558134449774,0.123570611946504,0.210105695106657,0.234238266005616,0.123997779660554,0.107023343978669,0.482843476829719,0.166502388909157,0.293257014135507,0.206296909856602,0.181973265636992,0.190760627490838,0.137113768704638,0.567047557244097,0.199923336833319,0.15126972226172,0.149256423223034,0.254918978109202,0.336562721218766,0.263036674237138,0.422304263530327,0.218575151071293,0.508979533987497,0.0831677419561091
