"","ivy_17","korra_20","ophelia_20","kubo_21","franc_22","grogu_22","hamlet_23","franc_24","hera_24","ivy_24","kubo_24","ophelia_24","henry_25","kubo_25","ginger_44","iris_44","henry_45","korra_45","hamlet_46","joans_46","ginger_47","marshmallow_47","charles_48","grogu_48","hera_48","kubo_48","kubo_49","franc_50","kubo_52","kubo_53","marshmallow_53","ginger_55","ophelia_55","buddy_56"
"ivy_17",0,0.208669453641926,0.252023555360278,0.241749848812292,0.133400144547387,0.494649122059752,0.257043124960245,0.106892270794189,0.187471314977899,0.26311532522328,0.201154832267525,0.216151523875628,0.197125613487849,0.324047640769184,0.31583251514229,0.179437675630343,0.345383862022884,0.101453556594304,0.158099919467702,0.149113489723412,0.345496832640209,0.341375977620254,0.196846721805589,0.538566554534764,0.202932433541661,0.164568029963065,0.192625295617343,0.207585392848077,0.160520139200543,0.245940909848832,0.536660418372554,0.27763774475198,0.232174300250997,0.374726586835604
"korra_20",0.208669453641926,0,0.132181830515763,0.201727742039845,0.226161802182755,0.430407167376345,0.258597739890015,0.221564621561975,0.270828555717767,0.265906543174111,0.137541659424015,0.267569403636611,0.138605987322598,0.238765511501709,0.305668371942224,0.266963551278915,0.340218727630352,0.251469819014506,0.268124166871216,0.203598554392264,0.340035056499576,0.239045531906614,0.196174463084803,0.477169953134625,0.222785520947207,0.262663255565444,0.248906872238418,0.234739645818603,0.136692465548656,0.220557336981178,0.475459486920253,0.241403867370387,0.10903772505917,0.269459228559129
"ophelia_20",0.252023555360278,0.132181830515763,0,0.226219093292382,0.298154116335044,0.370932339766847,0.263565541641052,0.263547278900767,0.282697974448681,0.270104768958046,0.206094192369309,0.267213348170395,0.116296129545713,0.189436903387424,0.334941739720946,0.294276275820724,0.369837951344248,0.275862599502772,0.279399087658269,0.2442475789798,0.3551428896345,0.215680300351944,0.206140040655102,0.417710055292238,0.274440736156543,0.290369512068239,0.28339799014994,0.288017115654352,0.119854755348699,0.275243177458964,0.415470924066008,0.308762218131445,0.0859104527931923,0.179164535896328
"kubo_21",0.241749848812292,0.201727742039845,0.226219093292382,0,0.200112184980446,0.472883502438254,0.124665367763162,0.18340238480809,0.177861462292215,0.161019279232941,0.119349316280839,0.195478254631234,0.247783367011081,0.282607599901558,0.182260585218239,0.193025419125231,0.218280185080663,0.284730600097569,0.245035178765325,0.178731345174531,0.210265073840814,0.333171351561943,0.137519852389933,0.520167660965956,0.178142532908009,0.188014998033097,0.130107447945028,0.139338739693716,0.269189195595269,0.117958822734488,0.518587239232592,0.128863592603898,0.175878572554579,0.352504337943746
"franc_22",0.133400144547387,0.226161802182755,0.298154116335044,0.200112184980446,0,0.538538547553962,0.170689191724512,0.0716291603932536,0.137199916172834,0.169402092541772,0.169282479688034,0.151245630977657,0.236296094676953,0.35477900531119,0.232271027443982,0.11897784141006,0.261763714777032,0.195850738285479,0.176295941639197,0.120556395773043,0.307649182066722,0.40705332394602,0.189534097811108,0.58516361490876,0.116417756304592,0.118910163948947,0.102276087436154,0.116046229058107,0.208755730479938,0.148569740705821,0.583378281588958,0.1736004853336,0.266589989793207,0.434271921485266
"grogu_22",0.494649122059752,0.430407167376345,0.370932339766847,0.472883502438254,0.538538547553962,0,0.520391726830864,0.517179322284103,0.533742444067358,0.520188236531919,0.468660265940091,0.538101723280116,0.398834746896019,0.196939215023223,0.531274766791856,0.534143889484408,0.531190211491985,0.502619778817462,0.520675775214304,0.430912960578992,0.495205827577037,0.199143638574474,0.474916713182594,0.0574148657814725,0.534737135798921,0.524128649857186,0.526132912998221,0.523682348135155,0.405979297722768,0.530027062769647,0.0499761830310291,0.533496700715059,0.399042513514984,0.227078391438176
"hamlet_23",0.257043124960245,0.258597739890015,0.263565541641052,0.124665367763162,0.170689191724512,0.520391726830864,0,0.18320534314551,0.119517706185427,0.104380509081867,0.195421331329958,0.16903269970201,0.261955230773135,0.334585559319843,0.19870394867366,0.159457599515816,0.227900706479578,0.297465213372668,0.194791194557384,0.190665167344766,0.265845002321342,0.401171534484691,0.159362696829936,0.567802514585943,0.125653895082107,0.139043999730765,0.0997954387487241,0.113344986700488,0.28703327986814,0.0927824177189688,0.566193850153519,0.151273736767113,0.232542059998809,0.42373432733004
"franc_24",0.106892270794189,0.221564621561975,0.263547278900767,0.18340238480809,0.0716291603932536,0.517179322284103,0.18320534314551,0,0.124214195254873,0.178275783892091,0.185375763595983,0.130370490946211,0.201437240559645,0.331854211960586,0.253506305428124,0.0994181070451791,0.286016635578789,0.15816147868727,0.139341433073439,0.119539294817287,0.308572236281294,0.381560531658219,0.162666080045614,0.563187866161599,0.134170091341479,0.0939332136864014,0.108178148519883,0.138038314194049,0.18595791106854,0.167541301188305,0.56130669085369,0.207113790413831,0.232443141296063,0.407761831350631
"hera_24",0.187471314977899,0.270828555717767,0.282697974448681,0.177861462292215,0.137199916172834,0.533742444067358,0.119517706185427,0.124214195254873,0,0.149568949864339,0.218609678947558,0.0936444155742994,0.242382992363017,0.349869356565148,0.239943978863008,0.115759089588122,0.278606030143843,0.230282390633701,0.112591678542531,0.1707658589935,0.326714647303856,0.418389159011554,0.173559671833081,0.580543508213469,0.080992636673578,0.0999174255648009,0.121781758335337,0.151383525492808,0.259591227256388,0.139256510564973,0.578972296207295,0.188807364849737,0.24604490251369,0.440263355121824
"ivy_24",0.26311532522328,0.265906543174111,0.270104768958046,0.161019279232941,0.169402092541772,0.520188236531919,0.104380509081867,0.178275783892091,0.149568949864339,0,0.195277584983225,0.165476226686179,0.263498552950541,0.337383015771947,0.198273755903858,0.144323230279069,0.240217843554974,0.3077971215609,0.210746136734813,0.218263341016157,0.277396521091252,0.409600458626682,0.175735332528615,0.568248833183394,0.172545543020811,0.151854828843191,0.136118717163824,0.148518097721339,0.304539643179743,0.12288209658218,0.564950017402091,0.157970813398202,0.228544593618551,0.42322462459572
"kubo_24",0.201154832267525,0.137541659424015,0.206094192369309,0.119349316280839,0.169282479688034,0.468660265940091,0.195421331329958,0.185375763595983,0.218609678947558,0.195277584983225,0,0.2255055715618,0.201827841165616,0.292417849819427,0.196293996312873,0.194908259666189,0.218845056472427,0.26222338889344,0.267770151820007,0.187725356986431,0.217770545262363,0.285868157155192,0.160386776315298,0.515622284992787,0.209492425415339,0.224545028762854,0.188383642803301,0.164324244587593,0.217167561087367,0.161898714743249,0.514161437397996,0.138888058672782,0.15897526689138,0.315505917982105
"ophelia_24",0.216151523875628,0.267569403636611,0.267213348170395,0.195478254631234,0.151245630977657,0.538101723280116,0.16903269970201,0.130370490946211,0.0936444155742994,0.165476226686179,0.2255055715618,0,0.245668588879466,0.345235425801899,0.249071976922577,0.105535179520645,0.295911300102054,0.250307705437204,0.145619671336703,0.199669090464046,0.338279376822117,0.433901411409144,0.162374764421023,0.585960021461111,0.10407962602264,0.126399677603523,0.152855266905458,0.169603902424334,0.264027114779885,0.185610324953449,0.584415984056688,0.206814096838874,0.236464352130154,0.444636099394056
"henry_25",0.197125613487849,0.138605987322598,0.116296129545713,0.247783367011081,0.236296094676953,0.398834746896019,0.261955230773135,0.201437240559645,0.242382992363017,0.263498552950541,0.201827841165616,0.245668588879466,0,0.222489906001521,0.294060280810548,0.230033841204854,0.341333686845394,0.201458161125614,0.226152250357737,0.178678130190878,0.33474826788204,0.242911454884153,0.189908370868349,0.442392998774724,0.252880985154316,0.232949536185301,0.218774413284801,0.240593627154636,0.086913441116899,0.262354685497259,0.440481737640273,0.29325399436573,0.123713372454087,0.234654470887277
"kubo_25",0.324047640769184,0.238765511501709,0.189436903387424,0.282607599901558,0.35477900531119,0.196939215023223,0.334585559319843,0.331854211960586,0.349869356565148,0.337383015771947,0.292417849819427,0.345235425801899,0.222489906001521,0,0.354743492849152,0.350792075829602,0.390076658774031,0.329389157380437,0.337127844712106,0.25448472107498,0.398933034760396,0.133388926676517,0.2922773623276,0.242599765283355,0.344079760316065,0.34074439849861,0.338116773187841,0.339473418558103,0.227270487333752,0.335724102036675,0.239866144977043,0.350152067209813,0.221078187382855,0.17779077682325
"ginger_44",0.31583251514229,0.305668371942224,0.334941739720946,0.182260585218239,0.232271027443982,0.531274766791856,0.19870394867366,0.253506305428124,0.239943978863008,0.198273755903858,0.196293996312873,0.249071976922577,0.294060280810548,0.354743492849152,0,0.213637025465417,0.0588196196399612,0.339196259758961,0.297718127521601,0.260035699184551,0.115506826094534,0.422351200568407,0.264866799722896,0.573913762056387,0.276761962746319,0.242546945152667,0.186602616894107,0.159111503035757,0.355283403550116,0.177724914209727,0.571834077526644,0.0958017394171756,0.298889068012412,0.433642508152929
"iris_44",0.179437675630343,0.266963551278915,0.294276275820724,0.193025419125231,0.11897784141006,0.534143889484408,0.159457599515816,0.0994181070451791,0.115759089588122,0.144323230279069,0.194908259666189,0.105535179520645,0.230033841204854,0.350792075829602,0.213637025465417,0,0.252091450698434,0.219607211151679,0.164192867180873,0.169371240042502,0.304442303207466,0.412308999804607,0.167272681199148,0.580303716683301,0.14373857472604,0.100099810260783,0.116729038461988,0.111352080088576,0.243567792338981,0.165395635179609,0.578202285937823,0.175643476666625,0.260751993573275,0.435519951977236
"henry_45",0.345383862022884,0.340218727630352,0.369837951344248,0.218280185080663,0.261763714777032,0.531190211491985,0.227900706479578,0.286016635578789,0.278606030143843,0.240217843554974,0.218845056472427,0.295911300102054,0.341333686845394,0.390076658774031,0.0588196196399612,0.252091450698434,0,0.379715093114431,0.335379071217413,0.28928093015792,0.10826443941347,0.413391395995128,0.299048996761831,0.574643104081757,0.308655554379968,0.278168058901671,0.222684783827785,0.192900971939274,0.386054103688269,0.218737449577202,0.572567622966416,0.139163620172197,0.338356566692678,0.430710583373649
"korra_45",0.101453556594304,0.251469819014506,0.275862599502772,0.284730600097569,0.195850738285479,0.502619778817462,0.297465213372668,0.15816147868727,0.230282390633701,0.3077971215609,0.26222338889344,0.250307705437204,0.201458161125614,0.329389157380437,0.339196259758961,0.219607211151679,0.379715093114431,0,0.134239702075812,0.19762281992978,0.379036202053398,0.355591086192969,0.252595366368667,0.540019200659389,0.248742895426646,0.205389240342363,0.23368349346258,0.256856244769769,0.18043865441752,0.294409234238979,0.538857337210805,0.322010321022221,0.285332973594093,0.385857044151285
"hamlet_46",0.158099919467702,0.268124166871216,0.279399087658269,0.245035178765325,0.176295941639197,0.520675775214304,0.194791194557384,0.139341433073439,0.112591678542531,0.210746136734813,0.267770151820007,0.145619671336703,0.226152250357737,0.337127844712106,0.297718127521601,0.164192867180873,0.335379071217413,0.134239702075812,0,0.197108337360487,0.365149175567429,0.403706948718957,0.219069032106428,0.565264020130443,0.145866975617216,0.145887278621252,0.179122778146739,0.202263796642735,0.247748773249784,0.220826581065501,0.563746284645347,0.261605916497412,0.255273860386028,0.427423521503556
"joans_46",0.149113489723412,0.203598554392264,0.2442475789798,0.178731345174531,0.120556395773043,0.430912960578992,0.190665167344766,0.119539294817287,0.1707658589935,0.218263341016157,0.187725356986431,0.199669090464046,0.178678130190878,0.25448472107498,0.260035699184551,0.169371240042502,0.28928093015792,0.19762281992978,0.197108337360487,0,0.311726349861606,0.320542314367765,0.151310435287619,0.474480700214697,0.176128926510061,0.124679784863035,0.122362438716083,0.158863075117685,0.171278836626603,0.197688172581192,0.472977286000691,0.237213038051848,0.221401533049422,0.335738646549754
"ginger_47",0.345496832640209,0.340035056499576,0.3551428896345,0.210265073840814,0.307649182066722,0.495205827577037,0.265845002321342,0.308572236281294,0.326714647303856,0.277396521091252,0.217770545262363,0.338279376822117,0.33474826788204,0.398933034760396,0.115506826094534,0.304442303207466,0.10826443941347,0.379036202053398,0.365149175567429,0.311726349861606,0,0.378914139616237,0.286311541149538,0.531592143977368,0.342419590053678,0.327928600159012,0.272421104592619,0.238013692551073,0.386600269654681,0.271799617762732,0.530695656061576,0.187803162626157,0.322977609248252,0.370941654772231
"marshmallow_47",0.341375977620254,0.239045531906614,0.215680300351944,0.333171351561943,0.40705332394602,0.199143638574474,0.401171534484691,0.381560531658219,0.418389159011554,0.409600458626682,0.285868157155192,0.433901411409144,0.242911454884153,0.133388926676517,0.422351200568407,0.412308999804607,0.413391395995128,0.355591086192969,0.403706948718957,0.320542314367765,0.378914139616237,0,0.348116352494782,0.242771641164865,0.407928778955021,0.4086205417642,0.404615698231234,0.396712689930102,0.226034333989435,0.396101884465577,0.240328645205348,0.399866235861239,0.241600154381181,0.0957914198846494
"charles_48",0.196846721805589,0.196174463084803,0.206140040655102,0.137519852389933,0.189534097811108,0.474916713182594,0.159362696829936,0.162666080045614,0.173559671833081,0.175735332528615,0.160386776315298,0.162374764421023,0.189908370868349,0.2922773623276,0.264866799722896,0.167272681199148,0.299048996761831,0.252595366368667,0.219069032106428,0.151310435287619,0.286311541149538,0.348116352494782,0,0.520641641503057,0.164094993886165,0.164194735716828,0.150729380689417,0.164309908370599,0.21195609408607,0.182350908094611,0.518149349638,0.225346680004665,0.170953769019712,0.360935967893437
"grogu_48",0.538566554534764,0.477169953134625,0.417710055292238,0.520167660965956,0.58516361490876,0.0574148657814725,0.567802514585943,0.563187866161599,0.580543508213469,0.568248833183394,0.515622284992787,0.585960021461111,0.442392998774724,0.242599765283355,0.573913762056387,0.580303716683301,0.574643104081757,0.540019200659389,0.565264020130443,0.474480700214697,0.531592143977368,0.242771641164865,0.520641641503057,0,0.582937808885145,0.570057610581939,0.572832646154511,0.570528983401142,0.449688167777576,0.578833067767774,0.0191908176510722,0.582218527855334,0.447429459114661,0.264443405138105
"hera_48",0.202932433541661,0.222785520947207,0.274440736156543,0.178142532908009,0.116417756304592,0.534737135798921,0.125653895082107,0.134170091341479,0.080992636673578,0.172545543020811,0.209492425415339,0.10407962602264,0.252880985154316,0.344079760316065,0.276761962746319,0.14373857472604,0.308655554379968,0.248742895426646,0.145866975617216,0.176128926510061,0.342419590053678,0.407928778955021,0.164094993886165,0.582937808885145,0,0.127033836834937,0.130790392238121,0.163492824089632,0.24463605933658,0.142036115485461,0.581410652893158,0.213387915418179,0.243909738712948,0.438029183165234
"kubo_48",0.164568029963065,0.262663255565444,0.290369512068239,0.188014998033097,0.118910163948947,0.524128649857186,0.139043999730765,0.0939332136864014,0.0999174255648009,0.151854828843191,0.224545028762854,0.126399677603523,0.232949536185301,0.34074439849861,0.242546945152667,0.100099810260783,0.278168058901671,0.205389240342363,0.145887278621252,0.124679784863035,0.327928600159012,0.4086205417642,0.164194735716828,0.570057610581939,0.127033836834937,0,0.0802134538321728,0.143672794749216,0.229006359584991,0.144823880703017,0.568112653151403,0.211600806406783,0.262430968140661,0.431335088734151
"kubo_49",0.192625295617343,0.248906872238418,0.28339799014994,0.130107447945028,0.102276087436154,0.526132912998221,0.0997954387487241,0.108178148519883,0.121781758335337,0.136118717163824,0.188383642803301,0.152855266905458,0.218774413284801,0.338116773187841,0.186602616894107,0.116729038461988,0.222684783827785,0.23368349346258,0.179122778146739,0.122362438716083,0.272421104592619,0.404615698231234,0.150729380689417,0.572832646154511,0.130790392238121,0.0802134538321728,0,0.0789593024029745,0.227312979122572,0.0971934617061435,0.570845882729376,0.14715224380667,0.254637051811044,0.430248833787366
"franc_50",0.207585392848077,0.234739645818603,0.288017115654352,0.139338739693716,0.116046229058107,0.523682348135155,0.113344986700488,0.138038314194049,0.151383525492808,0.148518097721339,0.164324244587593,0.169603902424334,0.240593627154636,0.339473418558103,0.159111503035757,0.111352080088576,0.192900971939274,0.256856244769769,0.202263796642735,0.158863075117685,0.238013692551073,0.396712689930102,0.164309908370599,0.570528983401142,0.163492824089632,0.143672794749216,0.0789593024029745,0,0.253067143994908,0.124584198000708,0.568596370747468,0.102589095171102,0.263320679879288,0.427143392763019
"kubo_52",0.160520139200543,0.136692465548656,0.119854755348699,0.269189195595269,0.208755730479938,0.405979297722768,0.28703327986814,0.18595791106854,0.259591227256388,0.304539643179743,0.217167561087367,0.264027114779885,0.086913441116899,0.227270487333752,0.355283403550116,0.243567792338981,0.386054103688269,0.18043865441752,0.247748773249784,0.171278836626603,0.386600269654681,0.226034333989435,0.21195609408607,0.449688167777576,0.24463605933658,0.229006359584991,0.227312979122572,0.253067143994908,0,0.288525921841597,0.447882593228764,0.320414980944312,0.150325193146581,0.239563283966067
"kubo_53",0.245940909848832,0.220557336981178,0.275243177458964,0.117958822734488,0.148569740705821,0.530027062769647,0.0927824177189688,0.167541301188305,0.139256510564973,0.12288209658218,0.161898714743249,0.185610324953449,0.262354685497259,0.335724102036675,0.177724914209727,0.165395635179609,0.218737449577202,0.294409234238979,0.220826581065501,0.197688172581192,0.271799617762732,0.396101884465577,0.182350908094611,0.578833067767774,0.142036115485461,0.144823880703017,0.0971934617061435,0.124584198000708,0.288525921841597,0,0.576773319144511,0.115236175644543,0.229207285997348,0.426758778749649
"marshmallow_53",0.536660418372554,0.475459486920253,0.415470924066008,0.518587239232592,0.583378281588958,0.0499761830310291,0.566193850153519,0.56130669085369,0.578972296207295,0.564950017402091,0.514161437397996,0.584415984056688,0.440481737640273,0.239866144977043,0.571834077526644,0.578202285937823,0.572567622966416,0.538857337210805,0.563746284645347,0.472977286000691,0.530695656061576,0.240328645205348,0.518149349638,0.0191908176510722,0.581410652893158,0.568112653151403,0.570845882729376,0.568596370747468,0.447882593228764,0.576773319144511,0,0.580131360949764,0.445231460064472,0.26203266241179
"ginger_55",0.27763774475198,0.241403867370387,0.308762218131445,0.128863592603898,0.1736004853336,0.533496700715059,0.151273736767113,0.207113790413831,0.188807364849737,0.157970813398202,0.138888058672782,0.206814096838874,0.29325399436573,0.350152067209813,0.0958017394171756,0.175643476666625,0.139163620172197,0.322010321022221,0.261605916497412,0.237213038051848,0.187803162626157,0.399866235861239,0.225346680004665,0.582218527855334,0.213387915418179,0.211600806406783,0.14715224380667,0.102589095171102,0.320414980944312,0.115236175644543,0.580131360949764,0,0.252401709310374,0.43136263601831
"ophelia_55",0.232174300250997,0.10903772505917,0.0859104527931923,0.175878572554579,0.266589989793207,0.399042513514984,0.232542059998809,0.232443141296063,0.24604490251369,0.228544593618551,0.15897526689138,0.236464352130154,0.123713372454087,0.221078187382855,0.298889068012412,0.260751993573275,0.338356566692678,0.285332973594093,0.255273860386028,0.221401533049422,0.322977609248252,0.241600154381181,0.170953769019712,0.447429459114661,0.243909738712948,0.262430968140661,0.254637051811044,0.263320679879288,0.150325193146581,0.229207285997348,0.445231460064472,0.252401709310374,0,0.237948721687759
"buddy_56",0.374726586835604,0.269459228559129,0.179164535896328,0.352504337943746,0.434271921485266,0.227078391438176,0.42373432733004,0.407761831350631,0.440263355121824,0.42322462459572,0.315505917982105,0.444636099394056,0.234654470887277,0.17779077682325,0.433642508152929,0.435519951977236,0.430710583373649,0.385857044151285,0.427423521503556,0.335738646549754,0.370941654772231,0.0957914198846494,0.360935967893437,0.264443405138105,0.438029183165234,0.431335088734151,0.430248833787366,0.427143392763019,0.239563283966067,0.426758778749649,0.26203266241179,0.43136263601831,0.237948721687759,0
