"","hera_1","buddy_11","hera_11","jarjarbinks_11","padme_11","hera_14","iris_14","jarjarbinks_14","jarjarbinks_15","buddy_16","buddy_17","iris_17","lambchop_17","padme_17","buddy_18","hera_18","iris_18","jarjarbinks_18","lambchop_18","franc_19","hera_2","jarjarbinks_2","lambchop_2","goose_20","hera_20","iris_20","buddy_21","jarjarbinks_21","franc_22","goose_22","grogu_22","hera_22","iris_22","iris_23","franc_24","goose_24","grogu_24","hera_24","lambchop_25","jarjarbinks_29","jarjarbinks_3","jarjarbinks_32","grogu_36","franc_37","goose_37","grogu_37","hera_37","lambchop_37","goose_4","grogu_41","hera_41","goose_42","grogu_42","lambchop_42","buddy_44","franc_44","goose_44","iris_44","jarjarbinks_44","lambchop_44","buddy_45","franc_45","grogu_45","hera_45","jarjarbinks_45","buddy_46","goose_46","iris_46","lambchop_46","franc_47","buddy_48","franc_48","grogu_48","hera_48","iris_48","jarjarbinks_48","lambchop_48","franc_49","iris_49","jarjarbinks_49","padme_5","buddy_50","franc_50","grogu_50","jarjarbinks_50","lambchop_50","franc_51","lambchop_51","buddy_52","goose_52","grogu_52","jarjarbinks_52","franc_53","hera_53","iris_55","lambchop_55","buddy_56","franc_56","grogu_56","buddy_57","goose_58","goose_59","iris_59","padme_6","iris_60","hera_67","franc_68","jarjarbinks_68","hera_7","iris_7","padme_7","grogu_70","franc_9","grogu_9"
"hera_1",0,5.28738553944419,3.69332346972882,4.31580367300128,3.9831864087892,2.25406943633479,5.41910419127657,2.79507856256572,2.64174696638379,2.25027666373728,3.02084905552498,3.18658656415753,7.67674326691129,10.2766538704953,3.25155300627191,0.685603358125286,3.69876261828638,1.93123303206034,5.9289849455205,3.68215867439774,2.37591814853472,3.59377130461833,1.46198297123459,1.34024171250517,1.45757242565837,2.38411856634691,1.0160019515052,2.36428797818547,1.52969040278199,4.84300854831498,2.36177933143916,2.02155107394778,2.22283466843951,2.90608449594514,2.85936472184254,1.89455617649346,4.20137977877857,0.750533266889851,3.05969631901961,3.56205095505128,0.911895216157402,4.76441387167055,2.20095363448242,1.5055518977112,2.43680419466866,2.24265247810091,2.24461917401969,3.1661233961591,7.97584343426078,2.35779896752189,2.51459073095478,1.4647262583635,1.70463111247312,1.25017513384479,1.61729458111286,5.00996708252986,1.83808503714933,3.05620294320119,2.49558817110154,1.31086834687114,1.49952389659152,2.44392097500967,1.59586365384172,2.06634755990303,7.41037013117417,1.56920503163024,1.48152500914648,3.67472840711934,1.16715024060394,1.54890829491684,1.55686841880167,1.69519775540354,2.19494703209715,2.31520039669072,2.78345499158655,5.90034139685416,0.923626550325383,1.69080030910743,2.1141574963518,3.00138352920906,7.21321441715724,5.49293957141542,2.36856179226761,2.19187965700472,2.31127154022149,1.02312328316294,2.24220549969014,1.25251892986855,1.469635991162,1.05820240840302,1.98655348615981,2.16524365241834,2.54363484112621,1.36808183025039,2.14137439369698,1.6483364004423,5.94196481794595,1.38775131964899,2.10848554869883,1.22026747568588,3.53147020109066,1.66803545496752,2.86805522267087,7.13386344501326,4.19290221795646,1.05597875530128,3.36167561926922,3.15814581835175,0.363523374635545,2.00595299345954,7.48582528086012,4.46688964084498,7.9883526702576,1.72939857265796
"buddy_11",5.28738553944419,0,1.87962652620905,1.30211632524344,1.66811547974715,3.64923671845717,5.39361354364881,3.51871183595744,3.25816020092965,5.09508909893285,2.53984929398977,5.13849180745982,2.95163835708553,8.41877873819401,2.52479994323939,5.11409001915825,5.18278686321865,3.64773450367312,1.63718422360439,2.39438464966925,5.47927812427568,4.89371956824507,5.30426233375578,5.70318253010954,4.50783701259164,5.29810215281543,5.39700009503633,3.14537735884652,4.63180383914973,0.872783443387943,6.28170471435558,6.39750585279681,5.53379819138747,6.23469169845689,3.35169809452005,3.74741593295332,1.22540429080112,5.08800912614768,4.09211195883902,1.83644806970296,4.76607410107173,0.718850474427155,6.13237618405287,5.03011643048797,3.20130215046954,6.19226325487484,4.44065810139804,2.4958240003501,2.85256331171406,6.36068099439505,3.23804159093586,4.54532038069723,5.19068023191659,5.71813450011352,5.30146217586274,6.49608419211203,3.95467059020786,5.06656935134633,4.50623788529265,5.79688034569261,5.70207126619824,3.70496310054617,4.54462793945332,4.1709324352482,4.63960661554732,5.21356091625887,5.43235149488036,3.71787721148611,5.52140161962115,5.67338702152829,5.72853938468861,5.48093638249,6.15196639748517,3.66403388457032,5.1691502140127,0.827786951809697,5.50441458139258,5.61669096193344,5.68871221984592,2.57593903631697,2.07241312250062,2.54769781388241,6.33085259316831,6.20365417793682,3.31101928891946,5.37802846805911,5.89451904367477,5.92206674778827,5.46570823918531,5.64698377886723,5.94065580411753,4.08931221681649,5.90013497714519,4.45175742902379,5.53513303795772,4.82549922379923,2.3431284492146,4.9515598614524,5.92655812087556,5.47488882281563,2.14192882646473,4.11259457597543,5.55373594720173,1.98310199929324,5.15365869071521,5.45837662574441,2.12574687666646,2.44310492323744,5.46203576461042,5.66864714842198,2.39116341000999,2.16793895005279,2.80368802196775,3.76078823911079
"hera_11",3.69332346972882,1.87962652620905,0,1.12752215677165,0.864251031600189,2.23764281279588,4.70742711945122,2.05481669535507,1.58133112770362,3.95081789375305,1.5847017498523,3.78721628128966,4.31965211426127,8.5738496246296,1.80805115237378,3.54697491176585,3.97973752029904,2.26798003041554,2.7074910766058,1.40048139216521,4.3283302708687,3.99448706124747,4.05535016797091,4.25875186832432,2.94237197568416,3.80178670527011,3.87924205155609,1.67867352708299,3.14060650733861,1.61135770160089,4.81395812958819,4.98299340590631,3.94139578458304,4.801166531276,2.12569711379718,2.34830418704551,1.15250259678804,3.49040931230177,2.87348676469031,1.01334808049032,3.22050324484256,1.61872802869458,4.67785268520719,3.39960969864195,1.98733549195746,4.74400838025474,2.96770361219453,1.66687175793039,4.54782885758409,4.91225143441776,1.75077421510624,3.16525257459728,3.77180848348501,4.17546939407236,3.77778847011232,5.58479113383659,2.49073893956645,3.76103857536695,3.53719880109648,4.20709413672184,4.24680139588216,2.44004991222884,2.91976929891289,2.64840055035922,5.0237792018869,3.75965609358109,4.09075524671049,2.7424550635594,3.98642746146149,4.09965737928681,4.28723785665079,3.98351442410925,4.69982469442223,2.1664325710654,3.79028362813885,2.61882672746965,3.98193447940258,4.13245732621352,4.19991632462233,1.40222334858961,3.74411356607402,3.04423591294963,4.8771536287831,4.72085862382539,1.99019562865244,3.80084275658182,4.46875320749338,4.32824964761787,3.91419050410481,4.16225758206649,4.47471468799197,2.66306234453037,4.46408606923261,2.91641297140659,4.05283258570101,3.22908079278366,3.1811068946507,3.40072343432276,4.44891257974715,4.00378477520406,1.46930490956716,2.74308774007577,4.25770024759672,3.63033256918711,4.16606525317251,3.71446412369721,1.17144888216115,1.69735886019435,3.92211996185997,4.21575416049725,4.01894064441587,2.23963120124693,4.50247229079212,2.16164457403751
"jarjarbinks_11",4.31580367300128,1.30211632524344,1.12752215677165,0,0.957870191039193,2.83907200039125,4.650114122538,2.41780938054718,2.22555296004584,4.32222809583014,1.65218340016656,4.11096386289956,3.7101218832726,8.45539283982067,1.68701275880522,4.0532848506665,4.21916670273956,2.55637299283751,2.23292204262237,1.62317150645112,4.83860273318763,4.03621020804274,4.33344601951182,4.70497238968345,3.34937953739625,4.30426609536838,4.31650054589256,2.01979669348319,3.73789154464556,1.03937858309834,5.15486469090662,5.42782322539311,4.53859316697975,5.28297664861598,2.58478326271145,2.74659259047528,0.593467154635653,4.00831271667763,3.47175716810399,0.87556650562068,3.70276157057713,0.837796424788128,4.99682603681457,3.94319004467567,2.26565387017826,5.06314027397306,3.36445765782888,1.70293047427175,3.74798620994254,5.24761784405723,2.22054174896592,3.58437122610012,4.08768291148502,4.73700522122341,4.14992333244452,5.94944744815767,2.95875981994294,4.12101917802705,3.76931522402383,4.77132973060112,4.73334283934651,2.8868269502168,3.39011503576864,3.0783980916551,4.4594765753481,4.14616558616922,4.47953723016319,2.86261780065152,4.65304187980408,4.67758589640724,4.63716864228538,4.47707200372288,5.02032169090857,2.49924135486631,4.18444550965722,1.8154748562117,4.48523079640798,4.61578848666262,4.71044796495735,1.54669392692476,2.99439602314476,2.55121999833412,5.40712617446097,5.07955184964886,2.28862182508593,4.44771162753871,4.95326755173323,4.95755222984272,4.3691961416223,4.64655904487075,4.79673816402624,2.93590929967872,4.91378525771507,3.34429663558306,4.53914788829769,4.02703189084511,2.65511401303447,3.89294629499444,4.76573841096808,4.38551241195576,1.49620580621597,3.1104873555968,4.58076974405705,2.91325902467662,4.27744350946681,4.42240550605239,1.43828720818419,1.77784726579502,4.49274212454126,4.67038438662426,3.29875155130782,2.50465658649866,3.74947230168132,2.74580454618102
"padme_11",3.9831864087892,1.66811547974715,0.864251031600189,0.957870191039193,0,2.51415135299364,4.66098715931967,2.34766030886558,2.00253092868471,4.15959464957401,1.62132504429203,3.83030767000788,4.01402082062201,8.56417531804111,1.70342446603496,3.79595926957956,3.98139998033561,2.41769210871269,2.47523968134915,1.26914947495557,4.57996237110649,4.03205762407647,4.16791447728401,4.3667832851628,3.15068074727589,3.91805234345293,4.07257968708195,1.88905162475019,3.30187301381867,1.20816379183872,4.94106920171448,5.07744966389021,4.08728958452944,4.82374161407944,2.19406826569465,2.43762103001346,0.941131462522682,3.74016515797775,2.99576585909306,0.999809734087982,3.4586597563279,1.32456298667234,4.79764419670944,3.62581790142768,1.98215382138307,4.8567455366231,3.24486920666623,1.50735831660249,4.2285720773383,5.03370422561675,2.0833912775646,3.25242261589022,3.88797498588048,4.40418618883951,3.90022701755816,5.62837662588179,2.65283013900963,3.82907173462987,3.68475485319405,4.43881125906673,4.3500872349088,2.48748479624209,3.1924579728402,2.90815062447862,4.91944969672736,3.86465582336804,4.19752142194764,2.63985444660688,4.28077097237532,4.26871156111066,4.40935831375008,4.11069467706111,4.81791241518654,2.39159893978995,3.85483056099615,2.31188251263668,4.15201310261169,4.25390957679525,4.29090833344974,1.48965932574547,3.39539645749853,2.74827300084183,4.95965787455588,4.85891485892981,2.18501312769122,4.06892953491657,4.54130022928743,4.6033810682464,4.04401747843661,4.31421393916744,4.60159838322071,2.85946855708108,4.50564375820439,3.11276984040255,4.14370247389479,3.56574913303726,2.86474721502605,3.66629120327475,4.57820022846027,4.13662542927028,1.21114926241845,2.82346660117794,4.25326620180162,3.29750494232046,4.1261047130922,4.0592900033701,1.11461659046286,1.72203168965178,4.18216798393403,4.28977404445199,3.65654199289478,2.35429636083703,4.19061661019285,2.4446747920059
"hera_14",2.25406943633479,3.64923671845717,2.23764281279588,2.83907200039125,2.51415135299364,0,5.36059084007123,2.25203445021768,1.61779418022303,2.98511050980876,1.92372136767254,3.63255916188739,6.15471377160537,9.30319152149925,1.9793104496747,2.27849922726801,4.00909972358763,1.66567071607766,4.43192275872015,2.50948574389829,3.12876222739046,3.84389862968955,2.64500040501888,2.86458878363618,1.94534600893306,3.15112599035284,2.59902387579371,1.69108534094644,1.92875568159161,3.26204098108113,3.60983437491553,3.45017829497319,3.11824994116749,3.84136353970222,2.14826680573998,1.57466471189315,2.65208268599955,2.30489965753134,2.567092922835,2.18801944886568,2.05670138982044,3.19720327162233,3.48110544950375,2.54985093866081,1.51749576837354,3.52876536754758,2.68420926872533,1.88576849223467,6.344723677112,3.65021340078498,1.64357577447233,1.90393156621355,2.5847326373741,2.71509278608687,2.81486994789773,4.90097639979913,1.49263387720792,3.49787276209074,2.76063317949542,2.7824950283183,2.89884713728227,1.93334424981275,2.29755513757609,2.28010296914697,6.23681567778031,2.74432973384566,2.79480526272119,2.91275722457147,2.46118537525537,2.84332377464539,2.95253224154645,2.87983920620038,3.48705298087824,2.0572719984776,3.35972886043098,4.32050266479024,2.54317421344477,2.94756776145491,3.14263564543602,2.001869270401,5.58075258045488,3.49544083408322,3.56783494179882,3.49364794792331,1.85942256612377,2.29676582857728,3.33743539545598,2.78993361715121,2.77310812712633,2.69992974282912,3.29558057406478,2.39487778248034,3.51277546823869,1.88211346745819,3.12278003869362,2.10297253604094,3.92275967239789,2.47234873261644,3.34623184471709,2.71336415228459,2.14755462725891,1.68904099840195,3.58772647483509,5.50169442068487,4.33767694916338,2.52712922902332,1.89487897227929,1.97386273307786,2.42967598353363,3.11696389557707,5.87597887093887,2.97232473248048,6.33868738819282,1.38297187308612
"iris_14",5.41910419127657,5.39361354364881,4.70742711945122,4.650114122538,4.66098715931967,5.36059084007123,0,3.46152429275425,4.09737219458218,4.59346214290242,4.43002196372081,2.75405696757809,6.65639943404997,9.81941570195108,5.21935446354908,5.02655192420158,2.20571690124993,4.5574896110755,5.59508335365894,4.04167777332054,5.37948132486344,2.71549731616526,5.39377003523967,5.25803235560512,4.60816437877415,3.73773603854903,5.1456453576966,4.34119816579394,5.023818599449,5.00600407622769,6.33138536493372,6.19537707972855,4.3975606645369,5.03014088722931,3.94845790034265,4.57000355677624,5.03102253278895,4.95900774523103,5.85998902890528,4.783270875746,4.83738333775665,5.07124744249626,6.11338437424584,4.25093578391062,4.67676204186936,6.17095190204709,3.43506351095497,4.76702916607201,6.9975037691172,6.42467551099675,4.0335764647991,4.93647859079092,5.63800426349627,6.04810970944767,4.61576264108827,6.97119548520765,5.22009629541786,2.7267337554122,4.46706062190114,6.05108385051124,5.16338946476845,4.31270081375478,4.22507388894375,3.55463382430005,4.94660466445618,4.30392194409114,4.79556888894468,2.99340531533303,5.93110686764816,5.23657931781429,5.63680483555151,4.54081907562503,6.13004453690563,3.81530524906545,3.14384748249722,5.56843529222922,5.50424090813851,4.7710955890622,4.65906087369328,4.13517834308433,6.24783193958423,6.2600450511797,5.61098335069904,6.23829710557112,4.09643969570253,5.90312538755485,4.82335866311026,6.23304165622094,4.9038666334317,5.41696123626408,5.84774483107581,3.70568905317902,4.62317631296393,4.99512879269272,4.29971914067105,5.68006948512546,6.39976491483835,4.36352167081167,5.81352808012871,5.19925986859856,4.86015995402076,4.86099160507452,3.67740511231745,6.1218207931519,1.59479902016631,5.5043911429255,4.6852483637245,4.64573461876791,5.47590696353604,4.63511219363739,6.18921343896246,5.65405217324469,6.97175168295225,4.84693572543842
"jarjarbinks_14",2.79507856256572,3.51871183595744,2.05481669535507,2.41780938054718,2.34766030886558,2.25203445021768,3.46152429275425,0,0.857290238594502,2.72633181564864,1.82860162037795,2.469828584464,5.633807367592,8.96998691831133,2.5317170273903,2.46080821554416,2.66124697099291,1.67201810576732,4.03081567579562,2.14129791070706,3.40549294662921,2.47250081912944,3.07569929746883,3.29361758259597,1.8726484818225,2.63176092411082,2.79813931968125,1.32587973640638,2.67947054005084,3.18362173749365,4.05513480180297,4.21663144167439,2.98662748694844,3.99096258902086,1.98242980190425,1.97057785845313,2.66369855903892,2.39566414789447,3.17575756159178,2.15608340368598,2.19747536014018,3.0602443024172,3.85393187249765,2.17505396880982,2.07427325931707,3.93380854103487,1.17463583371746,2.3370803910432,5.97713185075865,4.15142949194352,0.844393500223139,2.56941172819449,3.10178243836634,3.48657032477424,2.61543031517883,5.15283533534269,2.36568113518314,2.40578105368418,2.48610280103783,3.5117842273957,3.32209289014346,2.21285969806745,1.61045532519743,0.976871382317188,4.90322117120632,2.5201777140774,2.96870148443355,2.07599204319125,3.33775642583122,3.25782835902418,3.37444428554739,2.89793657402368,3.8772334636598,0.928178485680091,2.50684194933859,4.05118446778993,3.14546600799069,3.09101093073101,3.243364320164,1.55198023420931,5.21148022512132,4.15938785533513,4.09646085910898,3.93749978588,1.28382030241766,3.20153697663996,3.5135563506654,3.65303139735862,2.90034297810058,3.24137443025627,3.58546072076827,1.18010375455499,3.50829967653154,2.20153138594323,2.98928814723784,2.8886625521362,4.46957974139069,2.06020991935979,3.56457502357918,2.97200300667224,2.4258168828858,2.27927533093221,3.08911420082636,5.09845408374267,2.83819231339718,2.89322165854512,2.21986204420985,2.1193535871742,2.97287386494949,3.19645205810358,5.42772278984902,3.44156257968184,5.96225353066267,1.84668303912081
"jarjarbinks_15",2.64174696638379,3.25816020092965,1.58133112770362,2.22555296004584,2.00253092868471,1.61779418022303,4.09737219458218,0.857290238594502,0,2.95536819444532,1.69059280603676,2.80544502552574,5.54709632513802,8.88369122095497,2.23929725433795,2.44426876959255,3.07823060845677,1.59222069223503,3.89267906905476,1.89183022643668,3.42424253938829,3.10411798874612,3.13065706312449,3.25569380515865,1.84703260185118,2.73987423645962,2.81707038443375,1.1770975231881,2.38477935599315,2.90442625528523,3.98041744073048,4.09058326608621,2.92273978547799,3.91607491349669,1.79785320214129,1.73961537959841,2.36142014132663,2.37582950989134,2.7862956631098,1.86936771497568,2.16781514960403,2.84620128503512,3.81468233282119,2.23736164411337,1.76910869727956,3.8860980174269,1.72314022281745,2.02119964945548,5.86245609250571,4.0765298941974,0.699673364238414,2.38772728303818,2.99401157713191,3.29171582701781,2.7110882130812,5.16982929843769,1.97973757739524,2.74901977709873,2.72667790785097,3.30456041949147,3.25006913682839,1.98377191934065,1.76512406168517,1.37419071577,5.16907090437177,2.65479733852233,3.04767125105384,2.17107286688838,3.0913955601411,3.11977888482252,3.35438999549182,2.92069589037394,3.83528064068391,1.17178613599886,2.75809064049215,3.90630138441642,3.01352935930571,3.09142032734092,3.20089228192094,1.43805915734636,5.0661856920244,3.7762587466,3.96352964204713,3.86229491567778,1.35225643737273,2.92901808067602,3.4925980165526,3.41122313598018,2.87661882347885,3.15441271131798,3.57247762576356,1.61229033454066,3.51392145204536,2.05390716676856,3.02239773024449,2.50841037561897,4.09071310719163,2.22006425304723,3.5582245263829,2.9863918180291,2.11144405148156,2.08362143035363,3.28915814696463,4.95067309920713,3.35028310376925,2.676026266046,1.81073086897672,1.93321131329003,2.86714750579678,3.20154971207812,5.30795131560183,3.06375100565038,5.83306981171285,1.48810184010074
"buddy_16",2.25027666373728,5.09508909893285,3.95081789375305,4.32222809583014,4.15959464957401,2.98511050980876,4.59346214290242,2.72633181564864,2.95536819444532,0,2.95370288930704,3.37373583993277,7.30102386258885,10.0906788127304,3.62403387873144,2.24138706473044,3.57165201795433,2.54675246303239,5.56043336229284,3.84705864481037,1.0402752011892,2.34209777084266,2.00655634520768,2.61658523927412,2.63810832464976,2.95071225652538,2.5139987909099,2.82538312107445,2.75101299184213,4.79977412957122,4.20412039132757,3.54405818571635,3.32887706951467,4.00772509898085,2.91837917824227,2.66961382284557,4.26923995399221,2.3464393854324,3.73724568277038,3.71744574992082,2.21657502081715,4.58805100791052,3.95742924083755,2.59503300380705,2.95281958649742,4.00303304016561,2.09148114291893,3.41257953485566,7.66464962704217,4.17731991264142,2.51152386910162,2.52962950288304,3.35420316946291,3.14344215444762,2.90116980283027,5.14010085289638,3.13323466726711,2.87520326892084,0.755830334596817,3.38843625682709,2.69696141707144,2.77796698557291,2.52062368420151,2.12848845150698,6.74480657195554,2.31938081439366,1.86124109883661,3.50707603084945,2.68207947684182,3.12035917086546,3.13833356587934,2.62938827340515,3.95242774526564,2.61321592458188,2.92712682111138,5.55247942619487,2.75821671343112,2.73152979526001,3.13977361258727,3.06609772562126,6.93522232902322,5.59566170357763,3.63053276939434,4.04373307080557,2.32854810058733,2.88556183237206,3.10329731336393,3.28012038446185,2.98715356885456,2.60998986012665,3.68897299050938,2.36041335535888,3.49570294589138,2.80072013549204,2.97632764586413,2.86821354580125,5.94238142834244,2.06032998030972,3.81774790368567,2.68695672818604,3.60831694514162,2.65028039346982,3.12820955134873,6.84907621675504,3.64287056799681,3.11137988253701,3.51890367516373,2.90770849025965,2.17297415540658,2.95498788645124,7.14821116347293,4.00299974045273,7.67198315730913,2.78045690324382
"buddy_17",3.02084905552498,2.53984929398977,1.5847017498523,1.65218340016656,1.62132504429203,1.92372136767254,4.43002196372081,1.82860162037795,1.69059280603676,2.95370288930704,0,3.31410494731765,4.99314424959956,8.97186298089965,1.09043855823142,2.74497551263867,3.52347221275949,1.34807843192865,3.25338250270868,1.53060403803375,3.44787480675,2.95084689528405,2.91614303968145,3.34052020020848,2.24514008710667,3.20500425768669,2.97965000932217,1.07740177216599,2.41641309947686,2.13186645050601,4.14038062722921,4.06539338837669,3.48974533056773,4.25059357692089,1.51966343741135,1.50130293945587,1.55926946617772,2.82310439452865,2.73693235871612,1.01124451952032,2.38632596699667,1.93881237542388,3.96611222190476,2.75196564777963,1.11959922158925,4.03887819816792,2.38219116725423,0.944305889292026,5.17964797980784,4.1914915049178,1.29540348656339,2.250603710449,3.01363347196129,3.40275395597168,3.0615856737445,5.28361619247117,1.93110076739838,3.16008254235763,2.40136136433906,3.54380201683533,3.44610746128068,1.62439189225054,2.34001747351017,2.07786535096431,5.33051827988192,2.93367457223047,3.04339825207939,2.36436107518797,3.22913080813027,3.38583274709216,3.3752449520411,3.15046966062383,3.97765642986812,1.60870957573917,3.18523749159392,3.03100269918198,3.19171029625124,3.26296297031003,3.49402094195445,0.676098088861868,4.43112318118718,3.36312571650193,4.11576454432527,4.04206266102963,0.952183075932543,3.11904766280914,3.64542965233319,3.6579363536612,3.20034995791358,3.30350985953681,3.73834363191306,1.88255168985576,3.74185697952633,2.22767976909256,3.33234377011387,2.81733274681398,3.64654749158877,2.54892574386792,3.75957369936338,3.12517156443835,1.06958739294384,1.80032294750324,3.43496172362603,4.34743598283156,3.64743299150568,3.32740328468535,0.921487505814068,0.500234832990242,3.12593202490573,3.42788918970052,4.67680877385002,2.29772941669587,5.19403247451639,1.58478661949835
"iris_17",3.18658656415753,5.13849180745982,3.78721628128966,4.11096386289956,3.83030767000788,3.63255916188739,2.75405696757809,2.469828584464,2.80544502552574,3.37373583993277,3.31410494731765,0,7.15251804277137,10.0726493967677,3.91055800074299,2.83780828198412,0.616615582517854,2.83050943094869,5.68454961411579,2.99876242810242,3.99059591140879,2.45301357891954,3.43430009637464,2.80288355819513,2.52002564214704,1.12558274405375,2.85937683950019,2.85370370604122,2.66919142205362,4.50731785371914,3.91741881615328,3.63819371895019,1.69564018909407,2.37861966052995,2.44410934300876,2.57859433331602,4.2961001515648,2.75976518102866,4.32252706075749,3.81477102145599,2.70336136221792,4.65693617543696,3.74109909546476,1.86106318866641,2.96156356883496,3.78129770065532,2.09922374362267,3.42160022954447,7.43002814720875,4.00600480014392,2.80590108369156,2.67152995823429,3.35737583169142,3.66342547369543,2.21765633822252,5.86761394167229,3.13439647908132,0.737271077808065,3.41661268708551,3.57720905629684,2.66425711954166,2.45521879360998,2.26315021690418,1.99377866685743,6.14829998465185,1.96917107213817,2.63982715296765,1.96456942109311,3.68992199724023,2.62313733465149,3.26690784636734,2.01072165798164,3.74807447308375,2.33614275310841,0.667559065360051,5.58354882085219,3.05352030748732,2.23590686556536,2.00083968484731,2.98907782245095,6.56342271040262,5.62197704387213,2.9710223195769,3.82039669370553,2.72413641319337,3.59468413476394,2.26161221601838,3.79413648339207,2.34134275268233,2.97135644414785,3.49876811296208,2.17619661315014,1.96331661457364,2.85375554371525,1.66164367271406,3.66456961816284,5.94832902433062,2.36344863858251,3.47893382568609,2.85295322984248,3.79779627000166,2.75974109906254,1.27959500335847,6.4534503966762,1.37480271127342,3.13379911607459,3.50877586905404,3.61149613728608,3.23678551661241,2.02854860309602,6.63845141746521,5.01415576618439,7.41972396680211,2.91541607782302
"lambchop_17",7.67674326691129,2.95163835708553,4.31965211426127,3.7101218832726,4.01402082062201,6.15471377160537,6.65639943404997,5.633807367592,5.54709632513802,7.30102386258885,4.99314424959956,7.15251804277137,0,7.50373800997316,5.00425972099831,7.45676026917331,7.07603431620571,6.02577392609078,1.88492484861958,4.70034117798657,7.75539949077538,6.76631718251914,7.62720630455088,8.07105811439403,6.81621778793677,7.52554958593133,7.72406287417373,5.51286738690774,7.0983006164468,3.43976168859053,8.5011022430143,8.79261875685872,7.81377993275841,8.50401735113513,5.72813305775838,6.20494476536539,3.82700543716575,7.40943664576678,5.69479351034233,4.37620822193483,7.12142015917436,3.35389241446156,8.35374343984966,7.31538674279709,5.69476035638079,8.42004048345222,6.54471682237897,5.06290696998286,1.90404767261649,8.59603273663459,5.5452969199177,7.00309816762072,7.49365136257302,8.04168404815634,7.55381946193756,8.37389830563924,6.4045080512011,7.13782361300541,6.71181220226124,8.14199955308955,8.08689926166409,6.1407087028367,6.76956208021397,6.3680449482296,4.83930261385197,7.50647300387922,7.79215524733302,5.80058381425562,7.90594444812577,8.05191637920124,8.03787871915209,7.82092328054727,8.38021345095054,5.8783771870002,7.30842788513846,2.58415696636033,7.88686157822675,7.97273395544897,8.02142551089404,5.01631566971416,1.9949394812399,4.35856679963409,8.7049276240013,8.4412083759918,5.66839272657718,7.70378864929464,8.23510428264837,8.31421522443809,7.7861484932451,8.04782693564595,8.17206573818761,6.26421430962258,8.17799245116267,6.80394340881514,7.83098352742191,6.99849844362597,3.9222976594873,7.22721625435841,8.12956812477318,7.79673632889358,4.37647355004956,6.53964443156308,7.73270385516372,1.91639619516512,6.91977145109994,7.78440227234536,4.72759827592807,4.94086947185819,7.85574273378128,8.00326992030413,2.14033627861291,4.47192611478913,1.83041223561172,6.18372918622485
"padme_17",10.2766538704953,8.41877873819401,8.5738496246296,8.45539283982067,8.56417531804111,9.30319152149925,9.81941570195108,8.96998691831133,8.88369122095497,10.0906788127304,8.97186298089965,10.0726493967677,7.50373800997316,0,9.08658816841321,10.1475117171047,10.059818276373,9.40935036081308,7.51828314210288,8.87783997023871,10.3949645871842,9.84871713376965,10.3526807413464,10.6684634676361,9.72721994601483,10.2917381249282,10.3509683973774,9.10297459495143,10.0809927166709,8.58234174591169,10.9261571927562,11.2311094281014,10.4570124744368,11.0646293495119,9.35069484063403,9.58199382016232,8.57832680069343,10.1043061037453,8.44885348062984,8.73816563267878,9.96219020292596,8.49687105890784,10.8266580348652,10.0650435464542,9.35626572940125,10.8882950618781,9.51745726063259,9.16043203870957,8.51197606781291,11.0078551397926,8.9523841264918,10.0714304813222,10.2925009076205,10.4843719902677,10.2732331778414,11.5449985460324,9.67358412079232,10.0746942854293,9.80799376521423,10.5935485092333,10.7015652058133,9.59854128863124,9.67631624143586,9.43507594133989,8.6073120370243,10.2845562041396,10.5241619911013,9.30212218854472,10.3979732707107,10.6187469671878,10.6338245783048,10.5004489289564,10.8516394773807,9.22062799671259,10.186971086467,8.4780748068603,10.4968648431929,10.623187575365,10.6678219563488,9.02260615006116,8.46064689606237,8.78343058846517,11.1735036298544,10.8790542057511,9.22276984444786,10.1980696644259,10.8511297480694,10.7046495970624,10.4429335284539,10.6483324301916,10.6959647690276,9.45051033742159,10.8112211905119,9.79439419677097,10.526170719342,9.55382504394298,8.66110878451585,9.98602026683763,10.6520702607001,10.4468158902191,8.52836245472422,9.7559550335835,10.5403192970634,8.3858889594935,10.01855837743,10.2683476131035,8.90666652994534,8.99348909979638,10.4228640000811,10.6828922249634,8.56811557642039,8.85026499963728,8.48123217419511,9.43463104779928
"buddy_18",3.25155300627191,2.52479994323939,1.80805115237378,1.68701275880522,1.70342446603496,1.9793104496747,5.21935446354908,2.5317170273903,2.23929725433795,3.62403387873144,1.09043855823142,3.91055800074299,5.00425972099831,9.08658816841321,0,3.00886659651373,4.19009227990468,1.55428931489131,3.40460068344149,1.94700416088053,4.04747767970036,3.84614418520902,3.0667902202185,3.5361528640545,2.44524447649378,3.7549924994344,3.18785119614352,1.40888485008966,2.68209787799798,2.07425375151637,3.92439644964966,4.09512923641863,3.87591904950745,4.46610647405267,2.2538675896051,1.70979773071257,1.37725352713509,3.03752340986006,2.86829194460501,0.945419351031633,2.67300165360621,1.9033268978549,3.77638200205314,3.20328535018291,1.18471327169065,3.83482640206451,3.08625753244587,0.822648805826366,4.99928103539022,3.97459260716136,2.04463317423474,2.39449235263731,2.81444959267583,3.47663944023651,3.22889764388921,5.43875261874308,1.7739611760793,3.8861764221307,3.08589222018205,3.54460199246492,3.65407094170292,2.15632891059592,2.73335451765222,2.74023833625156,5.70627713996308,3.27093566594218,3.41997634354921,2.99715510552424,3.49215932676049,3.63282284312319,3.36468681178108,3.56201976583283,3.78981664760013,2.14437578636277,3.80259786246762,2.99490604929975,3.27719589562726,3.62439401848419,3.84288632779235,1.29618044709407,4.31676320783056,2.84646509399121,4.3303678107468,3.85185099191025,1.6923013540604,3.25638802898954,4.01607773808592,3.7294001967264,3.36024361028781,3.45494667627887,3.60364710430648,2.45253686715053,4.0726523804209,2.25449440473947,3.75574914377416,3.14381691607091,3.21015708357542,3.09509050113909,3.61699711488802,3.22249671000389,1.16921073030263,1.89219420633186,3.95639493669074,4.2807876027745,4.40098274826701,3.50088209188642,1.17952257567192,1.22570151102512,3.3642750358442,3.75116630308521,4.6441027150897,2.67659691156664,5.05030243698825,1.80268323265854
"hera_18",0.685603358125286,5.11409001915825,3.54697491176585,4.0532848506665,3.79595926957956,2.27849922726801,5.02655192420158,2.46080821554416,2.44426876959255,2.24138706473044,2.74497551263867,2.83780828198412,7.45676026917331,10.1475117171047,3.00886659651373,0,3.34906260046683,1.55847366180902,5.73401340131327,3.46324138679413,2.61426103031407,3.18265525823572,1.29062605523761,1.28780157304368,0.948066251688697,2.1611571868008,0.522119128449562,2.04490542899984,1.51757186848455,4.64827105695488,2.12732871785051,2.03913103061028,2.12497664150472,2.86969987783337,2.6848185059683,1.64392497277693,3.99442464574479,0.460248815450865,3.08287263152805,3.33246008693239,0.377155015202435,4.54713361597853,1.93412347885483,1.12568114330605,2.22023161805036,2.00447803163017,1.85667770097525,2.95939935438745,7.73956450640727,2.14422213612341,2.27252334289473,1.30413552957729,1.37722921669061,1.26944726252282,1.18874784767434,5.04783933892576,1.65732963371251,2.76593419983632,2.37985820855694,1.30901715063489,1.56639355822523,2.28318015535671,1.10317493223336,1.70730505215231,7.04100791704385,1.27962669511366,1.37489197672864,3.38132795063037,1.41760221263983,1.48828641592584,1.24369236111362,1.5031048099031,1.93444755032676,1.92035648008896,2.50904430038016,5.67894411537356,0.922006764230735,1.51303475995418,2.00853181793998,2.69731430443957,6.99247842365464,5.34234356345025,2.41436448570702,1.9659070140239,1.9668589886689,1.21200920165392,2.16143350921682,1.43405993777513,1.20116400466724,1.07945474779634,1.67175054814076,1.64948498601675,2.3787657383753,0.977958412554342,1.96180536910501,1.85579341864178,5.804403148156,0.913747841815983,1.76563058583748,0.894528832395692,3.34673661081694,1.39580424915695,2.58124550402556,6.91456025301819,3.82923365378034,1.13683405800279,3.19841013552431,2.95445111701887,0.711666792116201,1.86383247415498,7.25870003216059,4.47361486837685,7.76264142760581,1.51154744537222
"iris_18",3.69876261828638,5.18278686321865,3.97973752029904,4.21916670273956,3.98139998033561,4.00909972358763,2.20571690124993,2.66124697099291,3.07823060845677,3.57165201795433,3.52347221275949,0.616615582517854,7.07603431620571,10.059818276373,4.19009227990468,3.34906260046683,0,3.21781881290207,5.67522737786831,3.12953251250392,4.2260057653125,2.3278920903284,3.85136120910483,3.31454519271798,3.01661208504186,1.6351739758361,3.38719196764103,3.18504322526731,3.1596090928119,4.57234218641403,4.49166614766584,4.17136790933157,2.25556157741291,2.84434708063174,2.65006659919936,2.99396034119859,4.44477959754323,3.27860105267375,4.67286870488408,4.01726573367266,3.19929574461686,4.72893223298417,4.30434435384947,2.41034284280937,3.30032439777177,4.34461985774361,2.36484770626723,3.66426916750397,7.35980222856375,4.57668580998449,3.05182007754072,3.14566051800354,3.89846792999822,4.21856961596808,2.77016586466868,6.0756593375018,3.60891170156377,0.842815834208838,3.57961087430318,4.16096053334211,3.16830559410383,2.76692278274038,2.7356811445002,2.31052289368783,5.93636605091786,2.45529217192383,3.0483459288446,1.93687012473868,4.19169004419327,3.18924286174,3.80860028840233,2.52609463415497,4.31155113396798,2.65014407805115,1.06228432727002,5.57276085779375,3.60499458129038,2.75130245926906,2.5197646357774,3.20316884996541,6.49386177372401,5.74329499722574,3.4712332590042,4.39583678383287,3.00315502858964,4.12963484740903,2.72632251446511,4.36111105434832,2.91984948732665,3.49983110203685,4.0568406172683,2.50802027991827,2.45534688956206,3.36490287987038,2.17872569844247,4.12359194862624,6.02794578583244,2.81064377197856,4.03937893330528,3.3834481882473,3.99304353275732,3.21257441948209,1.61606674424062,6.37895831683493,0.808676230093427,3.70758161629874,3.71450558408244,3.79755680901553,3.74047602509834,2.53754919691353,6.52746682372869,5.11682796981173,7.34417277057952,3.36022365516555
"jarjarbinks_18",1.93123303206034,3.64773450367312,2.26798003041554,2.55637299283751,2.41769210871269,1.66567071607766,4.5574896110755,1.67201810576732,1.59222069223503,2.54675246303239,1.34807843192865,2.83050943094869,6.02577392609078,9.40935036081308,1.55428931489131,1.55847366180902,3.21781881290207,0,4.34551677108179,2.22505190875249,3.09787356688597,2.94062290811481,1.91376348738928,2.29542333472838,0.99656023096471,2.55378149163401,1.79164618913088,0.648622559999859,1.73515836514072,3.17469157434536,2.89617200390201,3.05372044360786,2.70016263958354,3.44990660383773,1.87848573249954,0.774344650081486,2.49638861573413,1.57626551624203,2.67317596778525,1.836247585637,1.21024496337569,3.04302346727853,2.69752171015574,1.78656943662338,0.988728017405388,2.76919125667674,1.76120801505796,1.56210686388425,6.21077768123017,2.95281550415109,1.32660990559056,1.35271296256201,1.76473716594864,2.36418004635063,1.84421424440684,5.08545944271731,1.03013505519506,2.80116382415948,2.22703431018413,2.40666073291645,2.45257737036362,1.63444686380685,1.2516460384383,1.42303983011695,5.95368468756356,1.89329379235646,2.15514463161823,2.59440155807788,2.42322816142714,2.43998426915214,2.16506563251788,2.28777561357561,2.71145357228533,1.02724948316307,2.66451961112534,4.17154012300729,2.02950587935357,2.37120058308791,2.68270377259701,1.2904661675906,5.47974769917893,3.99511717873035,3.2807331310281,2.78258882044441,0.80087665146369,2.17561426037135,2.88844410143245,2.61567286360763,2.04517627946949,2.19634920236729,2.45335788359891,1.11912371545401,2.97145805234144,0.944124430962003,2.555092550242,2.267617051947,4.41664898126291,1.63659742300734,2.48044196108023,1.88907078139788,1.97826632628939,0.877359120512851,2.87015767413343,5.41251145566513,3.55368330378835,2.21585791409509,1.85326278545821,1.64834632842448,2.04371680988428,2.55445595194042,5.76101454692358,3.3942061439469,6.24436058445905,0.805106121071661
"lambchop_18",5.9289849455205,1.63718422360439,2.7074910766058,2.23292204262237,2.47523968134915,4.43192275872015,5.59508335365894,4.03081567579562,3.89267906905476,5.56043336229284,3.25338250270868,5.68454961411579,1.88492484861958,7.51828314210288,3.40460068344149,5.73401340131327,5.67522737786831,4.34551677108179,0,3.14323002601733,5.9742666605653,5.21511774307846,5.91709761486278,6.3697417473886,5.16188642602226,5.90876237426602,6.01868707781046,3.84861968029335,5.35888637322915,2.08530893344675,6.95110373805961,7.09638807456798,6.20034154485346,6.95249577175039,4.02109761225871,4.5135766751863,2.2953733779126,5.72455169248426,4.05785041203541,2.75501749768644,5.39927039366638,1.88476929103271,6.79948067150162,5.6373322881628,4.02130931251333,6.87060337908838,4.91349994972208,3.43370860068179,2.79125737733962,7.03287732412163,3.82080653462146,5.30026003153837,5.89515986552449,6.30638792583397,5.95683051206017,6.97089056062628,4.74563315820977,5.59390772763729,4.9806258706914,6.4461010146659,6.40602227941843,4.42268527867499,5.1224348351618,4.71773645514892,4.65752172459833,5.86543771170526,6.07167113011126,4.34073023829437,6.10114859252778,6.34752830789278,6.38300770680246,6.1263268069282,6.82166373466349,4.23918442791066,5.75049391856036,1.65724682459909,6.18574023511608,6.27201140770302,6.37018262512367,3.35344143867522,2.3138536546183,3.43804446280923,7.02825615741566,6.87543340038003,3.94298153196681,5.93988460718644,6.56050096055601,6.56980701811938,6.14856634864104,6.33716598144944,6.6016750893264,4.63457372476543,6.56878926803436,5.14528139103388,6.18701376700154,5.21814476714196,3.17326482303937,5.49573018001869,6.57998295007508,6.13456728913095,2.66969568077314,4.8439847568508,6.15745388355942,2.17185633137914,5.57914150673778,6.09315914395221,3.03771649154924,3.17796975318698,6.09895861087978,6.3551952710694,2.56412998726161,2.78897719283641,2.75571942944627,4.45816814263827
"franc_19",3.68215867439774,2.39438464966925,1.40048139216521,1.62317150645112,1.26914947495557,2.50948574389829,4.04167777332054,2.14129791070706,1.89183022643668,3.84705864481037,1.53060403803375,2.99876242810242,4.70034117798657,8.87783997023871,1.94700416088053,3.46324138679413,3.12953251250392,2.22505190875249,3.14323002601733,0,4.28712094207684,3.45379041487511,3.85504970085849,3.82187754841993,2.83903396694139,3.10217250319717,3.67771429454195,1.79368331935646,2.71718282780126,1.72153800142506,4.65156336672638,4.54509537267818,3.33633508411972,4.02205262948445,1.28706317870897,1.98526309943721,1.6980903761511,3.43335486888726,3.19917928335706,1.50810144793802,3.1199508884172,2.00505634769924,4.50829521137397,3.05855913781424,1.65354202951386,4.5620395844946,2.890863757908,1.38440829145734,4.88736721401393,4.74106189211717,1.86019301372533,2.76028942532911,3.6354935005029,4.0890571239521,3.42033730949696,5.5896201558263,2.44493980298909,2.98917297612776,3.4246954815336,4.11509055006209,3.76701509769517,1.69597398164679,2.85699740569436,2.50963816511248,5.28648383566727,3.29498713420645,3.64713354169937,1.7527569505546,3.94979750465066,3.66248717456059,4.00846677257477,3.4141694734283,4.52157845567874,2.01350664315611,3.01487897850289,2.94881780743455,3.74013062153906,3.57081034201969,3.52707220805434,1.34110101545177,3.99413553377636,3.33285107629852,4.23720565617723,4.5682492820464,1.9429569060732,3.78437262536136,3.75641078086392,4.27719818321612,3.50039506780271,3.83979941074954,4.29801939111643,2.52031049508107,3.68324029526003,2.8620790490823,3.35968180413018,3.38158178799885,3.50150955385031,3.22273484175668,4.28297336048806,3.71926951271511,1.48973782150861,2.41659986254484,3.36712718904525,3.88029050711675,3.30488521822143,3.75571378862547,1.08055264262251,1.75792724239861,3.84347389416593,3.55909508620382,4.12742813022156,2.69042319877756,4.86317145287382,2.20333207264331
