"","hera_1","wolverine_1","hamlet_11","hera_11","jarjarbinks_11","hera_14","iris_14","jarjarbinks_14","kubo_14","wolverine_14","jarjarbinks_15","kubo_15","iris_17","kubo_17","wolverine_17","hamlet_18","hera_18","iris_18","jarjarbinks_18","kubo_18","wolverine_18","ophelia_19","wolverine_19","hera_2","jarjarbinks_2","hamlet_20","hera_20","iris_20","korra_20","ophelia_20","hamlet_21","jarjarbinks_21","korra_21","kubo_21","hamlet_22","hera_22","iris_22","kubo_22","hamlet_23","iris_23","korra_23","hera_24","kubo_24","ophelia_24","wolverine_24","kubo_25","jarjarbinks_29","korra_29","jarjarbinks_3","kubo_30","hamlet_31","jarjarbinks_32","hera_37","kubo_37","ophelia_37","wolverine_37","hamlet_41","hera_41","ophelia_43","iris_44","jarjarbinks_44","hamlet_45","hera_45","jarjarbinks_45","korra_45","ophelia_45","hamlet_46","iris_46","hamlet_48","hera_48","iris_48","jarjarbinks_48","korra_48","kubo_48","ophelia_48","wolverine_48","iris_49","jarjarbinks_49","kubo_49","ophelia_49","wolverine_49","jarjarbinks_50","korra_50","kubo_50","ophelia_50","wolverine_50","jarjarbinks_52","kubo_52","hera_53","kubo_53","iris_55","ophelia_55","ophelia_57","wolverine_57","wolverine_58","hamlet_59","iris_59","ophelia_59","korra_6","iris_60","wolverine_60","hamlet_67","hera_67","jarjarbinks_68","hera_7","iris_7","korra_9"
"hera_1",0,1.25390500858866,1.35132252181441,3.64521689182964,4.21869015185769,2.24401505707661,5.34077180646589,2.76865719413892,7.07210481423115,3.47304732986399,2.62182169265124,4.16939113759447,3.13634899024397,2.95097782547906,1.23777835342603,0.793912239270968,0.688877551637631,3.65951718057487,1.88398186664799,1.36843730823438,1.39252177724644,1.6967415779487,3.44415351855669,2.37279013086248,3.52315496204144,5.2957725746562,1.45035091444935,2.36803069729803,5.17034813268343,5.79483046844548,3.58176926052077,2.31600116983652,5.20382198089921,3.21260400746999,7.06328229422643,2.00361887870396,2.23163109276913,2.80647550100873,1.37657148630203,2.90325059902873,5.90158270351053,0.768534362636955,4.67349328184688,2.44733914376881,1.62393164404917,1.69433082900747,3.47430220364646,6.77050167107815,0.894004755581595,2.39418255769327,2.15072207011789,4.62475782140229,2.22979357539286,1.81372206685654,7.5221908285896,1.84043775049789,2.51458039439502,2.49963693504155,4.344967656111,3.0079994528071,2.44146396922801,1.71745573324631,2.04035827147364,7.2582456813377,4.12831780009567,4.29816489936856,1.50470250084987,3.57726408530398,1.83752929921698,2.27553329528584,2.75604534906945,5.7285176729862,4.7589697380528,1.23511560168631,3.84018980873663,4.94861752000589,2.10285463841902,2.91164485248168,1.068384567241,3.92907272990282,3.40419367750798,2.25446540934067,1.61584482551001,1.46309702582529,7.96285433592932,5.11389480856982,2.12631790420675,5.94566193755129,1.36202255168125,1.52133433307167,2.1386615816076,5.56150252958286,3.22844355616029,6.03566136456143,4.81256442865297,3.27697438415874,2.81884997799592,6.14455766814166,1.70204230101678,4.11554556923897,3.07482563933909,2.80122553275863,1.04745078644349,3.06495884070904,0.348651321493615,1.98423458743938,2.12855938599164
"wolverine_1",1.25390500858866,0,1.01104235868944,3.37749114923431,3.86548520031057,2.43486277287267,4.43029192871206,2.11125478853669,6.74915871722582,2.60389109640843,2.23287714244235,3.90330408920194,2.39604537899796,2.73358109194021,1.06077970593844,1.15085276457437,0.811544710931377,2.87837223181386,1.65848505896097,0.855382058880425,0.561106824275577,1.13512976948918,2.73768627907713,2.60732817205631,2.60679737072541,5.34676655817107,1.16531253513864,1.81615873660961,4.84718357426281,5.68368273633575,3.71089795766909,1.97350986958936,4.90321831704747,2.93887088915709,6.97601899409829,2.45727206133804,1.98225195448996,2.53134515925542,1.24702073639813,2.95904204390699,5.57588602760955,1.05637134559516,4.41143853593076,1.68808217282033,0.967243033416837,1.53576185486838,3.23061076499444,6.45002941361575,0.778015605297785,2.30184534411203,1.77721968741141,4.33806121604832,1.4078580621403,1.44399004056161,7.19702720951079,1.312690718901,2.02160611475695,2.04850669802878,3.76617440612141,2.26607915674274,2.26322114960315,1.56399786461969,1.35764125572234,6.58613092520542,3.84661399093703,3.6586436762749,1.59809896685535,2.99435873046396,1.20524822035592,1.71091564150994,2.12699272066052,5.40397148925167,4.47113677213952,0.481439815961047,3.0864833958802,4.79060229117895,1.97443883329225,2.48107960890062,0.410486344535378,3.36119672606365,3.10408459054255,1.73953892566251,1.66415789041617,0.66354036306645,7.61805499587272,5.15623360285893,1.33511285495603,5.6324820295641,1.38932407573155,1.31471956316998,1.80954963667118,5.14196962909137,2.59798434897542,6.07800334617742,4.87677761751357,2.84172126141523,2.2879327787708,5.64835235238422,1.23101446322935,3.29082504825815,2.74992266664169,2.33052924891135,1.313397599355,2.77912753089891,1.29552116570135,1.91512204449248,1.68691034059646
"hamlet_11",1.35132252181441,1.01104235868944,0,3.12948826649185,3.54447476128978,2.26304360654474,4.66096993551131,2.08513049090761,6.4337232395133,2.80399787823434,2.10935396196043,3.62727546480625,2.52698974880866,2.59363217638608,1.21562903877478,0.765345708215769,0.812647245041864,3.06364582256144,1.25725004814967,1.09862019696371,0.769183589727485,1.34080198517689,2.92914208074639,3.25697943882139,3.14515137254476,4.90813321147993,0.47024974268522,2.10680719701171,4.64799104976939,5.34287734908711,3.28102031466087,1.61461805216364,4.6073674958419,2.50870556747909,6.56561426594643,2.41851247520551,2.08242754568167,2.11867405935861,0.721281702443337,2.91374480579301,5.33757073572367,0.761271353782537,4.14138972081112,1.87031479216864,1.44285458420008,0.965301833716066,2.91160399993204,6.14961809951189,0.683862513739901,1.52345468091384,1.9283980368269,4.09371436829005,1.68426567129111,1.35174459449706,6.87166902952425,1.27042250114391,1.94799696054768,2.04367331790219,3.72751263386248,2.63120453891802,2.73595256764781,1.97842488874256,1.47942444848231,6.49469424116225,3.76664156080701,3.73282183914522,1.90041140165782,3.01598481003926,1.17458563790605,1.46804218714602,2.39332144311535,5.18436702332953,4.26888738426393,0.787174950827677,3.12785288812876,4.59013284777717,2.14088471882454,2.29806466500467,1.00490351308587,3.25445457744799,3.07158106611924,1.72861226103563,1.41139418178064,0.86305114033883,7.28319678884147,4.8876456187077,1.25340509216308,5.39231508341304,0.624656760916653,0.751649780916,2.03298417245097,4.93558177411217,2.72038570408861,5.6917023428631,4.51149302369371,2.62787506406033,2.55264221647607,5.46867962890302,0.81279221621079,3.55226001874935,2.83011708118223,2.94099606910152,1.15453686475984,2.77387232359321,1.47504638306171,2.03110041967168,2.0107101667499
"hera_11",3.64521689182964,3.37749114923431,3.12948826649185,0,1.09722963917552,2.21211600566463,4.72384987522795,2.06161085645794,3.64999325533231,3.33969666316501,1.55754417436492,0.687350869410188,3.76932279888255,0.840715725538511,3.32901592032697,3.44998854490867,3.50936571014344,3.99284013981691,2.25575771992906,2.76768699551819,3.19044812549428,3.0939712406902,3.95414835902405,4.33552007493729,4.01449083697814,2.93536938097023,2.91116093389522,3.78465347463137,2.02455311121438,2.94261849733791,2.04797551391823,1.67476719325691,1.84275749989143,0.944289029247622,4.05825419480246,4.94665378446945,3.92230023665267,1.29562406084305,2.68539996015941,4.78747120230144,2.54957001291527,3.40146691682759,1.24741273960428,2.56996897775996,3.07206831272947,3.44539724594301,1.00465921436423,3.31018641794465,3.18714498779973,2.30418519843239,2.19290542975795,1.55371799144745,2.96327769681233,1.98568405814698,4.08852364137098,3.26877533319398,1.75562486221012,1.72463830844059,1.94265992079156,3.74467813057072,3.57436066759226,3.27063618160264,2.65699159235515,4.94817256411334,1.3153168483745,2.44543505389412,3.21297906702459,2.74637571232954,2.99362430439342,2.16823023445191,3.79262527791579,2.51713868024226,1.4742611344456,3.4053699296054,2.67188554897769,2.66868734359203,4.19261766581964,1.40784770622695,3.55113309342338,1.54376314255862,2.12864556700593,1.98188519338089,2.27042040765946,3.00219724727837,4.52575629358046,2.87533163928869,2.63748680076588,2.58653529623517,2.87444580657329,2.70744680432032,4.0362609898922,2.40487829803251,2.07966585323996,3.53053762296878,2.56945278747553,1.05181617979779,4.27336058778607,2.96687309854838,3.0622258017951,4.16667021745217,2.15179706694213,3.30797948266779,3.57716280917231,1.69956553219959,3.87165565281529,4.20254551139241,2.43788445960815
"jarjarbinks_11",4.21869015185769,3.86548520031057,3.54447476128978,1.09722963917552,0,2.76502302635397,4.66527232373505,2.38162388067727,2.91641696694201,3.66552060530053,2.1631058338166,0.651406414782013,4.06217589606179,1.51050415719109,4.03608013815974,3.88723974078631,3.96814985357173,4.20782599826241,2.50324866127532,3.23370732886986,3.71491684764114,3.42180463906545,4.27073231179624,4.79515137767758,4.03264924887862,2.62278871737456,3.27521871586879,4.24821709040589,1.28675850868668,2.42771076785501,2.16916585405275,1.97551875298135,1.0826548761813,1.11490887663068,3.44240187967096,5.3501366811627,4.47747970858936,1.468283741376,3.08286927715685,5.23214474271126,1.82091582546454,3.87391497574134,0.796764869020099,3.00766480073648,3.7562795155436,3.67068687953863,0.863579958359755,2.61906147617817,3.62413805333789,2.46009161140775,2.72728828808252,0.803504791824371,3.31964972102809,2.61320994506659,3.37893317649192,3.72445620178737,2.07869516097218,2.14244683778305,1.68921800452165,4.07127293508593,3.76745732000921,3.68739926562239,3.04179824864248,4.4118726502893,1.1401332882456,2.35940128064137,3.62090332469999,2.85344991073446,3.34385230247249,2.46055219035325,4.15152562347174,1.74729110400022,0.943918436066899,3.90248605978938,2.61400201402244,2.47180521534192,4.66153898903358,1.52868703146655,4.02332250037046,1.218595874252,2.21268343301887,2.23989917853606,2.6636631727369,3.39451765282041,3.81892786799891,2.66275404981834,2.87288839086597,1.88600704984163,3.25983059082569,3.15641738278813,4.48145426276773,1.96158768116552,2.27796062459271,3.18045543855578,2.52652782612656,1.24950805757097,4.56510721796831,2.2422592579387,3.37690452207709,4.26311252996269,2.38355436269777,3.67474257693876,4.24164668392751,1.75660677814674,4.39446697297578,4.61844210494693,2.7896337283614
"hera_14",2.24401505707661,2.43486277287267,2.26304360654474,2.21211600566463,2.76502302635397,0,5.32527895844354,2.2415408821092,5.4378970676199,3.6349351760462,1.58984032575996,2.60648895917859,3.59888253459095,1.56885677801296,2.3894154303201,2.23839949701646,2.27916816475647,4.00187147341545,1.65557214772629,1.97912678450649,2.42972024398743,2.43573433386998,3.84899005860069,3.15119616729074,3.82128743717106,3.26067471895744,1.9498894699045,3.14380462108891,3.57429565125405,3.76876849199047,1.58435484559895,1.68342671630151,3.59474506910152,1.96817742730644,5.09702727840896,3.45487717989742,3.13868454309907,1.77351232436889,1.76304590302696,3.84955715507432,4.26521830678346,2.2660969300996,3.04993952417963,2.51836299419048,2.41479597640023,2.65185658189558,2.13196638510345,5.11764396434473,2.05555103540308,1.93642071776632,1.54667270404305,3.08518895633197,2.68734893318243,1.51729435092519,5.91469715729078,2.51145571960358,1.6532110835715,1.61815404331542,3.10855827259496,3.46562117747192,2.76931595981505,2.43381567059984,2.29296373408633,6.10220168124683,2.70159155370348,3.23488050232471,2.16702828141958,2.85446310150452,2.49788939039543,2.04282680669695,3.36351899557107,4.17699248600126,3.21991111442425,2.44932813004486,3.2304627950984,3.04148806810879,3.1565417964592,1.95772873885275,2.4301805047642,2.85722060789382,1.86001883845005,1.82867621559271,1.40151359229377,2.06497178408353,6.37983454518168,3.00013139961814,2.36735251677425,4.33530207805438,1.88242195399352,1.62117796239755,3.13415100881586,4.1039411448908,2.66389565787488,3.9821593460995,2.70902639841111,2.20020035207733,3.5888048998692,4.67473452994786,2.40284071244693,4.29790362564706,1.58706558611796,2.96108163721501,2.46003375313651,1.9182748151817,2.41454822051865,3.12503190493047,1.96796614364279
"iris_14",5.34077180646589,4.43029192871206,4.66096993551131,4.72384987522795,4.66527232373505,5.32527895844354,0,3.42358851756328,6.39462919101073,2.13831105453706,4.09218464265916,4.88928227264398,2.7192182539963,4.63799451027723,4.96808905652342,4.95532479160919,4.94730923164521,2.17159917156828,4.55369173801173,4.19427502820502,4.35935040979777,3.86888741312028,2.6018355908373,5.30088806271608,2.70051801955391,6.35284404214215,4.55324455732059,3.68509323454946,5.2229374127071,6.12236874985256,5.59613599140162,4.31599062505506,5.29525882774941,4.5456937815784,7.13760701543425,6.10984594050666,4.31861093267061,4.40042610870688,4.56871985671648,4.98649873346395,5.6336759792313,4.83801633325841,5.13413675345863,3.29695401864271,4.21499511691674,4.44443112423222,4.78581474561868,6.18854290916877,4.78175252641997,4.88349006154662,4.21399386933301,5.07074054001073,3.37142889052207,4.46496800379857,6.71937831058513,4.00725714712336,4.04269962462867,4.03160956229165,3.99243158093157,2.69539628914979,4.44323290949204,4.09238877484056,3.5073853993348,4.94641045162054,4.69539953080684,3.73015594526739,4.44933002884859,3.01377555528133,3.70280347294863,3.7769291441737,3.09023136997691,5.55721503170006,5.07576438907863,4.47757909835093,2.97393689201599,5.17855554849526,4.60892195035909,4.13080511430871,4.79059646343076,3.67591146481288,4.29696198335026,4.08983047568774,4.68560004110238,4.26427749869381,6.98459022308514,6.2503439835418,3.68821453008,5.66109748768453,4.94380694749344,4.73989562512695,4.22511588767218,5.13112434228498,3.13421716507344,6.73134831244773,6.02500519224721,3.92901765996925,3.66296381779815,4.9738554766217,4.04083217432749,1.58803210898757,4.35873282966692,3.74925338595771,5.31889739321823,4.65635724827839,5.40393568926199,4.58177085194078,4.01121246792368
"jarjarbinks_14",2.76865719413892,2.11125478853669,2.08513049090761,2.06161085645794,2.38162388067727,2.2415408821092,3.42358851756328,0,5.10535147374895,1.82459123384734,0.87528823077562,2.44433293917669,2.43934455793264,1.70875355602456,2.41477786805973,2.42563136462942,2.43362991205229,2.6494872387676,1.69176258182482,1.49790401083345,1.91315590300157,1.54027426823405,2.70587507493341,3.39213008111725,2.44524792609397,4.06542462682712,1.85192892715568,2.61670037345902,3.41213458529386,4.1418673607564,2.78348120476108,1.33018406910207,3.35097172109736,1.71702846235926,5.42191105008651,4.18577114570132,2.97303305478495,1.52565809515709,1.75254794395154,3.98730177397112,4.00310322364318,2.32736779978514,2.96145881354206,0.765711734909733,1.89610702222453,2.19309550132454,2.13895990002153,4.78915990237958,2.18324310165651,2.13681790115765,1.14774586300646,2.98814428716762,1.17193106185005,1.49783808760596,5.54937513648326,2.14443142864878,1.0056751117662,0.856334730218714,2.05394199183682,2.3750019383057,2.49129496356301,1.90902956718383,0.973674386573815,4.78543241826409,2.45522247312496,2.02022243199558,2.03615939365675,2.03141785073162,1.39707600232165,0.928334365113749,2.49214213517775,3.9414235863798,3.00991045940152,2.2126777200925,1.45600766808752,3.51386695864217,3.23911256535757,1.52318319408403,2.41291189324668,1.64868210201889,2.16531018615252,1.28906512016117,1.74438168409742,1.76570498053385,5.92867251657563,3.98015614759227,1.16199545352097,4.09142642548515,2.18687618033351,1.89116404336384,2.96892057830102,3.50562456534298,0.956424281300775,4.7604069264964,3.66949081141132,1.20112800068411,3.09037776548699,3.8709418958818,1.6948035511301,2.79732720635066,1.9464018250044,2.04624030708301,2.76921069877791,2.09439236129639,2.94641863568382,3.18511379416142,1.37197890257734
"kubo_14",7.07210481423115,6.74915871722582,6.4337232395133,3.64999325533231,2.91641696694201,5.4378970676199,6.39462919101073,5.10535147374895,0,6.08855806762329,4.9376010785452,3.00876538573299,6.60878998736535,4.2474372937614,6.89714958730581,6.75720119674311,6.85692236897205,6.59598037663316,5.3692902536372,6.09894424220314,6.59854204559708,6.22856815589237,6.72507560403645,7.32417646617566,6.41600758839178,3.48437469346345,6.16735292191411,6.96067494476946,2.12418179926194,2.63795432548184,4.37158139270287,4.8691636075047,1.90236906536687,3.97193390805305,2.29535776938629,8.13189106481338,7.20926268033014,4.3531602563191,5.97260817874434,7.84997447092188,1.29508850617367,6.74640222485907,2.47663228917194,5.72934719528763,6.58509439002561,6.47150354551207,3.635033415211,0.417241932265837,6.51395970390175,5.2207846337458,5.50104423588384,2.5321151399464,6.06678388944105,5.48951974373176,0.518102404980272,6.5482536126873,4.92823942628227,4.95555654369043,3.63021084774989,6.62389243850027,6.28719362162969,6.40287962189106,5.84443102117261,4.4485166052278,3.19952646505977,4.28014769729574,6.35511847350405,5.20215515041768,6.16359695093641,5.31394517756293,6.77016831955876,1.5639631856387,2.40745229148362,6.7954342286557,4.84745742456281,3.74567993996613,7.41281042481187,4.3508180093546,6.91360102589166,3.61298977728414,4.61753155710573,5.07979080389125,5.49873158193768,6.28821139013552,1.0442222497324,3.6656280607185,5.69809352964614,1.25424704823785,6.12621943205725,6.050930133621,7.23232348448741,2.40451187933899,4.77501940190225,3.3840311868757,3.83561894342203,4.02726951013975,7.19364386410929,1.89631354352823,6.2206410499532,6.47800593942045,4.91067891764134,6.1365697949626,7.10570661270798,4.32996183013852,7.2471780962181,7.37868160957509,5.52066442733124
"wolverine_14",3.47304732986399,2.60389109640843,2.80399787823434,3.33969666316501,3.66552060530053,3.6349351760462,2.13831105453706,1.82459123384734,6.08855806762329,0,2.37656141904536,3.74420743457668,1.38158201062494,3.133455384202,2.91613523687805,3.13695537847862,3.12902060639751,1.31928659373312,2.93104644550058,2.38897917741844,2.41344134780233,2.22214672509203,1.46841601338483,3.98710829217561,2.25984165399357,5.40811646979559,2.74705471807312,2.08288959819504,4.56978830056572,5.43486659063466,4.23487223077318,2.70106911081003,4.55137822733151,3.12129469553255,6.62640885153077,4.50339708622291,2.59734887013551,2.92865554391134,2.7832572505069,3.58860260254914,5.11679751049643,2.9880093893257,4.1801702464067,1.45681746478357,2.18487064403419,2.82325110357433,3.52751194633305,5.80505819654405,2.9752378385669,3.27388455526432,2.50013028039879,4.22251337176379,1.63670770088845,2.60611695289884,6.474511906034,2.19963156120789,2.50943941583487,2.45854664844983,3.16639272189363,1.43040747030782,3.32099614244115,2.54033371291534,1.7186526248258,5.22355340348415,3.74111089513492,2.92420738727962,2.88733229748132,2.10098171872571,1.93166630426856,2.133824939716,1.69313606054968,5.03725596606176,4.22878767997634,2.59574666340361,2.07043078819185,4.46291731306116,3.03883987356264,2.76259608420732,2.99300794442236,2.77587149356079,3.21152328556198,2.5645435525774,3.00325289762237,2.49957807198614,6.81781457515539,5.32932313750741,2.03717407558871,5.15503963433271,3.13982350781575,2.88350655569286,2.66962054337177,4.50825124513538,1.91930640958267,5.97141302468776,4.95245708744987,2.60462497796283,2.50894568463616,4.7428817598458,2.27893552469725,1.50115776234009,3.11397930404835,2.58060815237861,3.29301963815706,3.42884948846608,3.60174505014532,3.04828590949658,2.52292928221792
"jarjarbinks_15",2.62182169265124,2.23287714244235,2.10935396196043,1.55754417436492,2.1631058338166,1.58984032575996,4.09218464265916,0.87528823077562,4.9376010785452,2.37656141904536,0,2.04944673498881,2.80302195918715,1.16290761596819,2.2510204904918,2.39727172014039,2.43243322720948,3.09789756936597,1.60550131860569,1.61561780268201,2.02338330783336,1.9253079947285,3.03792212272687,3.42551016983528,3.10478878268916,3.5865055669351,1.84354440456266,2.74738519621223,3.20754703647166,3.77023445357909,2.19225586896264,1.17962278496178,3.1116450378102,1.36407564874817,5.08461701556687,4.07475891401651,2.93761736357107,1.26776846083143,1.69501301038876,3.92976383210882,3.80785321041749,2.31765255052811,2.61402505851038,1.3244880256961,1.88741192396257,2.42803365393864,1.82417948357606,4.6003387840693,2.1649311421177,1.93283495124912,0.94597118413435,2.74402477742228,1.74826739174657,1.16358130666078,5.39187338264869,2.1878682283027,0.916254058583657,0.69410137330747,2.10657560291025,2.74354310005103,2.74300432338321,2.13604111782373,1.40958085437656,5.05292030322214,2.22915588496478,2.17844801854064,2.13460648220943,2.14016987658013,1.79852903810045,1.18779035461196,2.77456160430359,3.77145978609213,2.75187696044897,2.27561830204324,1.98424878640065,3.1126370150741,3.21810524938124,1.40144562082601,2.46473957656625,1.80424708968603,1.86297886989082,1.34866733325762,1.53750306403531,1.87148922554608,5.80134227409226,3.48046454716672,1.60803004775279,3.8874744618118,2.044957964032,1.68106280283135,3.02869124239187,3.35169504500213,1.43426932622794,4.29529566276724,3.09602024565939,1.1129556691764,3.31390926887746,3.86215268609577,1.94105725427789,3.33964364695576,1.61483708005591,2.38589713068389,2.56655714824513,1.88730469272113,2.84675165874323,3.21085424969887,1.53171136572986
"kubo_15",4.16939113759447,3.90330408920194,3.62727546480625,0.687350869410188,0.651406414782013,2.60648895917859,4.88928227264398,2.44433293917669,3.00876538573299,3.74420743457668,2.04944673498881,0,4.19658432638962,1.29322949922199,3.93979811833882,3.93248494922191,4.0075872718411,4.36482189049227,2.63389604259735,3.25688523337787,3.73705629467083,3.51936795314309,4.37633925525642,4.71714929548925,4.26775523645379,2.56593083719527,3.37345071583285,4.29688895432105,1.44133467567498,2.412861765796,2.06535452123648,2.07525693677077,1.17531540762871,1.19218519787877,3.45735261057493,5.41925950757502,4.47427517345141,1.59948064695661,3.15087462542029,5.27447025483164,1.90190522947503,3.90104624010702,0.612588708925374,3.03060537767776,3.67337546431695,3.83925891502392,0.998206657461798,2.67042749342291,3.67630662761565,2.62989081081059,2.65092949178411,0.99377269354565,3.40066606518182,2.55194966222598,3.46014343535263,3.78835408559714,2.15518622083666,2.14108324059554,1.80247622214608,4.17252053669435,3.84572897522301,3.69005829453779,3.11102076160755,4.61646184817346,1.03812624511522,2.4318644529474,3.62022015579898,2.99975759287567,3.4460855639608,2.59327659182632,4.24690092817426,1.88984285363517,0.878311741871032,3.94497457128225,2.79496233129516,2.45159379447993,4.70461953520256,1.69077803319461,4.0671179402543,1.4743225688275,2.27367638148507,2.35612384285808,2.68420092316451,3.48547856745629,3.90684057720393,2.54616563051192,3.04143211056171,1.94955323812907,3.33490588063354,3.19994185307002,4.54331330184921,1.96010607965328,2.34162465695346,3.10545736766557,2.35005433839828,1.31283363563402,4.70679510848183,2.41812901039787,3.50765651220321,4.45808433874573,2.38710863909595,3.64912162929985,4.16753457798851,1.8356008974081,4.37649765410124,4.69125216830419,2.81626297032942
"iris_17",3.13634899024397,2.39604537899796,2.52698974880866,3.76932279888255,4.06217589606179,3.59888253459095,2.7192182539963,2.43934455793264,6.60878998736535,1.38158201062494,2.80302195918715,4.19658432638962,0,3.44180284261232,2.7907270207388,2.76472154579862,2.78983349976183,0.616978041903685,2.82453299630948,2.41160740569582,2.3267046902405,2.27764427168342,0.458174403094645,3.9385851912861,2.42239873266109,5.57838166910328,2.49312518824897,1.09409473785856,4.96687226876816,5.76432371806391,4.29205343768571,2.81807859658098,5.01779128446281,3.39208735200204,6.96967640859793,3.57620741986996,1.64546478161687,3.0876272131697,2.60085105469642,2.37040103838643,5.61445174397006,2.66531300447042,4.60231940340031,2.09703875586426,2.21808092349615,2.53085903620785,3.76628134686765,6.35001421525108,2.67225303979005,3.07449778462257,2.77212787236579,4.56957221679498,2.06831752697705,2.65202760720872,7.01311209313514,1.49746171778743,2.74814041762934,2.80689196268896,3.85216718501722,0.716915279771985,3.38846466289254,2.62077621736882,1.97697488420556,6.05582255712147,4.20922101109353,3.67035898455307,2.86680140039024,1.90445515688112,1.99159465800544,2.30153763871523,0.628609095034866,5.47441268565563,4.69757607832021,2.23344246734779,2.86056439159153,4.49481207794566,1.97525980972404,2.94562282666894,2.68395011510686,3.38236154726872,3.15087324484499,2.70148376905603,2.93493867133122,2.26599808131231,7.38848756404654,5.48102058412258,2.18013409644436,5.62316442704392,2.82440299479066,2.64092429432582,1.60845918058136,5.14394934248205,2.65411867538405,6.12610975019009,5.08782598003499,3.10083064488219,1.27524668948102,5.39382773892358,2.10057111803223,1.33152006028386,3.1321571618547,3.05506975446049,2.98231105170775,3.57618875116295,3.1908443761942,1.99732787963615,2.76221019657304
"kubo_17",2.95097782547906,2.73358109194021,2.59363217638608,0.840715725538511,1.51050415719109,1.56885677801296,4.63799451027723,1.70875355602456,4.2474372937614,3.133455384202,1.16290761596819,1.29322949922199,3.44180284261232,0,2.79137083559101,2.81776369936677,2.83914384358192,3.7154739095635,1.63830500453195,2.09917792073323,2.63654256139363,2.46978123078913,3.65713596256336,3.55158292871211,3.5005934594013,3.12886576427878,2.34865123762005,3.30473980410167,2.38211070787839,3.25878192257249,1.87414524209894,1.15837359514904,2.37382368499864,0.959669992033554,4.49063457562324,4.30362596136464,3.46865987652503,0.971550071491348,2.08450152528322,4.33739302017574,3.05182860747113,2.77675623377069,1.79564408583184,2.14553659935901,2.53907504151096,2.91052971170846,0.959741926885419,3.91708603395296,2.51803455276793,1.96271930976079,1.55790141408794,1.87049243093895,2.4568717924662,1.38501437491247,4.70732586562872,2.77467052440591,1.19512071096278,1.1381717443053,2.0321405091863,3.32261090761562,2.82012827029311,2.57242516146809,2.12508757593427,5.22933579342383,1.37947914220026,2.39260016318906,2.47132347706148,2.51030819930401,2.46657457977415,1.71211891194243,3.35459318677559,2.94323877836035,1.90007266594116,2.81036852251898,2.51528755187109,2.75104875636899,3.64188063374821,0.990288786343141,2.88121901906723,1.59708068727227,1.732799775469,1.32764815465579,1.56193244187767,2.36325855694673,5.16217208516835,2.91397832899552,2.12661771340598,3.10074126616282,2.31066128743673,2.15262543094946,3.49818016197944,2.89822082379643,1.77291949725062,3.77401075775894,2.69504021624252,0.980449817049286,3.77266663947071,3.43845823685772,2.54413242851741,3.90020899234467,1.60792859721735,2.68161744875462,3.03760673938036,1.09760748966429,3.15304192661574,3.62693875108955,1.71135097140426
"wolverine_17",1.23777835342603,1.06077970593844,1.21562903877478,3.32901592032697,4.03608013815974,2.3894154303201,4.96808905652342,2.41477786805973,6.89714958730581,2.91613523687805,2.2510204904918,3.93979811833882,2.7907270207388,2.79137083559101,0,1.35603000751368,1.19355284062171,3.32667583635064,2.03516450577057,1.3851146865354,0.841989333441552,1.82617005506796,3.08185953145802,3.06470121045847,3.52190000017179,5.37544706826672,1.45327163720515,2.12243771262969,5.09051486193702,5.79732897253073,3.70115028563326,2.21665937607161,5.04570877231022,3.01289059581396,7.06617045871827,2.62392577817384,1.96175454743886,2.71118112442368,1.52040198867495,3.00023812187258,5.76325569413559,1.22433571161336,4.49510381365535,2.01627286853519,0.837900540812996,1.98339263634127,3.40437387896005,6.57798162636629,1.236706394772,2.41384333647907,1.97652082248053,4.55274284531842,1.95795033981701,1.48026973248401,7.32969102489567,1.55862529991569,2.36686174646663,2.33063863915585,4.04525654293235,2.77649194441557,3.01686839079916,2.10714277866588,1.83777917334549,6.89813251717342,4.07569052794429,3.96674061686713,2.10070500632481,3.38679738949982,1.71999447123584,2.09158971137985,2.5651987315919,5.63682207639993,4.62978512027353,0.950270637371888,3.50018965514157,4.95731656517776,2.18350029020844,2.80609852803571,1.12550036276877,3.69987405443564,3.43869427207855,2.23210289877962,1.9338806138374,1.39055846475709,7.74428903133353,5.25559406839685,1.94388109577212,5.8099969381081,1.52135076495251,1.38528602339057,2.12435383479601,5.26031418709863,2.996522263427,6.12409611209419,4.84878337579676,3.03380268428892,2.82415841861069,5.89375464358928,1.67178711638589,3.85593845823771,3.08658357040489,2.90444572219074,0.602223230332678,3.17303331899222,1.4622955052567,2.22893563587569,2.25526879464186
"hamlet_18",0.793912239270968,1.15085276457437,0.765345708215769,3.44998854490867,3.88723974078631,2.23839949701646,4.95532479160919,2.42563136462942,6.75720119674311,3.13695537847862,2.39727172014039,3.93248494922191,2.76472154579862,2.81776369936677,1.35603000751368,0,0.461188035936966,3.29718189250169,1.47020917927986,1.15906622935582,1.12993186072239,1.35009957800018,3.13605993851302,2.80837006509456,3.27727206227207,5.02882663593514,0.833911918223106,2.19219698737639,4.9193097688102,5.52334938906041,3.35296426336523,1.93878791917396,4.91669870663909,2.85444936026418,6.76210247043475,2.06912442502916,2.11161638318168,2.42855034930702,0.881364950278531,2.77500779176915,5.6344112529884,0.23107484194417,4.4332498598141,2.1639626123804,1.6437950657447,0.949081746401179,3.19090420604374,6.4723002692785,0.568748180961778,1.8452194487269,2.0529779179233,4.36340244336824,1.91468048539324,1.66486121190637,7.20155170345014,1.48957702498493,2.24331582709206,2.2851326304879,4.05246622228665,2.76383824957936,2.48264788128138,1.70611782564516,1.69085084993497,6.83953243671399,3.96704906469101,4.02475957432831,1.53552138729625,3.2476363314878,1.37542239581276,1.84147635433411,2.49033562623013,5.46615904532089,4.53765434014627,0.990051213575553,3.44700007081784,4.72634831187801,2.0263488667093,2.59849100007517,1.02848197816511,3.58960413094361,3.20445679637684,1.97865506654318,1.37572328957184,1.12397408471179,7.62829792744285,4.95427720929115,1.64174729416962,5.68435502910357,0.83127734124218,1.09318534071116,1.99426505440556,5.27682395337427,2.96631954937658,5.79663720904558,4.61208939578297,2.95726077045101,2.57726101353798,5.80924002157961,1.05804273405374,3.76358527695167,2.9461199968324,2.86872931382366,1.1339973637101,2.92375220563041,0.887765528249827,1.84081061606691,2.04087017526038
"hera_18",0.688877551637631,0.811544710931377,0.812647245041864,3.50936571014344,3.96814985357173,2.27916816475647,4.94730923164521,2.43362991205229,6.85692236897205,3.12902060639751,2.43243322720948,4.0075872718411,2.78983349976183,2.83914384358192,1.19355284062171,0.461188035936966,0,3.31233630138797,1.52842848585325,1.04820927386174,0.954379937098607,1.30377897032115,3.1527200107884,2.61373490706182,3.11212991178339,5.20225654767216,0.946031190482741,2.15086318741081,4.96698669330334,5.65625035665405,3.51734841988587,2.00574847029091,4.99807330334891,2.9678141559346,6.92020148070303,2.03152225356329,2.13510159629368,2.53702072161434,1.00778041503693,2.87972568846191,5.70020243642539,0.471104438065794,4.50891791155149,2.12525746488034,1.47674782059139,1.19649906487083,3.25946897129203,6.5660392396703,0.368377099489892,2.05480528844916,1.99339366468786,4.42299190745557,1.83773570560248,1.61071623792149,7.30668048403263,1.50984701090753,2.2214070625867,2.26537213630201,4.0557566185916,2.72301472304788,2.33888016211622,1.64753677727116,1.67943426450751,6.89194747308163,3.98651284127187,4.00511017350586,1.50048174328036,3.29512349038302,1.40078655386202,1.88505878166365,2.48690871500628,5.5215123300191,4.59087274625252,0.773938017049943,3.45608892308575,4.83587474686951,2.00856060515531,2.62060307274126,0.610493407873081,3.61742499292599,3.23049665273012,1.92221820475077,1.45621644947195,0.941515683479957,7.73574758405748,5.06527620404569,1.61188970107309,5.75421125517109,0.986342409089402,1.1551325892383,1.96242668883348,5.34209545415889,2.95437854435892,5.96414971208421,4.76868892303183,3.0199680205117,2.54331499755558,5.87103473166915,1.19563770654636,3.75581381363749,2.91771160645033,2.70667620463194,1.08637345271651,2.87923579276577,0.713451898564644,1.85803670216005,1.92589034327312
"iris_18",3.65951718057487,2.87837223181386,3.06364582256144,3.99284013981691,4.20782599826241,4.00187147341545,2.17159917156828,2.6494872387676,6.59598037663316,1.31928659373312,3.09789756936597,4.36482189049227,0.616978041903685,3.7154739095635,3.32667583635064,3.29718189250169,3.31233630138797,0,3.23916346202478,2.83075685232906,2.82937678634781,2.63316437726952,0.487929993839185,4.18994178029801,2.3288447272981,5.7596381050286,3.00380270103638,1.61611145399233,5.02739417551278,5.85467756801701,4.59374859571091,3.17655759735245,5.09971249236553,3.66941204843555,7.03188747011634,4.12153686834055,2.20807718289595,3.39473020116037,3.08289792183733,2.8349084583928,5.64094139221378,3.19280506348899,4.72999682457455,2.34517450392527,2.68132765277642,2.99129369639615,4.00584178114183,6.34844893340731,3.18352664234751,3.51821167321006,3.09668299943537,4.68518164482187,2.34174752236685,3.08502076461024,6.98725819433816,2.0845144801333,3.03607106573851,3.08041026868258,3.89039987443481,0.8494691982159,3.58099444641211,2.91526428878493,2.30811187050935,5.87042544616317,4.31481562144446,3.67818737271733,3.20192436110398,1.93155792037196,2.38312128491105,2.63728906642457,1.04205284162414,5.50719768846543,4.79269705249426,2.77496174444596,2.85752883653273,4.57235966609662,2.50432987740862,3.19807826705484,3.18779696708177,3.43782563799391,3.32693254929895,3.01316483192826,3.34874513608088,2.73966998227838,7.34552936425625,5.64454191672466,2.5304640943777,5.64671176974215,3.35102507168676,3.16070659975189,2.13799767625883,5.17195082914478,2.71591041473223,6.25331473971774,5.28756947060453,3.28381507491819,1.63467432004701,5.3271021344691,2.56742221565597,0.777760795336504,3.34841120010222,3.14865886871647,3.55932003458566,3.80582852580587,3.70733792872644,2.519231011613,3.0216594052944
"jarjarbinks_18",1.88398186664799,1.65848505896097,1.25725004814967,2.25575771992906,2.50324866127532,1.65557214772629,4.55369173801173,1.69176258182482,5.3692902536372,2.93104644550058,1.60550131860569,2.63389604259735,2.82453299630948,1.63830500453195,2.03516450577057,1.47020917927986,1.52842848585325,3.23916346202478,0,1.15039276511577,1.61635927097403,1.43115571638744,3.18509570818865,3.10427137271708,2.94956817441487,3.9397032337545,0.991430517391866,2.56350535068553,3.50569647155906,4.29141516880626,2.39999232699892,0.646816656898455,3.52880506073768,1.57496533095296,5.50029533146598,3.02594002447933,2.70593317200663,1.10270549885496,0.775388591307624,3.45644343243674,4.23131415557246,1.50033632315664,3.08513047736123,1.84166678267532,1.98864991552474,1.44591066713458,1.79182331223238,5.09223091053098,1.18799496334053,0.971478867639879,1.53044570062231,2.95017227441668,1.78495368533246,0.997042611838134,5.82290403489869,1.82983896195533,1.17631629285092,1.33970990827945,2.89325249272137,2.799835705106,2.24775320592668,1.88652688291523,1.44922746497611,5.85955530623658,2.65066409252538,3.05985859628009,1.70790663317971,2.57382129271271,1.45114751696861,1.04628718934558,2.68479462504092,4.0463030097568,3.16703043268062,1.67053086287437,2.66630704973847,3.65027209735371,2.69137884426524,1.25892884128365,1.69448584137357,2.33337394859516,2.20247106033286,0.802469678102704,0.581453679559393,1.19160733340568,6.26007269745518,3.84984077146691,1.12237037824301,4.28562553233765,0.915320723372032,1.0419467716739,2.56397633882291,4.02471658425347,2.10280472986252,4.69106903591375,3.60535778004493,1.75062035809246,2.88840406611266,4.49029896581073,1.28082014690388,3.54910398846462,2.03059001325193,2.59625548251986,2.09450067090685,1.61179610336031,1.99820045812396,2.56038035841721,1.38520209454571
"kubo_18",1.36843730823438,0.855382058880425,1.09862019696371,2.76768699551819,3.23370732886986,1.97912678450649,4.19427502820502,1.49790401083345,6.09894424220314,2.38897917741844,1.61561780268201,3.25688523337787,2.41160740569582,2.09917792073323,1.3851146865354,1.15906622935582,1.04820927386174,2.83075685232906,1.15039276511577,0,0.8752887964434,0.622922537780601,2.74537004513778,2.42356585146939,2.46872955370131,4.71414359765894,1.0079676743389,2.0360300419926,4.2148403649694,5.01425568631932,3.11568899492691,1.36467976172599,4.25059748471733,2.31963641860997,6.30038677865334,2.91720813086569,2.26124058881292,1.90287766885767,0.848777477917656,3.22282581782281,4.92568475767561,1.04353502908612,3.77019275410296,1.18912844037826,1.10452008446606,1.34465824208874,2.61172802461664,5.79514927780738,0.83974881784022,1.92077802306963,1.20996569067364,3.70441279966779,0.997826274306746,1.03338327382786,6.54916970737751,1.4725006217268,1.42207391629873,1.38566269451251,3.17385225424739,2.24851996145692,1.82766891355299,1.02930893462693,0.778385567310206,6.0617181371311,3.15592429810655,3.12074147711368,1.03605593585822,2.63429972376023,0.790303169928236,1.12834311119858,2.17466758465959,4.76825000062977,3.8102821597449,1.04857814502155,2.57911136900775,4.22819879436081,2.32427025978727,1.89503245774762,1.08338813877076,2.71457957391138,2.60993186144369,1.14056817821152,1.01739804525664,0.732653281545998,6.97284143366428,4.53716498272935,0.895824536173087,4.98689540174117,1.25031829401537,1.18218835935148,2.13489717394728,4.52642175655737,1.93855299887318,5.44377713442572,4.27004406087359,2.15617430741001,2.5184819458563,5.01557344879513,0.96861807888652,3.15787644333568,2.27896565116146,1.86542544624883,1.64393141345291,2.20771672717174,1.5069111744858,2.21490455201439,1.01161357324915
"wolverine_18",1.39252177724644,0.561106824275577,0.769183589727485,3.19044812549428,3.71491684764114,2.42972024398743,4.35935040979777,1.91315590300157,6.59854204559708,2.41344134780233,2.02338330783336,3.73705629467083,2.3267046902405,2.63654256139363,0.841989333441552,1.12993186072239,0.954379937098607,2.82937678634781,1.61635927097403,0.8752887964434,0,1.15607692882733,2.6859940036648,2.97779885386989,2.83306321706274,5.22377842993543,0.993198533944693,1.87830822801308,4.78552554692549,5.57394877814852,3.60017360352055,1.82708179825057,4.76477935826372,2.73152177730037,6.83993976251334,2.70362812982717,1.96520375183967,2.36994135438014,1.12625426892518,3.01242348503781,5.46903237050654,0.994047509547526,4.27552780232682,1.4802701686892,0.803152910065616,1.39581905103222,3.12403048315392,6.29569082894199,0.89940447443777,2.10122839289183,1.73357339384642,4.25943409804367,1.28375169464745,1.32153580540577,7.03420072362914,1.24408219505699,1.96807467482402,1.97680882006591,3.64871345053755,2.32567505390351,2.58314997475811,1.71586232477968,1.22148980493076,6.4108325018514,3.80109381169217,3.5569897535448,1.7786529946893,2.98107068738647,1.01669954051196,1.54123650522692,2.16603618822744,5.32572352059218,4.37010922633478,0.531551573998606,2.94000111580121,4.76219576967386,2.12976282787929,2.41768068024599,0.818359783063024,3.24020728436374,3.16584448914872,1.7579245033327,1.6546645784519,0.809771039453673,7.43995730353389,5.1239182020504,1.20429570272254,5.52665789156388,1.26575881962789,1.15285660814053,1.95347006298457,4.97307256939743,2.50447398463312,5.97995788058544,4.76617912670787,2.66356187646049,2.46053532353245,5.5102347966316,1.0098772828227,3.29555763743736,2.84270947608584,2.51765742685474,1.13635404905747,2.86310680615737,1.53442702111025,2.08579417111509,1.82143373029182
