"","buddy_16","buddy_17","ivy_17","padme_17","buddy_18","ginger_18","ivy_18","franc_19","ivy_19","ginger_20","buddy_21","joans_21","franc_22","grogu_22","henry_22","joans_22","marshmallow_22","franc_24","ginger_24","henry_24","ivy_24","marshmallow_24","henry_25","ophelia_43","goose_44","iris_44","jarjarbinks_44","lambchop_44","hamlet_45","hera_45","jarjarbinks_45","korra_45","ophelia_45","goose_46","hamlet_46","iris_46","lambchop_46","hamlet_48","hera_48","iris_48","jarjarbinks_48","korra_48","kubo_48","lambchop_48","ophelia_48","wolverine_48","iris_49","jarjarbinks_49","kubo_49","ophelia_49","wolverine_49","jarjarbinks_50","korra_50","kubo_50","lambchop_50","ophelia_50","wolverine_50","lambchop_51","goose_52","jarjarbinks_52","kubo_52","hera_53","kubo_53","iris_55","lambchop_55","ophelia_55"
"buddy_16",0,0.0214448425281272,0.0221664197953607,0.045707278147544,0.0362434427009854,0.0101122109220774,0.0288137658614069,0.0188606119980819,0.0239866422431836,0.0100749243509816,0.0276994566371455,0.0309363198126963,0.0124257912537834,0.0105138971373073,0.0215969252235128,0.0214740921135958,0.00962056174546633,0.0169537161845378,0.00861885474574383,0.0195812445410073,0.0254523405364638,0.0254235513789687,0.0276396606545319,0.0374171122314792,0.00987507923614063,0.0226695219777401,0.0232851040696197,0.0157723390026904,0.0206767851048416,0.0221532834341879,0.0457281643188651,0.0206964302077291,0.0317504789516446,0.0128824521650247,0.0152213752487823,0.0217791080185106,0.0155886823824962,0.021415470259044,0.0232244915329902,0.0178491533942652,0.0288274048189401,0.0221867607116652,0.0211151098200233,0.00994917956955128,0.0361034788840842,0.0256468921558516,0.0115464679680467,0.0183009652810754,0.0221424797626376,0.035374925233505,0.0204986713185805,0.0080686571047319,0.0107289903173829,0.0202789593961759,0.0153636625391584,0.035320229837368,0.0259157818515256,0.0109788778916278,0.00872023621968531,0.0100688222660398,0.0300706313996063,0.0239688423514064,0.0250756921893022,0.0177325119089202,0.00862064829659299,0.0342648505660663
"buddy_17",0.0214448425281272,0,0.00974435148116278,0.028457511374797,0.0198190035135302,0.0151211218522358,0.0228860160511034,0.00870420867292312,0.0137424983273814,0.0143035793023262,0.0089976041521015,0.0173218550719897,0.0127813506661251,0.0148667499353118,0.00913222796367581,0.00839483423035118,0.0214822531014355,0.0107205751344311,0.0153078962306668,0.00870001947939386,0.0122552162875842,0.014364193883751,0.0130820917504503,0.0221195313690085,0.0183149195952993,0.0158656600909368,0.0265264631054883,0.0194407145171687,0.0174367615173959,0.0163836049354001,0.0298909870263172,0.00920917077963831,0.0171639365623323,0.0112964149733596,0.0118195256209338,0.0190632625729168,0.0190836955635056,0.0151305802611913,0.0129848274933107,0.0145300872624308,0.0137764769646681,0.00960213304878589,0.0147091828851123,0.0244792160781413,0.0250375393817256,0.0127422903436973,0.0139105103102812,0.00970504796478875,0.0125289201204026,0.0223867096824534,0.0105416662971201,0.0179935191878411,0.0140242258613304,0.0121225148457544,0.0224992848811458,0.0194402346149013,0.0124808163291296,0.0248797135337959,0.0234349553753958,0.0169054569379659,0.0148556721517522,0.0118994250892091,0.0127000155186297,0.0116320467891622,0.0161465421002372,0.0173277328688746
"ivy_17",0.0221664197953607,0.00974435148116278,0,0.0256238630002009,0.0144123618948882,0.0158315600994111,0.0233192490753408,0.003620192546621,0.0150199895585537,0.0171477592260923,0.0175456017386827,0.0198251720296995,0.0141851452965812,0.0166573239122086,0.00170029317072758,0.00433726270490258,0.023117223756807,0.010215671959094,0.0170848909632243,0.00302136801159851,0.0151320912433079,0.0165662148703646,0.00599087050794986,0.019765294503964,0.0193378180962167,0.0175621542828976,0.0267008234367604,0.0226596823780504,0.0186070398227609,0.0172448906902693,0.027154901210734,0.00382753460522151,0.0157225922620042,0.0139731304427329,0.0128319443372707,0.0195509449839613,0.0223026213816353,0.0155571716154534,0.0126308009251814,0.0158415760655054,0.0069114514540959,0.00173582018080958,0.0170268515863533,0.0259481358333735,0.0238200343977073,0.0065513373500225,0.0150082144654191,0.00868256833020237,0.0137901645645651,0.0205465059926205,0.00880660697011599,0.0186470570250349,0.0149098054971794,0.0133602094401714,0.0248285564670495,0.0135800836541674,0.00530578464877373,0.0265578852050248,0.0248004320786278,0.0175800372060265,0.00830586069574924,0.0129516830392073,0.0136502372533971,0.0130479302211317,0.0175941059681601,0.01369042774775
"padme_17",0.045707278147544,0.028457511374797,0.0256238630002009,0,0.0152623741233028,0.038000959878547,0.0346322433380607,0.0283484193114654,0.0290848475118323,0.039735172773711,0.029432882497097,0.0283087032779014,0.0365696906281048,0.0389677764560531,0.0259745167641826,0.0261322987216551,0.0459187427489929,0.0317474696372512,0.0400566505217874,0.0278082588766537,0.0282049063270266,0.0299904289595244,0.0215170433445064,0.0158016578038585,0.0423737200442133,0.0332014364692877,0.0441839378670808,0.0432457591987898,0.0359540662481125,0.0333110938218298,0.00906615403888732,0.0268672446714861,0.0190788954387193,0.0360547359166532,0.033816340656092,0.0364524806259758,0.0428605834842841,0.0321914667819374,0.0283880511351711,0.0347114919614892,0.0204143788666899,0.0254372047660738,0.0339612519131696,0.0490439310470976,0.0267776443915412,0.0232007269831478,0.0374242603509349,0.0301141769321363,0.0301528044349248,0.0234188657563241,0.0282513198771837,0.0421364042650497,0.0379806809838581,0.0311530538404677,0.0458926964996838,0.0159092537647017,0.0229518889136867,0.0494259072868508,0.0480391805148437,0.0404795397488558,0.0194611799566512,0.0282389298825725,0.0274718124783465,0.0326132373572907,0.0409011391916097,0.0132043053398331
"buddy_18",0.0362434427009854,0.0198190035135302,0.0144123618948882,0.0152623741233028,0,0.0293547489734522,0.0280426589479384,0.0176947700953238,0.0214305628434955,0.0309084051319527,0.0235185606290756,0.0232153767460016,0.0275317122939528,0.0299986530684125,0.0150112620570655,0.0158954675541075,0.0370786056336346,0.0220544317565374,0.0309195802994278,0.0172221279202955,0.0208744175920933,0.0234926010496936,0.00970332494853121,0.013746232753377,0.0332224138729533,0.0255189528275654,0.0360102774509452,0.0354780621899283,0.027457333940103,0.0250413434319974,0.0178588793054439,0.0162931919815434,0.0151536723903311,0.0270126568173183,0.0247916244354527,0.0282824529779408,0.0350439819882714,0.0235996044954595,0.0195749575009125,0.0261672709655459,0.00817127098050954,0.014426120530108,0.0258749997413898,0.0400955805499633,0.0221861581843968,0.0118808361362627,0.0281570397350759,0.0205695365776866,0.0219022390312257,0.0176524140327751,0.0184647769959732,0.0326661752558444,0.0288127869396412,0.0227028828773979,0.0379415291146357,0.00394503817341144,0.0116320382371007,0.0406381712622514,0.038955118532393,0.0310717505044015,0.00691170263071951,0.0203624241038862,0.019521408571884,0.0237421981187805,0.0317135774962033,0.00699586105354813
"ginger_18",0.0101122109220774,0.0151211218522358,0.0158315600994111,0.038000959878547,0.0293547489734522,0,0.0261909448596063,0.0125459794809819,0.0182036534456478,0.00567403282526002,0.0211158565673712,0.0221081265155069,0.00481189486877033,0.00740579387679808,0.0154827613239767,0.0144464623883964,0.00993986119336884,0.0117316683057088,0.0047427885345639,0.0131857616820702,0.0183820744798113,0.0167954143110709,0.0213352178777169,0.029703091119996,0.00800574880903863,0.0181075209407124,0.0249753465165695,0.012156537252875,0.0178826313871507,0.0177730740116109,0.0380496758285223,0.0144100155059356,0.0233710285041531,0.00658406481214634,0.00904945627099906,0.0199195414486502,0.0123806073917092,0.0160616801454759,0.0166723701818683,0.0133906260562257,0.0221650585128365,0.0153764050066114,0.0166732487509734,0.0132232311021182,0.0299861942823996,0.0199512852779103,0.00603982675866208,0.010177120060955,0.0147859271228319,0.0287201681872427,0.0141746220541081,0.00762440427197971,0.00500146711895388,0.0129837461743638,0.0132501920605257,0.0288172475900045,0.0198160228156654,0.0137865453110602,0.0121513299331294,0.00715506776161672,0.0236642557642502,0.015258755910382,0.0174058179618581,0.0112960762252402,0.00789145102769732,0.0266500413163175
"ivy_18",0.0288137658614069,0.0228860160511034,0.0233192490753408,0.0346322433380607,0.0280426589479384,0.0261909448596063,0,0.022395042177736,0.0127482701437102,0.0272364862811385,0.0251471038100014,0.028556896204744,0.0254052276725896,0.021813428164797,0.0221571088827347,0.0218062165122958,0.0342636053562945,0.0168234946839562,0.0259312459518322,0.0236256929556834,0.0182689688168517,0.0265691262808686,0.0246081570179749,0.0249717136027781,0.0326818136210534,0.0114351427503009,0.0152873409383505,0.0326181278190146,0.0111422842023579,0.0116229925299102,0.0324943942600685,0.0204790573326406,0.0230838639865916,0.0232746013108715,0.019240652850241,0.00995000104231571,0.0303171645953133,0.0147658285756617,0.0163689884665141,0.0148115352785995,0.0262064334828203,0.0235578225963248,0.0132731978123223,0.0367376807659758,0.0190337166643061,0.0200949066160755,0.025217062904105,0.0245707389002622,0.0197897071205107,0.0198547467230319,0.0168193461144422,0.0312372413086232,0.0264169347592514,0.0193391574166919,0.035631385558947,0.0282904943450871,0.0250280072298304,0.0374236499086229,0.0356431260027425,0.0302887583481424,0.0244283257651915,0.0261146061496404,0.0203142378469621,0.019555495436162,0.0263911721764806,0.0250679576553592
"franc_19",0.0188606119980819,0.00870420867292312,0.003620192546621,0.0283484193114654,0.0176947700953238,0.0125459794809819,0.022395042177736,0,0.0137487466305791,0.0138647823754157,0.0169285004067004,0.0194261190670074,0.0109194271713094,0.0133054291940938,0.00325361635960599,0.00443776428893978,0.0200332033385542,0.00764375685005312,0.013589567315595,0.00199073900087078,0.014001829726098,0.0153707927497252,0.00945591137912841,0.0213060313122081,0.0163342396429807,0.0157169185363415,0.0248134582163262,0.020005513745844,0.0165716551821837,0.0154556915437335,0.0293381975489359,0.00340640584981846,0.0165378914264023,0.0104986235678789,0.00976404553540084,0.0177753738736443,0.0196261364908091,0.0136051449136373,0.0114190500690427,0.01317214073331,0.0103943043762594,0.00363058319329969,0.0150435367278208,0.0229059254535666,0.0240110548326598,0.00856584010447782,0.0115338731414813,0.00631387736976268,0.0120249982721911,0.0212463412268062,0.00726891336811189,0.0155235925128004,0.0117234265475807,0.0111831185012681,0.022154515209023,0.0170304637825402,0.00837157334658935,0.0235645076292265,0.0216987355591076,0.0144094325860181,0.0116742219013588,0.0119229492506995,0.0126935430391912,0.0102378934665322,0.0144482117297351,0.0162718292580249
"ivy_19",0.0239866422431836,0.0137424983273814,0.0150199895585537,0.0290848475118323,0.0214305628434955,0.0182036534456478,0.0127482701437102,0.0137487466305791,0,0.0194267067850753,0.0165869859285326,0.0175412008162086,0.0166764372529403,0.0158780565331535,0.0142119925570317,0.0132067036617817,0.0270740924840724,0.00974176238807864,0.0185812365516619,0.0151806855067462,0.00617356765098295,0.0147194192801555,0.017733764542293,0.0175559675850628,0.0245924511793654,0.0074580225715338,0.021858657325005,0.025597102070723,0.00970760937122718,0.00658123522847614,0.0274479827236519,0.012695907642107,0.0136688423251375,0.0142291695200058,0.0104768853615083,0.0130429522680797,0.024231025944832,0.00542901788546351,0.00500815415910924,0.00831535524876808,0.0184456344204837,0.0146730246791399,0.00840129071077439,0.0302421736138295,0.0145894335532669,0.0137929192423632,0.0162279152472284,0.0137262912526553,0.00812361155700376,0.0136137132462944,0.0076776742355695,0.0235558346537151,0.0189278057126208,0.00831454235256323,0.0285397751219562,0.0223340954176477,0.0178297770038332,0.0308714514442487,0.0289732308130126,0.0215876226198724,0.0178592575548456,0.0139032100374722,0.00815225857379302,0.00892163597783538,0.0208730023767785,0.0177156954002437
"ginger_20",0.0100749243509816,0.0143035793023262,0.0171477592260923,0.039735172773711,0.0309084051319527,0.00567403282526002,0.0272364862811385,0.0138647823754157,0.0194267067850753,0,0.0195955154956406,0.0223780197892594,0.00460707042520424,0.00649671634572236,0.0167392850640389,0.0155085330225022,0.00816989451652312,0.0124692710397483,0.00346286577285747,0.0143527734308205,0.0190820056116375,0.0169967839339242,0.0225674515219847,0.0319388069610764,0.00705985197066127,0.0184572867162593,0.0247592168467647,0.00901267128699906,0.0180461011349542,0.0185540290845432,0.0403775482805945,0.0155808795322706,0.025410327462248,0.0064127486624158,0.00992544465925532,0.020083296579609,0.00919283997004974,0.0174347496133728,0.0180613796292091,0.0141242114635235,0.0235756020149983,0.0168851052075665,0.0164081474286743,0.0116023824038885,0.0322046878646739,0.0216020316521392,0.00740878247992644,0.0116468147968204,0.0157272945555104,0.0307570910446418,0.0157607695220854,0.00747016672183112,0.00399821452066469,0.0139474570101829,0.0105516187274522,0.0303406159505153,0.0212211963795097,0.0118987359314043,0.0108313330767174,0.00802234296225895,0.0250613180839901,0.0161941894026733,0.0184802579328199,0.0124936109866872,0.00563072641592623,0.0283274060852062
"buddy_21",0.0276994566371455,0.0089976041521015,0.0175456017386827,0.029432882497097,0.0235185606290756,0.0211158565673712,0.0251471038100014,0.0169285004067004,0.0165869859285326,0.0195955154956406,0,0.0158047649163192,0.0185110485989341,0.0202562499388523,0.0170159408396226,0.0154679867974829,0.0266310775678828,0.0170681075309143,0.0209642685544628,0.0169470228436912,0.0132772581163258,0.0158935711666602,0.0192904221934613,0.0232440606158624,0.0243700018307492,0.0181866017274467,0.0305228760935492,0.0224398753100355,0.020920700787739,0.0194701502767604,0.0305261267629632,0.016737755874203,0.0185282000085756,0.0168805694816541,0.0173573780646415,0.0227064753951151,0.0220300056763463,0.0187469056565482,0.0168639620762008,0.0185430881234466,0.0196851743944459,0.017162762434875,0.0174108025527839,0.0298333393578478,0.0258938723591466,0.0191583139923285,0.0200123364274836,0.0163628837579619,0.0158121107820261,0.0236876075077044,0.0163605387573271,0.0245179171985002,0.0201687118486876,0.0159288935727159,0.0262198123338858,0.023777334699579,0.019353130157061,0.029975828109401,0.0290446343117308,0.0232595085980458,0.0202685260497306,0.0151056021360506,0.0152211160071681,0.016500367746371,0.0221102083883536,0.0200786793766302
"joans_21",0.0309363198126963,0.0173218550719897,0.0198251720296995,0.0283087032779014,0.0232153767460016,0.0221081265155069,0.028556896204744,0.0194261190670074,0.0175412008162086,0.0223780197892594,0.0158047649163192,0,0.0191323460322715,0.0228339643714148,0.0201427828700517,0.0173292449445479,0.0284724397445632,0.0193778216290883,0.0230001892321517,0.019780684623635,0.0126593831377489,0.00836729049940528,0.0215587045408652,0.0192809461472616,0.0264894166736072,0.0196787843519174,0.0353412530420594,0.0241996085913476,0.0225480298498321,0.0195919293856241,0.0278922330953106,0.0190661072887568,0.0129113596679458,0.0192031107391892,0.0177032596218027,0.0264623374664494,0.0241362370327812,0.0174529923990964,0.0150010466712189,0.0195695480706019,0.0210867867377575,0.0187584871621072,0.0188868811291282,0.0326205902906877,0.0222800554565096,0.0217205623300879,0.0211743261593801,0.0154936759802089,0.0121378583361143,0.0198735368158442,0.0172899931803296,0.0271825232560364,0.0220644974577582,0.0132294787574649,0.027061688597649,0.0250713742253982,0.0220474567942393,0.0326406529373901,0.0319169925237196,0.0248135726392408,0.021921640202716,0.00940383538608235,0.0108293782152523,0.0164410704320722,0.0260832425971751,0.0192551315401691
"franc_22",0.0124257912537834,0.0127813506661251,0.0141851452965812,0.0365696906281048,0.0275317122939528,0.00481189486877033,0.0254052276725896,0.0109194271713094,0.0166764372529403,0.00460707042520424,0.0185110485989341,0.0191323460322715,0,0.00642130034406525,0.0139044970523038,0.0123194917252638,0.0110903428180676,0.00969640434048618,0.00446397889012037,0.0116090881857966,0.0161051465563047,0.0138954072801721,0.0196182451612891,0.0282050744564064,0.00910467245804994,0.0160917419880149,0.0245529595743823,0.0109966134948167,0.0161976902148436,0.0159669632890111,0.0369365423913163,0.0124797173205367,0.0215860806301028,0.00459579838929537,0.00681587980983159,0.0186568621964422,0.0109326174077339,0.0143298368891101,0.0145433486250239,0.0117181682569878,0.020487191380979,0.0136934375945471,0.0143028477390124,0.0148660621448713,0.0286719110967013,0.0185732377994491,0.00584344871560604,0.00790767744462033,0.0121496077608486,0.0270453248090514,0.0123364585176108,0.00929317237820575,0.00354484128062878,0.0103305365447668,0.0129018950141619,0.0272347903950406,0.0184429004802112,0.0152564549305087,0.013977543414988,0.00847438819178653,0.0219217377248814,0.0126169576506833,0.0148681901183634,0.00938788955831207,0.00784309497290378,0.024880870760177
"grogu_22",0.0105138971373073,0.0148667499353118,0.0166573239122086,0.0389677764560531,0.0299986530684125,0.00740579387679808,0.021813428164797,0.0133054291940938,0.0158780565331535,0.00649671634572236,0.0202562499388523,0.0228339643714148,0.00642130034406525,0,0.0158983469461764,0.0146253842307194,0.0128029730245457,0.00872250330813191,0.00515059004613696,0.0142683405068892,0.0171576305571445,0.0175063684034778,0.0217905505921452,0.0302507495819097,0.0121285501660758,0.0135681440711658,0.0189116393572863,0.0127021928244869,0.0126078513220499,0.0137135960357278,0.0390262521869023,0.0140073368030909,0.0240232700124873,0.00676498196239825,0.00690120832641856,0.0142387179201475,0.0112372640589479,0.0135872536521609,0.0151483100528994,0.0092766557340055,0.0232109386195133,0.0165209602226888,0.0117627218258209,0.0156838448685862,0.0288697230756424,0.0196744381909064,0.00841200780108374,0.0124051771779171,0.0139292761310186,0.0278973661078763,0.0129039273880646,0.0114886874448419,0.00623626711662435,0.0118023185639196,0.0147681334354485,0.0294884315155216,0.0207587664045819,0.0161915853601683,0.0148656440885894,0.0117092051074067,0.0239507163265413,0.0170235308429484,0.0169631091751593,0.010551304856996,0.00622368886130676,0.0271612580576612
"henry_22",0.0215969252235128,0.00913222796367581,0.00170029317072758,0.0259745167641826,0.0150112620570655,0.0154827613239767,0.0221571088827347,0.00325361635960599,0.0142119925570317,0.0167392850640389,0.0170159408396226,0.0201427828700517,0.0139044970523038,0.0158983469461764,0,0.00408102066992675,0.0229173572845836,0.00928269608421395,0.016589057562046,0.00290921612476316,0.0146551190198457,0.0167996487043803,0.00648211837582386,0.0198927134309413,0.0192231251456663,0.0165420129941193,0.0254466023194994,0.0224190236516726,0.0176453309260412,0.0164025385267656,0.0273476613114507,0.00296367047400148,0.0158495594507678,0.0134164790124747,0.0122391767900905,0.0183017604362793,0.0219214997098783,0.0149000799014235,0.0121882479507135,0.0149055336718864,0.00769354826674495,0.002473744509931,0.0161446129134228,0.0256961905019784,0.0234615602345031,0.00596062344129449,0.0146235566064971,0.00885872008937042,0.0135574690769177,0.0203698607258029,0.00799477856518877,0.0184196046007255,0.014546435095437,0.0130073839239896,0.0247282353779232,0.0140677550201336,0.00557989426786003,0.0263340532204308,0.0245323438514585,0.0174364053957228,0.00869834424309053,0.0133362325348219,0.0135411616585806,0.0124900810316035,0.0169691628072064,0.013973546558954
"joans_22",0.0214740921135958,0.00839483423035118,0.00433726270490258,0.0261322987216551,0.0158954675541075,0.0144464623883964,0.0218062165122958,0.00443776428893978,0.0132067036617817,0.0155085330225022,0.0154679867974829,0.0173292449445479,0.0123194917252638,0.0146253842307194,0.00408102066992675,0,0.0220405743771091,0.0081391566485214,0.0156538777648413,0.0041147259667252,0.013044937833316,0.0144057447921003,0.00785308741699411,0.0194674363728818,0.0188570182069509,0.0151488002367349,0.0253198289648635,0.0203204182523738,0.0162816948107445,0.0147464722812847,0.0273386640954331,0.00312743007942666,0.014240448804975,0.0125401970857008,0.0105487751059148,0.0176541379785937,0.0197016025471707,0.0135176855528535,0.0107205737542754,0.0136265262142163,0.0090667746554873,0.00389198665776452,0.0142210525143556,0.0252676415451714,0.0227212856081766,0.00748379119990892,0.0142798880735889,0.00764020458871854,0.0116350278484177,0.0197836779517641,0.0066967036418577,0.018435071216533,0.0133443335261511,0.0108940076472287,0.0228911059101388,0.0153136687353267,0.00727712279336359,0.0257226894761976,0.02428884646377,0.0174291823056941,0.00998227638574064,0.0113344931875823,0.0116794916891993,0.0115340950840629,0.016230959005771,0.0138547225931493
"marshmallow_22",0.00962056174546633,0.0214822531014355,0.023117223756807,0.0459187427489929,0.0370786056336346,0.00993986119336884,0.0342636053562945,0.0200332033385542,0.0270740924840724,0.00816989451652312,0.0266310775678828,0.0284724397445632,0.0110903428180676,0.0128029730245457,0.0229173572845836,0.0220405743771091,0,0.0196757127066787,0.00878595864553884,0.0202451470483739,0.0266495686269586,0.0232833519508563,0.0284818466915439,0.0386603238833311,0.00507985562664162,0.0257683036803588,0.0295389243972678,0.00942000563840869,0.0250058917886704,0.0257731098233041,0.0467033084657764,0.0220994120387539,0.0320656171671587,0.0134497164198548,0.0171471736638264,0.0265709688415654,0.0110830055550838,0.024511321045376,0.0253797042336527,0.0211358393762175,0.0293527381204658,0.0228444228949655,0.0238805917766415,0.00441539585599326,0.0391158730398472,0.0279943902435664,0.0125238520977711,0.0177768900157845,0.0228651594529801,0.0377959851572211,0.022863406241564,0.00679198540519172,0.00928608968261966,0.02112661934204,0.00765040311749729,0.0362449644703339,0.026847534094075,0.0044460570171172,0.00453487626812967,0.00927956538932288,0.0311858518378694,0.0223812296902733,0.02565409676107,0.0194923755283567,0.00920364867591927,0.0349079510420158
"franc_24",0.0169537161845378,0.0107205751344311,0.010215671959094,0.0317474696372512,0.0220544317565374,0.0117316683057088,0.0168234946839562,0.00764375685005312,0.00974176238807864,0.0124692710397483,0.0170681075309143,0.0193778216290883,0.00969640434048618,0.00872250330813191,0.00928269608421395,0.0081391566485214,0.0196757127066787,0,0.0115126206105283,0.00900810291148218,0.0118966769542125,0.0151843755994591,0.0146014721892236,0.0228422598121046,0.0173521923096696,0.00912989376770935,0.0186185160716444,0.0186072011519345,0.00925233909532148,0.0089156912841332,0.0317212540828923,0.00691265204254705,0.0174353994756345,0.00875959224457011,0.00496392257499871,0.011017804786166,0.0171692263128903,0.00860481357601107,0.00851599111339405,0.00643014038321404,0.0161300041226493,0.010209510338088,0.00803998225557852,0.0227369621803047,0.0222174327155267,0.0118005419592248,0.0109073713437479,0.00920219609096888,0.00950666589217611,0.0205426101809831,0.00512248878980641,0.0164073541460872,0.0107841624629126,0.00782396611922711,0.0212418553148276,0.0218026842902008,0.0141311484254904,0.0233445858546513,0.0216667969296464,0.0155154626216131,0.0162413950495688,0.0135006533203927,0.0115018647288981,0.00748618200860479,0.0124662077726407,0.0194880038905148
"ginger_24",0.00861885474574383,0.0153078962306668,0.0170848909632243,0.0400566505217874,0.0309195802994278,0.0047427885345639,0.0259312459518322,0.013589567315595,0.0185812365516619,0.00346286577285747,0.0209642685544628,0.0230001892321517,0.00446397889012037,0.00515059004613696,0.016589057562046,0.0156538777648413,0.00878595864553884,0.0115126206105283,0,0.0144043571447814,0.0187723151266056,0.0175799455602101,0.02269680462469,0.0314926651050982,0.00758544294511992,0.0172735552221844,0.0231990707502509,0.0110934711291846,0.016752435948546,0.0173346935458751,0.0402264360481404,0.01527582691871,0.0251740374769192,0.00550629612927225,0.00881769636180094,0.0186897851984863,0.0109054760238466,0.016032752454043,0.0171629874892543,0.0125215966356433,0.0237198382531773,0.0167919975972776,0.0156509595088016,0.0119815282857581,0.0310206575303844,0.0211499911936289,0.00560144869450058,0.0115246482807986,0.0150783605666759,0.0298063135821933,0.0148872451524836,0.0071263188240069,0.00409569931093446,0.0132073138368795,0.0124040207159608,0.0304415254577365,0.0213320975828728,0.0125990200190597,0.0109268547243584,0.00719010527181569,0.0250418909356744,0.0164637948805773,0.0180767542583493,0.0112529150415171,0.00564905535769615,0.0283915650037441
"henry_24",0.0195812445410073,0.00870001947939386,0.00302136801159851,0.0278082588766537,0.0172221279202955,0.0131857616820702,0.0236256929556834,0.00199073900087078,0.0151806855067462,0.0143527734308205,0.0169470228436912,0.019780684623635,0.0116090881857966,0.0142683405068892,0.00290921612476316,0.0041147259667252,0.0202451470483739,0.00900810291148218,0.0144043571447814,0,0.0152013750680704,0.0159732264104542,0.00851817160195315,0.0217341106191684,0.0165466475286568,0.0171015890760969,0.0258133232553048,0.0199329367003393,0.0179712820139749,0.016914910527823,0.0292516257378696,0.00383228893310169,0.0169662267287501,0.0116534486629501,0.0111743212528735,0.0189366392397546,0.0196654308119619,0.0152559008520837,0.0128811527292957,0.014749415505059,0.00952566618181899,0.00316578678567312,0.0162973245366087,0.0230871988083715,0.0251753721921738,0.00860574108884784,0.0127346101653253,0.00713910728848597,0.0133785256121895,0.0222496712194164,0.00865011746452976,0.0159191792140057,0.0121083922042102,0.0125654455976658,0.0220597418690803,0.0162752474451499,0.00724851315809377,0.0236753522207917,0.0219757585903446,0.0150697228953323,0.0110611358608533,0.0125237854058376,0.0138536260175849,0.0119005351796166,0.0148192431088175,0.0159937086844532
"ivy_24",0.0254523405364638,0.0122552162875842,0.0151320912433079,0.0282049063270266,0.0208744175920933,0.0183820744798113,0.0182689688168517,0.014001829726098,0.00617356765098295,0.0190820056116375,0.0132772581163258,0.0126593831377489,0.0161051465563047,0.0171576305571445,0.0146551190198457,0.013044937833316,0.0266495686269586,0.0118966769542125,0.0187723151266056,0.0152013750680704,0,0.0107068830713884,0.0178880153540282,0.0163335954564404,0.0240099417680055,0.010801453777113,0.0266164978102454,0.0245580663307009,0.0138692291552033,0.010425605764703,0.0268375761720425,0.0135044456729581,0.0115896356494385,0.0137845774040164,0.011326153623029,0.017582910312682,0.0237247728247668,0.00785806744766347,0.00577529352001705,0.0109310717790784,0.0179757728018269,0.0143603191003065,0.011162535684107,0.0301575880723496,0.0151739095356819,0.0151363678960401,0.0159494907969481,0.0121372475425723,0.0061441583042921,0.0135271613752243,0.00910885726227075,0.0234316975349567,0.0189476678054395,0.00721706497490509,0.0276553352406434,0.0222046499269882,0.0179911452959093,0.0306599503717541,0.0289413188485485,0.0210298794498655,0.0180249234530574,0.0099460680234609,0.00465823327795319,0.00862760633364856,0.0217717173058921,0.0168720874488332
"marshmallow_24",0.0254235513789687,0.014364193883751,0.0165662148703646,0.0299904289595244,0.0234926010496936,0.0167954143110709,0.0265691262808686,0.0153707927497252,0.0147194192801555,0.0169967839339242,0.0158935711666602,0.00836729049940528,0.0138954072801721,0.0175063684034778,0.0167996487043803,0.0144057447921003,0.0232833519508563,0.0151843755994591,0.0175799455602101,0.0159732264104542,0.0107068830713884,0,0.0198113177496397,0.0209395567845298,0.020919876984749,0.0170873611243204,0.0317519023697086,0.0204528823609564,0.0193923471819595,0.0168913732956119,0.0301270101620328,0.0156380782476254,0.014382274787862,0.0138100744103006,0.0128338973507803,0.023363808256505,0.0204773368637632,0.0142638282582137,0.0120389466585471,0.0156229349195385,0.0195419515232522,0.0155847956152038,0.0159065824220127,0.0271796089373989,0.0230891223154851,0.0194593269670416,0.0154675936752886,0.0105818640376878,0.00822900200779387,0.0206765155050032,0.0140782048191361,0.0215211206723896,0.0169600517532802,0.00905905985403326,0.0228234860487176,0.0247625534149269,0.0197701795505771,0.0273427375541965,0.0263296032493804,0.0191569059818048,0.0207198431171976,0.00545798133102672,0.00822494657781084,0.011581677818457,0.0209297915243207,0.019749109182923
"henry_25",0.0276396606545319,0.0130820917504503,0.00599087050794986,0.0215170433445064,0.00970332494853121,0.0213352178777169,0.0246081570179749,0.00945591137912841,0.017733764542293,0.0225674515219847,0.0192904221934613,0.0215587045408652,0.0196182451612891,0.0217905505921452,0.00648211837582386,0.00785308741699411,0.0284818466915439,0.0146014721892236,0.02269680462469,0.00851817160195315,0.0178880153540282,0.0198113177496397,0,0.018224630284043,0.0248455065247418,0.020460915544791,0.029236144672289,0.0270965774087724,0.021799958394176,0.0202528711139201,0.02400777448785,0.00800595892898672,0.01563649678446,0.019588181985146,0.0178328295362904,0.0220918736390646,0.026586974025355,0.0191781433696309,0.0157076089126713,0.0200403970005113,0.00292833354927727,0.00655916595945441,0.020208163719176,0.0312917656597949,0.024046160285519,0.00591128280599195,0.0208770867929939,0.0139527307445266,0.0176085687332388,0.0202510051257433,0.012428659199498,0.0243003105626482,0.0201993140497673,0.0175258887464052,0.0294560913343788,0.00815882870689346,0.00339889115079265,0.0318133161289911,0.0302755554521613,0.0234094002211263,0.00315410168710548,0.0164932803726024,0.0165584158945257,0.0180077659813349,0.0226466199165475,0.0103141151172039
"ophelia_43",0.0374171122314792,0.0221195313690085,0.019765294503964,0.0158016578038585,0.013746232753377,0.029703091119996,0.0249717136027781,0.0213060313122081,0.0175559675850628,0.0319388069610764,0.0232440606158624,0.0192809461472616,0.0282050744564064,0.0302507495819097,0.0198927134309413,0.0194674363728818,0.0386603238833311,0.0228422598121046,0.0314926651050982,0.0217341106191684,0.0163335954564404,0.0209395567845298,0.018224630284043,0,0.035257016763738,0.0226357253429466,0.0363134153274441,0.0368133514309617,0.0255733994254991,0.0219258196880002,0.0119071825485293,0.0200711740127115,0.00788854117534138,0.0268742319486897,0.0239777580642733,0.0275722370557533,0.0362408073345735,0.019910790264537,0.0165859890444413,0.0238860231608449,0.0170637016112422,0.0190611662171749,0.0239648637313303,0.0420980194522395,0.0120429366574492,0.0167638725220849,0.028007669928806,0.0215690918240314,0.0189155789283145,0.00873026341015316,0.0182586095752288,0.0346060681587035,0.0305276502426405,0.0202428229686914,0.0396033872443496,0.0161753261737094,0.0191990235058333,0.0426656226364417,0.0408212932304468,0.0321279258253656,0.0161480198356183,0.0188535660268049,0.0158555202929094,0.0217010531521403,0.0338292061770942,0.00964292942735516
"goose_44",0.00987507923614063,0.0183149195952993,0.0193378180962167,0.0423737200442133,0.0332224138729533,0.00800574880903863,0.0326818136210534,0.0163342396429807,0.0245924511793654,0.00705985197066127,0.0243700018307492,0.0264894166736072,0.00910467245804994,0.0121285501660758,0.0192231251456663,0.0188570182069509,0.00507985562664162,0.0173521923096696,0.00758544294511992,0.0165466475286568,0.0240099417680055,0.020919876984749,0.0248455065247418,0.035257016763738,0,0.0243074221800902,0.0294212184435735,0.0116813510479956,0.0238869916985455,0.0242130483002736,0.0432775750438373,0.0188255300429714,0.0291211922358321,0.0108558995646672,0.0151017315558883,0.0255460646182676,0.0132512777641766,0.0223834757219674,0.0227021717425034,0.0195610906049296,0.0254724456650969,0.0190541347350188,0.0226611025468768,0.00738554505053953,0.0363908579987754,0.0244295804643466,0.00942330026276521,0.0142060004600922,0.0204002499431151,0.0347340546491738,0.0199999892759079,0.00299651136678848,0.00771797409844255,0.0188610426919894,0.0109450752783955,0.0323996483883509,0.0230759547568956,0.00807433166360369,0.00620892263308372,0.00533187017519908,0.0274846954197202,0.0193311536988215,0.0228742032221957,0.0167643415955324,0.00889260883520469,0.0313670346035228
"iris_44",0.0226695219777401,0.0158656600909368,0.0175621542828976,0.0332014364692877,0.0255189528275654,0.0181075209407124,0.0114351427503009,0.0157169185363415,0.0074580225715338,0.0184572867162593,0.0181866017274467,0.0196787843519174,0.0160917419880149,0.0135681440711658,0.0165420129941193,0.0151488002367349,0.0257683036803588,0.00912989376770935,0.0172735552221844,0.0171015890760969,0.010801453777113,0.0170873611243204,0.020460915544791,0.0226357253429466,0.0243074221800902,0,0.0166981702198399,0.0233444951892558,0.00571724310958878,0.00491909525598295,0.0318538620374666,0.0141762939503877,0.0178604879905416,0.0142272563035875,0.0102654561086049,0.0076983950170293,0.0213119712841406,0.00724036351598586,0.00914338908314428,0.00543535650156833,0.0218606865733257,0.0173731316851861,0.004424015931112,0.028884757461501,0.0187509484310807,0.0168813910604027,0.0167034943277478,0.0159979290593836,0.0106246431999661,0.018374763437309,0.00999269889738233,0.0234686925374552,0.0176932856252536,0.00968533800324629,0.0265449690322051,0.0260037984594076,0.020690964140485,0.0294197271044622,0.027909851123773,0.0222128078324056,0.0210517638116092,0.0171276334888448,0.0121931011118068,0.010598377938279,0.0187335955097091,0.0218743453671851
"jarjarbinks_44",0.0232851040696197,0.0265264631054883,0.0267008234367604,0.0441839378670808,0.0360102774509452,0.0249753465165695,0.0152873409383505,0.0248134582163262,0.021858657325005,0.0247592168467647,0.0305228760935492,0.0353412530420594,0.0245529595743823,0.0189116393572863,0.0254466023194994,0.0253198289648635,0.0295389243972678,0.0186185160716444,0.0231990707502509,0.0258133232553048,0.0266164978102454,0.0317519023697086,0.029236144672289,0.0363134153274441,0.0294212184435735,0.0166981702198399,0,0.0287124455176849,0.014286642433383,0.0179019470809142,0.0435371322149479,0.0234248472011774,0.0324618881718213,0.0235659050502716,0.0209524783351384,0.00943181247705742,0.0259578672263143,0.0212611550328793,0.0237397989316265,0.0174520388843598,0.0315404703084991,0.0272456162580748,0.0171220778556135,0.030870941819824,0.0317606516552865,0.0257182479529164,0.0250961105463771,0.0274723200867347,0.0255964151222635,0.0320187765326179,0.0219437242565418,0.0280378672666236,0.0237586465786249,0.0240359790552746,0.0309124442965189,0.0351731692696011,0.029123529397944,0.0314949912069855,0.0302513492975005,0.0287470184811139,0.0303588408729917,0.0314610677364655,0.0277375683312828,0.0233872956370431,0.0213822684978544,0.0337635987355098
"lambchop_44",0.0157723390026904,0.0194407145171687,0.0226596823780504,0.0432457591987898,0.0354780621899283,0.012156537252875,0.0326181278190146,0.020005513745844,0.025597102070723,0.00901267128699906,0.0224398753100355,0.0241996085913476,0.0109966134948167,0.0127021928244869,0.0224190236516726,0.0203204182523738,0.00942000563840869,0.0186072011519345,0.0110934711291846,0.0199329367003393,0.0245580663307009,0.0204528823609564,0.0270965774087724,0.0368133514309617,0.0116813510479956,0.0233444951892558,0.0287124455176849,0,0.0232912432019573,0.0239589775356003,0.0444290719676953,0.0210279118488458,0.0294922193575723,0.0141855746633999,0.0164609199622284,0.0247622413867897,0.0032874000739154,0.0236410205462299,0.0240659789511631,0.0200759344198619,0.0282696138561826,0.0223357758505117,0.0210672982637188,0.0127525099967362,0.0377564630111435,0.0272583015645215,0.01555020010847,0.0176938122532592,0.0212565553097763,0.0362957661814792,0.0218256591563753,0.0136918299722267,0.00972151899808242,0.0194709032709972,0.00449503314161611,0.034754228491436,0.0260662471821358,0.011990356073977,0.0134787821272318,0.0151753717219381,0.0297623034409449,0.0207202448441477,0.023801869141989,0.0195129339152422,0.0102765721142603,0.0326282009044872
"hamlet_45",0.0206767851048416,0.0174367615173959,0.0186070398227609,0.0359540662481125,0.027457333940103,0.0178826313871507,0.0111422842023579,0.0165716551821837,0.00970760937122718,0.0180461011349542,0.020920700787739,0.0225480298498321,0.0161976902148436,0.0126078513220499,0.0176453309260412,0.0162816948107445,0.0250058917886704,0.00925233909532148,0.016752435948546,0.0179712820139749,0.0138692291552033,0.0193923471819595,0.021799958394176,0.0255733994254991,0.0238869916985455,0.00571724310958878,0.014286642433383,0.0232912432019573,0,0.00438095582844095,0.0347449086042792,0.0152700803511834,0.0209212063691258,0.014762269244101,0.0101957486471013,0.00675194865222471,0.0210404893842743,0.00819890669950322,0.0109504238853019,0.0064352340268842,0.0233956333448612,0.0186438163343505,0.00435993267448349,0.0278627405281227,0.0210947031227608,0.0180226565845925,0.0168703183745033,0.0171486461588085,0.0125984283776184,0.0209027563746622,0.0112669388650673,0.0228129060165107,0.0174381418741703,0.01142024472624,0.0260248940155311,0.0277645478102524,0.0217905196669333,0.0284100511948686,0.0269090044990592,0.0219089435136325,0.0226592518474261,0.0192095953126676,0.0146609437536475,0.0120613657748196,0.0178036513535682,0.0244193043995916
"hera_45",0.0221532834341879,0.0163836049354001,0.0172448906902693,0.0333110938218298,0.0250413434319974,0.0177730740116109,0.0116229925299102,0.0154556915437335,0.00658123522847614,0.0185540290845432,0.0194701502767604,0.0195919293856241,0.0159669632890111,0.0137135960357278,0.0164025385267656,0.0147464722812847,0.0257731098233041,0.0089156912841332,0.0173346935458751,0.016914910527823,0.010425605764703,0.0168913732956119,0.0202528711139201,0.0219258196880002,0.0242130483002736,0.00491909525598295,0.0179019470809142,0.0239589775356003,0.00438095582844095,0,0.0316716012055918,0.014140700958446,0.0173199857654816,0.0143944066612095,0.00942385155339337,0.00946306138698543,0.0220568743538788,0.00476978501404671,0.00747433919509039,0.00583656725762626,0.0214798273837301,0.0169971429244651,0.00467234422153015,0.0289454548787561,0.0172651061679688,0.0163121590271144,0.0164283922893531,0.0154078703374415,0.00981488338345953,0.0170816162659282,0.00898942014262666,0.0232050435297427,0.0178487846449278,0.00894035849208601,0.0268055451143799,0.0256890303492911,0.0203091019482042,0.0295013793714759,0.0278896677038468,0.0217554071877977,0.020787844361382,0.0165407537285345,0.0113048925389042,0.0102296285803268,0.0191976419088665,0.0216432343189218
"jarjarbinks_45",0.0457281643188651,0.0298909870263172,0.027154901210734,0.00906615403888732,0.0178588793054439,0.0380496758285223,0.0324943942600685,0.0293381975489359,0.0274479827236519,0.0403775482805945,0.0305261267629632,0.0278922330953106,0.0369365423913163,0.0390262521869023,0.0273476613114507,0.0273386640954331,0.0467033084657764,0.0317212540828923,0.0402264360481404,0.0292516257378696,0.0268375761720425,0.0301270101620328,0.02400777448785,0.0119071825485293,0.0432775750438373,0.0318538620374666,0.0435371322149479,0.0444290719676953,0.0347449086042792,0.0316716012055918,0,0.0279385210344757,0.0170025187448021,0.0359978185717683,0.0333575890461828,0.0355849912414926,0.0439166133061909,0.0303375860328457,0.027071548817332,0.0334699533355363,0.0229302419077312,0.0267615575069058,0.0331787067713364,0.0499319542469358,0.021886655731754,0.0239909567218061,0.0371566711261747,0.0305313009083295,0.029203057226317,0.0196371029724933,0.027708101571804,0.0427753900936698,0.038727003796902,0.0303011658877382,0.0471554898244699,0.0192266694087205,0.0251461254915614,0.0504174966536823,0.048785560906314,0.0407080006319352,0.0217933938238418,0.0282919141657882,0.0264452513560022,0.0316621321591932,0.0417497243245034,0.0147925749306022
