"","buddy_11","joans_11","padme_11","ginger_14","buddy_16","buddy_17","ivy_17","padme_17","buddy_18","ginger_18","ivy_18","franc_19","ivy_19","ginger_2","ginger_20","buddy_21","joans_21","franc_22","grogu_22","henry_22","joans_22","marshmallow_22","franc_24","ginger_24","henry_24","ivy_24","marshmallow_24","henry_25","ginger_29","henry_29","joans_29","ginger_36","grogu_36","henry_36","franc_37","grogu_37","grogu_41","joans_41","marshmallow_41","ginger_42","grogu_42","henry_42","ivy_42","buddy_44","franc_44","ginger_44","ivy_44","joans_44","marshmallow_44","buddy_45","franc_45","grogu_45","henry_45","ivy_45","joans_45","marshmallow_45","buddy_46","charles_46","ivy_46","joans_46","marshmallow_46","franc_47","ginger_47","ivy_47","marshmallow_47","buddy_48","charles_48","franc_48","grogu_48","ivy_48","joans_48","marshmallow_48","charles_49","franc_49","ginger_49","henry_49","ivy_49","joans_49","marshmallow_49","padme_5","buddy_50","charles_50","franc_50","ginger_50","grogu_50","ivy_50","joans_50","charles_51","franc_51","joans_51","buddy_52","charles_52","ginger_52","grogu_52","marshmallow_52","franc_53","marshmallow_53","charles_55","ginger_55","ivy_55","buddy_56","franc_56","grogu_56","joans_56","buddy_57","joans_57","ginger_58","henry_59","padme_6","joans_60","marshmallow_60","joans_62","henry_66","ivy_67","franc_68","ginger_7","padme_7","grogu_70","charles_9","franc_9","grogu_9","henry_9","ivy_9"
"buddy_11",0,0.0101768806710076,0.0146374982339417,0.0276450093294878,0.0280766278230113,0.0127877624184095,0.00607910773493497,0.0209313872192348,0.00897096516596745,0.0212780144444985,0.0255411102741253,0.009418547634821,0.017534030420106,0.00716738334321304,0.0225155207210752,0.0189362782357775,0.020575296063034,0.0196191211170467,0.022324673972464,0.00674084708130354,0.00836464490418286,0.0285976756549958,0.0152701537694972,0.022817428195646,0.00867645296584189,0.0170344270094851,0.0187321883922877,0.00312564374067458,0.0281944634342883,0.00764992435141469,0.0246331156986848,0.0161088397362046,0.0237826065386294,0.0168690480383003,0.0183373078297478,0.0204294469431233,0.0179037344739639,0.00662476211614148,0.0320916558733812,0.00351547449802671,0.0169258970361708,0.0266674180973984,0.038751847226693,0.019782876413197,0.0157124405611885,0.029955384862722,0.020443612593167,0.0258729072665563,0.0273545133357885,0.027061350280659,0.0178253530395476,0.0280270980895524,0.0307416486515676,0.0188966058364497,0.0231125760335902,0.0214368794205577,0.0242350689934188,0.0210611754129129,0.0222556868682901,0.0233261854371184,0.0272288422836108,0.0274163454058879,0.0225388458341577,0.02676571649262,0.00257861935372532,0.0215541124256542,0.015564743513099,0.0230553574901948,0.0214894278855244,0.0248694199035915,0.01634767444383,0.00934330631718579,0.010917425870959,0.0212702473525947,0.0308398471852417,0.0256255223687394,0.0221710235392368,0.0259667255169958,0.0160833987390907,0.00536239099744814,0.00409629881939815,0.0166205678176167,0.0284654993792267,0.0287705405731161,0.0266368152158433,0.0267827362678878,0.0229505885590033,0.0140930832969873,0.0221815039710308,0.0241774734130045,0.0200938848290589,0.0200280879164542,0.0247625458862103,0.0207129310439024,0.00568702765763123,0.0277862451429661,0.02753710015527,0.025146407045595,0.0276195491811982,0.0214512976256444,0.00398149842741384,0.0186974226162887,0.0197751092597011,0.0269211189964223,0.0197621915322304,0.00401077900489965,0.0282774857981051,0.0287583388508398,0.00578381738437391,0.0113256203050795,0.0042612116416491,0.0305175856110854,0.0258088445352023,0.00699486693293959,0.0158670912740681,0.00465745479807083,0.00660903538989114,0.0115485775760131,0.00715087520089914,0.0059335888189312,0.0220383382307624,0.00545448432029224,0.00743534825793485
"joans_11",0.0101768806710076,0,0.0189633454223743,0.0178348560165108,0.0206868407865797,0.00923870279819879,0.00622535559107777,0.0281557062580241,0.0184866645865448,0.0130306205322239,0.0267046884682119,0.00577988771034693,0.0175238112909257,0.0164688792733414,0.0136076679402514,0.0164351445613076,0.0178339809566392,0.0109628939310519,0.015044813670361,0.0068155301321077,0.00557824290631725,0.0191415686230414,0.0113257021736455,0.0145136453681121,0.00455779587596823,0.0162309827277247,0.0143587825314838,0.0101889722784759,0.0190566676746613,0.00722134147028776,0.0153903396895156,0.0102155133242233,0.0180034526154506,0.00960166773116507,0.0164495745783573,0.0177849504979565,0.0116211142066816,0.0048104305910578,0.0306031624238698,0.0113364165726062,0.00941538414361134,0.0182167075937033,0.0373421044079877,0.0149762154181923,0.0155826404448069,0.0210907560572374,0.0111114676138578,0.0160274233357123,0.0181475156810365,0.0172169154292269,0.0108087853631899,0.018043097192373,0.0222363630018019,0.015677357630239,0.0138246078322302,0.0135315853043013,0.018087924930395,0.0129726680588364,0.0128581184282988,0.0138687723607877,0.0179474548608409,0.019690037241599,0.0129963007113528,0.02236359151694,0.0104828757362967,0.0125305184897848,0.0216574488700183,0.0175738381274083,0.0172003666518532,0.0220442627347885,0.00824944329083092,0.00323482573961279,0.0161918985014626,0.0149994719635734,0.0211347498281186,0.0168318066241325,0.0165067681689726,0.0169348435924338,0.00717527094622336,0.0146815806121307,0.0123303716363036,0.0117146942508899,0.0196794189483857,0.0194496678427659,0.0180432455410612,0.0177381584998254,0.0141713026246873,0.0132900003623049,0.0164732214359549,0.015918610904507,0.0126242329667383,0.0231578292333557,0.0162188890656175,0.0136112533307554,0.00710708653188463,0.0221342917046561,0.0209113864961372,0.0182712756597377,0.0178841957241323,0.018135793533404,0.0114679441446628,0.0176625300737616,0.0170579012012285,0.0169316860185535,0.0117323725703516,0.0119347158238002,0.0186252556859436,0.0192887302243642,0.0148091694746964,0.0021115768744348,0.0132692281329605,0.0206951929479514,0.0245672520593464,0.00857431964810368,0.00615136914352922,0.0134006103781062,0.0155688526310775,0.0148960640669181,0.0167698813650129,0.0149481581022017,0.0160700813528641,0.0138501760768355,0.010836292608803
"padme_11",0.0146374982339417,0.0189633454223743,0,0.0310580127018528,0.0344255732896575,0.0141165376258285,0.0168430010047224,0.0201588099523785,0.0146397296499121,0.0271932981995681,0.0230605207726261,0.0181242949344317,0.0158759805534963,0.0165004156044196,0.0271528880413027,0.0122890843908111,0.0176734259313571,0.0247866669979763,0.0263490720900762,0.0163566821592619,0.0157957691507935,0.0348203536854506,0.0194522654834768,0.0278714628525107,0.0181409574518673,0.0137034002273327,0.0192126547094045,0.0152536825368569,0.0344880768828755,0.0157988717408485,0.0284977890672321,0.0216763903281604,0.0267452327511535,0.0199508310689518,0.0187632433228005,0.0216946837131692,0.0211730428685954,0.0153432058803533,0.0315386585766795,0.0151772891590305,0.0234311654247745,0.0310530123401099,0.0380448223480503,0.0211261785668465,0.014283917126148,0.0362247852061764,0.0261982559350709,0.0305563484839069,0.0330634401027109,0.0322709465387113,0.0239311279276148,0.0335522112714003,0.0375330581884518,0.0238831781633883,0.0278901961205052,0.0269255205114508,0.0263741697168221,0.0240648387345309,0.0272825014457733,0.0281727713347991,0.0337303776431859,0.0336333332621497,0.0296969530812367,0.027817548123609,0.0156173806958044,0.0246573884819194,0.013201530828368,0.0264649415006072,0.0248327802310926,0.0250845127330917,0.0218410651899197,0.0195323132659312,0.0176703068970764,0.0254468704596524,0.0369768725069101,0.0312069698857097,0.0251742338229602,0.031708458254919,0.0238041385988639,0.0158869953601831,0.0155447980158612,0.0253990809992209,0.0330250426968685,0.0350469269901447,0.0325907084105187,0.0324276423774344,0.026691281536098,0.0185967145453436,0.0253238394228319,0.0282809587895753,0.0241135631992053,0.0159360531679424,0.0309465243777909,0.0249640588215101,0.015430169200605,0.0317305981604048,0.0325098930479585,0.0309682762153904,0.0327889710508415,0.0236247114858538,0.0162003661646402,0.0172499899433801,0.0199321753652174,0.0322590765392179,0.0235157862825043,0.016531226239044,0.0341410714713447,0.0345681842052902,0.0155723537315172,0.0201925458097836,0.0160421552356187,0.0368001935276221,0.0254673074675292,0.0138392241148669,0.0234241216442526,0.0162731604615336,0.0149922908674497,0.0179722964694966,0.014473098646219,0.0164957496034974,0.0267762143213172,0.011482455342948,0.0162590050414528
"ginger_14",0.0276450093294878,0.0178348560165108,0.0310580127018528,0,0.0193047956253265,0.0201817862454295,0.0231342063604726,0.042174962757548,0.035024783979824,0.0139219154895033,0.0336400185854686,0.0207999286219714,0.0259423602534813,0.033562478455263,0.0114642508587423,0.0224423663970964,0.021698751556351,0.0121020029424016,0.0148130871884497,0.0231349250764063,0.0204961879962149,0.0124782049736422,0.0195453807415325,0.0134291868304697,0.0206787762656874,0.0241509818837193,0.0185791700732348,0.0272003963798654,0.0138115573439819,0.0223435394779688,0.00825839232196812,0.0174417431497981,0.0184008118222436,0.0139820529501646,0.0234473383257618,0.0231275540307598,0.015915142523727,0.0215201718171735,0.0330473523890278,0.0283323954397421,0.0160131008717825,0.0127522432111654,0.0387569481237411,0.0184108658605515,0.0247022940405722,0.0155973845553483,0.0108309101717199,0.00533802254479454,0.0116696776453584,0.00729635046520351,0.0163464259017299,0.00748795026261612,0.0182591766184437,0.0224497217573753,0.00902304824517091,0.0149413533369993,0.0167661821240942,0.0110136069399946,0.00990665963148547,0.00852557605941541,0.0131267540812366,0.0182738043795884,0.0114596245679019,0.0226496803787782,0.0277714530009889,0.00853423893362726,0.0346965307054656,0.0193448620637826,0.0214137883712561,0.0246128961553624,0.0150230939728016,0.0198397279660354,0.0310662959961931,0.0174679479751753,0.0121410320219301,0.0128264529272275,0.0175092552460877,0.0124636182231782,0.0147859664658016,0.0318407515085192,0.0293869976118679,0.0216259218802121,0.0119433180139921,0.0132145554109253,0.014649163202074,0.0124039062136423,0.00900858273042844,0.0246120012918541,0.0181515075050296,0.0118960411410222,0.0141521774239906,0.0330952845015573,0.0145868021539642,0.0152669602446243,0.0234799919565132,0.022058616744589,0.0199885868179319,0.0192844792289119,0.0080457909740876,0.0227968382835853,0.0285861338901646,0.0242808719207287,0.0218807747129206,0.00701176510337206,0.0129396136133746,0.0292591781898999,0.0106094288878033,0.0117422415965319,0.0317217651758628,0.0173318685013985,0.0305168254597071,0.0115175038597072,0.0292003694546799,0.0237077079953357,0.0134353313475847,0.0306088254298496,0.032233748722834,0.0284920212693301,0.0336142945923855,0.0320987385725909,0.0187449177691373,0.0303526216924131,0.0261697502918806
"buddy_16",0.0280766278230113,0.0206868407865797,0.0344255732896575,0.0193047956253265,0,0.0215699236770876,0.0221874827332861,0.0458380546495122,0.036511285569338,0.0103726938040752,0.0288350424652586,0.0189927560981276,0.0242003488635715,0.0345167761866443,0.0104393995613069,0.0278372239184058,0.0311547517039476,0.0126421934413308,0.0106294873532661,0.0217412394230995,0.0216103796363893,0.00977118640215802,0.0170201378253751,0.00880430844211399,0.019692859289268,0.025576507905856,0.0256390760785284,0.0276973570139652,0.00818104553359301,0.0223077990750196,0.0123164986610133,0.0147969884517798,0.013002855955238,0.0169717225832313,0.0232574055648525,0.0193368675906771,0.0167599811367818,0.0240442226769508,0.0273944833055976,0.0279813237707262,0.0126205643880405,0.00945102629589444,0.0320150332291903,0.0166960786040883,0.024198480807187,0.00693358331139121,0.0130393812615134,0.0146595693723028,0.00860694171408941,0.0125666223466861,0.0114983995446854,0.0133543268443448,0.00764045414703909,0.0168724159992345,0.0126758745862831,0.00988207410383691,0.0150085408065127,0.0186355540676077,0.0144430825044034,0.0131031442478058,0.00932901165885321,0.00403856460780268,0.0112128612061137,0.0175351467643207,0.0279564797578114,0.0170380135582721,0.0371418661738925,0.0121274495821857,0.0137502340333795,0.0210597286804885,0.0168643047076765,0.0196896413846389,0.0341578340244845,0.011265199178901,0.011758119724809,0.00699801282719102,0.0154522304861824,0.00781478062695732,0.0138220111674064,0.0320147217584612,0.0294203891832585,0.0141164743677255,0.0103529426900766,0.00899887509345097,0.00579601304698686,0.00756548328413315,0.0142452335547395,0.0206745041652572,0.0129537004392501,0.010989258473336,0.0129491394678977,0.0344513609744266,0.00801954497837359,0.0114949669795521,0.0237766060760772,0.0109655152188184,0.00637362007842306,0.00553093920104217,0.0118138720872939,0.0163450446125719,0.0292016189484258,0.0258092125891364,0.0213010171352916,0.0138372161352166,0.0135665653521837,0.0290427497563722,0.0105039200435837,0.00938589296569674,0.0315193635337218,0.0190763544702376,0.0311387086410421,0.0128570578960858,0.0231464670503051,0.0236362803368797,0.0153935628394455,0.0314719273287806,0.0323659935620201,0.0262870248006395,0.0349261974054379,0.0330651479638042,0.00955222043411291,0.0317475728338292,0.0247597417898892
"buddy_17",0.0127877624184095,0.00923870279819879,0.0141165376258285,0.0201817862454295,0.0215699236770876,0,0.00977043838740873,0.0284561050657573,0.0199280728089272,0.0150995255074128,0.0228844733572126,0.0087042612459716,0.0138279853069986,0.0188338709275542,0.0141098824651479,0.00900263082392155,0.0173002267504514,0.0127685378417633,0.0148667503844734,0.00913878405615068,0.00837129196410093,0.021482254135669,0.0107248609733151,0.0153078969019515,0.00870001948607715,0.0122454890240736,0.0143641945414443,0.0130739785397788,0.0210813809712339,0.00934487880862285,0.0162149780857034,0.0109110252664858,0.0165984365061016,0.00927367741161731,0.0152142811718527,0.0157742834438493,0.011410796082752,0.00897847514003072,0.0279213896793788,0.0135645164315674,0.0112654462875643,0.0187934610652663,0.0342198763742319,0.0125101219816673,0.0115880232075208,0.0227689120632374,0.0138943650462679,0.0186090487741162,0.0200426552367439,0.0197148772753938,0.0118850951770268,0.0208591836093375,0.0239580131276534,0.0159036907713501,0.0158531948907894,0.0143195885351605,0.0171130442915902,0.0148850599855702,0.0150316622264255,0.0160535366961,0.0202913375543625,0.0204917880342821,0.016554965600125,0.0196558069479916,0.013483139377986,0.0139135001040337,0.0206613225793602,0.0164798586767994,0.0157441218020116,0.0192965094407314,0.00999545233475989,0.00968927069402514,0.0190891813322389,0.0146198692060911,0.0236665464004334,0.0182662774490008,0.0156077699042772,0.0185669290715983,0.0113121466319827,0.0168951996001879,0.0148011724696539,0.014053915589959,0.0207965740469559,0.0216537306913104,0.0193948262065937,0.0193463750607265,0.0155361262151964,0.0125945819345143,0.0154154801265536,0.0165744065768634,0.0129546989178912,0.0207779978037661,0.0179375984164726,0.013553391746787,0.00999738663519675,0.0211830696208614,0.020594143604476,0.0181268305981815,0.0201665371335707,0.0157559015976696,0.014719086723021,0.0156873380712525,0.0146576004286504,0.0196813902593187,0.0117868287526684,0.0149354736156489,0.0210300236358283,0.0212370539486951,0.0166371757565182,0.00954479483899609,0.0161981292676681,0.0235361058483025,0.0212968241750415,0.00942244355722663,0.011305883972676,0.0163749597055245,0.0169862822270273,0.015214468317344,0.018366407599282,0.017694078697696,0.0151761895328407,0.0139873796698072,0.0122143622043481
"ivy_17",0.00607910773493497,0.00622535559107777,0.0168430010047224,0.0231342063604726,0.0221874827332861,0.00977043838740873,0,0.0257222351280145,0.0146573483642937,0.0157475145991138,0.0233160094234351,0.00355977513821467,0.0151323964866958,0.0127357187412263,0.0169500614647609,0.0176168342173821,0.0199285327652144,0.0141486217803827,0.0166147010103575,0.0016589339051773,0.00439315328939115,0.0230566932332596,0.0102129021790999,0.0170368392494129,0.00295998144785331,0.0152087403910932,0.0166695190012219,0.00601904783271125,0.0225432502363485,0.00369617981069034,0.0191911622374358,0.0104676611426846,0.0183472317384791,0.0120560546315692,0.0156737216056328,0.0162678898052424,0.0132171447000591,0.00495003061072122,0.0284341852987636,0.00647615412209063,0.0112365260663768,0.020853291722351,0.0351887267038043,0.0149880694486488,0.0133718779204981,0.0241649599646414,0.0151494429952248,0.0207756881341586,0.0215808269403685,0.0216922182771683,0.0119053814067711,0.0227543044091807,0.025090676820631,0.014254045281333,0.0177730631579998,0.0158217766366361,0.0189804799772777,0.0168297918583788,0.0173309589268445,0.0180784068011221,0.0217168354682362,0.0215607299777384,0.0170863829215074,0.0219141099064827,0.00619974956737587,0.0169613856627139,0.018690833471329,0.0175124244674044,0.0162383631942676,0.0207899678627809,0.0118637500215699,0.00437848296020971,0.0146964718938451,0.0156754725021307,0.0253730946791469,0.0197695565725203,0.0170422069063046,0.0202044710802635,0.0105573110499525,0.0104104152327846,0.00824388700190427,0.0117168396289216,0.0226982062986732,0.0231619587606443,0.0207867199504011,0.0209833028436874,0.0177049211401419,0.0110140121786725,0.016698608852686,0.0184891749450747,0.0146757449744562,0.0208489847485253,0.0191260819590534,0.01508999190544,0.00328895658811506,0.0220970734311392,0.0216141696607051,0.0193658820079415,0.0221328364313793,0.0167697905661216,0.0080170764291207,0.0166252671670689,0.0160398394761319,0.02176315669799,0.0144641007351794,0.0080357363746808,0.0227539394819483,0.0231136743412312,0.0101902806072346,0.00682876438725458,0.00940079620108302,0.0251751367432388,0.0220965751231431,0.00483878390012228,0.0106805788905981,0.00979198520080539,0.0110436422091435,0.0105410869267873,0.0129413638647819,0.0113530060550326,0.0162719350235457,0.0102414949808497,0.00605742867709478
"padme_17",0.0209313872192348,0.0281557062580241,0.0201588099523785,0.042174962757548,0.0458380546495122,0.0284561050657573,0.0257222351280145,0,0.01516019013869,0.0379367952233365,0.0346066870280434,0.0283362230479183,0.0290566859373408,0.0176785561048066,0.0395302652337324,0.0294443694390873,0.0282904514082429,0.0365464615900872,0.0389642471912166,0.0259220373731681,0.0261227049522881,0.0459186294243459,0.0317700752411938,0.0400556672384757,0.0278068316686166,0.0282284656987388,0.0299956161704124,0.0215565312001784,0.045726439111479,0.0256558743346402,0.0409710552682209,0.0334106779542292,0.0396985016671929,0.0327193225773534,0.0308844659574846,0.0344197161444613,0.0335316745436591,0.0244347695938671,0.0433969945657279,0.0214413944669065,0.0348054576794232,0.0433968592064636,0.0498700865289284,0.0348814760655676,0.0273210332990615,0.0476505222690324,0.037326309887594,0.0417222645265005,0.0445931879176201,0.0435320922702076,0.0356183341166781,0.0444732548163718,0.0486394472991454,0.0336263317056096,0.0395356629490497,0.0388246959296963,0.0393237635735179,0.0355069540500201,0.0385466636473591,0.0396633348664689,0.0446958571303628,0.0453255972069696,0.0401751021927886,0.0414565658563769,0.0214667602074344,0.0366665801985507,0.0174079026354967,0.039228889540683,0.0375265481696095,0.0381394122999951,0.0329879457724235,0.0284458077365473,0.0175036208887973,0.0379417127404105,0.0479123741493846,0.0430298036650951,0.0378348849417648,0.0433147981838676,0.034256683621365,0.0191353718536047,0.0203286660130507,0.0347112194152299,0.0450429393805396,0.0462115284446175,0.0442795803924647,0.0440967152524009,0.0386922709209767,0.0293671903418048,0.0381717533493114,0.0406113655935781,0.0364532711294743,0.0252248107844231,0.0423214099323698,0.0374458228341736,0.0234599549800203,0.0442146788442248,0.0448662109905247,0.0429597000172868,0.0441584713773033,0.0367103011366682,0.0206925609406206,0.0295617556994856,0.0330167161085526,0.0432147992251412,0.0361496996162671,0.0209432647027922,0.0453094269610977,0.0459675884432434,0.019554383483335,0.0294526766693861,0.0191524129584158,0.0474791154752735,0.0379310930070385,0.0238804947896324,0.0336077545917687,0.0194750273221082,0.0189646611560625,0.0262997882349785,0.0163451819204522,0.018554976737231,0.0394497238707848,0.0184991247869495,0.0247199827022394
"buddy_18",0.00897096516596745,0.0184866645865448,0.0146397296499121,0.035024783979824,0.036511285569338,0.0199280728089272,0.0146573483642937,0.01516019013869,0,0.0294266273891466,0.0281523951481356,0.0178316379412929,0.0215116739754926,0.0056016499228338,0.0308479948203625,0.0235918579188913,0.0231962157657927,0.0276316005239838,0.0301422871737035,0.0151181702512679,0.0160366061421857,0.0372114979700245,0.0222318373838704,0.0310550157241044,0.017373513468893,0.0209425361450617,0.0235202147691733,0.00993626361195577,0.0368687487932666,0.0152196780842198,0.0326289800657953,0.0239681446305819,0.0309654798201461,0.0241856664199856,0.0228024811501137,0.0258343609610393,0.0248565630051168,0.0143902866661041,0.0362176143566791,0.00959122690045916,0.0252362914799058,0.0348213536993331,0.0427398290026517,0.0262776156852346,0.0201014070447245,0.0386816323733965,0.0285868831236117,0.0337438622973194,0.0358613421541239,0.0352533296661981,0.0260654303482821,0.036289510998365,0.0395347260143906,0.025331011409435,0.0310308300795512,0.0296943126804038,0.0310707604631716,0.0277761391202761,0.0302559943865079,0.0312769457719934,0.0358834322839235,0.0360271588808217,0.0311937729432614,0.0330482377258993,0.00962464733335408,0.0288773321640662,0.0124994406779008,0.030260428957492,0.028304911878032,0.0300421894094472,0.0243353649613415,0.0181426910032669,0.0109963689534276,0.0288325514575331,0.0394379933439246,0.0340769132237733,0.0290801040332154,0.0344899957872788,0.0247102736993218,0.00680249718382601,0.00874685298591375,0.0249796818300644,0.0365871241760265,0.0374242794702149,0.0352302835580604,0.0352949346650447,0.0304664925505492,0.02005039455856,0.0293405521240425,0.0319929759931077,0.0277122307335283,0.0197075237817779,0.0332422442024481,0.0284273787531622,0.0135317053769324,0.0353264787109707,0.0355942254908301,0.0335691603449064,0.0358649654543698,0.0276674019682813,0.00934667845546435,0.0221276881777137,0.0248319992217418,0.0351060812103482,0.0275220437308693,0.00942319930535481,0.0367718969075593,0.0373695715206795,0.00739208382500646,0.0198331594795867,0.00719338887320077,0.0390898761516766,0.0304048142426975,0.0137140754942977,0.0243282810257716,0.0075114471676185,0.00702491283597619,0.0159210663803111,0.00337194985911076,0.00653501486600797,0.029893823670672,0.00735647763870588,0.0137568171445382
"ginger_18",0.0212780144444985,0.0130306205322239,0.0271932981995681,0.0139219154895033,0.0103726938040752,0.0150995255074128,0.0157475145991138,0.0379367952233365,0.0294266273891466,0,0.0261760980223974,0.0125051330984872,0.0182798617366352,0.0280538999256576,0.00569110192165419,0.0211075286508411,0.0220678689984212,0.00485222030473489,0.00746162261770517,0.0154715933757995,0.0144210358352582,0.0100118958071722,0.0116736769895345,0.00481366724089478,0.0131457396700046,0.0183133537465726,0.0167521328603246,0.0212685068889212,0.00947338425860334,0.0158626611327061,0.00837820962564696,0.0100904560498985,0.0120918472557484,0.00915853769823556,0.0160900637598235,0.0150127873384883,0.00910252449592115,0.0161090374842504,0.0276670178136039,0.0218464994898491,0.00584712075218235,0.00974874553438545,0.0341128940572282,0.0119418231018782,0.018384544292299,0.0113328639736979,0.00521093621138122,0.00946185371906649,0.00920250980108188,0.00930775051995326,0.00655725537867984,0.0106510982787824,0.0126998417142724,0.0135374467621452,0.00621231533995176,0.00485171405137051,0.0125246044108131,0.00996766124952409,0.00722403037572517,0.00655177260093307,0.00910307470095585,0.00968187602083272,0.00774412886809293,0.0179257189081881,0.0215841091627603,0.00886071891818866,0.02942074132927,0.0107745861930188,0.0116573521838378,0.0193305696107479,0.00861177890666183,0.0130109579363902,0.026279538857172,0.00732454955182332,0.0125645647831359,0.0068284917605843,0.0132656823274171,0.00709914024057891,0.00698278326109731,0.025838639219901,0.0231098564500735,0.0103228129002456,0.0110588687453027,0.0100942801984902,0.00780831511254658,0.00777833409804141,0.00822059102167265,0.0143389432263034,0.0103288650432401,0.00798305573299541,0.00592980494792105,0.027088762438644,0.00619021447434255,0.00633095701950855,0.0169130314249437,0.0143503713622639,0.0118379970336101,0.00928096417992476,0.0094881902654269,0.014009153142171,0.022730766640676,0.0187803668683165,0.0162487475793117,0.00985702305215912,0.00604007878981932,0.0227878579309403,0.00963052599881961,0.0103347916449382,0.0255437864483623,0.0114702753221812,0.0245835593430283,0.012910380210668,0.0220173904430229,0.0163726167181133,0.0079591543591502,0.0250235005676845,0.026331990602515,0.0221751093708128,0.0281170356930105,0.0265983227718462,0.00997389996786116,0.0250632465510468,0.0194539843625755
"ivy_18",0.0255411102741253,0.0267046884682119,0.0230605207726261,0.0336400185854686,0.0288350424652586,0.0228844733572126,0.0233160094234351,0.0346066870280434,0.0281523951481356,0.0261760980223974,0,0.0224409585533151,0.0126300269113769,0.0290017968146221,0.0270663677184559,0.0251845491821368,0.0285381328891661,0.0253453233321625,0.021817458224024,0.0221155828808665,0.021799085795209,0.0342662929284915,0.0168512326213413,0.0259329790768571,0.0236177806786155,0.018242774524655,0.0265661476720638,0.0245991625288105,0.0332724581701199,0.0208073957702156,0.027624385576902,0.019989007656283,0.0184561293820398,0.0220999856341137,0.0196179213095785,0.014218223406174,0.0220023003959396,0.0255975524525327,0.0126354374842625,0.02385141828088,0.024323007655872,0.0265896200402034,0.0181880154874017,0.0164929986192592,0.0140905826090658,0.0334322890843885,0.0280179511021016,0.0314971094557969,0.0306172667367697,0.0322356263242599,0.0224142705593616,0.0340586412434867,0.0353164191532263,0.0175163270262109,0.0281548643144926,0.0261911424235338,0.018711515104653,0.0268887753642891,0.0301060429683511,0.0290329853404536,0.0335887357299247,0.0297896666267036,0.0307703139713912,0.0158201863329979,0.0252169159250569,0.0277363632417293,0.0243754413884368,0.0185227915728354,0.0170104998509334,0.0119457118698496,0.0272484235062217,0.0257073810908665,0.0306310286063344,0.0211517842731153,0.0363988037163927,0.0285647810727202,0.0182843819202241,0.0300110916247258,0.026680765980108,0.0266832171044951,0.0254632255070397,0.0266755643908046,0.0284893258780424,0.0340286047947429,0.0299207937613805,0.0301270060022048,0.0257369556912156,0.0203095914765977,0.0183940776234158,0.0244673724674258,0.0229037485052118,0.022263927375589,0.0300763667998232,0.022100003035509,0.0224585789589291,0.0215790752611082,0.0244798714114534,0.0267061455232205,0.0319224342396099,0.0145536728939842,0.0265908249667148,0.017336996407107,0.0139726581095288,0.0335434127192023,0.0240801942091297,0.0265260257129656,0.0335805939168208,0.0331533935252796,0.0252131205620522,0.0268121093500642,0.0272688203743811,0.0369519964648068,0.00754775707755865,0.0201557710836095,0.0272958379748343,0.0277950275179005,0.0249997728311793,0.0185684477348858,0.0278310630990911,0.0286036707420482,0.0206133901594054,0.0255547217528115,0.0204068315185232
"franc_19",0.009418547634821,0.00577988771034693,0.0181242949344317,0.0207999286219714,0.0189927560981276,0.0087042612459716,0.00355977513821467,0.0283362230479183,0.0178316379412929,0.0125051330984872,0.0224409585533151,0,0.0138573133529951,0.0162319535655934,0.0137077493125361,0.0169435142226088,0.0194043416094351,0.0109063219955095,0.0133359699680759,0.00328755528246533,0.00446325301813216,0.0200284049743845,0.00769914809566239,0.0136006338321772,0.00196522158600669,0.0139986168885339,0.0153580509900523,0.00943200990471294,0.0194300851451408,0.00472666945293154,0.016191774002932,0.0077685969618659,0.0154418230112292,0.0092900324633392,0.0139101945365643,0.0138824206986576,0.0103011447105795,0.00617700403121318,0.0268201298591526,0.00982074454615978,0.00779944759281853,0.0177339069478574,0.0337288558606923,0.0122375278642541,0.0125513144135214,0.0210531729122599,0.0121150866881937,0.0179897192698425,0.0185149751479962,0.0187750580613381,0.00850326569116597,0.0199446491776045,0.0220412495629317,0.012203520833926,0.0146951918100153,0.0123875953985806,0.0161611313560383,0.0143079586428302,0.0144498244929238,0.0150600030879227,0.0186916729780434,0.0182887747561061,0.0144071699950353,0.0195497462113339,0.00968188275126002,0.0142760126871043,0.0203140015485361,0.0143442247064803,0.0132095786605594,0.0188369101217301,0.00924597361278855,0.00387893399040221,0.0170411200429149,0.0122164380889047,0.0224715681660575,0.0164991707680052,0.0146139991515479,0.0169612550186003,0.00770005985169394,0.0138705636885576,0.011493450896334,0.0093040399463961,0.0196579926860499,0.0201000040711105,0.0175076381824959,0.0177571083165482,0.0147737637806827,0.00929545619759763,0.0135675680736104,0.0153216709257052,0.0112954264476293,0.0209615402622209,0.0158316842101714,0.0116628476675354,0.00561432578494555,0.0190944660323137,0.0184170327812741,0.0160718585026744,0.0191560999324869,0.0141356756465298,0.0113218523168971,0.0153778915165764,0.0141091644401276,0.018956777232253,0.0111673323697522,0.0112932091286117,0.01973787071398,0.0200963097701311,0.0135430351091341,0.00550978161119354,0.0128837417191078,0.0223972226123401,0.0204420049917418,0.00578941699250929,0.00825057541102326,0.0132971252423538,0.0143415337901921,0.0120962797784177,0.0162942744121778,0.0148573722871349,0.0131941717258013,0.0133265953452944,0.00817040465438233
"ivy_19",0.017534030420106,0.0175238112909257,0.0158759805534963,0.0259423602534813,0.0242003488635715,0.0138279853069986,0.0151323964866958,0.0290566859373408,0.0215116739754926,0.0182798617366352,0.0126300269113769,0.0138573133529951,0,0.0228804989877425,0.0193097096277207,0.0166923512962624,0.0176133749229912,0.0167287746105383,0.0159702705855246,0.0142164530324683,0.0132662663572073,0.0271914373985581,0.00981590179633789,0.0186917122707227,0.0152535688486943,0.00623513077689184,0.0148247958309703,0.0177713618350712,0.0264685822601779,0.0133972087344085,0.0208622565613754,0.0141065212217066,0.0152533084605896,0.0127515113224821,0.00854708183388697,0.00774985581741736,0.0118570734269729,0.0157266356542668,0.020545898918903,0.0174684370295512,0.0157122865912563,0.0219661079884382,0.0276758231246726,0.00961489934625464,0.00654143191678452,0.0277304154827611,0.0191172762199572,0.0236121572377351,0.0248296912554861,0.0249428197217439,0.0152198530523922,0.0266976665517853,0.0292378295457255,0.0132590952234235,0.0199455809600733,0.0179673774730648,0.0153650754932291,0.0170789316858781,0.0206785082272007,0.0205943760815316,0.0261948116737745,0.0242118116152696,0.0235354939567803,0.0167389431886901,0.0182798858634717,0.0183976485127921,0.0167754315955045,0.0143792781036429,0.0122009229165261,0.0127042718983922,0.016737979641729,0.0172401969835709,0.0219702725263254,0.0141569258585516,0.0296622575024168,0.0223307228602245,0.0152063824276544,0.0232456203927407,0.0181757235016867,0.0207346221904639,0.0189546623731949,0.0187669294546954,0.0239789259792371,0.0272021480207536,0.0236942047313923,0.0237814419268899,0.0183559829897125,0.00983191348951,0.0136406323201937,0.0186592641407482,0.0144471404956482,0.0129027129523685,0.0224311639068046,0.014604773394108,0.0146774938824169,0.0204551452170243,0.0215766355366657,0.0210423963449914,0.0250935913205496,0.0098538186360166,0.0197525200060822,0.00658078877968792,0.00744140195110574,0.0256158171488374,0.015168400232332,0.0197223824901682,0.0265186228601366,0.0268371857066422,0.0198031380532484,0.0175288202664789,0.0205243931718677,0.0300089217830761,0.0138784366097869,0.0112739087401993,0.0186445912793413,0.0212104830602825,0.0198576581255151,0.0162864211707247,0.0214247317624628,0.0222157400840118,0.0164271382601377,0.0187974279212694,0.0151485815446689
"ginger_2",0.00716738334321304,0.0164688792733414,0.0165004156044196,0.033562478455263,0.0345167761866443,0.0188338709275542,0.0127357187412263,0.0176785561048066,0.0056016499228338,0.0280538999256576,0.0290017968146221,0.0162319535655934,0.0228804989877425,0,0.0292882455788686,0.0235959142337442,0.0252949718080759,0.0264710470122314,0.0288710867522191,0.013264779323626,0.0147170434914462,0.0351243681101079,0.0214879374724735,0.0296544807587187,0.0153241296905704,0.0226921149335287,0.0247073421514268,0.00718250957713947,0.0347631190536908,0.0135911616093408,0.0310784052906442,0.022200153002351,0.0298818880139533,0.0235483882361678,0.0243951571416087,0.026440265207391,0.0248136518285763,0.013280289159283,0.0360273510353277,0.00696745349750513,0.0238624946615368,0.0329440093636121,0.0422478967681849,0.0260897995375995,0.0207027444041088,0.0363868611272691,0.0272324487181549,0.0322922966297735,0.0337127133016189,0.0335033465888574,0.024504978789342,0.0343674085926765,0.0371852435816446,0.0244554584902756,0.0298363921483891,0.0284317640942811,0.0302090972840595,0.0275875153783697,0.0290569289817774,0.0300420159653237,0.0338043159454858,0.0339999774639636,0.0287634072186266,0.0321001328519218,0.00667929541495921,0.0281312926121631,0.0167217396784842,0.029399217770279,0.0278330824499641,0.029975522791006,0.023304571640796,0.0157485382733077,0.0118235730341418,0.0280727236402626,0.0371851376251631,0.0322290613239468,0.0278533835373889,0.0326198390993094,0.0227250660913003,0.00285544352820711,0.00591499134514893,0.0230546511168538,0.0346731798644332,0.0352946226793853,0.03327036009967,0.0333723248495262,0.0294322300474398,0.0205826458509145,0.0285316840078639,0.0306520190656082,0.0269921276767741,0.0236605896698225,0.0316019766824199,0.0275538164843561,0.0117284590764199,0.0336968299848666,0.0337960620966011,0.0317882473536336,0.0340442770321243,0.0275656341275962,0.00605226671852361,0.0241665812276014,0.0254596260890067,0.0333578255896725,0.0266832622326794,0.00623333724656338,0.0347814417479436,0.0351597425500348,0.00422678820959929,0.0178447601482119,0.0038156417871982,0.0367590189026455,0.030211040417922,0.0133098860799932,0.0223223454980361,0.0032165926296035,0.00433394235075224,0.0138316980796995,0.0027197181154474,0.00163652849865588,0.028311115749597,0.00571782491046118,0.0115285676267568
"ginger_20",0.0225155207210752,0.0136076679402514,0.0271528880413027,0.0114642508587423,0.0104393995613069,0.0141098824651479,0.0169500614647609,0.0395302652337324,0.0308479948203625,0.00569110192165419,0.0270663677184559,0.0137077493125361,0.0193097096277207,0.0292882455788686,0,0.0193926453636934,0.0221361570654894,0.00445048083944291,0.00639376574827374,0.0166165060006187,0.015326942141967,0.00839987442453844,0.0122324510793703,0.00344410783085434,0.0142052870058796,0.018801094313367,0.0167455563583206,0.022383667759849,0.00803088337201491,0.0167012163864032,0.00480423735548867,0.0100750631135735,0.0109494049837013,0.00840772536112945,0.0178317623157664,0.0158930889852585,0.0094014610415934,0.017003809346697,0.0274212164652254,0.0230452011031101,0.00687185099530458,0.00728940385755869,0.033337246888349,0.0114826219468261,0.0186832449802543,0.00984104332939157,0.00456820028378544,0.00725795564089923,0.00698048138100071,0.00701573156675714,0.00686112929325444,0.00842663586397985,0.0118135675573504,0.0150444663964908,0.00451434167621761,0.00448611472124396,0.0115465674323121,0.0100911611210928,0.00552153598080288,0.00470530345664819,0.00757022536020039,0.00903428203023094,0.00639578767483444,0.0165526890528694,0.0227820340106275,0.00747718840186718,0.0306440398655512,0.010808452900912,0.0124482186335851,0.0186993542528618,0.00851226404893503,0.0140157755646216,0.0277995538163801,0.00808527225016897,0.0106778935062713,0.00507489957366626,0.0119070480660677,0.00508384881010629,0.00750890350269295,0.0270528328583633,0.0244471609646984,0.0122591967597488,0.00870885760302546,0.00852702914686173,0.0064923750946499,0.00578032637669998,0.00633485788260694,0.0164852379264482,0.010182218324878,0.00593044334229281,0.00612796569802223,0.0283506624150439,0.00588062143606649,0.00621524480186733,0.0181274579699026,0.0138996241092989,0.0111360373941371,0.0085426894618331,0.00711124821773262,0.014316912754757,0.0240243460483187,0.01966977363635,0.0162081483809244,0.00762926085719545,0.00509400322108259,0.0242064551726121,0.00773936124918702,0.00803148458160357,0.0267410543697668,0.0122378576720195,0.025968751138361,0.0109916997534749,0.0223487323566316,0.0178751144747304,0.00814755468077549,0.0262223507620057,0.0274239305675703,0.0227354033768303,0.0293483879251999,0.0278212612768999,0.00918951605513088,0.0258085208790758,0.0203098790209449
"buddy_21",0.0189362782357775,0.0164351445613076,0.0122890843908111,0.0224423663970964,0.0278372239184058,0.00900263082392155,0.0176168342173821,0.0294443694390873,0.0235918579188913,0.0211075286508411,0.0251845491821368,0.0169435142226088,0.0166923512962624,0.0235959142337442,0.0193926453636934,0,0.0157889549643562,0.0184997502247926,0.020266557822839,0.0170200057234692,0.0154496042331776,0.0266256891960671,0.0170931872620507,0.0209712096381545,0.0169575749541076,0.0133191522619678,0.0159057557827912,0.0193099285376706,0.0265189945337266,0.0165922390650428,0.0203256637102666,0.0178929042005128,0.0215583260760951,0.0143339023824214,0.0180957355992785,0.0199621665653126,0.0164110950176089,0.0154618380597596,0.0307301055759296,0.0198237162575981,0.0184851862438395,0.0235708474912003,0.036833547226195,0.0167682367505368,0.0146478633188605,0.0282591054936464,0.0194934859048791,0.0224869594559993,0.0252460116412821,0.0240460612304853,0.019060948932743,0.0251691208497988,0.0297229958883457,0.0219986658591836,0.0205463747122791,0.0204842926176744,0.0210636596280666,0.0179773042829613,0.0197494796264231,0.0206532664062208,0.0258035118421568,0.0266348676679949,0.0226979998839144,0.0232984987395503,0.0198170050988597,0.017153852575214,0.0220821225772914,0.0217871025434922,0.0212801349661705,0.0226797767967348,0.0161012280172835,0.0178155770887852,0.0230076054124158,0.0203302051102862,0.0284056513825679,0.0237836855914028,0.020432590510901,0.0240383617182743,0.0187352107816572,0.0222922034607901,0.0206662525559548,0.022076610644168,0.025326246286576,0.0269207598199856,0.0251312703067032,0.0246780998081676,0.0196728387593551,0.0185208824289126,0.020533312724986,0.0213909602086445,0.0182600077950574,0.0213608674200997,0.0238078435312961,0.0192449396103882,0.0170738623338478,0.0264912816420326,0.0264088357586763,0.0245952048636225,0.0245632440984373,0.0207487935265185,0.020677251596974,0.0176474226723955,0.0181050271849484,0.0239068319806056,0.0168851321075171,0.0211198677191881,0.025879230251332,0.0262161879516787,0.0220740234245464,0.0171065055213055,0.0217269534202984,0.0282331692603227,0.0246199383503886,0.0158720784289743,0.018255641719521,0.0218640443143958,0.0220117005432559,0.0213306188788932,0.0225153659614228,0.0228189068250995,0.0214946787624916,0.0180948004328864,0.0191112372406068
