"","hera_1","buddy_11","hera_11","jarjarbinks_11","padme_11","hera_14","iris_14","jarjarbinks_14","jarjarbinks_15","buddy_16","buddy_17","iris_17","lambchop_17","padme_17","buddy_18","hera_18","iris_18","jarjarbinks_18","lambchop_18","franc_19","hera_2","jarjarbinks_2","lambchop_2","goose_20","hera_20","iris_20","buddy_21","jarjarbinks_21","franc_22","goose_22","grogu_22","hera_22","iris_22","iris_23","franc_24","hera_24","jarjarbinks_29","jarjarbinks_3","jarjarbinks_32","grogu_36","franc_37","goose_37","grogu_37","hera_37","lambchop_37","goose_4","grogu_41","hera_41","goose_42","grogu_42","lambchop_42","buddy_44","franc_44","goose_44","iris_44","jarjarbinks_44","lambchop_44","buddy_45","franc_45","grogu_45","hera_45","jarjarbinks_45","buddy_46","goose_46","iris_46","lambchop_46","franc_47","buddy_48","franc_48","grogu_48","hera_48","iris_48","jarjarbinks_48","lambchop_48","franc_49","iris_49","jarjarbinks_49","padme_5","buddy_50","franc_50","grogu_50","jarjarbinks_50","lambchop_50","franc_51","lambchop_51","buddy_52","goose_52","grogu_52","jarjarbinks_52","franc_53","hera_53","iris_55","lambchop_55","buddy_56","franc_56","grogu_56","buddy_57","goose_58","goose_59","iris_59","padme_6","iris_60","hera_67","franc_68","jarjarbinks_68","hera_7","iris_7","padme_7","grogu_70","franc_9","grogu_9"
"hera_1",0,0.0170162177232575,0.0139144708880275,0.0163134610008624,0.0206811108988907,0.00727524012178762,0.0257088879278162,0.02729488924014,0.0220547985231168,0.0199186150101501,0.0118923836736551,0.0110939205408422,0.0214207068193312,0.0315440086701726,0.0236521788391646,0.00934663595443192,0.0179965388349197,0.00846429106841736,0.0131490942085373,0.0113375238140066,0.0200063550877127,0.0315734297386987,0.035177880471189,0.0173793861992766,0.00711315704036562,0.00955669753843069,0.0160759557142861,0.0178596373673065,0.00856315750952061,0.0137597328626859,0.0135441316076609,0.0185487011520837,0.0171927876003652,0.012699966159156,0.0120980167706529,0.00994123530541711,0.00926053508760359,0.0147242131311902,0.0123708549076486,0.0170568479233428,0.0108298416832698,0.00815923650606892,0.0124166298905803,0.024521524472828,0.00967314892316628,0.0171992835445449,0.00614824852952346,0.00759838150414104,0.0128032526579519,0.00931198813783597,0.0156481396314446,0.0125099152966404,0.015496516781623,0.0151068951879406,0.0170575450586852,0.0298206482814897,0.0167802084276845,0.0154264766519939,0.0116647783960082,0.0166134504868702,0.0164266439020272,0.0316132220131631,0.0167145121192099,0.00890392077490331,0.0220957062761534,0.0172991492228491,0.0190474273648749,0.00809375613114734,0.0161688106921858,0.0153427522205274,0.0117817354770917,0.0138633858724362,0.0178921927784242,0.0217585807318843,0.0121421664534058,0.00987142031465538,0.00548229467527821,0.0221722549110672,0.019775347782304,0.0189959263798383,0.0169814636082755,0.0154546019301976,0.0190930718846637,0.0147972175627067,0.0220508558213173,0.00892599290295897,0.020735645666569,0.010831960435182,0.012916711040689,0.0220409180173291,0.0048678187774919,0.00858161874808242,0.016160926680784,0.0193582709543454,0.0127569708618829,0.0148039918189906,0.00792978130691093,0.0125042209468982,0.0132350937948523,0.0165894639490332,0.0222047690065168,0.0296567576268594,0.0111992251144088,0.00973759031242531,0.0095697306782356,0.0114142698928499,0.00655194518218411,0.0227439112432555,0.021597318674705,0.0225607883689475,0.0164766104965913
"buddy_11",0.0170162177232575,0,0.0108017092803346,0.0120315578196588,0.0146354080423305,0.0126616336767969,0.0263643973187811,0.0270239104176783,0.0219366419744449,0.0279694409898176,0.0127877624184095,0.01649749698687,0.00504385881687637,0.0209330382837914,0.00895261845534143,0.0205588278833737,0.0204979233652082,0.0172417233549077,0.0107942005620963,0.00937693513390956,0.0248651243061231,0.0333501810232834,0.0347918691356899,0.0268883015906961,0.01565703097753,0.0179260062906707,0.0189565839770673,0.0252028424777308,0.0196154814189538,0.00482956953876962,0.022324673972464,0.0238286766866567,0.0247257706320457,0.0217445033584972,0.0151521586536589,0.0202159232020712,0.0115779222782611,0.0256738568640016,0.0069248021545305,0.0237826065386294,0.0183399753479633,0.0152214957414654,0.0188542632423807,0.0258362188289798,0.0111407967193319,0.00778293186659256,0.0179037344739639,0.0148471765092175,0.0231420916918874,0.0169258970361708,0.0234543547675514,0.0197101338428286,0.0157124405611885,0.0246649086346491,0.0210897408167113,0.0307572139222142,0.0276754782186083,0.0270975682652265,0.0178705017228077,0.0280329474383152,0.0206534402868611,0.0232252671826714,0.0242561412272781,0.0193047148936835,0.0233692979020417,0.0275108379632391,0.027504229306287,0.021632617456266,0.0232322292053928,0.0214894278855244,0.0152461419674981,0.020398410347148,0.00134914339458724,0.0314433922294313,0.0212551791701672,0.0203533162416889,0.0131250500139355,0.00536239099744815,0.00411240892349163,0.0284654993792266,0.0266368152158433,0.0240806468849794,0.0301346794268546,0.022193927689527,0.0319984488216548,0.0200938848290589,0.0303084737670817,0.0207129310439024,0.0227547052849014,0.0277862451429661,0.0150873006069963,0.0174099584285776,0.0233815783383568,0.00396227430428006,0.0186909761889046,0.0201983481083569,0.0196647097457721,0.0161841188834887,0.0225299603750942,0.0196389073725341,0.0058069883059537,0.0293174380476097,0.0246169898062192,0.0158496595125499,0.0124810891925175,0.0229461692852559,0.0183888850281882,0.00660903538989114,0.0115485775760131,0.00592725965944304,0.0220120799063809
"hera_11",0.0139144708880275,0.0108017092803346,0,0.00688080571339328,0.0110021867916235,0.00906671617953018,0.0267285372508238,0.0227678292616937,0.0173039170683807,0.0311241826779506,0.013082246265768,0.0142366849445614,0.0133274741067379,0.020114247111098,0.0127528276405693,0.0212943347837925,0.0189320482946973,0.0186355128203125,0.0163004609303268,0.0141873363367467,0.0265390055351808,0.0352139051789505,0.038351032758594,0.0292868332718786,0.0136520418486098,0.0177147952223911,0.0147224031219499,0.0287307150487959,0.0200140880998607,0.0120479631207861,0.0236087248935232,0.0149827070457839,0.0271284482171657,0.0238210829987353,0.0172296258137693,0.0210509828385522,0.0142920074916534,0.0268978307075263,0.0125926192076517,0.0253718213009243,0.0155375781261127,0.016836378035919,0.017958051255004,0.0227205309984524,0.0148673970008545,0.00941170116629009,0.0166248639021211,0.0130433590673386,0.0246348671940183,0.0191130978002642,0.0250669945905616,0.0195521575475584,0.0154800298307574,0.0266830533929607,0.0203965386506102,0.034247740377814,0.0270885312450578,0.0272094761438273,0.0206477100566564,0.0282327808591812,0.0200005794158895,0.0215649259839841,0.0248551170186698,0.0197407825009439,0.025452359329514,0.0270782269436497,0.03047759583406,0.0194697968509876,0.0251157333135237,0.0234247555079154,0.0137579239153983,0.0204695503090565,0.0111473428101113,0.0336460000505689,0.0225372183332255,0.0214847176507623,0.013523565796438,0.0141762083649829,0.0131778954825424,0.0297332804364152,0.0287595639350733,0.026786896392903,0.0301042525938295,0.0235868559378728,0.0339110286028425,0.0201755071282934,0.032670990804263,0.0215554216346452,0.0246841604445186,0.0309629682179786,0.0100116821954401,0.0168059631958113,0.0259849490411687,0.0129727058869313,0.0147408803518428,0.0194995073886139,0.0192954344424775,0.0202004838066029,0.0245822553618002,0.018220508873064,0.0145442143278567,0.029168684764146,0.0233954760298134,0.0179154004959297,0.014509267700613,0.0238160989746782,0.0179085712329611,0.0144923461279362,0.0184040899557798,0.0140300609173457,0.0250381673394283
"jarjarbinks_11",0.0163134610008624,0.0120315578196588,0.00688080571339328,0,0.00677344591665963,0.0103628090940345,0.0228351345541622,0.024041491385581,0.0192885693287502,0.0308004143375563,0.010691951610417,0.0145540651462183,0.0143684162966309,0.0211189356414013,0.0142451914065546,0.0218477954783488,0.0185871046077398,0.0191691680457792,0.0171750261214131,0.014562542409876,0.0239163389514774,0.031482771792194,0.0344390589551171,0.0300451685629908,0.0148041999767323,0.0171398123802182,0.0109552688962238,0.0290093643102329,0.0205487729070357,0.0133675260484551,0.0226790691679957,0.01877365289339,0.0258491063482979,0.0243417626547947,0.0160104132031768,0.0209985643054602,0.0156012550704056,0.0276676295455456,0.0134730108369295,0.023441839562292,0.0166467155396387,0.0178191018804001,0.0175217255274991,0.0233905703109593,0.0158965943382516,0.0127248289818893,0.0171255580653755,0.0132905056977322,0.025457010995215,0.0196099242256851,0.0235278840445951,0.0178892347945481,0.0125790335732577,0.0275953290572821,0.0179785125465556,0.0308924573858132,0.0270009641626393,0.0277583978592185,0.0202967502879909,0.0289132522692165,0.0180923483665056,0.0228849246829003,0.0231061296690998,0.0196848816476471,0.0223407759973159,0.0264360395017909,0.0302893995660862,0.0202584226847474,0.0238265989865205,0.0223140263468825,0.0136019211366549,0.0191387267689339,0.0125174791403762,0.0340662687027068,0.0222379413126944,0.0222125311007185,0.0153936961082591,0.0144353856822951,0.0135695084554516,0.028952035550645,0.0287788545710417,0.0275026468843956,0.030515403683169,0.0223167647319287,0.0343236160117118,0.0203319489805611,0.0331348900579136,0.0212786460237969,0.0258688437547947,0.0291965005089985,0.0132876932599674,0.0170013118096757,0.0251773298828093,0.0137728633248953,0.0147653297373352,0.017603878151253,0.0194303974223454,0.0208931291926187,0.0253125732434078,0.0177330441292968,0.0142666194455392,0.026447329388105,0.0249028291269495,0.0188477994175154,0.015054568686124,0.0247096967577964,0.0187643839634898,0.0138968851661048,0.0158311977827981,0.0149024876472651,0.0234934266722871
"padme_11",0.0206811108988907,0.0146354080423305,0.0110021867916235,0.00677344591665963,0,0.0155701728891779,0.0228716621332193,0.0224473544970754,0.0183873321412129,0.0343136124795832,0.0141235733096896,0.0166897669748058,0.0163617512605071,0.0201454120045222,0.0146575995376352,0.0256759893442371,0.0187329691126047,0.0232492953838698,0.0211787045015225,0.0180714039391709,0.0266000321908203,0.0327375968248029,0.0356861472648501,0.0336651344012543,0.0180920393305602,0.0199519676889077,0.0123263857006601,0.0325327983752175,0.0247992802029645,0.0167766161275174,0.0263549966296402,0.0209452232557771,0.0288629571308328,0.0274428385743641,0.0193399498755651,0.0246956600227504,0.0200984927868879,0.0318784506263136,0.0173566335682195,0.0267513867959581,0.0187445638252298,0.0222297139608051,0.019873455410348,0.0223719199286465,0.0197398125763288,0.0162960819818764,0.0211775401762999,0.017848580460025,0.0296266596077445,0.0234357583631233,0.0267080027607846,0.0210104912208446,0.0142856903385947,0.0316886075002047,0.0195386238864476,0.032292733033441,0.031487671578354,0.0323241598337445,0.0239904681596224,0.0335566540662471,0.0202555287277009,0.0210395272837516,0.0263936065203572,0.0231007008459351,0.0237951947372615,0.0308447836101005,0.03372997185499,0.0247880380253186,0.0266797846828123,0.0248374098629601,0.0161623226526086,0.0215479437880012,0.0150319030310839,0.0381015681319343,0.0254286611651097,0.0256060947347602,0.0195354177483726,0.0158831049980169,0.0155779611622403,0.03303163070235,0.0325968135901117,0.0312925996142821,0.0352716917599893,0.0253663489473534,0.0384852716531403,0.0241185748499764,0.0370405914294332,0.0249694285066616,0.0295163045005617,0.0317365325656397,0.0175547422561879,0.0198403194929224,0.0290332608936298,0.0161879426367978,0.0172270109789866,0.0205258843787386,0.0233640999409005,0.0249631027164015,0.0293831726739175,0.0183725400773771,0.0155819347598432,0.0256384892596071,0.0295853698754595,0.0234062316608901,0.0183441231172233,0.028753787032173,0.0221535384813052,0.0149883617196655,0.0179733283770191,0.0164907162269796,0.0267611041213805
"hera_14",0.00727524012178762,0.0126616336767969,0.00906671617953018,0.0103628090940345,0.0155701728891779,0,0.023481085627087,0.0264109965667057,0.0210897890327052,0.0231014313792286,0.00869006634745196,0.0117336404305353,0.0165234104030251,0.0269464951772808,0.0188190398445066,0.0134029784434309,0.0179059760189861,0.0105514549054137,0.0114270758465772,0.00943465051235338,0.0197595559407432,0.0300444098818324,0.0332357366935889,0.0218048345927782,0.0090504904017497,0.0111437493075022,0.0127215092033764,0.0212224352031393,0.0114765381158857,0.0104661801573962,0.0152549404011485,0.0179804226800169,0.0191384124645343,0.0169529365560845,0.010750840660717,0.0131460525668494,0.0078714107818751,0.0186026431249126,0.00904919325015153,0.0176660296280233,0.0121934667995122,0.00903083386626768,0.0132391487236281,0.0242669876990963,0.00917037177635991,0.0129943527061499,0.00908066659495073,0.00514317708672494,0.0165055298159437,0.0116004536711692,0.0168349008503411,0.0125720350176262,0.0126230574295368,0.0188868907598573,0.0157040485633024,0.0285560924152653,0.0183898358043932,0.0184391491507634,0.0129437654017789,0.0195932772155691,0.015394676715621,0.0279371000452991,0.0169593499142708,0.0120731931992507,0.0202926597851937,0.0182436287386642,0.0225115465254292,0.0108189103950104,0.0176724137065878,0.0168214052452573,0.0107117499899585,0.0142934597180864,0.0133408809285662,0.0254178448312214,0.0149574469880879,0.0142767245186336,0.00711202261313747,0.0172008349790108,0.014907191023491,0.0208201503950207,0.0203903283175207,0.0192172907242154,0.0214816724058105,0.0160057900114569,0.0255989935713565,0.0119697426564026,0.0246079172161566,0.0134822760854849,0.0175659004632131,0.0233911946653746,0.00632287482732475,0.0109554008749682,0.0175339717028101,0.014483927135079,0.0121854112076874,0.013962451347628,0.0109401056537155,0.0133279353208225,0.016639898417,0.0165818776791534,0.0171423956914991,0.0278796980821714,0.0151170674752904,0.0101370607551693,0.00885607032801166,0.0158818227727859,0.0109874383324903,0.0174585738908223,0.0168047981878636,0.0175697175361874,0.017417567262928
"iris_14",0.0257088879278162,0.0263643973187811,0.0267285372508238,0.0228351345541622,0.0228716621332193,0.023481085627087,0,0.0268569618002428,0.0256500918145069,0.0283233558074869,0.0221247064628197,0.0182481358871474,0.0295017809312782,0.0361462470260145,0.0294528330124986,0.0239840373026415,0.0156929228842433,0.0232298691592908,0.0273424937564129,0.0225393036379833,0.0130698880862148,0.0119282177739753,0.0163099355947599,0.0322079970610471,0.0205650173398872,0.0178041549307504,0.0235495847810168,0.0304000918480276,0.0242125644969112,0.0257736755739159,0.0204164662917356,0.0300094783508444,0.0214578853988878,0.0257414272200278,0.0163242787877971,0.021806565465704,0.0256532801485409,0.0307836114294524,0.0244421296148905,0.0167972462517709,0.0194759497680815,0.0253182959183532,0.0151581165997398,0.0227422516278805,0.0243789290693139,0.0294356378666599,0.0209280557063262,0.0201057065871151,0.0292554441374724,0.0237211538221568,0.0227324993063443,0.0148297282881674,0.0140849103189786,0.0317301892062651,0.00914436724537649,0.0138634130007932,0.0305258183773141,0.0305254981953531,0.0216953743666634,0.0323520254456885,0.0108918704427417,0.0345017748984578,0.0164563371261537,0.0221926658753092,0.00796747924102499,0.0281236931468792,0.02900844173199,0.0260111277512491,0.0173400983703195,0.0162975512859851,0.0163541452448702,0.01347123562796,0.0270520833312154,0.0355385738354259,0.020201254904807,0.0245596372001171,0.0242128746912613,0.0278516606051909,0.0265617990196903,0.0265609214960793,0.0287675709070648,0.0305948607861621,0.0339528149528682,0.016979941616312,0.0361144241599859,0.0216750606434252,0.0346009051024302,0.0209183475355764,0.0297108120308683,0.0202757888249136,0.0254674122274718,0.018955289537047,0.0250429561007827,0.0275091830946191,0.0167771142245626,0.0121452271294783,0.0225597594421211,0.0276883988009934,0.0292734231587978,0.014930002853058,0.0264271333313947,0.00956719545307444,0.0308127859925816,0.0265211477991595,0.0202969414801807,0.0285916273389088,0.0231105209168943,0.0261539236309073,0.0194165892734161,0.0296956443170055,0.0197589762552783
"jarjarbinks_14",0.02729488924014,0.0270239104176783,0.0227678292616937,0.024041491385581,0.0224473544970754,0.0264109965667057,0.0268569618002428,0,0.0058991020124638,0.0407903218882801,0.0291914370349596,0.019947190626288,0.0297105664927091,0.0289388052017594,0.0248822566961278,0.0317917465160045,0.0144554597485345,0.0311380518243428,0.0333021622579778,0.0284299379601946,0.0323555079394048,0.0372295192490289,0.0412458384432735,0.0408017464623137,0.0222051241339497,0.0261591374771237,0.0292775508437606,0.0403490117011166,0.0326684758316502,0.0286268474237048,0.0337006127600933,0.0183752992197574,0.0364116132093951,0.0333622549962597,0.0273734291975642,0.0312225051990263,0.0309402879435242,0.0397554689897115,0.0289252894252689,0.0337858909214525,0.0184668112898238,0.0321261210748117,0.0222444925814053,0.00640009779265623,0.0297252116930103,0.0270862316010788,0.0274197905051758,0.0261734660157274,0.037877269225688,0.0316426334652651,0.0368731454935738,0.0276077302142102,0.0233456584543697,0.040178273670088,0.0242414431758908,0.0379118307665015,0.0417678692762469,0.0407127366706791,0.0324463024206803,0.0423234817115553,0.0226970238633905,0.0238141461965804,0.0331314345633137,0.0307383098712203,0.029739083009861,0.0410453877271963,0.0409488216718043,0.0331258603780102,0.0322655724998189,0.0293064303896348,0.0194350461158371,0.0257634580622858,0.0274073389829805,0.0464738881833792,0.0307938360213131,0.0315538495962291,0.0274279207382435,0.0287311596291796,0.0281722001414406,0.0413615478773973,0.0402794239163775,0.0392127271002929,0.0447814404365793,0.0315009628436407,0.0471375462705363,0.0307230823522205,0.0450656302568355,0.0315567015987223,0.03617852981099,0.0382006564034119,0.0240785122289847,0.0246210042149626,0.0386913909675326,0.0290930606644812,0.017939966430547,0.0255464794104019,0.0311147966712825,0.0355141096489719,0.0380212772120796,0.0163596914400446,0.0282950579574991,0.0221189524082501,0.0373568975537314,0.0338464358818486,0.0257782171674246,0.0361360254260035,0.028414389046916,0.0280449270688379,0.0298922456477164,0.0295326787377745,0.0345637974243996
"jarjarbinks_15",0.0220547985231168,0.0219366419744449,0.0173039170683807,0.0192885693287502,0.0183873321412129,0.0210897890327052,0.0256500918145069,0.0058991020124638,0,0.0367339515221456,0.0241764925965857,0.0156292535123525,0.0248899721608671,0.0258371805170034,0.0206372619927729,0.0272461642136512,0.0120643917463647,0.0263414051583124,0.0279960448343021,0.0234056843841211,0.029511657072121,0.0359415040623098,0.039886479777417,0.036159819085045,0.0174121688657734,0.0219111375505035,0.0247377415307167,0.0357688785964311,0.0279080740421816,0.0233512157979588,0.0296167189734828,0.0147385609485146,0.0325278103829545,0.0289157427100089,0.023179546754129,0.0268229541070374,0.025611481351722,0.0349839482334799,0.0237117779121429,0.0302812633626958,0.0142387598008202,0.0269520213782691,0.0186903979404303,0.00760231523993,0.0245246775984511,0.021887691852483,0.022813565163966,0.0213883387328862,0.0330073035971044,0.0268106612233454,0.0325747180427237,0.023862964387452,0.0196684776922821,0.0352491492696484,0.021477841638576,0.0360293509460268,0.0370474885719876,0.03602441213997,0.0279123864730104,0.0375359101981465,0.0199717314129236,0.0217188472718118,0.0296824337491048,0.0261477309787364,0.0273528714840505,0.0365582578990374,0.0366839282840934,0.0282857769836868,0.0287664179560851,0.0258917479731197,0.0152721832790316,0.0223934624921741,0.0223659684247682,0.0418139413525638,0.0267665240160441,0.0269830037467287,0.0221625376731957,0.0241977075360759,0.0234062552196305,0.0372307312550758,0.035841175665561,0.0344308527847179,0.04000807589337,0.0278532936050768,0.0424379024576324,0.0262748526493417,0.0404291785152564,0.0272983700861658,0.0313966599248286,0.0349270863099347,0.0186474773602998,0.0202560347003305,0.0342343258519772,0.0241738434742432,0.014212424526433,0.0223311649033623,0.0264674435395767,0.0303631093089705,0.0331172648679749,0.0135968363600878,0.0239206467311484,0.0227829777316063,0.0324051262091494,0.0286497264340205,0.0210210491066117,0.0313266725501311,0.023660445305956,0.0237818117379681,0.0261318916367262,0.0248630614862202,0.030680314018236
"buddy_16",0.0199186150101501,0.0279694409898176,0.0311241826779506,0.0308004143375563,0.0343136124795832,0.0231014313792286,0.0283233558074869,0.0407903218882801,0.0367339515221456,0,0.0214448429151599,0.0237416441360747,0.0319358483923905,0.0457060614361229,0.0363758194449846,0.0109439797943774,0.0275543088410991,0.0128918796224932,0.0190303501308506,0.0189298191859693,0.0162737207655271,0.0275880856642457,0.0288233661844783,0.00839180267561922,0.0207020147107839,0.0164708217568693,0.0276930500890544,0.00623288749037012,0.0124645093665276,0.0235371644647669,0.0105138971456884,0.0368572162317067,0.00819750903625411,0.0102404320291303,0.0169904215482515,0.0113705348277096,0.0183789471475197,0.00921127830508692,0.0214972915240633,0.0129517562843076,0.0231118634379392,0.0154022271040086,0.0205249968116891,0.0357597662118932,0.0176108048498896,0.0308251119874495,0.0165697791783137,0.0200189556523487,0.00985294708278653,0.0124592595551518,0.0105393333961605,0.0167214797667539,0.0240829760751768,0.00983778887763899,0.0226453570402415,0.0233072868687815,0.0157555194565608,0.0123362042242002,0.0113137462165869,0.01319385315846,0.0221428801521749,0.045705841035594,0.0149425991731283,0.0128824521828281,0.0217999338721131,0.0155722321866445,0.00396189581781156,0.0166172781953328,0.0119072446379317,0.0136772661703348,0.0232244916662434,0.017793854090078,0.028826716927429,0.00994917997062136,0.0111707444135639,0.0115464679753703,0.0182455884258576,0.0319331554184309,0.0293138780401277,0.0102798043423325,0.00565046890602799,0.00809042540416508,0.0154074867338878,0.0127895863354038,0.0109886418290515,0.0127626162346549,0.0087202365234245,0.0113316414630027,0.0101004388705127,0.0110404256551609,0.0239688423653742,0.0176614289049052,0.00862064832206437,0.0291015448443115,0.0256752374220422,0.0206830141032597,0.0135247992906193,0.0137355180576752,0.00962775703593427,0.0260541490580522,0.0314536471506513,0.0343120807635232,0.0153583581741885,0.0152477255321236,0.0184448084572434,0.0101493776363726,0.0153310187497394,0.0322905552773879,0.0262518486162991,0.0329695648576809,0.00953192233820759
"buddy_17",0.0118923836736551,0.0127877624184095,0.013082246265768,0.010691951610417,0.0141235733096896,0.00869006634745196,0.0221247064628197,0.0291914370349596,0.0241764925965857,0.0214448429151599,0,0.0132397728014334,0.0166714869350741,0.0284574448549312,0.0199299671624684,0.0138093056923999,0.0190820309815995,0.0114446844628094,0.0106018943059768,0.00870168394241893,0.0183840935795197,0.0285425766715099,0.0310764029761647,0.0204314981166805,0.0116546870208704,0.0108837437165379,0.00900718847480486,0.0192369919840698,0.0127742495677413,0.0104004060635127,0.0148667503844734,0.0240145118346682,0.0170238287810862,0.0154686832169831,0.0105982384293737,0.0130369191155792,0.00938652074883079,0.0187119877213564,0.00938578235928855,0.0165984365061016,0.0152185301742979,0.0102762165414909,0.0145666284901882,0.0265270640902015,0.0090737105561579,0.0157880013215429,0.011410796082752,0.0100450735591205,0.0165189876960637,0.0112654462875643,0.0141989341612348,0.0124926877446508,0.0115880232075208,0.0183152153639764,0.0159026822583841,0.0264183495813335,0.0194741392053062,0.0197597637391687,0.011933835642934,0.020859686388809,0.0163574547193955,0.0298732943100028,0.0171365480456344,0.0112964154841235,0.019003018779293,0.0192115131899984,0.0205792347024325,0.0139388551045987,0.0166386038869998,0.0157441218020116,0.0129848275902196,0.0145799762768922,0.0137778814881633,0.0244792170503948,0.0146156391142484,0.0139105107925703,0.00971804917952713,0.0168951996001879,0.0148016527932089,0.0207965740469558,0.0193948262065937,0.0179820430296874,0.0227350807909132,0.0154113775570369,0.0248683700823384,0.0129546989178912,0.0234349562427272,0.013553391746787,0.0168416119594776,0.0211830696208614,0.0118994255346717,0.0116268879838233,0.0161465424606518,0.0147057678134343,0.0156822259662836,0.0148872262993068,0.0117420402330994,0.0123212845114117,0.016132823016054,0.0176246747423895,0.0166503529841202,0.0279411117205635,0.0178224786336113,0.0112933430164279,0.0103034441774442,0.0158627765943782,0.0115422393796696,0.0169862822270273,0.015214468317344,0.0176865517389403,0.0151565405712747
"iris_17",0.0110939205408422,0.01649749698687,0.0142366849445614,0.0145540651462183,0.0166897669748058,0.0117336404305353,0.0182481358871474,0.019947190626288,0.0156292535123525,0.0237416441360747,0.0132397728014334,0,0.0211076736157718,0.0289480322300357,0.0210071604696592,0.01417815386326,0.00869306399168433,0.0136976620422371,0.0175230342095029,0.0125667200061471,0.0174125934278733,0.0264132502122769,0.0305655423803456,0.0231552887946806,0.00503451213679771,0.008267282852286,0.0167359602854913,0.0228688435430483,0.014897477810282,0.0150914601158274,0.015998478694364,0.0173117090894894,0.0187505591624822,0.0157485930045733,0.0106829037406617,0.0130629170866508,0.0147482370809783,0.022216595417615,0.0144029356111435,0.0167060523298502,0.00676273880621703,0.0147627802377795,0.00605734873708585,0.0169010886732422,0.0131336540578366,0.0180302849841554,0.00934304375779154,0.0104658408258818,0.0199799409184352,0.0137503944545244,0.0190468001323239,0.01070693898271,0.0102329135998531,0.0223573427268522,0.0110452868209247,0.0256320985946506,0.0246302154702825,0.0233184609205776,0.0144336289578998,0.0249099245266009,0.0106865616890657,0.027719004929519,0.0168745754846369,0.0124297868054906,0.0170561073732161,0.0239791094077033,0.023212465821563,0.0164069823055861,0.0153857019227848,0.012982118216047,0.00509943610395323,0.0100334036505091,0.0175509785596143,0.028645099901949,0.0133078442003722,0.0137899155383808,0.0106731798444366,0.0206592177385334,0.0188761000604897,0.0238549727593656,0.0224171436357976,0.0215865991904665,0.0274483016362166,0.0143640353643616,0.0292965675526771,0.0128685707890917,0.0272789487222658,0.0135491275006519,0.0189258675072738,0.0216787691288413,0.00960955900858716,0.00657748589784662,0.0206141697336292,0.0193245248002795,0.00625697684907244,0.0100568730327445,0.0130973775300541,0.018265533870855,0.0200786999580751,0.00690649239076048,0.0201520908762177,0.020387888496822,0.0206535363213901,0.016750599476194,0.0102647220026093,0.0184753586063351,0.0104774385679607,0.0203595030031721,0.0186466848269048,0.0217905952814227,0.0173257978502273
"lambchop_17",0.0214207068193312,0.00504385881687637,0.0133274741067379,0.0143684162966309,0.0163617512605071,0.0165234104030251,0.0295017809312782,0.0297105664927091,0.0248899721608671,0.0319358483923905,0.0166714869350741,0.0211076736157718,0,0.0192727220138581,0.007322535534104,0.0251021535810918,0.024611101293028,0.0215676131223013,0.0139792429917032,0.0137466383727253,0.0287100468978215,0.0362336252621181,0.0371662904322562,0.0309283494989308,0.0204744087665869,0.0226449743011762,0.0219994554273716,0.0290765075791629,0.0238495815127289,0.00900942690068185,0.0264939503727344,0.0266074922083393,0.0288354959089172,0.0263098965041863,0.019365395128574,0.0247731663271509,0.0154388041762836,0.0295719486459679,0.0109928727312941,0.0277734978588134,0.0229094875408759,0.0192261658299556,0.0234071257820022,0.0291731015403384,0.0154828289221681,0.00879051621461627,0.0225147719059127,0.0189474750280285,0.0271029376285282,0.0213060960423597,0.0273618500772856,0.0240484431185588,0.0194205924090748,0.0284714466612052,0.0249942115917837,0.033645981162034,0.0309828558743611,0.0307438474304477,0.0220724968632701,0.0315315260632051,0.0246978344414254,0.022803487276479,0.0281337306892668,0.0238930768597473,0.0267044516745336,0.0308117154665066,0.0315167289195232,0.0255983414705378,0.0274836327886352,0.0259143951596428,0.0196625214209322,0.0247842089166838,0.00406954745309652,0.0350240801001181,0.02579995057421,0.0249849743185411,0.0177257907488378,0.00290314269094075,0.00483982812104645,0.0320804825560299,0.0306018777322833,0.0280272038602816,0.0333717690846961,0.026433422474663,0.035506199337681,0.0245667261961052,0.0340196737097011,0.0251643375409148,0.0270265824153599,0.0316256515707429,0.019347427750886,0.0222499709037182,0.0270421651203757,0.00436824119151719,0.0228797974102589,0.02427900390062,0.0240917397050046,0.0197633843092497,0.0264390332467591,0.0238838793642728,0.00434716377303888,0.032233924817131,0.0284027037011639,0.0195122302279681,0.0169695744906738,0.0271828154137557,0.0231435212027764,0.00491862624755754,0.0129167032121355,0.00184311954681426,0.0260479072402091
"padme_17",0.0315440086701726,0.0209330382837914,0.020114247111098,0.0211189356414013,0.0201454120045222,0.0269464951772808,0.0361462470260145,0.0289388052017594,0.0258371805170034,0.0457060614361229,0.0284574448549312,0.0289480322300357,0.0192727220138581,0,0.0151968981197677,0.0376195336386867,0.030400567546409,0.0346969876792679,0.0298144461809385,0.0282880223665272,0.0398474176828477,0.0448043265531428,0.046750860643041,0.0446476933201073,0.0301102359415841,0.033470252965469,0.0294763945316438,0.0434831844937573,0.0365439277184448,0.0246580522081062,0.0389650244177787,0.0276790541936447,0.0417235939164152,0.039154380854154,0.0316599933026124,0.0370951391037177,0.0297892198956561,0.043049479530225,0.0262715566014712,0.0396992090463855,0.0308753507414585,0.032843323668906,0.0324752791921706,0.031224315609881,0.0297840772995338,0.0196855222095448,0.0335323176666266,0.0295995416590761,0.0406389399995235,0.0348063945059142,0.040306967566624,0.0347573919782528,0.0273211723975779,0.0423833763446469,0.0332463335425294,0.0439962850160688,0.0432775373073632,0.0435809966010026,0.0356716935919695,0.0444747607797905,0.0332973565217641,0.00906588637949763,0.0393434577959798,0.0360555239827657,0.0363601538455116,0.0429700754645814,0.0454151097796473,0.0368283382887294,0.0394360988085825,0.0375268147754238,0.0283884041391569,0.0347750388486816,0.0204164333745171,0.0490445095810602,0.0379183587438645,0.0374263619354707,0.0301587240410074,0.0191373231673632,0.0203652065316777,0.0450439731012011,0.0442805450011325,0.042121499016296,0.0461320374862745,0.0382085296694181,0.0494125527388517,0.0364539104098051,0.0480401455612378,0.0374464983214142,0.0404192985175384,0.0442152462173302,0.0282459739172894,0.0326541014798922,0.0408981834125164,0.0206870899356015,0.0295410896314738,0.0336175520549479,0.0360082945770511,0.0347478369137871,0.0403059927956152,0.0303245966593696,0.0195711829176807,0.0361661617480411,0.040402656955298,0.0335897725281545,0.0287950201352758,0.0402359631140008,0.0345452232142204,0.0189664939346219,0.0263011644775046,0.018563181379605,0.0394261154452444
"buddy_18",0.0236521788391646,0.00895261845534143,0.0127528276405693,0.0142451914065546,0.0146575995376352,0.0188190398445066,0.0294528330124986,0.0248822566961278,0.0206372619927729,0.0363758194449846,0.0199299671624684,0.0210071604696592,0.007322535534104,0.0151968981197677,0,0.0284759162001415,0.0229601712825633,0.0253130244446104,0.0196319278389242,0.0177550025616086,0.0311465199282745,0.0376718668175645,0.0391466050682807,0.0354893545501634,0.0214384583491942,0.0247036278687436,0.0236410423722804,0.0339254036747907,0.0276199562755818,0.0136502664226582,0.030123397342102,0.0237424050350121,0.0327309217304712,0.0298086616984689,0.0220967641115241,0.0280327613709438,0.0199815092437433,0.0341940845754793,0.01555223216723,0.0309416835229577,0.0227906966172447,0.0235569485537928,0.0240012171038534,0.0256014450529805,0.0196588737320587,0.01019992192588,0.024850858133514,0.0212350856005465,0.0316758797792981,0.025220048079632,0.0316351399468314,0.0261499644152592,0.0200926107801113,0.0333428527456246,0.0256615452339743,0.0359652620613906,0.0356257661875739,0.0352841445895434,0.0260922662333422,0.0362877768953949,0.0251257593025656,0.0177796411418017,0.0310683264325027,0.0271224271550978,0.0283217903266792,0.0352905572307641,0.03609424230059,0.0290012938600445,0.0304352355906815,0.0282770728446869,0.0196561212020628,0.0263332502645998,0.0083023440022697,0.0402197301656214,0.0287893840437036,0.0282633360318231,0.0207040350764064,0.00676133062287705,0.0087583630146708,0.0365693978992036,0.0352117125792986,0.0327689048924432,0.038300300801417,0.0293466131393982,0.0407521727953227,0.0277005976060988,0.0390776872356008,0.0284108189949513,0.0311145151130764,0.0352941618557239,0.0204209886776485,0.0238691672102301,0.0318493389171204,0.00931452710527757,0.0221130605468006,0.0253871220415179,0.0273737634519553,0.0250245940816742,0.0311761121406249,0.0226602660749962,0.00736253894179738,0.0303182966709865,0.0324259909047172,0.0242968991829946,0.019553960148056,0.0313011626330497,0.0257711219514148,0.00697908614122168,0.0158758399573117,0.0065124994115774,0.0298399139692448
"hera_18",0.00934663595443192,0.0205588278833737,0.0212943347837925,0.0218477954783488,0.0256759893442371,0.0134029784434309,0.0239840373026415,0.0317917465160045,0.0272461642136512,0.0109439797943774,0.0138093056923999,0.01417815386326,0.0251021535810918,0.0376195336386867,0.0284759162001415,0,0.0194772662496279,0.00418488304733504,0.0133372650420014,0.0116624573102011,0.0145465152812128,0.0272139068116642,0.0300836623032077,0.0103069950279997,0.0104930654316935,0.00754918395864377,0.0197573099333507,0.0100268477447537,0.00385201292708144,0.0163075049737164,0.00662830398430244,0.02630847134085,0.00899668791342543,0.00544446217262986,0.0099742623944713,0.00255990088176245,0.0106995498022479,0.00849524292311022,0.0142618896080517,0.0108977907775692,0.0135372387715316,0.00747674465942893,0.012144546927904,0.0274986204089076,0.00994871983169172,0.022660547966373,0.00622776830012398,0.0106423076508961,0.00683126463315461,0.00446023749059285,0.00911161791952496,0.00968259169516935,0.0166940777659215,0.00927707424258151,0.0160902370677299,0.0243071442813685,0.0137371845359128,0.0108001659038632,0.00557616442572543,0.0123645042379295,0.0154235955925594,0.0374307111734142,0.0117249012908858,0.00366252868909527,0.0186489114839329,0.0137797781191406,0.0103316815908153,0.00841690830193166,0.00927892114112544,0.00939542638441775,0.0141138006480626,0.011066274508611,0.021521075914154,0.0149657427551211,0.00481634876970383,0.00301273185474009,0.00845234188552219,0.025327203807498,0.0226863083481968,0.0122507018561709,0.00884895739297121,0.00849424358984148,0.0153595889714666,0.00869895462251925,0.0156300400848236,0.00354545471017082,0.0136554170880832,0.0038095501628393,0.00666447590720664,0.0141085567396217,0.0132678094318455,0.00807954926067466,0.00909244098363495,0.0224536546924052,0.016204530207097,0.0137051148976898,0.00402497208497326,0.00938814236077227,0.00715781350715511,0.0178802828189246,0.0249962857391289,0.0290962045382967,0.00974297640375624,0.00860875163641025,0.0102400848586265,0.00518660659053544,0.00493764744922783,0.025712427471019,0.0215027514629623,0.0262042259136774,0.00886914753352545
"iris_18",0.0179965388349197,0.0204979233652082,0.0189320482946973,0.0185871046077398,0.0187329691126047,0.0179059760189861,0.0156929228842433,0.0144554597485345,0.0120643917463647,0.0275543088410991,0.0190820309815995,0.00869306399168433,0.024611101293028,0.030400567546409,0.0229601712825633,0.0194772662496279,0,0.0191959193224306,0.0232773580684729,0.0177598336540723,0.0186301699306584,0.0251517079997632,0.0292735094239753,0.0285477445017235,0.0114278793960817,0.0131547111955683,0.021457585568869,0.0277473797501395,0.0207174436986318,0.0201450591604237,0.0203360355943667,0.0195687988882841,0.022512474987161,0.0208067341872251,0.0145983939950599,0.0183450651587686,0.0208560174796181,0.0278125971918703,0.0195691669849527,0.0199427560310837,0.00807294319412744,0.0210753082104516,0.00890805634605249,0.00983042627978708,0.0190514524507198,0.0225330372598056,0.0156395629034776,0.0157453468319125,0.0259072230309557,0.0194957017125332,0.0236930210592552,0.0143207104072647,0.0124646308628069,0.0282941427080174,0.0112680849003388,0.0248984892340474,0.0303198468325341,0.0289583013370821,0.0195470548500116,0.0307239557511929,0.00993318827398081,0.0272791278800112,0.019763504149512,0.0182016284424815,0.0166643470419899,0.0292381756587157,0.0277238735917307,0.0224499003036678,0.0182049894074446,0.0152343939009616,0.00794644836596521,0.0119586118762938,0.0213135024392365,0.0340217947232898,0.0173656632820202,0.0192262544908816,0.0171716869477359,0.0234606932923148,0.0219460143400648,0.0283234799029809,0.0273686575027491,0.0270512876636292,0.0332742837543102,0.0176385078153178,0.0347872898893919,0.0181785135184061,0.0325956839948434,0.0184793409310475,0.024469229370099,0.0239640985492495,0.0164832047003425,0.012059607132553,0.0255769774608799,0.0228296131781408,0.00801800987764233,0.0126229084949591,0.0189675901148884,0.0241632370226388,0.0259866481547988,0.00269795833691511,0.0226284155846102,0.0146199595285756,0.0267941577927408,0.0229036690415385,0.0146106818984078,0.0243212931562015,0.0166903358953239,0.0226768504769516,0.0205805459560928,0.024868806074472,0.0208613933022741
"jarjarbinks_18",0.00846429106841736,0.0172417233549077,0.0186355128203125,0.0191691680457792,0.0232492953838698,0.0105514549054137,0.0232298691592908,0.0311380518243428,0.0263414051583124,0.0128918796224932,0.0114446844628094,0.0136976620422371,0.0215676131223013,0.0346969876792679,0.0253130244446104,0.00418488304733504,0.0191959193224306,0,0.00988820534140772,0.00837307326256331,0.0146015786407443,0.0268776194888475,0.0294099514730094,0.0125065842751926,0.00994026288465031,0.00741344993975662,0.0181244642719552,0.0114286821677191,0.00299700214064838,0.0129270139920457,0.00706695093244315,0.0253123700423404,0.0101279164372203,0.00802185410653674,0.00769138829004902,0.00449735968041874,0.00700513996101844,0.00989419746082324,0.010651455868928,0.0111184035234738,0.0132681852902918,0.00401244952746235,0.0119797190747597,0.0272071961941955,0.00672840286295798,0.0195570696006557,0.00585996307830584,0.00796625043562379,0.00773121849705121,0.00250810488224392,0.00921820496053737,0.00920231274437417,0.0149585789055164,0.0103151973933149,0.015268801427238,0.0238158949966612,0.0134443384167077,0.0113567037455134,0.00392559355996029,0.0128259106859825,0.01479673725976,0.0349787406793116,0.0114874516629895,0.00462091288193239,0.0176153335317049,0.0133038409967927,0.0123940336853268,0.00780915211274651,0.0100303511813567,0.0100440352135974,0.0128774704723283,0.0108895062319654,0.0181044363722112,0.0164825579989541,0.00641889077864345,0.00563931530402131,0.00608088159925191,0.0218570051375639,0.019212509992146,0.0127833482000277,0.0106008675220158,0.00986756131944193,0.0155760241940006,0.00899610864722412,0.0170225246505007,0.00415409453016699,0.0153977127222175,0.00491725194109032,0.00873238424432162,0.0149420993921471,0.011917199494046,0.00814987758087955,0.00875040433736823,0.0188805178132496,0.0154912399482604,0.0130093928588586,0.00407510468598225,0.00688406981315328,0.00774666783505791,0.0175884673423621,0.0215333194215854,0.0285263515750722,0.0100615429974619,0.00521969537649448,0.00744872271163219,0.00723492073473356,0.00580466738973682,0.022247681526262,0.0182518217227511,0.0226784477231048,0.00903606619517546
