"","hera_1","wolverine_1","hamlet_11","hera_11","jarjarbinks_11","hera_14","iris_14","jarjarbinks_14","kubo_14","wolverine_14","jarjarbinks_15","kubo_15","iris_17","kubo_17","wolverine_17","hamlet_18","hera_18","iris_18","jarjarbinks_18","kubo_18","wolverine_18","ophelia_19","wolverine_19","hera_2","jarjarbinks_2","hamlet_20","hera_20","iris_20","korra_20","ophelia_20","hamlet_21","jarjarbinks_21","korra_21","kubo_21","hamlet_22","hera_22","iris_22","korra_22","kubo_22","hamlet_23","iris_23","korra_23","hera_24","kubo_24","ophelia_24","wolverine_24","kubo_25","jarjarbinks_29","korra_29","jarjarbinks_3","kubo_30","hamlet_31","jarjarbinks_32","hera_37","kubo_37","ophelia_37","wolverine_37","hamlet_41","hera_41","ophelia_43","iris_44","jarjarbinks_44","hamlet_45","hera_45","jarjarbinks_45","korra_45","ophelia_45","hamlet_46","iris_46","hamlet_48","hera_48","iris_48","jarjarbinks_48","korra_48","kubo_48","ophelia_48","wolverine_48","iris_49","jarjarbinks_49","kubo_49","ophelia_49","wolverine_49","jarjarbinks_50","korra_50","kubo_50","ophelia_50","wolverine_50","jarjarbinks_52","kubo_52","hera_53","kubo_53","iris_55","ophelia_55","ophelia_57","wolverine_57","wolverine_58","hamlet_59","iris_59","ophelia_59","korra_6","iris_60","wolverine_60","hamlet_67","hera_67","jarjarbinks_68","hera_7","iris_7","korra_9","ophelia_9"
"hera_1",0,15.0401908770958,12.1754471213057,13.6448668303442,16.8488689172351,11.5274526860038,20.2148725256595,15.6077576955455,17.0912799499486,19.3213615439226,15.0788030850279,15.0804314891114,18.3458740793039,14.3608893462086,14.0644131767723,9.53139387672123,10.2404544706542,18.9815514905882,13.016067297634,12.2433162187363,14.3373451029924,11.5456857024225,19.0589735902057,15.1616790698943,26.0538149356792,13.8135125765657,11.496222603569,17.4396997752756,15.6803412646828,15.4562836613741,12.0869143084939,13.656031216972,14.5839249849163,15.0389297479814,16.0596278639517,18.0623771727637,18.1032662884388,15.310441803911,14.7177843133576,11.207010911275,18.3242539072169,15.1649962407692,10.0560946300762,14.3066665429015,14.8245393503084,15.0757946959057,14.9001774768949,13.5450651922019,15.9530303133363,11.1368022945292,16.060067675314,12.7658888081238,18.0600375792159,11.946706548962,13.864848577385,17.8390552103896,17.1932722547988,15.1218919095645,11.65746979948,15.9982071646775,19.6069625254193,20.6035495688761,12.686753091163,14.1036695247422,19.6887717768466,14.4201137407559,15.9937238964681,11.8900190572349,20.2161331982588,10.9207496803268,11.9012606304759,20.203945133004,15.674092284018,14.0452160830252,14.24914793005,16.3537114518873,18.7965200857975,17.9999987737656,15.5086993234023,12.2929744709623,16.2773852959914,18.777321796614,15.2460285665697,11.7903879621109,14.6050450717119,20.9131975432526,17.1049908657199,12.2908273078753,14.8366351355298,11.0811140852837,14.6013301587645,17.3214128677832,17.6926917082923,15.4538520750885,17.9428330926601,16.9477379673052,12.5374869215058,18.2709647393014,20.1069064976869,17.7292500159715,21.7556247449042,19.5583162001202,16.9404146762644,12.0998187101358,14.9282461907876,7.81145229657773,21.3914537053846,12.9352007525494,12.1171164102385
"wolverine_1",15.0401908770958,0,16.1237822864393,18.1518424870787,16.8169860619672,16.268766149073,15.6510404258141,16.0787158786429,18.880734951458,15.7382574865252,15.224358591295,16.0683599458603,15.072153590513,17.2789944866323,11.1755448807536,13.5737773296455,14.6168276185942,14.9851959867791,18.244264277975,14.8907481876649,10.0059206613621,15.1273760137812,15.1752433408436,21.1629530472658,21.5677591652827,16.7145384786208,14.9975328519843,14.5663886743961,20.8806625216648,17.9899564652647,15.9865660651501,18.8985188967282,19.6673552664285,16.9035402092036,19.0871427208945,20.9290199820805,15.0880936071545,19.5564064089619,17.3564126281895,16.5221038263033,17.3490587267302,20.0564524691317,14.6298146127041,19.6399823170154,15.7615748157326,10.972984581048,17.0421997036279,18.5629232203086,20.0953113727087,17.9673246223707,18.0818878621108,17.0460156171136,23.410231592548,15.4026758676283,14.0578537408417,19.9354961830595,10.6851910068167,19.455835855308,16.0307735085251,17.7687035363672,16.1977864869323,23.4974375637367,16.7086654831019,17.6022498067274,21.1804194191475,20.6559288953591,17.9603534421846,16.8900805106251,17.9798826697103,15.9330674607136,16.1078303180362,17.5454224010001,20.6340632331225,19.789330811751,13.7603055265416,17.5031598036443,14.8557436429726,16.9505544349883,20.7277915994671,12.2237274838525,19.0735024762378,15.133486401399,21.0910292170523,18.7673233721846,14.7817742881422,22.8554005424899,15.0276325049766,18.1436107866839,19.5341559331167,15.9594557824806,13.4455477255557,14.9750404585295,19.9434995579637,17.4506337537378,14.3679682994279,13.2766734530786,17.0584838292504,15.3840375158074,22.4733379173035,19.3479902153705,19.0229056077539,16.2986692056061,18.7955726443577,16.2367028731945,19.2249179520908,16.2861213734572,20.3006413468436,17.7576135440298,14.4423628333959
"hamlet_11",12.1754471213057,16.1237822864393,0,9.91477500206025,14.3107901517979,9.31922991301156,19.0799568025916,14.9251110089767,16.1434911127117,18.2044578205799,14.4869298718367,14.9765772664767,19.2589240133708,17.6779873739648,15.7451223867637,12.6650253643689,14.236898215125,19.6659354881728,18.1271636501156,17.3472124941656,15.5932424053691,14.7991796595563,19.3369569046164,17.5707029444722,24.7707931761966,14.2955609871269,14.2040762760841,18.0970357447994,20.2994018302329,16.1811104702309,13.7286426171062,19.0372135169823,19.6819349220474,18.1261918795316,16.1081536882364,20.331098956938,19.8524044251165,19.6460206624266,18.0110635761429,10.2544565983653,19.9325685231933,19.7803683784537,12.3230304642479,19.271842786574,16.0229723788473,16.2335986528596,17.332461623248,18.4812792261103,19.378778728745,17.4367947217403,17.8490016650388,14.5190982275909,22.4776352732342,13.0980148081116,13.9956626732203,16.5849346675172,17.0994976423646,14.6032825459522,11.370758229399,15.1126406401039,20.4045889147,22.9247795724457,12.7720918161923,12.9380161180431,18.9651391439987,19.6658740906522,15.7263204429256,14.325817072086,20.6528952792041,12.6089757848111,12.8860140785598,21.2521387682157,19.9883602821963,19.1936983961667,15.6514653876634,15.920668293112,18.8537793508934,20.6079722345399,20.3051922419297,15.5667235246963,16.2728118110509,18.9799042921456,20.5753296624402,18.4421140114051,17.6198937091563,19.3179817635328,18.1229833947256,18.4888672296112,18.8859589581991,11.878710967069,16.4896563006824,18.460410506128,16.6823897214385,16.0088595842076,16.9839780080098,16.8247058636736,11.417655171281,19.5946792209455,20.760306059677,18.5873606416771,22.2175718464622,19.5535803218211,15.5515953116985,15.2107856267384,20.3349055531357,13.476417645349,23.2643413964965,18.5063815333061,13.1405335800355
"hera_11",13.6448668303442,18.1518424870787,9.91477500206025,0,15.1446628102123,9.76387659050089,21.7801277391032,16.9193103462614,14.5259845741997,19.0118966447818,15.645901509444,14.0835339268276,20.9841916112949,15.9351259630199,16.9769597966486,14.215541540782,15.3104682687875,21.5670145019029,17.9929789190412,17.7677422871981,17.2841354666143,16.7566978330124,21.5040852596647,20.9871462103748,27.7311068057474,13.6719815163088,14.7872443252596,19.7368626045629,17.1066090053487,15.4558534282505,13.0530934643949,18.5089149484282,17.293478804828,17.4986959197117,13.249179433229,21.8994834646996,21.095194441803,17.0349397473474,17.3971496512971,13.0672021564017,21.4366970817981,16.4966989392858,14.9685203348625,16.1602964366711,17.6876768628119,17.6787547903183,19.6252328427467,17.1639630414737,16.3325857618882,16.948094202368,17.1890269166656,14.5125181667993,19.1607027505231,14.7963229390705,13.8097470514527,13.5503229331267,18.6985530082997,12.1037638443187,12.0304872004376,15.3685239070381,21.5298329845606,24.872522434267,15.8855586697824,14.6316229274133,19.2653981718149,18.0296796162031,15.9088246941414,15.6947980162384,20.9267403925747,14.725065313401,13.6089748807716,21.8894044630234,17.6605750475137,17.034864711268,17.0053468888107,17.4610725469425,18.3757344364805,21.0956111223553,17.889807466265,17.3247878072091,16.143904899091,18.3751804730489,19.1556399248422,17.6295612202729,17.6818227867234,17.4514250708607,16.5546254333862,17.8104681521835,16.4784760711277,12.3662767556655,16.6185910717415,19.6663689512167,14.9784884721001,17.3615781858276,16.4744520356147,16.49346970955,11.5568063584856,21.1841669293262,20.174851733776,19.285826106175,23.5388623107117,20.18715800269,18.8367382099762,14.5249800389205,18.7500405092209,14.6548635402419,23.0353782353138,17.9380429674889,15.5843025069083
"jarjarbinks_11",16.8488689172351,16.8169860619672,14.3107901517979,15.1446628102123,0,16.1859002705007,20.0448804423614,17.2374314082054,10.2152826154589,20.7597323394428,16.0158720505905,7.80576773815396,20.5797465175242,15.231674842798,18.0282539107633,17.502042337507,19.0052248503314,21.3220777025936,17.7773343806511,17.0018345319315,17.4955285482558,18.7002979552447,20.56638083656,21.4917062244222,26.2464362727172,16.6295908615916,18.523409166863,19.7356982087099,18.8803917382819,16.9357930053931,17.4244409987876,19.0047372485864,18.1927433269379,14.6276010403318,17.8287015243108,21.8185207482875,21.6714486789049,17.3581758726417,15.0575096116212,15.3148278887883,22.1633586231599,18.4627827644178,18.1674759116669,18.1637966378758,18.4018019038822,18.2075995115953,16.6423714961844,17.6773414626096,17.7688938536688,19.3884188439196,16.9780423888368,18.730750414838,21.7147065887758,18.7882037303035,14.0656956572977,15.7545762653985,18.5692742700407,17.6919245282101,15.5225877876727,15.5616522145378,22.1481337026368,22.9855374241174,18.5652718047099,18.4200568413691,20.1120366452757,19.9925234337333,17.2385588405061,18.7914483166868,21.6458961361851,17.4833685719444,16.0949329336962,22.9738920869346,18.4957441773935,19.2680825909976,16.1903377790773,17.7925432828058,18.8795689195075,22.9833662700249,20.5432647147759,16.4176779753728,17.2027233031749,19.5234249113986,21.5361858432192,19.4173115368966,19.2007285840341,18.6884516277838,17.7702055715497,20.271489042598,17.4196659939328,16.6062393680237,17.4125034788356,20.6553523459949,17.6522995353539,17.1617240683731,16.0315791790607,17.0347253229216,13.9652830853468,21.4017658679775,21.1344902184045,16.7962536543921,24.079009266667,20.9406945910531,19.120532970131,20.5521093316831,19.1626294620218,18.6269011293355,25.2278197136656,18.3137160562928,16.2764972424364
"hera_14",11.5274526860038,16.268766149073,9.31922991301156,9.76387659050089,16.1859002705007,0,19.9688033633314,14.492975472142,15.5282244035607,18.3773987811936,13.9076022886968,15.0197090193167,19.0199984018921,16.1025159010362,14.8088449683388,10.906934267568,12.0573923278138,19.7696008357352,16.4670851301064,16.1814811150616,15.2479527823146,13.9763617679925,19.701271550275,17.8158992451755,25.5923810216098,11.1216250307432,11.4670540245809,17.7993147116458,16.7858576262276,13.3250950234651,9.63766323105443,17.3189023141496,17.5038794745545,17.3101057655087,12.1695804552723,19.8315461934191,18.6825290844512,17.3201200788409,17.0192539893457,10.7478621411948,19.3357121810878,16.6225062192843,11.7507261168788,16.4568265844174,14.9770761754652,15.6943706176928,17.0724248703605,16.7032131845231,16.5169881343707,14.8611563183043,16.9300599547681,11.2291035496089,19.3038138081915,11.6785087035426,13.9450262456691,15.3915322388086,16.6926651131228,12.2304918539115,9.63550721683472,15.1898898978535,19.6468485921846,22.9625391906647,12.6637626745329,12.9883287274742,18.6155322505198,17.7455826239008,14.5509043166869,12.7501547494264,18.6656732581959,12.2268650560131,12.4040701794719,19.8886531581259,18.3698189436731,17.8126566531865,15.6073151543479,15.4393996643613,16.5269124369115,18.7561193166492,17.7042624491333,15.6159416447496,15.2911565159792,16.0646849487948,17.8772804141929,16.2817830700938,15.9903754354194,19.0415776372086,14.7364587597054,16.4622292589814,17.185771295099,12.050941718094,15.4952974200224,17.863065705756,16.3955180465493,16.3477551632563,14.8634817648865,14.6468189930658,12.5349615483155,19.0526615138238,19.3491323329618,18.2344714300081,21.697216802364,17.2410435135356,17.008609668834,13.4576934695015,18.2874691869116,11.5490801536862,21.1871828044348,16.7180032173046,13.2409691561391
"iris_14",20.2148725256595,15.6510404258141,19.0799568025916,21.7801277391032,20.0448804423614,19.9688033633314,0,20.041426207255,22.0471763415261,12.3434161541082,19.8987577433426,20.6017567491761,9.49408215718853,22.3261006987825,17.1294998827423,19.0718180343215,20.033829170036,9.35036506760248,22.1199763291797,20.5585301499353,16.212552217432,20.2738941657716,7.79301143303661,23.1314111970461,20.2464054948178,20.9686904867048,19.600658209777,10.1013349952098,24.3913641501765,21.6598029013791,21.3071326482539,22.7871132722965,23.7537958746791,22.2518741597254,23.2269507064078,21.7271967744022,12.553129238776,23.2703269298516,21.7414999588676,20.1293326430999,14.2577845834173,23.7296658449244,19.3551700812442,23.5537414843473,19.8165524269696,15.4106323080108,20.4996125274544,22.9847815120012,23.56131852381,21.9417296270087,22.3989701837389,21.5125205074311,26.856005645162,19.8503736338211,18.0898196533762,22.7029874286841,13.9519321299586,23.7207787570357,20.2657298453377,21.5038376075449,10.7619161032612,25.3268607373675,20.3062219723212,20.9485661279939,24.4264409033394,23.926200145722,21.6287105479692,21.120148012431,12.0679186684868,19.2206043618381,19.9593697295311,12.3401539858013,24.0666194495475,23.698508734792,17.4106867596326,20.5825870396907,15.6456137452092,15.2493179266072,24.1169256525908,17.57480092738,21.6935602142455,16.2911022265468,24.3962228703278,22.3270235227272,19.6023691534441,25.1264373468323,18.4495838851785,22.1680312015172,22.3087523344856,20.1407920167662,19.0192474301698,11.5940000833689,23.3914076905596,20.9060962232938,16.8845319148668,17.3905072435064,20.8992367623672,11.1946251620877,25.4520716214705,22.8793224530873,11.6144883442729,18.2854832242291,21.5679750965721,21.1353257732776,23.5955494259869,20.1749355010714,17.0800462828508,22.143530364151,19.0575154661619
"jarjarbinks_14",15.6077576955455,16.0787158786429,14.9251110089767,16.9193103462614,17.2374314082054,14.492975472142,20.041426207255,0,19.0402744389707,18.4447616484835,7.50355085926694,16.0320617228499,18.638834041643,16.7341822780992,15.2434758248232,12.4059546287374,13.33401366566,19.3629921406159,18.769244593935,16.4539667668005,14.7083819331677,12.0247649588195,19.1413530368598,20.2412376674833,25.3132906041205,13.6971937437948,12.4439263004178,19.0449357170682,21.1876229214244,12.5645619386353,13.4364259358514,20.1625473467669,20.6221181730719,17.5899228344317,17.2717169288906,23.2208536275318,20.1508222515975,20.2410360494526,18.1247088423756,16.2896968663894,21.2144034079182,21.0172142512621,13.1823737215739,19.7947072060812,9.98672850371175,15.7480680519736,17.6271604381564,19.8034359824618,21.184724433778,18.1371839580534,19.9834542778892,14.8805299930129,22.5621785748487,13.3124763983171,18.6181472957131,16.2375233270603,16.1908636774533,17.5133429243205,14.1571846530366,13.8580534130867,19.8568328386144,24.220973648776,14.0656457258701,15.4843079086969,18.9051064932938,20.5063544731578,14.6220689511956,14.7134104330725,20.7363789831433,13.0130158286701,12.9062012699969,21.1350912411441,21.2278890902361,20.4011787859212,17.086721767386,13.4017345862898,18.0536135514197,21.1120986194425,21.2573359719283,16.1779097238743,13.3745541656989,18.7429057795943,21.9654315295212,19.6650663389788,17.5331767931788,20.2883821632899,18.2657869843598,19.6347978245484,19.0598407977174,15.0951816958921,16.5752849109369,19.2958265958731,16.461209441971,12.8729692018424,17.2452040316754,15.9242287649309,14.1601841206776,19.6520078160531,20.5703688273907,18.5615361044288,21.6551400313893,20.465974336273,17.2237191770857,17.0368645331682,20.3955543131072,16.7021901671411,23.9231246710609,17.4790442619218,9.57439742560305
"kubo_14",17.0912799499486,18.880734951458,16.1434911127117,14.5259845741997,10.2152826154589,15.5282244035607,22.0471763415261,19.0402744389707,0,22.5013669370782,17.7862385505935,9.38500329447041,21.7945766628263,13.8810996150186,18.0601287980013,17.3190659404483,18.5793995324433,22.5998098115661,15.0777746014646,15.8838877844499,18.6533484030626,18.3265099460733,22.0443617967274,21.1872384856729,26.8428319295686,14.7311841458493,18.0121496480487,21.0532339015431,14.7844642363686,14.8395757677902,15.6274113073063,16.0336457194217,14.9162764572168,12.8383065461778,13.7567803371644,20.5168319476334,21.3277351449072,13.577745235564,12.622752583939,15.4192967408865,22.5016998982888,13.9713030337196,18.5220908072156,14.9620101499636,19.1809547298438,18.4788101572373,15.3398666786254,14.1537550728549,12.6661474961982,17.5199584152808,14.0735381671486,17.6840535000954,17.6006435782032,18.983899383518,14.9833515110701,12.281188092326,19.7162685311502,17.3967532265306,15.4112174993105,16.6949890755358,22.6321715338011,21.1731411505597,18.8845345263382,18.6026721229755,19.8431914369178,17.1202347296926,17.389832971887,17.9663902282564,20.790121579722,18.0228890865452,16.3221212461797,22.9786654212444,14.8877134429869,16.8664422481008,18.0713114099295,18.2982747062093,17.7534440069118,22.2323503949275,17.2709208198338,18.0002130633836,16.025389715734,17.8249455847247,18.2600769190167,16.5971923579575,18.9155333941833,15.746756097733,14.9366460505898,18.0884202205077,14.722165764818,16.2183080813604,18.7862613325013,21.5269724792103,16.5931148064516,17.8539672603636,15.2178011494985,16.1212114810051,14.508501166457,22.1255335650528,18.8443727195916,17.2770153430694,24.5297595475107,19.4927911396317,19.0997420844891,20.0438807585505,16.6932540209281,18.3916332054086,25.5137511194683,17.7070117052075,17.7964549004706
"wolverine_14",19.3213615439226,15.7382574865252,18.2044578205799,19.0118966447818,20.7597323394428,18.3773987811936,12.3434161541082,18.4447616484835,22.5013669370782,0,17.9050809862015,19.660027041762,12.2474069910482,20.0606171435201,15.7192823646379,18.0652392285278,18.611167003451,13.2721978348441,21.9800815487321,19.5610788164924,14.4081823633765,19.6036808347004,11.7432132727213,24.8425172795925,24.1816504803538,20.2472891594385,18.2173493389227,11.9427043129433,23.4148254449692,21.5155670093928,19.7462669277327,22.618767423692,22.8295209602853,21.1446802487177,22.1051767619248,22.0724454894604,14.2235485464254,22.868740386247,21.3760191033012,20.4824264766357,15.1428803519777,22.6120335854537,19.0492576973771,21.5668012150325,18.8934932238738,14.4573677996117,21.353197624854,22.4616069130772,23.2257006803274,20.1312752706465,21.1685494666957,19.9019418776501,25.6865667162429,18.7862376575998,17.1570461689372,22.4774949308015,14.0135157266963,20.9518529939273,19.6055129460581,20.3056469871127,12.1638419728387,27.4404133146167,20.8584978857995,20.3835539205694,23.1045545563083,23.4532522261116,19.8797463785197,20.7901143203178,15.282095888267,18.5154670984581,18.8202890742795,13.5756868952725,23.7239243273667,22.6823950435941,16.6916469590829,20.6870176460729,16.932187888701,15.2560887678137,22.2753640792988,17.1811418862311,21.8624952642334,16.9852250109895,23.4205716309563,22.0350086215771,18.2004518707495,25.123038074616,18.285669039118,20.8711794055638,22.5155689821401,18.9718538445426,16.9389009323297,11.4660073568593,22.0543834116628,21.894438128311,17.5129713337772,16.8804652485305,20.2891786897497,13.780194555716,25.7333173378025,21.5848914148947,14.402357213317,19.075880974931,23.7760976370054,17.1906429257778,22.5530957121873,18.993797410286,15.8094399024914,21.2806490106277,17.4930475083642
"jarjarbinks_15",15.0788030850279,15.224358591295,14.4869298718367,15.645901509444,16.0158720505905,13.9076022886968,19.8987577433426,7.50355085926694,17.7862385505935,17.9050809862015,0,14.1165426151777,18.2931263429758,15.7519328552435,15.143799866661,12.1428661280435,13.9712169590681,19.5646153445767,18.1843163347644,16.4957021539226,14.19573693076,12.3507650890269,18.8529750095271,21.0536414474883,25.4452057305201,12.824914829003,12.8810176400391,18.2412058676352,20.2470308478834,11.1454978178735,12.6676710790593,19.391442745134,19.4116877426382,16.8890126920971,16.2496521119229,22.7669389716219,19.6301273646104,19.2551202930681,17.6330026185954,15.6928962156612,20.5586000494277,19.8028704707611,13.7894168889952,18.5426750241561,10.4017419006812,15.2869640041534,18.1425408310948,18.6136531872739,19.7326487308296,17.267240664285,19.343175920411,14.9619119641792,21.9399889296055,14.3516893805348,17.7440334172741,15.1168212991073,15.2491279435194,16.9653154530021,13.5931829253273,12.0864341588641,19.5737571884193,24.5181306891118,15.3239181611805,16.5693051387361,18.4528986861636,20.1214056580805,13.9864099396517,15.233272299708,20.3108218849206,13.7447241296586,12.9878595418048,21.0533438810484,20.2269809381818,19.4761465780054,17.3471395904925,14.6492844569566,17.3769639380697,20.685093992392,20.7342907281339,15.9233616735355,14.4942052970005,18.3334162596384,21.4040261276435,19.1165758763346,17.6393665113006,19.306559528605,17.1135162324445,18.8309223081689,18.3845752690999,14.4626220455151,15.6993360146628,18.3806931980128,16.050772622112,13.024453477855,15.5526147766398,14.4998770671714,13.6297373713321,19.3560117388791,20.4162622411818,18.6460792979822,21.8971801635774,19.8314318658941,18.210332745199,16.3134316062523,19.7672363375313,16.3193816872639,23.429911104877,17.3755466178186,9.41418619020147
"kubo_15",15.0804314891114,16.0683599458603,14.9765772664767,14.0835339268276,7.80576773815396,15.0197090193167,20.6017567491761,16.0320617228499,9.38500329447041,19.660027041762,14.1165426151777,0,19.7625620907735,10.5607606097058,16.0464897973771,15.2461836339637,16.8150023034952,20.7868015754026,15.2039960792032,13.925934579081,15.6090632663513,16.1578878334893,19.997954717559,21.7979690246841,26.574304094944,14.6779011593047,16.5631575455381,18.7527828420667,16.2297816307529,14.8843523529687,14.773592280939,16.1104563968993,14.82524938915,10.9728886141929,15.7436459306223,21.1196286434934,19.9521590561346,14.5582314817004,11.9105774653442,14.6856379721825,20.62650059139,15.1508628253827,16.6320831365052,14.5961674460345,16.6572352940313,16.1140917361155,15.1261865931683,14.2799497279189,14.7305765278153,16.0446681705849,13.9409103287141,16.6938976234714,18.5997927564426,17.2117302423405,13.7241723447874,14.573932427347,17.0217245266941,15.996149689957,14.1095739550011,14.2411505987929,20.8956302724584,22.4846104514757,17.7243092552829,17.7660570582685,18.9947026231483,17.1037991894088,15.628243594264,16.880679566521,20.7387225236516,16.0976043323454,14.5136085240373,21.5853880951599,15.8254937900981,15.8501375288764,16.1548440131889,17.2320356169464,17.2839718480599,20.9468950660351,17.5002837852993,15.3550933344062,16.0045322831673,18.1499527471694,18.238264401778,16.4489750343506,17.346474828907,17.8998299855056,15.7740250052691,16.9934386982127,15.2076776958361,14.270685960943,15.8986426614875,19.2596830915797,16.3791156565746,16.2356318347502,14.9323767571412,15.1777924440405,12.8423779604167,20.3479479401363,19.791824171326,15.8598056652435,23.4032618270609,19.482805500082,19.9154774490372,17.3612811538962,16.2912499796694,16.5751861651106,23.6101087793339,15.3924209481188,14.6457432339437
"iris_17",18.3458740793039,15.072153590513,19.2589240133708,20.9841916112949,20.5797465175242,19.0199984018921,9.49408215718853,18.638834041643,21.7945766628263,12.2474069910482,18.2931263429758,19.7625620907735,0,20.0882730628038,14.3717949766137,16.3106308847688,17.3499918159962,8.7190081504387,19.9372897647779,18.8219585774746,12.9552373834661,18.1366271668795,8.36785018800589,22.8298674669877,22.4191110884989,18.6776236421842,16.3969494104655,8.64020571266825,21.8758388662417,19.8695045343136,19.073772367102,20.2126746227273,21.2717257440369,20.0461987588227,21.834341002763,20.2420419134501,10.1793336318316,20.842222510737,19.7412177928067,18.9680491960427,10.7799042093728,21.3146578005134,17.6199265979605,21.0930139767171,18.353543699284,13.076173149375,19.4040995876997,20.6546599913756,21.516263059372,18.963364585593,21.122927688092,19.9329440036345,24.6915840815947,18.507222690734,18.2694755299346,21.7111523841647,12.7014127549158,22.0502972407483,19.1666218792349,20.2598104792995,10.8553194592826,24.925674716286,20.1851168426928,20.8546563055056,23.1991316862371,22.1129484516812,20.7231898323528,19.7478717028172,11.9478345525158,17.5190090350761,17.8925436807262,10.8290878821873,21.9883400467351,21.6151358248308,17.2990584400454,20.4927721256731,14.571081623062,12.2088858548812,21.3130550867143,16.5708681832561,20.4129889233539,15.3999491918995,21.9747411895714,19.8111019347222,18.161571590662,24.1859666095127,16.8493644977808,19.3179615883279,20.5671890808806,18.4933435670446,17.8933966298662,9.12903861991397,22.674611104844,20.2443357332069,15.220030463127,15.1134573500276,19.9928635571535,8.73381524809171,24.2514863711806,22.127164467648,11.8271034355132,17.6599768227056,22.1166804642381,18.6773850667697,22.1607332842198,18.1276244742129,14.8766150561483,20.1571599335488,17.2500990422289
"kubo_17",14.3608893462086,17.2789944866323,17.6779873739648,15.9351259630199,15.231674842798,16.1025159010362,22.3261006987825,16.7341822780992,13.8810996150186,20.0606171435201,15.7519328552435,10.5607606097058,20.0882730628038,0,13.9698054837929,14.5472785714394,14.4571218175519,20.4878932535652,11.5456268756561,9.95002802723304,14.3599882877613,14.191538788417,20.6004009649013,20.9118167042599,26.9945884826415,15.1908980860078,14.5454949482857,19.2778215044167,13.2475601474617,14.9329700347424,14.2017109892402,11.9362062051923,11.6997479770329,8.32531346269162,15.7449042182367,19.66659975516,19.1069136411353,11.9340704857956,9.04834501064942,16.4347572454138,19.8339098458227,12.0344183689721,15.6593737699573,10.9576800416959,15.7740051793459,14.679586318958,13.540584453379,10.4256748628699,13.6950694214005,11.9358264988843,12.0122132751447,15.3037902297087,14.2946898203644,15.9107905670457,16.3064521033258,16.613098159399,17.7754213859337,15.9783529562182,15.0645309218997,16.4025618990775,20.2360896054469,20.8829591639292,17.3255631409639,17.7251852972363,19.7071908445222,12.931412999657,16.2316190339482,14.9150091107881,20.5418344344932,15.2179474645844,14.0146131677616,20.761940926242,13.1627563875758,12.2748179352881,17.0745477592708,17.9793135451702,17.4642706765586,18.9219066760634,13.5428046290412,15.0332316910647,16.1613431753958,17.7504429312931,14.2293264819039,13.1223774160387,15.7489892651453,19.7067496028024,15.9620413130241,13.3126652973412,13.3079014284638,14.0712794365376,16.2291633099112,18.8905209144914,17.3447223801299,16.5907356425826,17.0341881659541,15.6946901304725,14.3556531607667,19.479520420408,19.5408120327081,16.4193949264905,22.5039671538771,19.6903599878407,20.8195700096082,15.0897667795689,13.032209746025,15.0808804106257,22.3059223983074,10.8908070270378,15.154128213858
"wolverine_17",14.0644131767723,11.1755448807536,15.7451223867637,16.9769597966486,18.0282539107633,14.8088449683388,17.1294998827423,15.2434758248232,18.0601287980013,15.7192823646379,15.143799866661,16.0464897973771,14.3717949766137,13.9698054837929,0,12.2208438885125,11.4874972554797,15.0564643598764,14.9007073787473,12.4287189212098,6.79113245589364,12.6211397680979,15.2259270903604,19.1733409519297,21.8793689572106,14.8690089987126,12.1546589397901,13.9302862373141,16.7898982354864,15.7999799994991,13.6895724836092,14.8800736055584,15.6943776791621,14.4006434082229,16.8760191828883,18.6100801818151,13.0419671553942,15.8399891002165,14.7494029445845,15.6292034470193,15.3138377757656,15.9140609293375,12.7367185593451,15.2022747417945,14.1310259360699,6.92713827053713,14.7565227186605,14.8864505491254,16.5003192336071,13.9352620841536,16.1193318486622,14.2947992819472,20.0461850477866,13.4725158053441,14.5711209035593,18.4268792365243,12.0289750299359,17.8928028065056,14.674375955832,16.8989744685799,15.1537277538,21.2859119263445,15.2877947655838,16.5038647819563,19.2091511586376,16.837202361895,16.2198049924676,13.984073327077,16.2018277103964,13.8059741556909,14.0100527431737,15.5170694791269,17.7521733992449,16.3657100903072,13.516531646696,16.707888161419,14.0130738343283,14.1743442461886,16.9279450293984,11.4532123665487,16.85648979003,13.8381788589459,17.0018023127407,14.883216336208,13.093869266457,20.9152517379708,13.2746523980075,14.5430190404588,16.8222725835884,14.2153816082729,13.8154129599215,13.7016822737152,18.664657632442,16.3490069061597,14.4004331590266,12.272437493866,16.1271353560742,14.1035812635202,20.0509238754369,18.9071239662193,17.5298057226022,15.1875480387278,17.9823938575333,13.8683244173146,17.5838412222092,13.5699235103793,18.4726235516026,14.2038629302494,12.8836921710437
"hamlet_18",9.53139387672123,13.5737773296455,12.6650253643689,14.215541540782,17.502042337507,10.906934267568,19.0718180343215,12.4059546287374,17.3190659404483,18.0652392285278,12.1428661280435,15.2461836339637,16.3106308847688,14.5472785714394,12.2208438885125,0,7.04453372700026,17.7881382953666,13.9740545756178,12.9485194867075,11.7068159402336,8.95649429559048,18.0757278467381,17.5360529720932,25.1724417483871,10.4195361562726,7.87352024597558,16.6954625684285,17.2518306545189,12.8962369452135,9.25872814349904,14.7365171698925,16.4845643480538,14.8442840224366,14.7574764069636,20.1804814666078,16.8923707323779,16.7860408239316,14.6362218367952,10.5592628866435,17.52048728723,16.9052196912168,8.95550850615033,16.2686917440034,11.5413424850561,13.3269082276555,14.3972799260909,14.8046199991869,17.1808999504672,12.6807010081076,16.5151373151206,11.282065073964,18.8301352973361,9.73073469746715,16.0247405761843,16.1793411301868,15.3119913955519,14.3330826021966,10.1602319820986,14.4510081853,18.506685728974,21.5917450041297,11.5628733031392,13.3045588692956,18.4236940001947,16.6574421265984,14.5042777249728,10.4406380130904,18.9222485723359,8.34198049476639,9.00328011038323,18.6083975801571,17.0637910871188,16.4617776834593,15.5181548880524,14.3130050435648,16.9625258316536,17.1683526603363,16.6898816633129,13.7178529455387,14.10801745638,16.9934647847854,16.582090831752,14.31383249806,15.1484473690993,19.8916350750596,16.0177886410444,13.7796293577678,16.3304830814081,10.9558076720171,15.2754362625282,16.2196696727068,16.8613490729196,13.3701091183719,15.8477009442845,14.6264183775011,11.7441953678523,16.8540312766736,18.6688862687337,17.7712341272065,19.9964727508271,18.418823726314,15.8366204580552,11.9423352162097,16.3073938471901,10.0198430203126,20.6438374575566,14.9809901944435,9.62174973155717
"hera_18",10.2404544706542,14.6168276185942,14.236898215125,15.3104682687875,19.0052248503314,12.0573923278138,20.033829170036,13.33401366566,18.5793995324433,18.611167003451,13.9712169590681,16.8150023034952,17.3499918159962,14.4571218175519,11.4874972554797,7.04453372700026,0,17.7637143457966,14.1181354883785,12.6772509327679,12.0618362882071,9.41363939058641,18.5696219656895,17.2599705751083,25.0742971713664,12.3614232020376,6.75753897333349,17.0684438967631,16.8751270430764,13.903165641991,9.7608947681454,14.5651731958387,16.0700839546279,15.6431798207099,15.1969172481573,20.5507183377439,16.951690229458,16.7053113525399,15.2752134534796,12.3348097640482,17.9707460842134,16.5216371273137,8.15998622602018,15.732743574708,11.9125850637246,13.6715577491889,14.9952362459682,15.1153249219198,17.5518812214062,12.261582279318,17.1695652009753,10.5062781706493,18.3692751845008,9.36278080138189,16.5244846164697,17.5660643582764,16.1662945118233,14.9608408678218,11.6996083182629,16.0447008413137,18.2817379982759,21.8270375280852,11.3168338391271,12.6335714824731,19.4183499570738,15.8240001092709,15.2699643645992,9.4354156555705,18.943531917344,8.34230320920809,9.35408758036129,18.6068909010971,17.2620101255045,15.8186385266164,15.4402067584429,14.7504210587585,17.2666953995117,16.8217450277133,16.1993760144784,13.4720948225617,14.7730992331587,16.7415414692207,16.1489139644216,14.2248465309749,14.3896221917116,21.1101751836826,16.1341064559175,13.6950524549535,16.6517977767642,11.3642062875562,15.1486774807063,16.7719367331131,17.5748340398983,13.9627308538929,17.4185040039173,15.6587491565343,12.4835899925328,16.8925656413196,19.1153248719171,18.4132584261996,20.0891541098613,18.1823288079838,16.2904542206219,11.0534642049356,16.0723861972873,9.72829715779587,20.4438103788514,13.9879854378856,11.3007250917
"iris_18",18.9815514905882,14.9851959867791,19.6659354881728,21.5670145019029,21.3220777025936,19.7696008357352,9.35036506760248,19.3629921406159,22.5998098115661,13.2721978348441,19.5646153445767,20.7868015754026,8.7190081504387,20.4878932535652,15.0564643598764,17.7881382953666,17.7637143457966,0,20.6898373652901,18.2027394001691,14.0498509192933,18.6128101580192,7.79151628763962,22.6800781838056,20.4158688591432,20.213005751232,17.6503980948192,10.1458421150977,22.9151164917504,21.3730775240402,19.5955285065184,21.031828460805,21.6537253584301,20.6148181459334,22.164482339724,20.8510660227435,10.7813931950061,21.64837172769,20.6801511539781,19.985258342375,12.1293376672412,21.9569087349735,17.4471565292534,21.9528551317563,18.9432314189529,13.3421221154078,19.6328056816514,21.2559262820016,22.4027489921184,20.1523640639568,20.9185268566127,20.3674655246075,25.0366374890254,17.7754079454903,18.3201309591802,22.7123784218147,11.6879332704768,22.896701562551,19.7225830473602,21.7267463832122,10.40071683418,24.7947835825054,18.9392774301094,19.2115567118879,24.2865197937038,21.9141064838213,21.5348633209367,19.2104463170211,12.2759889598915,17.8901392950456,18.800323217631,11.9656387173224,22.8800437190847,21.4385465779088,17.4616086450807,20.1024020091486,13.916156956523,12.2257823936405,22.2664335681842,16.3492235160407,20.9370492787515,14.5079029616085,22.6058047447343,20.6542991824061,17.6629940154622,25.0460944797296,17.2083679197667,20.086488917161,21.3464180733356,18.3085936155904,17.1685245693401,11.1685418744681,23.0456679158326,20.373632132271,16.5449044862852,15.9185429838045,20.1369573505107,9.02749346788987,24.4977229832803,22.5612835767413,11.6706238809437,16.794255453869,21.3698067833284,18.9090185279232,22.287459989652,18.8960631435289,16.345157443565,19.613025072029,18.2720584572268
"jarjarbinks_18",13.016067297634,18.244264277975,18.1271636501156,17.9929789190412,17.7773343806511,16.4670851301064,22.1199763291797,18.769244593935,15.0777746014646,21.9800815487321,18.1843163347644,15.2039960792032,19.9372897647779,11.5456268756561,14.9007073787473,13.9740545756178,14.1181354883785,20.6898373652901,0,10.8238438440689,15.1305872506009,14.0946464293115,20.65447918629,17.6642716430512,26.4564715984632,15.5326240987943,14.3850964117896,19.2706605879318,13.3020290420676,15.7653589560789,15.1236073126149,7.42995812183106,12.1723976373077,11.6051626288351,16.0647516060065,16.3443446478112,18.6842610565521,12.2986741959982,9.78655121435596,15.8299974088623,19.4297794064441,12.4646856706896,14.9495199939652,12.7677923826631,17.1413112826025,15.8271292269069,11.4374261735708,6.84190483360712,13.2208267525356,8.5502843443621,11.8982563956661,16.0362269701125,12.0357965558608,16.2050857802036,16.8512164645125,17.4190481385791,18.7653527574161,18.5476599837472,16.0087579397307,18.463990486388,20.6021899922774,17.1466501538013,17.182565788949,18.4436017352918,21.1458508734757,11.7609000407239,18.1622949060373,14.8737507897626,20.0826365000549,15.1126666820907,15.0316732023356,20.9641036522518,9.0516625123214,12.306502089351,17.0114937645112,18.8399305145963,18.1327335737318,18.4320103312404,10.8674744336545,15.2835829745715,17.1802845072925,18.2140059607503,10.3304631002897,10.3917808924581,16.2005419375342,20.396439830373,16.0465347967899,9.4607592213254,12.8792648786207,14.8918312212699,17.5169505895525,18.9966562509784,18.9013568011686,17.2598892983715,17.5922968061536,16.4442366381209,16.4333481819248,19.5000788815251,19.8214134762432,17.1168436716471,22.4357709676859,19.4818392318743,19.3333064444622,16.5866208796414,9.50312500630378,13.3409645886961,22.5076925411552,12.6845748049232,16.1035913784906
"kubo_18",12.2433162187363,14.8907481876649,17.3472124941656,17.7677422871981,17.0018345319315,16.1814811150616,20.5585301499353,16.4539667668005,15.8838877844499,19.5610788164924,16.4957021539226,13.925934579081,18.8219585774746,9.95002802723304,12.4287189212098,12.9485194867075,12.6772509327679,18.2027394001691,10.8238438440689,0,13.0277986268424,12.4367446804764,19.0941533848521,18.6809642327924,25.0354103838034,15.6128421114783,13.6096290851537,18.400623032952,14.8933105065108,15.9216468444789,14.0235895184245,11.8665279626408,13.1602821315394,10.3693007446494,17.1845379440787,18.5971781628649,17.883959878963,13.8620410480621,10.1332666680938,15.9296143275524,18.9793961672184,14.0888116143239,13.5559274623729,13.6604549778497,14.3769256976993,13.647293039383,11.1499783193645,11.1640551425849,15.5193329641976,11.5786515300199,12.3520414590811,14.688420253129,15.6969698958911,13.9871348872792,15.4044947624608,18.7431151959177,16.2466805090206,17.9764313539274,15.4592332216987,18.0665438856866,18.8135725877378,18.7232569856201,15.5637117031484,16.2457144315867,21.0418612563252,12.9373800403069,17.1681689010018,13.9798039540655,19.6123278499946,13.8646434808444,14.3784848039226,19.8923622572697,14.4563565391081,12.9862861361951,14.8699512793923,17.2421891512516,17.1292309772431,17.2983874175972,13.9111477381366,11.4892141776646,16.940429297559,16.9713947080118,13.9786580916429,11.3012599604119,13.0180860581806,21.8269816661055,15.8902532541587,12.1751123732717,14.3209654009221,13.9094278209022,13.6936872408869,18.1238493116314,18.8594839875082,16.0689279425988,17.674036506498,15.7185312376386,15.6747584221752,17.9907748155102,19.9312606997799,15.1492857594519,21.080737568066,18.4432426151554,18.7655145233514,14.6491088935883,12.4004765231457,13.4026897952662,21.9967322034488,10.7006444602627,14.3064386856948
"wolverine_18",14.3373451029924,10.0059206613621,15.5932424053691,17.2841354666143,17.4955285482558,15.2479527823146,16.212552217432,14.7083819331677,18.6533484030626,14.4081823633765,14.19573693076,15.6090632663513,12.9552373834661,14.3599882877613,6.79113245589364,11.7068159402336,12.0618362882071,14.0498509192933,15.1305872506009,13.0277986268424,0,12.721859388,14.2034326936155,20.0100945496323,22.1026656454395,15.0433149985954,12.5614681571214,12.8339078791608,18.4612331347371,15.9597078037086,14.4702019588425,15.6869452701896,16.9933183454485,14.6772449789755,17.8224358780647,18.9457529237892,13.049680556089,17.2642003694747,15.0364549559414,15.4955357125898,14.2776962003127,17.4672068545097,13.0342080362142,16.7689962515704,13.8877769537558,6.92272776150277,15.2281498093755,15.7600321803846,17.8833048758024,14.6359355358635,16.2441762796654,15.1441212265869,20.9600003030656,13.8451586106024,15.0906912143722,18.636521529462,10.6106608899895,18.2046616766781,14.8666386016306,16.3230598841926,14.908481275926,21.8303124364778,15.7226870492679,17.0104647185077,19.3545079738935,18.0139311669667,16.5239941489462,14.9707709312425,16.4319815123306,13.7644021911985,13.9669527794913,15.2983291055758,18.1036571093301,17.0498237717707,14.1174909568672,17.0704052686902,13.8181841574285,14.214321633657,17.9914801669887,11.9512315410351,17.2972640827114,14.3719059728396,18.1795109663846,16.0828107455483,13.8537213150775,21.1126155253127,13.8893739464562,15.2014764,17.4436415899989,14.1627319451892,13.6015203002744,12.8713819429788,18.8396270072557,16.3241247527822,13.4905157235223,11.7234509886842,15.8590978982572,13.1899329582052,20.904751688386,18.9576485687024,17.3962351606813,15.8033195969026,18.5624223479407,13.8922754420632,17.5317654645161,14.1197641924268,18.3565663243079,15.1832666486307,12.5053544519361
