"","hera_1","wolverine_1","hamlet_11","hera_11","jarjarbinks_11","hera_14","iris_14","jarjarbinks_14","kubo_14","wolverine_14","jarjarbinks_15","kubo_15","iris_17","kubo_17","wolverine_17","hamlet_18","hera_18","iris_18","jarjarbinks_18","kubo_18","wolverine_18","ophelia_19","wolverine_19","hera_2","jarjarbinks_2","hamlet_20","hera_20","iris_20","korra_20","ophelia_20","hamlet_21","jarjarbinks_21","korra_21","kubo_21","hamlet_22","hera_22","iris_22","korra_22","kubo_22","hamlet_23","iris_23","korra_23","hera_24","kubo_24","ophelia_24","wolverine_24","kubo_25","jarjarbinks_29","korra_29","jarjarbinks_3","kubo_30","hamlet_31","jarjarbinks_32","hera_37","kubo_37","ophelia_37","wolverine_37","hamlet_41","hera_41","ophelia_43","iris_44","jarjarbinks_44","hamlet_45","hera_45","jarjarbinks_45","korra_45","ophelia_45","hamlet_46","iris_46","hamlet_48","hera_48","iris_48","jarjarbinks_48","korra_48","kubo_48","ophelia_48","wolverine_48","iris_49","jarjarbinks_49","kubo_49","ophelia_49","wolverine_49","jarjarbinks_50","korra_50","kubo_50","ophelia_50","wolverine_50","jarjarbinks_52","kubo_52","hera_53","kubo_53","iris_55","ophelia_55","ophelia_57","wolverine_57","wolverine_58","hamlet_59","iris_59","ophelia_59","korra_6","iris_60","wolverine_60","hamlet_67","hera_67","jarjarbinks_68","hera_7","iris_7","korra_9","ophelia_9"
"hera_1",0,15.0474434634958,12.1958476851943,13.8000188959128,16.9315275192629,11.5458897033559,20.3066365891833,15.7879011362625,17.1169822212502,19.6744976679879,15.1687525010812,15.1657251002402,18.3954803721155,14.4622505276668,14.1265996018775,9.5812057958109,10.2518790791987,19.1271531564275,13.0346762069112,12.3764186790045,14.3455777844957,11.5755744603024,19.1618023645066,15.2623961183878,26.4702438966699,13.8307965505477,11.5243214621296,17.5095309576048,15.8143145431681,15.5384568177849,12.1392837269448,13.68043742812,14.6166378864501,15.1530854439969,16.1500857119482,18.1261263241562,18.1800961016729,15.3567107018577,14.7460810317528,11.3708957288709,18.3384275500321,15.2268543001237,10.0815370787473,14.4051424834649,15.0244995870723,15.1422766489601,14.9166263857053,13.5523458283198,16.0530059403596,11.1379012364485,16.1445908177597,12.9758497649733,18.6651501444151,12.0494453975901,13.9916397110233,17.8803574702143,17.1983967816282,16.1061473483623,11.7937419645988,16.1722289764908,19.936637839006,20.6390801847407,12.7559701450118,14.3790816706898,19.8080172913486,14.4977833459501,16.437332061945,11.9842984152217,20.5469802622465,11.0480973030778,12.0390408418899,20.4539173283609,15.6752310945559,14.0978982978178,14.3925626444517,16.8115488182302,18.8292231942892,18.073569966378,15.7558882623118,12.3421071157977,16.6164371304709,18.9363090765844,15.2776089297816,11.862426942318,14.8234509654322,20.960186291701,17.125188335864,12.3131853613246,14.8871251026461,11.1062855239012,14.7467817656696,17.433335331432,18.0959565498901,15.6171239444315,17.9458173116984,16.955573694925,12.6870528915775,18.3130112700416,20.5750163082637,19.0094026811328,22.1921936100582,19.7748748802744,16.9816876353379,12.1594314806105,15.1816705398537,7.84288873689836,22.1658539294256,13.0320370536573,12.217628131785
"wolverine_1",15.0474434634958,0,16.1499893101805,18.2352499292836,16.8641667478866,16.2698190782607,15.7269575054625,16.1948477642163,18.8865973632189,16.0837254774497,15.2702002126666,16.1086812715257,15.1108525242187,17.3235825967192,11.3181767959627,13.6152397615746,14.6168371853148,15.1173083057851,18.2656703994018,14.9651351980066,10.051208666633,15.143158189082,15.2585567091642,21.2371682703684,22.0161777052054,16.735619642854,15.0013217211546,14.6334424698125,20.9493584083406,18.0454840562951,16.0070702597979,18.9326722928192,19.6954366806041,16.9771707361506,19.1831728256677,21.0230376391688,15.1892635947641,19.5993582228534,17.3621408743716,16.6453029302619,17.3648027232493,20.1097551468262,14.6488275213837,19.681016880704,15.8973101184568,11.1173291088307,17.0660691441754,18.5852788590932,20.2215428528353,17.9700104058626,18.1469739205323,17.149805684985,23.803308020628,15.4421192415738,14.1482103108607,19.9609703278038,10.6852957958197,20.1103280989177,16.0982455510834,17.881312450004,16.5095902046797,23.5376165064821,16.7426805446321,17.7608771469858,21.262597090984,20.6949464520965,18.2722439669913,16.9315764118879,18.2650235868471,15.9829756082335,16.1681721605218,17.7612027585574,20.635938383288,19.8262065669101,13.8568277916142,17.8425082637512,14.8772047025061,17.0045362316817,20.8645167183193,12.2625978492617,19.2938918476239,15.2721098672438,21.1036063761238,18.8400057668835,14.9383292142813,22.909275988153,15.0721982293938,18.1716892912952,19.5539572380469,15.9754622297955,13.5443947826783,15.0676704721208,20.2258097617641,17.541709367849,14.3899122425907,13.3129811449656,17.1221535736159,15.4034517574292,22.8223144253553,20.3955263387063,19.4212028076713,16.4942237234077,18.8219288801718,16.2829481023029,19.3800535900471,16.304475816404,20.995953264474,17.7928109221034,14.4949395560478
"hamlet_11",12.1958476851943,16.1499893101805,0,10.1266878634833,14.4401632620662,9.37831035440795,19.2024947518517,15.1509914811391,16.1941492782606,18.6172370552458,14.6133335578492,15.0938138366476,19.3260885011302,17.7878358471504,15.8047323153096,12.7230459515727,14.2672927445521,19.833095731277,18.1537337263268,17.4670296247727,15.6123952755052,14.8438001469225,19.4637655668806,17.6737722463301,25.2362529907874,14.3297177967972,14.2521693338103,18.1843831318858,20.4270935483327,16.2825904621851,13.8020030031325,19.0647278899013,19.7195920430728,18.2448403309456,16.2090670082745,20.3895505432801,19.9353609863179,19.6948059010713,18.0550329492097,10.4568175633776,19.9596286315688,19.8405979248222,12.3662470446568,19.3690970935125,16.2415517922047,16.3021343587273,17.3601798208728,18.4967069608733,19.461108379845,17.4529983404307,17.9445677781005,14.7421596556281,23.0040127429387,13.2271998088469,14.1523387602396,16.6507012333972,17.1226001876825,15.6849417939432,11.5488477086874,15.3312702496742,20.7562442279938,22.9665612743164,12.8703915442985,13.28449826142,19.1139022756963,19.7423536311727,16.223756165616,14.4328254038008,21.0128039052581,12.7558539304197,13.0506463044002,21.5210586648696,20.0030042643518,19.2474951568635,15.8139249603353,16.437438748852,18.9060928578872,20.6921884796216,20.5237284407387,15.6263847849879,16.6535817458452,19.1662142888803,20.6156607511056,18.4954392385346,17.8326264675127,19.3800812246457,18.1523425482798,18.5152878163536,18.946377497251,11.9266206846715,16.650035618476,18.590096674572,17.1535027725256,16.2013122817996,16.9990718358037,16.8430904392146,11.626477108828,19.6553576096636,21.2515696125967,19.8693843637563,22.6831799675794,19.8009918321505,15.6188232041584,15.276641489291,20.5483762255727,13.5145157714066,24.0218474342489,18.5994776663083,13.2653362673574
"hera_11",13.8000188959128,18.2352499292836,10.1266878634833,0,15.2229703937457,9.89971183737786,21.846289380977,17.0052197305724,14.6030235680597,19.2284237074097,15.70616109702,14.1501882968803,21.0613025924783,15.9948063333588,17.27176545217,14.3942329906188,15.4081048455307,21.6591542956631,18.1320594127841,17.8629529683993,17.4566613865264,16.8621711986922,21.5715346397499,21.1531827858241,28.0591430492185,13.8459814178573,14.8689580058558,19.8498296777002,17.2050501321637,15.5965520491313,13.123523043614,18.6780706270833,17.4383725069759,17.6105727181069,13.5852037791129,22.1548900415256,21.2690864611491,17.206964768892,17.4623951139341,13.3596068224139,21.5336907827428,16.6885681365297,15.1087634233931,16.2336944505921,17.8024632889818,17.9450484388563,19.7552189641497,17.3328467734819,16.7251566505712,17.0598283438573,17.3386736405072,14.6098912499021,19.5200454821757,14.8596704076333,13.9505781756478,13.6451887423758,18.7823024315039,12.8395338539901,12.1711428830672,15.4978767698814,21.6989294165374,25.0022576187141,15.9885925059458,14.7691875245531,19.3772263270732,18.13365150622,16.1527166817018,15.7911431724653,21.0847312606882,14.8055898568742,13.69673117485,22.0115369466081,17.7653237044486,17.1814033788119,17.0911791649328,17.6964308478255,18.4526702955046,21.1794835687821,17.9915318510375,17.4380606829994,16.324045951196,18.4760453635428,19.2361887982296,17.874192130568,17.7999649395958,17.6575735116361,16.7467411119665,17.9686717525132,16.5589873022881,12.5254297732258,16.6948657847874,19.7642394267185,15.2381235440064,17.4300234249408,16.6367845115503,16.6777910263471,11.6446252246566,21.2305993887005,20.4738874061826,20.126269504921,23.7488273361952,20.3158524510556,18.9328977012797,14.7042564362965,18.9073025546028,14.8042846907167,23.4827115685331,17.9903616939599,15.6794267838961
"jarjarbinks_11",16.9315275192629,16.8641667478866,14.4401632620662,15.2229703937457,0,16.2239471333634,20.0812389458597,17.281745116898,10.2552618713241,20.923902918028,16.0312905740952,7.83676665682759,20.6230300444707,15.2485058441556,18.2645004451986,17.6050260732569,19.0460675942253,21.381399480502,17.8765750854637,17.0586632673324,17.6238609322366,18.7559187364866,20.6023458405103,21.6180159280369,26.5591978417597,16.7286769316873,18.5501647019157,19.8108598648422,18.9315442813785,17.0203824124071,17.4634315660256,19.1303265714314,18.2896863370499,14.711103432937,18.037475555879,22.0401585153352,21.8048421472389,17.4836888321235,15.0856321060974,15.5443496479731,22.2240577481814,18.5932200883986,18.2428323553291,18.1902321870713,18.4730903947807,18.4244429398314,16.7511264025518,17.7997025198629,18.0877992448224,19.4486876563528,17.0569180049237,18.7693791206185,21.9990745923297,18.8009756794311,14.1519148489907,15.8202325030747,18.6147539014706,18.1679294937797,15.585144519316,15.643165501841,22.2809722089211,23.0928705071422,18.6143285409178,18.4920737325008,20.1824977186647,20.0495565107171,17.424332984526,18.8335374581847,21.7682012043424,17.5108276744175,16.125532163826,23.0602036080939,18.5565509136155,19.3589442624166,16.2367177064435,17.9853797411363,18.9162997977223,23.0285310549072,20.620586821644,16.4924495457567,17.3320807701668,19.5820732186509,21.5742268620485,19.6005414007248,19.272248880016,18.8401502930677,17.9074211444179,20.3739969965725,17.4546747278595,16.681085207543,17.4452687133051,20.713081140457,17.8344936432629,17.191184013459,16.1526045260246,17.1699749535016,13.9887124056004,21.4147685007103,21.3849746244241,17.7127523072049,24.2579766449539,21.0305399873469,19.1769818066972,20.6427074294168,19.2773480634188,18.7052412725504,25.6114048736767,18.3268668431457,16.3233552709725
"hera_14",11.5458897033559,16.2698190782607,9.37831035440795,9.89971183737786,16.2239471333634,0,20.018153429554,14.5999703235402,15.5308477167849,18.6478546406146,13.9433098219012,15.0499725597858,19.0470405876008,16.1371719205759,14.9401323881472,10.9671655163565,12.0585678821116,19.8572896567343,16.4980223874742,16.2407972194809,15.2903725800515,13.9947353864036,19.7545881051729,17.9082779837395,25.955959149862,11.1627294276416,11.4680619284664,17.8522566969972,16.8590034075935,13.3963990402475,9.66532474309571,17.3667720310845,17.5405636108636,17.3746351517974,12.3367842583529,19.9500357761637,18.7704541482264,17.3750757759488,17.0212529997239,10.9488089361961,19.3532343926561,16.6934962784505,11.7802599296755,16.4948595055079,15.1019366955036,15.8142353287208,17.1035324247844,16.7391583290334,16.6963932587944,14.8694236036781,16.9988646751004,11.3590239961811,19.74498728755,11.7145261659885,14.0265263737549,15.422530877591,16.6942830687094,13.1788981406679,9.73263713932911,15.3049144460674,19.8794625575081,23.0099311535394,12.7036418103617,13.1735111458117,18.6992633707899,17.7873315715507,14.897225185487,12.7966737843152,18.910691644946,12.2773136853436,12.4657126884309,20.0571521181242,18.3756599603272,17.85675451936,15.6781157061638,15.7869046993548,16.5427608610944,18.7994780173868,17.8448705519387,15.6469705076343,15.5347134312205,16.1772689435943,17.8906929638428,16.3816510789236,16.1171499183194,19.1145319114338,14.7946930392638,16.5024684261135,17.2034149633416,12.0763543659313,15.5646561712514,17.9319287517942,16.7047517318335,16.4258770899425,14.8957205851689,14.693287957384,12.6011776228311,19.0617334723422,19.7239534488877,19.2901636675309,22.0151552804189,17.4055440108329,17.0365218472235,13.5187642886506,18.4361276377611,11.5819768474358,21.8115475829166,16.7440458956462,13.2890592196858
"iris_14",20.3066365891833,15.7269575054625,19.2024947518517,21.846289380977,20.0812389458597,20.018153429554,0,20.0865997290614,22.0806540855898,12.6194906321736,19.9226175893211,20.6248790291509,9.62246746247486,22.3474104871412,17.4154353598633,19.1904602216099,20.0922046985239,9.50602941199416,22.2213254592378,20.6189876764829,16.3834823824482,20.3212506797411,7.91560113806793,23.2478363836669,20.6341050599388,21.0695463022784,19.6436924659542,10.2831747947236,24.4405047064333,21.7424558287552,21.3549141363013,22.9150088511812,23.8473462293875,22.3201005694996,23.4111905247624,21.9806946919433,12.8201838162064,23.3845568275211,21.776281394005,20.3296381492953,14.3823501512497,23.8514510709991,19.4485211635739,23.5846245007407,19.8921124062654,15.7054608010673,20.6113966140442,23.1018175499155,23.8328907946916,22.0150345640034,22.4974506907323,21.5530991971377,27.0827964850334,19.8745074113861,18.1729475696681,22.7646497239997,14.0411552548403,24.0654115789587,20.3275246782131,21.5721343190985,11.0336687865811,25.4440795247471,20.3677932607909,21.0164086680256,24.4949884025866,23.9881186803448,21.7756883898049,21.1720641974074,12.2820203215697,19.2585059532778,19.995381923696,12.5040921992076,24.1314633058834,23.7907221312534,17.4661564500541,20.7473021978408,15.7117110985148,15.3377116902515,24.1881722443662,17.6670896667112,21.7975030045939,16.3715046339989,24.4448064368983,22.512882645948,19.6810731240292,25.2599366658803,18.6103759888066,22.2844442001136,22.3504966349263,20.2235895756189,19.0591336324771,11.7197618617045,23.527890203772,20.9370739268869,17.0294445188319,17.5536038684569,20.9238038795353,11.2449551063204,25.6592374367011,23.5456895668529,11.9676531748329,18.3949613756075,21.6352794882214,21.2444781459058,23.6973083525902,20.2694371144317,17.6234392776705,22.1651069696573,19.1129532935336
"jarjarbinks_14",15.7879011362625,16.1948477642163,15.1509914811391,17.0052197305724,17.281745116898,14.5999703235402,20.0865997290614,0,19.099727939943,18.5763209158742,7.56127823470571,16.0609071283384,18.7254899793877,16.7580197996173,15.6779519124908,12.6616486803802,13.4715888138816,19.4276176076682,18.9423640074245,16.537075420097,14.9813181768703,12.2002085441152,19.1867560337973,20.4400899088077,25.6130799147269,13.9210887730889,12.5496453916029,19.1680471492191,21.2411826951482,12.7424598374142,13.5432578947057,20.3675650685625,20.7740712211826,17.6869885253931,17.5937686861506,23.5389726964199,20.3433079682313,20.4207794521379,18.1889804968644,16.6003455758602,21.3377550297831,21.2011630941117,13.382879705799,19.8328733210095,10.108229084522,16.1356983393058,17.8152256129792,20.0012630099663,21.5821462435057,18.2736313196538,20.1223092560011,14.9128869013943,22.7613260279783,13.3490563230701,18.7080708052663,16.35544113481,16.3115128071794,17.846088074909,14.2556480320773,13.9478809221186,19.953060681944,24.3884754046075,14.1834876503023,15.534640762005,18.9942268219689,20.5981583134739,14.7571411374414,14.8057810406965,20.8021748942158,13.0715554433807,12.9570890872199,21.1912239827545,21.341386816308,20.5473555687195,17.1360206747168,13.5597629582929,18.1349401463434,21.1892546264679,21.3136670580562,16.3180636484923,13.4723092619861,18.7943004926902,22.043862048125,19.9508717845911,17.6014252950879,20.5091857113569,18.4958151076416,19.8232458580033,19.1268478020223,15.2574804960156,16.6074943512065,19.3763022003984,16.5817980495,12.8915313824679,17.4542047586339,16.1817224128293,14.1809564541626,19.6913916622463,20.762383033325,19.2341861290734,21.7681533553045,20.5362982431728,17.3398343443377,17.2218260804303,20.499983957649,16.8692082144291,24.2121639482851,17.5062988489251,9.70645522806672
"kubo_14",17.1169822212502,18.8865973632189,16.1941492782606,14.6030235680597,10.2552618713241,15.5308477167849,22.0806540855898,19.099727939943,0,22.6924784293317,17.8004757422159,9.40878231292461,21.8163587339431,13.9025272340226,18.2011984326652,17.3693737930487,18.5849411167097,22.6624421705869,15.1281512336149,15.9341216907733,18.7075941466627,18.3457086872851,22.0799868037073,21.2736958363872,27.169413066956,14.7777938074673,18.0126436451385,21.0986189915146,14.8505702860649,14.9031951661305,15.6427626558688,16.1071571767172,14.9730792119398,12.9150727218215,13.9331387157794,20.6633740687391,21.4162131053277,13.6653935907149,12.6227765239767,15.5778995044903,22.5242387833103,14.0727529660567,18.5502123170347,14.9897873443897,19.2604227063422,18.6087214982354,15.3913261085273,14.2210502411176,12.9562715780909,17.5373670124998,14.1596957063018,17.7439296896328,18.0302892061066,18.9944320705194,15.0499207240138,12.321639916558,19.7230683668492,18.0030014040275,15.4621865839674,16.780434528596,22.8034145561833,21.2381843710267,18.9097049209976,18.7045166947351,19.91106397398,17.1615795965005,17.6363126116993,17.9939510654991,20.9721443607696,18.0456370705311,16.353583372611,23.0979508676114,14.9065288314714,16.9220859110054,18.1170275080209,18.5485715562309,17.7670309423843,22.2648729334141,17.3883925504036,18.0316442610958,16.2170737139663,17.9050489720569,18.2747336861238,16.723587270386,19.002735970439,15.8546137983152,15.0180167433995,18.1417982522765,14.7385656160345,16.2461756897608,18.8260504287635,21.5759022875036,16.852246991067,17.9023039286318,15.270282524015,16.1865665308737,14.5432454224335,22.1276024644786,19.1858964234809,18.3065986900251,24.7701468350393,19.6138323262742,19.1264535626463,20.0937897213759,16.8357179139401,18.4227686713846,25.9817890232897,17.7188671973436,17.8254090232859
"wolverine_14",19.6744976679879,16.0837254774497,18.6172370552458,19.2284237074097,20.923902918028,18.6478546406146,12.6194906321736,18.5763209158742,22.6924784293317,0,18.0694761465279,19.8133133031555,12.6362246796297,20.2029657387461,16.4654332988505,18.4622162192589,18.9017902769775,13.5399072236198,22.3149031559663,19.7748733215088,14.9906266796024,19.8957357303272,11.9617253984324,25.1645828386466,24.5738160039576,20.5985519209568,18.469758236502,12.4166820988449,23.5715286541834,21.77468102974,19.9821775382008,22.9763631181713,23.1412638484422,21.3641707611066,22.564046496249,22.6497413482379,14.8147928578553,23.2074147628248,21.5796989593615,20.9390036654628,15.5666393103712,22.9650409195472,19.3907194211348,21.7239833985638,19.0755899859821,15.2140351338696,21.7020851033206,22.8328763550816,23.8301261462282,20.4465219845657,21.4658938925099,20.0266024860886,25.8569295702304,18.9496722318445,17.4230952379029,22.7136117870705,14.4094965410388,21.1866124009449,19.8216488874784,20.4808198005573,12.4083795258789,27.7441257698431,21.0927867783757,20.5021650194872,23.2937070450733,23.6715080654611,20.0206438334214,21.000205935656,15.4177432510402,18.6991906218023,18.9878518458842,13.7614134404665,23.9879026407321,22.9827252053487,16.8868745918257,20.8014265858579,17.2096675690054,15.5611170354728,22.4126043043608,17.5206286838362,21.9770652799446,17.1653834892524,23.6394266632872,22.5090435858979,18.3826363305597,25.4749017971187,18.7570838248668,21.2529667697486,22.7106238502693,19.2995883700928,17.1031055830166,11.8397066109809,22.1815687241587,21.9946977870141,17.963316398241,17.3865419317055,20.4141771434017,14.044552789232,25.9179332322045,22.1086110956678,14.5703812608103,19.2460782648392,24.0050744730146,17.5994903214,22.7501077736049,19.3466713216946,16.1767865409173,21.423878399451,17.7328043366594
"jarjarbinks_15",15.1687525010812,15.2702002126666,14.6133335578492,15.70616109702,16.0312905740952,13.9433098219012,19.9226175893211,7.56127823470571,17.8004757422159,18.0694761465279,0,14.1166090004835,18.3330315462567,15.7520463048521,15.4329670036937,12.2870016835634,14.019755980595,19.6143585716926,18.2798315044435,16.5410511780345,14.3554491320991,12.4269630449011,18.8783076829054,21.179273395161,25.7499228779596,12.9502628765385,12.908717093064,18.3147025286453,20.2819998401022,11.2601697457633,12.7092615003156,19.5154286754419,19.4999793085529,16.9491662201583,16.4804087018719,22.9863422129008,19.7750507725847,19.3663896653095,17.6483721175128,15.9147870652005,20.6208841270832,19.922485815228,13.8840591538031,18.5559181457253,10.4982528804937,15.5504305300488,18.2410372669181,18.7310279730119,20.0299565295069,17.331667218447,19.4305239400446,14.9887182872387,22.1945317032732,14.3519086323751,17.8005797470514,15.1764021420294,15.2986262137691,17.4188419229709,13.6488425016318,12.1670797854211,19.7001696688442,24.6181450410456,15.3731305553474,16.6266329585535,18.5163376189699,20.170111113051,14.1795444104639,15.272899990006,20.416614350835,13.7626707688755,13.0062718008728,21.1274898781731,20.2796421162542,19.5621118084487,17.3749658838751,14.8483239995207,17.4082700462722,20.7262697936154,20.7937610067883,15.9937785641793,14.6171775556492,18.3785571168828,21.436339511353,19.306287117313,17.6991211169688,19.4530090455465,17.2571554868572,18.9410157284935,18.4086223330063,14.5433506989899,15.7173603328382,18.4331534275143,16.2200950359207,13.0383985210247,15.6777322735027,14.6605995501076,13.6328838157591,19.3603369825581,20.6491984633159,19.4318261403027,22.0667951500762,19.907799687006,18.2626310015556,16.4234053715218,19.862727636546,16.405459041883,23.8102345953174,17.3756634904537,9.47410189522773
"kubo_15",15.1657251002402,16.1086812715257,15.0938138366476,14.1501882968803,7.83676665682759,15.0499725597858,20.6248790291509,16.0609071283384,9.40878231292461,19.8133133031555,14.1166090004835,0,19.7979891529955,10.5612636299008,16.311837467913,15.3567691972139,16.852415430579,20.8342255589958,15.3132671382063,13.9788049856451,15.7486446213377,16.2130934720627,20.0220517884973,21.9164068092863,26.8679877753184,14.7827553741072,16.5825583557063,18.822263519204,16.2735086179145,14.96807012141,14.8071107249746,16.2539864219929,14.9361626740031,11.06378195056,15.9757243828899,21.3495825097739,20.0911206004208,14.7001499915095,11.9307261674348,14.9172692029953,20.6856021926835,15.302140256938,16.7068979688699,14.6127062654881,16.7186944723157,16.3572162368896,15.2392405353256,14.4263953734672,15.1167386258936,16.1100299796121,14.058762498791,16.7194596753344,18.905165806257,17.2117679697869,13.796131205964,14.6330521547311,17.0630176220544,16.4863223715037,14.1623056400547,14.3105686477833,21.0174784519588,22.5900859008473,17.7651020245642,17.8219594989012,19.056141825563,17.1592619783379,15.8065525176352,16.9152015609758,20.8464532815657,16.1126492846518,14.5302415462191,21.6603704558233,15.888826080886,15.9519305834865,16.1851193659669,17.4065833088273,17.3135452993133,20.9864939079874,17.5726520670269,15.4249680859118,16.1199928712133,18.1967671991064,18.2739715563945,16.6625897631452,17.4084911182586,18.0530705484102,15.924065879253,17.1105569272991,15.2349880469133,14.3484408303469,15.917309567542,19.3092859902587,16.5500893292125,16.2484849281971,15.0570268099563,15.3253565617001,12.8467772494669,20.3512379250389,20.0364958270665,16.7878709335992,23.5670942284749,19.5624355883985,19.9612339520843,17.4610482172341,16.4079419137853,16.6560232850188,23.9947493040842,15.3924345153094,14.6831351490749
"iris_17",18.3954803721155,15.1108525242187,19.3260885011302,21.0613025924783,20.6230300444707,19.0470405876008,9.62246746247486,18.7254899793877,21.8163587339431,12.6362246796297,18.3330315462567,19.7979891529955,0,20.1268325758633,14.5807395713869,16.393518180464,17.3831793671721,8.882330247951,19.9992740258489,18.8904826149212,13.0692317418009,18.1823786432137,8.5188184708681,22.9320655516402,22.8365825674222,18.7398856442222,16.426404010965,8.80674576552294,21.9430950124447,19.9419771633133,19.1114994673416,20.2944879119868,21.3342438336091,20.1202172090526,21.9678537140956,20.4134180154386,10.411991367209,20.9227636448597,19.7652738083231,19.1241496684411,10.8709225427935,21.4043613249196,17.6765381102026,21.1355695574376,18.4637180199941,13.2952069180782,19.4693105747502,20.723530819287,21.7097698452995,19.0043143229024,21.2040850829532,20.0103333887766,25.0215160002634,18.5437771141155,18.35127598462,21.7563732533242,12.749132449064,22.5541763035031,19.2332690545748,20.3548776892111,11.210654090218,25.0004520295074,20.2326933122638,20.9690233842319,23.2788961415857,22.1671504565741,20.9546149367211,19.7975466772604,12.3017087165617,17.5698941570283,17.9481831415311,11.1248566522456,22.0225426171049,21.6811514969903,17.3749701665038,20.7410027407894,14.6205151062616,12.3080526954189,21.4317997037993,16.6341547852761,20.588070383156,15.5245556127282,22.0087248195321,19.9411783524076,18.2798108452442,24.2766273369974,16.9496204666247,19.3925245471138,20.6022778619288,18.5435920905056,17.9621320357663,9.29761209652985,22.8870457268877,20.3106033402794,15.3032828246434,15.2140669674965,20.0419795493321,8.79335765107006,24.5402499876897,22.965740846074,12.3574059700655,17.8220084084104,22.1616485320305,18.7570110287604,22.291700913727,18.1854941394011,15.6988231177266,20.1912248534798,17.3081256945913
"kubo_17",14.4622505276668,17.3235825967192,17.7878358471504,15.9948063333588,15.2485058441556,16.1371719205759,22.3474104871412,16.7580197996173,13.9025272340226,20.2029657387461,15.7520463048521,10.5612636299008,20.1268325758633,0,14.2953269363117,14.67446184039,14.5089616999213,20.5347113939419,11.7044961126976,10.0269116910744,14.5268075186423,14.2630064767107,20.6234511253787,21.0426545757141,27.2797119497567,15.3034709015148,14.5736206050839,19.3502518852546,13.3009673276498,15.0221799884432,14.2421377671475,12.1470064913971,11.8537655908959,8.44969652751211,15.991404294011,19.9297759746153,19.2611789041313,12.1213012097561,9.08330479789362,16.6534373265632,19.9028922026326,12.2386788188622,15.7484478639515,10.9808728157098,15.8365173973235,14.9645821729741,13.6801088010595,10.6457468591673,14.1347564575197,12.0364086432351,12.1575636341556,15.3278914078463,14.6722931576464,15.9113987211386,16.3694018892588,16.6707545815825,17.822128608801,16.4455238396929,15.1161399226722,16.4611708446876,20.3537137829553,21.0057017764302,17.3717852809115,17.7756036975972,19.7670216544227,13.010602017644,16.3915583764983,14.9576337167436,20.6408615181581,15.2347716986096,14.0316775121827,20.8334564885928,13.2502636876154,12.4176153190833,17.1024762714875,18.1353672357851,17.4981941423147,18.9686977545099,13.6304377919016,15.1124232455273,16.2664261580868,17.7955152781932,14.2819981494822,13.4086039599107,15.8141729407582,19.8562057466247,16.1238892876989,13.4765895892455,13.3440949015924,14.1601317809911,16.2456147553059,18.9423927188684,17.4951627038749,16.5996219083154,17.1554934850309,15.8515761866043,14.3575454992194,19.485165552417,19.7779582196574,17.2915619685038,22.6619185447996,19.7648305826621,20.8682185209646,15.2145164870978,13.1751883493588,15.1801273550831,22.6947468035149,10.8915073929448,15.1932175583873
"wolverine_17",14.1265996018775,11.3181767959627,15.8047323153096,17.27176545217,18.2645004451986,14.9401323881472,17.4154353598633,15.6779519124908,18.2011984326652,16.4654332988505,15.4329670036937,16.311837467913,14.5807395713869,14.2953269363117,0,12.3359567060336,11.6288909395551,15.4619688396321,14.96817691655,12.7716445567391,6.8426531811086,12.7655985286335,15.5590383343926,19.3085203740492,22.5732452736822,14.9429712932825,12.3395893689592,14.1503665277307,17.0969745366916,16.0032941269735,13.8845733325194,14.9226068939022,15.7865387666206,14.6933624988541,16.9684088619672,18.6111000023402,13.2087558126761,15.9358305788834,14.9180983725551,15.7876421669725,15.4054748212259,16.0240188489323,12.8445447146285,15.4838264152156,14.5864159551088,7.00158312933122,14.8222652239716,14.9124308294552,16.5068632883791,14.0136867835307,16.3082296758034,14.7437141255602,20.9004847224249,13.7798763064835,14.8663495229103,18.5660353098591,12.1547224213852,19.1567394177145,14.9605566537801,17.2636778830685,15.9087532585764,21.3476926579493,15.4795286130641,16.9978933818744,19.481694093145,17.0265136172865,16.9878653021007,14.2330120259055,16.9496219497962,14.1134379823872,14.3450585170158,16.1408660741482,17.8165318888964,16.4849164525343,13.9019071038944,17.4857261624725,14.2002592770142,14.431379615893,17.3908529946329,11.6400612690387,17.4731167844069,14.3147139450943,17.1354855978177,14.9220550929557,13.6116903437341,20.9851223478924,13.3205417713188,14.597606587407,16.9976802804287,14.3227547296016,14.2141986976422,14.040483397434,19.3374668522711,16.7356067886875,14.434890245129,12.2990487188058,16.4545997942255,14.3348051410316,20.7997186196964,20.5470937600921,18.434550163812,15.7327050678135,18.1189493603704,13.9994496963332,17.9957375588404,13.6640371634221,19.7878702397876,14.4988474587439,13.1691861075769
"hamlet_18",9.5812057958109,13.6152397615746,12.7230459515727,14.3942329906188,17.6050260732569,10.9671655163565,19.1904602216099,12.6616486803802,17.3693737930487,18.4622162192589,12.2870016835634,15.3567691972139,16.393518180464,14.67446184039,12.3359567060336,0,7.12510667884186,17.9662588950148,14.0260372136524,13.1072785557439,11.7593522758301,9.04601721249889,18.2065234072215,17.6515551090752,25.622588005151,10.4884915220364,7.96977424491095,16.7960129252827,17.3975930194575,13.0299908696227,9.37411588935471,14.793077231507,16.5427748284717,14.9893371594383,14.8905238240427,20.2645114949842,17.0048050567691,16.8576236580878,14.6942454829197,10.782142794107,17.5622127789014,16.9901913783429,9.03655890372105,16.3804734870866,11.831369884822,13.4418749919109,14.4480280575721,14.8447603712067,17.3060555402453,12.7185814805396,16.625927774791,11.552004052676,19.4290459223109,9.89748893375202,16.161746379807,16.2528079252582,15.347533340977,15.3837912227916,10.3580149710801,14.6713568524595,18.8743286741866,21.6488820296467,11.6770007764019,13.6230868836714,18.5743804651793,16.7516480914577,15.0143836118094,10.5890021267777,19.2916933899167,8.55624751432466,9.22855543507698,18.8983863931121,17.0922011399378,16.5067633040086,15.6758247414004,14.8238410286437,17.0247188206359,17.2432064076137,16.9426712452715,13.7955419445566,14.5219530801227,17.1919216747725,16.6381676876617,14.4098409718609,15.385147923424,19.9666774082745,16.070669184562,13.8353179941782,16.4029113845938,11.0238427990777,15.4399411206761,16.3656084956833,17.3034032974951,13.585944882477,15.8820286061607,14.6696001898159,11.9361805741072,16.9243808076037,19.1915331232343,19.0640905286621,20.4840108774775,18.6694787438178,15.9094613159985,12.0430364217362,16.5655861873766,10.091647904681,21.4567206093879,15.0914199894857,9.79211927478682
"hera_18",10.2518790791987,14.6168371853148,14.2672927445521,15.4081048455307,19.0460675942253,12.0585678821116,20.0922046985239,13.4715888138816,18.5849411167097,18.9017902769775,14.019755980595,16.852415430579,17.3831793671721,14.5089616999213,11.6288909395551,7.12510667884186,0,17.8739553834846,14.1464483692976,12.7633798810746,12.1007602578641,9.43900396809317,18.6366457682753,17.3512064225732,25.4595551510647,12.3905683164602,6.76513105900025,17.1254358096148,16.9588729548554,13.9745311870426,9.79373407755536,14.610502948543,16.1048572622338,15.7218873523275,15.3185100109445,20.6480740866329,17.0423272074558,16.7560956413388,15.2812429599381,12.5002255124668,17.9861976008218,16.5868289542018,8.19461565675278,15.7828189642308,12.0894651295271,13.7895043660604,15.0230135195085,15.1437868117059,17.6984045587931,12.2659524972959,17.2379529496782,10.6711166158614,18.8644032141415,9.42558618242709,16.6006048908832,17.5947323422432,16.1664213750867,15.7973828375984,11.7906716062332,16.1678175595304,18.5560423499827,21.8708178340534,11.3663696115141,12.850866437373,19.507037944715,15.8744396149127,15.6323390995921,9.50832707160058,19.2116521195961,8.4351557754248,9.45548926306466,18.8082920814426,17.2645291014599,15.8649768153675,15.5248871833089,15.1480466224575,17.2847839201608,16.8755077502257,16.3719730309819,13.5073300599394,15.0536297287359,16.865303725478,16.165107234796,14.3221714877117,14.5484919856627,21.1691050644325,16.1765934497271,13.7331367052524,16.6744846605785,11.3869551074944,15.23486419308,16.8537586410738,17.8916849992697,14.0742805350114,17.4373791763908,15.6906015476698,12.5685015020368,16.909491743966,19.5216543621377,19.5062986570098,20.4635210492879,18.3559964803437,16.3206561734236,11.1217403145327,16.2560735778777,9.75960228108363,21.1303546705849,14.0313179817812,11.3667414324869
"iris_18",19.1271531564275,15.1173083057851,19.833095731277,21.6591542956631,21.381399480502,19.8572896567343,9.50602941199416,19.4276176076682,22.6624421705869,13.5399072236198,19.6143585716926,20.8342255589958,8.882330247951,20.5347113939419,15.4619688396321,17.9662588950148,17.8739553834846,0,20.8433912613155,18.3031379745517,14.3193993073575,18.7330844872096,7.9759266651302,22.8596795353633,20.818361962814,20.3629957151619,17.7383831073442,10.3990811917508,22.9895943269644,21.4908730863345,19.6828884933717,21.2189442127641,21.7979912882565,20.7184585286287,22.4054856656158,21.1764673350682,11.1777270168016,21.8144149128204,20.7497527014121,20.2366839408183,12.3461098212017,22.1313758509137,17.6003711156994,22.0102734421467,19.0447107870761,13.7679753983668,19.7974943818535,21.4304077950553,22.7483217923569,20.2753896717315,21.0384478687134,20.4280072240983,25.2769097401514,17.8315054645121,18.4354958074016,22.8066353796072,11.8627170664709,23.234913501658,19.8161438194471,21.8150246248944,10.647674841134,24.9540997865092,19.0420271088065,19.2992095054906,24.3781989809093,22.0136086688502,21.6845819455938,19.300625723347,12.4874464465358,17.9607606541998,18.864930437244,12.1499691800958,22.9860125392618,21.5806427231309,17.5441960904314,20.2718901830792,14.0405105381449,12.3885401530543,22.3582315059156,16.4968027094328,21.0516239816377,14.6249735643369,22.6910778207293,20.9099008176194,17.7727903535237,25.2202016272099,17.4402162925412,20.2637304212886,21.4211391304638,18.4457216763112,17.237655304721,11.3502184878381,23.1860841022362,20.4224370930482,16.7524229707531,16.1613544742118,20.1835486015355,9.15587615122249,24.7148723205122,23.2150687429719,12.0064151428046,16.9320485288714,21.4730162246465,19.0775641933987,22.4155741295479,19.0437391940397,16.8843800715231,19.6636127400001,18.3635470431083
"jarjarbinks_18",13.0346762069112,18.2656703994018,18.1537337263268,18.1320594127841,17.8765750854637,16.4980223874742,22.2213254592378,18.9423640074245,15.1281512336149,22.3149031559663,18.2798315044435,15.3132671382063,19.9992740258489,11.7044961126976,14.96817691655,14.0260372136524,14.1464483692976,20.8433912613155,0,11.0074125804917,15.151695434341,14.1392382690302,20.7683351202162,17.7659950853161,26.8869141659953,15.5637024722984,14.4290630807713,19.350239621589,13.4887424006379,15.8662457716068,15.1865738125913,7.50256839010684,12.2323550857985,11.7831969503073,16.167548200565,16.4217529424118,18.7722311738458,12.3761679309396,9.86147171597655,15.962064273832,19.456635681481,12.559753627462,14.9840602691135,12.9070508012957,17.3389734341042,15.9006193206185,11.4793925992371,6.88614829345438,13.3481862910773,8.58154558186511,12.0377559403046,16.2304909858932,12.9740980620483,16.3039544987729,16.9769975724075,17.4790207112826,18.7848361978308,19.3949422295059,16.1307658212117,18.6372844740813,20.9415641725588,17.2028230070529,17.2525022671143,18.6801555289682,21.2750617183287,11.8835681964445,18.5837852865492,14.972202954757,20.4424894845113,15.2294699151288,15.1664884657859,21.2286484972527,9.08211660130613,12.3885866368507,17.1549735438424,19.2677809458215,18.184132115581,18.5224530630019,11.2580507502307,15.3107466062435,17.5311379725375,18.4012791299839,10.4062448885996,10.4901279811393,16.4240769774299,20.4557746652237,16.0808950755705,9.51320603148724,12.9628914861026,14.9286028651113,17.6615386152732,19.1182643175319,19.3079287882384,17.4310152996514,17.6075482255832,16.4644066222805,16.5722370820967,19.557214181349,20.3249717158129,18.4826700722529,22.8860517220829,19.7228392208363,19.3851844322647,16.6460892565887,9.9399896941879,13.3784866037682,23.2761986519003,12.8126664906409,16.2010185690885
"kubo_18",12.3764186790045,14.9651351980066,17.4670296247727,17.8629529683993,17.0586632673324,16.2407972194809,20.6189876764829,16.537075420097,15.9341216907733,19.7748733215088,16.5410511780345,13.9788049856451,18.8904826149212,10.0269116910744,12.7716445567391,13.1072785557439,12.7633798810746,18.3031379745517,11.0074125804917,0,13.2121986946169,12.5457996421971,19.1603121242852,18.8418516732433,25.3953052446409,15.7340008561637,13.6730343904678,18.5018952617042,14.9929869188429,16.0361263788896,14.0995419861099,12.0814931394534,13.3138784275896,10.5306810843833,17.4104389981241,18.8568884914666,18.060087481085,14.0368047578015,10.2128839626586,16.166368585522,19.0649396456145,14.2773358025083,13.6770323490322,13.7312564920797,14.508280779566,13.9418317220647,11.3319841170199,11.3719826811758,15.8809970102391,11.7021283055769,12.5281367120258,14.7781210230436,16.1474350412484,14.0391992572617,15.5133794041793,18.81787291706,16.3175559884995,18.5052456792614,15.5522190005002,18.1680922081915,19.0111049424718,18.8667495656307,15.6474687993598,16.368107952158,21.1334828034291,13.0561834664898,17.4019461120583,14.0671361879875,19.7884938882533,13.9342929378053,14.4482267175334,20.0281852255467,14.5527823091136,13.143510978219,14.9561224058103,17.4891270820848,17.1920825112995,17.3833315486925,14.0710027594006,11.6245493264639,17.1156533485521,17.0737561867248,14.0626488231791,11.6232945887982,13.1689933216802,21.9668956335169,16.0245099215044,12.3616673734481,14.3918419909351,14.0195855634577,13.7756284215609,18.2164022355796,19.0732767463742,16.1374212656871,17.7946152791799,15.8751635449711,15.7305205691178,18.0305275466311,20.240711385114,16.2387801372989,21.3286688585057,18.5808166533833,18.8420886833604,14.7952798361405,12.6246164776794,13.5310821267077,22.4869138642939,10.7689202255798,14.3907448178576
"wolverine_18",14.3455777844957,10.051208666633,15.6123952755052,17.4566613865264,17.6238609322366,15.2903725800515,16.3834823824482,14.9813181768703,18.7075941466627,14.9906266796024,14.3554491320991,15.7486446213377,13.0692317418009,14.5268075186423,6.8426531811086,11.7593522758301,12.1007602578641,14.3193993073575,15.151695434341,13.2121986946169,0,12.7758298120676,14.4076935506222,20.0959052898387,22.6558149424611,15.0667098931085,12.6275541780573,12.9659125734242,18.6252458885772,16.0714125076318,14.5518372786389,15.7022458739998,17.0304159507462,14.8432310256737,17.8947992321415,18.9738902894592,13.1627631675716,17.3107257618864,15.1013991941071,15.6164457909884,14.3110941066925,17.52640691048,13.0698110052484,16.9042174467972,14.1788852933468,7.0120681191545,15.2483905079647,15.7600875343055,17.9307013663697,14.6500266801756,16.3535054131224,15.3994344811538,21.5828517669717,13.9969952913455,15.2560478207401,18.7012246911438,10.6492491885937,19.1740635566341,15.0248177380364,16.5575176590133,15.4504056361443,21.8643436247886,15.8137726611106,17.3201748457176,19.5202733538837,18.1071531382766,17.0617268304042,15.0903772210566,16.9480924145481,13.9274153868705,14.150713738516,15.7261775142036,18.1162322974208,17.107452586191,14.330888240595,17.6171616824895,13.9015126973935,14.3533314467908,18.2758992706749,12.0322260263305,17.7092268377335,14.6582252837905,18.2310834627913,16.1168529680169,14.1655235644593,21.1578633969337,13.9065803991756,15.2187263441211,17.5214307231286,14.2004869692213,13.8346855498432,13.0834625867264,19.3143358812662,16.5521962669829,13.4914489025618,11.7234880532966,16.0439268402129,13.3024086186366,21.4448636185796,20.3101528812819,18.0640089967494,16.1528910316224,18.6239572907475,13.9586737391853,17.8091041664808,14.1496522114648,19.400417555824,15.3239499701558,12.6591734187591
