"","hera_1","wolverine_1","hamlet_11","hera_11","jarjarbinks_11","hera_14","iris_14","jarjarbinks_14","kubo_14","wolverine_14","jarjarbinks_15","kubo_15","iris_17","kubo_17","wolverine_17","hamlet_18","hera_18","iris_18","jarjarbinks_18","kubo_18","wolverine_18","ophelia_19","wolverine_19","hera_2","jarjarbinks_2","hamlet_20","hera_20","iris_20","korra_20","ophelia_20","hamlet_21","jarjarbinks_21","korra_21","kubo_21","hamlet_22","hera_22","iris_22","kubo_22","hamlet_23","iris_23","korra_23","hera_24","kubo_24","ophelia_24","wolverine_24","kubo_25","jarjarbinks_29","korra_29","jarjarbinks_3","kubo_30","hamlet_31","jarjarbinks_32","hera_37","kubo_37","ophelia_37","wolverine_37","hamlet_41","hera_41","ophelia_43","iris_44","jarjarbinks_44","hamlet_45","hera_45","jarjarbinks_45","korra_45","ophelia_45","hamlet_46","iris_46","hamlet_48","hera_48","iris_48","jarjarbinks_48","korra_48","kubo_48","ophelia_48","wolverine_48","iris_49","jarjarbinks_49","kubo_49","ophelia_49","wolverine_49","jarjarbinks_50","korra_50","kubo_50","ophelia_50","wolverine_50","jarjarbinks_52","kubo_52","hera_53","kubo_53","iris_55","ophelia_55","ophelia_57","wolverine_57","wolverine_58","hamlet_59","iris_59","ophelia_59","korra_6","iris_60","wolverine_60","hamlet_67","hera_67","jarjarbinks_68","hera_7","iris_7","korra_9"
"hera_1",0,15.5097342702062,12.3472085978641,14.1029723012987,17.1348285948584,11.8222754804052,20.809556209648,15.9578123718901,17.5709785610733,19.8689256818106,15.3220322963482,15.5671972303968,18.9381347972609,14.6981686208325,14.2394086682261,9.72799617351693,10.4979616659882,19.5839582723452,13.4047187931463,12.5650246692839,14.7419515872619,11.4573187521703,19.5782693633695,15.5895943701918,26.7736296989003,14.0604294796527,11.7311842622043,17.7774820215399,16.2102871876022,15.8568111179943,12.3515177584131,13.9481988538818,14.9215159000605,15.5509646096426,16.5652177266721,18.2339432267536,18.577501449756,15.1617610023004,11.6343185745055,18.8690157072967,15.6573459638119,10.173960989485,14.487794047714,15.2185181083888,15.5062636308621,15.3613764847358,13.8908348631658,16.486998983155,11.3046735791637,16.4629448615616,13.0856026124039,18.5282744508212,12.2001796245722,14.3482334639336,18.237802083561,17.6121993411755,15.5955674929466,12.1367609372442,16.4521637210536,20.3032764376226,20.9962829980977,12.9860409090219,14.3329889715624,20.2031278704987,14.725825952002,16.5092323445828,12.1089067440737,20.9068787172824,11.2112360838253,12.1154511736722,20.7612431025366,16.0939444870934,14.3348579412173,14.821659592225,16.9665712737434,19.2594441090476,18.499624108746,15.9829411469523,12.701164962417,16.6292498218149,19.4099627512618,15.6999946599857,12.1410324717448,14.7233018801503,21.4219764518892,17.6920443265342,12.6771767051252,15.2669680816355,11.2778063169064,14.9446432764321,17.9161876834257,18.0912489896152,15.8906597490637,18.3921695058515,17.2475911322587,12.7433634748003,18.7866821399138,20.7697457852784,18.223324046893,22.2485248667128,20.0954054951373,17.1815182233282,12.3375265175317,15.400022246198,7.96888458234521,22.1254080057878,13.1452411936516
"wolverine_1",15.5097342702062,0,16.3605418113342,18.7569513730787,17.1526044347382,16.7207568335838,16.0721356583283,16.5626782914835,19.4624425615049,16.1364672994079,15.7061122047971,16.5655391635391,15.6064813854371,17.855895297177,11.571931346349,13.992868256743,15.0993401270963,15.3695231855865,18.7739950274328,15.3812035415664,10.0802997215858,15.6827308666051,15.6916711547079,21.7251995501602,22.2061486120322,17.2200811883919,15.5086734016538,15.0464300975051,21.609638115551,18.6239416816715,16.4198503457949,19.5303793713969,20.2719245505914,17.4066279433873,19.7730124226788,21.1751604227297,15.4525293495141,17.8998480087509,17.1852141232859,17.8687867356442,20.6482838319593,15.1316825817819,20.1744616369563,16.0714707980357,11.2511990546311,17.678249375861,19.1543834337766,20.7409798007055,18.5166652547379,18.5502393794374,17.5905650169025,24.1381290317507,15.9646648242471,14.5156103552108,20.6234232908954,11.0601382159162,20.1609354612278,16.6512469074532,18.4169892324716,16.6195517030543,24.1361096153037,17.197179005061,17.993058069842,21.7720439100256,21.0610769955745,18.59549162131,17.2224480337259,18.7081831047696,16.416639815792,16.6081487510166,18.0806755277721,21.3165623422695,20.2515445915889,14.4568369348409,18.2167328345386,15.1320076019823,17.4607082501538,21.4411039164795,12.5122372320364,19.5575492032601,15.9262053579515,21.7668415636583,19.3617517554712,15.0008272800727,23.170016511652,15.5702599004081,18.7661978200428,19.9766714376182,16.4576722967394,13.8100809043429,15.4368222294803,20.3722444943105,18.0124176949184,14.7794842400932,13.4227025071346,17.4795237265842,15.7024667492758,23.2128243898408,19.9534325328349,19.477522178913,16.8389484368273,19.4043814152721,16.62567563065,20.0620638113452,16.7664914301141,21.0062726079162,18.2266752061467
"hamlet_11",12.3472085978641,16.3605418113342,0,10.3677333778082,14.5133412910958,9.45311944184664,19.4291802843377,15.1154968588536,16.6785705599207,18.7853650092484,14.7526496759441,15.5188893978748,19.7488549268931,18.393467581587,16.0434063194271,12.9604544793025,14.6440424141721,20.0223709436606,18.8484602526312,18.0707108974076,16.1689913902141,15.2094391772946,19.7421551635043,17.9838550444219,25.5378855168232,14.4065398592765,14.4053386447806,18.3857287064381,21.0090737011431,16.408866033369,13.9763646139148,19.8513064153105,20.258154197711,18.9297190558134,16.5219977858429,21.0783480699224,20.1836705475009,18.7336014071283,10.5751167555557,20.5406121731995,20.4286856948856,12.4119412394821,19.8099995180294,16.327865595092,16.8039153949094,17.9377828754603,19.3228513628626,19.9158283439344,18.1496126076443,18.5805114723817,14.6977241178822,23.2784931149973,13.2767014899877,14.4513719821393,16.6386594078461,17.2488570597182,14.9813017830449,11.5652130502879,15.5012535434652,21.0586257842526,23.6073109501537,12.9399504277944,13.1465552183464,19.4915565141146,20.2844214463916,16.1401292230094,14.6118975633454,21.1041671308336,12.6828214498881,13.0930292712369,21.7992661537745,20.6826440349523,19.7521658023174,16.1786031618864,16.2992547114135,19.1768219584201,21.2210554447748,21.1496749329487,15.9395986006747,16.3724196134691,19.4481755386935,21.4384133819635,18.9880381052216,17.8786770165524,19.6599471935227,18.6400735495512,19.2323595341898,19.170114372843,12.2298673981421,16.7721643518134,19.0709572625187,17.0128149170174,16.31289786508,17.2174997898935,16.8229753582516,11.538315290843,20.0180337282195,21.4815449374107,19.2288063803513,22.6156802401787,20.1265569258856,15.8398368274634,15.8873480018897,21.3076985071586,13.7807955945337,23.9586210524191,18.8745876410833
"hera_11",14.1029723012987,18.7569513730787,10.3677333778082,0,15.3147468307735,10.2496638349891,22.5801291236725,17.4951039372484,14.9683162695802,19.6813986269046,16.0920220423287,14.6462505356769,21.751502705373,16.4743994813601,17.3009357999006,14.6552715930684,15.8665478301847,22.2805363555026,18.6136406637992,18.4146891285535,17.9526502889275,17.1446243241657,22.2378145639228,21.618621773319,28.723914223591,14.0189373617266,15.2880093599375,20.3768776142909,17.6636746323602,16.0901438935406,13.7371498232188,19.0679514019485,17.8109892060929,18.1460962039438,13.8523152598347,22.3522819442579,21.7030379790215,18.0449143144997,13.7811565965744,22.1607533078829,17.1762901548097,15.3711294807294,16.5397198462291,18.3765098427282,18.3600652890479,20.2797676592923,17.6710811188202,17.0079447606079,17.4376578986123,17.7042807908212,15.0027302322873,19.7887278540427,15.2780505350221,14.3868724420531,13.980616209518,19.2711427335664,12.4504390118357,12.2766329165585,16.0509150899451,22.4423303211607,25.4433864014788,16.4419108124076,15.1896532683369,19.7993062866697,18.6555168465764,16.5767823797046,16.2277731243029,21.6556718215561,15.1157972146303,13.9929528109413,22.6074286787534,18.2685492894573,17.6086715113024,17.6945457025188,18.1505552701139,19.0129021758694,21.8935698280218,18.4514274996586,17.6886649330891,16.5543133570814,18.9729696580072,19.7196395550751,18.1954718337843,17.9671142532821,18.2169776820342,17.2734941653109,18.3566964650674,16.9954890339676,12.6342310607001,17.0349448710021,20.4073160930704,15.5063566778847,18.0402534944726,17.003947909126,16.6728871273393,11.5576028541992,21.9437949655324,21.0645478349912,19.8870935938125,24.232705245139,20.9023807758395,19.3312231814615,15.0367625037629,19.359055822257,15.0728204700356,23.8330750909678,18.4127331087843
"jarjarbinks_11",17.1348285948584,17.1526044347382,14.5133412910958,15.3147468307735,0,16.2824428857752,20.547496367976,17.1350222063999,10.1812911406704,21.1835607819899,16.1572662317003,8.08375489043061,21.2472544736693,15.5201795450459,18.5830530464538,17.7108937400073,19.3332544951783,21.9365161555716,17.979144237455,17.2738228102212,17.8898096953181,18.6911769475395,21.1176133609332,21.8977921373471,26.9114542438125,16.6623048802157,18.6749117478974,20.4551813038878,19.4121634502478,16.9270016735075,17.6902874382413,19.4853634612619,18.5634029921594,15.0257255119602,17.9568872869186,22.147367876224,22.0420602277698,15.5846376017688,15.7983227382182,22.7720999016771,18.9688662319852,18.274507694862,18.5407483098489,18.418631591646,18.5789960724117,17.0927013856347,17.9482057581328,18.0801382690744,19.8579702500986,17.1580483838451,19.0378135528047,22.0864727254087,19.1640642831798,14.4339668766369,15.6383313765086,18.9179050322677,18.1785968394228,15.7599174352578,15.9951038372547,22.6412180948973,23.2410941545881,18.8395691646721,18.6153236119758,20.3865708453541,20.1313811409329,17.7166385806546,19.087129405309,22.1904381498102,17.6295550621642,16.2627307723732,23.5847704024429,18.7649931979391,19.4900009893476,16.8178137453607,18.0520236247194,19.0662887030778,23.4825967889051,21.0972781883812,16.7587012855991,17.4571210357354,20.1309496464356,22.0624712215036,19.7630803714425,19.2269120989232,18.3071716665228,17.9497980585126,20.704939745593,17.2988051430024,16.7731525954864,17.6213703347865,21.208764955563,17.9489224865412,17.2246366142009,16.2973722418063,16.8750240940258,14.1589563122925,21.8924812414258,21.8260741349869,17.2543002626171,24.65206015479,21.3558777813533,19.4143361174224,20.8975224946246,19.7727971779126,19.1192769898856,26.1934798632965,18.5691385940068
"hera_14",11.8222754804052,16.7207568335838,9.45311944184664,10.2496638349891,16.2824428857752,0,20.5831516719357,15.0618781604908,15.7904444255529,18.9796344967224,14.2851885881463,15.3194528652595,19.7700530612256,16.4250698320937,14.7093517138347,11.2170457453875,12.3219545341959,20.341084827408,16.9214186944074,16.7015975765708,15.6737950008077,14.3473226856517,20.3664284254801,18.1551878626576,26.4005206646245,11.4700522851973,11.9012773866256,18.2636971038668,17.1880101353199,13.8916041872037,10.1416808942569,17.5512521664308,17.8118062587775,17.8134910412502,12.75951710217,20.05632040475,19.0423850502135,17.6123129760827,11.0840871419625,19.8693831419803,17.2004211628035,12.0377360942569,16.6975622479858,15.4571007550261,16.1357217375577,17.5069851910133,17.1863587979687,16.9627881829781,15.2101063346036,17.3663882908459,11.3430625039589,19.8237622665571,11.8785748544917,14.3747289347759,15.6253210984038,17.0634398527124,12.4602123295436,9.71866020493405,15.6041886968482,20.4025425674978,23.3421676133818,12.9061165774623,13.0363317652445,18.9510144833551,18.1542760012615,15.0295015270795,12.9528341451509,19.2122384244598,12.4601826478275,12.6645497610291,20.4436998600091,18.8425584966288,18.2244061001092,16.1708638259779,15.7880190428425,16.9661927413436,19.3237129548168,18.1630105058764,15.5733673191278,15.4321228220818,16.5995392783185,18.2691625703536,16.7188343308178,16.0975006368892,19.5479104430456,15.2596773256385,16.9139962061869,17.7051856923829,12.4068120638367,15.9045594996869,18.5276918686949,16.8053566717714,16.9555875661274,15.2809931551261,14.733160298857,12.5435785935549,19.6447707298579,19.9696569205238,18.6752657674269,22.2347559808276,17.6091738564583,17.300285007347,13.6641268360643,18.910727504033,11.5727470359933,21.8900424641608,17.2030951581065
"iris_14",20.809556209648,16.0721356583283,19.4291802843377,22.5801291236725,20.547496367976,20.5831516719357,0,20.5976017236432,22.7008055109716,12.6162811273373,20.503344605238,21.2036333170158,9.73763719014428,23.0631442409619,17.4864385078759,19.728489254965,20.551591113112,9.58519096065348,22.7542352150012,21.2765537695742,16.5439394000304,20.8548865689423,7.88685848027337,23.8604690679465,20.8964143642282,21.5783124404682,20.1191826940659,10.3732644607643,25.2104931183771,22.3312755279358,21.7410598054111,23.4667468906728,24.4534092000173,22.9636685114083,24.031605697855,22.1011321516503,12.7699282206365,22.4511915907332,20.4428965000572,14.6067429787888,24.5265453588717,19.8331785285502,24.2399635579926,20.2905888956063,15.9804536098015,21.2048168672177,23.7024462869933,24.3076324734051,22.6068115613805,22.9119232925956,22.1926489360377,27.5295530938975,20.4508565905335,18.6825457255095,23.5089384675322,14.2038920866132,24.3539940395511,20.9563755614944,22.1779308300733,11.2258825856037,26.055584762487,20.8696355371966,21.3038689793978,25.1374335218356,24.5460603085489,22.2943243343555,21.5593291817684,12.5736402629289,19.8038799619149,20.434026102098,12.6035171213954,24.7722741460785,24.1424996991881,17.8972570267269,21.0801368241171,16.0729206183646,15.5869472636242,24.9971612865381,18.0972997269114,22.2775548572823,16.9432949457344,25.1800210204066,23.0562442251655,20.1228940535111,25.6679609916793,19.1138549985211,22.9212040462504,22.821900780178,20.7360402662061,19.6636467090189,11.8238248054337,23.9493208135202,21.5123997593488,17.2343207477714,17.4085362302734,21.4372391089235,11.4374246326792,26.3299802234572,23.5521684390801,11.8559500248616,18.9318232157988,22.2352524777761,21.6970431388611,24.5403447086424,20.7844160382336,17.633455383695,22.764787264682
"jarjarbinks_14",15.9578123718901,16.5626782914835,15.1154968588536,17.4951039372484,17.1350222063999,15.0618781604908,20.5976017236432,0,19.311979784995,18.9173202049625,8.04834847134153,16.357574966168,19.2927364805824,17.1939782737428,15.6115908078504,12.7246617869757,13.7796431974691,19.9301266907149,19.2721992487381,16.9153637452096,15.1544784826308,12.3960656752348,19.7773599433261,20.8105734017027,26.0590286738294,13.9569878498853,12.7665076472066,19.4403765908086,21.8010217324881,12.9572478090259,13.7065224875053,20.7688418175713,21.0557971379079,18.0646756486272,17.7010416354477,23.6951332550418,20.6633341906054,18.7012888617561,16.8447666644196,21.8515771979928,21.5985309156626,13.7007967267365,20.1413808010398,10.2215660162219,16.149557321323,18.2525227522979,20.4171381107713,21.7228420836363,18.6205183559901,20.5205637322953,15.5447804722652,23.0696467892768,13.8442061895843,19.1878174760325,16.7779483506011,16.6627388417049,17.9132251483092,14.6863031451931,14.4164370888455,20.6421518739692,24.8066860139283,14.6333828836018,15.8216777501004,19.4641309368428,20.7968585900496,15.1717593422707,15.1006433995006,21.4997681785101,13.4056949933413,13.2681581296438,21.8285246286464,21.7407724299421,20.883204458479,17.7748027641463,13.84658504672,18.3662835217069,21.7245735758771,22.0508845374261,16.506632061854,13.8061517289528,19.2825459934603,22.6622995730308,20.3047999116214,17.8602214027071,20.5196487530808,18.7709502355525,20.2451833455869,19.4137762908516,15.6014305353249,17.0714960054129,19.8110623846729,16.9409351430461,13.4101501638857,17.6719621644902,16.0515999044238,14.4184672068029,20.0238445476117,20.9134846699748,19.1564244898763,22.3010071547441,20.9509229004386,17.8251474166324,17.5927659310379,21.1945968850528,17.2433454316892,24.7637098611249,17.8436615234299
"kubo_14",17.5709785610733,19.4624425615049,16.6785705599207,14.9683162695802,10.1812911406704,15.7904444255529,22.7008055109716,19.311979784995,0,23.0083610878873,18.032042136974,9.60015590585476,22.4017249996773,14.1087558604857,18.6393574991546,17.6600676549864,19.054259290443,23.2822986383709,15.503327066661,16.3364132701487,19.0222294383597,18.4037663795526,22.7516469994615,21.7951072891948,27.7299693319701,15.0991779274938,18.3775937887047,21.7546792181041,15.2920441290859,15.1831782471974,16.1664834938578,16.515200474551,15.4314706619569,13.2556895815787,14.3361684618623,21.036140456763,21.8575520140291,13.0039912632412,15.9475432601827,23.1003717298266,14.5473899914812,18.8522881656543,15.4254190052654,19.5425009309012,18.9725176884113,15.819955374727,14.6705182575097,13.3087632179806,17.9849116394216,14.5581833034553,18.0317083860443,18.2080486183212,19.4426320044493,15.3977134581213,12.586065963205,20.1801975946866,17.6925657929693,15.7932704689962,17.1049475268345,23.161752860038,21.7277174051623,19.3098013032619,19.0683129884104,20.2045583996231,17.6022007636175,17.8644284450105,18.3664624647963,21.4464593492572,18.1457614255491,16.5579247958666,23.6304103945486,15.4465746389682,17.4070351223039,18.5877144854504,18.7723099992136,18.1040929141622,22.8959975675227,17.8892222020107,18.2403721854255,16.5403779703582,18.557203381025,18.8296700425203,17.1059135774098,19.260071622092,16.0395854139187,15.5062357322742,18.6302237751662,15.0009867324471,16.5400084948278,19.0896221315563,22.1928811219016,17.0256972287088,18.2294809708021,15.5072124066267,16.320452575919,14.5630773880643,22.7425473331726,19.6188794094547,17.576588450534,25.1539534914611,20.1407577413876,19.6697948805233,20.4233186494451,17.4012071087508,18.882165866633,26.2952682384217,18.0131041653078
"wolverine_14",19.8689256818106,16.1364672994079,18.7853650092484,19.6813986269046,21.1835607819899,18.9796344967224,12.6162811273373,18.9173202049625,23.0083610878873,0,18.3176378070626,20.0953287412738,12.5555843606662,20.7080588834314,15.9147671032521,18.6439115748995,19.1597091873796,13.7637746522477,22.6206994435778,20.2232594071223,14.7910699826268,20.1278195311734,12.0949029613501,25.4495328143988,24.9094591182809,20.7119972933811,18.7043711205191,12.4193652739899,24.1211614070268,22.2091105184349,20.282398182866,23.3232101073633,23.5037668858195,21.6900022520093,22.8112682765093,22.2565182302791,14.4892941845492,22.0684862233274,20.9937249917556,15.582052757929,23.4088607350934,19.6491959167337,22.1341682068057,19.3642658204193,14.9694678922508,22.0153291267791,23.1441493621532,23.9384723592475,20.6426201198988,21.7740526769881,20.6698345272193,26.2901512582579,19.414266997733,17.7258175402443,23.2023793326704,14.4622409957245,21.573478104887,20.3043267916447,20.8941362778255,12.3102272087197,28.1376367698799,21.4642537943461,20.9209700590752,23.6838264932017,24.1152800429944,20.4721934304806,21.345592044893,15.8248099487613,19.0969375973177,19.3465739961736,13.8638166164966,24.42409729512,23.2223005613654,17.2712587678149,21.159062562969,17.4467477990554,15.6287631128347,23.0716425583903,17.5698700510685,22.1923675161177,17.5803951531989,23.9849385969061,22.7317218343361,18.7308780370658,25.7069815323616,18.9542815298102,21.5841897416226,23.0575517089119,19.4941346237004,17.5190212432009,11.7385343575624,22.734606624834,22.5749775236373,17.8798471441999,16.9654093827654,20.8179949296427,13.9260315873119,26.4258907128349,22.2985051462335,14.6433371820556,19.5718905058695,24.479972465517,17.6740693109446,23.3275743532302,19.6161235432531,16.2250558649543,21.8632377119916
"jarjarbinks_15",15.3220322963482,15.7061122047971,14.7526496759441,16.0920220423287,16.1572662317003,14.2851885881463,20.503344605238,8.04834847134153,18.032042136974,18.3176378070626,0,14.464921073369,18.9549128537028,16.330254754481,15.5873801048225,12.3829237945099,14.4487736135884,20.1782361342796,18.6592174618585,17.0754117915343,14.5958720436292,12.4897107958021,19.5184816174391,21.6086582610365,26.3166530861458,13.1854812574142,13.3747184690661,18.7355825690272,20.8481100285563,11.4512851396826,12.9711018495438,19.8616429605159,19.794939493167,17.2552719218629,16.6113502610701,23.0651417978862,20.06921051387,18.1007634521382,16.2211898502024,21.0833571055859,20.3016581603499,14.2580901172324,18.9457743385931,10.7671725120545,15.5801575222741,18.6955153368415,19.2278468487672,20.2204453470953,17.7135597689604,19.7034209157788,15.516012285113,22.4950682181929,14.8671223203564,18.2703284417026,15.5793154383621,15.737253337765,17.4949635564644,14.2194548521684,12.7166652323885,20.3731592032663,25.082672054363,15.8813135446701,16.9435281198817,18.8742565267824,20.4030846446691,14.577786735674,15.7298813354112,21.0877735409614,14.1140884132914,13.5141328286135,21.6881852495526,20.7264765078039,19.8756172771451,18.0745422220263,15.0342815743904,17.6748281239187,21.3149726312365,21.3487919023393,16.1707925321765,14.8779663983983,19.0474828586079,21.9982833448402,19.5809761484194,17.869325107904,19.3601195727858,17.4590513635894,19.4149895125896,18.7546423120125,14.8145580334951,16.1312144082791,18.9377465299332,16.5233091445226,13.4244429261816,15.9726231982227,14.594481576306,13.924335364626,19.903672535145,20.8847148816872,18.9572827663138,22.6787260407067,20.2696985036615,18.7700979368209,16.78485363684,20.4982752786129,16.7188675366108,24.2503699867653,17.7490447243851
"kubo_15",15.5671972303968,16.5655391635391,15.5188893978748,14.6462505356769,8.08375489043061,15.3194528652595,21.2036333170158,16.357574966168,9.60015590585476,20.0953287412738,14.464921073369,0,20.4280328006109,10.9783082956935,16.6613132152687,15.6950513995707,17.3651264776565,21.5013707609669,15.6508690639108,14.5087725759946,16.0220734065658,16.3292131594751,20.6706012050942,22.4076751198562,27.3907276635457,15.1770708450563,17.0626051347767,19.495655755043,16.8053099146773,15.3348205286555,15.3242190553874,16.7063679356547,15.347177699836,11.3100251986595,16.3798994883881,21.5268824683609,20.5008405834876,12.3934577785832,15.3816200699638,21.2729368753956,15.9241090763514,17.0575761968978,15.0510556354298,16.9802351894509,16.6011718447856,15.6835281611149,14.7848103739431,15.4148785607149,16.5722500915141,14.4219238426341,17.18058466444,19.174456708835,17.7996815239438,14.223472669807,14.9353418986393,17.6818261405789,16.5722248520081,14.6719081766669,14.704894916436,21.4557859145255,23.0229698755597,18.3024759811538,18.3390110146235,19.5164631077303,17.4953224679133,16.153493569558,17.4292850769644,21.4496686304298,16.3613892458737,14.8947469429945,22.2075842424995,16.4068200546346,16.4208156457042,16.8536463038312,17.6595656657461,17.7777023473778,21.684195536555,18.2034347043278,15.7584864885607,16.3904563408658,19.0870626941733,18.9739533219735,17.0455004212035,17.7571073268313,18.0949765351178,16.3897633252844,17.6320996177497,15.5101419818453,14.7116722189916,16.2698748594907,19.9226814097773,16.8171366056783,16.6648789245054,15.3873453926852,15.3097433517082,13.2388687850066,20.9181710836933,20.4442499266598,16.2777191213128,24.1001367590899,20.1904200441326,20.5122644347426,17.8021156606013,17.1274909826681,17.1140063263569,24.3765069852602,15.7214226088702
"iris_17",18.9381347972609,15.6064813854371,19.7488549268931,21.751502705373,21.2472544736693,19.7700530612256,9.73763719014428,19.2927364805824,22.4017249996773,12.5555843606662,18.9549128537028,20.4280328006109,0,20.9018331034932,14.7018480605018,16.9963577766108,17.9118087748056,9.18388090904393,20.6143834997398,19.5674469086114,13.2836120640779,18.7282856612622,8.61765005380967,23.5993536548793,23.1213903651805,19.2532396342114,16.9775736698312,8.83660783975062,22.7023739144176,20.605585621957,19.5377255162102,20.9030820364015,21.9343959067827,20.7800512853299,22.5482396538399,20.4054229138442,10.1643952355158,20.5360326657295,19.4426458965,11.0427559519275,22.0057196693293,18.3129092592032,21.7329418591861,18.9381552903533,13.4694291917118,20.1782307383506,21.2889964812769,22.1408130206171,19.6350842984546,21.7539369743033,20.7561099761188,25.474560771617,19.1758559876193,18.9712003626585,22.5365826564769,13.1333378063438,22.8713862720262,19.9898827880581,20.9783413519391,10.8079913041309,25.6465108422005,20.8166806252759,21.3541385623481,23.9711939646934,22.7471359682031,21.437082919024,20.2510684423188,12.310700636917,18.1270872840924,18.4936776008151,10.806215323907,22.7492850884076,22.0229136792935,17.9118941719737,21.162792382551,15.0103001687728,12.4403837918212,22.2822391047492,17.1850418483344,21.0515221184817,15.9564599136075,22.7264066122674,20.5300117274944,18.83163868817,24.7329149830363,17.4409317324397,20.0703789435815,21.2145984037785,19.1515867912806,18.6144859950187,9.41406110461009,23.2359153663538,21.0020096646264,15.6370374266646,15.2139414986144,20.6216351299051,9.03354256882377,25.0980207576425,23.0441629348267,11.9172076331603,18.2558370833173,22.7930144579164,19.1594746989992,23.0877052719516,18.8291583699257,15.2896392836164,20.7665932192857
"kubo_17",14.6981686208325,17.855895297177,18.393467581587,16.4743994813601,15.5201795450459,16.4250698320937,23.0631442409619,17.1939782737428,14.1087558604857,20.7080588834314,16.330254754481,10.9783082956935,20.9018331034932,0,14.605183431575,14.9592865287803,14.944945058947,21.1957201471153,12.006017336903,10.3511895315628,14.8087545825378,14.2524339273367,21.3568791857541,21.4627985742494,27.8361110802397,15.4721508633193,15.1218565927052,20.0774336134073,13.5478989301834,15.3705549905707,14.5438459396042,12.3240135159382,12.0259395780297,8.98929707825528,16.182744727632,19.8959380540099,19.7982160311901,9.26339596979959,17.0065479593662,20.5146399438128,12.4342902164716,15.9917171817178,11.1691046923221,16.2545520958576,15.2333523442067,13.8524017537277,10.8493781064135,14.2069146465124,12.2666146618967,12.4919675224395,15.7956556207039,14.8037608011245,16.3104775852385,17.0111590521111,17.1044103141247,18.4419603188672,16.534115255793,15.6755309317206,16.8877692765584,20.8244772692609,21.2631433217968,17.8393684155368,18.1883528323358,20.0749261746965,13.1975765331611,16.6606392188878,15.4419955226946,21.4436162927327,15.4210403489329,14.5015683120554,21.5670038184762,13.6503761836968,12.6365746076396,17.845374701143,18.3836523371862,17.9789430431681,19.6360695937152,14.1403339450604,15.6430485318849,16.4106025607902,18.6988351499686,14.8003728803531,13.5163711197333,16.2730999989683,19.9710050969329,16.5773878137925,13.7704582774242,13.5326433238845,14.5626484891056,16.7524002871371,19.5926616610174,17.9163853722303,17.0924679721214,17.2036649932049,16.2008016518052,14.7455447822155,20.1023729843995,19.8788023646892,16.9255771392353,23.4024510699338,20.3869932635224,21.3247819674677,15.4225786365262,13.7456605774527,15.4402133114767,23.276253758076,11.1808637945974
"wolverine_17",14.2394086682261,11.571931346349,16.0434063194271,17.3009357999006,18.5830530464538,14.7093517138347,17.4864385078759,15.6115908078504,18.6393574991546,15.9147671032521,15.5873801048225,16.6613132152687,14.7018480605018,14.605183431575,0,12.1510169616481,11.7143366999499,15.3579918976784,15.3506178004548,13.0839539995477,7.08580369110161,12.8686077245491,15.556333222785,19.3856407999853,22.4139149873772,14.9893463686587,12.3635831420619,14.2929363208063,17.3548861381849,16.3416084967642,13.9921635381166,15.4252827139886,16.2024856349709,15.0466449714196,17.3239710035922,18.4458300114626,13.0282864728001,15.4128407530509,15.9063748673146,15.5215195844738,16.5059173403871,12.8705611883518,15.6276690029847,14.4275564044634,7.13899843434493,15.4563630182979,15.3954800506673,16.9917817654667,14.2218725279704,16.593680622243,14.583843277596,20.6791451878601,13.7430652088732,14.8915364430701,18.8826815014517,12.1862043357578,18.2223721219659,14.9704039196797,17.542809732984,15.2865700197523,21.6840220339582,15.3849843126244,16.6541397518108,19.6589572918936,17.2672225238991,16.7310960041683,14.2389829002711,16.8099821360405,14.0104204616544,14.3200240440726,16.070254748195,18.3640222377253,16.7459457591396,14.1927453680015,17.1937820740528,14.2475104129971,14.4372437387203,17.4590067642335,11.6735468112225,17.2352179234656,14.3879235985565,17.4572243131951,15.3690159430598,13.4576911256123,21.3047737637579,13.7018036215177,14.9244012731721,17.4056674355102,14.4992043460532,14.1695413324825,14.0357119762288,18.8478349321457,16.957441197687,14.6288442833734,12.5651154914205,16.3072507554329,14.254454630429,20.5925613919846,19.5525615139232,17.8378053140434,15.4126477620954,18.2881826059351,13.9098793381496,18.1645140538052,13.6308007297448,18.9066667213928,14.7031380688584
"hamlet_18",9.72799617351693,13.992868256743,12.9604544793025,14.6552715930684,17.7108937400073,11.2170457453875,19.728489254965,12.7246617869757,17.6600676549864,18.6439115748995,12.3829237945099,15.6950513995707,16.9963577766108,14.9592865287803,12.1510169616481,0,7.553678085271,18.3802637099246,14.4652512537615,13.3557199617126,12.0021973680326,9.27169091724268,18.8019371896103,18.1254758895648,25.8675938972285,10.7479546010825,8.18374770049059,17.0590675987625,17.8761826023337,13.2662697684838,9.53908321945957,15.1298822495989,16.9578221887789,15.3706428155055,15.1543918874862,20.4047231104642,17.5051865531628,15.1736211481564,10.8953396900025,18.1283486483022,17.3306201527683,9.45119507926694,16.6404383802985,11.9126677410258,13.6675426060216,14.8190558655884,15.3354293665574,17.7273521083047,13.1715340049638,16.8647644551907,11.6721523370126,19.4677945621091,10.1266379068589,16.4858862795027,16.5742377566053,15.7175736470388,14.7060608803114,10.6186683029855,15.0134734263597,19.3765310996618,22.043359152951,11.8683196808342,13.4563427568116,18.946672704297,17.0700755472138,15.1232053206543,10.6201499127202,19.718910841351,8.70243007089132,9.4386581442852,19.3255666094245,17.5876425287778,16.86581805572,16.0825463685795,14.8255556774673,17.364055499732,17.8961518427538,17.3395760224492,14.0318212340213,14.4350235946942,17.6051738084854,17.2042198792647,14.8377915858165,15.2822128153328,20.3621203441815,16.5590631376729,14.4200724031242,16.7884821577689,11.2890022944279,15.6789676128571,16.860910681624,17.2203803565662,14.0212692339783,16.2990037923651,14.9016020587737,11.9465350990095,17.4589475861116,19.3014622686174,18.3152868546237,20.6496636624715,18.8535975374356,16.3159231154007,12.1599492244468,17.0961727100721,10.3558410280298,21.522094284761,15.4007712732691
"hera_18",10.4979616659882,15.0993401270963,14.6440424141721,15.8665478301847,19.3332544951783,12.3219545341959,20.551591113112,13.7796431974691,19.054259290443,19.1597091873796,14.4487736135884,17.3651264776565,17.9118087748056,14.944945058947,11.7143366999499,7.553678085271,0,18.3270074607794,14.5264969205291,13.0760177494407,12.5575141590034,9.72775098716682,19.2593155337313,17.699036420148,25.806111214431,12.4314952237907,6.86618641543125,17.434585781088,17.4631503848616,14.2567990743452,10.0330611498742,15.0001475009483,16.5003314928979,16.2584559448495,15.5924818638737,20.762846921459,17.5885474468574,15.8677370200015,12.8368750925677,18.5645279517224,17.0091207384303,8.25566815342114,16.1233543968141,12.3275809653161,14.2190706057449,15.4931065933139,15.6523051421875,18.0683852932106,12.6336401097026,17.746017588689,11.0001435379382,18.9094813620453,9.60932410698592,17.1237235531252,18.1090394779843,16.6193984397981,15.4613482496952,12.1120271875707,16.6561857442299,19.0740097338353,22.1705797021726,11.6694492525188,12.9810936816106,20.016507012452,16.2626490505733,15.9234904953469,9.71144617851745,19.6753132441995,8.77734944798649,9.79537281699266,19.3393340223307,17.704378346636,16.2184012510298,16.0843069882341,15.5358677002733,17.5619408341685,17.4307509108958,16.8443313457818,13.8075953288051,15.1402927749543,17.2539135817001,16.7503766535641,14.7263656209215,14.5654756145578,21.6677476207873,16.6686350974072,14.2474018364445,17.0881098447923,11.7402055257401,15.6071687137526,17.3519836958827,18.0774742368971,14.5385334357037,17.6985920510704,15.9674547111985,12.8195688939735,17.3549688460334,19.7182548075513,19.099141829124,20.6738372844055,18.5984374643035,16.7001900809109,11.4989869397246,16.7189433186234,10.1374774513187,21.268281249288,14.3874230404757
"iris_18",19.5839582723452,15.3695231855865,20.0223709436606,22.2805363555026,21.9365161555716,20.341084827408,9.58519096065348,19.9301266907149,23.2822986383709,13.7637746522477,20.1782361342796,21.5013707609669,9.18388090904393,21.1957201471153,15.3579918976784,18.3802637099246,18.3270074607794,0,21.3096797232339,18.8431282304233,14.4036196299582,19.1862345546427,8.23822903343464,23.35957370275,21.0994072614499,20.7950052629295,18.179521631969,10.6776059459431,23.6552266367126,22.0383535632289,20.1234717022826,21.7395445555232,22.2997686665343,21.3259856621557,22.9170494943677,21.0264144850346,11.1069889945237,21.3167943033497,20.3218855129671,12.7195724187781,22.7595559723278,18.041297182383,22.6582946625078,19.5806449777785,13.8959468007616,20.2887132493544,21.8985710775324,23.1030469929784,20.7245085332902,21.4406970036848,21.1581811832099,25.659212090154,18.2078604889257,18.9792683732785,23.5428752720023,11.8780270453152,23.5684882607175,20.3982407685466,22.4928342183066,10.697469308827,25.5075033793805,19.4950799133089,19.533844512729,25.0317102169549,22.4099544920717,22.2383094627066,19.7005099756975,12.8989953640595,18.5257457882603,19.3718832692879,12.3962943739046,23.5497526128865,21.852527458041,18.1590963055139,20.7297917000354,14.2019234059943,12.629124529952,23.0711336027383,16.9408643265463,21.3856257259036,15.1954211822658,23.3224112882344,21.3165235427514,18.1593625357505,25.644923201549,17.8199773152795,20.7552439468922,21.8597258270601,18.9522857442641,17.7507707765391,11.4922806579744,23.4089640306692,21.0184662735811,16.775476172331,16.0710781180827,20.7522465179832,9.2246675474836,25.1984011296642,23.206467287184,12.0143839002998,17.4807510851856,21.9901790352862,19.4618197866559,23.1588024177418,19.5185756892459,17.0204395723346,20.0838151343768
"jarjarbinks_18",13.4047187931463,18.7739950274328,18.8484602526312,18.6136406637992,17.979144237455,16.9214186944074,22.7542352150012,19.2721992487381,15.503327066661,22.6206994435778,18.6592174618585,15.6508690639108,20.6143834997398,12.006017336903,15.3506178004548,14.4652512537615,14.5264969205291,21.3096797232339,0,11.1811983082142,15.5394605400118,14.0651805659133,21.2772754986043,18.1488138242357,27.1715937890406,15.8388472518936,14.8525928860165,19.7863368044289,13.8871130972699,16.1691748660524,15.4172084177966,7.57592500379567,12.6363401955618,12.0450253714134,16.4734096478509,16.403304524704,19.25763244326,10.1591328758257,16.2941425488753,20.0372159039626,12.7633875064733,15.3634488461117,13.1332945406588,17.6340812438642,16.2735428761356,11.7330509010824,7.16300516786027,13.5551521428233,8.94674544453723,12.2035701675754,16.5773641421752,12.5620036275849,16.6826165708684,17.3734751242908,17.9443346741226,19.2803646813363,19.166360407909,16.5910365157639,19.0460513216488,20.9810446242629,17.4644144893163,17.6570171056042,18.8248498101404,21.6858832711957,12.2367694215413,18.7224679330243,15.2914339592888,20.820478400356,15.493225599653,15.4813747379489,21.6806312040627,9.339711533738,12.5332090112786,17.6759626065389,19.4431702879881,18.5814003653626,18.9319911559892,11.4108848544103,15.8136678496621,17.6191920251653,18.8601957822725,10.8250360476929,10.7757831531031,16.6406397955868,20.8273637598942,16.4334041938043,9.83421584082412,13.2283428328332,15.3717998535563,18.0394752086438,19.6865690562999,19.2740381245752,17.8224429502778,17.6887466542166,16.91011077457,16.8436272803671,20.0491212783455,20.4488424885253,17.6084759640489,23.1101045466519,19.9272312047473,19.6851768292989,16.8616442132311,10.1671440910527,13.772369121795,23.3529516735594,13.0476726217165
"kubo_18",12.5650246692839,15.3812035415664,18.0707108974076,18.4146891285535,17.2738228102212,16.7015975765708,21.2765537695742,16.9153637452096,16.3364132701487,20.2232594071223,17.0754117915343,14.5087725759946,19.5674469086114,10.3511895315628,13.0839539995477,13.3557199617126,13.0760177494407,18.8431282304233,11.1811983082142,0,13.4225039150991,12.5268474909496,19.7992226712983,19.2431971502383,25.8510634671347,15.9862436324584,14.1027526335779,19.160096701594,15.380227949523,16.4893267115375,14.436995104706,12.361234445908,13.609386092481,10.9737350229636,17.6932275899187,18.8199753271848,18.5449532752542,10.5528178348037,16.485584878796,19.6721589268228,14.4884271671668,14.050336311333,13.9940967891565,14.9832391124909,14.2004331728093,11.6131627079952,11.6771131878213,16.0175183006412,11.8848248811771,12.7920186994498,15.3418727603709,16.1387599894589,14.5916292897484,16.0115505067972,19.2572026012583,16.7714301644939,18.5945576444129,16.0910380233486,18.7716764854865,19.2966054986828,19.244462132046,16.1186399567432,16.6353079014587,21.6748393787528,13.2611898599238,17.8502878242319,14.4440686072457,20.4849432878095,14.386235816683,14.9134554422641,20.6352499807073,14.8717965481923,13.3737372934824,15.6715891234803,17.9064311063887,17.5900666186353,17.8972498630556,14.5113810311781,11.9697496751454,17.404542764839,17.7053603410568,14.523853080257,11.7954307941107,13.4558081816886,22.3597082528274,16.4359627460582,12.6341886971981,14.7950405053207,14.3994529201249,14.2463243287712,18.8656562717111,19.2698031099447,16.7727807166411,17.8697241839637,16.1422656153281,16.2103351577233,18.5169017157674,20.5034040072457,15.662828416929,21.8054628433234,19.0136923535679,19.3011778990081,14.9537525403889,12.9955292441522,13.864912625283,22.896267648129,10.9887212904461
"wolverine_18",14.7419515872619,10.0802997215858,16.1689913902141,17.9526502889275,17.8898096953181,15.6737950008077,16.5439394000304,15.1544784826308,19.0222294383597,14.7910699826268,14.5958720436292,16.0220734065658,13.2836120640779,14.8087545825378,7.08580369110161,12.0021973680326,12.5575141590034,14.4036196299582,15.5394605400118,13.4225039150991,0,13.1731943601715,14.6331123364495,20.6013740487441,22.7611975755548,15.5176172664678,12.974914085926,13.1863762213486,19.135718774634,16.5658176164255,15.0041772979057,16.1471328199879,17.5396039538328,14.9668972537497,18.4781699662349,18.9747422031818,13.3617072855378,15.425349297075,15.989970956972,14.7859173861622,18.0225009751849,13.6215764481085,17.2873577593916,14.412881023522,7.01699286762747,15.5734466127232,16.1924134115802,18.4147507808946,15.0466563043427,16.6402955287358,15.7548429911111,21.5832678914821,14.5228103547328,15.4423721643616,19.1595029620983,10.9564067480923,18.8148319240778,15.4310167897549,16.9458656225973,15.0084328346688,22.3257738081662,16.272616847354,17.5390155986723,19.9334120571839,18.4873796009396,17.065232588767,15.4305205313911,17.1164166723331,14.2261875103684,14.5607346587838,15.8191688626821,18.6779767025701,17.4931217760522,14.6899500583928,17.6683240155223,14.2648779265663,14.6610781041873,18.6669644393911,12.2268566652465,17.649017811443,15.0969243726935,18.7439784356982,16.6647348084974,14.1410256046748,21.4959088853591,14.3379673081595,15.7692562015649,17.9081971638209,14.8589516227367,13.9421667927776,13.2564691053315,19.2326697583522,17.026422672977,13.7033924536771,11.9751776291747,16.2864960248073,13.4407238097435,21.5456594697655,19.3925414691244,17.8731466841196,16.1733363894591,19.2257341008606,14.3350779655409,18.1989599987239,14.699026595828,19.0503317023561,15.5904789497425
