"","hera_1","wolverine_1","hamlet_11","hera_11","jarjarbinks_11","hera_14","iris_14","jarjarbinks_14","kubo_14","wolverine_14","jarjarbinks_15","kubo_15","iris_17","kubo_17","wolverine_17","hamlet_18","hera_18","iris_18","jarjarbinks_18","kubo_18","wolverine_18","ophelia_19","wolverine_19","hera_2","jarjarbinks_2","hamlet_20","hera_20","iris_20","korra_20","ophelia_20","hamlet_21","jarjarbinks_21","korra_21","kubo_21","hamlet_22","hera_22","iris_22","korra_22","kubo_22","hamlet_23","iris_23","korra_23","hera_24","kubo_24","ophelia_24","wolverine_24","kubo_25","jarjarbinks_29","korra_29","jarjarbinks_3","kubo_30","hamlet_31","jarjarbinks_32","hera_37","kubo_37","ophelia_37","wolverine_37","hamlet_41","hera_41","ophelia_43","iris_44","jarjarbinks_44","hamlet_45","hera_45","jarjarbinks_45","korra_45","ophelia_45","hamlet_46","iris_46","hamlet_48","hera_48","iris_48","jarjarbinks_48","korra_48","kubo_48","ophelia_48","wolverine_48","iris_49","jarjarbinks_49","kubo_49","ophelia_49","wolverine_49","jarjarbinks_50","korra_50","kubo_50","ophelia_50","wolverine_50","jarjarbinks_52","kubo_52","hera_53","kubo_53","iris_55","ophelia_55","ophelia_57","wolverine_57","wolverine_58","hamlet_59","iris_59","ophelia_59","korra_6","iris_60","wolverine_60","hamlet_67","hera_67","jarjarbinks_68","hera_7","iris_7","korra_9","ophelia_9"
"hera_1",0,0.100459680380757,0.265129037378652,0.188968550469311,0.248955141632005,0.0998545429880231,0.284791080316967,0.209359198950338,0.421491108536655,0.140820151982456,0.175519830430412,0.179530359113754,0.106503091329123,0.15796653434498,0.106979910040367,0.0806526114879117,0.11958447641086,0.174661324219424,0.173258865936096,0.0660051880581521,0.127009818500581,0.122448610133267,0.145921394869463,0.438794909379756,0.435733398882561,0.238503149166704,0.14717542114239,0.0905280367075852,0.241904677501037,0.274156947712937,0.117587579564984,0.13590368106601,0.185172720079747,0.138051814023763,0.487382318337297,0.229743494116472,0.0975068876829029,0.289060420130083,0.183869802128229,0.0978259858325342,0.143765965114225,0.263381007365122,0.161165760775729,0.171491647665427,0.177753457870645,0.156280297467905,0.333636918731095,0.178022083862228,0.340558441867281,0.149052787192544,0.374649833758949,0.0786611545041848,0.216155119263199,0.196858536258937,0.0842082390970547,0.438234169416246,0.11003260005536,0.152306111349402,0.0833135438481562,0.176706527954438,0.154187475264626,0.469877052562474,0.326093064928101,0.288569338668843,0.460609630630346,0.288733188309513,0.153924733355909,0.221318246015765,0.194698878829501,0.183218106023506,0.175959098276138,0.114168612891045,0.252089800401644,0.174609314894189,0.155928237508638,0.260092649132668,0.186526402059588,0.12360012351859,0.202902559172221,0.101891730341554,0.277734963190352,0.12263192580109,0.152479197243029,0.144294627277223,0.0983915384359157,0.533468476019827,0.23931039480321,0.136722667439959,0.26964074187018,0.144955368426159,0.111491425171123,0.10954390951845,0.242517447860522,0.280512043142598,0.330200239947861,0.20620372948893,0.172139522377347,0.178899679328843,0.321877967876158,0.208077511930294,0.297553661675173,0.15023183119232,0.479870515719256,0.202865545016787,0.162879523617291,0.0872774946310594,0.160441477549951,0.238528652874207,0.0961895830582117
"wolverine_1",0.100459680380757,0,0.259148575092587,0.150632232354445,0.233865728460234,0.0782713404794306,0.312819514803571,0.245465890734042,0.395852508294285,0.120785150320587,0.163539221875096,0.135474699863131,0.155245977911961,0.124039823861885,0.108158140438244,0.123055685001216,0.159341176022777,0.20683886915203,0.237183977542891,0.0913275292573782,0.0717601904631276,0.168820143945264,0.169597724173941,0.501057951535758,0.45880731885463,0.277701011751284,0.187213586371604,0.0712313641859815,0.286710061190653,0.291823205853791,0.117817115108045,0.188387488341194,0.215549125037518,0.128573815586398,0.476266589955593,0.302917034709755,0.110206900954694,0.288459267727221,0.180428845747862,0.134230144441065,0.190082914427801,0.259192251530772,0.197598494457797,0.183457536956684,0.203485370825396,0.116839961978136,0.344654494527943,0.170098648085488,0.330820232976303,0.149683573836972,0.353228885291892,0.106202655710108,0.243802225780507,0.241412942167161,0.0714559010117846,0.425996303570098,0.0674622628952271,0.156311218634215,0.119834823819585,0.162756360346481,0.181806228980524,0.528369561824109,0.358049516227371,0.31951893792364,0.446682513058586,0.346831082997784,0.161153493414343,0.257052424615152,0.230363047677568,0.232074001830653,0.222171692337344,0.158520767697484,0.27199917120885,0.227253291915519,0.205547163326674,0.295713278553489,0.202677237906245,0.130044289510568,0.243360896877626,0.156716003395769,0.321634470982621,0.137311999789122,0.162823167058692,0.220088242722199,0.148064842700631,0.522464680289034,0.206431303458979,0.154156539154233,0.33922170071243,0.131057339942348,0.135738916039626,0.110012228844272,0.240582152028698,0.305691794443401,0.306844112055383,0.171181370503992,0.194547125499422,0.224728761779767,0.358020148269943,0.219278338719768,0.346896971127635,0.0968020687773586,0.512197520915604,0.164816192989144,0.198284599569604,0.0834697865602719,0.158397716964119,0.288240939759892,0.115653880343634
"hamlet_11",0.265129037378652,0.259148575092587,0,0.249980158295241,0.154592848226949,0.231650824407915,0.303748657035097,0.286721802051216,0.391848218941568,0.264392926428476,0.253495003757806,0.284821264406836,0.285487427609457,0.301349463898806,0.271330283803197,0.26254061065421,0.276267424262863,0.2984893890045,0.298909454053251,0.266981649294406,0.29399583039531,0.276026884544177,0.271723732043988,0.468847698337437,0.44337468751531,0.293940388329023,0.295103264420867,0.26057059104227,0.32583888958529,0.294222786204259,0.262722135222764,0.313512861332621,0.305261723896779,0.274572664504361,0.472126111475328,0.326160631032855,0.282249133028965,0.324992133453276,0.300246829392615,0.231667910572896,0.307369119750042,0.336939547584598,0.287073995000871,0.293038396955159,0.268060660764863,0.300034382836234,0.349698856780127,0.303970210384529,0.378668165903532,0.323207451528933,0.38726789656483,0.256120558778249,0.32045130807741,0.293755015045218,0.246227176221373,0.419840121369907,0.284865627232735,0.265383528143836,0.243205983227861,0.261221971769984,0.270534574588972,0.511028589186723,0.355943858352775,0.32228813259061,0.438923468902588,0.361190248878034,0.248776054941491,0.304175534561031,0.301019062708328,0.299303506809528,0.295737888787444,0.283289697857487,0.326168532602235,0.310546476128457,0.28794637082972,0.310272326718508,0.277887963916903,0.285969609989803,0.337957734712964,0.287196469221008,0.326835059665258,0.264970687522837,0.32999302715538,0.332182572228231,0.294020356720568,0.510013563720871,0.353020065036158,0.322022851848279,0.354896897853479,0.299459704504565,0.281390040109237,0.273519040463646,0.269985655176968,0.315067413880143,0.334718670707079,0.341647212326827,0.260649976672093,0.323560797188879,0.368349330411002,0.282195113995535,0.366224149260805,0.285592104278154,0.485833245046145,0.364417961936198,0.290699760584409,0.277422054668321,0.319195010635291,0.331015082774852,0.248543910088062
"hera_11",0.188968550469311,0.150632232354445,0.249980158295241,0,0.207898456325464,0.113440497125428,0.358421457842583,0.285879197986589,0.345272761673642,0.178573523452043,0.199959884716004,0.0748937446587328,0.23810183405823,0.111838945661216,0.198581754983679,0.220100531043692,0.237931657470534,0.292519751360782,0.275425253340405,0.194100862231739,0.167982682584243,0.248362255128835,0.239050218955168,0.522937587263895,0.498997272459635,0.277767298257559,0.24234959339257,0.179710999687928,0.278103523731117,0.294112042301562,0.14648287104421,0.243997084295924,0.232999562199383,0.163261400430214,0.427597539261212,0.330328286882999,0.209505704278094,0.292897499964813,0.193686885501955,0.195931310163717,0.272639551634157,0.25160082649051,0.271853707225261,0.173738428599661,0.249405960768647,0.186300550880942,0.372482695175815,0.175330345978117,0.285294332823762,0.211000628489035,0.344944551086834,0.16718931669772,0.254709962785737,0.292783430883714,0.143487633244993,0.399655073504689,0.162516743207365,0.15625751416015,0.151444829736467,0.15084167312733,0.24491432075489,0.544581288599809,0.415973779592775,0.378897943906185,0.396688928618654,0.354741125825921,0.150044087269015,0.321136243847218,0.291266388385542,0.28408316273673,0.26485325443343,0.234798050572636,0.284383475387518,0.243807426757414,0.274463642017997,0.335109407860884,0.217719750504568,0.239421550138283,0.263554625510255,0.249015256569245,0.338368879067941,0.173005975526014,0.240539759284806,0.291580112312155,0.241547751609792,0.472401780706461,0.185036781045582,0.244738656257186,0.345261506604731,0.181409005016672,0.214512785534291,0.20405743637305,0.236921334458976,0.355995240782328,0.266381982508493,0.142341005525062,0.209510918841013,0.291705668812785,0.371115118031782,0.243212281289557,0.406953685559562,0.147999818746192,0.541965559201331,0.22300476469088,0.228074648463537,0.178516603105754,0.241876450255919,0.332914400200625,0.176010676638809
"jarjarbinks_11",0.248955141632005,0.233865728460234,0.154592848226949,0.207898456325464,0,0.213461836152169,0.286373480417309,0.234079871424896,0.302364849220335,0.250575527828742,0.228522147233703,0.187403612417803,0.255134838695201,0.245632937640256,0.272209362058309,0.23843001399352,0.240727711540608,0.261709483414327,0.20324803449138,0.229915706995149,0.283000614993027,0.246374257779465,0.258906636333331,0.448034766501342,0.405337621071186,0.186192121012651,0.253686524098206,0.254715842212085,0.199396803720893,0.193200979763363,0.18294840265663,0.226698554264803,0.184625813454613,0.179575741821524,0.401631292352711,0.244414283647943,0.277381221959881,0.228591090551391,0.21913674476381,0.205832717982096,0.290006454065633,0.230550690852457,0.255733444219444,0.198579762577593,0.241823866762185,0.310991184661388,0.282291769587601,0.21345966676596,0.303870498136853,0.28557724120124,0.315287445353203,0.21490733424082,0.197131081690173,0.255715849842409,0.222409185157627,0.344473894612387,0.270501153671564,0.207827769645424,0.194854573010997,0.16281608620841,0.248876313273332,0.460615027313778,0.337722315748603,0.300770523710899,0.367966026724175,0.286340706924529,0.152949721195311,0.2636975047547,0.235564226918758,0.263472989200345,0.243972830573786,0.251889411869985,0.211122218984944,0.195966975408527,0.233974543317086,0.247033442938695,0.193205098160072,0.273887212375794,0.244070464099821,0.243933460104405,0.256252351548069,0.174646225537101,0.262051225542919,0.282335447594868,0.239233321760113,0.440284336875311,0.275431497144811,0.282631847033579,0.254337730715855,0.283980813873142,0.222817934644826,0.257798400155766,0.153105723356222,0.280248875996396,0.266037788535345,0.266216709327013,0.188501856522431,0.273214898213104,0.274380159233181,0.179221451260598,0.323589144555273,0.227675662168653,0.464620587355984,0.371967462587847,0.184521484580349,0.266959502083319,0.283681251470508,0.287725033295808,0.226285817628895
"hera_14",0.0998545429880231,0.0782713404794306,0.231650824407915,0.113440497125428,0.213461836152169,0,0.309129189321856,0.242056227780338,0.369902623407378,0.14486272364121,0.163437952717689,0.126525635166665,0.178397171980248,0.136518396359933,0.11932167381698,0.129912934252777,0.165827609889813,0.235089993973287,0.227459650903268,0.112570363538534,0.117575128026681,0.168571068831915,0.187079833573393,0.474749756751629,0.456475252433139,0.240708716812282,0.191514375024033,0.100618192376948,0.262533224145353,0.263043120120956,0.107567400143332,0.182335185043654,0.209532667920054,0.135215048644452,0.454160168858545,0.282058082966261,0.128074455558729,0.274838804045033,0.17174865266869,0.122614906784566,0.208274791797068,0.250288788074782,0.210638756488342,0.17660039934028,0.206466345181196,0.131433799588875,0.329435111942003,0.171353126259783,0.311236998497102,0.171776116016262,0.34692684392915,0.0933643506252219,0.233306356307321,0.24387576206797,0.0608796564202527,0.401475216331461,0.116924737592721,0.120607089213613,0.0891432464938938,0.14316669122885,0.19969984407309,0.509695143569776,0.349606397959004,0.316995446378623,0.428377884921228,0.334027114416342,0.132892004601995,0.252085108103171,0.227910428916682,0.235355749474458,0.216624414222013,0.177919634843005,0.261108988042778,0.22385453175081,0.210837692660726,0.273873377029238,0.199705476412934,0.156258041624842,0.230982248720885,0.177473544172708,0.290971572554311,0.137269047214334,0.164747147918673,0.217436170291091,0.173940659981861,0.499688303024319,0.201647703352751,0.176229563352182,0.315950746913786,0.153557341225253,0.167226515398834,0.140557714698352,0.218412027036861,0.298806586082293,0.298405463602847,0.154739726089062,0.179917348631741,0.248156242156382,0.339848237266616,0.212732681982638,0.35623342585133,0.10849197961307,0.494867543164513,0.192096418406275,0.196067875876899,0.102744468994909,0.187311257520327,0.300101741501933,0.120696974891809
"iris_14",0.284791080316967,0.312819514803571,0.303748657035097,0.358421457842583,0.286373480417309,0.309129189321856,0,0.227825531941596,0.420863749790185,0.302409761366998,0.326106166152487,0.345127484328475,0.236272772991022,0.357117009524657,0.298223308230456,0.295791549269411,0.258178126568915,0.170291667342597,0.292295338380598,0.283887606283596,0.347951935294746,0.233717359793575,0.176857230622545,0.281302131126824,0.238285712679486,0.308334153237371,0.290797010246971,0.285440621812883,0.331100815775639,0.320393770507933,0.321969955449937,0.300068109986466,0.320905634191633,0.31325720177075,0.502672539730815,0.306766841117527,0.274392943082182,0.346137957245473,0.329833864286414,0.25779231759817,0.246385237277589,0.356276641979901,0.217060596369781,0.327298293795203,0.205875447573425,0.348870278274231,0.361520566932015,0.339970049873932,0.409500415700505,0.359013257431357,0.410265570141006,0.282856279200187,0.33138615737783,0.197215958377893,0.291231660700155,0.45251626428066,0.32998987858106,0.330585657016756,0.275666416440642,0.323982390337654,0.17809714460287,0.306658665660463,0.150329023385622,0.132351069633129,0.485066102167391,0.183960235623339,0.298850766584012,0.162659515616021,0.15873492940196,0.222874927069624,0.244392920695754,0.23022734764262,0.340683475216741,0.281425330436275,0.183405675993783,0.143123916046048,0.267921653807958,0.303888206946486,0.343271016286761,0.239607592405755,0.150373737177705,0.272670603175091,0.35273012238189,0.242989900200732,0.270777761478336,0.537577275428664,0.38735126019475,0.347090669133977,0.291893758605077,0.360503692054458,0.290902486748128,0.299271365449298,0.316557223583977,0.119267580509294,0.375520416552902,0.391143527215575,0.228329976758733,0.230883630469137,0.279582344689831,0.301701494184737,0.127855952442242,0.316428231484957,0.290367921732956,0.42512465920973,0.289407886035622,0.336621426136653,0.331311036948965,0.189942655080814,0.306059515565148
"jarjarbinks_14",0.209359198950338,0.245465890734042,0.286721802051216,0.285879197986589,0.234079871424896,0.242056227780338,0.227825531941596,0,0.428571874714557,0.202125487068635,0.159358073187611,0.281136193145089,0.173173670331548,0.249695727495343,0.246412521865935,0.183061804492746,0.134971230621722,0.143454211257902,0.231698147266934,0.1996648445821,0.273195729306286,0.126622256660506,0.164074794668307,0.38813600316488,0.355546310550307,0.221600485270891,0.141011039384215,0.265419991845063,0.249243831054875,0.262105071502467,0.220471428869104,0.231643718203129,0.250941798509732,0.213622385077498,0.491901778379798,0.274081062420742,0.265667295396473,0.316653214631902,0.268714423953824,0.17216344453316,0.207540720534155,0.312841601326056,0.103385010451643,0.257418223522313,0.0773590843865603,0.308661563357406,0.34487522170828,0.267993758459477,0.403463147877116,0.255691464110087,0.387724821657318,0.191039969131984,0.2606515378159,0.0832768532086593,0.25580237140282,0.438110317313617,0.261386812765671,0.196505342744564,0.175803984027401,0.190677757048146,0.152133157912114,0.430809372987851,0.242534876433274,0.195478330050166,0.460133082800956,0.252990889628749,0.190642193986267,0.150106157208229,0.159663702103233,0.0877812953625416,0.0813148136613264,0.183877385726663,0.288455953639096,0.215681711186169,0.144365697219436,0.140551090992175,0.240267417286041,0.267730786531835,0.225876412069352,0.166797140946254,0.159440790073225,0.199696157885594,0.274322346193953,0.168892973152279,0.176918842707464,0.539023129795386,0.363681241527479,0.251167008381056,0.257583551318372,0.25370347183366,0.18183491425944,0.237087608675287,0.224854963054292,0.174638396454704,0.367288727017243,0.344804579661536,0.104115099037477,0.141102442185516,0.249090637091946,0.213236264790662,0.217642150934722,0.283562572335909,0.393102275180742,0.372259946958479,0.217843928426755,0.260461445492736,0.254110038806855,0.172547268329824,0.164925859181438
"kubo_14",0.421491108536655,0.395852508294285,0.391848218941568,0.345272761673642,0.302364849220335,0.369902623407378,0.420863749790185,0.428571874714557,0,0.437117228773193,0.422227114109304,0.302493085189521,0.437328713531034,0.375701675392408,0.439705947043115,0.421734621084624,0.424962389220625,0.437109825409659,0.306024645575026,0.404488314459555,0.428520696706469,0.420907867123523,0.422414843269594,0.481581544161792,0.47274898143951,0.22670026135798,0.426923225407573,0.417974183740717,0.26318759323332,0.176261599181166,0.34820213674887,0.373440598205064,0.279058044827818,0.352700738387959,0.108966444152775,0.304829732792189,0.425782271740755,0.151703944532083,0.296641641109115,0.388778142888253,0.452325048885352,0.194739815766138,0.431438038813159,0.320489115912248,0.430066331398905,0.430774097075384,0.196570050584911,0.31564125235809,0.135375341842731,0.423703923464371,0.208273175379894,0.394498904255705,0.284147031933866,0.432868814688299,0.380522934983351,0.0878057097067989,0.410671490664533,0.381268428563624,0.379758781059575,0.331047046251377,0.418612202328787,0.435527333856621,0.428474371767201,0.426200127257981,0.116608531845846,0.387655154737532,0.330612470610546,0.420269791753331,0.40534426829065,0.439483286904142,0.422790810079061,0.428231960265056,0.215061161529257,0.332228090921013,0.40952901412493,0.402081686847277,0.288680165628914,0.434615000965786,0.401125569888215,0.420990263976005,0.402475022102489,0.361495326774627,0.39169690150409,0.431031951395042,0.417024430093406,0.152017790523311,0.242212944952764,0.426645149784159,0.234525811581853,0.411760000832164,0.410592773797429,0.42908384465308,0.224226082797993,0.419367999891177,0.12882962481811,0.296621127971304,0.378128973292302,0.438383902729348,0.224381594428811,0.308880678308497,0.456475419724654,0.348422279518596,0.51929228609602,0.471782422915731,0.332998785721284,0.415010395996159,0.441458279263544,0.434271230106597,0.424120436654865
"wolverine_14",0.140820151982456,0.120785150320587,0.264392926428476,0.178573523452043,0.250575527828742,0.14486272364121,0.302409761366998,0.202125487068635,0.437117228773193,0,0.11356779246321,0.164899082761225,0.140621710957768,0.13459940413511,0.158620156779588,0.155490138599296,0.179742398658934,0.202544324703223,0.2553926140931,0.128312487846137,0.140018560704486,0.189155708017222,0.163116061326801,0.516547371052545,0.469620524422004,0.296623513127199,0.181087442780922,0.111402294631367,0.272299131508487,0.304650670684179,0.155271002768803,0.220273214647054,0.229826561045573,0.14695713697636,0.509766413545129,0.311655505568529,0.146575162129396,0.318852709183763,0.206101223203615,0.167903177372663,0.192541600726828,0.291561052468119,0.213967946837203,0.184352367684482,0.182618570268761,0.175842461112506,0.355426237061415,0.200072518296688,0.356956400528912,0.157516397469465,0.385970470089789,0.130250801924581,0.253811085913752,0.22923887554187,0.136105189829019,0.455866697637816,0.129062912332144,0.138100685112929,0.135773852028652,0.153323452672064,0.178971754507337,0.545658933927023,0.376269303412596,0.327329939093086,0.474887953205922,0.36608456470037,0.149785403115717,0.282570100135864,0.239246242738728,0.212042512944718,0.205422066919971,0.151438108474722,0.291731614655923,0.238786080521498,0.218840651975834,0.304868551112146,0.221008334717369,0.147720240334657,0.21787343647383,0.18034790047079,0.322826791937779,0.150744254831236,0.214864045457244,0.237646386715188,0.171615324761788,0.555172746857468,0.26499018031215,0.180446000961988,0.348000416445335,0.169509566965165,0.141077810050775,0.109221556283953,0.247035704530617,0.322869800598989,0.340459069728302,0.234598371313617,0.195919341600308,0.215826496012504,0.371304772986233,0.222838471132896,0.325752482879537,0.169692874964028,0.530073760179179,0.223404388664851,0.213573476872719,0.137867075639593,0.148946050539118,0.292980380052552,0.0903656217465171
"jarjarbinks_15",0.175519830430412,0.163539221875096,0.253495003757806,0.199959884716004,0.228522147233703,0.163437952717689,0.326106166152487,0.159358073187611,0.422227114109304,0.11356779246321,0,0.195426988174482,0.189370253082635,0.165565684063694,0.210110464863199,0.169758947012264,0.194290491699005,0.237641122486587,0.238298982469353,0.165159892354124,0.196918025913192,0.20295362740999,0.225623578818426,0.503987768826446,0.477131307286368,0.26021515582626,0.187254210260677,0.181198300521579,0.252931796111211,0.26864975424203,0.16031865804994,0.232618922976164,0.224523035893745,0.164973136673988,0.493023244609067,0.306600466259717,0.214885721976446,0.304025716024489,0.225233504007181,0.180590604717021,0.236948565475499,0.28104813756375,0.218232139757621,0.193401799575549,0.152674713213297,0.235105499909457,0.344141102882818,0.207517913749487,0.351536941465323,0.186928557564825,0.37855566691495,0.15324468173226,0.24055952668739,0.213648514700326,0.179679340972702,0.433645117244487,0.190651841482267,0.125536829670415,0.149846580193937,0.117205384534047,0.205838934365272,0.538692530451634,0.361572582876107,0.319742252602962,0.45787649741559,0.353413457024678,0.133742761819788,0.262571136948092,0.240253647397312,0.211074724888983,0.183428317574431,0.194712399973367,0.279571251925109,0.234801816512708,0.241070477821375,0.278457730850665,0.219986083500264,0.196737877411199,0.183829819165858,0.210718980249027,0.297708690477945,0.169126337566799,0.234963754286979,0.261598320388602,0.19939887206362,0.539803684072691,0.303102626804451,0.21176143678097,0.333282593101648,0.189367748333727,0.167906674145442,0.162327987703187,0.209880343170698,0.292531839686101,0.328349693921456,0.271704488804174,0.165909512204995,0.230664269389709,0.353329506447313,0.209702732722511,0.344208191296346,0.214540178303848,0.516904449123154,0.292831375026836,0.204597540748181,0.181721239263861,0.20428269258271,0.282090389753395,0.10228854908278
"kubo_15",0.179530359113754,0.135474699863131,0.284821264406836,0.0748937446587328,0.187403612417803,0.126525635166665,0.345127484328475,0.281136193145089,0.302493085189521,0.164899082761225,0.195426988174482,0,0.21836560535523,0.0933231166654291,0.205393950134216,0.207022229134521,0.225768937940216,0.279095220765248,0.242735843681006,0.167654353765811,0.161843454209645,0.232489050332315,0.222479230397609,0.517658573925122,0.493228446614201,0.247671983940259,0.237996719120785,0.166543172581046,0.242628087269294,0.258355391082476,0.123238023021378,0.216942212112859,0.194261190517047,0.125927649830815,0.403415884187735,0.30586029379576,0.203413180628937,0.25319895293927,0.151143327137903,0.185458319095046,0.254600849071742,0.212368693108774,0.265428121448438,0.137444928393162,0.238143373242315,0.189224253023742,0.33733258207909,0.139800892777678,0.24690107719326,0.19359507222831,0.307819387844757,0.152393546854255,0.215033062628627,0.29065061183188,0.137022471599962,0.377093182062764,0.145460859078815,0.154717438393692,0.138608092405075,0.12010686867274,0.234963383250901,0.526723011798892,0.406481593616621,0.372086504159055,0.37242028146732,0.336592233755527,0.117520103666069,0.314721747260944,0.277504339865865,0.280258280097896,0.259373349522821,0.216110806531174,0.243802143389815,0.201909501174602,0.256903182257018,0.327783630711413,0.190838506491846,0.222660546084927,0.24859879533533,0.22815215720268,0.332978104418865,0.153895818773188,0.217248418093273,0.271738127407731,0.224637825193038,0.449055695344393,0.148390629171864,0.226444477583884,0.307009360826514,0.17758246361469,0.199633362267116,0.188902945756193,0.207587118875788,0.346595229672657,0.233681503219002,0.118182855622828,0.204980073917943,0.28329270293137,0.334719302234719,0.211571125010493,0.394255980235394,0.124851117096971,0.544215524244962,0.219010499852101,0.195661846146155,0.169239457408202,0.228049677997888,0.329887005795546,0.160918514332414
"iris_17",0.106503091329123,0.155245977911961,0.285487427609457,0.23810183405823,0.255134838695201,0.178397171980248,0.236272772991022,0.173173670331548,0.437328713531034,0.140621710957768,0.189370253082635,0.21836560535523,0,0.18722781233746,0.146462371055077,0.100385781078606,0.0819120918522801,0.104256845986708,0.198864318116446,0.112649669725507,0.157858365906775,0.108195038191537,0.10024520946629,0.443613997875452,0.405038480234498,0.247321270452635,0.112541216837063,0.112485568854415,0.252494891982158,0.289698787046174,0.144156078246466,0.14413190452817,0.19522296816526,0.137402679573262,0.506716148427752,0.248603221642478,0.117448512696437,0.306094374447443,0.20390385838706,0.105650160029712,0.0861942492608243,0.275604893166257,0.129291292634977,0.178061331343856,0.151348142561307,0.209259283677047,0.345237244967242,0.192268057821347,0.36628935590908,0.155557512084428,0.393025377540313,0.116457591893157,0.218041335172273,0.170776831955101,0.16195532117312,0.452857007407803,0.15019704921607,0.171612534445036,0.125776617038906,0.188449134484661,0.107250982486758,0.467667495598316,0.317445020643583,0.273871494617708,0.47739531758755,0.2792124960614,0.178047265061681,0.210709914379429,0.146583651407232,0.140185031867608,0.139994907238077,0.0480928636597799,0.267303348879185,0.172430128170179,0.140626161651272,0.238089826934393,0.189640680779983,0.114004739254875,0.198297962401579,0.0850375254339009,0.249459123055609,0.125856251005212,0.175796374221016,0.137240733982438,0.0808212021019201,0.546668869295622,0.282378824629485,0.147298253130523,0.266260916261808,0.170125292757164,0.101653710233565,0.0901244342796288,0.256146567474821,0.261108264615708,0.344266231653344,0.256076704680059,0.147270134350749,0.103882127958111,0.303944721480151,0.204710899009948,0.235496747334889,0.187039581518761,0.465051722975313,0.251380626809886,0.171822408939196,0.146938776877642,0.134478138178104,0.217684974555394,0.116423422757405
"kubo_17",0.15796653434498,0.124039823861885,0.301349463898806,0.111838945661216,0.245632937640256,0.136518396359933,0.357117009524657,0.249695727495343,0.375701675392408,0.13459940413511,0.165565684063694,0.0933231166654291,0.18722781233746,0,0.168663504382342,0.174378445043989,0.193615199249988,0.254719742444763,0.220718494342377,0.12702523176802,0.127774002447117,0.210407726685217,0.21661762649585,0.511272410457243,0.484923459330656,0.273418345755911,0.196959699971077,0.149258119975167,0.23363782538437,0.279392745136268,0.117981594232944,0.181111663416602,0.190279314782409,0.102681651360357,0.441427610388526,0.304122866113639,0.180833043594976,0.260496009774313,0.140439433594355,0.188611356047314,0.228689469831443,0.212795491307793,0.23657937233478,0.130364883716154,0.217004336528033,0.15872276357359,0.336845358537369,0.117894883330525,0.287203377854649,0.134517872942698,0.332719202412299,0.120578756197284,0.204900235062567,0.259962631302592,0.15328637729213,0.402020294228078,0.131844958501775,0.122414373555572,0.127732731059507,0.127958600169834,0.218317045863453,0.515369059863922,0.400257715058826,0.360863283491667,0.410771696999532,0.313230455555279,0.133369754878756,0.284854685405083,0.258719505382593,0.237748904083048,0.217783290091481,0.187094589297149,0.237163776888769,0.20041511822201,0.257024826630348,0.316918630956833,0.189966781234168,0.181178034871262,0.18876303634112,0.201460900341341,0.314827218761245,0.133462451740876,0.169180128003691,0.239059224589762,0.188490884017011,0.490436550548446,0.181745495037958,0.179299318412318,0.315421662966946,0.163700848103728,0.170915616124107,0.151453321674576,0.233470970879129,0.329348706171018,0.273475519770512,0.159681829611749,0.191934950539461,0.242674651537171,0.34739217850456,0.218529624779923,0.370478058122282,0.118618511495484,0.529435012701739,0.215145271035278,0.174514011799474,0.13576023954887,0.184621019953126,0.277757679413386,0.130643090076703
"wolverine_17",0.106979910040367,0.108158140438244,0.271330283803197,0.198581754983679,0.272209362058309,0.11932167381698,0.298223308230456,0.246412521865935,0.439705947043115,0.158620156779588,0.210110464863199,0.205393950134216,0.146462371055077,0.168663504382342,0,0.123170657282383,0.148599386320678,0.196582973919646,0.240574841976736,0.104471405457585,0.0959412722340433,0.156379688440729,0.157899826172314,0.475395870193948,0.434151199074653,0.264700828090968,0.178888472076303,0.106775772920925,0.303527338355653,0.300622141408079,0.16405655736065,0.178910941376616,0.241378679335468,0.167890088333123,0.497536889163511,0.297626150973109,0.072063051099396,0.327145400965495,0.220282922224888,0.142228521353716,0.178634212574359,0.299259559971978,0.192895372703205,0.214259016197968,0.192998971749428,0.0890805220174291,0.357258556546859,0.222632329628433,0.353249171978134,0.206885429635824,0.400672233308217,0.109598160408148,0.27137969312473,0.23800400514309,0.118189208637821,0.451062608751089,0.137083927832782,0.210496596705883,0.133935758430023,0.222595903795257,0.18326086385305,0.503592765424318,0.344858326849252,0.316242069685089,0.472813320681405,0.325443537337216,0.187288609891043,0.253467373890806,0.232354541259665,0.218339897116071,0.217581441705706,0.157810148517622,0.310064745916634,0.224323223024536,0.203740187142463,0.295458016929332,0.190338757192811,0.147643014938593,0.261396500300996,0.157371409039724,0.314680063967857,0.152640534397547,0.207804061322473,0.209723599592434,0.156406768069384,0.539267113338135,0.241122088781052,0.192134565300738,0.332298955455269,0.195443267918269,0.164138596931192,0.155585242045792,0.282123663200279,0.294469456698026,0.339892407956783,0.19511720261802,0.212910903171008,0.223248045056938,0.343904271668412,0.256362035580091,0.332795493862047,0.154731643184837,0.482316528338607,0.186343631006164,0.224943583790832,0.129232916085128,0.214655863752253,0.279192847730812,0.137433831410081
"hamlet_18",0.0806526114879117,0.123055685001216,0.26254061065421,0.220100531043692,0.23843001399352,0.129912934252777,0.295791549269411,0.183061804492746,0.421734621084624,0.155490138599296,0.169758947012264,0.207022229134521,0.100385781078606,0.174378445043989,0.123170657282383,0,0.0734356364347505,0.174065026172677,0.191920184000883,0.0909717973593528,0.136062885970342,0.0890494363474462,0.175859952033469,0.458717324619941,0.446386906813446,0.208794934095828,0.0858383383061823,0.123717609325155,0.250835293572993,0.2633707158046,0.102727354714087,0.147075026859562,0.194398339810204,0.115918634342099,0.488215996723665,0.250870551340405,0.132271187268022,0.296615139648431,0.191704376461414,0.060981316156458,0.155504395832583,0.263356702692371,0.120912581196491,0.187613141709945,0.169367564098718,0.184700626664173,0.332684161737615,0.184847917394219,0.359661923464055,0.149306469770076,0.376294667360206,0.0890252278071717,0.217987659822024,0.176275363491174,0.142752814463051,0.434942418082345,0.133018576260927,0.145635767587828,0.0980172882170623,0.173311424263696,0.175284977109943,0.500435906590948,0.324192622324945,0.280851587243604,0.458650615184003,0.310000468364473,0.15911465269188,0.210105224136652,0.204567119307401,0.143274084414667,0.135094708657936,0.121651115473708,0.258986939836517,0.194539665130579,0.167614451579653,0.245065173163717,0.21220403879889,0.128561054514867,0.205896256366151,0.113414570568062,0.255214638127853,0.130085076133335,0.15496538121147,0.149975722819839,0.0909476061487494,0.533048628613872,0.273448875709464,0.11779876735714,0.297474431793834,0.106556250784237,0.0893512359847185,0.110084020154303,0.227851326229672,0.272201347089189,0.340544155835994,0.241459131232971,0.152562508417309,0.169055581146317,0.325926564260408,0.189537409933114,0.301749219988541,0.179068884127191,0.47747076396977,0.224397386917083,0.172320228664022,0.108349751184397,0.154505218979116,0.251793881336191,0.0837068097709169
"hera_18",0.11958447641086,0.159341176022777,0.276267424262863,0.237931657470534,0.240727711540608,0.165827609889813,0.258178126568915,0.134971230621722,0.424962389220625,0.179742398658934,0.194290491699005,0.225768937940216,0.0819120918522801,0.193615199249988,0.148599386320678,0.0734356364347505,0,0.133616643818343,0.19568056761925,0.120581462956514,0.169029557982816,0.0633228560235796,0.141401389040734,0.413814397382328,0.393790601798472,0.207689699407934,0.0693636918360606,0.159164670136137,0.252869042322253,0.270948577635306,0.130151129646114,0.142547896475188,0.190657576543025,0.12995290212457,0.489070741443529,0.251899913869157,0.163352291676975,0.297028026557058,0.210431307745495,0.0741318185967493,0.11915160942638,0.262620643393224,0.072607756832372,0.192130427028902,0.125661693747366,0.223480533286554,0.340417129133087,0.194850572776563,0.368210921145643,0.162417860731406,0.379488277295937,0.105092973639385,0.212998654163559,0.124442735324887,0.180819604122734,0.438086605567971,0.176236396022476,0.162616367100454,0.105719270659387,0.186822197270665,0.135734237835181,0.461464363850028,0.273986174801281,0.231957951480298,0.461675279540835,0.267667208496694,0.170471921697494,0.158295194265154,0.160960830426997,0.0964609046967107,0.0895430903879017,0.0893157580176177,0.263404052605135,0.167027575051783,0.127332067529687,0.198090184908804,0.209084890707706,0.154149820050081,0.201228771602199,0.078602355620666,0.207592837143666,0.134071791700891,0.171084606144633,0.122720807676799,0.0801537955600044,0.534165471635807,0.28233247480918,0.14418170064984,0.261245948959497,0.162763115387498,0.102055359653243,0.136709127558597,0.233498813000314,0.222891180041143,0.352788732641866,0.265836224865974,0.113244399235013,0.117107003231631,0.284598492843523,0.199355528968105,0.252133959972943,0.194593490967252,0.429915018362453,0.256085133743941,0.170841915352074,0.140023444479087,0.164642889461975,0.204959368596142,0.114850503756799
"iris_18",0.174661324219424,0.20683886915203,0.2984893890045,0.292519751360782,0.261709483414327,0.235089993973287,0.170291667342597,0.143454211257902,0.437109825409659,0.202544324703223,0.237641122486587,0.279095220765248,0.104256845986708,0.254719742444763,0.196582973919646,0.174065026172677,0.133616643818343,0,0.21447733205271,0.166140056737671,0.227290521172056,0.11896895004059,0.0646376974204772,0.364569075845659,0.317221330729103,0.260012796551817,0.170495032621118,0.18462288186656,0.28015036925735,0.295542401314077,0.206700815171591,0.188886948808331,0.213043313649667,0.196103807418029,0.498492293188113,0.256694897361817,0.175695438316583,0.317612167430076,0.239176486460034,0.162855987195473,0.11225306327391,0.287723262454536,0.0901297832717799,0.223018363446922,0.117868920049703,0.259105141420819,0.349384927685837,0.234783977629448,0.378936808021176,0.238484328993793,0.382442465603833,0.178450894928486,0.243821583522435,0.109773588742035,0.215531148820871,0.451068533443547,0.215874412084797,0.231625528237411,0.181025939942905,0.232645722637526,0.0806310584538358,0.388918641514136,0.232067596436095,0.193605489944174,0.475953590897841,0.207126394934156,0.212748071237867,0.13753225567016,0.0845893887030203,0.112419004902449,0.140367651623406,0.104310643547628,0.287495850074641,0.178032547601214,0.0811462094863597,0.163012885664532,0.195797281328133,0.181662796776767,0.245218277205972,0.112403011053558,0.187674707231193,0.157420277611534,0.234249179374696,0.126902323070592,0.137743129099761,0.540713201078971,0.312958943576354,0.223009094511729,0.250221723548936,0.238699861662747,0.157138932533927,0.177646667143366,0.259975393477424,0.183304852662642,0.3575644761541,0.305422896409051,0.139407936579351,0.0903165617702018,0.248297374755857,0.23585711737482,0.167181925191934,0.222773681099576,0.382952057206242,0.302676288570364,0.189232771324265,0.221238862509186,0.206923183043123,0.147242381308645,0.197434505572738
"jarjarbinks_18",0.173258865936096,0.237183977542891,0.298909454053251,0.275425253340405,0.20324803449138,0.227459650903268,0.292295338380598,0.231698147266934,0.306024645575026,0.2553926140931,0.238298982469353,0.242735843681006,0.198864318116446,0.220718494342377,0.240574841976736,0.191920184000883,0.19568056761925,0.21447733205271,0,0.173749380559366,0.265255881726121,0.200543267761163,0.227456019116718,0.402319640019973,0.4050150357938,0.138329832784199,0.206677042078928,0.228058398926525,0.122783299168359,0.164796528839595,0.177987615482832,0.129346786673618,0.105589877770752,0.160371745839301,0.377231911323463,0.0929565492473977,0.22801080061962,0.166513714482909,0.116048268466354,0.187604090610335,0.227774736020017,0.14327080719475,0.207677355073799,0.155101233054661,0.231897894201793,0.290790097848504,0.178561484023667,0.121660143294572,0.255074000225336,0.221735936256493,0.21326030197066,0.176081516477272,0.0907352301094472,0.217233210520892,0.218090523909209,0.33147635172163,0.253269653530104,0.200296960763606,0.174727385412311,0.179603361434614,0.210719915769111,0.343911197978989,0.323141742498863,0.290748827687091,0.348746295535718,0.237186754491581,0.165409792076196,0.211266430006261,0.189986869356187,0.216246917431942,0.201332164520924,0.192951043125662,0.123427988712346,0.134579615755541,0.19702561403785,0.247800958301557,0.135067313957809,0.221650608321581,0.171584296844833,0.18053452821023,0.253609259444294,0.148947166101813,0.190200692673692,0.196102016950023,0.16743615450837,0.422803870542156,0.224026892044747,0.212349040846766,0.167092321210128,0.256187034854118,0.174230884660719,0.216358219539969,0.144408267727216,0.271025355583183,0.240641485651711,0.241694150890427,0.18084186954697,0.20667913163724,0.21906496822949,0.0881997779537602,0.292386575734734,0.224934255748196,0.460939726465088,0.347644400013739,0.0943830537758686,0.226566453978709,0.236893361028936,0.219889897744881,0.216921497882106
