"","jarjarbinks_15","kubo_15","iris_17","kubo_17","lambchop_17","wolverine_17","hamlet_18","hera_18","iris_18","jarjarbinks_18","kubo_18","lambchop_18","wolverine_18","ophelia_19","wolverine_19","goose_20","hamlet_20","hera_20","iris_20","korra_20","ophelia_20","hamlet_21","jarjarbinks_21","korra_21","kubo_21","goose_22","hamlet_22","hera_22","iris_22","kubo_22","hamlet_23","iris_23","korra_23","hera_24","kubo_24","ophelia_24","wolverine_24","kubo_25","buddy_44","franc_44","ginger_44","ivy_44","joans_44","marshmallow_44","buddy_45","franc_45","grogu_45","henry_45","ivy_45","joans_45","marshmallow_45","buddy_46","charles_46","ivy_46","joans_46","marshmallow_46","franc_47","ginger_47","ivy_47","marshmallow_47","buddy_48","charles_48","franc_48","grogu_48","ivy_48","joans_48","marshmallow_48","charles_49","franc_49","ginger_49","henry_49","ivy_49","joans_49","marshmallow_49","buddy_50","charles_50","franc_50","ginger_50","grogu_50","ivy_50","joans_50","charles_51","franc_51","joans_51","buddy_52","charles_52","ginger_52","grogu_52","marshmallow_52","franc_53","marshmallow_53","charles_55","ginger_55","ivy_55","buddy_56","franc_56","grogu_56","joans_56"
"jarjarbinks_15",0,2.02547554537203,2.79247523141713,1.16133935451583,5.02709682494736,2.21615941628088,2.38503298189132,2.42138575365907,3.09319224152078,1.6039986501228,1.61091905181962,3.51900066599448,2.00167055483989,1.91283920136344,3.01097674685827,3.23133687213706,3.5595525818247,1.84104184108508,2.75266325789376,3.13211889492048,3.71831262899362,2.19384649136477,1.17837207736605,3.05685380956715,1.35392395832723,2.75632879139942,5.01859788604199,4.0504006976909,2.91714776069877,1.25973247914949,1.68102160916755,3.92767557040043,3.71988637033868,2.3090195217992,2.57297414107885,1.32215701633239,1.86659392338989,2.4271266092677,2.72267882337802,4.98755577482517,2.13116799202844,2.2994212609567,3.41262192547194,2.65197400823314,3.23706952277308,1.97869219243116,1.74047800034553,2.41996833554694,5.38464221608,3.5614182197572,3.74280565971689,2.66375209651119,2.76151591911575,2.98363176841507,3.3358037198933,3.11655738210792,3.12180267650001,1.56373452706319,3.26575397145978,3.16218319744145,3.35252432795508,3.35807244473441,2.92014803550318,3.80835942599552,2.32269743355826,1.8345391816072,2.72457143400655,5.39238347779125,3.09015359342367,2.97510788453705,1.98811893959077,1.76933321658221,3.51312423016024,1.83362081108642,3.65711439153556,2.87274719462512,3.94637500781262,2.67136100919219,3.76814289735881,3.54001170005374,3.00447895005057,2.40383813707758,3.48826180858923,3.16193930445563,2.84850029728529,2.26347037954707,2.65948461526289,3.5300298401025,2.42907387295575,3.51679220509106,4.01292082647353,2.17236573071996,2.57828807670474,2.21332432621309,3.95946928076077,2.22923078792758,3.52742754477164,3.25879016483287
"kubo_15",2.02547554537203,0,4.18322896183737,1.28590864934619,3.32204636346656,3.87438865621763,3.89238210590767,3.96896432915298,4.36205675946288,2.61798294530325,3.2269325780444,1.94954770541514,3.68761632538404,3.49049759824841,4.34782485075197,4.65956532306425,2.56301242556552,3.34576978108709,4.28462874357492,1.38988204105684,2.39319378427303,2.07324308102586,2.06139662526283,1.14436274960044,1.18668520509516,1.04342306845536,3.42031984248959,5.36903645102336,4.43063611516321,1.59064703118626,3.11007127958283,5.25350098911792,1.83583128172983,3.86296934885915,0.593636257514926,3.00548389937195,3.6242711891913,3.82209393624599,4.19171012007111,5.82539038372837,3.80276204871228,3.53665187998825,4.81896216593502,3.92601200132244,4.6690945619767,2.88850064328716,3.33349687748726,4.02092581406165,5.99625621498306,4.9655946883783,4.97905508611513,4.17711123185695,4.28434920587496,4.46524267696196,4.77822859393148,4.38448672352509,4.58368917706378,1.02284444807936,4.68246844798865,1.36505145241441,4.675070874637,4.34330981424521,4.4469265549213,5.03096193406881,3.93661759721076,2.99629724387218,0.932621590776651,5.9152600013198,4.59320189886938,4.4489748655673,3.60014955993096,2.84729508878117,4.90550998972858,2.17270255041034,2.57144450746556,3.99489341312788,5.32460161815539,4.19501777992326,5.0049967439361,4.98428398425393,4.51361638459432,3.69242983564948,4.92310054484903,4.61014140987563,4.32289827879206,3.72498552090134,4.18284898817344,4.79740059096462,1.17440556777694,4.9183618468246,5.20593156666234,3.67868935735748,4.15561960022229,3.79705441848334,2.62608786403806,3.86326889487913,4.78102884774571,4.72974997554923
"iris_17",2.79247523141713,4.18322896183737,0,3.43999320288713,6.77073892714167,2.74046976874563,2.73885829028448,2.76545728219544,0.619265809382942,2.81717259627123,2.39632858782993,5.43942068539017,2.30095777623448,2.27008458292756,0.456039974013526,2.7324566508528,5.55849388881613,2.47808413629366,1.07637330540927,4.92453262767815,5.73139535415855,4.27776155765508,2.81163678085172,4.98765773720652,3.38290393058387,4.40751213655066,6.92396604086938,3.5436789716434,1.61860649297959,3.08063629148152,2.592761294911,2.35443590836083,5.55446303173844,2.63129630685199,4.58023455027234,2.10052609776743,2.17984049133643,2.48426612579954,2.20725020971211,5.75350132140145,2.5510616377579,2.49883217997277,2.72212970742105,3.01312708338941,2.58785166951993,2.40919394306028,2.20299230680804,2.77724951753594,6.38463474212799,2.74805199736333,3.65151349728712,1.94248263488888,2.47053824072923,3.35144122839435,2.7622720248953,3.31405743271319,2.57282231528836,3.78905555720848,3.51073824347251,4.94142150616354,3.20908416634235,2.79993159078714,1.94949407185106,3.69047370053069,2.41423459023859,2.77879956161047,4.55092723126475,5.34236362808782,2.1739803603054,3.31665849297479,2.45180396484361,2.99123367419523,2.57484656673299,3.36456041282025,5.5391069755936,2.96203696045585,2.89534936850595,2.98699738168607,3.68525320772205,2.84606695876677,2.37273271511527,2.58639552260816,2.1999916054538,2.20859170807041,2.26932761752858,2.3094857807299,2.86368377437704,3.41975033024009,4.30189957053185,1.91356372534111,3.87343607603463,2.34482401737739,2.80456445304567,2.45739504326015,5.85917387131756,2.30322231969331,3.41137298260836,2.87191142412849
"kubo_17",1.16133935451583,1.28590864934619,3.43999320288713,0,4.42462730559052,2.73821174773043,2.79116809070068,2.81369347855849,3.72286470528725,1.6370670061005,2.08620409511221,2.83110351600892,2.60150976756525,2.45888259003279,3.63720576181035,3.52982696807082,3.10999619384525,2.33528805268951,3.30593195593605,2.31729737931082,3.22123140406902,1.87498204544018,1.16190736111301,2.3366413242248,0.963938590171735,1.92974830017668,4.43871235092283,4.26223652414111,3.43462376795282,0.976851910036758,2.05949713719683,4.3266965544851,2.97958030269494,2.75362028966447,1.7678307492458,2.14459321052831,2.50618800334063,2.90719615504104,3.21914651068989,5.13793219143532,2.64429747426187,2.42582704792436,3.72657694816431,2.91471933172412,3.55978555074238,1.88096739567415,2.33052512679932,2.84817943125748,5.51988152885969,3.84987629073294,4.07434837847242,3.13197148329264,3.18921109931043,3.28980422557141,3.6486954201158,3.38151339392807,3.45970916390457,0.581091162870225,3.44117437379991,2.38221518607632,3.63879210969663,3.75492952786098,3.33501948303678,4.12237097707413,2.75408675110153,1.86142812320465,1.97619728614814,5.62173347285636,3.47315567360429,3.32675107665156,2.46724762560336,1.63981558351326,3.83791855694189,1.51742372646859,3.15733477201402,3.25108456607127,4.23929973780354,3.0467706169662,4.09038969196861,3.85406810294835,3.36004226757129,2.83235552281761,3.84455188866072,3.57695105465097,3.28644249287858,2.74262764100617,3.0204307203949,3.87559861528662,1.61562105733204,3.93209661531695,4.31994473479302,2.67831630304913,2.98776379303655,2.66752379873822,3.3852777304888,2.72167141002697,3.89332762404575,3.56142873353458
"lambchop_17",5.02709682494736,3.32204636346656,6.77073892714167,4.42462730559052,0,6.86277396803268,6.86869927859479,6.93917126305501,6.76556771367948,5.57308406292709,6.14846804267195,1.75806811421914,6.60343351487118,6.27814178819595,6.86798270431902,7.60784468186809,4.21554712073758,6.32342595568524,7.10891282169319,2.75034811600887,3.45003802351029,4.83575049188086,5.05325998865734,2.54263901276926,4.25184302936356,3.14889241616751,3.33922236125083,8.31754907915012,7.34100220691448,4.61289805266454,6.10013083226375,8.09956984873335,2.04482624555387,6.83812522868597,2.9437200197081,5.72083767721638,6.54573957336258,6.64039661293847,7.09302001843496,8.27826700271214,6.74746058689653,6.56606375373668,7.78207018771538,6.88038041891931,7.62760990092816,5.78380589664041,6.24033593808412,6.99320538400937,8.23500779559505,7.90452582970897,7.83663769410501,7.0758697176705,7.27418983355012,7.4719716223553,7.7584841207833,7.30976008337826,7.57201920384495,4.00446781821775,7.55113290784281,2.77519944746384,7.57518410863597,6.25736721212334,7.37668549900253,7.87274769949245,6.91423046783121,5.97190241331878,3.11169197415365,6.88386291001995,7.53500036454206,7.47241137460634,6.56289079977984,5.74518364286373,7.85658268224821,5.13081806990077,4.10857900333444,6.13837156955466,8.2599556472087,7.18862932019169,7.86266841437612,7.98482772610046,7.47596763913386,6.09476895930527,7.81524853832058,7.54268875794282,7.28778553224978,6.37388543116813,7.11780955387259,7.65335136424768,3.39040657726723,7.76910394545507,8.03548723205433,6.57049530106498,7.15469194189511,6.68779034333528,3.7351259194105,6.74991077759473,7.61421703693493,7.73944407875366
"wolverine_17",2.21615941628088,3.87438865621763,2.74046976874563,2.73821174773043,6.86277396803268,0,1.34616673134722,1.18217181364665,3.27681160502521,1.9842921655016,1.35725645378705,5.29680323449108,0.827390238542329,1.79113241076618,3.02607186149951,2.04226425117957,5.30966739010131,1.42390459916193,2.09610529325173,4.97092462216359,5.70642565595737,3.65795351399818,2.16426943771826,4.94913735729599,2.9531813028754,4.49447249520071,6.96162033734612,2.61238007248112,1.94660403412045,2.65270231695887,1.49934728836764,2.99042943224072,5.63357994140781,1.2220464302969,4.41087060316878,1.98854286129162,0.830087636962428,1.95483993464095,1.76390119032352,4.88774201467652,0.614173736203481,1.6931009932908,2.2474524373639,1.7149124864269,2.151774154823,2.34105394999254,1.23979059601934,0.669299798306618,5.53542242645941,2.45496860192181,2.45513732422881,1.9198752408929,1.3535858930885,1.11509274842187,2.02298448906064,1.93902763337196,1.63613246562942,3.16780674149765,1.94044100048649,4.91812397384272,2.10418624998433,4.03515936776123,1.8228489777171,2.54687135735261,1.13723995160758,1.97320023955466,4.42895457020026,6.27422257088199,1.89075883404395,1.04604522117383,1.13353881237344,1.92321850110167,2.40994339963873,2.55851210409058,5.41035002414579,3.41342929219454,2.64445463828151,0.878702770830098,2.44118487643727,2.05690757090263,1.91810212213886,2.85271451267701,2.41900573671973,2.27843690770661,1.68820440136502,2.31858121431079,1.18413271707728,2.31465087850355,4.16740009580388,2.53996417051083,2.6910940693346,1.6029493268074,0.770212145614755,1.38950088825802,5.79800966550205,1.22378806436984,2.33027217378273,1.8777299800616
"hamlet_18",2.38503298189132,3.89238210590767,2.73885829028448,2.79116809070068,6.86869927859479,1.34616673134722,0,0.461043825884703,3.2711425102531,1.44119595796577,1.15289076019856,5.32889327142034,1.12616929736818,1.33425744478766,3.10259780112353,1.28335140009031,4.98229457924966,0.823736356473792,2.1865217351856,4.8280812798288,5.4549235395446,3.32620876880817,1.91195055003329,4.84640247823851,2.81964019286054,4.37959864224674,6.67966302726498,2.05664248786013,2.10127423686584,2.39561373954777,0.880206278549229,2.77422395049978,5.53358046319499,0.22937067316403,4.37579650491523,2.15720283716441,1.64334550505069,0.93225661256434,0.937880971244136,4.85390223090617,1.13213549789588,1.43898472254117,1.54850533793816,0.721902750757482,1.48431947603164,2.23386930753603,1.08789952896587,1.00195911062858,5.55812707059667,1.89884382229403,1.73362799433646,1.12394590193421,0.809203929550527,1.38050091967762,1.43190307485153,1.01572366608941,1.60326100616192,3.30543759872779,1.92162159571392,4.6967929933586,1.20216007779521,3.96731416279328,1.6020749125402,1.76123783021796,1.00885823732274,1.35705193368629,4.27950621955529,6.20933754775808,1.61781278386303,1.49433919718041,0.58686968931306,1.9916560827846,1.96355799969406,2.11459086599706,5.01558476943504,3.35239968078643,2.45004199260662,1.00889626661671,1.76195442194421,1.93493251012496,1.51503360673175,2.64711181043433,2.22556114188833,1.85756985220778,1.05982203040204,1.84120923079186,0.973489285621556,1.48068029557745,3.97164251966053,2.37288613016685,2.04958151981628,0.685540452253004,1.00308856961752,1.13867915301029,5.47433566228658,1.21806851818139,1.58272473801717,1.53573585497015
"hera_18",2.42138575365907,3.96896432915298,2.76545728219544,2.81369347855849,6.93917126305501,1.18217181364665,0.461043825884703,0,3.28691125956814,1.50270310363024,1.04203763701646,5.35644010159663,0.946721096664183,1.29003813473878,3.11852664945151,1.29070612991865,5.15790251989729,0.937550327217417,2.14389346314311,4.87763503371708,5.59019427194744,3.49335252073514,1.98055106128665,4.92982387412567,2.93500655478736,4.46387544883853,6.84030021456682,2.01998911616828,2.12252059657432,2.50622896437925,1.0107379181986,2.87907501909803,5.60155972808838,0.471569413451234,4.45327556315236,2.11837543893713,1.47638603427006,1.18568390038606,1.16505970802388,4.79525621262639,0.84584329039514,1.40272537960668,1.64610087666335,0.925917755034671,1.57243710499644,2.18791001641904,1.09370552898395,0.681001257128281,5.56034112845927,1.93214514195009,1.91755799871567,1.25007225866806,0.876297069200808,1.16211666324955,1.44941231408158,1.16859123186409,1.50618650072246,3.2970847215341,1.52729016155593,4.78677112247133,1.2520440057662,3.81647562096049,1.50320600836733,1.93395095301246,0.706493644010159,1.35445079080557,4.39866704248963,6.03083843111409,1.50431333840429,1.40271470270135,0.543172978869003,1.8023273439966,2.04399066288526,2.26252040164793,5.18730858625978,3.15956634851987,2.41547206767723,0.787898312391141,1.91659055646151,1.86778669231687,1.50481809680805,2.48896800108124,2.15537692815605,2.0128207582676,1.20368296053371,1.75421598480633,0.579017637871405,1.66358313065693,3.99555550969478,2.37209974509164,2.19979484905177,0.911510556087085,0.736870255042817,0.816467309499473,5.63423698739934,0.891198678530796,1.76773895913223,1.53586149134433
"iris_18",3.09319224152078,4.36205675946288,0.619265809382942,3.72286470528725,6.76556771367948,3.27681160502521,3.2711425102531,3.28691125956814,0,3.23591467059766,2.81510261734943,5.50351686021407,2.80187878719326,2.62532077030127,0.494088739775024,3.25637926627503,5.75337903263614,2.99042784545153,1.59561521251747,5.00020892204202,5.83713509091339,4.59051483135117,3.17518342006705,5.08304411327465,3.66914062123902,4.52998277334537,7.00157529626266,4.08702713912911,2.18051677545077,3.39497707887279,3.07424239428977,2.81619614084101,5.59626750413809,3.15788583717677,4.72070970523159,2.34768781384891,2.64206822387868,2.94625882013747,2.76202259133065,6.00694500500469,3.05736136800299,3.01902754302127,3.25194152346356,3.56462050420115,3.10128731196577,2.77026950136218,2.68482481536176,3.31631895087479,6.62516089402851,3.23323419973357,4.22437546593608,2.438053596878,3.05530364253728,3.92379868024236,3.30498651956367,3.87647115444488,3.14916123601103,4.02033417006321,3.96671147285525,5.05819843702392,3.76015934401194,2.54269289421967,2.47653952461989,4.25562281262886,2.93144199684398,3.20124188073728,4.72012296130395,5.02547383938169,2.70088364973159,3.90968483282018,2.94843493079107,3.36963810939273,3.0928014416934,3.77244402361996,5.71703058363796,2.91049444488331,3.40247184749649,3.55691526183206,4.2608393560684,3.4015084486522,2.87004433918838,2.65820507812716,2.67345940454217,2.70325114915692,2.85466220959729,2.54504412037678,3.39042833586198,3.98038942833524,4.43149965183978,2.40973550570688,4.44813783081512,2.83006852016828,3.36464756092787,2.91391651070389,5.99912568948404,2.76250338290106,3.97259354237641,3.41172952341538
"jarjarbinks_18",1.6039986501228,2.61798294530325,2.81717259627123,1.6370670061005,5.57308406292709,1.9842921655016,1.44119595796577,1.50270310363024,3.23591467059766,0,1.13889501775934,4.03713219439261,1.57963741465962,1.42108287472801,3.16242345901171,2.25854142964012,3.91848633650938,0.976470784799473,2.56289140515655,3.44393168702132,4.25138362272198,2.39881556134168,0.642974206833143,3.48603407309544,1.56296458823213,3.04715351141579,5.44526531729215,2.99346802502646,2.67859759803764,1.09466139913436,0.751661369512955,3.45018265663274,4.15964573797194,1.47044114152007,3.05467842687372,1.83682764138992,1.96078950130001,1.44267634184648,1.82028352826197,4.94610251952867,1.69442295013174,1.51927766056562,2.52590593321253,1.4438119615316,2.42784200415208,1.62537720027191,1.20720147138828,1.78639995773383,5.53811671038511,2.78213807946699,2.63205436348243,1.889347672809,1.91247705474595,2.28252929538787,2.44607802085504,1.91139604653,2.4129613917918,2.10112548393818,2.49718662277302,3.30184951992734,2.13665262751356,3.54377498426589,2.28168343141215,2.64644146132996,1.6440072895863,0.817065436436635,2.94911116423604,5.66351375550309,2.36025149256293,2.40120475591588,1.26179512098528,1.36507308596743,2.80806335283288,0.943957845569026,3.88920330378682,2.95981063128385,3.25241308606022,1.9166577084222,2.65087863460982,2.826053684826,2.37205323839438,2.31595255672015,2.88203867643681,2.66752392763274,1.99580956336563,1.8289571207206,1.76364757409494,2.37854254683733,2.58573897363378,2.96976967283128,2.89266455482469,1.29925732851857,1.89455177416449,1.46673913316206,4.29968546220496,1.62709769562641,2.41693873926181,2.54952818295566
"kubo_18",1.61091905181962,3.2269325780444,2.39632858782993,2.08620409511221,6.14846804267195,1.35725645378705,1.15289076019856,1.04203763701646,2.81510261734943,1.13889501775934,0,4.56313699882154,0.855984590891312,0.613199880089352,2.71671578478437,1.99469123357353,4.68039969237397,1.00772104148297,2.03592581809765,4.13400709891689,4.95819339745273,3.10498258215246,1.34953654989889,4.191198226483,2.29713949379602,3.77555949691367,6.23023054488222,2.89991632979533,2.24595386622574,1.88184054499736,0.851758983783168,3.22312199517276,4.83493915957928,1.03473544682507,3.72352769506379,1.18732054176676,1.09317096462773,1.3443683238925,1.6444305054294,4.77339268311475,0.935804760907601,1.58221000732628,2.29676385333865,1.64302850484837,2.11643357628838,1.8003128655853,0.763528129312342,1.21581907526055,5.4652231675933,2.46304794057042,2.7799648974959,1.47622354194142,1.61178042009178,1.93853658860458,2.16638490896909,2.05007593839586,2.1125567662559,2.5427005567095,2.00683204685314,4.11810617333189,2.16709739070589,3.03945916615471,1.82164620955181,2.80776882866247,1.0678949451632,1.10995902288612,3.7595841642209,5.24652245548187,1.95687787632701,2.09812703713783,0.601509152633105,1.34498732034373,2.55441794544382,2.00248782806593,4.7095309216818,2.36629677424815,2.98871729810689,1.55779537052818,2.79509984702478,2.52486718956296,1.8788486971258,1.70194442758104,2.5083985768637,2.29291901077819,1.80263991648154,1.12407903564908,1.33158223675445,2.50502427916358,3.25459107115316,2.67710675270125,3.07463515093494,1.00321478554322,1.41227502687854,0.854857263257414,5.0912799641609,0.835141281815434,2.56128223070661,2.16367015068456
"lambchop_18",3.51900066599448,1.94954770541514,5.43942068539017,2.83110351600892,1.75806811421914,5.29680323449108,5.32889327142034,5.35644010159663,5.50351686021407,4.03713219439261,4.56313699882154,0,5.0589632615019,4.74640530263964,5.5603731121372,6.04254018709644,3.42386317918405,4.81634199639896,5.63301346363641,1.61291028686311,2.83224917990727,3.53151829002946,3.53682036878794,1.56536805906946,2.84745832688941,1.96876530481973,3.40852822289922,6.75591826062799,5.87019800389725,3.14834470116937,4.56443364650955,6.68689472959606,1.43305537761835,5.29757422967108,1.68937599879094,4.2527415221847,4.98180201007778,5.20576595860596,5.64013202317309,6.93776334070521,5.15835758666404,4.9860264870531,6.25030776981254,5.37880448479246,6.08527382230992,4.20143704941585,4.73995049055665,5.39589350320669,7.07527968413893,6.35158939558537,6.42933572887464,5.57396900214386,5.74240300560547,5.86836555621241,6.19824314947089,5.81878447676758,6.00630373657798,2.38798626070486,5.86326639852002,1.80206891980066,6.06040719096721,4.93925350085934,5.81861535698199,6.46080242974555,5.30676464682402,4.36533365803564,2.05265353714907,5.90034467178431,5.96988868508437,5.91393468681669,4.99845873180951,4.05738565884186,6.33954611669073,3.69660844970647,3.34517330396453,4.68860879883294,6.71888792061528,5.60801928702834,6.44582984667856,6.41750435553208,5.90194017580701,4.58803703648488,6.27445961521731,6.06157220343446,5.79308779693132,4.85221605699967,5.51512503798893,6.23040239339231,1.9309116750369,6.29707186890242,6.64020847930116,5.0842444725563,5.56452817995123,5.09725699230478,3.14438846461597,5.15713740767731,6.2145948916339,6.15747595402988
"wolverine_18",2.00167055483989,3.68761632538404,2.30095777623448,2.60150976756525,6.60343351487118,0.827390238542329,1.12616929736818,0.946721096664183,2.80187878719326,1.57963741465962,0.855984590891312,5.0589632615019,0,1.1352834742945,2.65326753942774,1.9497136272524,5.1698526027888,0.977548253837043,1.86882562579706,4.68277506207821,5.4963924768482,3.56891836799867,1.79076704293507,4.68496086717566,2.6895332559992,4.26467008300319,6.74928009443108,2.68932708625586,1.96187028966071,2.32858439497966,1.12354566000365,3.01335575077905,5.35700961329707,0.992695579925798,4.20823486444315,1.46781192929502,0.801188066758912,1.38621926182289,1.39353865982163,4.93185935264332,0.424601458487136,1.66052600068412,2.22159341113648,1.52739256978317,2.11689929008645,2.16732885519415,0.576639783586327,0.753332971297061,5.6140834237122,2.45995479570939,2.39784462535779,1.53515527329107,1.28822717713547,1.54351912840906,2.04022586853519,1.83355655316161,1.77659266411908,3.03531614562728,1.98551146621549,4.61298133844759,1.93780413197458,3.41030186770745,1.65949297511714,2.45394447984328,0.925396266218649,1.68714676775066,4.19074248213907,5.66545833243491,1.76712077491134,1.61075500608358,0.717890658282968,1.7960069370438,2.4533432274933,2.32780449318507,5.21509021482982,2.8024622231364,2.76803355682366,1.09439266143209,2.39542935434488,2.24642951585807,1.90653221562621,2.21057160336676,2.36187057638927,2.27874051598101,1.5322676459055,1.66265192483461,1.01026240766385,2.16149005353244,3.83864229000477,2.4389825882309,2.65920986451582,1.07152333971034,0.940831209935663,0.825343207987085,5.61523688683288,0.650081933353938,2.1698604096152,2.06850463405652
"ophelia_19",1.91283920136344,3.49049759824841,2.27008458292756,2.45888259003279,6.27814178819595,1.79113241076618,1.33425744478766,1.29003813473878,2.62532077030127,1.42108287472801,0.613199880089352,4.74640530263964,1.1352834742945,0,2.61143224688574,2.10865373505451,4.89459587315955,1.2433570331141,2.09477200553004,4.31767905406026,5.13733373624153,3.39127074907542,1.63164950693005,4.3763081004019,2.55218766041409,4.00307753538888,6.38922008018174,3.08440383097032,2.41267373765618,2.12448394517123,1.14609992896475,3.31441084192717,5.00037901712118,1.21600558666973,3.96700234517862,1.15217364884054,1.45293764307585,1.16511561705272,1.63070462683114,4.90611773593093,1.32754824977075,1.97344257770854,2.40098600218134,1.84832167623379,2.21661495359258,2.14304163361062,0.944158254317785,1.60112061836592,5.61584231564128,2.5680962738711,2.88673586610897,1.38895553155167,1.8047537307384,2.34569578254988,2.32093789269513,2.21753249013716,2.39789696295906,2.89771562080834,2.30863125136158,4.2857572425591,2.27994904378736,2.74214693225996,1.9544968362189,2.8964152712909,1.39011644728172,1.43714481580505,3.97499089542068,4.94130554144819,2.1009776584979,2.50980497578455,0.876021424364155,1.82795917812554,2.68868998946038,2.30127587510845,4.89770414711717,2.09635011047081,3.18002130498587,1.92937488374876,2.91702707695008,2.77594010561425,2.0185675353124,1.38436335310382,2.63092743201208,2.36531485126474,1.92299660548985,0.636668972717326,1.61673003729899,2.57779066718166,3.437058632451,2.76697652936855,3.1955768688653,0.940355088140064,1.78010624285827,1.05325518591923,5.28565492153751,1.03663850675603,2.63401319238121,2.39517253995629
"wolverine_19",3.01097674685827,4.34782485075197,0.456039974013526,3.63720576181035,6.86798270431902,3.02607186149951,3.10259780112353,3.11852664945151,0.494088739775024,3.16242345901171,2.71671578478437,5.5603731121372,2.65326753942774,2.61143224688574,0,3.01513482357328,5.7207089092679,2.86626949840915,1.23502958374247,5.05872050283866,5.86031488616922,4.49112564845588,3.12316769555006,5.13672518318796,3.6369343809611,4.53240928705334,7.04809952698241,3.81082451732191,1.76618449161391,3.35974323180863,2.95409125884901,2.42995231700578,5.6733084047672,2.9876821964078,4.72550460128118,2.36097794100879,2.42334019345531,2.90092387771229,2.60294740500906,5.90140546317733,2.87017102629736,2.75887078248842,2.97585170694723,3.39842243616953,2.82411070893234,2.57390346558074,2.58813386364184,3.1009765139325,6.5234046748699,2.93487727239698,4.04188841752281,2.27464659743127,2.80914154958316,3.64708840669201,3.02274135014477,3.69856174267422,2.81950970204807,3.95712657196219,3.75986317207259,5.12000512933755,3.58350301448665,2.83929606800449,2.19370370248258,4.08371304932805,2.72220099159078,3.07108026477598,4.73480142635401,5.36214954224008,2.42109885817524,3.60767726861516,2.80330160779203,3.21674286072772,2.75717908614366,3.68417094592514,5.70849415825507,3.11073426520369,3.03800298358018,3.31786769982799,4.07480817820578,3.05132788323929,2.57529043999421,2.80526334648931,2.339589730397,2.37404816450284,2.61044257225524,2.6054666224492,3.20931384010019,3.82081488979858,4.48065620237448,2.05942868440466,4.25950146784373,2.73993683954543,3.12769527671623,2.80482894226419,5.99759689426405,2.63849341822648,3.81818324384694,3.0875636218642
"goose_20",3.23133687213706,4.65956532306425,2.7324566508528,3.52982696807082,7.60784468186809,2.04226425117957,1.28335140009031,1.29070612991865,3.25637926627503,2.25854142964012,1.99469123357353,6.04254018709644,1.9497136272524,2.10865373505451,3.01513482357328,0,5.59357234434801,1.79107525312238,1.91771266441924,5.43886746854466,6.08830643717821,3.97207493950632,2.76963669872497,5.56804726622164,3.65574685173111,4.93798967255768,7.324552957912,1.08781254694203,1.76126698676439,3.20093821825194,1.86775666983234,1.96727409397755,6.20650682496788,1.35681066760095,5.0782358042369,2.96088740109607,2.23232629558625,1.79572972819171,1.27402745023709,5.11293489315673,1.85293901861331,1.38350049369442,0.484872780101297,1.39959085016757,0.522419864140155,2.27149939379427,2.05209186697612,1.61178739344397,5.96211167022256,0.757552112428963,1.96129815673782,1.04660213077837,0.896931755921183,1.61818181391786,0.342000854425006,1.42198984133752,1.02822435605717,4.01750629841597,1.75966500649315,5.37448586809202,1.14060748525136,4.1896985716227,0.989391697530906,1.93333927416213,1.27495956409217,1.81530646926574,4.99190852647447,6.53817695195261,0.849053443950021,1.82116958093407,1.5643710908619,2.40233417584907,0.966486982981977,2.88064200761113,5.58981338061394,3.76103738390998,1.37172387043505,1.50687370616459,1.96620373373241,1.05593553048124,0.786822540771447,3.11329552117593,1.26777833619461,1.28515696164213,0.899095062183156,2.34715316328962,1.39988875962788,1.76386833415227,4.61391623317772,1.5827007968038,2.17354796086008,1.64123073581026,1.47024795079479,1.68390927879839,6.04651758848703,1.72925869639241,1.93614693026434,0.760301004759084
"hamlet_20",3.5595525818247,2.56301242556552,5.55849388881613,3.10999619384525,4.21554712073758,5.30966739010131,4.98229457924966,5.15790251989729,5.75337903263614,3.91848633650938,4.68039969237397,3.42386317918405,5.1698526027888,4.89459587315955,5.7207089092679,5.59357234434801,0,4.50018353971816,5.60661747087504,2.67166339112135,1.09090621417051,1.71436767638193,3.63517186335706,2.49709896042045,2.90670097421458,2.53377245836967,2.03741889692626,6.1456865540729,5.64208670133528,3.16566799023095,4.32223380190163,6.1350330212947,2.83317161545207,5.03092746263239,2.44342371991044,4.68016288192878,5.21332992178402,4.93446605893914,5.2693158737132,6.3095859309377,5.26061267301624,4.64518649462447,5.67670239159655,4.88097879231936,5.57982314408284,4.19338330460932,4.78656245128287,5.3628913955371,6.29786913267753,5.83908503292586,5.76791366009637,5.27018105135353,5.38511729890826,5.62506640691421,5.71049122270388,5.26034439187464,5.68748110139135,3.13240350404877,5.87378576540367,2.54144356503619,5.56552247347442,5.89432353967374,5.6170169151381,5.80017895651536,5.1993491978503,4.09954656757251,2.41085218180985,7.33210743265162,5.71367767962079,5.60713423227459,4.89664708050075,4.3318919484644,5.7679297304471,3.29520118500859,0.488432056696202,5.60430954601874,6.23026078530693,5.42067622894774,5.80781835593979,5.97180906953852,5.56544983401751,5.22396048910117,5.97655655960178,5.5613853096728,5.35117906283102,5.10962048501991,5.43665474788193,5.63541167147459,2.82045777938365,5.97200251501521,5.95842701962694,4.86832282706033,5.43121621002913,5.14148750955951,0.805538037708091,5.2994445033264,5.6433480435778,5.69862118708275
"hera_20",1.84104184108508,3.34576978108709,2.47808413629366,2.33528805268951,6.32342595568524,1.42390459916193,0.823736356473792,0.937550327217417,2.99042784545153,0.976470784799473,1.00772104148297,4.81634199639896,0.977548253837043,1.2433570331141,2.86626949840915,1.79107525312238,4.50018353971816,0,2.12938047755755,4.28471747859054,4.9138682341061,2.89759696711027,1.35666921512611,4.27686516244774,2.22743901161394,3.84687909038924,6.1454792947152,2.51466926649893,2.14955709661039,1.82553808714541,0.511510227246225,2.95927494244341,4.97462174369928,0.856161953281626,3.8325824631567,1.7596429966428,1.54800438372354,0.927986914618385,1.09925046059666,4.93002353813829,1.1642912546294,1.39289449069822,2.03363678217158,0.926667297792897,1.98096868229456,1.95193581271603,0.67509629842725,1.20746478893041,5.55426176033957,2.37270983579487,1.99889376055775,1.39319754423511,1.21068445089668,1.74135295543112,1.93467699867808,1.36675876890046,1.8638319213277,2.83512549045771,2.25698229357991,4.13825585679296,1.57667004349911,3.68520097753989,1.78876236152768,2.03855932371546,1.13739522367846,1.2058025150352,3.71738913537943,5.93566976335613,1.85352846962091,1.79491980490022,0.741313584020658,1.77214249515361,2.34052069892287,1.63700888708208,4.51740813410876,3.12370149143564,2.77444913784343,1.29264012587244,2.02018111677633,2.29082934211662,1.95436919198525,2.44392875466789,2.44449378713773,2.21412116074347,1.31754654350329,1.78962672361681,1.22143641823832,1.74046136248955,3.45523757847,2.47851722039998,2.27984233376006,0.720777945900836,1.26584863383706,1.05343784610363,4.97261716529551,1.18057484361195,1.76275265834163,2.07676437470377
"iris_20",2.75266325789376,4.28462874357492,1.07637330540927,3.30593195593605,7.10891282169319,2.09610529325173,2.1865217351856,2.14389346314311,1.59561521251747,2.56289140515655,2.03592581809765,5.63301346363641,1.86882562579706,2.09477200553004,1.23502958374247,1.91771266441924,5.60661747087504,2.12938047755755,0,5.09858287532506,5.89318793868193,4.14049631559301,2.70967554851228,5.20321136973546,3.43201327293413,4.5466840020173,7.14799479437397,2.66935114184793,0.741151642113133,3.07279332138551,2.23994990780188,1.69491085520774,5.80302129932215,2.08802661581254,4.71142533506853,2.21889504296868,1.67640261319823,2.2956875388714,1.7959475054571,5.39835795300367,1.96390191171166,1.76563731073054,1.907156868326,2.48214139996027,1.7632306939471,1.9647602517331,1.96102638658411,2.08286193687055,6.12993898912429,1.86606349834761,3.14414916370185,1.43507677002468,1.74853515673137,2.50837503637824,1.8846350917033,2.73433950900435,1.62025649772659,3.70573556776397,2.66377844232581,5.13709821702635,2.58337511257267,3.21820928197907,1.02053334853287,3.18439016242849,1.68433207570364,2.316444436937,4.7134974717108,5.77502453818138,1.24733680082677,2.51015593084265,1.96451032337121,2.48281677524118,1.70319735071182,3.17576382482723,5.61770869294048,3.14051885089133,1.93739316064436,2.24757563587046,3.1585084166755,1.85199882341024,1.46739920122144,2.67213233450283,1.24729014733282,1.47015782498121,1.60881990068003,2.23064948089114,2.17743153398742,2.93965419338978,4.39755128087284,1.11744559766656,3.35578990956073,2.05030452816476,2.05814823536998,1.96010279222529,5.97080164829309,1.78509921847821,2.97632776652486,1.92029112953107
"korra_20",3.13211889492048,1.38988204105684,4.92453262767815,2.31729737931082,2.75034811600887,4.97092462216359,4.8280812798288,4.87763503371708,5.00020892204202,3.44393168702132,4.13400709891689,1.61291028686311,4.68277506207821,4.31767905406026,5.05872050283866,5.43886746854466,2.67166339112135,4.28471747859054,5.09858287532506,0,2.10402232901177,2.79423273639664,2.99201665431862,0.729611078905902,2.26182774172304,0.905448742499801,2.87453253555664,6.12536097700368,5.33950913204567,2.5280600491379,4.05202556118943,6.05081936086749,0.873208876973457,4.82238807785948,0.904015750514415,3.94322582890676,4.66437238047669,4.67748877367316,5.08432167692303,6.50627566778623,4.79486574696909,4.34761427232264,5.61658466711746,4.80573508461095,5.47297953729654,3.52831387747424,4.31173894845942,5.00031409699403,6.70414804913659,5.72233697468799,5.88348113013925,4.9814054446167,5.21628530964223,5.44878447460493,5.59730338635806,5.25972773434095,5.46166934819736,1.97084759656872,5.41927654134484,0.774494643520714,5.48105016000438,4.59850466897607,5.23701340243476,5.90286387920742,4.80964732363541,3.73012774524185,1.19245303968396,5.79764335543271,5.37228765020918,5.50656092823697,4.54058709909804,3.59498536929001,5.70833405402374,3.02904053656287,2.48498754436868,4.38825161306365,6.09733744573867,5.17867424205721,5.90522849567972,5.82841262402068,5.33329064789965,4.21506856091198,5.65557268599524,5.47036265925027,5.21440749534241,4.39664304506957,5.06059085539195,5.67537995489705,1.00710061316404,5.67738561097497,6.09253458387065,4.58497136245457,5.1275556912516,4.61361748575686,2.35531074372689,4.71441161664996,5.67819141863814,5.60385250096223
"ophelia_20",3.71831262899362,2.39319378427303,5.73139535415855,3.22123140406902,3.45003802351029,5.70642565595737,5.4549235395446,5.59019427194744,5.83713509091339,4.25138362272198,4.95819339745273,2.83224917990727,5.4963924768482,5.13733373624153,5.86031488616922,6.08830643717821,1.09090621417051,4.9138682341061,5.89318793868193,2.10402232901177,0,2.37488372340451,3.87304098001015,1.96101102572287,3.06108873246514,2.24289972132667,1.44746667753683,6.72428074799993,6.02974110996121,3.36943670714173,4.71947109241059,6.61278337568265,2.07091070407443,5.48052235685957,2.11310309374333,4.78326950580543,5.49012629471892,5.33753629165266,5.72943913654105,6.65793035722716,5.60708687296038,5.07444957037814,6.20374550220512,5.41011242750585,6.0772069865714,4.43388554612267,5.10533485018454,5.77084186112409,6.63852741102353,6.33333080609841,6.3868250824409,5.6696052266305,5.87461143022879,6.12721561988519,6.22631582206824,5.83174916373612,6.16471234421325,3.09135093640105,6.2505035890165,2.13408123060912,6.10626944904145,5.69667656783424,6.0031874289071,6.4150674276355,5.57474106792302,4.46037883158485,2.23425030673467,6.88063274256422,6.12668571381005,6.13695958850158,5.27482794337449,4.558443998633,6.28259033447884,3.7085549344062,1.02872755687226,5.48680981870117,6.73417815324248,5.89025983585983,6.42351340609985,6.48278825399036,6.00385089321779,5.22400784200831,6.38384201587239,6.03243445123163,5.84274307478285,5.27551259478281,5.84851163209291,6.21868806525822,2.51002825355243,6.38006505877911,6.59102913030093,5.26534967997185,5.87151491484186,5.44906644362046,0.715201233288542,5.59418130678484,6.22183251696889,6.21499528601921
"hamlet_21",2.19384649136477,2.07324308102586,4.27776155765508,1.87498204544018,4.83575049188086,3.65795351399818,3.32620876880817,3.49335252073514,4.59051483135117,2.39881556134168,3.10498258215246,3.53151829002946,3.56891836799867,3.39127074907542,4.49112564845588,3.97207493950632,1.71436767638193,2.89759696711027,4.14049631559301,2.79423273639664,2.37488372340451,0,2.21508607324196,2.70392721495953,1.79835858780948,2.41162051681103,3.60441822158907,4.54307410128087,4.12489455851318,1.88697059205313,2.71361300116979,4.69692987082687,3.32011394626125,3.37756735315616,2.31638395846523,3.32151858211187,3.63614028319303,3.41679384671829,3.70083569287356,5.2982900364256,3.62197538810177,3.05008118302525,4.0790803819159,3.26289227386069,3.98000766120129,2.79131419878447,3.23203477410601,3.69263126469358,5.51313218426943,4.26161296626238,4.22371893423809,3.710740759911,3.73566723786428,3.93172277550662,4.08135186130123,3.65124881794431,4.05699262733998,2.16064058218397,4.24327883992244,2.67779259278279,3.962134327286,4.90209295621543,4.03502588072288,4.26263960884605,3.55221530299784,2.51713737847574,2.29339858094452,6.70402302126458,4.11999796282879,3.9261279448683,3.26137200251759,2.82819437884209,4.20724208453809,1.88960154713392,1.85810863683969,4.46890421350322,4.67303094467481,3.73936810808246,4.25833180122136,4.34969147998035,3.95526293837791,3.9646778558983,4.44236013382128,4.02196489586158,3.74634569680324,3.69450338402658,3.78040698596683,4.08262185000849,2.39213678311011,4.48742348881532,4.43762782554631,3.2966434892841,3.75249157095812,3.54899014177831,2.31485928053478,3.70453857081229,4.10881637901917,4.04842804576438
"jarjarbinks_21",1.17837207736605,2.06139662526283,2.81163678085172,1.16190736111301,5.05325998865734,2.16426943771826,1.91195055003329,1.98055106128665,3.17518342006705,0.642974206833143,1.34953654989889,3.53682036878794,1.79076704293507,1.63164950693005,3.12316769555006,2.76963669872497,3.63517186335706,1.35666921512611,2.70967554851228,2.99201665431862,3.87304098001015,2.21508607324196,0,2.98118738997352,1.00984433453261,2.58224693146034,5.05858813945232,3.53434692971539,2.85590647666504,0.570648833963218,1.12733029128481,3.7220538167119,3.66795234194126,1.89295275126065,2.53423264952945,1.63141898620059,2.00732791090739,1.83495341261227,2.22330219631673,5.04340736928323,1.94730192299098,1.86639633424551,2.99491073687654,1.97824616807168,2.87068272598962,1.68268877449924,1.37939667523434,2.13490584534337,5.53432286940884,3.22183194036018,3.10940925795074,2.27693407678506,2.34497364984342,2.6814406772834,2.92648520107606,2.45429671394902,2.80056868060301,1.604036771918,2.94273935351782,2.86224797919145,2.70282790622033,3.4516995630405,2.64025864774065,3.14514502731735,2.0415465040226,1.25402114630928,2.46542553365582,5.52405113382879,2.76373604275669,2.72936071188918,1.6262272226497,1.47514713239039,3.20175951836412,0.916831747791289,3.6212677100394,2.9155094962791,3.65014125850132,2.31409047722194,3.13237946822722,3.2385227158639,2.75563574643497,2.34262644885465,3.23496282569155,2.96908261184097,2.41376225692162,2.02121447741687,2.2219971935597,2.87472481430408,2.1745518667388,3.26671155588968,3.36662788075561,1.67455612109118,2.26846053558842,1.85399138266552,3.97635681456192,1.94381225605628,2.87908164195897,2.97197086090666
