"","hera_1","wolverine_1","buddy_11","hamlet_11","hera_11","jarjarbinks_11","joans_11","padme_11","ginger_14","hera_14","iris_14","jarjarbinks_14","kubo_14","wolverine_14","ginger_2","hera_2","jarjarbinks_2","lambchop_2","jarjarbinks_3","goose_4","padme_5","korra_6","padme_6","ginger_7","hera_7","iris_7","padme_7","charles_9","franc_9","grogu_9","henry_9","ivy_9","korra_9"
"hera_1",0,2.91026352537063,5.06485283492245,3.83392814898224,3.47895469924954,6.14476388933477,3.33153985363337,5.59873590269352,3.2240278834633,2.48316610496328,11.1070127708901,5.9937376636285,8.34602459260387,6.89694452992142,9.48293297835915,9.64823714704047,9.92860748583926,12.0819713918918,2.67393989363594,15.1998653664419,10.2431736388369,5.57735480096902,10.6183398476269,7.91021880455442,0.546747058765354,4.18415837101245,10.8086684724579,7.41084661000551,8.53666428543955,4.68527482193808,6.80483917994929,7.8969307790419,6.02347534218376
"wolverine_1",2.91026352537063,0,4.69676587729594,3.3717886808582,3.34567444394562,4.84639283530776,3.83006944387785,4.37401776833077,3.99619251297761,3.23051423635827,9.18728859284034,4.72802103796889,7.66296639092398,5.12598091668324,9.13538829743311,9.73185443363068,7.83259387789742,12.1797392841599,3.75706640819449,15.0255444777975,9.4574708291564,4.87162453805201,9.46009848970365,7.40166798717199,2.90267115572154,3.88247075575855,9.47956569769605,6.56300609543065,8.3337841972141,4.62922295859082,6.24834521344625,6.63560609744301,4.95977355321406
"buddy_11",5.06485283492245,4.69676587729594,0,5.21728050088305,3.74756814320257,4.14417853758562,2.40797604431889,4.64365971865967,6.70411416204177,4.76938234230935,10.2166248274361,5.51724884431853,4.14585827243644,6.80066286062286,5.15612181023839,8.66604866248099,8.62098976700062,10.7419896491868,4.97064921566199,12.3642658047002,6.30296084821836,5.62874738378843,6.96397137231937,3.62060503430453,5.04467093359072,4.91286706154859,7.30666357140658,3.90867403603511,4.13312032486086,3.98025004982085,2.74476721198465,5.283471890504,6.04491338942881
"hamlet_11",3.83392814898224,3.3717886808582,5.21728050088305,0,3.94004851225303,4.07480414365047,4.48013390729043,4.32297448370311,4.95691512110094,3.98617298991378,9.94391836023364,5.28708649648619,7.36042778287566,6.33725148011479,8.97020346318429,8.75236903109234,8.88431289370083,11.1962222067738,4.22262449127885,14.7561636907121,9.41601977952291,4.56172845553298,9.53637802650223,7.84331938758485,3.62071733976873,3.68903751258473,9.62967174427123,6.95858234493467,8.52014379017853,4.08688955185539,5.68387219937248,6.91469095927883,6.09673610662065
"hera_11",3.47895469924954,3.34567444394562,3.74756814320257,3.94004851225303,0,4.67235701196948,2.7671179475896,4.3248913126234,3.85090233076586,2.23252481628908,10.3889859008927,6.07954175133455,6.6138561251617,6.37401979217917,8.39902289363356,10.5981734121345,9.25202960283007,12.9803206781071,4.55817633438395,14.8427502781387,9.4677009536317,5.97352981750581,9.77460932351959,6.34754631671997,3.50041308633178,5.12920040234586,9.85325283130047,6.06247457152843,7.09176026614303,5.22673041773535,4.86510245186863,6.99563363652015,6.28467926190589
"jarjarbinks_11",6.14476388933477,4.84639283530776,4.14417853758562,4.07480414365047,4.67235701196948,0,4.54753512637221,4.43573389696905,6.72449828155018,5.51971389193918,8.34081130644269,3.98778218513527,4.23649931091468,5.39921509152122,6.7105329351883,8.00386590973824,6.795271432165,10.2614327458067,5.36735340767251,12.9993317203201,6.84365991596609,3.80065383745891,6.71240145639422,5.2451878430428,5.91480302783828,4.24277998934372,6.86038945622059,5.5344835492506,6.23260655185991,3.90670805920375,4.14210174560512,4.07145297686919,5.23235509967098
"joans_11",3.33153985363337,3.83006944387785,2.40797604431889,4.48013390729043,2.7671179475896,4.54753512637221,0,5.00647132631688,4.77862712852254,3.35172517514041,10.6849192764352,5.61803969676383,5.55440877990757,6.7834737458609,6.75797701455508,8.88721112866258,9.14121921876471,11.124998778768,3.31880611251766,13.3551852460659,7.96747155855456,5.18052648582248,8.5291159405701,4.93976365399332,3.31237009580321,4.14994196524794,8.83666143167623,5.48029247028078,5.54735130433599,3.61737327673615,4.33996501970624,6.33718895305117,5.59098899212841
"padme_11",5.59873590269352,4.37401776833077,4.64365971865967,4.32297448370311,4.3248913126234,4.43573389696905,5.00647132631688,0,6.30939639338356,5.05212591253597,9.26873225185967,5.72701512564563,6.69553485787015,6.1314676727326,8.25497623518955,9.67361196990758,8.18821388498739,11.8741265914719,5.8958208641994,14.4166724605989,8.32721169540541,5.70822894303137,8.31398320006133,6.91873439250659,5.47703356535276,5.12896298036188,8.25215408210457,4.7917025879254,7.77410236852236,5.23220215742655,5.02572972666299,6.35978855625209,6.14590786292409
"ginger_14",3.2240278834633,3.99619251297761,6.70411416204177,4.95691512110094,3.85090233076586,6.72449828155018,4.77862712852254,6.30939639338356,0,3.07749214410656,11.1170690345478,6.89297990038407,9.32857580957659,6.98006885407551,11.0771129055418,11.3719566793838,10.0418335935917,13.8056903948121,4.1244493669992,16.6436008265808,11.7828042908289,6.26016051330133,11.9112174349597,8.89996151775616,3.16264688135549,5.3682438345198,11.9533635339427,8.64961206669208,9.86181093140282,6.43538283366288,8.14443428065828,8.8311856270623,6.14502047806821
"hera_14",2.48316610496328,3.23051423635827,4.76938234230935,3.98617298991378,2.23252481628908,5.51971389193918,3.35172517514041,5.05212591253597,3.07749214410656,0,10.7705539275402,6.08987757128941,7.70144884989522,6.62905857094705,9.33523525408026,10.5473643731143,9.74600117719592,12.9528511193695,3.90713156854328,15.3757898265466,10.2006009442973,5.99392703213287,10.484085173639,7.38819608885506,2.52781999849983,4.90754497542181,10.6233007373098,6.9938592286685,8.1255686592574,5.38650813816306,6.16254257449968,7.62351888297679,6.21586510556138
"iris_14",11.1070127708901,9.18728859284034,10.2166248274361,9.94391836023364,10.3889859008927,8.34081130644269,10.6849192764352,9.26873225185967,11.1170690345478,10.7705539275402,0,7.26616112870052,10.4654091316061,4.4888243477455,12.2481116783575,11.8976391446229,5.75997500591059,13.8252170210173,10.4650466494344,16.8367606316238,10.4304927292053,8.4786228020942,9.40901310328196,10.9146744452704,10.9282405510454,9.15591012082885,8.2783608993753,10.7422626102883,11.9958881738578,9.83330724822514,10.956720670712,7.09542659598958,8.89062324025799
"jarjarbinks_14",5.9937376636285,4.72802103796889,5.51724884431853,5.28708649648619,6.07954175133455,3.98778218513527,5.61803969676383,5.72701512564563,6.89297990038407,6.08987757128941,7.26616112870052,0,6.50644429578691,4.16020311349904,8.18449117217644,7.28661379031587,5.14873235881031,9.70986435216456,4.79993819351036,13.6573663601787,7.42548106674097,2.75360739902886,7.11774421007444,6.69949234884172,5.73876333016452,3.79115983009397,7.15063114457796,7.01950615046031,7.87267956080893,4.42727128171811,6.73347605839451,3.29004369729737,3.83596560691532
"kubo_14",8.34602459260387,7.66296639092398,4.14585827243644,7.36042778287566,6.6138561251617,4.23649931091468,5.55440877990757,6.69553485787015,9.32857580957659,7.70144884989522,10.4654091316061,6.50644429578691,0,8.14209912792663,3.46225643707724,8.32760129031687,8.54473730635296,9.96451652712329,7.40513647761084,11.0571743379522,4.59505942460727,6.47847487755994,5.19414639838269,2.50342569930503,8.19604429575652,6.7190123434325,5.78109996739042,5.35386080160928,2.91517718361132,5.54330649445016,3.29248719241802,4.8681668125273,7.26562610609667
"wolverine_14",6.89694452992142,5.12598091668324,6.80066286062286,6.33725148011479,6.37401979217917,5.39921509152122,6.7834737458609,6.1314676727326,6.98006885407551,6.62905857094705,4.4888243477455,4.16020311349904,8.14209912792663,0,10.0493744580271,10.0010048145895,5.23133028734529,12.366865098114,6.50102208099478,15.4587106147626,9.13088481735151,5.26917207880327,8.59648541395046,8.25473087576515,6.71691502295584,5.58553655693838,8.00865106751124,8.06953607108882,9.40108258824508,6.48421645053496,8.03069001866114,5.02489004160593,5.70981370866712
"ginger_2",9.48293297835915,9.13538829743311,5.15612181023839,8.97020346318429,8.39902289363356,6.7105329351883,6.75797701455508,8.25497623518955,11.0771129055418,9.33523525408026,12.2481116783575,8.18449117217644,3.46225643707724,10.0493744580271,0,8.12555467983521,10.1070292566977,9.20314405517826,8.56895053929953,9.84596163443699,3.43343562093337,8.039978843135,4.89564379552563,3.22511562913268,9.37107377677407,7.90033695088702,5.96529866037687,6.08091824832848,2.34817062080128,6.48433521927325,4.50176545850207,6.49777815508615,8.62558690850011
"hera_2",9.64823714704047,9.73185443363068,8.66604866248099,8.75236903109234,10.5981734121345,8.00386590973824,8.88721112866258,9.67361196990758,11.3719566793838,10.5473643731143,11.8976391446229,7.28661379031587,8.32760129031687,10.0010048145895,8.12555467983521,0,9.72098054395353,2.7617209119372,7.68148185161318,11.837984655227,7.07051897737704,6.02460543067376,7.47990113085684,8.89787929913508,9.30337132259748,6.42863078995451,8.24307341456265,9.81373081981108,9.17961951965593,5.70937384705918,8.81467778780262,7.27858956663644,7.98319414722978
"jarjarbinks_2",9.92860748583926,7.83259387789742,8.62098976700062,8.88431289370083,9.25202960283007,6.795271432165,9.14121921876471,8.18821388498739,10.0418335935917,9.74600117719592,5.75997500591059,5.14873235881031,8.54473730635296,5.23133028734529,10.1070292566977,9.72098054395353,0,11.4928604653738,8.86131296102538,14.7366992590561,8.54664647433793,6.27879770812602,7.60195613435654,8.67711833378674,9.70944403130954,7.35386378738862,7.07992794992978,9.27962355885694,10.065766418771,8.09693763944596,9.30537845714552,5.07978911388941,5.82889258624511
"lambchop_2",12.0819713918918,12.1797392841599,10.7419896491868,11.1962222067738,12.9803206781071,10.2614327458067,11.124998778768,11.8741265914719,13.8056903948121,12.9528511193695,13.8252170210173,9.70986435216456,9.96451652712329,12.366865098114,9.20314405517826,2.7617209119372,11.4928604653738,0,10.1294108151464,11.7972137306867,7.99156450861915,8.50435906778621,8.43665326372769,10.4915385720043,11.7542869041659,8.85353300887957,9.34798615561861,11.590180193775,10.6057555554099,8.08036142773969,10.672041699587,9.29612680798021,10.0676127854158
"jarjarbinks_3",2.67393989363594,3.75706640819449,4.97064921566199,4.22262449127885,4.55817633438395,5.36735340767251,3.31880611251766,5.8958208641994,4.1244493669992,3.90713156854328,10.4650466494344,4.79993819351036,7.40513647761084,6.50102208099478,8.56895053929953,7.68148185161318,8.86131296102538,10.1294108151464,0,14.1803099298178,9.00300180825133,3.77771104230537,9.34750057542784,7.05965818708699,2.34177059638128,2.64987056328598,9.63368214828848,7.3972646714713,7.85666081123036,3.32342842419559,6.60647509355348,6.68954936647691,4.57671797235535
"goose_4",15.1998653664419,15.0255444777975,12.3642658047002,14.7561636907121,14.8427502781387,12.9993317203201,13.3551852460659,14.4166724605989,16.6436008265808,15.3757898265466,16.8367606316238,13.6573663601787,11.0571743379522,15.4587106147626,9.84596163443699,11.837984655227,14.7366992590561,11.7972137306867,14.1803099298178,0,9.83611783586415,13.440457937195,10.5897552640864,11.3014306637632,15.0714301313911,13.6119044566867,11.2562175099848,12.0045583265554,10.7532177077296,12.4051659522253,11.9809731455322,12.3386740779941,14.229258574752
"padme_5",10.2431736388369,9.4574708291564,6.30296084821836,9.41601977952291,9.4677009536317,6.84365991596609,7.96747155855456,8.32721169540541,11.7828042908289,10.2006009442973,10.4304927292053,7.42548106674097,4.59505942460727,9.13088481735151,3.43343562093337,7.07051897737704,8.54664647433793,7.99156450861915,9.00300180825133,9.83611783586415,0,7.56341097744515,1.99687227575489,4.83537334635075,10.0655996895532,7.76167571321819,3.11286286756715,6.52168919483322,4.85010423729448,6.63185723358303,5.99372734525701,5.42388689089023,8.20675937844487
"korra_6",5.57735480096902,4.87162453805201,5.62874738378843,4.56172845553298,5.97352981750581,3.80065383745891,5.18052648582248,5.70822894303137,6.26016051330133,5.99392703213287,8.4786228020942,2.75360739902886,6.47847487755994,5.26917207880327,8.039978843135,6.02460543067376,6.27879770812602,8.50435906778621,3.77771104230537,13.440457937195,7.56341097744515,0,7.4281184707472,6.78344027328822,5.18320428773492,2.1369951131088,7.67341636406376,7.28858249156788,7.87514118632556,3.08629806479044,6.5104846429352,4.39534524979607,3.50399843600059
"padme_6",10.6183398476269,9.46009848970365,6.96397137231937,9.53637802650223,9.77460932351959,6.71240145639422,8.5291159405701,8.31398320006133,11.9112174349597,10.484085173639,9.40901310328196,7.11774421007444,5.19414639838269,8.59648541395046,4.89564379552563,7.47990113085684,7.60195613435654,8.43665326372769,9.34750057542784,10.5897552640864,1.99687227575489,7.4281184707472,0,5.59753402881674,10.4200818234332,7.87346579581772,2.01955143999541,7.00874181841076,5.99376003687901,6.98308597570895,6.69355105852811,5.14981497085949,7.9819888639016
"ginger_7",7.91021880455442,7.40166798717199,3.62060503430453,7.84331938758485,6.34754631671997,5.2451878430428,4.93976365399332,6.91873439250659,8.89996151775616,7.38819608885506,10.9146744452704,6.69949234884172,2.50342569930503,8.25473087576515,3.22511562913268,8.89787929913508,8.67711833378674,10.4915385720043,7.05965818708699,11.3014306637632,4.83537334635075,6.78344027328822,5.59753402881674,0,7.81270480659705,6.72319965271862,6.26775438564682,5.22765622119419,1.90847285620248,5.7702442512461,3.83040679911576,5.34783795808268,6.71448532558693
"hera_7",0.546747058765354,2.90267115572154,5.04467093359072,3.62071733976873,3.50041308633178,5.91480302783828,3.31237009580321,5.47703356535276,3.16264688135549,2.52781999849983,10.9282405510454,5.73876333016452,8.19604429575652,6.71691502295584,9.37107377677407,9.30337132259748,9.70944403130954,11.7542869041659,2.34177059638128,15.0714301313911,10.0655996895532,5.18320428773492,10.4200818234332,7.81270480659705,0,3.78055518156375,10.6242609930855,7.39951206282701,8.47936756734064,4.39274181119465,6.71116820463296,7.6545786506778,5.74639164537129
"iris_7",4.18415837101245,3.88247075575855,4.91286706154859,3.68903751258473,5.12920040234586,4.24277998934372,4.14994196524794,5.12896298036188,5.3682438345198,4.90754497542181,9.15591012082885,3.79115983009397,6.7190123434325,5.58553655693838,7.90033695088702,6.42863078995451,7.35386378738862,8.85353300887957,2.64987056328598,13.6119044566867,7.76167571321819,2.1369951131088,7.87346579581772,6.72319965271862,3.78055518156375,0,8.10966602768019,6.92747658062632,7.66516530049234,2.32787996487165,6.02786496780229,5.37450210723819,3.67457111826316
"padme_7",10.8086684724579,9.47956569769605,7.30666357140658,9.62967174427123,9.85325283130047,6.86038945622059,8.83666143167623,8.25215408210457,11.9533635339427,10.6233007373098,8.2783608993753,7.15063114457796,5.78109996739042,8.00865106751124,5.96529866037687,8.24307341456265,7.07992794992978,9.34798615561861,9.63368214828848,11.2562175099848,3.11286286756715,7.67341636406376,2.01955143999541,6.26775438564682,10.6242609930855,8.10966602768019,0,7.33412268166627,6.7785848103443,7.44222676562227,7.15851195937379,5.2036165621152,8.1695155353003
"charles_9",7.41084661000551,6.56300609543065,3.90867403603511,6.95858234493467,6.06247457152843,5.5344835492506,5.48029247028078,4.7917025879254,8.64961206669208,6.9938592286685,10.7422626102883,7.01950615046031,5.35386080160928,8.06953607108882,6.08091824832848,9.81373081981108,9.27962355885694,11.590180193775,7.3972646714713,12.0045583265554,6.52168919483322,7.28858249156788,7.00874181841076,5.22765622119419,7.39951206282701,6.92747658062632,7.33412268166627,0,5.63757839165151,6.02350627094563,4.39615468993131,6.48283108730394,7.54561517039518
"franc_9",8.53666428543955,8.3337841972141,4.13312032486086,8.52014379017853,7.09176026614303,6.23260655185991,5.54735130433599,7.77410236852236,9.86181093140282,8.1255686592574,11.9958881738578,7.87267956080893,2.91517718361132,9.40108258824508,2.34817062080128,9.17961951965593,10.065766418771,10.6057555554099,7.85666081123036,10.7532177077296,4.85010423729448,7.87514118632556,5.99376003687901,1.90847285620248,8.47936756734064,7.66516530049234,6.7785848103443,5.63757839165151,0,6.34356460845115,3.95337385566832,6.40437396691624,8.2578207601091
"grogu_9",4.68527482193808,4.62922295859082,3.98025004982085,4.08688955185539,5.22673041773535,3.90670805920375,3.61737327673615,5.23220215742655,6.43538283366288,5.38650813816306,9.83330724822514,4.42727128171811,5.54330649445016,6.48421645053496,6.48433521927325,5.70937384705918,8.09693763944596,8.08036142773969,3.32342842419559,12.4051659522253,6.63185723358303,3.08629806479044,6.98308597570895,5.7702442512461,4.39274181119465,2.32787996487165,7.44222676562227,6.02350627094563,6.34356460845115,0,4.90235667621265,5.25624941108129,5.04287571883649
"henry_9",6.80483917994929,6.24834521344625,2.74476721198465,5.68387219937248,4.86510245186863,4.14210174560512,4.33996501970624,5.02572972666299,8.14443428065828,6.16254257449968,10.956720670712,6.73347605839451,3.29248719241802,8.03069001866114,4.50176545850207,8.81467778780262,9.30537845714552,10.672041699587,6.60647509355348,11.9809731455322,5.99372734525701,6.5104846429352,6.69355105852811,3.83040679911576,6.71116820463296,6.02786496780229,7.15851195937379,4.39615468993131,3.95337385566832,4.90235667621265,0,5.87836928152461,7.3280101840081
"ivy_9",7.8969307790419,6.63560609744301,5.283471890504,6.91469095927883,6.99563363652015,4.07145297686919,6.33718895305117,6.35978855625209,8.8311856270623,7.62351888297679,7.09542659598958,3.29004369729737,4.8681668125273,5.02489004160593,6.49777815508615,7.27858956663644,5.07978911388941,9.29612680798021,6.68954936647691,12.3386740779941,5.42388689089023,4.39534524979607,5.14981497085949,5.34783795808268,7.6545786506778,5.37450210723819,5.2036165621152,6.48283108730394,6.40437396691624,5.25624941108129,5.87836928152461,0,5.32763494798587
"korra_9",6.02347534218376,4.95977355321406,6.04491338942881,6.09673610662065,6.28467926190589,5.23235509967098,5.59098899212841,6.14590786292409,6.14502047806821,6.21586510556138,8.89062324025799,3.83596560691532,7.26562610609667,5.70981370866712,8.62558690850011,7.98319414722978,5.82889258624511,10.0676127854158,4.57671797235535,14.229258574752,8.20675937844487,3.50399843600059,7.9819888639016,6.71448532558693,5.74639164537129,3.67457111826316,8.1695155353003,7.54561517039518,8.2578207601091,5.04287571883649,7.3280101840081,5.32763494798587,0
