"","Hera_1","Wolverine_1","Hamlet_11","Hera_11","JarJarBinks_11","Hera_14","Iris_14","Kubo_14","Wolverine_14","JarJarBinks_15","Kubo_15","Iris_17","Kubo_17","Lambchop_17","Wolverine_17","Hamlet_18","Hera_18","Iris_18","JarJarBinks_18","Kubo_18","Lambchop_18","Wolverine_18","Ophelia_19","Wolverine_19","Hera_2","JarJarBinks_2","Lambchop_2","Goose_20","Hera_20","Iris_20","Ophelia_20","Hamlet_21","JarJarBinks_21","Korra_21","Goose_22","Hamlet_22","Hera_22","Iris_22","Kubo_22","Hamlet_23","Iris_23","Korra_23","Hera_24","Kubo_24","Ophelia_24","Wolverine_24","Kubo_25","JarJarBinks_29","Korra_29","JarJarBinks_3","Kubo_30","Hamlet_31","JarJarBinks_32","Goose_37","Hera_37","Kubo_37","Lambchop_37","Ophelia_37","Wolverine_37","Goose_4","Hamlet_41","Hera_41","Goose_42","Lambchop_42","Ophelia_43","Goose_44","Iris_44","JarJarBinks_44","Lambchop_44","Hamlet_45","Hera_45","JarJarBinks_45","Korra_45","Ophelia_45","Hamlet_46","Iris_46","Lambchop_46","Hamlet_48","Hera_48","Korra_48","Kubo_48","Lambchop_48","Ophelia_48","Wolverine_48","Iris_49","JarJarBinks_49","Kubo_49","Ophelia_49","Wolverine_49","JarJarBinks_50","Korra_50","Lambchop_50","Ophelia_50","Wolverine_50","Lambchop_51","Goose_52","JarJarBinks_52","Kubo_52","Kubo_53","Iris_55","Lambchop_55","Ophelia_55","Ophelia_57","Wolverine_57","Goose_58","Wolverine_58","Goose_59","Hamlet_59","Iris_59","Ophelia_59","Korra_6","Iris_60","Wolverine_60","Hamlet_67","Hera_67","JarJarBinks_68","Hera_7","Iris_7","Korra_9"
"Hera_1",0,16.298618530257,13.0059446410159,14.6734287024378,17.9036950274095,12.4278386282875,21.930003749084,18.2267551277698,21.1977256938249,16.4347581961491,16.4347171114375,19.9919399468753,15.4233756451806,23.3066312019031,14.9462173094483,10.2099945978612,11.209820202126,20.6297710637281,14.1333225768542,13.3432830402594,24.5406289680011,15.5709250578763,12.4110787487122,20.7984392961786,16.2859436935501,28.0678333716859,21.45614371402,15.6105032469536,12.3997809694698,18.8474193605172,16.8989186031814,13.1184199848769,14.635454595388,15.5866685466723,17.2999321124439,17.2532493564255,19.251418611867,19.6140828427064,15.9416909420022,12.7220871259294,19.9513123544856,16.334271275802,10.9282667191961,15.4047799866189,16.0937943412806,16.2904500804809,16.1358797094657,14.4943395402509,17.0299840741774,12.0061700374769,17.1667767802173,14.070117501678,19.451829382581,17.7324021907693,12.9427224619959,15.2851384380886,18.0925688253115,18.9569775704662,18.3843051821269,37.5828863775817,16.4276318505524,12.986107023195,18.0556491568087,17.7656845676472,17.5748132936476,17.973776484362,21.2664200785841,22.2031783523515,17.734713003687,13.80357460692,15.376708225556,21.2107686089648,15.3693974821435,17.5126503226416,12.8645232391088,22.1042533300023,17.9903725729679,11.8958232384677,13.1052251275615,14.7160123185947,15.5653821686258,17.3607651152901,17.7092451787247,20.2523524175353,19.5198056885616,16.9158714948797,13.6600854956039,17.5998503902722,20.344805789064,16.7002730031212,12.8006326123012,18.9317110448009,22.2781482979819,18.5724387393672,17.1425070830126,16.7888062642809,13.3202341415565,16.0906037187425,15.4959441008041,18.9667394068864,16.8309790804619,19.054439062574,16.7370396168704,19.0804817206913,20.1244258673755,18.2137113591084,17.3140377672749,13.5825333213078,19.9409355390771,21.6229234955023,19.3509790094804,23.2494187352283,21.1780290950676,18.0936865130421,12.7666006573818,16.0244473106787,8.38528942270451,23.3914866870108,13.9419710552475
"Wolverine_1",16.298618530257,0,17.0216971508381,19.8258515986831,17.9282295092497,17.7617569926096,16.5718357582491,20.3987199525064,17.0366724172013,16.5726362522183,17.5176282909696,16.4248347673714,18.6186105133675,25.8160500947478,12.1107378575382,14.6717563329993,15.9183662677048,15.9093724507663,19.7109990962074,15.9391346050018,27.1226498115965,10.7412637730551,16.3764941283987,16.3048441612903,22.5823622778628,23.1350552700216,24.0453035729167,20.5265392983242,16.3537299101261,15.7939779111983,19.4781730821813,17.254505051282,20.5205474385587,21.2496630922528,22.184174931946,20.637161550433,22.3555240165925,16.1714108585856,18.7316109340155,18.0701750193329,18.6176065701983,21.815760574184,15.59916290948,21.3314662032308,17.0334326117274,11.9467651024515,18.4220438750693,20.203734844677,21.6614125007569,19.4596178004264,19.2997896219163,18.6528970961798,25.3882462975596,22.682583651467,16.6486840620051,15.3014609943547,23.5245643308256,21.4647855125623,11.6336538235012,38.7803605053867,21.1548966988367,17.4462415785609,23.896212769431,18.867703266046,19.5325624547444,21.9373430609599,17.5273319116201,25.2572729931874,19.557834351985,18.0099747986018,19.0779882032368,22.896877703977,22.2268607075927,19.6525496000333,18.1907312325106,19.6920792276929,19.5279047652733,17.1067688569671,17.5183628242017,21.1462578733323,14.9135695681291,22.6242109165144,18.9759934660523,15.8512509646852,18.3157607055534,22.6698357944355,13.0178066867032,20.6744456119904,16.5901877934788,23.162313657587,20.3403287436698,20.7695339472947,24.2057330557728,16.4246112638189,19.4956254855904,22.2303511182088,19.8365778319127,20.9453160865411,14.6237847668183,16.1304875594925,19.1916960381548,21.4511156675154,18.7952197251213,15.5776170062587,24.4965589717898,14.1725834058576,22.8140309826195,18.3343176212461,16.4594872378602,24.3425468647891,21.025772402969,20.3466457346529,17.5770784051177,20.1609744156499,17.4091753539771,20.77166812951,17.5428037863234,22.053188359761,19.1930811666934
"Hamlet_11",13.0059446410159,17.0216971508381,0,11.0358936529997,15.0127396204341,10.2107687781003,20.4179971629929,17.0238954812053,19.7521178761916,15.4732600420032,16.0919399978825,20.8267263186208,18.9704746028727,24.0517437020177,16.5908678792641,13.1542359519975,15.0284073877262,20.9991788902807,19.4056820999605,18.6257008790852,26.2215918532729,16.7609788075479,15.8475055765483,20.6540306350207,18.6790743711383,26.6068449843111,21.4889104606823,21.0662302000675,15.0071059558037,19.2383896798541,17.3296356908981,14.5849560004644,20.4420189640524,21.1093098615004,21.5070265630209,17.188153535862,21.8915716977042,21.1227733103544,19.2598150424421,11.1142333163803,21.5651252052611,21.2670401418347,12.7264246741245,20.7394729752879,17.015899464099,17.4007976368253,18.4251894550937,19.7832746186017,20.6863106750616,18.5710526556408,18.9281832208769,15.4846091936856,24.1795743617011,22.441727304518,13.853906766205,15.3345510866362,22.6899929511486,17.4140430647912,17.8164725269524,36.3671278608393,15.8154171679562,12.1805764649745,23.2070474370004,21.1145201706414,16.3384828608557,22.5757878141755,21.9961385754638,24.6067590151277,21.2029501007738,13.6791108276453,13.9567996232895,20.4299576421805,21.0183310757844,17.1640325539585,15.2174224236359,22.2279044934984,20.8188710589323,13.1740604195427,13.6888438399028,20.332107893371,16.6158333703364,22.8153267889599,16.8817147877395,20.0363395075332,22.1239221956958,22.1142061467447,16.5518976624688,17.3307853696092,20.248408261127,22.3525254534251,19.6791579673921,22.2693862868433,20.4589680975332,19.2488169330529,21.2501648889063,22.546285320463,19.8233845993029,20.0700023653316,17.0972201241261,19.9089360889833,19.8633397360979,17.8255299106341,17.1130675991052,17.7563160332487,24.1029553172394,17.5905408573531,22.1362646164519,12.1303096511832,21.0914797709164,22.1428546985744,20.0592659687614,23.6156850403823,20.8596785105418,16.5161740218368,16.2450848137184,21.8722793949444,14.1802571150529,25.0807526097952,19.65815945812
"Hera_11",14.6734287024378,19.8258515986831,11.0358936529997,0,16.0690378855909,10.6585701314676,23.749446379347,15.5115924141211,20.8054679090058,16.9959014044481,15.2851030206966,23.0748111853249,17.0658026062287,23.2534751735364,18.1650720961384,15.2575254167704,16.5774369306967,23.4280435693225,19.4572691925763,19.3081034264444,25.0816484854416,18.9540612831835,18.0177180390638,23.4093344295636,22.4474275628776,29.84138101397,24.4323156608568,22.367171453658,15.9270031190144,21.5002982706926,16.8472717259658,14.3418269761399,19.967117986546,18.742071797076,20.0827210228052,14.3588408086275,23.6429542449859,22.9200913480833,18.8760323907825,14.6954336201835,23.3848168035886,18.0058926046345,16.0884386319521,17.3873706334531,19.1717635880215,19.2502565524633,21.0775871300192,18.5396100377505,17.8450590912217,18.2020662514166,18.3989096002896,15.7074686974122,20.5940236024857,20.6795745468348,15.8720071503584,15.2870539378383,20.7193045842265,14.4256365129522,20.0366180478754,36.2812245513044,12.9724249719575,12.9767441232257,21.9648942506046,22.6774674417418,16.947442073964,20.5402562444505,23.3935156383493,26.8671426452137,22.0247562664521,17.196797286692,15.8395361331074,20.6670467043757,19.3337960439538,17.4614129952734,16.8887916068431,22.5982932390965,22.2242365018208,15.8253377678882,14.7100708033033,18.1886002086484,18.3590020200364,22.9801921706926,18.6985817533736,19.9540363100003,22.9484451437982,19.2600024347947,18.5982001114257,17.2853493022782,19.9310328173103,20.7316445696925,18.9707426023296,23.1904909861006,18.9432712636832,18.0212600770389,22.6556352527127,23.5385496005069,19.2199447856537,17.7873200946325,17.4038711853877,21.4153020279877,21.2822202188171,16.1619057961011,18.8140830178105,17.6826112684705,22.5577241269181,17.6405569155891,21.0897925257752,12.247581879871,23.1584070070439,21.6400662605398,20.636915992448,25.247997305818,21.761124242371,20.2514513962059,15.6005209944243,20.0641801961053,15.8002289649028,24.8893860075832,19.1196972968874
"JarJarBinks_11",17.9036950274095,17.9282295092497,15.0127396204341,16.0690378855909,0,17.1452822048775,21.5096501528764,10.4897365113757,22.4172098376479,16.8938967746578,8.46934473338669,22.3370952520569,15.9836761892627,24.761677566212,19.4137333617174,18.3655612158137,20.0857365395184,23.0117309853247,18.8564239099022,17.7556784875341,27.6071086588087,18.7434102295089,19.2995321164122,22.2087677016087,22.7223738759171,27.9591930041059,23.1732659207916,23.2951547582958,19.4258058141704,21.4130329542722,17.6412423049929,18.4682165889214,20.2260679064905,19.4065834393815,20.5342614097461,18.7253964316219,23.4937164807946,23.1593684832175,15.8533587126305,16.5022751015904,23.8813283379215,19.9660420518757,18.9075883003722,19.5095170143875,19.0994879637296,19.3761429748537,17.4577273407641,18.7812729408881,18.9585653611142,20.7132814850645,17.6128954969738,19.8345166358048,23.1630063480813,21.9327640283585,19.9349571971383,15.3482740382446,22.5161414341677,16.2615317216681,19.861153484078,36.7807587206021,18.9920125379475,16.5131373926633,23.9956387416716,21.0032165377786,16.7534314806456,24.0024962388568,23.9020782690386,24.4045104989318,21.8854507398628,19.7537357590861,19.6236193895709,21.2391290936841,21.0505792292301,18.4728151597722,19.9306811720958,23.4455584237406,20.8799643309122,18.3649698974152,17.109648139062,20.2700164163268,17.4340471184703,24.1880351880755,18.7275949259995,19.991460357658,24.6223801503686,22.1109961840094,17.487087121506,18.0977138913833,21.0462548521506,23.2445939181969,20.6004501217695,22.6387697793762,19.208962794793,18.8680871350395,22.5995787878804,24.5698681271466,21.6994844096337,18.1118319305641,18.0402149265782,22.3596718919621,20.1325909226646,18.6663950443864,17.8005944037148,16.9150688689094,23.6678341148231,17.7335470795233,22.3864670475246,14.8676700779412,23.0299137102547,22.522492385393,17.8603086332831,25.6727074487049,22.2957286716673,20.1021593096643,21.7926108654727,20.4395213888501,19.8883920139645,27.2239254058091,19.2668522213776
"Hera_14",12.4278386282875,17.7617569926096,10.2107687781003,10.6585701314676,17.1452822048775,0,21.6139680603253,16.3924859639356,20.0755021759499,15.3541081483875,16.2307454061251,20.7976603943104,17.2990229736379,23.3577666836583,15.6203739464502,11.7258956625785,13.092368684592,21.3536088081727,17.793356095195,17.5614296972745,24.5952977849731,16.6804038349905,15.2792540829375,21.3435600246237,19.0801538152872,27.6914955621045,21.8556289602325,19.2803360695438,12.3832136305583,19.1009048086631,14.884587960535,10.7209520970167,18.4482461043841,18.6935088274529,20.6524531745088,13.1978674697375,21.1578579659503,20.0789369684939,18.4551976218514,12.0816294315832,21.0169923801234,17.9767553748343,12.646837020776,17.5111523434148,16.2228675861472,17.074851920056,18.3826250491533,17.9955763012863,17.7086776487196,15.9479222778384,18.2174250852856,12.3371030861161,20.6531847691534,19.7875463749438,12.6022084489787,15.3637732172406,20.0866159222623,16.4336782547067,17.9203937225943,37.2883609587684,13.2468872741828,10.8679289991934,20.3108081379651,20.1640472544378,16.8749198017205,19.9542670048633,21.1914783255897,24.6505923978857,19.7083261827393,13.8261999876888,13.9211854668815,20.093647252536,18.9049147820886,16.1531672771954,13.6854381958505,20.0285136506288,19.8109501667181,13.1192638306236,13.5537065468952,18.8691899071807,16.5620891455782,20.1233969620289,16.6234190610626,17.9236744994104,20.0105676244376,18.9482431366811,16.5871652321357,16.4567582719154,17.3471118847325,19.2429931632831,17.5651171138696,21.0577324878851,20.5239436297222,15.8940627045171,20.1295140558959,20.1724777932215,17.6930560885154,18.5833396023066,16.5252039965695,19.3673278647821,19.5028932688588,17.4853210188331,17.7049334052388,15.9246375644303,21.8381233944759,15.7423700581882,19.5528406394679,13.4968503809021,20.6591539998485,20.7053423163285,19.6692641162887,23.0972689158214,18.6380213586872,18.2921519920919,14.1400534850307,19.6056747710221,12.1856283754228,22.6980666840015,17.8951390553582
"Iris_14",21.930003749084,16.5718357582491,20.4179971629929,23.749446379347,21.5096501528764,21.6139680603253,0,23.7258022968564,13.2071745588245,21.3467656375733,22.1110482186154,10.1896945092542,23.935357223756,28.1995605536368,18.3321851245672,20.5973971831162,21.7035572329123,9.93355923149724,23.7132660036165,22.18910420129,29.5822911140589,17.2627168374968,21.8823242209678,8.00871007078889,24.9154591518875,21.7349878534966,26.0725951521305,22.4971953992256,21.1821073714594,10.7655188805456,23.4287943829665,22.7338163612891,24.5997493164087,25.5892009649555,24.114619410189,25.2749943266274,23.2720158780817,13.2396751886359,23.4650439557176,21.6923820515855,15.3294309466566,25.7981305580014,20.6890225137465,25.5017258026278,21.2276605451698,16.7069732743202,21.9243499720352,24.8505319417459,25.4941315948349,23.7239717795456,23.9866245916397,23.2085122157589,28.8762721113857,23.8521346105949,21.4409590981581,19.5901438130033,25.0728029861944,24.3657991072728,14.690067168704,40.6605981571655,25.5603253153613,22.0766402224091,24.8855154094951,22.3141262689346,23.3621500333741,25.6525238477688,11.6455936493936,27.2419618779236,23.0476512688785,21.8985386074537,22.6490290272137,26.3192896247942,25.7844273267041,23.4963678751099,22.7022231578215,13.3405836011548,22.4065305123914,20.6929090428735,21.573100379425,25.2948264500789,18.7291460639367,24.0485822024205,22.0207955813904,16.7118367736252,16.3696050781019,26.3411138053066,18.6998657809512,23.4959067956698,17.6496498532655,26.533128955616,24.1009493179567,24.6789238287414,26.6937301511526,19.9376768803761,23.5469532149411,24.0335196766604,24.0274876302251,23.8344464688111,20.5715575449377,12.0905090288637,22.7249891586784,25.166455238979,22.6542069099628,17.8513684981593,26.4270154513264,18.2716709420024,24.4019358243983,22.4072591660223,11.8228986943735,27.5441327857711,24.8134694182605,12.4311853870379,19.7545718686303,23.3763648979724,22.725538273885,25.4694574287983,21.6855505689613,18.2557555352877,23.8492250691607
"Kubo_14",18.2267551277698,20.3987199525064,17.0238954812053,15.5115924141211,10.4897365113757,16.3924859639356,23.7258022968564,0,24.2867761960882,18.88287089145,10.2324739277645,23.5969665971648,14.8324145079091,21.2608134171811,19.5264226879928,18.3492818948999,19.6150550498215,24.455518799263,16.3195317690712,16.9976422749799,24.0012947581287,19.9743143054408,19.117953225085,23.8339170282289,22.3987563351026,28.6450191729219,21.2270656981599,21.4747304970671,18.9834285871555,22.6271595942447,15.8126808698084,16.7779083071234,17.1166395538526,16.318466172508,17.9623835443731,14.7867380181982,22.2391658974368,22.9999056514503,13.5321839629028,16.5275107745324,24.2851935444155,15.4618532598309,19.5239468663414,16.3214698060151,20.3879556779498,19.9467533003727,16.257205693525,15.4914105096122,14.1247827836553,18.7379904381383,15.1216936418977,18.6752561864502,19.1194651936385,18.7111916243607,20.3162838439648,16.3192423464234,19.0282927618714,12.9829533994461,21.0780930701179,34.0329118065805,18.5185373320008,16.4647244612958,20.6601189572204,20.3489873123475,17.9241562472955,21.1116064273697,24.4608649130265,22.7942439475759,20.810402437226,20.1323110783269,19.9900240695482,21.003571316737,18.4456433456049,18.7026680478794,19.1456425213764,22.6006908350733,19.8903609327881,18.8089147886155,17.2476254230401,18.1056238445371,19.1065773461071,21.2661685456383,19.4194364196709,19.0307628181154,23.9656965270882,18.7761502452719,18.9996187483845,17.1167033392376,19.2651672441982,19.8246859481747,17.9771863952004,21.2416111617674,16.8933612383122,16.2613509173183,21.677621038741,22.1990895791375,19.568568394059,15.8098343910191,19.4210833149081,23.3461684625063,19.248770092205,17.7398527442472,18.8056222030925,16.0488168723893,19.5592300520416,17.2668888562313,19.0064917053044,15.2479961737146,23.9222481340376,20.25136233581,18.2699053385926,26.2257010887225,21.0908272016985,20.1808128044583,21.3434167990209,18.0483790423301,19.5547162054679,27.2858548260911,18.7887948036428
"Wolverine_14",21.1977256938249,17.0366724172013,19.7521178761916,20.8054679090058,22.4172098376479,20.0755021759499,13.2071745588245,24.2867761960882,0,19.4627416339734,21.135339128409,13.5559509019344,21.7835956582779,28.0289628299713,16.9323082368206,19.7485452323499,20.4676702939838,14.4624350148585,23.8582956691839,21.4263925112133,28.9583622594276,15.7773637129701,21.410741375651,12.6986193822301,26.8328764887918,25.908207596877,28.3664482779685,22.9815027553896,19.9881309933688,13.0843845799613,23.5441450095053,21.4236935045921,24.7676368838756,24.9071242342481,23.9412858958238,24.1482503923988,23.6712596704247,15.385197956817,23.3122926729885,22.3215645027178,16.5285944381683,24.754454835268,20.6452578758407,23.5505409163527,20.4898881735134,15.9526376125701,22.8052789102437,24.5383085128688,25.2958714558017,21.9576223130523,22.7939406095919,21.6874256535571,27.6841372870757,23.4319817572981,20.5083991747663,18.8351098219261,24.61092762729,24.1268457000014,15.2028701746131,41.1701979111844,22.6515748480345,21.5418191430318,24.3560554310435,23.1642898949084,22.2353902727958,23.5640992026245,13.0207851180712,29.7123559702291,22.7849182591794,22.6729994326722,22.0795751864016,24.9628131057772,25.5148995357657,21.8174344256419,22.5235791812355,16.7639196426786,23.0312828184465,20.1005453081476,20.6566488775804,24.5517970085646,18.0610830168652,24.1814205785286,22.261036642906,18.2657255585791,16.5208318902078,24.4353558678156,18.4861359011969,23.5061826612851,18.4764197289279,25.5180163578234,23.9429177503735,24.2814277746197,26.8943731290605,19.6936690205931,23.2597312971798,24.2874832061267,22.7878192958063,24.3382264431763,18.6004660118795,12.2185333952892,23.4658744665072,23.923006485119,23.7931833735739,18.6392391780569,26.6536514880745,18.0286538768357,24.1540067832455,21.9946515398913,14.7882519812655,27.7533949688891,23.6880743305376,15.3998172404006,20.5963088752671,25.778480434267,18.7557297159645,24.4738847056317,20.6884361472936,16.8162901142484,23.1426682146528
"JarJarBinks_15",16.4347581961491,16.5726362522183,15.4732600420032,16.9959014044481,16.8938967746578,15.3541081483875,21.3467656375733,18.88287089145,19.4627416339734,0,15.2171941555954,20.083596501331,16.9960337279219,26.8906768812649,16.2458932498023,13.0874750373858,15.0968287404737,21.0905350123365,19.5770769250539,17.8832906015604,28.783244169425,15.4987688405734,13.1114467036624,20.5076930845897,22.590484235921,27.2813683382199,24.2377692484728,22.097223277391,13.9082393971703,19.7394493301212,12.0658451298049,13.9176660488056,20.9331012754788,20.8491285521038,22.0772305968453,17.4487014424041,24.4842421086182,21.1421831635379,18.8691786525115,17.1608450176501,22.1872409819826,21.4205485523747,14.8994882853292,19.954265897515,11.338881568044,16.381423977148,19.3336824321215,20.0881078282104,21.1776498902014,18.5836185968401,20.4381986171298,16.4338643479076,23.6186987176206,23.2198969048068,15.6072738800501,19.3689007791946,23.9515191504235,16.1429231209958,16.2716150094268,38.848919777313,18.4713575244366,15.1011398232801,24.777396244083,22.9164283880734,13.5045961734324,23.4840357877981,21.4335634387245,26.4501452612956,23.1509014374946,16.8150458478675,18.0749313068782,19.7649183420956,21.5059654612763,15.4168784882768,16.558381480801,22.2063421098602,22.8182728394682,14.7305027397446,14.2985632255764,20.7489700792599,18.6494052020951,24.3295774159014,15.6972092859579,18.559493280625,22.2832196066519,22.5774557776526,17.1699763954178,15.6241138157609,20.0212665738611,23.3607313093566,20.4940771191907,23.9889958662856,20.2465078878637,18.4457006460326,22.9821824143457,23.9303318113109,20.4624662164963,19.668280839204,16.4758354491155,19.9395720188687,21.8804176217902,17.3110422719347,13.9495800124699,16.5084369982806,26.1541052060659,15.3446293567402,23.5971913983635,14.6705839546282,20.9787457996218,21.9417828843259,20.1718128729209,23.6332192180302,21.2837994287368,19.6996651603325,17.5600568956935,21.3132820004772,17.5139928279017,25.4627556627724,18.5516621354468
"Kubo_15",16.4347171114375,17.5176282909696,16.0919399978825,15.2851030206966,8.46934473338669,16.2307454061251,22.1110482186154,10.2324739277645,21.135339128409,15.2171941555954,0,21.5315225158928,11.4054001812988,23.2206447602262,17.4771122283566,16.5530940135678,18.1732014700572,22.5306180166109,16.5487716405898,15.0396384301484,25.4205187765188,16.8978578231725,17.1645289725729,21.762093818558,23.2380533921237,28.3489030565059,23.6879595593548,20.7510867309255,17.8168765854943,20.3750716420535,16.0805639759666,16.1788814525402,17.5672708352436,16.2940122020519,17.5925853542721,16.9900589596235,22.8060089326473,21.5381124794925,12.9412697309,16.3435728304409,22.3791109960138,16.7264682650097,17.8568930351642,15.8580597719095,17.8914577253333,17.3633095421834,16.2744795025344,15.7373047143756,16.2317974435705,17.304534775019,14.8352210452819,18.0558583698758,20.1872051630514,19.1320995476894,18.7893495611677,15.1176789302837,19.7065596671434,15.7601870824693,18.6360642588862,37.0213179475099,17.3298689038022,15.3779977837174,20.9556629820278,20.2301307674876,15.6047627795009,20.4985834293316,22.6334624672432,24.348580246594,20.747104553216,19.0914935246162,19.119002184296,20.2810255050483,18.4305063247046,16.8542374751314,18.1816727606303,22.6086713832603,20.2857829180829,17.1150381698808,15.7400589121278,17.1356464379878,17.4334772638115,21.2133221210695,18.3898981159872,18.6911981867167,22.6883463291428,19.0419208281052,16.6385397544648,17.2640567107826,19.8377879516574,19.9504916654094,17.9179435225294,21.2868122797263,19.0038734794805,17.1852660172791,20.9885902789854,22.0598037399071,18.5042445587808,16.385287822866,16.6772254964397,20.8936956232318,19.4023572478624,17.7579346780071,17.4544385021565,15.9678715382499,21.2726236600357,16.2491069243187,19.6135387406818,14.1296524742614,21.9717343073295,21.253724133185,17.0251566632061,25.0062189752196,21.1617175059403,21.2269278202988,18.5579729168181,17.7919886388911,17.7919957547822,25.2503808212821,16.3807647065914
"Iris_17",19.9919399468753,16.4248347673714,20.8267263186208,23.0748111853249,22.3370952520569,20.7976603943104,10.1896945092542,23.5969665971648,13.5559509019344,20.083596501331,21.5315225158928,0,21.9028326348223,26.9127189232219,15.6041038033957,18.0820348114437,19.121765762864,9.65089371673719,21.600054749674,20.7317054003462,28.1532387624236,14.132822956473,19.8736156125803,9.14835820131131,24.6932005712142,24.0722535241141,25.9418974771097,19.4944625532421,18.1360302836462,9.31846035047236,21.7833703623777,20.6033338890223,22.040165700486,23.136930046905,21.0479155659765,23.8299763320842,21.5649968496969,10.7199481652197,21.5500081725211,20.7769365465407,11.743231699852,23.2753462124628,19.1855172581824,23.0456428565119,20.0524696843117,14.3776774853793,20.8549905658067,22.4488668783822,23.3086687152351,20.7825141793415,22.8187143720765,21.9281053331291,26.8719612414678,21.4495159378554,20.3400519564424,20.1710046792419,22.5454678274209,23.528539365769,13.7286739105191,39.8824049390562,24.2398784019744,21.288256267789,22.1650860500607,21.686487484423,22.353966461631,22.9658283416473,11.5154820695952,26.8771231747871,21.9014120078303,22.0154927733546,22.7910535102217,25.3001362579148,23.9371816490968,22.8891694059289,21.4878122469369,13.2018999280994,21.9390616027962,19.1893407897945,19.7263277148636,23.1738436258395,18.8606426112253,21.6317295048753,22.2368811260489,15.6956923146919,13.3211248914669,23.633625165256,18.017279245295,22.3903775937679,16.77247066758,24.1311880863232,21.5950845884952,23.2773369697775,25.9030712165531,18.4161431894104,21.9675745290551,21.4753019524304,21.1682812060536,22.3071098365184,19.7370470548917,9.86266209927307,21.8224954934148,24.6122269367862,22.2688484429267,16.3188041373766,24.6390578472764,16.2101780088518,21.9966957621012,21.8263754336542,9.54300258037765,26.5315756126243,24.4284051713812,12.5551769333907,19.2432442323967,24.0256917798604,20.3308790437072,24.1198075618615,19.8507113962445,16.1440594486821,21.95771885923
"Kubo_17",15.4233756451806,18.6186105133675,18.9704746028727,17.0658026062287,15.9836761892627,17.2990229736379,23.935357223756,14.8324145079091,21.7835956582779,16.9960337279219,11.4054001812988,21.9028326348223,0,23.1945768402066,15.3349233062785,15.7474887776767,15.7302261550126,22.1021147993753,12.79957963978,10.9687307126885,24.8280171795119,15.6333330958469,14.8391948367526,22.3560710853396,22.355713199249,28.7926589614479,22.8118762486592,17.4112206265207,15.5846163816699,21.0797260839827,16.0860153536283,15.2188120483112,13.185957951272,12.96888000312,15.5137583573433,16.9173882782281,21.2404836964451,20.8451245891756,9.95727447604835,18.0275948184554,21.5317379071104,13.3360737263164,16.8551964881074,12.2128536479612,16.8650805978162,16.0204001474333,14.5410252055031,11.8307293837697,15.0770630766607,12.9540695072803,13.2528012509252,16.602821350453,15.6631097464277,16.1956472873624,17.3776517769009,17.8060799643495,16.2498015521846,17.8026359904634,19.2980895883044,37.8019497190722,17.1848824667934,16.3452373740175,17.3777424541671,19.8453136295488,17.7816980335137,17.1234130463423,21.8780172597708,22.5982474712635,19.8528445316104,18.7135360583315,18.9583900743231,20.8926808277572,14.1097469209202,17.4415584044129,16.2133791953257,22.5014394318364,19.8409608456628,16.1161822758863,15.0704656566007,13.3178931697969,18.3582856778313,18.1787998630666,19.0605420439741,18.7786378610091,20.5832495366987,14.9434135075127,16.4397624636768,17.1174131727822,19.3278848886368,15.786659034244,14.2483221472898,20.8074258384654,20.9284668275275,17.333251502867,19.6970933252755,18.5196582887237,14.6289462405835,14.2313302655618,16.9138917991054,20.6347830887893,19.0822629055126,18.6404613092122,17.6887112897765,17.8291013397474,19.1350760808731,17.041654928569,16.7614982989711,15.5340508421944,21.214850274453,20.8424308313752,17.6953981015298,24.1668027836917,21.5103086059292,22.071047084801,16.1122165175468,14.425208057611,16.3858738919646,24.2508964904336,11.596768595404
"Lambchop_17",23.3066312019031,25.8160500947478,24.0517437020177,23.2534751735364,24.761677566212,23.3577666836583,28.1995605536368,21.2608134171811,28.0289628299713,26.8906768812649,23.2206447602262,26.9127189232219,23.1945768402066,0,22.9217812625011,24.4718069259362,24.9939051216892,27.8063259756085,22.1737535997264,24.1257000013768,9.39258858092405,24.0711305532269,24.4313896462313,27.4298267232777,25.9036703488819,30.4042104581021,23.7194656777921,23.7253841288907,25.6229948771913,25.583853027134,23.9547293072982,23.5502632697985,21.3195306733592,20.9880335571865,21.5059776705012,20.3892115868987,24.298078294163,24.358566461732,22.041940740304,23.1320981764677,25.2030088805458,19.9759021676803,24.8673515553852,21.4386849439716,27.4722726643166,22.799994955785,23.4555852277311,20.6444269089532,17.4837556938738,22.8820967717731,20.9314996417417,24.9033357849085,26.2994528396472,22.4894105795528,27.1748071389199,22.9209363510626,22.6124463205407,21.9090823791383,25.7911083782539,27.5300619493449,27.9828409724568,23.8526490494585,23.1416986635737,20.3454931751119,25.9522945064605,21.4713791829122,27.8237335617917,24.8470609129726,20.9823467625033,26.4820263011733,26.9666363014705,25.709144494889,22.2892071113727,26.2096540909972,24.7550454665146,26.9460915072885,20.335392730129,25.9030374544085,24.9339621192014,21.1866523900205,26.2844708439827,22.0001086426903,27.6807797463365,24.2379521091052,25.0872719253486,24.0291019035227,25.0511926283112,26.3743435045871,24.9319264585995,22.1793015696436,20.7113124918315,20.0204152233176,21.9771710636787,20.6073703225006,19.7498656262314,23.1761420788831,22.2071815095248,22.1259558845154,26.1918128466806,26.0687161535624,18.5661330593122,25.6226536623086,26.7978286816589,22.2789703481103,19.7627607970831,22.1010631754624,21.8114223658262,25.0845987524119,27.4152049310076,26.2440413826882,29.6920951482555,29.8586908646309,23.9129479777488,25.9829912058228,23.4372308919768,23.8342799184078,23.9595641767097,30.2624325293372,24.389039326541
"Wolverine_17",14.9462173094483,12.1107378575382,16.5908678792641,18.1650720961384,19.4137333617174,15.6203739464502,18.3321851245672,19.5264226879928,16.9323082368206,16.2458932498023,17.4771122283566,15.6041038033957,15.3349233062785,22.9217812625011,0,12.840889019491,12.5128795624212,16.1492867214125,16.232682918597,13.8387002779236,24.2721959870023,7.42567472446073,13.4112189203695,16.4156041068977,20.1946943986423,23.3298695129958,21.8416603206585,16.4178835865283,13.0554787585211,15.0170651207148,17.100126138089,14.6398485298954,16.2037767149273,16.9885374033266,18.6034371416811,17.987970616683,19.4719471455687,13.7804622376317,16.2396885154865,16.8546038772258,16.2857737606261,17.3380924794611,13.4273394851773,16.595138729934,15.1096147622589,7.43989489135111,15.9835360770631,16.2649913176562,17.7508719215531,14.9632725069444,17.4591391507971,15.5796555624223,21.8824045814187,18.9619743425299,14.3686861899352,15.7843003393123,19.7002816979402,19.630388998193,12.707719529037,37.0229804711462,19.2630426679788,15.7127814021599,19.5444943013975,17.2598949344205,18.500684644791,18.7277431467902,16.4155271257396,22.7204742577759,17.5587198134624,16.1992704663465,17.7602097416264,20.5705179936311,18.1657216628949,17.7837181154276,15.0575158079665,17.9894214611533,17.2838920840286,14.7968244439393,15.1839549650689,17.4506356071566,14.6781932297575,18.7672924403909,17.9475884587803,14.9442842805676,15.3062910963187,18.6183133470002,12.3630512392835,18.2341194163195,15.0356715650241,18.6730865605959,16.134937516324,18.8075059305683,22.1700149405565,14.2346228522878,17.1294692123258,18.09034531473,15.9510965435493,18.3153435342212,14.8585763747614,14.7720885449099,17.2430235172036,19.9043617262345,17.5310492551739,15.1528736065012,21.2507410883775,13.2791297405413,19.0711807633442,17.2008318264944,15.1791712793148,21.5656796358521,20.7200611615354,18.7932055329611,16.3659131697344,19.1030722922536,14.5620550271251,18.954103401984,14.4246354577345,20.0760488752367,15.516469027004
"Hamlet_18",10.2099945978612,14.6717563329993,13.1542359519975,15.2575254167704,18.3655612158137,11.7258956625785,20.5973971831162,18.3492818948999,19.7485452323499,13.0874750373858,16.5530940135678,18.0820348114437,15.7474887776767,24.4718069259362,12.840889019491,0,7.79535428227989,19.2678812613754,15.2124358982276,14.0192444538164,25.6465707444929,12.7952327504488,9.75420312721959,19.648440686902,18.7899911198529,26.9171167235249,21.2559021669935,17.0189352519651,8.6075436489134,17.8139683670789,13.9914623820522,10.0618875823927,15.898666470005,17.8065165058346,19.2591749042345,15.7791225286866,21.6494422755635,18.4762383970496,15.9320920679574,11.7166399627513,19.1764232434158,18.2881200252834,9.44995841344523,17.7081242018699,12.4527544540918,14.4211817986816,15.4360592327569,16.0869349498841,18.5616865669111,13.8293676731065,17.5634696283007,12.4050121358687,20.4298083422753,19.779877633624,10.3883004966166,17.4504303693484,20.2132592926749,17.2922858887789,16.2412234382953,38.1736076400454,15.5848367056428,11.2974718365007,20.2008141151058,20.150178338195,15.9523646343391,19.5778247410454,20.2655041355137,23.2474797257316,20.4076588463336,12.3089066962479,14.3523639829568,19.7991625413965,17.9047488992012,16.0353244608272,11.1039111369254,20.8450496529299,20.4735377432637,9.0176581963302,10.1202556150555,17.4045121715475,16.5818565390189,19.3472529829879,15.4341213138154,18.2455129923137,18.7708552370666,18.4755027826563,14.7788810869598,15.2300191072339,18.5354257691539,18.3632722840401,15.6656986822094,21.3024972125243,21.2258564011628,17.5165793474427,19.6854578798948,18.8961896444603,15.2877473256357,17.5484907319453,16.0405829998195,17.7864171665064,19.6303446833988,18.0327689024669,14.3780084885444,17.0066731974337,22.0690400516678,15.8171550992964,19.4192082465697,12.4352354494103,18.5061363490394,20.1449893245401,19.3776182724384,21.5997613706947,19.7664248078568,16.9717131597514,12.6122140460221,17.7798632649711,10.8075925837143,22.6874822134576,16.0373213679699
"Hera_18",11.209820202126,15.9183662677048,15.0284073877262,16.5774369306967,20.0857365395184,13.092368684592,21.7035572329123,19.6150550498215,20.4676702939838,15.0968287404737,18.1732014700572,19.121765762864,15.7302261550126,24.9939051216892,12.5128795624212,7.79535428227989,0,19.4660659329208,15.2504567867347,13.9060721010166,25.6369001532434,13.3046335550957,10.431272121686,20.2295916011825,18.4998366018183,27.0536406345547,21.7416571459751,17.1186689670647,7.26710953146335,18.4712158090608,15.0073331391729,10.6425911210374,15.7458908044582,17.2456700375817,19.7403642289164,16.1911682368751,22.005906727302,18.6763813540166,16.5117906072092,13.757761846603,19.7192608355738,17.8309643250134,8.89608164170428,17.0209356753325,12.914901890836,14.9480337171294,16.1007218396036,16.2101453529699,18.7360099499225,13.3559928321631,18.6488994745467,11.9032188976058,19.895475655975,19.6060688482641,10.4255986423631,18.1692136194316,20.0592588668523,18.7655163136432,17.3453044710714,39.008482676557,16.4877952145936,12.8159191589821,19.8413018307644,20.0016872271162,17.5464944771683,19.2997400343884,20.1909687533477,23.3884391207243,20.2075167890333,12.358606297478,14.0963048899785,20.8526497839074,17.0023971773383,16.9200774939834,10.4755806602299,20.8063350921393,20.4853243689187,9.3240313168674,10.3931584764163,16.7559010089677,16.7917545577426,19.0613719309896,16.1691986476781,18.5254805235804,18.3637450059086,17.917752570878,14.7319970642209,15.9148604021321,18.254935362755,17.8947234180879,15.3736483621792,21.5342485446465,22.3965615276018,17.3259886664938,19.6809375538883,18.3202888154413,15.2290951749788,17.7501462842225,16.1566075580077,18.4037160130616,19.7765388022585,18.9766429067355,15.1327531760553,18.3582008263094,21.812683788992,16.8598174914596,19.2427289141814,13.4206089231813,18.5176248973619,20.5361617633007,20.2652836572195,21.7204774374396,19.7515302534736,17.6226676727669,12.1356715757358,17.4413063696904,10.7055670158592,22.6759981072949,15.1191641637946
"Iris_18",20.6297710637281,15.9093724507663,20.9991788902807,23.4280435693225,23.0117309853247,21.3536088081727,9.93355923149724,24.455518799263,14.4624350148585,21.0905350123365,22.5306180166109,9.65089371673719,22.1021147993753,27.8063259756085,16.1492867214125,19.2678812613754,19.4660659329208,0,22.2730179835374,19.8218248729505,28.9549239940249,15.2076854996939,20.227880935019,8.57715471692342,24.4856168468655,21.937291177485,26.1699473726403,20.0895253964748,19.1998360891416,11.1327763249603,23.230586251205,21.0840255218201,22.8893366160834,23.5037346931269,22.8161342495407,24.1952790998811,22.2072168357779,11.6022869357425,22.3702571997359,21.6170074752767,13.2537466383179,24.0578249782445,18.878510495585,23.9150806918869,20.5819360609214,14.6265815099894,20.9756687086441,23.0516587728067,24.2729798925279,21.8175375713522,22.5002672949639,22.1888506267044,27.0020905384396,21.9977145262515,19.3146875915283,19.9701977510388,22.9739689178355,24.5969045589685,12.5147638654463,40.8372563033698,24.7406612782636,21.4777517850761,22.9124829642741,21.7809634304255,23.7545959075065,22.9015440266608,11.234220294829,26.7546480998306,22.1963083412107,20.4713217229575,20.7824720023637,26.2655904743305,23.6916261942285,23.5256628674175,20.7901484309859,13.6477546095677,22.4373647862572,19.4462661459898,20.4520895026969,22.8787156379863,18.9662031596202,22.2256092319143,21.6552355312377,14.9166993674205,13.4529611808979,24.3154989300452,17.6799260181117,22.7071401884716,15.830948776054,24.7123122109566,22.318954178611,24.2165971098889,26.7730127681862,18.760162626736,22.3914934232172,21.6645342172723,21.8469551647433,22.870986631064,18.7005367851307,11.8045470747141,21.9767686991221,24.6959157688315,22.1394936245414,17.4852954559211,24.9830377994675,16.9860816830419,22.8311307037662,21.721116538994,9.70764553098065,26.5675974836664,24.5726259894076,12.6966757488945,18.2221258212272,23.1676503452429,20.4580813644706,24.0075959125614,20.443156863464,17.9289920799877,21.1258463632576
"JarJarBinks_18",14.1333225768542,19.7109990962074,19.4056820999605,19.4572691925763,18.8564239099022,17.793356095195,23.7132660036165,16.3195317690712,23.8582956691839,19.5770769250539,16.5487716405898,21.600054749674,12.79957963978,22.1737535997264,16.232682918597,15.2124358982276,15.2504567867347,22.2730179835374,0,11.9711050536476,23.7343432064835,16.4414167772038,14.8642548605664,22.3659429664287,18.9420221380901,28.3380305002746,18.416187734421,13.4900688998271,15.521422714763,20.7859110601193,17.0875914412076,16.0928446419037,8.24329608045741,13.2303134117666,13.1172929137292,17.1540730945957,17.5953375084749,20.3642517860031,10.8230670032981,17.3419978425373,21.1472249164341,13.3914732894226,16.0566123960111,14.0773175571386,18.4614249928953,17.2446019641864,12.1816567553583,7.7343881887441,14.216850900951,9.32007569878474,12.9749199901484,17.4958140012759,13.2074824413478,13.0130895369331,17.4746957465248,18.4961897239521,13.2456944249315,18.8086851001024,20.1935615991827,36.26551196687,20.2105726529329,17.5510517935244,13.8593125315423,16.1071762428689,20.1138372254697,15.396813078545,22.1195517018629,18.5868326510961,16.0446542265418,18.505073367605,19.9284408046224,22.7178624487663,12.9028331519216,19.8157722484672,16.1326668220874,22.0213178387871,16.1703075419912,16.2146224010028,16.2304243056704,13.0820884488375,18.5959517548367,13.8416682171917,20.219631039037,19.5274493054095,19.9339885989649,12.2397702220652,16.6954364174908,18.5364384003988,19.7592328261674,11.7164712804549,11.3905698677743,17.6698093227747,21.7620216039857,17.4762197107524,16.6288798059945,13.6664968592406,10.511218198268,13.8645038741673,18.4717493541455,20.7466670689528,15.8960934265031,20.3538779203513,18.4861421668101,18.4593323161896,15.3891683567528,17.8862971550113,12.5763442688343,17.7223325803883,21.1527190428876,21.3974808556314,18.66889359473,24.0496665907691,21.2952285890148,20.4614688787194,17.6198322178412,10.5616185815082,14.4258241415791,24.5753656626842,13.6347190028642
