"","Hera_1","Wolverine_1","Hamlet_11","Hera_11","JarJarBinks_11","Hera_14","Iris_14","JarJarBinks_14","Kubo_14","Wolverine_14","JarJarBinks_15","Kubo_15","Iris_17","Kubo_17","Lambchop_17","Wolverine_17","Hamlet_18","Hera_18","Iris_18","JarJarBinks_18","Kubo_18","Lambchop_18","Wolverine_18","Ophelia_19","Wolverine_19","Hera_2","JarJarBinks_2","Lambchop_2","Goose_20","Hamlet_20","Hera_20","Iris_20","Korra_20","Ophelia_20","Hamlet_21","JarJarBinks_21","Korra_21","Kubo_21","Goose_22","Hamlet_22","Hera_22","Iris_22","Korra_22","Kubo_22","Hamlet_23","Iris_23","Korra_23","Goose_24","Hera_24","Kubo_24","Ophelia_24","Wolverine_24","Kubo_25","Lambchop_25","JarJarBinks_29","Korra_29","JarJarBinks_3","Kubo_30","Hamlet_31","JarJarBinks_32","Goose_37","Hera_37","Kubo_37","Lambchop_37","Ophelia_37","Wolverine_37","Goose_4","Hamlet_41","Hera_41","Goose_42","Lambchop_42","Ophelia_43","Goose_44","Iris_44","JarJarBinks_44","Lambchop_44","Hamlet_45","Hera_45","JarJarBinks_45","Korra_45","Ophelia_45","Goose_46","Hamlet_46","Iris_46","Lambchop_46","Hamlet_48","Hera_48","Iris_48","JarJarBinks_48","Korra_48","Kubo_48","Lambchop_48","Ophelia_48","Wolverine_48","Iris_49","JarJarBinks_49","Kubo_49","Ophelia_49","Wolverine_49","JarJarBinks_50","Korra_50","Kubo_50","Lambchop_50","Ophelia_50","Wolverine_50","Lambchop_51","Goose_52","JarJarBinks_52","Kubo_52","Hera_53","Kubo_53","Iris_55","Lambchop_55","Ophelia_55","Ophelia_57","Wolverine_57","Goose_58","Wolverine_58","Goose_59","Hamlet_59","Iris_59","Ophelia_59","Korra_6","Iris_60","Wolverine_60","Hamlet_67","Hera_67","JarJarBinks_68","Hera_7","Iris_7","Korra_9","Ophelia_9"
"Hera_1",0,0.344021215100304,0.239494296181807,0.227716688206394,0.29739041267379,0.269383581020962,0.386089989007815,0.288361899423317,0.26880568860273,0.471381371680873,0.242669121431982,0.241853440082993,0.339024151091994,0.235390182838929,0.755182031751345,0.335087671004854,0.135272520646632,0.185097029504491,0.361191427181918,0.236020260897042,0.228542582187418,0.760513222856758,0.314014582752458,0.246035672837868,0.361137029762451,0.321278044902042,0.442267177547265,0.416487424677461,0.378549655061183,0.22261553230602,0.213103627064746,0.39749169142363,0.328919172934837,0.276330940863801,0.175168197049507,0.307857147524834,0.309668043449018,0.270200448628069,0.396838049170457,0.257604141249131,0.52042053188234,0.373729207179847,0.259961337673488,0.253185749792994,0.313459953035577,0.375441498078479,0.29294767975338,0.363736686119689,0.211526466920286,0.336336526818253,0.260667064034038,0.359756313008259,0.209997745026504,0.508814252543992,0.206087265736708,0.371245419971629,0.274208820556785,0.286650402847084,0.229173135201262,0.386440793009273,0.372565411531224,0.169767366039024,0.357881624122787,0.38298408434991,0.251564346841368,0.345608809807133,0.784347728780297,0.323202789442346,0.246267163074108,0.445658006776187,0.447293790751725,0.289441379247326,0.467293459255815,0.407513750864615,0.416709613525781,0.464703709476469,0.169847471150899,0.269193521920323,0.281380981488908,0.281539184072795,0.328768100761019,0.321894890501187,0.209689823118091,0.408860319063246,0.449583902879452,0.169157589960292,0.22548113394645,0.422158321425042,0.21492506142684,0.229906540254634,0.271213085955825,0.410978005269425,0.302966549414984,0.349091675844881,0.396551665226897,0.328706193983654,0.241332656325825,0.26266951678829,0.408067877945989,0.364090138769654,0.251903464664903,0.329523866216607,0.499100125381696,0.270559111133948,0.344573694673854,0.437731380867626,0.465083090811413,0.360127036480178,0.135654358726301,0.142579876826279,0.279843742507419,0.411182766804337,0.46167506352551,0.271627380548709,0.233042758168222,0.308784273258179,0.439921200748238,0.340982110197883,0.434029984648031,0.161687893975601,0.370697058440361,0.361986028766365,0.372988300575751,0.435370434171084,0.419697811500098,0.327875759817665,0.251562369806101,0.275380475863549,0.256931979294444,0.485788169103138,0.21313833083398,0.254380881744937
"Wolverine_1",0.344021215100304,0,0.290353219325684,0.405206227352607,0.278022051142572,0.378869209962654,0.335913866318661,0.317229194567092,0.34535464062807,0.333136808032979,0.216877918580601,0.231606075000605,0.349912266052072,0.315874328716702,0.751019147020391,0.284529613701695,0.325263176862152,0.423640033084746,0.311791232825107,0.42880835467185,0.311374863167664,0.753883829764829,0.197149280230512,0.343411700747959,0.3600464229853,0.492188956731864,0.397476098670995,0.538836470645082,0.471381007107748,0.324963753430436,0.412107588209107,0.34744834604968,0.528828754890936,0.307094142552285,0.359883020103422,0.4979407360228,0.452218978806272,0.336311891796051,0.509562710539914,0.381307107648174,0.566484857514791,0.382012559574446,0.427822753164566,0.361001398272664,0.402343506310129,0.39460892100223,0.491531904544384,0.447261988935195,0.337463426595537,0.461964895696402,0.368638060374052,0.267073662863938,0.416933773919346,0.57996995265018,0.426610019621021,0.520885925504791,0.453625247571269,0.35878161951829,0.356131855255574,0.524203939647392,0.537499358467767,0.397810476518006,0.252195359826349,0.531879621240941,0.327429240991892,0.186159314255895,0.774169257678845,0.399346772329326,0.338011158258721,0.593267741609698,0.438610941198131,0.278950720162991,0.520668653935963,0.382681943599027,0.50919710161912,0.482462664798278,0.372700982440879,0.414118663879539,0.31176310430515,0.460432352004762,0.364054557629,0.520780177148802,0.395092891153278,0.456510404582127,0.405820013480743,0.343274478704224,0.31423142471272,0.444624211913822,0.451617994363568,0.410297727399762,0.332361918249107,0.570540290537118,0.396101473691266,0.302419857451456,0.42414690800962,0.524882907184131,0.212891753291395,0.407520362808547,0.443400915906887,0.522684731771369,0.506765019029415,0.356698683804807,0.444909124057586,0.295633021655393,0.321812046252161,0.389647711100952,0.556040743356387,0.469769131944905,0.383587735691427,0.315778146804092,0.28095459148635,0.373361036962599,0.474266560172205,0.318057579752283,0.287975624752755,0.294386600649844,0.495738242254849,0.255521312336157,0.537559702686069,0.335564249461759,0.367116595939232,0.391805296471178,0.406179820715963,0.445412732433157,0.365476185534207,0.422795699200782,0.366003677192637,0.416857923456743,0.401380098803662,0.451642831993898,0.383746662095256,0.292917989040902
"Hamlet_11",0.239494296181807,0.290353219325684,0,0.29923307003672,0.215389344641705,0.262829220837261,0.382536766358334,0.245826681843902,0.241700094968918,0.417485840352263,0.201900789934338,0.210406205845167,0.339208702978127,0.212044548971703,0.716103646237882,0.374715994983036,0.23070479461617,0.293162414815451,0.391288934424862,0.299430083783895,0.282168994610608,0.732762017267441,0.276942326583543,0.257671061282463,0.410642210712439,0.356312001618881,0.425585020522047,0.461232738020779,0.331842843342299,0.193002859611134,0.307249354592101,0.433684860246409,0.425361568518047,0.295944299536128,0.238187636917086,0.366344303228285,0.353796221374666,0.270109977845701,0.391897867289018,0.257509909311691,0.46629847185442,0.409385078600912,0.316308686188635,0.275066556281889,0.245718457582895,0.414663756823624,0.394868066576411,0.359427969142369,0.185479738996642,0.377450190936494,0.322451839638079,0.304561608396795,0.291901759793045,0.526389779870803,0.303682320403077,0.420460715835563,0.333232061049362,0.289521449500239,0.270352205075353,0.43016154481948,0.437325937243019,0.295510636580292,0.29935322221381,0.438274312817943,0.286343086667359,0.27774914968219,0.749274469841331,0.282678986640958,0.250239371112436,0.513818448252043,0.37049531711222,0.253638167701368,0.443897065203413,0.40684304009739,0.447774746934179,0.441859806615273,0.261749628750685,0.313242355404552,0.261751146417283,0.358026818928558,0.316490851300999,0.426555621177718,0.280517010603976,0.453012156231941,0.394611475568509,0.220977815470002,0.196142126372618,0.462220089161432,0.320167880253895,0.291171999909566,0.300289882334284,0.450699536488748,0.351922026527036,0.316608575638427,0.427715111859425,0.412094323525913,0.272300618699169,0.30083569424751,0.419535349428326,0.406844742807104,0.369928710093608,0.334658466977915,0.432954500167775,0.286998973454124,0.290601998754723,0.371069374324895,0.459697131250633,0.377671728560491,0.283868535511455,0.189487574757903,0.315759487279064,0.429470874823618,0.42583442667498,0.274803397416928,0.284023208101529,0.295380252257351,0.403160759296454,0.26078594056082,0.425829643777318,0.21822325867104,0.433696946328446,0.348750223708179,0.381938631827295,0.458598321677785,0.370495922143711,0.37276850905437,0.287249956829935,0.344406251422919,0.300392617187075,0.446641534557744,0.305454457527034,0.243744325214128
"Hera_11",0.227716688206394,0.405206227352607,0.29923307003672,0,0.330766938687407,0.220979366993352,0.459994527175447,0.331758860537599,0.336204328111324,0.41557905101105,0.33315406834909,0.302468429286197,0.416102533578547,0.304097192817173,0.770444262217466,0.404070197508761,0.256976540737989,0.319604191179352,0.446528637078756,0.346851861445831,0.3265880825234,0.787023588800451,0.392343790104766,0.357495091134213,0.443094168244005,0.404193200900074,0.492517788957069,0.49671660936165,0.436265310601121,0.297976853471106,0.270883974524053,0.416907949125326,0.309170874185997,0.357730530051948,0.248904907862434,0.399159897241664,0.366852700852487,0.33245087395703,0.423164207459115,0.295322198087963,0.508296987964612,0.420631247570729,0.320540329012521,0.312577101096307,0.379010292232035,0.458928528927464,0.340094685794426,0.403990426151755,0.332561553725316,0.346050748328684,0.33416353557848,0.418101366180474,0.347646755772232,0.552953647329297,0.336726194260814,0.421585993729166,0.2806094752541,0.297109480020188,0.285362123522129,0.367740696908821,0.3510179260332,0.218951600674222,0.320515845541713,0.372363120901137,0.283387627178878,0.404489145934291,0.814665416849432,0.231175822455582,0.28419169009579,0.393141128873709,0.491547686638306,0.301841815361774,0.426682220549115,0.399780995837581,0.515605009206743,0.444074140727375,0.241111466018889,0.293151485216215,0.273956858061041,0.375102880347219,0.328372735858018,0.360129744634096,0.255033416288173,0.389374501934761,0.464340746791534,0.282911421179646,0.274588432198684,0.398853989388131,0.282232929802308,0.293548972926183,0.251123886536966,0.42874658078524,0.303275474634506,0.392196993848912,0.425247761914345,0.275144664064908,0.335901369279092,0.30004472239045,0.379227419042915,0.371278712765025,0.3767915161892,0.304741646877891,0.505368767003369,0.299432802465199,0.392209447970769,0.487675994559925,0.498368162513186,0.365688842369601,0.257136324463714,0.243253144229094,0.309290476342552,0.423894905221914,0.492334365485243,0.272044104264009,0.326941908907777,0.370213038723425,0.435668744868727,0.409839874315578,0.400058697170578,0.302034165458392,0.43996308131962,0.378793168221823,0.335741692085052,0.382913133445793,0.42638869362661,0.395417219743176,0.193172267577683,0.28692514807792,0.275274027437234,0.420809746804232,0.273592254490431,0.342491125718652
"JarJarBinks_11",0.29739041267379,0.278022051142572,0.215389344641705,0.330766938687407,0,0.322393722032893,0.400420903772199,0.263219016842689,0.190709342176715,0.411132325948848,0.169293010926731,0.117538370411111,0.383981759473418,0.262222277865825,0.728777755272886,0.416773997252861,0.292903431722884,0.359671930645426,0.399722646498734,0.368520961026804,0.248595655333708,0.746633230514203,0.348420894895427,0.313281160402468,0.413444441743151,0.403060528065283,0.416844475410216,0.47743961063555,0.403491166261333,0.256139152427481,0.353561504815324,0.410209902333025,0.442520656308382,0.28927836257216,0.315932043117131,0.426562827359733,0.380638434818786,0.272126087239342,0.414060151709782,0.314341313228882,0.51511670251299,0.460315847644868,0.359892158602635,0.285030030462091,0.325969538705606,0.460768785400657,0.434123369082976,0.435715700309166,0.285820084429198,0.408703145476847,0.301335264013533,0.342579845065806,0.301152292210251,0.53475906928963,0.375208153456257,0.461121688363597,0.393089472765281,0.289346559727665,0.314510796793267,0.458480645065057,0.474121871904322,0.354346976556632,0.287170623855633,0.481896925144813,0.237193605175979,0.276026828557476,0.755242380107158,0.338132082006808,0.287888152583266,0.538527613544038,0.374754219187274,0.186625413303673,0.499347612716616,0.417794600632959,0.429089615071084,0.466007333937629,0.311795995526498,0.355366748074551,0.27510669500984,0.401899450829747,0.318445229728918,0.471311510329446,0.306451492679727,0.451708455150547,0.420325295090575,0.269757759243502,0.268235135917304,0.497446420408293,0.386717567350405,0.35222056976334,0.319723349136969,0.486688117029661,0.349409057892661,0.369063217469572,0.434681970473723,0.436591067158423,0.234664471345165,0.33662642955867,0.454353218514294,0.457305436020998,0.434569478922787,0.350938825502594,0.417108730460663,0.232743547353356,0.35155396393503,0.370984033867565,0.513113442308565,0.4229635692513,0.312180518292321,0.263864903063572,0.266289064319496,0.437726301938033,0.426267531193549,0.274908358490758,0.269219060745022,0.319667859223874,0.459310824271957,0.310193180170729,0.452669975918252,0.274627770059527,0.426728872872753,0.354610087805191,0.341565594615811,0.444553302291724,0.422134480252942,0.350034647226015,0.313814936354787,0.366588535744565,0.332694567024639,0.470640429760623,0.321189632333413,0.268089386881922
"Hera_14",0.269383581020962,0.378869209962654,0.262829220837261,0.220979366993352,0.322393722032893,0,0.39584195809152,0.312698573250918,0.310385691269825,0.396544131555486,0.312457554656936,0.290584241625804,0.354212599843027,0.275490600302713,0.776228024127413,0.404239674704071,0.246865207321211,0.328585172165885,0.427343892112604,0.344275505056389,0.314511128775659,0.792368187454401,0.373527682747272,0.336389836477342,0.441487250020451,0.423139653926514,0.442992919692795,0.533444227883828,0.42819145840574,0.28464926689365,0.309932224055871,0.410933221577468,0.335896343121788,0.322038323157584,0.199902211098148,0.403541731401401,0.42042110662928,0.318310301339014,0.431613064601075,0.208802581161095,0.478892095163573,0.398014536841051,0.324247171426163,0.322039251443473,0.35184726647512,0.431134290254301,0.332034740357374,0.409359677940575,0.290730722162739,0.372855271403406,0.296441852640905,0.373517924586182,0.319328116770422,0.569130370268658,0.387196786391481,0.412307796718463,0.281439627630897,0.295504924031663,0.260205131335174,0.385960035100586,0.346910342835408,0.245578265990157,0.311238197876424,0.381151718213052,0.269629425470923,0.359684852300036,0.810088694752283,0.235840142802191,0.274971724984901,0.418303891170651,0.470510479179318,0.271487294390856,0.423477316875542,0.404787476915537,0.521526970734774,0.455016230816779,0.243925837743129,0.288023891891407,0.225381473089616,0.373656107609701,0.298405864108944,0.342125995984691,0.302713469830578,0.394401614714059,0.465422509150602,0.25730121402697,0.264097757518182,0.384611735736559,0.325386835798073,0.33087571510467,0.302171374201706,0.402934749231067,0.281702501469002,0.376331291390107,0.388596150610764,0.308713561788976,0.344289087578917,0.282383798405261,0.378828169292336,0.343702435861875,0.369055457372624,0.341977241480017,0.505543671808322,0.286308899053067,0.332239852428958,0.487746496457911,0.46839624716373,0.385641573180418,0.28474896030478,0.315735073221457,0.329378517612205,0.421337861863878,0.493332114458907,0.272618793901837,0.312201227149541,0.337247883937188,0.389326295516951,0.362826174757062,0.393859364065857,0.278355086845722,0.42374679838968,0.344302621693073,0.345733617379239,0.370154309885094,0.409595065783438,0.409413153314407,0.243323880572949,0.313102572853081,0.300490252217162,0.393267956160372,0.281986366219862,0.30854776801618
"Iris_14",0.386089989007815,0.335913866318661,0.382536766358334,0.459994527175447,0.400420903772199,0.39584195809152,0,0.439099114493795,0.379505977735722,0.291204302084995,0.372859226753664,0.371008413016593,0.182018841601115,0.390741543385894,0.799447000430299,0.415450067963668,0.343202504940375,0.433479785052155,0.174197458954616,0.447524516657935,0.369743982820594,0.806166403174438,0.326228483566089,0.439265398374387,0.190317332493374,0.448616527052912,0.257926143014073,0.55656688209852,0.482853884376422,0.396367261506357,0.437462838262321,0.199870597995183,0.498013613348421,0.423235614507199,0.365803586950987,0.478279970978708,0.522293495500722,0.399658785301532,0.497562770767843,0.395556395577927,0.503658099336642,0.190154058380854,0.416199949016968,0.42141654235126,0.423141175309981,0.224117437077421,0.487116697944859,0.41509802963237,0.379383969054426,0.485820412330308,0.372335240662364,0.341353339701568,0.415902824205402,0.593381826110551,0.470314667716977,0.539297916838997,0.449348165875106,0.411445371101047,0.375887636754305,0.531621928781184,0.422081453988622,0.388734191884716,0.386773632011851,0.433312081376061,0.361935731642248,0.274468360050257,0.819369231501455,0.435811695524584,0.388558326728746,0.470327646361847,0.505202808967552,0.37257717042166,0.479099793081671,0.226345701122374,0.465313373080647,0.522281372152069,0.357865338034247,0.384389455579227,0.39138769603734,0.451681982607299,0.391150116203212,0.44722623994086,0.437157076565741,0.225469749043494,0.497074628632895,0.370512411708351,0.386184476746264,0.218060879191381,0.468799100706019,0.472254094675622,0.388996666146174,0.449168278781851,0.38048904212946,0.288194875955391,0.243866662498706,0.490847051173519,0.342019662829113,0.417042919769218,0.290298502774248,0.476890842357404,0.494912367946145,0.444215657289918,0.544477791252146,0.396678883622457,0.326597092237697,0.514002454609315,0.488839190333058,0.510024392768038,0.387248925672745,0.411268299820931,0.340747377245683,0.210247823167691,0.565632442837353,0.368310984964865,0.376155024880668,0.293096130730516,0.458420900599701,0.368999676305429,0.472687629739214,0.352796014826727,0.157078466540921,0.423511787289171,0.450605855161719,0.223286907517891,0.339093606376686,0.403660134644074,0.452485731614702,0.442159370610944,0.402271408332684,0.284334400151631,0.437654555399245,0.387063604463973
"JarJarBinks_14",0.288361899423317,0.317229194567092,0.245826681843902,0.331758860537599,0.263219016842689,0.312698573250918,0.439099114493795,0,0.247918926087041,0.366560210136326,0.155591759443872,0.214746897153437,0.374717730261424,0.238794444766413,0.729842819663447,0.415416157436322,0.280635902493538,0.318094083902579,0.423105556794744,0.356855487156649,0.249443561084421,0.740411888405272,0.321114684028155,0.244081285838341,0.40885255558603,0.386349993000666,0.434106865767715,0.479987259964904,0.443034856546962,0.256259971179746,0.288301742524489,0.428762466541468,0.429104132594356,0.278309220892595,0.258183352232843,0.437546369976147,0.371367870011308,0.246418061817975,0.428691443856276,0.328552803519277,0.554504009758404,0.437928463635319,0.342948097091709,0.261165849203675,0.322643876378102,0.430341392688238,0.423479389058659,0.389542144280173,0.2248277131476,0.368422519799297,0.233844129032929,0.32450838845941,0.278426167943615,0.5744477349359,0.355664208083268,0.497410624737081,0.365421042808951,0.307221067439086,0.263853314635657,0.400701416261998,0.462491140911178,0.293584875595764,0.312213445395301,0.440033854388112,0.281275080446654,0.317172401645327,0.764303060718247,0.276677760624243,0.275633486985743,0.50979549016417,0.458934948640585,0.244160269578967,0.454807441304318,0.406404444382489,0.475107993136204,0.481168641724955,0.315740856761906,0.305987322301937,0.210588587343115,0.352088662778527,0.282617054601581,0.422214211610272,0.312543735349725,0.408221689524855,0.428135966344615,0.253490284529346,0.20905008837518,0.431238428169049,0.378616097732403,0.343652496105689,0.30766942279414,0.503519733232942,0.311945245870798,0.357176458139991,0.415860525624052,0.385876338037163,0.294825253157219,0.25944154900494,0.393552666865657,0.401992348965779,0.409061684293131,0.265129718624357,0.452860850442304,0.276147180536442,0.357225609684144,0.420585858101017,0.477137581085046,0.395171640397667,0.306721929808815,0.24576790467364,0.311974427957861,0.451958822000858,0.446456392282394,0.244580909614868,0.235946726348863,0.38108358999648,0.448133911736521,0.330372693768258,0.449632556609013,0.202499758295534,0.458267607837393,0.301113859944495,0.298053506110258,0.432524464746208,0.381203105838016,0.392001826047111,0.317198442548397,0.33298726202817,0.374850757286608,0.436038725379742,0.290972771694174,0.20917538002879
"Kubo_14",0.26880568860273,0.34535464062807,0.241700094968918,0.336204328111324,0.190709342176715,0.310385691269825,0.379505977735722,0.247918926087041,0,0.412093699480796,0.224242629864613,0.185015454978031,0.386885493266423,0.226181181931074,0.733542686128381,0.444045372319138,0.247850602269453,0.260346675839636,0.392428801767752,0.369633121529285,0.185742215315913,0.750314495775714,0.356174225936545,0.324684703482447,0.375619017280353,0.375181806287689,0.411198857740262,0.469607425855544,0.408250069716788,0.253967230635532,0.282941012215648,0.417497342601132,0.404764154345199,0.282409593228636,0.238600944964872,0.397071169060545,0.373060262334454,0.265698400890123,0.424044085119856,0.28491917579261,0.512241332378228,0.453351751929794,0.335918711350973,0.230069250813811,0.290473247661753,0.433666952087587,0.398842214989491,0.411275761474703,0.244485452923547,0.387407637178762,0.250120997017391,0.391034695594803,0.214155158324204,0.582810319770593,0.349113116202536,0.473622881471952,0.3931423902877,0.276525449791048,0.261737060768436,0.399724535114523,0.431617050587728,0.271354217519808,0.323618714696187,0.429483388650723,0.215528422833252,0.334296056936681,0.768050691149711,0.307914783229068,0.256256631717614,0.50463190806009,0.44848216875671,0.274853283841003,0.472476744731267,0.374810748235476,0.422539779397868,0.471008782699394,0.263120838385865,0.274322656227889,0.212098619544386,0.345500767753242,0.274250227724405,0.413794960004234,0.279379713748904,0.353624459654259,0.447624388032521,0.195340471548319,0.231477626868533,0.453905703552353,0.364516222025701,0.350316420678,0.293812605282396,0.463161881140087,0.298525953835704,0.378141969510308,0.374465326463179,0.370527034819559,0.226944291826445,0.282270831970828,0.387605630168351,0.396006040827605,0.381975259630455,0.303600255190088,0.4828301007759,0.298029499224243,0.335498269419884,0.452071226126435,0.467560151918899,0.43705633541043,0.267988311407027,0.261863996051436,0.25686064291893,0.419604925270308,0.459925136142175,0.244454835462363,0.270707934732618,0.378461205117726,0.423306975479378,0.381726578262513,0.422350655947193,0.215347020985791,0.371763944065838,0.320153261604924,0.261842695049154,0.399930583684494,0.403701919675605,0.341756685746694,0.312801845376313,0.317311888883863,0.338881333911727,0.458959511306096,0.268264844794754,0.27337324560945
"Wolverine_14",0.471381371680873,0.333136808032979,0.417485840352263,0.41557905101105,0.411132325948848,0.396544131555486,0.291204302084995,0.366560210136326,0.412093699480796,0,0.373302724114552,0.382977818497636,0.311699653006103,0.391791808485968,0.811007165021546,0.496931613506925,0.46018023069707,0.513170324041277,0.290305582709463,0.505721971853442,0.383946787864593,0.792445901835139,0.380491616216039,0.463179630680152,0.270916361529974,0.485967353720152,0.347285169535095,0.608377839083903,0.497421734433078,0.423593816161396,0.47321894723117,0.276919424800508,0.497783559182589,0.383164535636093,0.423199988563026,0.559786658542904,0.478696156495912,0.424359368880528,0.491808368749212,0.454105247373024,0.521219705061645,0.338113011163013,0.489399725814202,0.428422294061262,0.450115164360931,0.342789976618041,0.532158231888938,0.424783850717348,0.44572145160609,0.422782691246568,0.391350151570383,0.35912823462728,0.494284323572064,0.639399995746504,0.533771765589413,0.613616690583572,0.475432089161384,0.387886266521656,0.376356868192747,0.436002872045542,0.444023384209084,0.416589659819314,0.318835833107078,0.442381346856334,0.40708402056285,0.291721624153277,0.793386492950278,0.318521313368342,0.385107604253509,0.475641473939184,0.543809542499511,0.401617161842312,0.435978106108389,0.24406808315239,0.538067740983922,0.497402851698788,0.432707593709118,0.363609783177895,0.340275963761638,0.450266431527178,0.305722135955401,0.463333123381056,0.446822653982267,0.304446290503341,0.448943546915519,0.407870628326717,0.405515666485283,0.287105723990389,0.510825489395827,0.458925235017133,0.359971966441034,0.509553891393988,0.314104021072432,0.314850273641753,0.303528920886202,0.424074940733403,0.378804730475535,0.358939471334346,0.35953211999328,0.464267999538285,0.558084811414229,0.37495126330931,0.501987549705725,0.425242262929194,0.379068002965266,0.517498877224804,0.490624530529946,0.482790497783961,0.454661834743047,0.436465961215666,0.33559577592537,0.245810665049676,0.547879076455706,0.325841450501071,0.381886269768422,0.386810790571871,0.470696352900758,0.411454863945996,0.441793482267026,0.450674789464718,0.328940161008959,0.338177886657413,0.326320558302249,0.254848003359425,0.301981685576925,0.458861404517877,0.431504384192881,0.419850063900656,0.415747757063843,0.259422398292675,0.419596518950285,0.327105236074415
"JarJarBinks_15",0.242669121431982,0.216877918580601,0.201900789934338,0.33315406834909,0.169293010926731,0.312457554656936,0.372859226753664,0.155591759443872,0.224242629864613,0.373302724114552,0,0.106539979993302,0.363135123194673,0.197870700201251,0.733392043269183,0.369554501100825,0.232704420806953,0.316756629948863,0.350845029481144,0.315857373639421,0.23099297965607,0.746197210310438,0.278474583394334,0.194176753296223,0.369338679563464,0.396374401943593,0.382522381822932,0.480385427961042,0.408573892684916,0.220639846500407,0.298789284036407,0.367876696316003,0.423122139469241,0.182233403464203,0.247472778870302,0.408942645054793,0.337083172636251,0.235836240814682,0.41150799777077,0.317690840460901,0.543538191916797,0.410645081357668,0.309247184796227,0.266197936989086,0.331288146823378,0.427418350829356,0.4095643723712,0.364894419864594,0.237424664456292,0.347900691707914,0.213668605541152,0.283131174062753,0.283979109782217,0.552433122035433,0.29589785106201,0.458074375345764,0.324571978913265,0.30321791778703,0.253454912037293,0.422272005615753,0.459459449669363,0.289575162891875,0.256512325462098,0.447493614561823,0.186392326336337,0.220850379311749,0.768635017927012,0.327732475133225,0.242651495682759,0.521017492420116,0.413881555647298,0.147599109988693,0.457617922605301,0.372991821005572,0.400722360900039,0.477162039513055,0.285536496635458,0.313857285190873,0.211858632207809,0.355055041558782,0.258204760820849,0.419665015646143,0.289619451509804,0.413224806716144,0.403319889926169,0.234923153962715,0.183746689816197,0.456291262217149,0.332404395655545,0.308612848564132,0.302966624056147,0.497464381229464,0.285201203726474,0.339906188926521,0.409605404027286,0.419705274348211,0.186869651521651,0.284310751924093,0.425067656309675,0.410703857333266,0.390673542296242,0.298362429911454,0.432895633510759,0.184405703287397,0.347017261426087,0.382954485838248,0.490970896826908,0.357698856829472,0.267790816956292,0.205299437856515,0.24617733478127,0.406682974346121,0.435003199214022,0.194456769572648,0.159953622380018,0.337362821093406,0.459141928533752,0.28056372341538,0.456273326033416,0.192614733348949,0.408644287845798,0.277165084604257,0.329375264649686,0.423005410291292,0.387988205083298,0.325647256943929,0.306849063862988,0.330445794780464,0.349863543573672,0.459427518957902,0.283509480753269,0.179534364882721
"Kubo_15",0.241853440082993,0.231606075000605,0.210406205845167,0.302468429286197,0.117538370411111,0.290584241625804,0.371008413016593,0.214746897153437,0.185015454978031,0.382977818497636,0.106539979993302,0,0.356208128753663,0.177761843012565,0.734600872613467,0.382000966274995,0.260851082087978,0.329109987047939,0.352852651595387,0.3296562754076,0.193777100084205,0.75125887613326,0.292280609071499,0.22620569154029,0.371164281579896,0.400508114591646,0.382178030604534,0.483406531959936,0.407261303639627,0.225656115283924,0.305589030358074,0.368194821347231,0.417251164184229,0.226610711961486,0.237840239414397,0.415160822705165,0.319119133347131,0.197261091258766,0.402671091550861,0.31319322460596,0.527796084234154,0.422252379883472,0.293873367308817,0.246031125617353,0.349677573950479,0.417388131652374,0.397205639090901,0.374477972855224,0.267328842297091,0.365671569873746,0.235493632317017,0.288774325920223,0.270334495920362,0.534154385011219,0.31430280367816,0.446813975768876,0.33566670476239,0.269276519381323,0.269819480004075,0.421761782826521,0.453716683331845,0.307635225541348,0.249550926242656,0.449009016465387,0.220842896695026,0.227317135085266,0.780459162828772,0.292611742413493,0.267621933548677,0.511117987819843,0.392238072215772,0.168330622984593,0.451504314102548,0.369238139702225,0.406898093897291,0.462088241065868,0.297036348706742,0.300995339474677,0.222350014023815,0.341086090317209,0.255559018445431,0.425064155002609,0.284128165670727,0.411079145212118,0.419720624446447,0.219225938443129,0.196569143209949,0.456949455144918,0.346167300484472,0.318054469405957,0.280304226848076,0.486009816087249,0.289756702084176,0.332842336341392,0.407412955086103,0.414643244508797,0.17074989550209,0.291981600578708,0.43424667824254,0.412696720158122,0.38951676470256,0.312344589464909,0.42316625762221,0.201151064806791,0.332946708926799,0.393165205964328,0.493219209428039,0.356699679344746,0.265806198973227,0.198487924132115,0.225902793580409,0.405741146205191,0.453442372833974,0.198921164851292,0.222652165742029,0.333976981102996,0.448443686197996,0.268148341765832,0.443801431097166,0.203381492097903,0.415960980060917,0.30309160461757,0.321058273773651,0.417517884965927,0.408818345654353,0.324381673248575,0.272381007476254,0.32871018327467,0.325430089589375,0.449054304394029,0.26591943152966,0.212693246815293
"Iris_17",0.339024151091994,0.349912266052072,0.339208702978127,0.416102533578547,0.383981759473418,0.354212599843027,0.182018841601115,0.374717730261424,0.386885493266423,0.311699653006103,0.363135123194673,0.356208128753663,0,0.343779548570139,0.776800080995881,0.377427829725653,0.312066578316132,0.380102255890266,0.237891449281948,0.379008733517986,0.388184969504928,0.786102115177094,0.262028321671426,0.395444301932749,0.244325266374918,0.418050029071218,0.309037610084608,0.495972066870315,0.427694475467227,0.331092848666149,0.374502033299131,0.224935240747467,0.473121971129994,0.413204054621711,0.330614084109111,0.436502499477742,0.472157845676937,0.34444324156366,0.4388883911818,0.369681353242324,0.507140241089747,0.211135965659414,0.353250888171348,0.363653805872765,0.38665605547718,0.188294713217363,0.427789516558674,0.379688603912529,0.338197262768593,0.470605042133604,0.359009209322841,0.263411224137153,0.388681233921978,0.556700608697344,0.416874484075736,0.491516649724873,0.389375641854278,0.403538859547104,0.369514794147362,0.513064965272123,0.384068161224207,0.357737959215694,0.389524725157305,0.404976852552439,0.36400436574339,0.226589202768691,0.801088740579122,0.418276974250225,0.377104397402975,0.476210099640444,0.427388867819977,0.354364924297919,0.480175425377046,0.274537261784127,0.476476984156698,0.460643589350086,0.327860364824127,0.37106426154493,0.39285070695045,0.424439902279454,0.404286129963407,0.427241567977386,0.403443728187214,0.29570281141677,0.473527675673854,0.343941999218873,0.336842948132806,0.274819494434771,0.41432330587816,0.421677508538689,0.341831225303254,0.435031305303104,0.412326379685205,0.259769222090639,0.257214039547792,0.44730345468754,0.361351395336464,0.400167358247613,0.306195172098262,0.453084224586322,0.439016178059269,0.398549730747583,0.508474696743967,0.395055608543048,0.253136887548028,0.448282393820508,0.477706439012983,0.46716629322496,0.352767195956778,0.356829801753202,0.348551918985447,0.230660427780037,0.498437653250487,0.369390053816148,0.361599986994602,0.177751668447752,0.421974096868569,0.279424811577337,0.448410901401773,0.309086667388013,0.205615550403542,0.443031816289166,0.463139112251643,0.271553352217069,0.346017509308606,0.429992457743596,0.410605347243542,0.407426196405718,0.411605781248207,0.329064771903312,0.378897767418696,0.367247287766183
"Kubo_17",0.235390182838929,0.315874328716702,0.212044548971703,0.304097192817173,0.262222277865825,0.275490600302713,0.390741543385894,0.238794444766413,0.226181181931074,0.391791808485968,0.197870700201251,0.177761843012565,0.343779548570139,0,0.742874564352389,0.371063854421944,0.252039823592019,0.292446091748753,0.382483942195291,0.261587414682037,0.219670245451477,0.74989862018982,0.273988034922735,0.223948561226351,0.392440254889459,0.354163209721371,0.404150644239591,0.478460851435608,0.370962877202402,0.248506455058973,0.26925196660794,0.395018392670624,0.361149800363786,0.253244261581915,0.224206913534307,0.346655305753256,0.282200039119652,0.165277724117678,0.362763120687205,0.299348976391668,0.470246765171322,0.365608761142165,0.271442918165887,0.220912860259196,0.346124258512366,0.395974440504014,0.358158583975042,0.314431509174109,0.277473547771532,0.285170745826657,0.260946281525101,0.284776524334513,0.286164647387163,0.544558434501035,0.268167630148628,0.423101798019056,0.26005529162161,0.241828407177168,0.251876759519594,0.334757855723639,0.375082043866195,0.281056568408967,0.28603325972469,0.355501506680269,0.255102286040487,0.285501663564995,0.778649258999459,0.260776213186603,0.253351662663364,0.445158779918743,0.395593138383243,0.285030578319317,0.360387152684089,0.392725257142658,0.414573647418718,0.4100386115034,0.256222671598709,0.277870199543588,0.240017536073294,0.277405097129972,0.289775077961853,0.320415395311593,0.244625328630214,0.401049620212893,0.392084622420015,0.194298361285163,0.181355093386497,0.401783674368704,0.281977307386292,0.279453488090979,0.255625181110462,0.403666742715448,0.306174103896142,0.313526488396907,0.406537408624288,0.328036455862139,0.24772790951926,0.272472350982537,0.373455736880541,0.336184839083616,0.351871099357601,0.27052272746658,0.4264068734227,0.297501653064105,0.327370161926108,0.383349691770493,0.415182852995198,0.295122086019578,0.226062037010908,0.216361723714705,0.287295864649747,0.42060868359447,0.451105483316863,0.217519017706487,0.239586158524027,0.338020606071103,0.383608410408504,0.303200227849104,0.361982132466584,0.218059862467999,0.436741318774695,0.330730715197503,0.32155738112156,0.404728052330097,0.374076217101905,0.356234289852467,0.256455322781241,0.247361274052719,0.299826304889162,0.396898376276341,0.232460738594209,0.211711252667559
"Lambchop_17",0.755182031751345,0.751019147020391,0.716103646237882,0.770444262217466,0.728777755272886,0.776228024127413,0.799447000430299,0.729842819663447,0.733542686128381,0.811007165021546,0.733392043269183,0.734600872613467,0.776800080995881,0.742874564352389,0,0.728495702376964,0.75326187129828,0.723744588683829,0.797605091647758,0.754820818781526,0.742114274979891,0.248428775360572,0.75331111372751,0.702498432093674,0.794673661326386,0.751196359476571,0.817807604849948,0.717613535316018,0.6745159417711,0.723040046052996,0.730320292876727,0.808128295221646,0.744954298152111,0.75290023954998,0.772060133765196,0.760777635553906,0.693435629695911,0.757135505819003,0.739948125070988,0.73898027981295,0.695290694686773,0.784494162017841,0.731426511714939,0.738945672376592,0.708940710246035,0.797435687362723,0.721447354632316,0.731549788523783,0.724475188085981,0.73205049056718,0.7723651436371,0.726530275700729,0.745561390301404,0.560302744979767,0.707855657493146,0.649969896530067,0.745357885219985,0.753952154815483,0.781768517842324,0.776165322042502,0.784558014060064,0.773069637756803,0.756579837173709,0.768954700106818,0.771713160604329,0.744390524737209,0.663867490253223,0.771820525713544,0.755518796938692,0.775571447427515,0.606083363768813,0.750449488265849,0.747643307136625,0.795893241128354,0.75655127129308,0.649566447009759,0.767575345253184,0.761881100280839,0.742258269545742,0.716837084752447,0.788914724477369,0.773877673429367,0.737288246688345,0.808870864124638,0.664503594349316,0.751420144775321,0.741657316513654,0.811574107285175,0.737178129120796,0.710058906862138,0.764300280516323,0.760832696042244,0.800050470930477,0.745135496638027,0.789337888133626,0.79986618487387,0.74649137740729,0.770367347452055,0.784497583641506,0.742166949157437,0.705068863631567,0.738504742162681,0.651121584276461,0.734000849241099,0.701295129120662,0.621599092603685,0.673097333521135,0.712955888503205,0.754899348945629,0.710084399270333,0.770692302473036,0.810116723113517,0.648905337425724,0.780448451666607,0.767033096639521,0.762556850517818,0.707451168651308,0.713548440864145,0.738379976528442,0.736363508607656,0.783153188228573,0.777737791257563,0.796180940511856,0.825705454055464,0.744673669088747,0.789722913191281,0.717150629606387,0.763053419491843,0.734741365511098,0.812472030008192,0.73676004976634,0.767202705087732
"Wolverine_17",0.335087671004854,0.284529613701695,0.374715994983036,0.404070197508761,0.416773997252861,0.404239674704071,0.415450067963668,0.415416157436322,0.444045372319138,0.496931613506925,0.369554501100825,0.382000966274995,0.377427829725653,0.371063854421944,0.728495702376964,0,0.341222589863511,0.359457104965987,0.428652242639971,0.433055382773566,0.423571778939778,0.754280338223993,0.292529340271305,0.350961877985344,0.437920475337431,0.504385843943965,0.495345349554367,0.467420986756329,0.456126129118137,0.35153828667695,0.340297327314268,0.441089938622418,0.452094964855747,0.409007082144873,0.372842047740232,0.383496803713574,0.370823554094064,0.38408719992713,0.521632384204212,0.3451327869295,0.539973399685806,0.400760082383195,0.361127645664151,0.414237275671501,0.464340690651437,0.416125809810046,0.380396767015738,0.46399353590026,0.421672640633528,0.448042414543528,0.436100467921867,0.31303510149945,0.405165770864072,0.52383551894701,0.280034692874539,0.378871849219121,0.38419125798975,0.429390862576566,0.43568764690018,0.497880886141509,0.491616277204738,0.382455092395625,0.406779871867632,0.486570820036242,0.383260209147084,0.335426095053584,0.809809920224578,0.470033628266858,0.405823839360274,0.51659827068418,0.43240983432362,0.404960592914469,0.51432969204275,0.497480699790866,0.489655228676655,0.486281686033742,0.369901212092833,0.457154494313681,0.422116446640315,0.419177126297818,0.482187855156896,0.472107105712227,0.425046223838212,0.517084610380882,0.460801464833097,0.39519528245774,0.36439962103833,0.458407088718915,0.389566520548198,0.387233392140053,0.370306793274001,0.524280478539533,0.461877076271763,0.375383916663495,0.486816258246905,0.487763218341013,0.302899981704583,0.447303683116474,0.419394558161276,0.471601459265508,0.397391575944104,0.417060683988028,0.49612731022009,0.371675609195826,0.354886885608756,0.42382739728541,0.514332811953826,0.438193090210186,0.387240716810469,0.350960866940317,0.375953585875407,0.457207135594825,0.5327210330552,0.416183895144299,0.42084475941276,0.302118757416016,0.543067593711026,0.316396381955739,0.544733119884489,0.363721575909544,0.409461017741991,0.458767353860059,0.531816472025758,0.517994729966666,0.457231925917427,0.479076098762566,0.402386121737668,0.426640973347135,0.436970129504356,0.523499669056122,0.405769878539101,0.39212957508395
