"","hera_1","wolverine_1","hamlet_11","hera_11","jarjarbinks_11","hera_14","iris_14","jarjarbinks_14","kubo_14","wolverine_14","jarjarbinks_15","kubo_15","iris_17","kubo_17","lambchop_17","wolverine_17","hamlet_18","hera_18","iris_18","jarjarbinks_18","kubo_18","lambchop_18","wolverine_18","ophelia_19","wolverine_19","hera_2","jarjarbinks_2","lambchop_2","goose_20","hamlet_20","hera_20","iris_20","korra_20","ophelia_20","hamlet_21","jarjarbinks_21","korra_21","kubo_21","goose_22","hamlet_22","hera_22","iris_22","korra_22","kubo_22","hamlet_23","iris_23","korra_23","goose_24","hera_24","kubo_24","ophelia_24","wolverine_24","kubo_25","lambchop_25","jarjarbinks_29","korra_29","jarjarbinks_3","kubo_30","hamlet_31","jarjarbinks_32","goose_37","hera_37","kubo_37","lambchop_37","ophelia_37","wolverine_37","goose_4","hamlet_41","hera_41","goose_42","lambchop_42","ophelia_43","goose_44","iris_44","jarjarbinks_44","lambchop_44","hamlet_45","hera_45","jarjarbinks_45","korra_45","ophelia_45","goose_46","hamlet_46","iris_46","lambchop_46","hamlet_48","hera_48","iris_48","jarjarbinks_48","korra_48","kubo_48","lambchop_48","ophelia_48","wolverine_48","iris_49","jarjarbinks_49","kubo_49","ophelia_49","wolverine_49","jarjarbinks_50","korra_50","kubo_50","lambchop_50","ophelia_50","wolverine_50","lambchop_51","goose_52","jarjarbinks_52","kubo_52","hera_53","kubo_53","iris_55","lambchop_55","ophelia_55","ophelia_57","wolverine_57","goose_58","wolverine_58","goose_59","hamlet_59","iris_59","ophelia_59","korra_6","iris_60","wolverine_60","hamlet_67","hera_67","jarjarbinks_68","hera_7","iris_7","korra_9","ophelia_9"
"hera_1",0,0.0955580214207387,0.252763201859783,0.179883066558697,0.237332961288136,0.0950579462592843,0.272798677584013,0.19924587803601,0.402839208787004,0.134263260293013,0.1664313442778,0.170682632969768,0.101457832399286,0.150070254887423,0.468357231898538,0.101733015470415,0.0766273491439152,0.113906231721051,0.166920666758303,0.16516152236776,0.0629573321778012,0.327338728179251,0.120520738560994,0.116750481758885,0.13949916272962,0.421553176425151,0.418369895262704,0.433845210638711,0.143033939650865,0.227746309634252,0.140024901441368,0.0860670193546038,0.230751562948756,0.261931588255043,0.112088252999821,0.129360366948551,0.176683245618291,0.131694693661513,0.197026855220327,0.466219363734392,0.219198873071062,0.092680935319418,0.276109284528122,0.175145845927615,0.0934811101231486,0.137069900558492,0.25131847277692,0.11642589320245,0.153652947253596,0.163246883307104,0.169548713046586,0.148699323374982,0.318783184588364,0.107818881855741,0.16953136852814,0.325055874986577,0.141540187806935,0.356809524708996,0.0749416539902116,0.207325104214627,0.142577460823931,0.188013760483785,0.0804099915226573,0.198380952241844,0.419505352628371,0.104612260927878,0.633150133281103,0.14466768007934,0.079615713809874,0.155563550122289,0.221719281378582,0.16852431923332,0.226692216123512,0.147090184865676,0.451368924504727,0.155916719930874,0.312493778944149,0.275947873966357,0.439818269326042,0.276391311600541,0.146979963897294,0.232995814174597,0.211608373282968,0.186071387871964,0.217069709014159,0.174507503328844,0.167585082279727,0.108918466656757,0.240464494507995,0.166787729038124,0.149271205879602,0.146514957018549,0.248885584242117,0.178084974408884,0.117412014678726,0.192975082129042,0.0970135068562064,0.265789633950339,0.116768553389383,0.145154358490524,0.137816396191424,0.0937452277911603,0.125666914188718,0.510577010207814,0.228255762213115,0.11360365924799,0.121947466273517,0.13003927941745,0.257774456295785,0.137817281889461,0.106283724079026,0.104108422833795,0.325417263009229,0.231727458993578,0.268309787588517,0.315019607889566,0.217273726142714,0.19617861586312,0.154185765785632,0.164096284463481,0.170510843155049,0.308399172103166,0.199539055772533,0.28449977888548,0.143617725747034,0.461203431142091,0.192446142254519,0.155611786377432,0.083439368786348,0.156553070839286,0.22786795044388,0.0916044615299087
"wolverine_1",0.0955580214207387,0,0.246733136804422,0.143277742654157,0.222625009435649,0.0744159139521243,0.299335997256709,0.233305083624,0.377925681140448,0.114821940359928,0.154838541635174,0.128623873645745,0.147691986787016,0.117675216608018,0.457634230723928,0.102626094729492,0.116992800186149,0.151585055324445,0.197409013214565,0.22602049329363,0.0867556244317618,0.307827681509472,0.0679645784266116,0.160931303908864,0.161909117849353,0.480894289826266,0.440062477983005,0.474725537731096,0.155791706585683,0.264747932629588,0.177883831679297,0.0677391012361292,0.27297706684405,0.278221230950556,0.112016467767374,0.179269146438104,0.205228665935905,0.122239808380783,0.232683486741251,0.455120694791756,0.288583269484383,0.10455746664906,0.275149608048753,0.171615684593893,0.128105525747113,0.180986900046767,0.247078003631455,0.172466595596187,0.188188827326419,0.174606531724923,0.193999988719833,0.110817115672338,0.328916632131476,0.172015284608809,0.161791302019929,0.315398591835526,0.141937656048281,0.335858611915219,0.10097704736451,0.236258364063913,0.209802724331215,0.230146349159634,0.0678430082061599,0.240770857486149,0.407362765583258,0.0640522812158168,0.621864623346366,0.150340965819468,0.113929113779477,0.186904766207157,0.273215929966566,0.154640421583672,0.197359747783151,0.173187717945438,0.507132505005464,0.214247790240955,0.342739678162,0.305252282657779,0.42595817842765,0.331665568508995,0.153503455823777,0.288961264429745,0.245551702787085,0.219896372412533,0.261203253178445,0.220386164682557,0.211336547962069,0.150839478083285,0.259149861036168,0.216664565395753,0.196269472095806,0.155904090295216,0.282783171740855,0.193301937634166,0.123553938249158,0.230909437120099,0.149128719425319,0.307379850084381,0.130918556385894,0.154994407546926,0.209944302117619,0.14091594068192,0.189136309110488,0.499561247029621,0.196587596305749,0.170272432507901,0.166456237445295,0.146380982048521,0.323906956796686,0.124444720873311,0.128953702861703,0.104248720946678,0.375745591192743,0.228992723663769,0.292088778171574,0.292506002068098,0.222131133606106,0.162499795874779,0.17956503941853,0.185225325114639,0.213929549838074,0.342212769332608,0.212033848818533,0.331346364283097,0.0925915590415202,0.491794654556295,0.15612048382584,0.189212036844056,0.0795856003452526,0.156414019555153,0.274984917699001,0.109874191531165
"hamlet_11",0.252763201859783,0.246733136804422,0,0.237688398149159,0.14755540980655,0.220718482487429,0.291109029608417,0.273109617173739,0.374719380128652,0.251099317058617,0.240648747666315,0.271034943116165,0.272156287096392,0.286556239336601,0.463437144455547,0.258462633511134,0.249972259964988,0.263403475547413,0.285171001039079,0.285355814032788,0.254461538276568,0.426884362593682,0.279446415794421,0.263479744245413,0.259591146109448,0.450578196045846,0.42575597495775,0.442967410528896,0.293901186124489,0.280832629188986,0.281039994322217,0.248066964012963,0.310817785752635,0.281096450884661,0.250383421685127,0.299034670924091,0.291266214749592,0.261519597741553,0.294511233636473,0.45198622886402,0.31146161120477,0.268808618772205,0.310577980361226,0.286182427498153,0.220930445477742,0.293301764313782,0.321706884540411,0.284371827270154,0.274057394869184,0.279129212592235,0.255675087198799,0.285646824260422,0.334310757865776,0.310490229016577,0.289640168866245,0.361688801086689,0.307187499491654,0.368889861909004,0.244052830168931,0.31172183543344,0.302935240140651,0.280286928452426,0.234720645244115,0.312000032580286,0.402125915665447,0.271081291254456,0.609163565760195,0.257928322015826,0.231781824536177,0.300432872903702,0.329199849734129,0.248925062998693,0.367131272933154,0.25807680525142,0.491141971840308,0.306516097672991,0.341243494730744,0.308582628623685,0.419375007599428,0.345953847946462,0.237067150137299,0.329776705198689,0.290984895193925,0.287812887198038,0.315537635256542,0.284909138809483,0.281907643423035,0.269997417465849,0.311357792032381,0.296544702207453,0.27536116844017,0.313236114873629,0.296925052859797,0.265459229838266,0.2722517896274,0.321457486841179,0.274213344005839,0.312883708837592,0.252666284172078,0.314436671125484,0.3174420127972,0.280267061701451,0.306746758627277,0.488440821791951,0.336912194273318,0.303800241080441,0.288340692776058,0.306435568670523,0.339453494104095,0.284826019183419,0.267976449101841,0.260192460202195,0.379217932899628,0.25767653462399,0.301571352941074,0.319679761442516,0.344558079675001,0.32528604527012,0.304476088985341,0.248679180088877,0.30865961096917,0.352618002752974,0.275042038027234,0.350395633887436,0.272384676171872,0.467201350566302,0.346139171246577,0.277373534175598,0.264456757291783,0.310561341869825,0.316357921198765,0.236457739038434
"hera_11",0.179883066558697,0.143277742654157,0.237688398149159,0,0.19773543722598,0.108104749533161,0.342839805072097,0.271523749727724,0.329496632278174,0.169303533472608,0.189203214987441,0.071291656312271,0.226597567083239,0.106184513767906,0.417891405728033,0.18889666080073,0.209243827866054,0.22641659120675,0.279009286081093,0.262384673427783,0.18468351489389,0.297667571141205,0.159598438755848,0.236716055985881,0.228026743923348,0.501857954487845,0.478412226805387,0.484773532621041,0.203958993206636,0.264792128454148,0.230156165667687,0.170872506383557,0.264631662079053,0.280419489138019,0.139627164464337,0.23232208947146,0.221861006989857,0.155112937145094,0.22940418247144,0.408545933580195,0.314801636219265,0.199199375439901,0.279294279820702,0.184524665030732,0.186479745780341,0.259694177823491,0.239963798856854,0.200567244554383,0.258804076043735,0.165465881574469,0.237311557512274,0.177019595899824,0.355367974468138,0.2398185947414,0.166717173997864,0.271858670926205,0.200047997260694,0.327765013460104,0.159157820136899,0.246863838797172,0.233610168114677,0.278879297253781,0.136444578972822,0.254611767439906,0.381494756412378,0.154468811680229,0.577449000932605,0.153354068444329,0.143871233718987,0.224578756470843,0.331229625680588,0.143296874493719,0.220628370763271,0.233283120789976,0.522535384509002,0.266965209181039,0.398057686646575,0.361895547179398,0.378094530004201,0.339192515403975,0.143059229236181,0.337327303958011,0.306571145773896,0.277908773681939,0.30172210207497,0.270036247574516,0.251719602706365,0.223434151190663,0.270903254889174,0.232783148556102,0.261860124014619,0.21603739674757,0.320079766139934,0.207722370921686,0.227621445746805,0.250075299907123,0.236856181625094,0.322866532605436,0.164640716435044,0.228998923067427,0.278162730703566,0.229601155812927,0.257931754893797,0.451545990636417,0.176292478162306,0.258481290299187,0.224031268597763,0.232405579158392,0.329653426896432,0.172317431192199,0.203851164128545,0.193445337197494,0.419718151377562,0.225785038755182,0.340061069734951,0.253704542691926,0.217540201508971,0.135231295052011,0.220296087403247,0.199374413839422,0.277511346072503,0.355001172035265,0.234977751564784,0.388463491729626,0.141109363318588,0.520215436471134,0.211177151636807,0.217468607837751,0.169548533542788,0.239261648806985,0.317513619006267,0.167138635950149
"jarjarbinks_11",0.237332961288136,0.222625009435649,0.14755540980655,0.19773543722598,0,0.203370001601994,0.274497177456129,0.222940452792313,0.289199761919299,0.238290354568384,0.216859815321163,0.178340437144898,0.243215517999514,0.233569443640688,0.401072994757139,0.259453558774604,0.227224142568789,0.229528039770646,0.250034039253031,0.194066446851252,0.219110556640834,0.35542713273881,0.269004643009704,0.23526007994236,0.247352527470185,0.430575745727268,0.389636464110571,0.404098088232633,0.236939168210579,0.177964775205363,0.241603308625993,0.242524943745971,0.190315391297506,0.1846737512772,0.174500825169444,0.216507240221588,0.176191374765541,0.171101562591467,0.186836834915659,0.384575442611974,0.233523574546332,0.264151518971257,0.218528559373969,0.208867469620794,0.196103085811752,0.276837479826759,0.220194488563527,0.192795913873161,0.244068270372631,0.189124287891383,0.230825929599717,0.296046766916893,0.269923539975398,0.269386318880963,0.203400969942182,0.290278325815639,0.271439653936292,0.300308390407557,0.204837326913256,0.192040732792471,0.201158740138177,0.24399698149437,0.211785760219234,0.205908318780465,0.330032692002443,0.25740838704034,0.541903113348572,0.205531707994919,0.185574744706814,0.213299000124683,0.288030470116265,0.155288856962472,0.315854901190703,0.237213840292509,0.442748115173231,0.264839429855762,0.323769304175351,0.287865343967919,0.351689077389367,0.274575092375147,0.145841337488391,0.255942132705015,0.252236626058911,0.225266260939182,0.280824769741751,0.251052998846312,0.232603959780236,0.240043449035581,0.201563430865919,0.187341099589685,0.223650114234867,0.253498745727557,0.236426770721021,0.184638958249928,0.260552594737043,0.232453987544178,0.232480249401354,0.2454304967717,0.166498605671166,0.249578435397999,0.269812318378821,0.227948016287817,0.268323355538536,0.42179949615345,0.262954184673265,0.290912922609683,0.217669471286065,0.2689479484971,0.243336705137591,0.270110295340264,0.21212182045287,0.245099321041967,0.355989028047834,0.146510133450369,0.268276169441578,0.254125312228739,0.242842893153472,0.253477228047243,0.217740903303777,0.179824463455436,0.260643152464158,0.263033565981494,0.176557598444799,0.309627748732858,0.217031397648243,0.44667502906779,0.353262839429945,0.176112628670405,0.25450377875325,0.278822002003774,0.275025610159344,0.215255644577862
"hera_14",0.0950579462592843,0.0744159139521243,0.220718482487429,0.108104749533161,0.203370001601994,0,0.295981978355683,0.230252822471248,0.353392300725384,0.137823331341944,0.154889448710799,0.120230105957047,0.169845567343477,0.129627617813959,0.445323441157402,0.11341146250305,0.123504865043128,0.157880604912431,0.224505320760379,0.216906805307488,0.107131901388311,0.300768641770671,0.111462936394851,0.160783417154388,0.17867399536539,0.455969489691262,0.438071923250721,0.44200027875579,0.15873099792969,0.229742985513199,0.18212137163511,0.0957485711396206,0.250142561542776,0.251028704239131,0.102360444778943,0.173623867295442,0.199739671655329,0.128807731921103,0.225426386616565,0.434397654417476,0.269057233073457,0.12173102709738,0.262386204842344,0.163506219209913,0.11704468753532,0.19850852721361,0.238738915532284,0.168972962649779,0.20075995677447,0.168199245959017,0.196781487268631,0.124991915186707,0.31461123496658,0.159721530229015,0.163121539217047,0.296943313671147,0.163032968072322,0.33027138137151,0.0889008089085624,0.225754327988949,0.19616335311074,0.232769180749288,0.0579339253762299,0.229957926601538,0.384197332208558,0.111109471161363,0.602231169087442,0.117097388277708,0.0849445989356388,0.182023788127035,0.272720866530668,0.136549723076974,0.217133578011581,0.190448256532605,0.489464784511761,0.206211084914586,0.334841786434481,0.303197619747933,0.408889629966414,0.319767951288721,0.12675771946267,0.290518430484382,0.240893553071841,0.217708514281173,0.247000963092744,0.224155342287585,0.206179395261962,0.169485050153106,0.248959377320085,0.213729120658795,0.201609609062832,0.161297699537642,0.262101729663191,0.190654884288989,0.14871226328313,0.21938733984309,0.169151776244393,0.278198933840573,0.130884790485278,0.156794172801652,0.207562488520875,0.165496822509739,0.183079542739636,0.478177880354294,0.192165264359392,0.17770569309358,0.160138821765946,0.167459044225071,0.301927878011457,0.145921742127087,0.158944645127606,0.133329198798662,0.371018254423977,0.20831781257905,0.285698220932752,0.284562570918153,0.212350571699465,0.14714139840285,0.174388651653896,0.171427287172206,0.236413364798756,0.325436408642617,0.205724144721983,0.340460462419993,0.103774639241834,0.475500342589788,0.182235235894154,0.187182616499039,0.0979723918156862,0.183054216822315,0.286564446496894,0.114754313132927
"iris_14",0.272798677584013,0.299335997256709,0.291109029608417,0.342839805072097,0.274497177456129,0.295981978355683,0,0.218143152492501,0.404088409930699,0.288965531095758,0.311273490582227,0.330099645127143,0.226289579428786,0.341358798586674,0.488523113219252,0.285748006752715,0.282869250336049,0.247321749601699,0.163409260707409,0.280144753640727,0.27198238314132,0.460196353734363,0.332477888939536,0.22395706206295,0.169553487748521,0.271074370294283,0.230811644536778,0.396849031284969,0.315816263812493,0.296006187310959,0.278298314465317,0.273079729393241,0.317406376595878,0.307513838557897,0.308300978394201,0.287467308003852,0.307700108007253,0.300008528381444,0.304655613946497,0.483083764421534,0.294695932409288,0.262644293040153,0.332226143995873,0.315835601512988,0.247077388968599,0.236244600456786,0.341601253108475,0.286236406689933,0.208144562805658,0.313253207476805,0.19711888172458,0.333888737388642,0.347032947189818,0.286752326639976,0.325526864120055,0.392834081170723,0.34305453660437,0.392686666195462,0.270920894352166,0.321724338481604,0.296566477462817,0.188338268700413,0.279013693655725,0.322588980080072,0.435150189926523,0.315640576579089,0.627461891962672,0.321115129301307,0.264304005515193,0.32007826233498,0.178306957395737,0.310276451956679,0.404293243266433,0.171007079227569,0.295655226596408,0.227961315270418,0.144620992958751,0.127350864612882,0.465402376846379,0.17667948158056,0.286166886954094,0.203821071658574,0.156212521166948,0.152387266596368,0.178493075913756,0.213800173640638,0.234364957099409,0.22033249332311,0.326683369958402,0.269513540577269,0.175966716897067,0.330665167757071,0.137246467453384,0.256940127984228,0.290583854066936,0.328352707750852,0.229753766233713,0.144934616177674,0.261152331240748,0.337590240296263,0.233198982980297,0.259722002966381,0.252707264573431,0.516813847245244,0.371449099840288,0.289587201295074,0.295150612375364,0.331836038353422,0.280388080674277,0.344664713959972,0.27865227854058,0.286148119945404,0.186652063645082,0.303819215660617,0.114643362560154,0.360164068767863,0.357263851423079,0.374261741765672,0.325960778401749,0.218871043020026,0.221311683459672,0.26926497287588,0.29282862047494,0.12279005822929,0.30323403303016,0.280041634894414,0.405927030714378,0.277236712976961,0.322463493528271,0.323400288779607,0.182135675891248,0.292728230144068
"jarjarbinks_14",0.19924587803601,0.233305083624,0.273109617173739,0.271523749727724,0.222940452792313,0.230252822471248,0.218143152492501,0,0.40930959171214,0.19160089331793,0.150996989452706,0.26706112115658,0.164924871767329,0.237019453522207,0.503283901536365,0.23450471863727,0.173906282795186,0.128477464747355,0.136953142943748,0.220712388558389,0.190056722761465,0.440888459464046,0.25924718997913,0.120600900696835,0.156595793289736,0.372590755370478,0.341224222800589,0.371017366497658,0.242503792052565,0.211442912486171,0.134057090522795,0.252129081490384,0.237420022393339,0.250121446222372,0.209883242262003,0.220397711256025,0.239074732733377,0.202896513488246,0.247378714589892,0.470358123900435,0.261635047002411,0.252661936116307,0.302186365294783,0.255760473325818,0.163868224352908,0.197700205719617,0.298249941921654,0.199874233370274,0.0984139568065504,0.244725747317782,0.0737669444119034,0.293219349662238,0.329275840230278,0.239189452044868,0.25486964682652,0.384832215519449,0.242597866605057,0.368883119538776,0.181756753967827,0.252506059635629,0.216725986244136,0.0799956354397148,0.243436307038233,0.248794340468993,0.419136442523914,0.248306794330142,0.643085675840303,0.191385375008795,0.167555355595972,0.246010989442779,0.221124405567538,0.181388052322503,0.33335417749336,0.144885024717867,0.413653548991703,0.185896495291936,0.232280512284027,0.186867528846225,0.438924940913733,0.241907475241056,0.181656939573297,0.199576113891746,0.143526046696474,0.152515399834305,0.235127612824644,0.0833266183370203,0.0775487586548526,0.174934434872468,0.274932672637791,0.205672622059987,0.138053562322586,0.290089647759158,0.134490844229694,0.229072259615664,0.254209563176099,0.214675617411873,0.158864271825617,0.152270469229494,0.189798361669007,0.260943576524915,0.161228567409184,0.168570950258834,0.207243656852418,0.515669276594281,0.346550735041349,0.264559015580279,0.250234134637631,0.238636859592823,0.246073449468215,0.240906945803363,0.173139461789832,0.225176401332575,0.298973631699686,0.214780271032987,0.166986124273514,0.350263688945681,0.313990319472052,0.327639938208763,0.252193597174733,0.0992054729694853,0.134390160646876,0.238244590086864,0.207470810050297,0.207849798892595,0.270171010751235,0.377539363428875,0.352916636867985,0.207621693377358,0.247711271850937,0.249707941066439,0.164959561724333,0.156514123400714
"kubo_14",0.402839208787004,0.377925681140448,0.374719380128652,0.329496632278174,0.289199761919299,0.353392300725384,0.404088409930699,0.40930959171214,0,0.416530926156199,0.402023760652098,0.288666513779021,0.417939396009015,0.358301409006824,0.139930628082365,0.420194701483637,0.4028917637386,0.406197475504012,0.418612169832792,0.292882659308284,0.386506829762197,0.299375265004644,0.408769723353586,0.40274428484617,0.404497616769665,0.46378851552841,0.45522457083895,0.296616571945275,0.384198824383308,0.21718535795503,0.407665569714225,0.399309356042539,0.251718959039265,0.168902898822822,0.332756828388282,0.357491555564766,0.267024585255836,0.336945774475879,0.281158101023936,0.10459863824668,0.291947638944715,0.406744469993249,0.145243558205991,0.283592690921682,0.371466537700402,0.432840247329747,0.186306167374267,0.358579898642291,0.412800138131421,0.306229196262072,0.411141397494634,0.411260867377163,0.188415626553839,0.407767159890069,0.301594140621583,0.129627995635158,0.403929539723973,0.199305051239781,0.376939838291856,0.277437637892088,0.341112044570694,0.414053938973561,0.363286530304943,0.306523316057386,0.0842112594265145,0.391907785657728,0.256331614822297,0.372568175592817,0.36275980101563,0.339637041829377,0.409212502579356,0.315638593654345,0.405067389832723,0.400270066543947,0.419404610427454,0.399742131037127,0.411560075133852,0.409065906078896,0.111801853819945,0.372529184762539,0.315696502035223,0.374642520566941,0.402837677559368,0.388409313019437,0.401183208381437,0.419876131969065,0.404107184022226,0.409338864819724,0.205819609194461,0.317820761090065,0.392041369621332,0.36348077302362,0.385567169514639,0.276405024904544,0.415024232015748,0.382873314856416,0.40276949364949,0.386265435118457,0.345797506311984,0.374193227082857,0.412845983118327,0.398431952130779,0.402058789174017,0.145955754181347,0.23187546714869,0.420773841423831,0.364508508216294,0.407105941833804,0.224860514539589,0.392747397548144,0.391932213556504,0.409231739712089,0.438261218382904,0.214423781525483,0.402303229751211,0.123423090471714,0.281599371055542,0.283208932999825,0.334618907033563,0.361585214999186,0.41925090952284,0.214921685050601,0.301114419364578,0.437730289754137,0.332908542693262,0.500179765107213,0.449439561939865,0.318007990971637,0.396213287677638,0.430982961725066,0.416034011463184,0.404573923079356
"wolverine_14",0.134263260293013,0.114821940359928,0.251099317058617,0.169303533472608,0.238290354568384,0.137823331341944,0.288965531095758,0.19160089331793,0.416530926156199,0,0.107156135073211,0.15649942300744,0.133842931315351,0.127699180716934,0.489404097520231,0.150887678572713,0.147804598561716,0.171102552190516,0.193060859698473,0.243122099927952,0.122262323596874,0.367371479439821,0.132862065074971,0.180293134837799,0.155440264095157,0.495245395752111,0.449962652359479,0.493852833698009,0.168268359080048,0.282498093242043,0.171919199440678,0.105790400685668,0.258850955426611,0.29001340879945,0.147748463730879,0.209562206740575,0.218531892629219,0.139290125506969,0.234139524719008,0.486398449299999,0.296497040608903,0.139655767275039,0.303577165707252,0.195628386469,0.159653909259727,0.183481255980794,0.277363707946388,0.175424759050948,0.203466809266885,0.174854493160396,0.173983174494307,0.166883510122306,0.338707009370716,0.209840523095964,0.189818717621101,0.339593704290865,0.149305599094628,0.366229147557116,0.124077827166281,0.24565834981324,0.216236726866182,0.218656757139672,0.129522382218922,0.243834145737071,0.435251799664272,0.122665855392942,0.658657956855128,0.131718265452626,0.129192393799509,0.201686282135691,0.293252136116659,0.14552088160644,0.242482949951092,0.170183404009445,0.523189700819374,0.228842898019123,0.359787492059344,0.312314111468213,0.451946717776338,0.34971008791218,0.142275263337746,0.31093015939276,0.269624481898179,0.22822487335283,0.274399024883418,0.201401090758399,0.195043417226612,0.144167500714053,0.277420077160978,0.227413584837209,0.208898587327717,0.208028152723969,0.290837305551698,0.210555448731609,0.140046875100438,0.206428853482249,0.17153545121099,0.307638176489689,0.143482079637795,0.203948597753645,0.226563483859394,0.163303830310313,0.214683901454298,0.530068314252246,0.252257169591478,0.200328849988197,0.191665948197591,0.171119759360433,0.331884503751618,0.160698178789291,0.134295248187359,0.103882558789235,0.388851417770198,0.235462561774498,0.308150473204925,0.323869329045153,0.263620876503902,0.222531918979547,0.206018794159013,0.18638831045811,0.20528895615745,0.354673784501919,0.215265578894486,0.310753925241395,0.161670200885819,0.508600115786091,0.211733444553737,0.203543108097553,0.13119091761945,0.147946118209027,0.279451666011996,0.0858796673806265
"jarjarbinks_15",0.1664313442778,0.154838541635174,0.240648747666315,0.189203214987441,0.216859815321163,0.154889448710799,0.311273490582227,0.150996989452706,0.402023760652098,0.107156135073211,0,0.184915772753643,0.179602018942321,0.156521487915163,0.487213265747755,0.198943079182436,0.1607926518817,0.184255457467592,0.226013092314354,0.226414998818671,0.156481626391174,0.393573876295631,0.186078507183091,0.192889156822396,0.214545518623184,0.4827047885384,0.456556719208806,0.47439695691533,0.188847917750509,0.247359238242765,0.177337967272062,0.1714099007615,0.239960078346853,0.25540295079282,0.152027627253784,0.220664686323583,0.213084226134044,0.15603461755737,0.218903935468987,0.470058611368644,0.291230896398593,0.203596168058337,0.28922159274142,0.213580396365357,0.171182098665938,0.224927986783817,0.267101904538976,0.182479239327436,0.207089421196516,0.183243852866479,0.144929269632324,0.222402662319197,0.327534045664308,0.243864499382959,0.196593269633897,0.334193348144976,0.176624626654955,0.358843039598284,0.145201060784924,0.234019245741624,0.22059213042695,0.203456567476596,0.170187967340071,0.232643107796023,0.413624866137896,0.180402322682311,0.651912912948718,0.123745089957262,0.141887129995222,0.222968380452815,0.30784623813557,0.111164614326464,0.270100581079779,0.195342982893263,0.515957809943106,0.258698186686149,0.345285773284828,0.304654927499041,0.435373090423238,0.337025897038804,0.126917140581664,0.307560100862585,0.25014430979391,0.228685135625507,0.287922409913099,0.199850964088911,0.173756398096424,0.184756886151223,0.265582672716786,0.223404037379921,0.229480045288864,0.238099761147106,0.265349456874767,0.209149117055476,0.186043787643599,0.173618136848423,0.199878153504989,0.283475279425778,0.160377185294624,0.222766199290322,0.248828429558713,0.188896814747365,0.25122533394779,0.514949922941968,0.28783206831622,0.245080745598987,0.216103554946507,0.200408420797016,0.3173802763453,0.179111382272171,0.158950829473832,0.153559007394387,0.384450218328326,0.199593319969014,0.278791270913373,0.312101478296896,0.288998366651863,0.25726350480223,0.22843689752678,0.1574845825086,0.21891189107364,0.336896054473086,0.202647930380747,0.327810660753374,0.203814499302222,0.4953721031739,0.276458331252381,0.194397592495758,0.172184373376885,0.201909669804872,0.268582445264782,0.0965311121786867
"kubo_15",0.170682632969768,0.128623873645745,0.271034943116165,0.071291656312271,0.178340437144898,0.120230105957047,0.330099645127143,0.26706112115658,0.288666513779021,0.15649942300744,0.184915772753643,0,0.207618875826153,0.088483984086937,0.390216377691953,0.195146837360897,0.196655880195702,0.21466919763917,0.266182790316595,0.231208890444273,0.159308517999224,0.263676732533174,0.153509115570435,0.221436342946057,0.212234456677724,0.496695051470575,0.473102018559728,0.473851282792845,0.184798552712192,0.236152676479479,0.226014436369731,0.158141803382342,0.23088466829433,0.246247076434685,0.117231690378347,0.20656917574952,0.184888959253916,0.119593482311364,0.195522415545634,0.385464058847095,0.29142373196049,0.193066192325707,0.241356703897589,0.14388934205356,0.176392149666575,0.242321345812849,0.202589810461513,0.170750398747459,0.25262238432504,0.130851611397321,0.226941586333478,0.179580090089037,0.321776383837613,0.220911697307908,0.13282550541036,0.235280989530054,0.183469955915178,0.292513508813211,0.144859626071935,0.208427122938581,0.202632199876912,0.276930622285701,0.12996386848096,0.223485791155994,0.36004543069365,0.138031750660008,0.556334692791925,0.151859900083873,0.131565668967542,0.192491715503375,0.313290479285361,0.114063763549064,0.20208228878679,0.223670327045593,0.505383619163745,0.251753879246305,0.388889054666323,0.355337630038674,0.354945293016683,0.322096961558401,0.111962200392894,0.314546942891471,0.300399927025273,0.264758594325669,0.284430782816602,0.266379825843037,0.246560826070078,0.205475671963392,0.23217284743649,0.19269629069368,0.245106686277646,0.187564987810514,0.313076151308464,0.181939899394818,0.211633693696461,0.236026092315796,0.216841677601427,0.317822148641479,0.146546221147525,0.206699520513832,0.259080747980867,0.2133973025024,0.237336121166618,0.429271494744415,0.141312279231638,0.236988963413328,0.192738469548148,0.214861311539867,0.293049710097518,0.168424907642481,0.189442159308618,0.178923624691842,0.407628876387727,0.197886768140427,0.331030819976091,0.222653026532852,0.179330694166524,0.112094957499449,0.185882303060924,0.195002102584145,0.269544520947271,0.319949788421101,0.205009181548901,0.376336870949114,0.118653997171447,0.52232626919902,0.207326661936463,0.18651465414954,0.160577181386524,0.226150667215562,0.31464144012941,0.152607354705233
"iris_17",0.101457832399286,0.147691986787016,0.272156287096392,0.226597567083239,0.243215517999514,0.169845567343477,0.226289579428786,0.164924871767329,0.417939396009015,0.133842931315351,0.179602018942321,0.207618875826153,0,0.177903929787526,0.481181538777937,0.139650173200915,0.0955502438606902,0.0781453071136387,0.0997242946091407,0.189573729253327,0.107340659718417,0.349652406420709,0.149831963483258,0.103192781742525,0.0958797690518117,0.426165412399169,0.388986751001741,0.4288477387281,0.139341279860365,0.236046979259445,0.10712960482918,0.107059916890799,0.240835972056282,0.276866627882224,0.137267798804714,0.137052048442907,0.186212523178515,0.13093862279295,0.197006239276181,0.484804549686018,0.237729953686788,0.11168259270336,0.29233456470297,0.194196478132539,0.100736532164688,0.082393691176475,0.262471930629141,0.121951196667944,0.123301331567375,0.169623710553653,0.144487680811997,0.199075882197699,0.329888496661085,0.145292602430111,0.183055090096588,0.349584533664798,0.147766884952234,0.374308573253561,0.110935431514631,0.208724919652846,0.156539272948842,0.163276992381436,0.154413925194325,0.202319311396995,0.433555669275439,0.142821427184922,0.645060245051532,0.164494071442416,0.120220774369624,0.165596318199799,0.215808530704194,0.179720095383982,0.236147650152195,0.102425147561644,0.449312156187473,0.15721276026068,0.304268945697723,0.26194689557007,0.455914371462025,0.267344917590837,0.169749966238322,0.224240161148245,0.20156306689332,0.140231447098494,0.225780800243863,0.13370940717776,0.13346414307736,0.0461666407227133,0.254955900584556,0.164534060092574,0.134606446410547,0.176182011922479,0.227855470499725,0.180913906747154,0.108394259109367,0.188649597383784,0.0810770862024884,0.238364570328336,0.119581523020171,0.167146233529771,0.131023019972702,0.0774094239925212,0.140316498629085,0.523308903587753,0.269318397613,0.146110593306717,0.143985917133786,0.139993734779526,0.25463029650566,0.161745265353594,0.0970902164302467,0.0858982229656123,0.324637291851796,0.244881653814902,0.249825886893932,0.328435345684134,0.230840085866662,0.24359312911273,0.164795621419369,0.140501656339568,0.099168253570386,0.291248832326856,0.196370082800763,0.225281130375652,0.178514433109296,0.447051062430413,0.238532642551224,0.164109139555661,0.139819514679097,0.132903014337347,0.208073678374289,0.110840453028407
"kubo_17",0.150070254887423,0.117675216608018,0.286556239336601,0.106184513767906,0.233569443640688,0.129627617813959,0.341358798586674,0.237019453522207,0.358301409006824,0.127699180716934,0.156521487915163,0.088483984086937,0.177903929787526,0,0.422565204297756,0.159990441475102,0.16559572089529,0.183960543292991,0.242805296577131,0.210126132978375,0.120561890001161,0.285460617560395,0.121157286120242,0.200165866989852,0.206467092028846,0.490325628612346,0.464639111303199,0.467056789159183,0.139077468758168,0.260447166873526,0.18689864246577,0.141598502565338,0.222090759617182,0.266072769597327,0.112157797697981,0.172092986042383,0.180979809062588,0.0973232175928217,0.187219525595961,0.42152111033959,0.289601157161285,0.171549657152179,0.248139622874243,0.133632465204649,0.179139788929393,0.217473531205984,0.202546334005642,0.146242096100179,0.224955832890342,0.123998319245416,0.206379985900785,0.150401901558071,0.321107042804419,0.204426980772197,0.111972477328359,0.273502127165361,0.127375711617113,0.316087026947469,0.114534125584381,0.198878372618289,0.182133589360874,0.248049577661052,0.145344841984454,0.203922879064913,0.383579453016966,0.125011457144332,0.596481881662219,0.120047881231072,0.121110322230009,0.171270161783804,0.315276425392681,0.121374905522628,0.182087790175315,0.20774681823268,0.494239426020497,0.249291124604366,0.382717755630728,0.344409849758113,0.39126493597988,0.299279782891004,0.127010752138571,0.296407320255976,0.271741897225855,0.246688162591759,0.287698841105176,0.225858073931557,0.206739317358208,0.177868737737294,0.225694697060285,0.191177761218793,0.24513029889662,0.15637010378051,0.302557204531903,0.180955469124081,0.171958532502588,0.179111665591909,0.191310100790144,0.30000944113605,0.126901090624318,0.160927810595785,0.227780814921553,0.178935907868322,0.21746673443822,0.468780774560428,0.172989071138917,0.213655346507953,0.165809117340346,0.170009669145018,0.300894623674899,0.155173861049023,0.16208896217655,0.143460752768405,0.395402670592669,0.222317533016321,0.314366394362801,0.260384585256584,0.192329231155267,0.151474633020839,0.165551634900037,0.182539491710346,0.230731934239659,0.331954972556996,0.210821544178402,0.353562364274275,0.112866825758294,0.507898083867393,0.203482991489795,0.166331924974267,0.128631851895445,0.184392484614354,0.264898861712997,0.123838654660448
"lambchop_17",0.468357231898538,0.457634230723928,0.463437144455547,0.417891405728033,0.401072994757139,0.445323441157402,0.488523113219252,0.503283901536365,0.139930628082365,0.489404097520231,0.487213265747755,0.390216377691953,0.481181538777937,0.422565204297756,0,0.470976030657594,0.472128864962345,0.478000964814564,0.483199522688473,0.369090279406663,0.454456073623385,0.242280388729907,0.471361608173287,0.468947781277654,0.478842242749963,0.545118081049387,0.534526180894123,0.34700723841585,0.452442444194591,0.312028205431505,0.496261148342007,0.472670575504396,0.341644295206247,0.254207091423688,0.401041046921221,0.438447146773282,0.335417397986508,0.407614069122981,0.347856882619645,0.0998232734588399,0.371033067016947,0.471191251707453,0.221782325786282,0.352219722656,0.45840294411636,0.488125201439017,0.252171235646838,0.428254954459755,0.48485244011972,0.366497990668795,0.488226504598137,0.469911234677335,0.28175564059893,0.439382256220836,0.366234017738043,0.15462947761139,0.469225701116041,0.251883390302298,0.445123357758003,0.359664188297723,0.417410511452148,0.49766131698168,0.456094218946764,0.388210312124025,0.132702884857614,0.468843047216637,0.169245043985133,0.45803285680665,0.443951157347581,0.412125677994302,0.48395495470024,0.397610733689871,0.431754946305581,0.476265834388009,0.486723022674273,0.468651394358421,0.49857094883154,0.499467684227179,0.1432328736697,0.437093509144301,0.397008048283405,0.462300572279183,0.472311631643136,0.463036531181622,0.463790750567465,0.500828568602946,0.488673912094041,0.476893192506795,0.288020572481414,0.380335757777522,0.477080240844204,0.422147364250373,0.482063104884028,0.332976605445569,0.473525868134508,0.473906021099304,0.4670216460343,0.47845231930105,0.413639547584339,0.457319063442763,0.470815375850264,0.474731687827641,0.450879728787091,0.137987163959252,0.272852372150683,0.459616117446478,0.421805394698679,0.484640216846652,0.306822083663034,0.461115382014545,0.476291975676995,0.477657767125164,0.486697012304327,0.303733014070746,0.479251569951912,0.180655496599134,0.341903128329629,0.326197097658938,0.408204357054971,0.440545555353497,0.50279329023455,0.308654327258387,0.409453637169282,0.519518563686354,0.403201495711472,0.577346599007748,0.465715010200495,0.402725736708254,0.461659319347107,0.505688388026671,0.483354894952469,0.483507789090364
"wolverine_17",0.101733015470415,0.102626094729492,0.258462633511134,0.18889666080073,0.259453558774604,0.11341146250305,0.285748006752715,0.23450471863727,0.420194701483637,0.150887678572713,0.198943079182436,0.195146837360897,0.139650173200915,0.159990441475102,0.470976030657594,0,0.117090160626164,0.141569312865108,0.187844762858867,0.229400402136195,0.0992808076421957,0.32614381319865,0.0907559073174186,0.149135703673643,0.150929863637023,0.456800754924449,0.416725153642648,0.447383724085113,0.196613241130637,0.252850755655607,0.170360142963482,0.101573440431937,0.289353675946263,0.287055062798871,0.155978191640767,0.170312780228641,0.229968370457308,0.159862681568322,0.245938444692354,0.475879667324657,0.28422985847783,0.0685729799753978,0.31239457441751,0.209771523481047,0.136165470418858,0.170406624421111,0.285386598250896,0.185830716606425,0.183957545181285,0.203786987745718,0.184195406940652,0.0845308328676616,0.341307804920442,0.151071484604265,0.211884068362217,0.337093010717877,0.196372564117604,0.381329983106239,0.104231155780356,0.260802057026292,0.217207347719153,0.227395965355169,0.11275853596557,0.266209137637473,0.431587760798568,0.130069536985434,0.636260531442413,0.199771647503147,0.127760759988912,0.224874577425676,0.277354005322345,0.212026861359546,0.241135177477943,0.174985848142688,0.4837395447429,0.22258022170143,0.330454331718599,0.302606124863595,0.451282784820886,0.311669702685829,0.178510698492802,0.297994417183006,0.242425209587659,0.222177166311019,0.265524965372599,0.208033173024866,0.207372699978149,0.150659073980785,0.295718142828797,0.21420876676237,0.19500997455247,0.187129907516364,0.282792290780561,0.181753844254372,0.140208665019424,0.248365134383448,0.150146422044782,0.301020121088771,0.145138424502658,0.197727862599078,0.20043017264487,0.149073067756502,0.185164725576058,0.51628060104587,0.229681573064832,0.145744339079144,0.178708396926972,0.182474363575158,0.3178045468713,0.185515577622173,0.156262921230113,0.147895637926237,0.364457983630362,0.269199767254372,0.281642229812975,0.324228988874268,0.26081866464118,0.18535333580676,0.223607822464965,0.202923612444243,0.212781059333995,0.329243386302462,0.245086185831937,0.31844653995064,0.147756545932904,0.463637687200886,0.176609125564479,0.214452475017844,0.123243092379328,0.206715387471796,0.266606422103119,0.130607963762859
