"","hera_1","wolverine_1","hamlet_11","hera_11","jarjarbinks_11","hera_14","iris_14","jarjarbinks_14","kubo_14","wolverine_14","jarjarbinks_15","kubo_15","iris_17","kubo_17","lambchop_17","wolverine_17","hamlet_18","hera_18","iris_18","jarjarbinks_18","kubo_18","lambchop_18","wolverine_18","ophelia_19","wolverine_19","hera_2","jarjarbinks_2","lambchop_2","goose_20","hamlet_20","hera_20","iris_20","korra_20","ophelia_20","hamlet_21","jarjarbinks_21","korra_21","kubo_21","goose_22","hamlet_22","hera_22","iris_22","kubo_22","hamlet_23","iris_23","korra_23","hera_24","kubo_24","ophelia_24","wolverine_24","kubo_25","jarjarbinks_29","korra_29","jarjarbinks_3","kubo_30","hamlet_31","jarjarbinks_32","goose_37","hera_37","kubo_37","lambchop_37","ophelia_37","wolverine_37","goose_4","hamlet_41","hera_41","goose_42","lambchop_42","ophelia_43","goose_44","iris_44","jarjarbinks_44","lambchop_44","hamlet_45","hera_45","jarjarbinks_45","korra_45","ophelia_45","goose_46","hamlet_46","iris_46","lambchop_46","hamlet_48","hera_48","iris_48","jarjarbinks_48","korra_48","kubo_48","lambchop_48","ophelia_48","wolverine_48","iris_49","jarjarbinks_49","kubo_49","ophelia_49","wolverine_49","jarjarbinks_50","korra_50","kubo_50","lambchop_50","ophelia_50","wolverine_50","lambchop_51","goose_52","jarjarbinks_52","kubo_52","hera_53","kubo_53","iris_55","lambchop_55","ophelia_55","ophelia_57","wolverine_57","goose_58","wolverine_58","goose_59","hamlet_59","iris_59","ophelia_59","korra_6","iris_60","wolverine_60","hamlet_67","hera_67","jarjarbinks_68","hera_7","iris_7","korra_9"
"hera_1",0,0.100541242928032,0.26548305748846,0.19004608815263,0.249911451476169,0.0997004181889835,0.285677981285113,0.210058923509552,0.422736793217326,0.140616123671416,0.176721096419671,0.180091183473273,0.10667390889162,0.158077642266643,0.490777344117422,0.107388104851658,0.0806848931322292,0.119578092818761,0.17505455072101,0.173592590233788,0.0659851884872303,0.344240155779528,0.126707613703583,0.122411729989423,0.146497438560718,0.439657499740821,0.436850408851586,0.454107692872495,0.151045256094153,0.239370825265153,0.148143523375542,0.0901788770687241,0.242327656508405,0.274932812581319,0.117233380099228,0.136227114836938,0.185881973447587,0.138373158120058,0.207061727300332,0.488894283892411,0.230083375564773,0.0972139488156958,0.184119498158297,0.0985865553124449,0.144490735127985,0.264035685664927,0.161581585292001,0.171719120467077,0.178670020827746,0.156312128332486,0.334726224319961,0.178718553017331,0.341522960594042,0.149002067786593,0.374978200786528,0.0790092531174462,0.216424488872688,0.150271709684605,0.197554416822571,0.0849289587337288,0.208678241610076,0.439289395912088,0.109890736614411,0.655098673588495,0.153009717996609,0.0839221470755824,0.16382934732062,0.231707943226121,0.177149975339346,0.239034907440752,0.15429303310068,0.470717256620578,0.164038194469644,0.326788790014,0.289758534985328,0.462171203795249,0.289640170876287,0.154291397440589,0.244533326279473,0.221759757765372,0.195645271753504,0.227877666986101,0.183392328681723,0.176254946900836,0.114481441476644,0.251961441449256,0.174899541222997,0.15694957693202,0.153978487570823,0.261776218615744,0.187213544657179,0.12276897525077,0.204046748709479,0.101966965335943,0.278461406302161,0.122730399071412,0.152521215212707,0.14490816761637,0.0985174140098138,0.132132731317848,0.534916386700638,0.239887019120626,0.11916968541731,0.127784775160116,0.136797677156767,0.270764503991454,0.145401896996852,0.112043230528853,0.109605137304933,0.339524038121965,0.243338914570898,0.281088100892953,0.330717986172757,0.229069230576342,0.206620839947253,0.162306109569608,0.173033443395795,0.17936342384986,0.322722876325119,0.208718400928048,0.298426364883506,0.150435769096194,0.48067016723084,0.202509858434921,0.163117702066465,0.0874824260546347,0.160427803813544,0.239574571775566
"wolverine_1",0.100541242928032,0,0.260246924575973,0.151482252722104,0.234594251731274,0.0783818097383657,0.313774236691784,0.245732497226758,0.396878545301221,0.121212023254311,0.164249778022025,0.135637919207499,0.155415441594268,0.124801873208639,0.480444875071245,0.108531508695672,0.123117685698498,0.159099867068788,0.207208642240048,0.237925036431168,0.0918633037078174,0.32465846980956,0.0716484727472855,0.169166121088265,0.170132865626879,0.501948886177816,0.460001874110824,0.497360870383703,0.164394007237052,0.278598191408387,0.187755810708332,0.0716776595282441,0.28706871403995,0.293425106086408,0.118939819500669,0.18900792084899,0.215888448565356,0.128972589819368,0.245016141114834,0.477620400275206,0.303237832511608,0.10987095872247,0.180930564555176,0.134911667524581,0.190876252844709,0.260043341226963,0.198022192965352,0.184172925299473,0.204006426587628,0.11706392755321,0.345862190702335,0.17087890967237,0.331864930148959,0.150058653458515,0.353839362922502,0.106723549690929,0.24532727534583,0.220934155080692,0.242009320170179,0.0717462595690858,0.254134600157247,0.427448913330044,0.0675011468484868,0.643954153713351,0.158066708554488,0.11964497523795,0.197304176898488,0.286105549045244,0.163428891621698,0.208700372000061,0.181445079278915,0.529444276938538,0.225531798121484,0.358750647174615,0.320569075848605,0.448383717837209,0.347525905962377,0.162572518141455,0.303497780213866,0.257795275241584,0.23123707310981,0.274216234330717,0.231967960505439,0.222199824074938,0.159106528691857,0.272891354263747,0.228099483587465,0.206309925677061,0.164716596863042,0.297335802826026,0.203624449139371,0.130538407597721,0.244238802823801,0.156910796434154,0.322234351476183,0.137961007859668,0.163370732708174,0.220875759642092,0.148337198131417,0.199171389184676,0.524056440223461,0.207172015042848,0.179186455573249,0.175463944053274,0.154457157580386,0.340363878585375,0.131569778230242,0.136062267592,0.110351902587186,0.392501443488097,0.240903058956864,0.306565810674594,0.307717492675697,0.234840692966281,0.171540021474311,0.189719640065594,0.195055093522206,0.224624476703395,0.358666617931349,0.220230424964664,0.347705447967488,0.0973713243098537,0.513377123850778,0.16486223337594,0.199196472196968,0.0836563635491857,0.159768859054776,0.289251902751313
"hamlet_11",0.26548305748846,0.260246924575973,0,0.25206410333312,0.154248305917138,0.232287706436084,0.30394461237542,0.287134691037806,0.392683617572442,0.264955167396772,0.2542099502686,0.285541598848573,0.285747663289223,0.302361737256639,0.485692505162771,0.271892932249994,0.262608311562285,0.276531303285541,0.298963851092853,0.299241007180552,0.267636403847161,0.449378398397893,0.295354815841695,0.276654504333388,0.27212587035167,0.469266365525764,0.443988148536868,0.462673126171041,0.310039740741244,0.294219364076931,0.295563149657796,0.261057450496425,0.326057584546996,0.294846618260654,0.263083121585524,0.313857167247885,0.305936686996944,0.275466584057062,0.308932179552944,0.473465137739354,0.326348427729475,0.282170982872729,0.300754507446681,0.231985082812701,0.30792377265589,0.337937947472227,0.287642065014125,0.294033458310338,0.268335278381034,0.301114338995051,0.350090170821444,0.30549310001733,0.379586737198681,0.324060113241581,0.387957235367347,0.256196152680403,0.321314462156318,0.317994353458023,0.293989733202093,0.247771128458292,0.327924751527965,0.420551509353934,0.285969684670691,0.629827957916957,0.265949514378791,0.243147347534982,0.316137945506334,0.344186677535799,0.261835210741146,0.38778956891765,0.270908983790014,0.51137570006696,0.321381503960586,0.356361262045673,0.322696817300289,0.440113933174868,0.361937346155307,0.24925101645365,0.345379118551088,0.304522295825912,0.301264732918607,0.330232922837538,0.298993226440322,0.295538798698014,0.283668247058642,0.326308074271204,0.311191098965699,0.288777920172835,0.329839746102453,0.31093727977927,0.278568888703911,0.286395359200886,0.338656183152946,0.287798164340504,0.326984541425897,0.265222374808274,0.331039757397498,0.332787755066945,0.294632485264097,0.321920687997721,0.511330401986641,0.354173814355795,0.318859040075348,0.302830585862403,0.322983798208247,0.355205574952418,0.300952985647577,0.281698023171225,0.274044366458088,0.395310373195003,0.270556455341137,0.315032022932266,0.335563428581891,0.363315001515314,0.342820533681351,0.320386740169809,0.260846202562064,0.3233229323726,0.368412173197302,0.282392230525368,0.366324689054914,0.286981947143774,0.486259694966327,0.365448661405388,0.291289298284476,0.278484257800321,0.319711736078039,0.331513404058487
"hera_11",0.19004608815263,0.151482252722104,0.25206410333312,0,0.210263807070616,0.114885645323441,0.360276811187634,0.286882541064145,0.346597993035212,0.178980958177565,0.200276586494152,0.0748492403574248,0.239316694621244,0.112442820128911,0.439033175189569,0.200057751370664,0.220945563401256,0.238923652467798,0.294034286322575,0.277032505345916,0.195332193393649,0.314199743446957,0.168779522753006,0.249395962029897,0.24042750786504,0.524933229186088,0.501304078938451,0.509076051782623,0.215660677450779,0.279575795614808,0.243375993346298,0.18096435769121,0.278978257032513,0.296389279908235,0.148115444091766,0.245481864676432,0.234337136666731,0.164544817113932,0.242903244085608,0.429315965354354,0.331722811096263,0.210082620887904,0.195529450721009,0.197510400615922,0.274130332705199,0.253028345365141,0.273334440744227,0.175328322651642,0.250680057574629,0.187279558390381,0.374513721221582,0.176396824906966,0.286647769201625,0.211767585477814,0.345599275490121,0.168503105078516,0.256803681313798,0.24678768569426,0.294007067566586,0.144254166202658,0.269252654916771,0.4016566944254,0.163435299285415,0.597713667658493,0.157815279508012,0.151346936584766,0.237616703023023,0.347922550271905,0.152071168738173,0.233255821300196,0.246317097145415,0.546496498882636,0.280971582059389,0.417820162893384,0.381154234380834,0.39834708558464,0.356752908245509,0.15225334544956,0.355376244321658,0.323217723336416,0.292980808456561,0.317213593899319,0.284781468993403,0.26548906745048,0.236263530858889,0.286343858957402,0.245719815572826,0.276565851464868,0.228763293804875,0.337289037338047,0.219863489332424,0.241078433912847,0.264595310216334,0.250053188286218,0.339487603257764,0.174631262948527,0.242039030869602,0.293337558245523,0.242709698730748,0.271676888216728,0.474248674617635,0.185937564356422,0.272371077804509,0.236604466221101,0.245679653423287,0.347108871465249,0.182302116231029,0.215705973665293,0.204791058773873,0.439255551711813,0.238673868416409,0.35744876017728,0.267575667160429,0.230125130683917,0.1427251269021,0.23331393791006,0.210449469025776,0.292576553293575,0.372946099068364,0.244962384634511,0.409311145572115,0.149096764433509,0.543743446489461,0.223016414396727,0.229127432735668,0.179173811473781,0.243536239109091,0.334432465016224
"jarjarbinks_11",0.249911451476169,0.234594251731274,0.154248305917138,0.210263807070616,0,0.214417943190546,0.286931339495601,0.23483846375665,0.302285633465012,0.251531821604662,0.229458846532937,0.188227561299426,0.256377449472851,0.246567741782466,0.419449455685427,0.273293124721876,0.239579043275767,0.241362071116323,0.262549247966793,0.203694260287686,0.230684622665046,0.373205157724651,0.283809205735706,0.246723217179875,0.259527254984327,0.448123036286905,0.405900210644768,0.421686099138823,0.250239324547509,0.186361138316975,0.254595036755439,0.25573935398506,0.199319257350848,0.193123650840365,0.183292536261775,0.227783517304619,0.18493216979794,0.180597704220207,0.196245311900495,0.402036965191362,0.24430410574367,0.277600768074996,0.219136993328212,0.206639229011578,0.291202646682872,0.23079600198952,0.25645148492943,0.19871867437964,0.24261735029489,0.31178091605861,0.282764949089072,0.214387241121901,0.30427978490857,0.286984740309991,0.314832301176367,0.215377655111737,0.197066429386752,0.211653796390145,0.256636666549167,0.223179737427544,0.21650303978393,0.344306539387119,0.271587049220487,0.557808211084035,0.208770037804952,0.195438383847771,0.224603012762746,0.301749528962308,0.163597974459329,0.333615116736661,0.249462773600298,0.460614506490973,0.277416073110466,0.338090294948898,0.301664776884176,0.368095730404689,0.286815613750185,0.153442788583858,0.267897075428939,0.264811233365556,0.236252942447491,0.293875001134165,0.26392398194174,0.244625012596269,0.253111001584203,0.210871225208485,0.196051674580473,0.23527119926464,0.267653401386157,0.247725758459554,0.193596469551063,0.274223240019195,0.245242125214855,0.244297763950634,0.256475437355743,0.17534667806947,0.263225789644035,0.283471669322574,0.239731165602534,0.281667413020356,0.440423659551946,0.27581486092971,0.305499618152346,0.22873937908544,0.283655089137935,0.254133048922605,0.285311339396831,0.22382354637353,0.259174796558712,0.370754948831593,0.15409132827998,0.280302860015178,0.266170083815907,0.255332442017419,0.266189152717784,0.229323313350716,0.189061454849073,0.273616674846138,0.273794919136207,0.179452715580619,0.324407527933199,0.228527296396934,0.464816305313338,0.372776699940483,0.184934374239055,0.268564568196649,0.284886542098718,0.288605563638458
"hera_14",0.0997004181889835,0.0783818097383657,0.232287706436084,0.114885645323441,0.214417943190546,0,0.309761115510217,0.242461227994137,0.370801366126398,0.145130950236102,0.16360096861023,0.12706678242724,0.178564290248659,0.137216636450349,0.466742375043646,0.119234676184735,0.129597612301709,0.16552415118337,0.235189735519619,0.227733068873034,0.112856507842236,0.316482234536044,0.117694440883295,0.168258725768055,0.187065684477573,0.475259936710199,0.457173506284015,0.462288585059574,0.167465667042864,0.241148753245021,0.192041061235459,0.100920118386117,0.26274570247611,0.263901987877859,0.108142755822137,0.182231170634501,0.209783360726376,0.135600552994035,0.23710138132298,0.455472230313467,0.282202245538334,0.127238338720728,0.172157158747771,0.122688165867536,0.208842545884766,0.251328935407217,0.210819753131068,0.176980332006839,0.207011023452705,0.131477551166666,0.329846132598536,0.17233912937024,0.312060744805618,0.172512616376967,0.347225050073762,0.0935459908661688,0.23454546056955,0.206244415116694,0.244235531170809,0.0611006506940842,0.241947323783996,0.402348327509855,0.117160345631208,0.622691417577769,0.122181170566266,0.0888784150824614,0.191907897807417,0.285087445198924,0.144054316029034,0.229337569152309,0.199797660475431,0.510274976469176,0.216031950643839,0.349842082218985,0.317701990417496,0.430167070331885,0.334931601051616,0.134000835993102,0.304550355660829,0.252525246665048,0.228170443646233,0.258526421158974,0.235240810466287,0.216460424727114,0.178426648264531,0.261596554274899,0.224305021522943,0.211488668963672,0.169985000273471,0.275435288898363,0.200242649829932,0.15640299548324,0.231844728656964,0.1773487668913,0.291387763751137,0.137676017028163,0.165143963725467,0.217736665946001,0.174018175066527,0.191790429947945,0.501121748817735,0.202271494978755,0.186177266732067,0.168248209529304,0.176136856430173,0.316754848574392,0.154230134370069,0.167538896123673,0.141115091509821,0.386815349550557,0.219024597571132,0.29894600910568,0.299008203244998,0.22415403806028,0.155067355532847,0.183810477523998,0.180418781392671,0.248508659590376,0.340150300453285,0.213397754422085,0.357040563270549,0.108783673001898,0.495392211770647,0.192209366334757,0.196544524458388,0.103056400331423,0.187975056254647,0.300970575621607
"iris_14",0.285677981285113,0.313774236691784,0.30394461237542,0.360276811187634,0.286931339495601,0.309761115510217,0,0.228760524645782,0.42213259625984,0.302989344750407,0.327609860581541,0.345975646739414,0.236829353706008,0.357980225566388,0.509646307260048,0.298310711786977,0.296547966631773,0.259018362882573,0.170728514816756,0.293022921497872,0.28485644568901,0.481679309061736,0.34871198831595,0.234865857249864,0.177510430300219,0.281845258759418,0.239012583588291,0.413565896687499,0.331197913253688,0.309345176433,0.291571071049245,0.285934769957288,0.331791357529979,0.321026541545658,0.322265101671082,0.300812417530862,0.322198144893697,0.314348745088873,0.318234064092631,0.504099242446916,0.307807875677192,0.27490469291896,0.330047890697006,0.25828040536075,0.24704550354874,0.357346134441946,0.21750304669815,0.327934407462429,0.206248780689666,0.349810411436179,0.362791803462977,0.341363890325115,0.410405552832611,0.359698680490949,0.410750251677411,0.283393663551306,0.33158293515708,0.310847165611212,0.19701722706827,0.292238208004974,0.337811209324777,0.453744868445772,0.330750960375272,0.647003502815437,0.331132818214236,0.277302871048019,0.335075900730292,0.186015826287954,0.324881490125956,0.424316429070592,0.179377804171173,0.307191085763299,0.23793738639825,0.150589939053898,0.132363246979307,0.486563353139567,0.184553392634254,0.299175415353193,0.212448732158753,0.162501786049763,0.159006446154791,0.186158015680453,0.223771979618269,0.244960462261437,0.23058881450288,0.34069321280885,0.281433785764454,0.183423184166208,0.346397453226073,0.143257487937856,0.26812859119318,0.304095526205275,0.344816208937033,0.240742971162272,0.151430346392708,0.272968473713542,0.353528363317416,0.24362972170479,0.271249840631073,0.263992386761702,0.53904047853968,0.388613479907999,0.302374510067227,0.308415833974127,0.34806078847346,0.292574179477505,0.361613014040534,0.291995060410054,0.299917869207985,0.193937183404289,0.317957147251155,0.119374579914042,0.376155463403858,0.374597954390567,0.392009858742226,0.341252307595692,0.228929365888141,0.231647813861593,0.2810142086974,0.302031252643914,0.128094306647225,0.317734125183068,0.290912285713131,0.425757275398706,0.290243976369141,0.337815659929742,0.331814958610595,0.19039474400046
"jarjarbinks_14",0.210058923509552,0.245732497226758,0.287134691037806,0.286882541064145,0.23483846375665,0.242461227994137,0.228760524645782,0,0.42966099800162,0.202349696780848,0.159867067519111,0.281415997663923,0.173637308734695,0.250076696282743,0.528203349321652,0.246515626666935,0.183292815233621,0.135275898362952,0.144009152300244,0.232403487404344,0.200271597108981,0.464290050417724,0.2738612591992,0.127267700009839,0.164763960856,0.388941914111239,0.356507605667622,0.388628665057936,0.255737359110965,0.222111382007498,0.141343125378564,0.265561227348968,0.249778165356013,0.263049285692649,0.220657154225765,0.232003685542331,0.251856941748804,0.214232755744445,0.260332261106305,0.493258522083767,0.274780553213297,0.265810882084882,0.269109781525737,0.172534656954762,0.208010418293499,0.313453181993837,0.103769292570074,0.257726901112958,0.0780282854584064,0.309296629576282,0.346342171271106,0.269156282306336,0.404376660905912,0.255987143763884,0.388023054995141,0.191500563357093,0.260360847463097,0.228420655554481,0.0841129807404975,0.257056620363612,0.262377660919746,0.439196713920616,0.261519641466556,0.665807387392503,0.196326543823248,0.176662534899498,0.258929632172686,0.231607147871226,0.190995259714054,0.352058223089788,0.152359256978776,0.431818876928938,0.194821415399123,0.243287364559575,0.196584644578836,0.461682267223309,0.253494286015688,0.190438303980637,0.209704610223788,0.151155551111203,0.16053249732727,0.24666913742137,0.0878696456232163,0.0815302079204247,0.183895900904926,0.288652773086776,0.215848180700651,0.145547742364412,0.305905173798496,0.141731639263138,0.240284774945965,0.267901099346894,0.227008598931034,0.167592618386182,0.15981607457592,0.199709024634341,0.275101267501285,0.169844456953435,0.177058902383229,0.217616510280872,0.540488160521894,0.364538285902155,0.277552875651405,0.262946016370632,0.251593749821846,0.258017680762793,0.253970043947351,0.182111922892692,0.237038151240407,0.312434207691264,0.225844249708106,0.175299889839065,0.367970076029607,0.331454019556257,0.345132282297681,0.265879059861636,0.104013444303698,0.14103098140049,0.249552852459937,0.21350477285095,0.218878306960872,0.284021850617027,0.393924006989029,0.372676355598031,0.218193900906629,0.261297052265043,0.254325668591648,0.173446031277372
"kubo_14",0.422736793217326,0.396878545301221,0.392683617572442,0.346597993035212,0.302285633465012,0.370801366126398,0.42213259625984,0.42966099800162,0,0.438267082040194,0.422729705875193,0.303756092876916,0.438187341793788,0.376588025566072,0.146538771343206,0.440386114402614,0.422855059953818,0.425680010774056,0.438147956422174,0.30675265222284,0.405663114574783,0.313984282167323,0.429140797229684,0.421950077230612,0.423448646794743,0.482724132246579,0.47415293267719,0.309762929828419,0.403284227418862,0.227042012940347,0.427716180891765,0.419016826860275,0.263746755262617,0.176431167257009,0.349654006683435,0.374583859477372,0.279828292746721,0.353668927903233,0.294229268201501,0.10949660228639,0.305349641046496,0.426274353528969,0.297343513101655,0.389468191787324,0.453651950733025,0.195474177804994,0.432645221453258,0.321177568161385,0.430894206683776,0.431929050978267,0.197014149928859,0.3164962320906,0.135514673076558,0.425149925688356,0.207434261321502,0.395003068681752,0.285964613360282,0.357771453024571,0.433804342013246,0.380831002052037,0.321362458309241,0.0876065599517705,0.41184250986904,0.259398492824121,0.382645942786699,0.380264930771151,0.356243088777543,0.427977690576402,0.331796554121739,0.426194451047354,0.419197642925073,0.436667525712804,0.418002528518687,0.429478611865396,0.427410818832988,0.116884558561635,0.388613042551824,0.331779060785503,0.391383884922366,0.421654981049707,0.406090695291999,0.419044315928717,0.440005060277212,0.42351040352605,0.429343399857653,0.215866034811091,0.333187156081296,0.410277152204882,0.381770426869602,0.403004763133041,0.289397412041536,0.435757721298077,0.402112958946618,0.421881355849882,0.403294905434589,0.362366936791358,0.393009920412725,0.4320436874159,0.417725467112802,0.421059166050244,0.152430418169156,0.243051956889409,0.441096549477892,0.382248176186928,0.427775697982439,0.234730679958998,0.412784045220567,0.411511401972019,0.430630985940797,0.456529637481185,0.224775246354716,0.420023206706022,0.128862776295779,0.294956331472012,0.29694640637233,0.350997719662081,0.378813662979696,0.439097443515967,0.224160654871253,0.30902174149309,0.45735249615315,0.349716493461551,0.520293210441831,0.47226379474356,0.33364922976264,0.416021794655856,0.4432864453169,0.435132095714799
"wolverine_14",0.140616123671416,0.121212023254311,0.264955167396772,0.178980958177565,0.251531821604662,0.145130950236102,0.302989344750407,0.202349696780848,0.438267082040194,0,0.113863616376384,0.164817598866157,0.140735028521323,0.134761858650164,0.514569603139549,0.158639883609016,0.155402180433336,0.179771313522069,0.202565853267698,0.255876531037734,0.128550565221038,0.387714365279716,0.140781805229712,0.189250386388967,0.163310990761301,0.516977687958853,0.470406536367289,0.517591034207182,0.1775399260803,0.297206074464251,0.181738253585972,0.111355427509198,0.272343603025679,0.305403553696849,0.154919588969219,0.220355812642273,0.229833966682632,0.147363606891724,0.246841860542126,0.511126172762933,0.311448050522551,0.146220879748461,0.206455665696088,0.168602765160376,0.192943377992846,0.292217943585355,0.214135555976351,0.184966372543925,0.183192541757557,0.176338106487453,0.356374896178144,0.200738167903251,0.357789368333295,0.157488681531774,0.386449343233245,0.130596238419434,0.254287343872106,0.227111172640841,0.229948442117886,0.136675156598714,0.257130162732808,0.456990923300772,0.129076982495604,0.683326648322565,0.13840382923831,0.134885490554967,0.212757477496249,0.306855807239284,0.153414708612644,0.256635420814873,0.178886577420786,0.546326033527537,0.24033789967547,0.376593332090083,0.328259055830281,0.476435352892454,0.366913834335441,0.150381659750244,0.326582182113687,0.282807855087865,0.24000696638994,0.288233310411452,0.21200203703774,0.205636136793699,0.151550139133412,0.291876303674663,0.239342526084684,0.219558656319248,0.219418624822011,0.305996151625935,0.221668561026778,0.147691498419522,0.218571227530192,0.18009131877759,0.323027652865195,0.151029696594647,0.215242537148886,0.238334830099912,0.172021504663763,0.225423656788114,0.556686000563054,0.265714696254231,0.210593754440227,0.201456693770968,0.180857197576565,0.348716862611434,0.169836429633533,0.14093490280453,0.108708366279622,0.40612289980358,0.247591189170789,0.32324736090693,0.341051968260383,0.27861266292815,0.234917806493721,0.217587998646687,0.195895373638328,0.215442885362192,0.371771626633924,0.223588765787769,0.326537961529173,0.169728588658806,0.530834796959214,0.223643637834117,0.213716393113047,0.138225925738751,0.148880224049074,0.293821251053608
"jarjarbinks_15",0.176721096419671,0.164249778022025,0.2542099502686,0.200276586494152,0.229458846532937,0.16360096861023,0.327609860581541,0.159867067519111,0.422729705875193,0.113863616376384,0,0.195380280795152,0.190690208658165,0.165885722818275,0.512231631145063,0.211515001913971,0.170631776384773,0.195187823024446,0.238859800220521,0.239023799977126,0.166341134662094,0.415336526430981,0.198028874100467,0.203471544386281,0.226848462461652,0.504799595360675,0.478536920991641,0.498071844699371,0.199829711748139,0.260662983250036,0.188733933455655,0.182052655579831,0.253265527108992,0.269557604576813,0.159908124334684,0.233273367137895,0.224809055290702,0.165250844202278,0.231393567456958,0.493868438210148,0.306737030321179,0.21564369872966,0.225417568476315,0.181579691642482,0.238222906766041,0.281450237336154,0.219255219525634,0.193720058678034,0.154318577068247,0.23612916361254,0.345226967121115,0.20835216542813,0.352066611453401,0.187428984904478,0.378164855954751,0.154125361981448,0.241293264001624,0.232912316411165,0.215180163294329,0.180680261174661,0.246294248153544,0.434275180289051,0.191444765729364,0.675553052458559,0.125482816999217,0.149648200083227,0.235473369631591,0.323635171958293,0.11738365484299,0.286344945677408,0.206845180136255,0.539673931233654,0.272440602500252,0.36258384900782,0.321599697790926,0.458876463553447,0.354301361136034,0.134535373551222,0.324013780939045,0.263651984620899,0.241410251349915,0.302505837956545,0.211744371788889,0.184280545408001,0.196164577261552,0.279409885085522,0.235686795497539,0.242995048429034,0.251920172897062,0.27940281169973,0.220997620691393,0.1974721200742,0.184380437534286,0.211292745704046,0.297928168930889,0.169996072993563,0.235749961577205,0.263026171139175,0.200289743589003,0.264706519516481,0.54070059942063,0.303732963229914,0.258978169424505,0.228292539520734,0.212591358307545,0.33402347497358,0.19035938257515,0.168970205211912,0.162911447232509,0.402386112047698,0.210564580336181,0.293162755273834,0.328605415838228,0.305697267310473,0.271757966608015,0.241698580298406,0.166271309912217,0.231230251208288,0.353772554706308,0.210350087636154,0.346047150107028,0.214202413956649,0.517905928138508,0.293665369853618,0.205153242168887,0.182274072960334,0.205199458486667,0.283380239054526
"kubo_15",0.180091183473273,0.135637919207499,0.285541598848573,0.0748492403574248,0.188227561299426,0.12706678242724,0.345975646739414,0.281415997663923,0.303756092876916,0.164817598866157,0.195380280795152,0,0.218681240508679,0.0935409973767884,0.409954542221706,0.206168031521606,0.207299877908486,0.226139790146756,0.279660289524921,0.243453917580575,0.168258315657466,0.278467345218366,0.161865718729086,0.232832100697794,0.222815329686404,0.518682368605706,0.494324267316822,0.49653212815192,0.194840969350096,0.248465277958978,0.238263325447374,0.167023634655386,0.242818890529796,0.259533389463531,0.124063071668445,0.217427871432183,0.194699469432292,0.126338043382551,0.206074700969646,0.40503764965325,0.306296721319427,0.203422676329252,0.152207115291964,0.186163863422265,0.255384246510097,0.212904817151722,0.265888945841692,0.138082956054283,0.238671475982619,0.189633243448461,0.338259548113091,0.139951985114905,0.248052651697479,0.194005459062792,0.308424966957922,0.152508054472443,0.216162923501027,0.213353662717333,0.291184227625854,0.136968298190778,0.235703066596255,0.378163381584952,0.146012860459504,0.575417936425756,0.15570857227645,0.138263605779439,0.203167964463826,0.32842691939232,0.120457352454424,0.214126234298338,0.235231266879084,0.527862470701133,0.264368871208,0.407296794632723,0.373392208106327,0.374066279329254,0.337567960851563,0.118346771585356,0.330612790424445,0.315801859157764,0.278134794051007,0.298322775011016,0.280093016296415,0.259549199124528,0.216501878202472,0.244816821662626,0.203048288092589,0.257809118643347,0.198342594926188,0.32893215504471,0.191981026120156,0.223455571441808,0.248857157950681,0.228242244962225,0.333195841295659,0.154577529842294,0.218119757064809,0.272574266097767,0.225202411256169,0.249601531982912,0.450703765753762,0.149352489099257,0.249400950026112,0.202977779100577,0.226664800520919,0.307887885295064,0.177706834064633,0.199726468059672,0.18891044743967,0.425781287608765,0.20857761853614,0.346957638147365,0.234568511025882,0.18904224680641,0.118730346516664,0.196483436414103,0.204983464369476,0.283282530014822,0.335357007077026,0.212278087844358,0.39543526448107,0.125229840364026,0.545000143196777,0.219389290959938,0.195874823554539,0.169300766059462,0.229207933011923,0.330762392964272
"iris_17",0.10667390889162,0.155415441594268,0.285747663289223,0.239316694621244,0.256377449472851,0.178564290248659,0.236829353706008,0.173637308734695,0.438187341793788,0.140735028521323,0.190690208658165,0.218681240508679,0,0.187677401780673,0.503826097401111,0.146811631555272,0.100981313083367,0.0821112391949976,0.104107161993801,0.199170592211756,0.112777360404983,0.367346516812602,0.158087813577972,0.108321641778634,0.100503542169487,0.444285435743537,0.406038656311602,0.448399529808455,0.147004317580168,0.247954371137896,0.112968250717491,0.112159241803662,0.253054585842569,0.290263894942914,0.143535943697376,0.144099133292274,0.195685697172268,0.137647117029964,0.206828452922238,0.507829259494153,0.249167354336591,0.117320088538989,0.20392254600491,0.106197316905444,0.0863690607624316,0.276076527929384,0.129440478807717,0.178525452766682,0.152242235507404,0.209694402871034,0.346207769953566,0.192469801202851,0.366974629422172,0.156006266284752,0.393119273761023,0.11661653612045,0.21751477112917,0.164161477031914,0.171504966951136,0.162748379928106,0.212813254356507,0.453868425857724,0.149968654872327,0.667172535048481,0.172093779601693,0.126957725926029,0.173758351829614,0.225131221583506,0.188722521548746,0.249241441009798,0.107094636029065,0.468198197248459,0.164676090832499,0.317841918560165,0.274654277597963,0.478421484628203,0.279890943916776,0.178049443710805,0.235093587664816,0.210751453979435,0.147215562922078,0.236274156681461,0.140624313425134,0.140620286004083,0.0479195612604514,0.267205070407153,0.171945198567266,0.141076670614935,0.18523929938532,0.239321160455522,0.189498606792942,0.11345483820906,0.199681586437416,0.084878174034313,0.249828687977539,0.125848232123718,0.176038582945644,0.137318455805824,0.0808921383534004,0.146656944657783,0.547736028069565,0.283018810870336,0.152581240149813,0.150589432354973,0.147739284196801,0.266575697448121,0.170841146802094,0.102392343042225,0.0902159117698587,0.338200915708839,0.256633915811833,0.261652342431728,0.344544339518182,0.243296550685035,0.256279211544616,0.173101448729982,0.14787078991804,0.104225869993362,0.304548229794871,0.205305087922899,0.236286501740266,0.187155556594154,0.465693573401606,0.251552875069039,0.172000743621897,0.147348771614186,0.134503184076767,0.218637727518273
"kubo_17",0.158077642266643,0.124801873208639,0.302361737256639,0.112442820128911,0.246567741782466,0.137216636450349,0.357980225566388,0.250076696282743,0.376588025566072,0.134761858650164,0.165885722818275,0.0935409973767884,0.187677401780673,0,0.443727257676214,0.169452009391973,0.174692916472641,0.193913989978787,0.255370207087197,0.221087254677713,0.127464813689412,0.301258151330104,0.128197823396892,0.210478929694217,0.217170863906584,0.511925684240242,0.485917984635845,0.489276128967736,0.146955582887591,0.273775898618092,0.197671458848862,0.15015565352064,0.23356517585216,0.280072312524416,0.118200521737895,0.181323785172101,0.190402061330034,0.103152552193427,0.197591352929088,0.442788962539343,0.304434179879568,0.180941711063568,0.141250959853097,0.189127381667718,0.229486456621807,0.213168015529588,0.23706636730191,0.130434298191423,0.218035664619309,0.159540069657385,0.337285565541641,0.117868517773797,0.287991680487729,0.134920695857348,0.33319544400509,0.121172698359664,0.205610111681973,0.191596032357616,0.261186728724624,0.153804988443386,0.215238814501471,0.402850507688792,0.132430297054861,0.617431484369361,0.123430394711437,0.127275708070807,0.180516289563261,0.33049395634762,0.128076840371917,0.193618535671722,0.218627359395098,0.516056386023266,0.262133130759872,0.400971824736082,0.362249076608469,0.412265778663997,0.314037758933351,0.133906420741474,0.311607576806188,0.285923252442583,0.25951537711078,0.301679238967564,0.237646336075684,0.218028176796015,0.18779482551254,0.237634500571316,0.201053039069046,0.258146511881677,0.165323015892996,0.318124168738144,0.190763244177081,0.182200839425067,0.188823774249388,0.201618791074123,0.314898313441207,0.134374639745539,0.170113583117441,0.23967995138716,0.189337298425598,0.228855013396252,0.491805566229336,0.182742839239632,0.224955594937703,0.174723554465339,0.179727217277648,0.316031505371639,0.164723230504512,0.171501173669527,0.151403483388907,0.41309614509082,0.233604183056229,0.32997472878062,0.273754900069933,0.203676951033704,0.160320201159753,0.174890090963297,0.192085736011464,0.242800228979154,0.34781538125342,0.21900206353326,0.371885291476229,0.118677119485466,0.529954174843434,0.216022551914104,0.174524271536058,0.135808830132209,0.185953472552417,0.278756943919322
"lambchop_17",0.490777344117422,0.480444875071245,0.485692505162771,0.439033175189569,0.419449455685427,0.466742375043646,0.509646307260048,0.528203349321652,0.146538771343206,0.514569603139549,0.512231631145063,0.409954542221706,0.503826097401111,0.443727257676214,0,0.493436318354054,0.495158784472976,0.500585137597267,0.505065596819878,0.386053808318713,0.476135489043272,0.254257737333134,0.494600891668416,0.491219890525063,0.500932588090688,0.566624414779815,0.556172834590031,0.361709968881382,0.474669892839071,0.326345572300292,0.520560564141386,0.495527861100602,0.357703130738049,0.265879789887939,0.420488900142085,0.458944994839773,0.351248061139646,0.427506583644155,0.36408913763855,0.103103182792679,0.388248573876647,0.493461014325855,0.368979944603432,0.480551308021871,0.510857663841181,0.264108464394921,0.507827411762065,0.384132448142825,0.511212528706344,0.493045349145493,0.294476163327576,0.38376956319122,0.161535445774881,0.493122166984264,0.26344317314346,0.466346516227709,0.372821570765307,0.437208803262461,0.520992785454604,0.477860130967616,0.406450675596056,0.138433218809857,0.492373312756315,0.1682997888159,0.472951292896962,0.465303491861615,0.431810592443233,0.505239482025221,0.417580494199925,0.454110683833952,0.498216378357988,0.506058206528436,0.490060780409446,0.519687440020175,0.521367001957934,0.149340309572543,0.455691446090799,0.416813252689574,0.482478540681075,0.493832567734578,0.483821895718766,0.484095471151924,0.524594111892685,0.511949410873111,0.49961618001817,0.301773835254439,0.398385652129151,0.499119378141064,0.442521155222999,0.503583843329229,0.348161409971869,0.496507278304485,0.497336302835984,0.488734958150721,0.499421054099382,0.43308568993335,0.479886923566153,0.492162215900522,0.4980814138817,0.471731360931462,0.143417783100789,0.285423415712015,0.481439884160574,0.44199738682059,0.508629506338786,0.320584773244161,0.484793380951346,0.499754050823091,0.501901256049571,0.506597351105142,0.318039977030606,0.500194677883852,0.188950479962222,0.357795688997185,0.342073513772994,0.427540869807293,0.461407831332644,0.526458925875892,0.322202445356492,0.423873116810856,0.542224871286363,0.423341886750269,0.599944838050738,0.489281421459481,0.421891248664565,0.484348088841185,0.522593699860713,0.505362686137211
"wolverine_17",0.107388104851658,0.108531508695672,0.271892932249994,0.200057751370664,0.273293124721876,0.119234676184735,0.298310711786977,0.246515626666935,0.440386114402614,0.158639883609016,0.211515001913971,0.206168031521606,0.146811631555272,0.169452009391973,0.493436318354054,0,0.123895283667021,0.148754618633533,0.19654162082928,0.241424365033545,0.104802189623441,0.343336274092191,0.0965751428499044,0.156168851399911,0.158135841185569,0.475269128666919,0.434147746945293,0.467304694029085,0.208050270016136,0.265236911628923,0.179687058597342,0.107279884742054,0.304480315869033,0.30139779508102,0.164082140403438,0.179266572335511,0.242385669922291,0.168379679119807,0.258946546617609,0.498467107998418,0.29824472686302,0.0717739212362805,0.220433116708706,0.142966544962871,0.178928627054784,0.300609068116806,0.19296490733398,0.214935830800745,0.193435251288361,0.0889354755700761,0.358289769991744,0.223835094645865,0.354143532785864,0.20792029285636,0.40055492260651,0.109849088855843,0.27208364721086,0.229205805563735,0.238591505909054,0.119025798956991,0.280739415853358,0.451882512797512,0.137203854361681,0.658052624193908,0.211914799119092,0.134206867878885,0.237530084306821,0.289303387003036,0.223510749328294,0.254752334860887,0.183290761353247,0.503630029980967,0.233099027254737,0.344764556575264,0.316796495034339,0.4743606933302,0.326056176888537,0.187579774660371,0.31205063376971,0.253613431102814,0.23314038084261,0.277607002807137,0.218307530644202,0.21786310380084,0.158561805627088,0.310605705035055,0.224562338830482,0.204427858982247,0.197321040736218,0.296657217446073,0.190403435310651,0.1475326103389,0.263259670088267,0.157362457179098,0.315008296462331,0.153053060437143,0.208457631992105,0.209924602233849,0.156596461799167,0.19375949208132,0.540221205331301,0.24125586675527,0.152309098005115,0.187560288242906,0.192953205116265,0.333195859918906,0.196545119728514,0.165028571760455,0.156123604124853,0.379462684776613,0.283032788116141,0.294799059243011,0.340567848280959,0.274706759676525,0.195846166946557,0.23572271948223,0.212987193081062,0.223500250378701,0.343550247200058,0.257569429547037,0.333591200808858,0.154267527736846,0.482241213809439,0.186431297636553,0.225696715965247,0.130494256935478,0.215436654588763,0.280005045034292
