"","hera_1","wolverine_1","hamlet_11","hera_11","jarjarbinks_11","hera_14","iris_14","jarjarbinks_14","kubo_14","wolverine_14","jarjarbinks_15","kubo_15","iris_17","kubo_17","wolverine_17","hamlet_18","hera_18","iris_18","jarjarbinks_18","kubo_18","wolverine_18","ophelia_19","wolverine_19","hera_2","jarjarbinks_2","hamlet_20","hera_20","iris_20","korra_20","ophelia_20","hamlet_21","jarjarbinks_21","korra_21","kubo_21","hamlet_22","hera_22","iris_22","kubo_22","hamlet_23","iris_23","korra_23","hera_24","kubo_24","ophelia_24","wolverine_24","kubo_25","jarjarbinks_29","korra_29","jarjarbinks_3","kubo_30","hamlet_31","jarjarbinks_32","hera_37","kubo_37","ophelia_37","wolverine_37","hamlet_41","hera_41","ophelia_43","iris_44","jarjarbinks_44","hamlet_45","hera_45","jarjarbinks_45","korra_45","ophelia_45","hamlet_46","iris_46","hamlet_48","hera_48","iris_48","jarjarbinks_48","korra_48","kubo_48","ophelia_48","wolverine_48","iris_49","jarjarbinks_49","kubo_49","ophelia_49","wolverine_49","jarjarbinks_50","korra_50","kubo_50","ophelia_50","wolverine_50","jarjarbinks_52","kubo_52","hera_53","kubo_53","iris_55","ophelia_55","ophelia_57","wolverine_57","wolverine_58","hamlet_59","iris_59","ophelia_59","korra_6","iris_60","wolverine_60","hamlet_67","hera_67","jarjarbinks_68","hera_7","iris_7","korra_9"
"hera_1",0,0.0117815628925878,0.0266886675394837,0.0139326749394515,0.0163157454510325,0.00728507555238958,0.0257578421976615,0.0272921517558464,0.021253472138187,0.0193814918078365,0.0221758519331347,0.0123595812548718,0.0111342254917099,0.00983485022933595,0.0145304776502307,0.00704720509231859,0.00934663594147449,0.017993033223662,0.00846429102648934,0.00612753840823311,0.0134704364471336,0.00532257300687385,0.0173038751310594,0.0200427945598789,0.031482372239321,0.0206031159408292,0.00698557344744409,0.00954541063571155,0.0167901322680708,0.0208734019881068,0.010709326682714,0.0178596373631128,0.0149882381835258,0.0101345880425427,0.0231188126353163,0.0186402282819782,0.0171866663005795,0.00801156719616734,0.00779165923896084,0.0127247220119273,0.0172423635672842,0.00995965109624305,0.0104588954085574,0.0133377848179423,0.0142073923637824,0.0102958158373074,0.00927097474563675,0.0199763183843543,0.0147242129047118,0.00536408021959419,0.0110504876834929,0.0123723825547724,0.024521524458855,0.00930761412961402,0.0231310648967082,0.0121904022539853,0.00757109952471645,0.00761108479687158,0.0224654230246773,0.0171774561161759,0.0299096815806177,0.0185285998591264,0.0164684442567857,0.0316037126840645,0.0127460021162129,0.0158910821187882,0.00937647289217646,0.0221599669729465,0.01336986015275,0.011781735239974,0.0138226031798141,0.0178900548366798,0.0123331997456066,0.0157890224451723,0.0245697528953181,0.0174116474252107,0.00987142031458256,0.00543829216332955,0.00829108444009405,0.0224489980001599,0.011706637681004,0.0154706584941249,0.0117490330797775,0.00796195240146738,0.0241743962829615,0.0171735940639502,0.0129574802035823,0.0196027695941076,0.00486781875824896,0.00949351986140596,0.0086782948970969,0.020386032239191,0.0218788207477824,0.0212061006908903,0.018080867621989,0.0114783997262456,0.0165894637772651,0.0224240595049993,0.0117639781581598,0.0295629208338587,0.00961077789608421,0.0382396526044747,0.0111992245773401,0.00955801252796224,0.0114142697863131,0.00657234010452905,0.0149474520801848
"wolverine_1",0.0117815628925878,0,0.0313507438104817,0.0182323763699834,0.0171943319767153,0.0126185688935668,0.0160943219576845,0.0246085665170254,0.0218744289781812,0.0211223379569145,0.0208060855151334,0.0138545245841951,0.00799590941188359,0.0120756261861241,0.00837397971648364,0.00876369108912999,0.00974888993412222,0.0111499012812402,0.00953399639486143,0.0103576050597779,0.00530633398843764,0.00787027546064783,0.00764062309916157,0.0113747550328374,0.0222459695872774,0.0199721588079189,0.00725506930119935,0.00365901555479556,0.0176003343031119,0.0200638017579396,0.0115688253503344,0.0175595598441296,0.0157236298274482,0.00776666716323406,0.0229290768320904,0.023325680282023,0.012263573887773,0.00843320467558058,0.00731611428084724,0.0112946008688729,0.0183408905009847,0.00829537395635908,0.0138145927572725,0.00871992674376012,0.00620249135114604,0.00647139522668493,0.0129185152326837,0.0209987767146003,0.0178250363067279,0.0097948883945953,0.0149174594039719,0.0134694579330671,0.020093198099364,0.0115600596034201,0.0230938034396337,0.00471320839053061,0.0109547528656014,0.00938418857661303,0.0219407145252824,0.00880314913262158,0.0204500992684521,0.00959339466447326,0.00806547811672347,0.0316365650733373,0.010812683328604,0.0170774838690304,0.00550971381776243,0.0126932890059816,0.00581829028245674,0.00712378043097727,0.005138125113289,0.0187095429552131,0.0128821300168064,0.00873259998141353,0.0198451179411856,0.0141528531548774,0.00979499189357533,0.0100080936664754,0.00794156498197176,0.0189209721150457,0.00639947510347974,0.0169906491495227,0.0131736126993973,0.0067008541983669,0.0241436548526926,0.0171746756410081,0.0151195309888067,0.018971103610303,0.012924052910063,0.00989813492608627,0.00424257754121446,0.0207257193323209,0.0116973617031161,0.0202816857372756,0.0171610076180036,0.00810994219044672,0.0095033026745373,0.0208107228333616,0.0114230319975855,0.020384600164742,0.00916201299424971,0.0282230521656315,0.0180552723349212,0.00749722450083068,0.0145445734254369,0.00803408389808831,0.00822957643452387
"hamlet_11",0.0266886675394837,0.0313507438104817,0,0.0183529965697633,0.017023804963595,0.0228843740587198,0.0370988290986154,0.0338409610390236,0.025424955254495,0.0248051754318507,0.0297151102513626,0.0223664757933879,0.0278760319221963,0.0256653981375639,0.0359977023526739,0.0289148587696841,0.0337141837401122,0.0324802862977106,0.031854074314944,0.0269159077078318,0.034605434096835,0.0298282306765231,0.0325587746987973,0.0381200161043873,0.0454484481149265,0.0272055105139406,0.0277364789436604,0.0304618396890309,0.025327813363274,0.0279415014488822,0.0268686327538826,0.0399875115352652,0.0268991005514139,0.027899549156686,0.0283966228205857,0.0251619151124179,0.0384099437989055,0.0284384183335141,0.0266915479397463,0.0359228291216918,0.0260963276276495,0.0334229882304771,0.0260241528900589,0.0307497345017226,0.0332899500064513,0.0314030245230624,0.0283685551548027,0.0265694223482882,0.0374263110099555,0.0269936276681248,0.032431376319716,0.0277050324998124,0.0350079509487833,0.0258928402129808,0.0273787605730323,0.030069815324085,0.0252426496313946,0.0270079278624564,0.0264801591252917,0.0326270371863624,0.0457803028001058,0.035200104845372,0.0330424073293405,0.0300584581386727,0.0287333829832469,0.0244286025312426,0.0315696384717777,0.0376163015360693,0.0318153919919635,0.0286304871076761,0.0334285507669266,0.0263118699278999,0.0275626514606284,0.0316477369900731,0.0332164030586781,0.0291748367307948,0.0339105881284382,0.0279941814723481,0.0274093231608764,0.0301064739916349,0.0293839704587492,0.0379492357322647,0.0341529085263202,0.0285398194881665,0.0274244261662805,0.0278667743990625,0.0362863127624343,0.0270338989837283,0.0238153548076311,0.0253070256826074,0.0302456287943617,0.0238659215408759,0.0369466881115382,0.0283222148823214,0.0272294211819878,0.0272295060562641,0.031874350439622,0.0270668613135415,0.0253883174925924,0.0404947883082603,0.0299595131116797,0.0523571432549735,0.0334687063674839,0.0298415416504611,0.034813500789353,0.0303976759757613,0.0317119812082589
"hera_11",0.0139326749394515,0.0182323763699834,0.0183529965697633,0,0.00686253576840649,0.00906068041026164,0.026796220618164,0.0227607130884616,0.0120483604146269,0.0141060415832197,0.0174161468730165,0.0054259165594256,0.0142173599413216,0.00959291016349657,0.0236135531376278,0.0146934406239417,0.0213199644610362,0.0189329427792759,0.018663750154164,0.0131498863888898,0.0206747220754173,0.0165065217837455,0.0203709925656485,0.0265490847011169,0.0351623287028331,0.0124616770655017,0.0134895437086057,0.0177090066754307,0.00951409027251009,0.0131987309375041,0.0108369035911198,0.0287587981402151,0.0114518769767499,0.0119553697511116,0.0149280469998444,0.0150829341712103,0.0271388299961177,0.0136287473626965,0.0148487033858594,0.0238523044976242,0.0108984490863069,0.0211270641843988,0.0107673639458132,0.0167613830690994,0.0193526474374591,0.01812359285313,0.014371248740154,0.012490784531657,0.0269234408917658,0.012161080157542,0.0214093527049092,0.0126054608189205,0.0227221723208711,0.015396389336778,0.0138425293293511,0.0165083084374268,0.0101999818070772,0.0130704160691376,0.0136528892197176,0.0205316341984745,0.0344168883938674,0.0229665779126306,0.020073581964873,0.0215513770781018,0.0135589108556328,0.00949528649872204,0.018168583402984,0.0255653632750283,0.0179380833143052,0.0137768287601987,0.0204338208339847,0.0111674041578836,0.0119073407048343,0.0199850722680805,0.0207028211910004,0.0137581143197445,0.0215095906027217,0.0134810200399685,0.0136171771631238,0.0167625864759152,0.0141327297423283,0.0268308692410918,0.0222799417547506,0.0147324006350507,0.0143613151619072,0.0131609324856851,0.0247455195109187,0.0120532332273661,0.010025533074856,0.0110199138162746,0.0168161734220702,0.00970909359639362,0.0236213314194243,0.0140096299560831,0.0117035670312388,0.0116250479984351,0.0182330214056931,0.0134464375318756,0.0127251543728808,0.0290694885399489,0.0170405589505203,0.041840768646796,0.0234167435502659,0.0145573454793145,0.0238409808509624,0.0179446847361313,0.0172298943819506
"jarjarbinks_11",0.0163157454510325,0.0171943319767153,0.017023804963595,0.00686253576840649,0,0.0103268194363256,0.0229031209328472,0.0240283766392882,0.0125123509255996,0.0167075416752296,0.0193972797225548,0.0073993656726625,0.0145305554961777,0.0124772327282078,0.0224033101703695,0.0167934494742607,0.0218605112675287,0.0185856345932591,0.019181211910134,0.0147322161190931,0.0207550258327786,0.0176477094536082,0.0178538499802583,0.0239237142524081,0.0314430271613988,0.013112792101807,0.0147197200994138,0.0171293773239254,0.0105777305588743,0.0138300650487011,0.012159882533491,0.029023404612187,0.012446099997804,0.0124625778508285,0.0155576484670003,0.0188808899266906,0.0258462114581195,0.0140957447501996,0.0139074095641563,0.0243344921913192,0.012166026102926,0.0210701064494073,0.0122919805666589,0.0166320679866848,0.0187956042835337,0.0176654945176367,0.0156234644664063,0.0134557887077514,0.0276814115260484,0.0138526239653801,0.0217411362275842,0.0134589038811344,0.0233850967006287,0.0142012717973178,0.0145606585613412,0.0160749391283345,0.0117546248330693,0.0132956233014469,0.0155668381043031,0.0180913895190854,0.0310567625244856,0.0204507818604033,0.0181577151376539,0.0228567925594707,0.0131813019886382,0.0120244392529515,0.0178231598902126,0.0224473095539911,0.0172914633703365,0.0136069820668796,0.0190999791372114,0.0125027339966303,0.0129789088646203,0.017429765240138,0.0208230920957378,0.0131761757930736,0.0222234526789321,0.0153422186363609,0.0142683385367132,0.0173059843685929,0.013573043249914,0.0275282849814654,0.0224351710009087,0.0150795145330447,0.015106565195582,0.013667569402254,0.0259171483160082,0.0123560590679179,0.01328366736752,0.0121298777176049,0.0169783626394629,0.0108772278703391,0.021357460031027,0.0144061606300632,0.0125327123959488,0.0113495958055427,0.0177367987443588,0.0136254189618627,0.0125912004811353,0.0263519159880194,0.0166382207772679,0.0380347292020963,0.0249134679550567,0.0150759181685121,0.0247220463924383,0.0187791103363717,0.0170046771616631
"hera_14",0.00728507555238958,0.0126185688935668,0.0228843740587198,0.00906068041026164,0.0103268194363256,0,0.0234322432419745,0.0262987889412654,0.0158850071446436,0.0181518843025915,0.0211195929798428,0.00758700074629052,0.0116461077137326,0.00849605989570057,0.0158833163672011,0.010615778300547,0.0134126492404534,0.017787588024418,0.0105735931468315,0.0069976160773033,0.0158177144365815,0.00941458799826118,0.0160844055808812,0.0197512549759183,0.02988491476489,0.0157684154019798,0.0088741903065473,0.0110737861916104,0.0115707378895558,0.0161214805177909,0.00752893548599401,0.0212703687415856,0.0108184784408651,0.00791655749000412,0.0182320360040336,0.0180135761667356,0.0191229196141243,0.00630313949153366,0.00731933027017858,0.0169571677230135,0.0125134799745514,0.0131798778514582,0.00624631442874257,0.0128588271005147,0.0146227547069778,0.0108639761100634,0.00796061300154698,0.0149651628038649,0.0186618698724052,0.00479414707538375,0.0124742656117105,0.00907042589595843,0.0241566664397962,0.00697359851350239,0.0180876652397395,0.0126928178309725,0.00456827737312583,0.00507635900068828,0.0193963149668186,0.0157239266401455,0.0286118601317369,0.0174525523878623,0.0153422595003348,0.0278687172318873,0.00925048582045738,0.0127119858314864,0.0106244446474267,0.0202916490039454,0.0135226860670302,0.0105964562039455,0.014164443716974,0.0133427962955146,0.00918177593977539,0.0142278192663203,0.0229479250835835,0.0133053868261274,0.0142828830202657,0.0070647180196225,0.00888052449155718,0.0201535532881192,0.00951211645909833,0.0192840148101206,0.013750096973336,0.00868014879485077,0.0191216412644704,0.0128551018780123,0.017641783186585,0.0145921458807238,0.00628370846755934,0.00871035839725122,0.0109219451437252,0.0154077470837782,0.0203872509184789,0.0165612159294883,0.0138387194600893,0.00844787219737279,0.0164647897231197,0.0179236837658879,0.00992542512624245,0.0276614620749954,0.00912494815405695,0.0368339454164672,0.0151798850141904,0.0088257138513566,0.015929221689495,0.0109831094650338,0.0145164183784829
"iris_14",0.0257578421976615,0.0160943219576845,0.0370988290986154,0.026796220618164,0.0229031209328472,0.0234322432419745,0,0.0268978230383063,0.028252084891496,0.0264806557482902,0.0258045856270301,0.0222717548945968,0.018310224127943,0.0222497906656985,0.0174854392947812,0.0231191284080208,0.0240226006507753,0.0157588877288923,0.0232696114463771,0.0215067811401183,0.0185437530761692,0.0223647806638033,0.00899758188558058,0.0128580301910368,0.011850708256379,0.0264567489222805,0.0208330607785735,0.0178503688814717,0.0251845489205822,0.0266453854361315,0.0230788376201194,0.0304288880083956,0.0252607539073244,0.0186071796249093,0.0292941255021462,0.0300569308878237,0.0214569198855883,0.0205165673803168,0.020001337367762,0.0256746486567781,0.0267673757717134,0.021940949699442,0.0247347898650043,0.0156272897907522,0.0143670488284259,0.0169305784950154,0.0255596006578564,0.0284474616396907,0.0308161836755848,0.0224947439175532,0.0255980754328214,0.0244851876833968,0.0227837874619228,0.0213680376839641,0.0290355030363618,0.0165863864272267,0.0213029350519908,0.0201506480526628,0.0266389722853389,0.00907622329109306,0.0139736789065879,0.00967524055354161,0.0109082806023213,0.0345162651829064,0.0205379164204534,0.0237940948543183,0.0184552765285102,0.0080181379750644,0.0145702669852026,0.0164056818950692,0.0135152824718024,0.0270976544250897,0.0239692740376402,0.0110615877440758,0.0210163512471118,0.0213447415954067,0.0245992867724487,0.0242510143368979,0.0190051345451771,0.0215143335776858,0.0170734630734808,0.0306273104704907,0.0252651197052094,0.01842799500513,0.0297230920877145,0.0259781035748721,0.0297962680550081,0.0254605489418222,0.0255196109802267,0.0199118753970812,0.0188826856792749,0.0262118773710547,0.00876558495208521,0.0270151955121119,0.0250428355511635,0.0181449953605743,0.0149797695363061,0.0248888037728256,0.0180876699530088,0.00954285072176281,0.0214844194129054,0.0173738159909441,0.0308509179916913,0.0203360400853947,0.0286286166357341,0.0231334927299802,0.0151450330348899
"jarjarbinks_14",0.0272921517558464,0.0246085665170254,0.0338409610390236,0.0227607130884616,0.0240283766392882,0.0262987889412654,0.0268978230383063,0,0.0282980168129908,0.0125374352306262,0.00580575370765859,0.0204395708589796,0.0198665045924736,0.0186057561242112,0.0316355357878974,0.0223593053201255,0.0317899328260085,0.0144315659865504,0.0311369814930891,0.0239593315751892,0.0234716830023308,0.0267974772539745,0.0234440167705297,0.0321347879410702,0.0371620743631349,0.0257014398711239,0.0221490729055381,0.0261207573172932,0.0262101701040592,0.0261075144337715,0.0257240613419288,0.0403490933949865,0.0279676961776258,0.0218141064066329,0.0289405395575166,0.0181954358410321,0.0363951300040681,0.0266943685604025,0.0277670854712608,0.0333394378901022,0.0278472995689412,0.031316771934848,0.0284738797103837,0.0189766097969204,0.0212457682066884,0.0260555638421457,0.030875254790637,0.0293421649803603,0.0397537650581723,0.0255140000369766,0.0351935939914458,0.0289137012162344,0.00640028411345781,0.0306066136576693,0.0277450454417164,0.0202640598794867,0.0230339886530285,0.0261899323882203,0.0142727334222891,0.0242966711021172,0.0380744841746953,0.0266816567980963,0.0227096700658758,0.0238007125850734,0.0274877578600275,0.0172467049857411,0.027527389280066,0.0298318044529081,0.0206751488179524,0.0194329288578865,0.0257134393482486,0.0274121458530947,0.027327241761863,0.0260489092270633,0.00723845885817354,0.0251700743858378,0.0315526696662791,0.0273658155068228,0.0217214875932881,0.008554465299821,0.0232073534176761,0.0392280819570379,0.0355941711175552,0.0232051961042529,0.0276952591558924,0.0289784110183587,0.0362391753473187,0.0264809599100588,0.0240754024971544,0.0192168214338489,0.0245058236221189,0.022160482971831,0.0222037261611941,0.0272891496912128,0.0247283595145718,0.0215997374731952,0.0163578717149205,0.0216165439421137,0.0196271810700353,0.0220344273970503,0.030751706277836,0.0412547980420494,0.0373536896517025,0.0258009654670223,0.0361343588185823,0.0284159009876113,0.0174980895829746
"kubo_14",0.021253472138187,0.0218744289781812,0.025424955254495,0.0120483604146269,0.0125123509255996,0.0158850071446436,0.028252084891496,0.0282980168129908,0,0.023417478014012,0.0236671924270296,0.0123361410375845,0.0202698272900044,0.0174660198643395,0.0263222786081658,0.0211848352540354,0.0252984959801603,0.0235411050835284,0.0217789216634233,0.0208398202857346,0.0242987416927088,0.0222781374643132,0.023468209601707,0.0282246760537836,0.0353434491575507,0.0048004216240835,0.0199019934041188,0.0222305119051104,0.00494891739688176,0.00522107837852352,0.0120508199892346,0.029902199065479,0.00773826094407134,0.0158772992070046,0.00458589931198834,0.0254371214003808,0.0289586389091316,0.017094349929362,0.0196217167575337,0.0267348463172474,0.00470057340556827,0.0248694004967871,0.0121980558911949,0.0226214786748707,0.0237228804142988,0.0230076385503416,0.015893574343099,0.00278445619543247,0.0301639908144613,0.0179014240700247,0.025776801075208,0.011370937291654,0.0279272895520216,0.0203319408038156,0.00305802995610746,0.0213540424061671,0.0174685080298629,0.0183769293955055,0.0171760213352857,0.0240304082073705,0.0333260828157949,0.0256030571715095,0.023756286414063,0.0215599785970997,0.0127500181647274,0.0161879562068152,0.0221839462790995,0.0259946939407052,0.02262939156577,0.0187532477202633,0.0241361382866618,0.00431999147674677,0.0109328673701396,0.0238665481175017,0.0247985156288671,0.00956529820903909,0.0252662899104399,0.0178094389613789,0.0206707499705345,0.020638734257296,0.0164134913810997,0.028827695108687,0.0248273127466823,0.0210175324601674,0.00417388651162549,0.00742048420934757,0.0277239087014334,0.00367563244611931,0.0188636391009946,0.0189243751547296,0.0218659982608708,0.0084883759617764,0.0248709903643547,0.00531415593678052,0.00666886854592953,0.0147721403590789,0.0228600535340379,0.0108922640948433,0.0208950897524333,0.0307504540073592,0.0193239650694543,0.0411268499671445,0.0287096409686294,0.0168659762530963,0.0276561718109224,0.0231279495277341,0.0217184623357452
"wolverine_14",0.0193814918078365,0.0211223379569145,0.0248051754318507,0.0141060415832197,0.0167075416752296,0.0181518843025915,0.0264806557482902,0.0125374352306262,0.023417478014012,0,0.00889352557335449,0.0134337436758791,0.014426044833828,0.0116764271934995,0.0274269694129151,0.0167459253398613,0.0263830617434103,0.0149562929479155,0.025369110560847,0.016152111042635,0.0216155517840318,0.0205402841023974,0.0210075145266106,0.0295075067343188,0.0362788451185013,0.0221149714401495,0.016255370089463,0.0212028812834564,0.0206385577413083,0.0228528208143518,0.0201661759482881,0.0356539391869028,0.0225760076772959,0.0168714887564763,0.0254055670162409,0.00739896945102273,0.032193762918786,0.0206875696362271,0.0214238937907229,0.0287266391388966,0.0224983483791852,0.0260235015257723,0.0216089686606432,0.0156027628675897,0.0190514204935454,0.0209884520607026,0.0242684348823623,0.0242776304829645,0.0335824095937753,0.018643943919622,0.0280418727893539,0.0232097632511487,0.0144048564494934,0.0230857510327097,0.0240081082563854,0.0173202525232605,0.015581518159956,0.0194129926274422,0.0124605948567518,0.0212173408602885,0.0372251575146232,0.0243144733590122,0.0204818626398795,0.0225629060043556,0.0224188340899587,0.0111725180684056,0.0224528161048983,0.0280550386736092,0.0178783193773322,0.0152151826549551,0.0222202561559174,0.0224552570789949,0.0219616822624508,0.0219428833597175,0.0138082728319248,0.0221328787733259,0.0263302664155562,0.0207619549282969,0.0151060454703639,0.0113660232628141,0.0193491714657966,0.0338064609426912,0.0294581418988334,0.0171180647514701,0.0241420894745192,0.024336974222407,0.0308229472639606,0.0222879684915383,0.015299049791906,0.0121642259222104,0.01951290990589,0.0175418436317133,0.0232486485422032,0.0239947865204798,0.0210917830528925,0.0172417390741511,0.015242817732841,0.019000347315133,0.0124329032432867,0.0249630405136143,0.0248758537503864,0.042399225415694,0.0297455664120241,0.0210279809188603,0.0300278125730258,0.0224124898593211,0.0158667525878507
"jarjarbinks_15",0.0221758519331347,0.0208060855151334,0.0297151102513626,0.0174161468730165,0.0193972797225548,0.0211195929798428,0.0258045856270301,0.00580575370765859,0.0236671924270296,0.00889352557335449,0,0.0152777097804139,0.0156807963192001,0.0134958633489403,0.0280785670127139,0.0176034136080842,0.0273618162202755,0.0121377795107735,0.0264635060028573,0.0193455066448318,0.0200170319972259,0.0221935222384634,0.0208367136371095,0.0294517589285992,0.0359801607311758,0.0212126752350484,0.0174455854289678,0.0219961138227396,0.02133290400986,0.0216441986583416,0.02059512921767,0.0358746069336369,0.022930274614616,0.017199049025845,0.0245024118063408,0.0146853430474686,0.0326300754347252,0.021935491623374,0.0231297600080607,0.0290087397308952,0.0228677282396394,0.0270335775881755,0.0232554847596449,0.0156967333258172,0.0182169893650223,0.0222211776086759,0.0256846451351296,0.0245197378081774,0.0350967206640532,0.0205066459944322,0.0306348091628607,0.0238185226932296,0.00758308558922943,0.0259565695704656,0.0233752432784156,0.0164451397393164,0.0181712250808264,0.0215417111937063,0.0106993293419491,0.0216844070743987,0.0363006989892337,0.0242650735583703,0.0201194855525291,0.0217265374745948,0.0228089116820177,0.0125856115301742,0.023405179429134,0.0275675756316307,0.0174532567011954,0.0154068496192689,0.0224631004824319,0.0224711540340235,0.0222455193658994,0.0230922622718709,0.00764080849955312,0.0208094674057665,0.027094194117541,0.0222204751914247,0.0173956166704633,0.00633917338791658,0.0189175025218232,0.0345559945415116,0.0309829528571616,0.0189494754540406,0.0234501178754283,0.0240728273353244,0.0315596878645019,0.02193543482974,0.01877246348743,0.0145440696507375,0.0202816452381296,0.0177658872370445,0.0206829820656444,0.0228148832509616,0.0200135928892208,0.017025858560529,0.0137083146128478,0.0179201346453077,0.0156696068609107,0.0227584585422912,0.0260570417452636,0.0408535777314234,0.0325219867366071,0.0211674723507761,0.0314386576692344,0.0237842023631209,0.014377108833252
"kubo_15",0.0123595812548718,0.0138545245841951,0.0223664757933879,0.0054259165594256,0.0073993656726625,0.00758700074629052,0.0222717548945968,0.0204395708589796,0.0123361410375845,0.0134337436758791,0.0152777097804139,0,0.0103198420949447,0.00596088477097532,0.0195387579101438,0.0115502200936151,0.0182965584268907,0.0143368139144531,0.0156814863222413,0.0102087981010457,0.0161893772495613,0.0134024735372141,0.015586901602731,0.0221401746486254,0.0306856798868109,0.0115279514226408,0.00995065940982069,0.0137225566780145,0.00847889932305972,0.0121037084283252,0.00796022522517382,0.0262077372531134,0.00985746031228352,0.00710447925828799,0.0147035044583613,0.0153964574798992,0.0234988256025761,0.0100368133123956,0.011884854698784,0.0208309573831208,0.0102557917494528,0.0178240168477851,0.00908216268266883,0.0120712790449907,0.0144296283363678,0.0139623951259229,0.0125103260393615,0.0124650138691896,0.0248679392123738,0.00916628211799969,0.0192641254377628,0.0104793212029334,0.0192798835620071,0.0132908052941344,0.0138164828560765,0.0119245984886603,0.00700648370309122,0.00981368214587206,0.0128329106220223,0.0158459740948342,0.0298294630922838,0.0182925248798571,0.0152539351103558,0.0223194779948108,0.0100956607907152,0.00789368648308112,0.0142500294506985,0.020859598517238,0.0131342211144364,0.00896109811264016,0.0157884421178669,0.0105529069083746,0.00944379097337607,0.0156537745418963,0.017311826738162,0.0105138005007346,0.0185076606655345,0.0109582361557708,0.00985441200947296,0.0136914160579208,0.00936063063936672,0.0245913415910524,0.0196747038911721,0.0107705151460435,0.0145748204385228,0.0117669207874036,0.0224944583078919,0.010807258335963,0.00891602824286822,0.00738595211148923,0.0128460637620646,0.0097732809114266,0.0185079114535483,0.0129857723190404,0.0099564895131188,0.00679762432947125,0.0135673362908801,0.0122862047415502,0.00928216721422992,0.0244642874464728,0.0140675897496777,0.0371620345572682,0.0220423057358206,0.0107328072910339,0.0216701148988361,0.0150089369083229,0.0122494857284366
"iris_17",0.0111342254917099,0.00799590941188359,0.0278760319221963,0.0142173599413216,0.0145305554961777,0.0116461077137326,0.018310224127943,0.0198665045924736,0.0202698272900044,0.014426044833828,0.0156807963192001,0.0103198420949447,0,0.00795124773634615,0.0144519267924775,0.00690191386022123,0.0142585855828232,0.00865183982656407,0.0137721189941133,0.00856248891697905,0.00928966657402823,0.00939503983117532,0.0101567304639761,0.017363697638152,0.0263667514063572,0.0184414217261756,0.00512661392073121,0.00830276831666562,0.0160550122016842,0.0189096689881527,0.0116482020453862,0.0229533527518555,0.0155256407694004,0.00733956424370583,0.0218320795747942,0.0172566966592045,0.0188161265425559,0.010418209530987,0.0101158028117232,0.0157965219740884,0.0173350064336803,0.0132388575271385,0.0139864395715296,0.00809856676818845,0.00856771847156155,0.00998640535827854,0.0147242696376157,0.0199750264139204,0.0222938916494857,0.0100314341008927,0.0183693990183346,0.0144366486806299,0.016839040552183,0.0137263869699206,0.0213898605652723,0.00582555382746813,0.00930895835211199,0.0105197048820634,0.0172574709517502,0.0111770511584559,0.02581573297995,0.0136595597670314,0.0107548136124876,0.0276483561061726,0.0124710276347166,0.0129037973255225,0.0102000869019951,0.0171854604362754,0.00712223625812267,0.0051105014197408,0.0100309696004814,0.0175563235874398,0.0133794515569784,0.0116991779399787,0.0164160270868855,0.0145503480721522,0.0138694410094679,0.0106754281434754,0.00507261148082293,0.0145086284921145,0.00865023263635858,0.0216818024938949,0.0178043581387685,0.00639715997085386,0.0221986454080385,0.0174513268921065,0.0190613186588336,0.0177621253266855,0.00961730635526775,0.00491476474741993,0.00655757306630519,0.017487257404891,0.0143752261145238,0.0194308487168092,0.0159597728995654,0.00807295897617804,0.00687982305987656,0.0181126232749451,0.00775498698147112,0.0202701791784283,0.0133291618238234,0.0328067166403475,0.0207142915131763,0.0103233403914861,0.0185523782468662,0.0105472405655327,0.00738783684463972
"kubo_17",0.00983485022933595,0.0120756261861241,0.0256653981375639,0.00959291016349657,0.0124772327282078,0.00849605989570057,0.0222497906656985,0.0186057561242112,0.0174660198643395,0.0116764271934995,0.0134958633489403,0.00596088477097532,0.00795124773634615,0,0.0177480425318132,0.00766554797841303,0.0159495671067929,0.011716340791422,0.0142450346555396,0.00676991415498964,0.0131064329492183,0.0104450327046237,0.0145580383086236,0.021127900676821,0.0303594325981304,0.0160141190650886,0.00687602991239459,0.0116255604474259,0.0131519090501089,0.0164259075321814,0.0097594161176152,0.0248718494592174,0.0134311640400159,0.00624646714294928,0.0192912909100574,0.0129457519451615,0.022088725679397,0.00947430580488737,0.0114743676865102,0.0187145823970963,0.0145992735578937,0.0157728145745905,0.0112332451177506,0.00861334074850726,0.0113190686332172,0.0114005556576477,0.0132454228888045,0.0171328033689137,0.0230336470347181,0.00743982305073392,0.0178080719001053,0.0128583226722435,0.0166479123542651,0.0135529509239451,0.0186285931684956,0.00934120508209468,0.00533664139241227,0.00893009673997592,0.0142218629895882,0.0146562191239991,0.0296161841722006,0.0171335921691847,0.0136046427324291,0.0247807544702679,0.0120661785740605,0.00835217407853579,0.0122389391524679,0.0206472187244743,0.0103221171997083,0.00698154481812117,0.0136414836180682,0.0148987385958869,0.0117678073465368,0.014701491193368,0.0159722994982703,0.0137500048286642,0.0161305577204934,0.00982628417097033,0.00655675310883946,0.0133228518823195,0.00916506347004461,0.0231047629294212,0.0184998337131782,0.0077002110788624,0.0193937351368165,0.0155299394183061,0.0204948980778175,0.0154388512954668,0.0066899555111532,0.00435553023385383,0.0100955770425566,0.0142267297906489,0.0175135865404513,0.0173145961634255,0.0139063661116625,0.00738663123572268,0.0109940281042742,0.0159466682203116,0.00704880973172547,0.0236582472547836,0.0139411365226912,0.0367637547820578,0.0199198124873711,0.0100760830732692,0.0196729872020676,0.0124918121684517,0.00932884391858903
"wolverine_17",0.0145304776502307,0.00837397971648364,0.0359977023526739,0.0236135531376278,0.0224033101703695,0.0158833163672011,0.0174854392947812,0.0316355357878974,0.0263222786081658,0.0274269694129151,0.0280785670127139,0.0195387579101438,0.0144519267924775,0.0177480425318132,0,0.0142112734800366,0.00814508053148544,0.0178478468711518,0.00865942789265243,0.013383676989732,0.0105987606991927,0.0101107179085752,0.0111273323852913,0.00719877148629811,0.0191469187240128,0.0249948545924348,0.0129909501602478,0.00751266753556121,0.0219133660090232,0.0249929047317251,0.0158631287508074,0.014147362295256,0.0195013841791663,0.0131671187432665,0.0274547614016178,0.0282483320133139,0.00606576797797118,0.0108547884769057,0.0099137527068372,0.0103606512639274,0.0224581147030337,0.00614974467801931,0.0165012427101273,0.0134703606589405,0.0107151964806302,0.00716656403778803,0.014282330860681,0.0249691404785698,0.0139179285565699,0.0129651818059717,0.011400555173867,0.016435382373805,0.026854638426955,0.0116275430004595,0.0278729946125758,0.0123074765869492,0.0148923991433128,0.0115838452342227,0.028942599254661,0.0108404241391734,0.0166096298128078,0.009459309647213,0.0109894799608986,0.0379558080819401,0.0137350113105011,0.0231605162574285,0.00606261236655238,0.0114486728385608,0.0111314544303193,0.0133615138306084,0.00646150457708386,0.0231453341129193,0.0166516720729884,0.00941596288603051,0.0267249697213307,0.0188398053794754,0.00928849142742473,0.0130171656585313,0.0126956158288552,0.0259725292207585,0.0116428829735526,0.0140340674064329,0.00929492813354289,0.0106587633564785,0.0290946723128893,0.0209172938760913,0.0136236657894794,0.023511960718303,0.0172340001466736,0.0158193386083354,0.00927076528593501,0.026508152397124,0.0150308174592924,0.0250202522852886,0.02241949237878,0.0140364207948765,0.0160004049315228,0.0267303788391341,0.0161395460668521,0.0233870701971376,0.00921294415681299,0.0254099861274594,0.0153797442432159,0.0114870565558538,0.0121585259643263,0.0100300422472528,0.0143309793565178
"hamlet_18",0.00704720509231859,0.00876369108912999,0.0289148587696841,0.0146934406239417,0.0167934494742607,0.010615778300547,0.0231191284080208,0.0223593053201255,0.0211848352540354,0.0167459253398613,0.0176034136080842,0.0115502200936151,0.00690191386022123,0.00766554797841303,0.0142112734800366,0,0.0105931134037792,0.0124748158557353,0.0105702087803853,0.00739370050259774,0.00843671701311179,0.00558360186458882,0.0142933258623858,0.018941660615275,0.0299050999951493,0.019449892149611,0.00342968353463349,0.00789620180118358,0.0167671603249437,0.0197078991606001,0.0105483800756186,0.0193011066810692,0.01516767140762,0.00795255942242695,0.0224779339349468,0.0176393221674976,0.0177218790003445,0.00911989167065189,0.00926956088005581,0.0123222152625961,0.017387946264287,0.0108014247475008,0.0126346403273997,0.0101577075303211,0.0103563018489943,0.00989998295719302,0.0120862529237987,0.0202457924789541,0.0181894678351415,0.00749147152435578,0.0158189414456907,0.0132486934480599,0.0191108543944624,0.0131556713641666,0.0223805340172651,0.00746948181461331,0.00873033661323694,0.00972322832709431,0.0194695206729883,0.0150491673698852,0.0284487795507266,0.0164192539971342,0.0137140599206983,0.0297635194139341,0.0126479695023976,0.0143489034197558,0.00910386871754053,0.0204246162680203,0.00934076259360669,0.00808649480672298,0.0116998662445843,0.0176467497885051,0.0123740130947226,0.0146889709356644,0.0196242859996728,0.0156684395421217,0.0100890034499031,0.00704773216241612,0.0060247889212748,0.0178426662029071,0.0094831709866361,0.0176068976938211,0.0149810602068453,0.0065173064484475,0.0233430095847134,0.0172072495733925,0.0144342880342353,0.0188346786426831,0.00687502635737582,0.0068511002400651,0.00557496300843624,0.0193547098421046,0.0179692018712641,0.020148185983232,0.0166044219319986,0.00927033087047178,0.0112183996014288,0.0205028817656228,0.0106259165696117,0.0253853824060443,0.0117080040397883,0.0360338257759367,0.0165405175340155,0.00896860966030958,0.0142907681453892,0.00686175695468267,0.0101864461056346
"hera_18",0.00934663594147449,0.00974888993412222,0.0337141837401122,0.0213199644610362,0.0218605112675287,0.0134126492404534,0.0240226006507753,0.0317899328260085,0.0252984959801603,0.0263830617434103,0.0273618162202755,0.0182965584268907,0.0142585855828232,0.0159495671067929,0.00814508053148544,0.0105931134037792,0,0.0194873587322003,0.00418488283451355,0.0116050475332391,0.0107384736619269,0.00599338196462528,0.0160416212081205,0.0146435576559582,0.0271279102409433,0.0241807427834104,0.0106236347674472,0.00757685899303592,0.0208669526005538,0.0241582706528139,0.0136863771181609,0.0100268477442027,0.0178198674335346,0.0128218522562033,0.0264312205485888,0.0263624814335592,0.00900080425427636,0.00946048152373855,0.00835763467021584,0.00542048162053342,0.0208795909955859,0.00249683591813029,0.0140667249727102,0.0150923478503752,0.0133879318627216,0.00908131692986953,0.0106119231355454,0.0235881516039366,0.00849524266592843,0.0100169516498833,0.00904522038877624,0.0142763570907404,0.0274986203772275,0.0107798504988628,0.026967535374442,0.0127618278788604,0.0133411067359173,0.0106348059703568,0.0282632750426242,0.016168545000174,0.0243582272589716,0.0157520818429846,0.015442257047573,0.0374147456971959,0.0135415647580958,0.0221857250669443,0.00650103140550093,0.018678788971674,0.0132787056935475,0.0141138003591186,0.0110718235388439,0.0215208797959539,0.0145839032703832,0.0145886201599657,0.0279196167952912,0.0189589859740297,0.00301273182049638,0.0085058095160726,0.0120276011281865,0.0266478533343572,0.0123200836540201,0.00850105393661809,0.00603080705215682,0.0103261231332521,0.0282275017394979,0.0194720382801494,0.0067083623189919,0.0229273727941347,0.0132678093996021,0.0147966848064628,0.00820697986293225,0.0257864579135109,0.0201227660351758,0.0241511349733276,0.0213197611647476,0.0139563696949815,0.0178802825870737,0.0268032476244831,0.0165920405973911,0.0290295567796443,0.00755959666539562,0.0331537688769137,0.00974297594918352,0.010210732304958,0.00518660648070902,0.00492153099086578,0.0160605801151542
"iris_18",0.017993033223662,0.0111499012812402,0.0324802862977106,0.0189329427792759,0.0185856345932591,0.017787588024418,0.0157588877288923,0.0144315659865504,0.0235411050835284,0.0149562929479155,0.0121377795107735,0.0143368139144531,0.00865183982656407,0.011716340791422,0.0178478468711518,0.0124748158557353,0.0194873587322003,0,0.0192057317120436,0.0144042113030979,0.0103099603889517,0.0154786975580556,0.00992527090001041,0.0184343936777282,0.0250960709400612,0.0208145732182608,0.0115352028266835,0.0131352719048962,0.0199147367650169,0.0210853560110044,0.0165915049105473,0.0277636524987483,0.0200160922526787,0.0112677340858689,0.0243609682887866,0.0194637668248902,0.0225149201696897,0.0156831578970301,0.0161644736466093,0.0207681681614365,0.0213789563377321,0.0184641157912553,0.0196229707350903,0.00770768233112159,0.00782036824137773,0.013590097930458,0.020749359249776,0.0236638139158172,0.0278229126921957,0.015708352800944,0.02387943055224,0.019571005261584,0.00981223023817835,0.0197418675345052,0.0238285687165256,0.00740405567350466,0.0143862276527036,0.0157591027081713,0.0164213821688995,0.0113365370960518,0.0250729312829631,0.013616796398974,0.00995467761316741,0.0272385227339283,0.016949081255674,0.0143937255865805,0.0148039563874699,0.0167750886376786,0.00748604061634868,0.00794684258604227,0.0119323044344204,0.0213188965267203,0.0182119916343735,0.0134532871851647,0.00988612427578886,0.0167827464015813,0.0192371607251837,0.017135853306651,0.0110676964583874,0.0101564816315937,0.0116131750423085,0.0270761950796864,0.0233000212400093,0.0117533628952387,0.0244201366849634,0.0213200378596618,0.0245428106837579,0.0206123199247919,0.0164741759236154,0.010364342422463,0.0119288942788417,0.0195117425972611,0.0100256988727941,0.0218462925427894,0.0186353380250915,0.011308600549644,0.00269669652588037,0.0187865084722963,0.0112002704611767,0.0145402093215308,0.018823697279593,0.0301327510462355,0.0267970300494168,0.0146306031020157,0.0243307599626754,0.0166889652926894,0.00462546202587113
"jarjarbinks_18",0.00846429102648934,0.00953399639486143,0.031854074314944,0.018663750154164,0.019181211910134,0.0105735931468315,0.0232696114463771,0.0311369814930891,0.0217789216634233,0.025369110560847,0.0264635060028573,0.0156814863222413,0.0137721189941133,0.0142450346555396,0.00865942789265243,0.0105702087803853,0.00418488283451355,0.0192057317120436,0,0.0103202787312534,0.0115949997152966,0.00604863649228285,0.0154146239880139,0.0147160870028961,0.0267964864800829,0.0209236832044597,0.0100569375981058,0.00743520345020519,0.0173643067941722,0.02087049551973,0.0104896074597651,0.011428682101582,0.0143058202280227,0.0104995727496826,0.023008218748779,0.0253763529475265,0.0101253899008999,0.00618284498751494,0.00659975880864608,0.00799687536730513,0.0173529973319623,0.0044947390312665,0.0103247826808398,0.0143766795256214,0.0131719906861422,0.00832064433342183,0.0068959117959183,0.0199783238880984,0.00989419686801649,0.00745113775761062,0.00774609059628695,0.0106667621368128,0.0272071961941915,0.0083685292507131,0.0235529162524191,0.0124358054932813,0.0110552595594525,0.00794679815090066,0.0262367871817135,0.0153540146407731,0.0238870145695092,0.0153066732571014,0.014823152124748,0.034963450519707,0.0100495539828993,0.020022553584823,0.00573016312216088,0.0176520431748764,0.0129883444426088,0.0128774703824719,0.0108865979040332,0.018104292553348,0.0111901438272084,0.0137533764741753,0.0269859295427354,0.0158777685425804,0.00563931523529797,0.00614719352513914,0.0112812095178071,0.0252636581538057,0.00999292265159524,0.00987603382342531,0.00481964901417297,0.00947714089254033,0.0248416618374374,0.015975392440873,0.00876219635580662,0.0194972964193602,0.011917199487005,0.0136665468528068,0.00826335733335076,0.0227680060096169,0.0193707234789157,0.020857751028174,0.0182310216455231,0.0115583900954975,0.0175884672745229,0.0239604925567379,0.0154222619422645,0.0284545473029638,0.00413447327135629,0.0330865224291757,0.0100615420739767,0.00741813723099672,0.00723492033600093,0.00579311451745511,0.0153670456421657
