"","buddy_16","buddy_17","ivy_17","padme_17","buddy_18","ginger_18","ivy_18","franc_19","ivy_19","ginger_20","buddy_21","joans_21","franc_22","grogu_22","henry_22","joans_22","marshmallow_22","franc_24","ginger_24","grogu_24","henry_24","ivy_24","marshmallow_24","henry_25","ophelia_43","goose_44","iris_44","jarjarbinks_44","lambchop_44","hamlet_45","hera_45","jarjarbinks_45","korra_45","ophelia_45","goose_46","hamlet_46","iris_46","lambchop_46","hamlet_48","hera_48","iris_48","jarjarbinks_48","korra_48","kubo_48","lambchop_48","ophelia_48","wolverine_48","iris_49","jarjarbinks_49","kubo_49","ophelia_49","wolverine_49","jarjarbinks_50","korra_50","kubo_50","lambchop_50","ophelia_50","wolverine_50","lambchop_51","goose_52","jarjarbinks_52","kubo_52","hera_53","kubo_53","iris_55","lambchop_55","ophelia_55"
"buddy_16",0,7.25314592847455,6.64406173934493,11.0630021632577,8.70829407373931,7.89813407467957,8.10806749357425,7.50009146555637,6.99294581980468,5.50493937974122,7.46541443852299,9.79531725311827,6.51311238573427,3.59128268992056,6.17619533362125,9.0793105792366,7.03587901496184,6.95873075915485,6.69672901710394,6.60913629794627,7.73231165979542,6.71457361726169,2.62592346305225,8.61846034737101,7.93817972497816,7.04888999722466,9.35072676321299,3.2001906659582,6.85783267828587,5.41202182157295,6.26280784187547,4.29573828464036,7.13912962662283,8.42363233198584,2.5854507763569,6.0067613019497,9.13444825695573,8.13394209281452,5.90685409651819,5.84584529870313,8.24784239027543,6.88707556011544,7.70386919466131,6.76114279430349,7.00660446875552,6.91420957360635,9.42509712819153,7.54136131387455,4.85473754558925,7.0601604545386,6.89479609242221,8.37842400577924,4.66425250849674,6.48885275146333,6.15390476019757,8.21795681691824,7.84721584955979,10.3582966264834,8.69213135395206,6.98081701804141,5.36864358524772,7.48219258390469,7.48169903017382,6.23230306670973,7.67432070909003,6.26118292647187,7.7025193709335
"buddy_17",7.25314592847455,0,4.37189653643688,13.5163631260971,5.12043426676473,5.08039516446132,4.73959844180936,4.00050918655587,2.96363038964264,4.01103893143058,3.23463067140873,6.25246296057688,4.28376544458717,8.90448465450321,4.24798971341117,4.6155286228893,5.09664079438048,3.98513161828843,4.73201171092557,4.38868316097075,4.45433004488002,2.74452512741778,7.25153965574496,5.19198445428946,3.33085904356892,4.55909851500548,5.72206982843902,7.11257979637556,4.58626408417608,3.55845585236713,3.97867534801121,4.05744604634176,5.33530661340725,4.45603636278816,5.49791935246604,3.93284874712054,6.10132168612381,4.91008249604455,3.79472677848786,3.4460809131106,4.69512215506941,4.89498427798784,4.96806744212077,3.50397887040302,5.07495972605326,4.33090893681274,5.51984845956938,4.5599609373071,4.50791868843678,4.17183446176633,4.78937895313822,4.54371054396369,4.73174082230503,4.68621795901099,4.18031902343128,5.40384948737371,7.16292408595859,6.13238042946258,5.73244926308993,4.95150293094681,5.05783525396273,5.38483686632975,4.04495017627585,3.43170862336764,3.94545373229749,4.55066711565899,3.87998107103398
"ivy_17",6.64406173934493,4.37189653643688,0,12.442433182765,4.15762414996663,4.85679592817321,6.41318467017814,1.94249693492348,4.63804997685522,3.72299173404206,5.24331300556713,6.51358488267798,3.22809054218658,8.20177889901155,2.42904211900471,4.06192327634246,4.7460660973287,3.05021529134966,4.30813737881164,1.90882706180151,2.92703886220649,4.38790442373369,6.64573273868616,3.21650588913819,3.98372931001553,3.45636501961035,6.62187670326027,6.31510473083615,4.5491487124342,3.73337450606704,4.39650113786876,3.55709137619616,3.67432373880951,4.92694132489878,5.01513745398896,3.39480931340627,6.77261234376214,4.95635186852849,4.26762983499564,3.36733266282762,5.53911908690352,2.65983296557222,2.99896692433363,4.37028309646521,4.53400458842379,5.59427878482485,5.47318231413184,4.62028401487536,3.78319059091859,4.19640990924538,5.67196266874284,4.60202353046913,4.11270512199025,3.55087885528225,3.97136270187411,4.9732666672312,5.44871903129201,5.92025435530098,5.52435484942913,4.50581711580531,4.84797148980848,3.11523255722781,3.72987963104033,3.3769854407447,4.59488825112702,3.53745591326655,3.22550108968665
"padme_17",11.0630021632577,13.5163631260971,12.442433182765,0,13.8670110142864,14.7107073854508,14.5984396234327,13.5184879124316,13.7671925320319,13.1729877106234,14.163409840186,15.8080210677825,13.5252072215492,10.2579286303084,12.8751315682439,14.7180513106781,14.2509849898296,13.6247252447755,13.9839080501916,12.853569030986,13.9790412633732,13.6126404247724,10.5313907386747,14.0910716160911,14.3568899341326,13.5066494234462,16.1062362832455,11.9198250442244,13.8734602590843,12.9748704827683,13.3497756112547,11.9207898253971,13.8315686264814,15.1596296409364,11.6209185635142,13.3405827903007,15.7936325348997,14.853191535539,13.5109924588735,13.06925512322,15.2572966531639,12.6082934649739,13.8624036873729,14.0775857480985,14.0339140559594,13.9931649594663,15.364166596849,14.6706678672557,12.6991769320163,14.215421674459,13.6938191746256,14.8776489180465,12.8561987146542,13.7835677718594,13.709358434034,14.4950019304801,11.2993461609041,15.6073208344496,15.1229854334582,14.0151137301959,13.5760846787331,13.01122981956,13.9677568786045,13.3241400400471,14.6188582057434,12.893181820934,12.8496395544298
"buddy_18",8.70829407373931,5.12043426676473,4.15762414996663,13.8670110142864,0,4.20090559919046,8.25751630267049,3.98307632921936,5.88144388219094,4.89088776445565,4.90864679107731,4.15278296715276,4.34511668644633,9.96715392003398,5.50910336617594,4.43986508749559,4.48707048518629,5.21072711306396,4.54098607925602,4.40503654615441,5.07271257428266,5.75587538910358,8.51929712812054,5.48817330596303,3.87818278815194,3.8469212525626,7.94549041942457,8.91462116524066,4.76042281217036,5.83195139662206,6.81160615840133,5.08864459823303,6.2738971476645,5.14677371134567,7.08676998881587,4.34849133921742,8.50448837201804,5.06517214304775,5.95998939083422,5.55717528803133,6.76792872084474,5.06001708630576,5.20161507130422,5.63008214852959,4.51414922547043,7.68797562983717,5.63135028844472,4.84428823209551,5.90617374282037,4.82154279983583,7.98818732666809,5.15329537781199,5.80274973108642,4.8265962028253,5.85072731721444,4.51097789721957,7.93812515098145,4.49295499893222,4.44593377874903,4.1644889566363,5.89822450805866,6.23656060976028,3.73152702763697,4.95849502130049,4.73853700091863,4.41754036053882,4.93632003613806
"ginger_18",7.89813407467957,5.08039516446132,4.85679592817321,14.7107073854508,4.20090559919046,0,7.29658833882938,3.98270488546558,4.78997532954043,2.71524887671521,3.32845462394173,3.12809608445616,2.3451213689188,10.0313215537988,5.0342843739614,4.04910611038486,1.20152361039633,4.17154258254066,1.96442100691156,4.21786144744375,4.25530342279563,4.36470432730413,8.29032621958049,5.49591481467462,2.84550476944636,2.37146234634701,6.10175575009459,7.89931532209216,2.06550384654851,4.53882742080638,5.58903750556415,4.37835137700235,5.23050095805816,2.56099730967988,6.0004707865731,2.44415088041433,6.94974882534823,1.85679576572122,4.26386860643121,4.52690490171758,4.84134550996834,5.68758073752253,4.6676358860405,3.5601298342216,1.48789907467906,6.47681411990551,5.08968395887093,2.22379796946094,4.65805574631046,2.26115492929244,7.21363833318382,3.68774012597618,4.11439072641236,2.70854174289629,3.72379788789314,1.88034710527095,9.55944096023816,4.79812706811162,1.32143594280714,1.27233107729683,3.6271919381736,6.57844189498101,2.15700934175703,3.37916153674742,2.80682144479886,3.50745978703882,4.73669415536233
"ivy_18",8.10806749357425,4.73959844180936,6.41318467017814,14.5984396234327,8.25751630267049,7.29658833882938,0,5.88249446578878,3.01956644213991,5.92190767784941,6.35916874814256,8.94777107628917,6.21408130321388,9.89311395628443,5.42276159741811,6.8437759946509,7.13145031456806,5.00484590157178,6.44734078321731,6.47530535178087,5.8459194716229,3.96529672597707,8.35002583114539,6.45535309162052,5.57789366920552,7.02939525149302,4.66916961569426,6.95754223303647,6.82260789989652,4.26987859292173,3.70172123461655,5.97547950563429,5.88825498542223,5.91108649328512,6.58397133071938,5.78343205887633,4.58039194782132,6.70737204732833,4.17319933202337,4.2203096683703,4.12810080102485,6.96529458173163,6.35576112437308,4.31976403323683,7.23451573045615,3.54888441871311,6.77457134913361,5.96718532892033,6.03690854066733,5.54278629713351,3.97200872813947,5.96149713993612,6.40250622527475,6.13259627589125,4.89162176756186,7.71552867668224,8.33867721213921,8.67704433085373,8.01071979351485,7.14562622933865,6.60520261169462,6.2027972404659,6.32742177329092,4.98960394076524,5.17392464696322,6.47865563584513,5.53748541906553
"franc_19",7.50009146555637,4.00050918655587,1.94249693492348,13.5184879124316,3.98307632921936,3.98270488546558,5.88249446578878,0,4.08203562389656,3.45429799408731,4.74626853002773,5.71712640299007,2.75317745762935,9.34423628335873,2.69418055236742,3.34057246146608,4.09366287660495,1.75135724896681,3.625729142675,2.44929950149434,2.29821425477717,3.95074787589557,7.69284230598757,2.9453661280816,2.99199063523022,3.25979210434227,5.10778884671739,6.90683693878785,4.1090493615748,3.65758115665748,4.30537433237091,4.06667196914379,3.39257048414185,3.82450696225477,5.64690978814749,3.01421139954472,5.56771081023521,4.00950872973835,3.88570189743909,3.26265136013666,4.13073355041181,3.45861018400039,2.65752539722034,3.38938001178675,4.03688387595962,5.33521856863384,4.53234955380761,3.48068319033499,4.09540253933217,3.19087848861275,5.68062374509878,3.57736030926809,4.26461031774036,2.95758086716966,3.2384188173696,4.35222650255945,6.75445503384652,5.21625497353719,4.67519840218207,3.93970550899194,4.59599174373729,3.57534572537698,3.06179419646516,2.83267228909952,3.23165994043848,3.47511249102697,3.00705646639382
"ivy_19",6.99294581980468,2.96363038964264,4.63804997685522,13.7671925320319,5.88144388219094,4.78997532954043,3.01956644213991,4.08203562389656,0,3.56924316793473,3.85239455513192,6.37510612097325,3.88837987185464,8.85068025000846,4.06163818380261,5.03710599976647,4.64999941300211,3.48140326757547,4.06523901519122,4.6433692234232,4.29022702572668,1.71016070236246,7.11711024804114,5.25277800589894,3.13918710963518,4.61664019166713,4.70292362312138,6.38609114171626,4.34905312330953,2.53388848504013,2.80839869087961,3.77301668518341,4.822779149995,3.75383725165654,5.08064439015831,3.3622359872576,5.12002589051993,4.41300237092489,2.35116805819983,2.49031434969577,3.49950242104352,5.55551338827293,4.92820774941551,2.33777128840491,4.76152776950847,3.28481064263566,5.53128868447116,3.8046209480376,4.37462667095321,3.12065874126972,4.0517872697327,4.28940322768365,4.54758120432262,4.05936203809713,3.12527846330825,5.22298413988774,7.77806667595611,6.77964069351219,5.51831359087795,4.5943257364501,4.66459368487993,5.45539415741519,3.90084661147961,2.72686321926331,3.16746544713993,4.2355126621089,3.9696179720823
"ginger_20",5.50493937974122,4.01103893143058,3.72299173404206,13.1729877106234,4.89088776445565,2.71524887671521,5.92190767784941,3.45429799408731,3.56924316793473,0,3.2173591059139,5.19321811069222,1.74313262794538,7.84887570741116,3.28089134836907,4.49139935840293,2.26342158036278,3.16300773895841,1.87947171829091,3.2011330550722,3.54539621959238,3.04732232430141,6.08002374976969,4.9311282891115,3.15077368955188,2.58160216384366,5.71016153188209,5.46857991061082,2.26731742906578,2.46170317863182,3.80429225259227,2.34826621921877,3.97116743620133,3.40293900066925,3.51677932857199,1.20291253443854,6.14185558789954,2.99043721662523,2.65216050263771,2.81546697684966,4.3510618253578,4.55424409703381,3.95674548921248,2.55772488101281,2.3270131129105,4.89162854146944,5.24068480173457,2.49928069977795,2.65908278926344,2.05484804694826,5.50656485629604,3.75442659311326,2.15961001708243,1.88485894156348,2.18078242045748,3.46790875189411,7.92924630468403,5.90998067619437,3.76275835511667,2.22134950768875,2.2209754840435,5.24338771832134,2.51079171744579,1.86719100842618,2.93505969834005,2.65764703634245,4.01224198262568
"buddy_21",7.46541443852299,3.23463067140873,5.24331300556713,14.163409840186,4.90864679107731,3.32845462394173,6.35916874814256,4.74626853002773,3.85239455513192,3.2173591059139,0,4.28733169476481,3.49867492530046,9.19027970877939,5.31916878705208,4.82546006802216,3.50677386399482,4.77262853369339,3.54808137476632,4.91136667003935,5.13737057734264,3.14395100637148,7.48181612806299,6.28273496435771,3.49209394330998,3.56363992489804,6.55641198613182,7.7739133856258,2.65969787329642,4.31903414061615,5.22436969099285,4.1177355401136,6.16718374053278,3.83387626094434,5.47599801243983,3.41856739629765,7.33463790713562,3.231118787084,4.33374726071295,4.50775659919602,5.32707517396681,6.10995475675781,5.75728665777963,3.50940446109926,3.37679449266079,5.99334564067816,6.1404512716342,3.72625594360136,4.85380212264595,3.51754910343872,6.79315249530107,4.74280457638618,4.57258192128574,4.26700277562095,4.33929706098772,3.62023195646818,9.16851039822275,5.91586348433431,3.74431021435325,3.30659011984192,4.50477839278614,6.99374073479812,3.29806802694999,3.54909749417855,3.66321956551633,4.08814485260925,5.08432509638039
"joans_21",9.79531725311827,6.25246296057688,6.51358488267798,15.8080210677825,4.15278296715276,3.12809608445616,8.94777107628917,5.71712640299007,6.37510612097325,5.19321811069222,4.28733169476481,0,4.71652127463003,11.5161025005254,7.12810657662773,5.43506563716462,3.76555287001986,6.19558077853264,4.36893488053984,6.20931920655183,6.29533923994132,6.01125289659929,9.90389720930759,7.17829357040377,4.37185696377255,4.44275394900722,7.8074392124775,10.0153460393114,4.09767555462533,6.71972532999472,7.67052119514536,6.26595013107109,7.42499367477035,4.37727515028994,8.03735895976464,4.85573450773875,8.81250722638545,3.89073374969741,6.42233244998949,6.59889505503315,6.7249710183072,7.42404463126974,6.67750970743846,5.54520538166097,3.95550676437146,8.32760679490681,6.53679320639156,4.4798881670336,6.89302890956083,4.5784332184904,9.07942739653991,5.50403867918555,6.43862314734506,5.23984421119273,6.11535779059653,3.48674523106849,10.9080667576919,5.31680782127767,2.87078305906671,3.71857530065688,5.96067394718877,8.40818559677604,4.24881339787889,5.59026596176399,4.71323426305485,5.36920587466209,6.45708704388006
"franc_22",6.51311238573427,4.28376544458717,3.22809054218658,13.5252072215492,4.34511668644633,2.3451213689188,6.21408130321388,2.75317745762935,3.88837987185464,1.74313262794538,3.49867492530046,4.71652127463003,0,8.52693505907414,3.36539598210301,3.71176626783188,2.12055007419207,2.72126423387147,1.71871908100928,2.58890112686053,3.26744002253347,3.24233489999035,6.72570590809087,4.48844371361235,2.92602148682016,1.62813856709164,5.56263103809135,6.25949123648612,1.74542991120389,3.13716339429245,4.19789888155375,2.86805298623126,3.86461845758022,2.9337580713812,4.41216962551581,1.49111175610332,6.07629886691733,2.26139859354885,3.1313376330694,3.08012319550366,4.21049699745635,4.41891375666067,3.56386499938379,2.58414318719583,1.73091269567452,5.35384182791321,4.95671672877203,2.34961513973017,3.22031622743911,1.98598926138432,5.92010505197457,3.44904511476261,2.99604225310976,1.55261702279531,2.27962712819281,2.69352028958645,7.95824018127591,5.30405015501415,3.06398926423588,1.90150904742946,3.24104365479191,4.98174531074969,2.22705343024121,1.98830846699259,2.76964762060418,2.58771458706477,3.67450443052955
"grogu_22",3.59128268992056,8.90448465450321,8.20177889901155,10.2579286303084,9.96715392003398,10.0313215537988,9.89311395628443,9.34423628335873,8.85068025000846,7.84887570741116,9.19027970877939,11.5161025005254,8.52693505907414,0,8.40422511427984,11.0585710266019,9.24301482820535,9.03699442123038,8.80663939129223,8.5677656532886,10.0571595344399,8.61777512168885,1.98485175711498,10.747886085726,10.025221959044,8.84845657272883,11.7487095702916,5.66420942328865,8.74781334523407,7.58645486662779,8.35161501333027,6.05482536369476,9.643391099505,10.7766929242252,4.74085899677904,8.17077880682249,11.5611247335762,10.2594368930178,8.21413507599899,7.9864109297379,10.6105505628309,8.9133581132026,10.0523767051235,8.97484368219966,9.0084425325846,9.11819145348848,11.6672512902333,9.82221469019469,7.56077795891509,9.31880007996059,9.01707656276175,10.7540130895276,7.49381099037578,8.85227258156645,8.59940770159412,10.1157221401243,8.48560172064992,12.2568577239319,10.61647603459,8.98691051708358,8.32010311131626,9.41818271448549,9.40377715674121,8.3249735756312,9.81104095995452,7.99088810872275,9.73863985641321
"henry_22",6.17619533362125,4.24798971341117,2.42904211900471,12.8751315682439,5.50910336617594,5.0342843739614,5.42276159741811,2.69418055236742,4.06163818380261,3.28089134836907,5.31916878705208,7.12810657662773,3.36539598210301,8.40422511427984,0,4.07991233525008,4.83344255007681,2.71223012905892,4.09799523246684,2.24194743143048,2.01321653828243,3.89208646170524,6.82132274048171,2.712177699196,4.00661758161867,4.20910219887106,5.45657614840535,5.05666550235925,4.76260859150287,2.9399602123658,3.53701623267489,3.72728595244351,1.75211347828968,4.58590855189325,4.47125714402582,3.36069318210989,5.22182283372017,4.80834736332509,3.40828200786847,2.76460158420814,4.50192350129189,2.88553438833033,2.04389824279899,3.68317192535359,4.82272965645519,4.48326626085522,4.60564967577594,4.05747150057424,2.93821277963053,3.73984021926579,4.49286693953092,3.68353871054567,3.405317266703,2.91529599151029,2.84284727385273,5.50061964314964,5.73567873245079,6.07250630496373,6.00237198378265,4.7950071886572,4.02877885983327,2.25792194023948,4.14906212247381,2.82401714507598,4.29070446966527,3.8160864195284,3.03702180884373
"joans_22",9.0793105792366,4.6155286228893,4.06192327634246,14.7180513106781,4.43986508749559,4.04910611038486,6.8437759946509,3.34057246146608,5.03710599976647,4.49139935840293,4.82546006802216,5.43506563716462,3.71176626783188,11.0585710266019,4.07991233525008,0,4.50026915119187,4.06238424710344,4.44823711566486,3.07348685156456,2.89657330571852,4.71192207493317,9.33524222720348,3.06473173181008,3.20525043748729,3.5405461670131,5.99514718049862,8.49727574118181,4.41851302694459,5.03828822132453,5.41020070592109,5.47021381843634,4.16424804875606,3.43796935431885,7.17910344263234,4.09914632038998,6.09092965379727,3.79725909535716,4.99425611356231,4.57030410133277,5.109251882513,4.17611609749986,3.02647078228048,4.47033390069619,4.37063217132027,6.2611003106552,2.91205602107972,4.10431225182578,5.03735843575849,4.00874875471272,6.53062286358485,2.28739737619746,5.23541759781157,3.87154921232719,4.35703663823888,4.10270236038209,7.70405766336871,2.73614012238422,4.4263154195103,4.4385060802356,5.37210709087747,4.38152450794146,3.44843271756421,3.71928041985624,4.22453080378656,4.62719550973421,3.16418554148197
"marshmallow_22",7.03587901496184,5.09664079438048,4.7460660973287,14.2509849898296,4.48707048518629,1.20152361039633,7.13145031456806,4.09366287660495,4.64999941300211,2.26342158036278,3.50677386399482,3.76555287001986,2.12055007419207,9.24301482820535,4.83344255007681,4.50026915119187,0,4.07179634656892,1.49188608401244,4.05773336706818,4.40830455414134,4.2859833125469,7.51221861729251,5.70923588425069,3.05203885507842,2.42848717685515,6.15853468584955,7.1356046053525,1.88249298821497,4.1766613737311,5.33811420320219,3.69875296401273,5.06147657489935,2.82659938166595,5.22557179180046,2.01554579959053,6.88154800567776,2.23844712401922,3.7401915909857,4.10460905941877,4.81149927637821,5.50855385563396,4.67234440226222,3.34694612950267,1.06849220538125,6.14422942617742,5.41197489072891,2.25130406413928,4.07777210802699,2.10030155227837,6.8117855160139,3.96489008288278,3.3836178454725,2.31895669352126,3.38349056465848,2.2405324552423,9.30670792052857,5.37568150895915,1.93979873346686,0.694311033220313,2.86419997925799,6.45978809623172,2.59071312678522,3.24585084240682,2.85414471511242,3.19957533869996,4.83043900362885
"franc_24",6.95873075915485,3.98513161828843,3.05021529134966,13.6247252447755,5.21072711306396,4.17154258254066,5.00484590157178,1.75135724896681,3.48140326757547,3.16300773895841,4.77262853369339,6.19558077853264,2.72126423387147,9.03699442123038,2.71223012905892,4.06238424710344,4.07179634656892,0,3.43132122201213,3.0905697657788,2.77193714181065,3.40433542346876,7.33747951696567,3.6891717442358,3.25723394278601,3.73228089043151,3.87808103331515,6.10227499270093,4.0233728584759,3.04613382420759,3.62152355483857,3.84647172678616,3.14684540738871,3.65710308567209,5.07688510843041,2.90973881027055,4.33150345141006,3.87841698382657,3.09928926332219,2.75188304581579,2.9290438149588,4.19877619328512,3.13234087945329,2.33535600170268,4.07521496590217,4.52132023381427,4.67500169152786,3.1333605477066,3.781035912597,2.7269499333589,4.99396470978439,3.50316347774616,3.89973142668197,2.72537478166813,2.09477357938965,4.62828100082064,7.23151103228479,5.95862749855411,4.95530192593205,4.03462364633817,4.16512028121668,3.88370306358874,3.50373701299725,2.29345543725634,2.75510865009859,3.63168635961843,3.37201562458673
"ginger_24",6.69672901710394,4.73201171092557,4.30813737881164,13.9839080501916,4.54098607925602,1.96442100691156,6.44734078321731,3.625729142675,4.06523901519122,1.87947171829091,3.54808137476632,4.36893488053984,1.71871908100928,8.80663939129223,4.09799523246684,4.44823711566486,1.49188608401244,3.43132122201213,0,3.78993570051246,3.98078457346172,3.80762976410562,7.11333739594437,5.33386243021347,3.02850295391698,2.78009177338287,5.55760431840998,6.33924851281163,2.11500390057022,3.56079037527684,4.84997878563461,3.32323940713204,4.35479662821289,3.0592848824149,4.6151364553991,1.75726680261031,6.17446769418485,2.28603122466181,3.1785272026441,3.59366365775245,4.19000726895704,5.36513560202623,4.25699451951568,2.76087328381015,1.75446791697609,5.664937468453,5.10300030790822,1.48954287120407,3.93180631601217,1.56608088292867,6.28102542354855,3.72377982066989,3.37960679299543,1.58977866533824,2.71892476865744,3.0273161824951,8.7842284749087,5.59628573339684,2.8404677077549,1.42301330736262,3.03243606031322,5.84692366920937,2.71917179846506,2.69428084254631,2.36929741454357,2.72755605753266,4.60207388547007
"grogu_24",6.60913629794627,4.38868316097075,1.90882706180151,12.853569030986,4.40503654615441,4.21786144744375,6.47530535178087,2.44929950149434,4.6433692234232,3.2011330550722,4.91136667003935,6.20931920655183,2.58890112686053,8.5677656532886,2.24194743143048,3.07348685156456,4.05773336706818,3.0905697657788,3.78993570051246,0,2.428685237241,4.20724768082738,6.89962776085046,2.90800402214273,3.62934205019965,2.71709442317236,6.31695383059923,6.21469420531404,3.84346384944135,3.67771245923331,4.33883283017587,3.45674799536527,3.01943655312082,4.14828361729429,4.91188578322161,2.9892240001413,6.29596880647194,4.13610443857213,3.96594075891627,3.26229642162603,5.1824744551137,2.19368975956824,2.17744177672031,3.98636775878281,3.77616401709809,5.49940505780862,4.54233038782976,4.07370714520014,2.9811755963535,3.7183294562491,5.55068918829857,3.54974576531999,3.28058724536218,2.76653589636278,3.34486207527384,4.23277106031026,5.97073236719093,4.94665907931554,4.8697081713796,3.91842533396942,4.05177123211166,3.01142472334685,3.38063050963805,2.90065179242014,4.29786963209263,3.38141159156085,2.7029660052543
"henry_24",7.73231165979542,4.45433004488002,2.92703886220649,13.9790412633732,5.07271257428266,4.25530342279563,5.8459194716229,2.29821425477717,4.29022702572668,3.54539621959238,5.13737057734264,6.29533923994132,3.26744002253347,10.0571595344399,2.01321653828243,2.89657330571852,4.40830455414134,2.77193714181065,3.98078457346172,2.428685237241,0,4.09940279266526,8.36915782186975,1.63776801502473,3.20690449576234,3.80796235500358,5.03634933948018,6.78178686880518,4.56028332482695,3.68427754958758,4.08408939271842,4.71390578830454,2.01594338903731,3.52903490737001,5.93794805979953,3.38420786550437,5.13841947869617,4.0415508201559,3.84215758621248,3.36657566285831,4.15972181571118,3.22720957464443,1.22637648702147,3.71944718485135,4.46457973004489,4.96395107561414,3.71454796069802,3.52351451647946,3.70876198315861,3.35584860025221,5.21840809464437,2.69727841356485,4.01474680257951,2.81944081541172,3.11943367297875,4.69541175458588,6.91978228363386,4.97885920031585,5.14277062258426,4.44893209253647,4.23791203452084,3.00781406918087,3.48323997789993,3.02913358686589,3.81418194406351,3.94780968727151,2.57770938277442
"ivy_24",6.71457361726169,2.74452512741778,4.38790442373369,13.6126404247724,5.75587538910358,4.36470432730413,3.96529672597707,3.95074787589557,1.71016070236246,3.04732232430141,3.14395100637148,6.01125289659929,3.24233489999035,8.61777512168885,3.89208646170524,4.71192207493317,4.2859833125469,3.40433542346876,3.80762976410562,4.20724768082738,4.09940279266526,0,6.78383416045745,5.1781575233651,3.2523700598731,3.91703914922346,5.00581229295677,6.34557647395414,3.57801018560543,2.44028940366421,2.78760919292214,3.4618896019969,4.72964696353652,3.52715389693172,4.68253229904554,3.04721035299886,5.47561976029715,3.85255881032467,2.60082212881894,2.62543132621751,3.7614641012924,5.32002192631347,4.77417828546274,2.19874985716345,4.20018070348673,3.63475736621293,5.61676539899555,3.69291652346649,3.78034214098197,3.09919642361571,4.48641507270609,4.14980036588883,4.04247104025054,3.7769546534993,2.78314549021443,4.62927355137523,7.86495452324823,6.55081526466485,5.0735428635634,4.17356500351438,4.31923045078026,5.43735109913813,3.51227881363962,2.34909010412513,3.33988341213601,4.03094804357521,3.76587626208544
"marshmallow_24",2.62592346305225,7.25153965574496,6.64573273868616,10.5313907386747,8.51929712812054,8.29032621958049,8.35002583114539,7.69284230598757,7.11711024804114,6.08002374976969,7.48181612806299,9.90389720930759,6.72570590809087,1.98485175711498,6.82132274048171,9.33524222720348,7.51221861729251,7.33747951696567,7.11333739594437,6.89962776085046,8.36915782186975,6.78383416045745,0,9.14820656444323,8.25212751623761,7.05689701417941,10.082931154237,4.69254799655669,6.95560506212537,5.80100914698515,6.57633535329455,4.25923455678233,8.06071381234023,8.91831944700796,3.1136940472306,6.37516418873845,9.97039336080433,8.46505994111116,6.42554504947071,6.20213709521477,8.88341645077976,7.4365974556177,8.42796401130981,7.17947204092223,7.25157314342867,7.44049428400332,10.0408783000823,8.10817460329061,5.82196391720707,7.54760393351064,7.46050016430765,9.00755984284843,5.77891001763829,7.13139617439026,6.80206128437901,8.34494867230721,7.71963604513581,10.6469463234129,8.88476010969555,7.26361254688677,6.64938006432589,7.98985426035873,7.62385557244367,6.51775428097173,8.07875140128343,6.37173195650519,8.01274267652811
"henry_25",8.61846034737101,5.19198445428946,3.21650588913819,14.0910716160911,5.48817330596303,5.49591481467462,6.45535309162052,2.9453661280816,5.25277800589894,4.9311282891115,6.28273496435771,7.17829357040377,4.48844371361235,10.747886085726,2.712177699196,3.06473173181008,5.70923588425069,3.6891717442358,5.33386243021347,2.90800402214273,1.63776801502473,5.1781575233651,9.14820656444323,0,4.19794273673419,4.76945707601566,5.81726864793078,7.57942203596242,5.78247527285741,4.78137622431106,4.89374576850336,5.71521948676368,2.68131933444772,4.64024392538075,6.98584126513415,4.66600758071744,5.67049691177862,5.25170961709053,5.02701822245382,4.34363799574747,5.18871282465764,3.11252945202186,1.68666421940184,4.93028527435656,5.70211771151675,5.71780698050351,3.91534571522602,4.92275519582698,4.7547641122402,4.6877279636348,5.72101773911669,3.46123557955361,5.21891387494968,4.17510109684742,4.3903664218239,5.72423153317394,6.27633136716406,5.06349533505242,6.23927028322501,5.71997202733309,5.58805305185943,2.39966586861603,4.52831290667458,4.15409465324174,5.048854537774,4.97920629092324,2.83929155929038
"ophelia_43",7.93817972497816,3.33085904356892,3.98372931001553,14.3568899341326,3.87818278815194,2.84550476944636,5.57789366920552,2.99199063523022,3.13918710963518,3.15077368955188,3.49209394330998,4.37185696377255,2.92602148682016,10.025221959044,4.00661758161867,3.20525043748729,3.05203885507842,3.25723394278601,3.02850295391698,3.62934205019965,3.20690449576234,3.2523700598731,8.25212751623761,4.19794273673419,0,3.14981200982426,5.08809682040299,7.57234804138106,3.49711671745582,3.51071255132155,4.17719685830128,4.06424011951075,4.38851479040991,1.89922291998566,6.08516539696879,2.47928459045586,5.74295834915399,3.1311492971075,3.10598028284408,3.06554310812238,3.86263768865382,4.62657106267098,3.70434195970182,2.86087429231113,3.36075165915315,4.65190116030389,4.06185114394418,2.66614717184089,4.25752607283176,2.11436402186377,5.24578480925087,2.81792650346399,4.18781915855057,2.99797051585632,3.28759884946526,3.47648703492097,8.08452730492912,4.50106572555525,3.5310076233081,3.0935498212513,3.9806033140893,5.2187250965183,2.25417623716403,2.72200378128058,2.36794602898502,3.61191688149444,3.07436019146737
"goose_44",7.04888999722466,4.55909851500548,3.45636501961035,13.5066494234462,3.8469212525626,2.37146234634701,7.02939525149302,3.25979210434227,4.61664019166713,2.58160216384366,3.56363992489804,4.44275394900722,1.62813856709164,8.84845657272883,4.20910219887106,3.5405461670131,2.42848717685515,3.73228089043151,2.78009177338287,2.71709442317236,3.80796235500358,3.91703914922346,7.05689701417941,4.76945707601566,3.14981200982426,0,6.63813756695629,7.27076431446676,1.94118330803676,3.94553005461333,4.85132644252273,3.32366863339684,4.84206824025032,3.32430669447136,5.18601165906384,2.17489096616898,7.16394011016801,2.76519497656958,4.10550770863046,3.86649042880607,5.30287479881537,4.39360603863312,4.10969703887607,3.70681959064434,1.80212807453976,6.132389514821,5.24033696791101,3.39987593787754,3.76252388498741,3.01417708145117,6.65963262704505,3.89348103972893,3.5750050603498,2.79597202382895,3.54172172551117,2.1208338338447,8.03965401327144,4.80176902609516,2.71741990409286,2.09375697203925,3.89907624730275,5.49670577137093,1.86629827600955,2.79414077890634,3.60909274058991,2.95882595482785,3.77465007581684
"iris_44",9.35072676321299,5.72206982843902,6.62187670326027,16.1062362832455,7.94549041942457,6.10175575009459,4.66916961569426,5.10778884671739,4.70292362312138,5.71016153188209,6.55641198613182,7.8074392124775,5.56263103809135,11.7487095702916,5.45657614840535,5.99514718049862,6.15853468584955,3.87808103331515,5.55760431840998,6.31695383059923,5.03634933948018,5.00581229295677,10.082931154237,5.81726864793078,5.08809682040299,6.63813756695629,0,7.88404654216782,6.34337577431163,5.2057564303939,5.15164889216311,6.82798635160468,4.95588175509472,4.69204582095818,7.584119652361,5.57416076256308,1.99991595480645,5.47136911807679,4.72019415315579,5.05367507372618,1.62309983075595,7.08480277003485,5.41944984838515,3.71906717084324,6.43628138212898,5.03039558406413,5.38832090905686,4.51059930889847,6.21713297278324,4.5709036736614,5.69035343557865,4.60935502863479,6.3151278206746,5.11519276810785,4.06662314260404,6.84049301864393,9.87417198973232,7.51054763647036,6.78793256489149,6.3570276110042,6.04214647188688,6.25696540383438,5.93290490475091,4.88537070191572,3.8660507156263,6.51874026490839,5.56755908932936
"jarjarbinks_44",3.2001906659582,7.11257979637556,6.31510473083615,11.9198250442244,8.91462116524066,7.89931532209216,6.95754223303647,6.90683693878785,6.38609114171626,5.46857991061082,7.7739133856258,10.0153460393114,6.25949123648612,5.66420942328865,5.05666550235925,8.49727574118181,7.1356046053525,6.10227499270093,6.33924851281163,6.21469420531404,6.78178686880518,6.34557647395414,4.69254799655669,7.57942203596242,7.57234804138106,7.27076431446676,7.88404654216782,0,7.05304813742184,4.88793767802544,5.55704307753588,4.76914193038345,5.57074766998901,7.91333650542275,3.13592209712099,5.91459443042822,7.33453848657956,7.76894495523324,5.19667212301612,5.22578551670602,7.03238094585755,6.6199238719172,6.64930870446656,6.09605725035912,7.1730287630259,5.91889799304679,8.41796081689476,6.85891050919748,4.80362489012598,6.49183708433575,5.69494147937576,7.5267649906232,4.85728872404632,5.78020005248047,5.27401787598852,8.39458424547537,7.42218285311887,10.0411375997872,8.81526833129118,7.13657644942724,5.44484185556023,6.2123793886508,7.47343360231184,5.76911939764223,7.11951251038826,6.16258653103718,7.09772463853431
"lambchop_44",6.85783267828587,4.58626408417608,4.5491487124342,13.8734602590843,4.76042281217036,2.06550384654851,6.82260789989652,4.1090493615748,4.34905312330953,2.26731742906578,2.65969787329642,4.09767555462533,1.74542991120389,8.74781334523407,4.76260859150287,4.41851302694459,1.88249298821497,4.0233728584759,2.11500390057022,3.84346384944135,4.56028332482695,3.57801018560543,6.95560506212537,5.78247527285741,3.49711671745582,1.94118330803676,6.34337577431163,7.05304813742184,0,4.02186307860165,5.05977196572496,3.36934891918225,5.29723362067774,3.2308401723197,4.80455603964355,2.31504970448596,7.02415122776507,1.84761363470529,3.88778150462464,4.09427799497402,4.99208611386519,5.55185583168014,4.9479345083818,3.11699361307453,1.17090760067231,6.13084905007145,5.83650126976827,2.89733813619893,4.06604581584237,2.61677755191252,6.84060610987787,4.27228028201931,3.58841213405478,2.79338847156877,3.35218314040686,1.97880516901791,9.03966520543723,5.65425373378188,2.38406530295094,1.62560136840181,3.61738353622664,6.42008523492264,2.67167857903563,2.93014886301802,3.28317708691329,2.9852540150666,4.73532430843943
"hamlet_45",5.41202182157295,3.55845585236713,3.73337450606704,12.9748704827683,5.83195139662206,4.53882742080638,4.26987859292173,3.65758115665748,2.53388848504013,2.46170317863182,4.31903414061615,6.71972532999472,3.13716339429245,7.58645486662779,2.9399602123658,5.03828822132453,4.1766613737311,3.04613382420759,3.56079037527684,3.67771245923331,3.68427754958758,2.44028940366421,5.80100914698515,4.78137622431106,3.51071255132155,3.94553005461333,5.2057564303939,4.88793767802544,4.02186307860165,0,1.60067076855471,2.57015791826666,3.84408123945941,4.04088460345333,3.62899224569238,2.30399572385617,5.32882450343966,4.50353144010652,1.54414539652349,1.30313490666744,3.95559226187843,4.68611994922092,4.20501476417117,2.53250744936091,4.22584106041761,2.89372719434479,5.44462954009873,3.71516523337909,3.06861564804839,3.0075232339838,3.52236609669804,4.18271218204354,3.21853743175808,3.15256789027803,2.25840240203944,5.08716797013921,7.05666635124249,6.84024338905412,5.49563890391787,4.13766146307898,3.59273577612372,4.60700829799556,3.4021049508271,1.93695401261837,3.54339699536344,3.53555754174805,3.58304435897072
"hera_45",6.26280784187547,3.97867534801121,4.39650113786876,13.3497756112547,6.81160615840133,5.58903750556415,3.70172123461655,4.30537433237091,2.80839869087961,3.80429225259227,5.22436969099285,7.67052119514536,4.19789888155375,8.35161501333027,3.53701623267489,5.41020070592109,5.33811420320219,3.62152355483857,4.84997878563461,4.33883283017587,4.08408939271842,2.78760919292214,6.57633535329455,4.89374576850336,4.17719685830128,4.85132644252273,5.15164889216311,5.55704307753588,5.05977196572496,1.60067076855471,0,3.8139671254485,4.23194836728121,4.49577662593732,4.72085697982871,3.56095066753065,5.1106138971561,5.31835952778124,2.30635791306942,1.88169409429463,4.14949044544409,5.137982351681,4.64344093189293,3.22225811983192,5.32905463930197,2.081834269088,5.80524893059876,4.75973113812449,3.85237480244309,4.01506861009819,2.77582104967891,4.63473906549746,4.24425102397022,4.25665955265351,3.03823753378773,5.92960859318755,7.15621177193109,7.41255473280969,6.44536806917718,5.34104884682861,4.68398769195478,4.71182904513069,4.28006594311679,2.87074133141209,4.42798611043116,4.68977586556974,3.67935839371299
"jarjarbinks_45",4.29573828464036,4.05744604634176,3.55709137619616,11.9207898253971,5.08864459823303,4.37835137700235,5.97547950563429,4.06667196914379,3.77301668518341,2.34826621921877,4.1177355401136,6.26595013107109,2.86805298623126,6.05482536369476,3.72728595244351,5.47021381843634,3.69875296401273,3.84647172678616,3.32323940713204,3.45674799536527,4.71390578830454,3.4618896019969,4.25923455678233,5.71521948676368,4.06424011951075,3.32366863339684,6.82798635160468,4.76914193038345,3.36934891918225,2.57015791826666,3.8139671254485,0,4.8807958299519,4.79117457718637,2.52875005586679,2.34442912101539,7.00613769093425,4.61188785495783,2.92974298665157,2.70820580173442,5.44725199906386,4.54255578981137,4.88440627205078,3.51770610604763,3.54281273828508,4.82196877324934,6.32608235246732,4.23114894738363,2.90281508523503,3.51918711901221,5.13635421722039,5.09184065438992,2.7277523506571,3.31936029332613,3.25706636597661,4.60185679712729,6.82883735939717,6.86814456068517,5.0861993219383,3.48436018144647,3.43212396689872,5.3047262095858,3.70583856051397,2.71922202133534,4.20843050450093,2.93925086804397,4.38419671471371
"korra_45",7.13912962662283,5.33530661340725,3.67432373880951,13.8315686264814,6.2738971476645,5.23050095805816,5.88825498542223,3.39257048414185,4.822779149995,3.97116743620133,6.16718374053278,7.42499367477035,3.86461845758022,9.643391099505,1.75211347828968,4.16424804875606,5.06147657489935,3.14684540738871,4.35479662821289,3.01943655312082,2.01594338903731,4.72964696353652,8.06071381234023,2.68131933444772,4.38851479040991,4.84206824025032,4.95588175509472,5.57074766998901,5.29723362067774,3.84408123945941,4.23194836728121,4.8807958299519,0,4.47308140210582,5.4947043058236,3.99201104723152,4.54409792445198,4.86965776244473,3.86210824914798,3.53810766485657,4.23047333082533,3.70776783217792,1.65215272615934,4.0624463986592,5.16922632283116,4.8424956622182,4.15368849122997,4.01669645258191,3.62532514618452,3.91538060714025,4.82420653442767,3.35901429370475,3.96118241276856,2.92568468922234,3.01187661267574,5.79471919923551,6.81783426361975,6.05407803162857,6.17910352222682,5.16632388191037,4.25764447097769,2.6512426870787,4.74511313540238,3.55527962021433,4.49655145138842,4.58927589689546,3.54876824700727
"ophelia_45",8.42363233198584,4.45603636278816,4.92694132489878,15.1596296409364,5.14677371134567,2.56099730967988,5.91108649328512,3.82450696225477,3.75383725165654,3.40293900066925,3.83387626094434,4.37727515028994,2.9337580713812,10.7766929242252,4.58590855189325,3.43796935431885,2.82659938166595,3.65710308567209,3.0592848824149,4.14828361729429,3.52903490737001,3.52715389693172,8.91831944700796,4.64024392538075,1.89922291998566,3.32430669447136,4.69204582095818,7.91333650542275,3.2308401723197,4.04088460345333,4.49577662593732,4.79117457718637,4.47308140210582,0,6.51730385525168,2.9043755653371,5.4745133462514,2.27004331363495,3.37992144481269,3.66678503895853,3.55561306279881,5.43328506355455,4.00591390503416,2.75714452537171,3.09309047874334,4.94584706364209,4.31433692226681,2.50352118074711,4.48417105669172,2.06321846000319,5.70408394899813,2.70407265091182,4.32452798892067,2.94895980724061,3.12359193354542,3.05296899767478,9.22889145612688,4.8383470010269,3.09069563396809,3.08685601426889,3.93729757733533,5.86113821721503,2.80082399540995,3.1110161871122,2.61451170570897,4.21488435345813,3.69300210112236
