"","hera_1","buddy_11","hera_11","jarjarbinks_11","padme_11","hera_14","iris_14","jarjarbinks_14","jarjarbinks_15","buddy_16","buddy_17","iris_17","lambchop_17","padme_17","buddy_18","hera_18","iris_18","jarjarbinks_18","lambchop_18","franc_19","hera_2","jarjarbinks_2","lambchop_2","goose_20","hera_20","iris_20","buddy_21","jarjarbinks_21","franc_22","goose_22","grogu_22","hera_22","iris_22","iris_23","franc_24","goose_24","grogu_24","hera_24","lambchop_25","jarjarbinks_29","jarjarbinks_3","jarjarbinks_32","grogu_36","franc_37","goose_37","grogu_37","hera_37","lambchop_37","goose_4","grogu_41","hera_41","goose_42","grogu_42","lambchop_42","buddy_44","franc_44","goose_44","iris_44","jarjarbinks_44","lambchop_44","buddy_45","franc_45","grogu_45","hera_45","jarjarbinks_45","buddy_46","goose_46","iris_46","lambchop_46","franc_47","buddy_48","franc_48","grogu_48","hera_48","iris_48","jarjarbinks_48","lambchop_48","franc_49","iris_49","jarjarbinks_49","padme_5","buddy_50","franc_50","grogu_50","jarjarbinks_50","lambchop_50","franc_51","lambchop_51","buddy_52","goose_52","grogu_52","jarjarbinks_52","franc_53","hera_53","iris_55","lambchop_55","buddy_56","franc_56","grogu_56","buddy_57","goose_58","goose_59","iris_59","padme_6","iris_60","hera_67","franc_68","jarjarbinks_68","hera_7","iris_7","padme_7","grogu_70","franc_9","grogu_9"
"hera_1",0,14.2721402191217,13.6745463462184,16.8450168774744,19.2260916612969,11.6205489108909,20.2476584468838,15.6204048571788,15.1327145070895,20.1517316533031,14.930105734426,18.5863898288828,21.7727545136071,28.6418831671711,21.0997230275008,10.221928521122,19.0085945466654,13.0160801242319,22.6509354487482,15.1379469761225,15.2897086965506,26.0870631715305,19.8800748706221,14.4093633738038,11.5014386681371,17.247436288649,14.2515403748892,13.6728389562925,14.987027320363,15.9921195981095,17.1199785468149,17.9397915523387,18.1022351183667,18.3122328395099,15.5380935726568,14.5203702072908,16.2171597526472,10.0005235814222,17.3862501134606,13.4902542037479,11.162212990761,18.175460568707,16.3054172623271,14.1401384620479,16.1597427165961,17.4885022569674,11.9415204065496,16.8069327721256,34.8557586949817,15.5791909488053,11.66630038711,16.500431357804,14.3824989299956,16.3839466266212,14.189653199426,18.9502311989415,16.6324446791155,19.6641422319092,20.5916060775386,16.2073170570483,15.2202110081888,16.3156304834168,15.6257152269887,14.1518363482422,19.6581953383154,16.2760607356437,16.2811329098019,20.2770928996405,16.2730884440963,14.8601986925792,15.7624419277337,16.8398875843129,15.7212008590177,11.9129711628034,20.2336176954886,15.6743034805089,15.7315350280229,17.1443459628163,18.0431177240279,15.5794791973286,18.7326736006507,17.4615436926215,16.4445106123353,14.7378680416077,15.2865677476757,17.071210610639,17.0487948190891,15.8818929569441,14.2472997702805,15.2927006788372,14.0354312985031,12.2912174624803,15.8607550084243,11.0820025843511,17.3265693828847,15.5965530645688,18.0763562832065,16.6420665336025,14.8224215061071,13.7943456680204,18.5827475473218,15.7531225004503,18.278769493288,20.0114317700692,21.7668681172204,12.1401336557025,16.3457626682654,14.9995837202399,7.90464195603522,21.5501337969519,19.3209580367105,19.4452689725552,18.5135302283592,14.044012474403
"buddy_11",14.2721402191217,0,14.9223812357536,15.7431544130894,16.1052846776589,16.6459282649258,21.6246379427977,20.9520119579289,19.615096628815,22.8880065661407,10.8366929146444,20.4484773269528,18.7696934658125,26.1148838463074,17.2131462174559,17.7146626022209,20.7752101630134,13.2541462047458,19.9449294375888,13.661364298281,20.5503223744386,27.3612381749364,20.3974541257406,15.8059023348949,18.0542785963983,19.0441861033115,14.4460568004577,13.420464310919,15.4109375106891,12.1633859970285,18.3082529502369,18.3753955996962,19.6595546763992,19.5098125837416,14.925621194953,13.4424613037575,11.8762215952124,17.4046863694745,15.5391544147681,11.6981781575742,14.5104976444391,15.8851683929882,17.645218288009,15.9614684129259,12.6922457697981,18.0315280177483,19.1548458944371,13.4083451950455,31.7291536388011,16.6976859038583,16.9402707510152,14.9956510061062,12.6700221077166,16.3938993351653,14.7054615494933,22.2218148610561,14.8415814874183,21.4046063314763,20.0129774497107,16.5022454336583,16.156601282277,15.4383133333821,15.2309741761484,19.7071390856994,21.6934694253402,17.308628939791,17.4386939812558,20.7955456186548,16.2234996854542,15.7837206274363,15.1444719531396,18.5572089062215,16.680397477665,17.1413090885767,21.8152020140065,11.5398435484419,15.5416359236012,18.6973982456122,19.5547095481594,14.8001282099183,13.2062728259261,14.4785221169646,18.1666477443292,15.9073482220382,14.6659316722282,17.0058905164453,18.1556620107614,16.3280493667559,14.8279169026879,16.3088217289853,15.9289973124639,13.8484223175782,17.3813815911141,15.6683717299163,19.1605737396702,14.9811635942345,14.3703466712249,21.1575597449041,16.8294123877756,13.9805132305138,14.1762473677904,13.562662415768,20.2445002273422,14.3024549151053,23.6489402853131,17.1887732438546,13.2836964264068,14.8221179603584,15.7701689693218,23.2584831694219,14.058532576976,16.9715562345528,13.2267798090482,12.6697835238932
"hera_11",13.6745463462184,14.9223812357536,0,15.1452649735756,16.9939865183651,9.82745350508311,21.815694367492,16.9010494260209,15.7430518466757,26.2077695083575,16.3245167157613,21.3594934974426,21.2964674085484,28.0082793755284,20.2929683912315,15.2853470394657,21.5898781789091,18.0161078046231,22.8806869647969,18.1438396624233,20.9547767923577,27.73400529318,22.596385829981,20.6828396828405,14.8048059946507,19.5790700553024,18.5846565375621,18.4757790681847,18.0277422554488,18.5089531909711,20.0236906926741,21.8998482031,21.0394516694828,21.4374311524881,18.0676229657939,18.4495094268266,18.1789667728891,14.9544788801634,20.6096851330801,17.1775568838172,16.9863293775702,19.2700721630262,19.6539208092095,18.2293334080526,19.0579925853842,20.7580128474043,14.8941056549723,19.4080716165399,33.4201848262235,19.1758329665065,12.0230731531891,20.2973843729022,19.0082200314384,20.9926765861523,19.593324747345,19.9800901004558,19.1224716980793,21.5241352306277,24.875634167782,20.2715629538378,21.675102441153,19.0416733234083,19.28857123483,14.6912352406043,19.2153584116275,21.8637355506897,22.2612038213792,20.9605078703849,20.3430763164576,19.9763284942667,20.3131405004072,21.4635675465597,19.9289719868553,13.6088630183916,21.9249943174082,17.6809722429352,21.0609551597549,21.6207972575189,21.162475873276,17.9101668916127,18.3736134425286,18.0629457143422,21.6624038540571,19.1215291604735,19.3439169449571,21.1296205588661,21.7709579320588,20.9921565093747,19.4014824884438,21.5900592516518,18.8757205680409,17.8367439489649,21.278798605666,12.3930931359235,19.6655131877536,19.7319326860324,18.4255758710249,17.9423071781994,18.5881621393458,19.4846034268282,20.8538172953271,19.4904372305509,21.1950717918108,19.6755488996967,23.4791049888768,14.4957765015344,17.7464975490354,18.8244471500199,14.7087045682905,23.1216302034291,18.0989637481334,21.6879467533038,17.0999138076957,15.8080787992216
"jarjarbinks_11",16.8450168774744,15.7431544130894,15.1452649735756,0,16.3352225325353,16.2772819322379,20.046978315739,17.2665194857627,15.9906965870115,26.5361747385639,15.614008699236,20.8892533991415,23.3464299030976,28.433789378666,20.9257312123212,19.0078525087869,21.3377796220875,17.8113539028531,25.6926833689237,18.2979295206286,21.5431902523062,26.1954713595599,21.8481842129717,21.6608258496195,18.5404459717618,19.7050417025618,17.9907128293032,19.0065683465439,19.7232710822859,19.300430681909,20.1136357630738,22.1029658780917,21.4906283237924,22.1416984628674,17.2328720702811,18.9185758659121,19.4864354364098,18.1280120300292,21.7559273005977,17.6364680934139,19.4215041794846,21.7586934495713,19.826193644075,18.4565797654465,20.2344878306815,21.3345923154111,18.9379308820368,21.2334704792237,34.3484335495614,19.7327048965196,15.5086674359041,22.222764279425,19.010143911205,19.6549986272689,17.7501649195087,20.2555507269876,22.5128247985141,22.1167630489511,22.9696792246149,20.4078236187732,21.7579913633947,20.6339479164216,21.2847171717243,18.4232946319969,19.9197397846836,21.3032972017249,22.2724422501547,21.6604981145297,19.2116728277539,20.8549238081651,19.8287081856103,22.7678523512965,19.9967021115744,16.0947884457735,22.992812644349,18.5122748706054,22.3054750923332,23.19577981862,22.9373788181024,20.6083741689053,20.1845037039264,18.700320869183,22.0023321350169,20.0019834624092,21.7189721841745,20.8952750485261,22.3701005827464,21.4263191779275,19.3462320349703,22.8045176548273,19.1421919825973,20.3191539093987,22.1839176673087,16.6216429349441,20.678781749986,18.8446780690211,19.817625261347,19.4340835579481,18.7182850353246,18.6230743549882,22.193726618512,20.7267153825039,21.4077442557551,19.4062257038672,23.980499155433,20.5417263068482,18.8364890741843,19.4348859406406,18.8194166692038,25.30500681953,17.1692343803002,21.8099323686573,20.243723232938,15.0490771366549
"padme_11",19.2260916612969,16.1052846776589,16.9939865183651,16.3352225325353,0,18.3008027437348,21.5288671698322,22.7350480399256,21.8753738936716,27.1322914646915,16.5224259816348,22.7338766538114,22.1433911161766,25.1164830287312,19.6146068138961,22.6754962574317,23.0222053132428,21.0977946046871,24.3632985821389,20.2047210635063,23.0658652298166,27.78307245874,23.5075165686482,23.359851682897,22.0223994327952,21.0585250993655,18.9370345763906,21.8971693534641,21.7690847654688,21.0843861434866,22.0612890829489,22.9390370567223,22.1158411760856,23.394246104822,20.4032743525975,21.0444723137574,21.04459937748,21.1829366718086,21.0187261410204,20.8439804191983,22.2438851086818,24.5936076565805,21.4362074801193,20.9776992371485,21.2628650371364,21.9013638547319,22.033541290737,22.3553529103183,32.2095152501723,21.2032536973528,19.2264319735937,23.3557558469248,21.0752066940594,20.1730119601913,20.5338753154388,21.7505490556222,23.3058341377553,23.2829360877989,24.4145135378421,20.4077362039831,23.0916677260863,22.76848985714,23.1167387358267,21.851899940384,22.0326545240838,22.9405979901461,23.9105049489674,22.7391338608379,19.6762842234745,22.3158638485883,20.8709542248031,24.9150762026929,21.682465400912,21.2550712938876,23.79140279486,20.673724476008,23.3503057129561,25.1171789445061,23.3778593071708,22.624068216567,17.8138863922673,20.3808478301955,24.3518469173632,22.0778450855163,23.2921605480415,21.5417011879599,24.3584750791688,21.6756629023299,21.5155508458308,24.0837307688301,21.3870772935778,22.1267518279955,23.8681848402877,20.5789666025789,22.2141552935578,19.5662693463075,21.5674662681063,22.7975526330907,20.9810149993155,20.8441944953908,22.3348180312917,21.8782921896205,23.2959559264437,16.9834528065788,25.4449200710685,21.8352515129596,21.58505041298,22.1586283223949,20.7080912506797,25.9847812591971,14.4646419538728,20.491919442928,19.2854608018823,18.6907623894961
"hera_14",11.6205489108909,16.6459282649258,9.82745350508311,16.2772819322379,18.3008027437348,0,19.9639909753199,14.6764053389243,14.0407939477951,23.4956383578094,16.4670671393711,19.4800582194933,21.7771635641372,28.6316385013115,20.8463587644369,12.0651411407333,19.7533657790929,16.5133081364931,22.9244564175275,18.0716267108032,17.8683780378038,25.5726404699184,20.3422181207256,18.0158688430002,11.5731670282364,17.5671630552483,16.217570851955,17.3030333127656,17.223739221635,19.233631115749,18.0494738307569,19.7833690122502,18.5812825684444,19.3004483976594,17.6139577966513,17.8013597565656,18.5077876618712,11.7732796304888,19.7250621160808,16.7658991344981,14.8831274010022,19.4164447538541,17.077476832743,17.1297870166505,18.4012008159799,18.5518675056219,11.8209930630815,18.9390675834563,34.5157010269427,16.9174377355582,9.48613192064568,18.9049897406806,17.7114467898833,18.8154487992794,17.2859012218552,18.5397584529429,18.7394968771893,19.6524420253236,22.9353662951529,18.2509514052926,18.596032908695,18.2212517904946,17.9697491904668,12.8501457716542,18.4612604055212,18.8570541899592,19.1095174324423,18.6130937175507,18.1413309011534,18.1266412300539,17.9584790885698,19.3051972307217,17.5223294423354,12.5070519087481,19.880971528815,18.3999679494131,18.6177055737424,19.4719159629879,18.7175332335828,17.6671999755811,19.4172661334614,16.4607085292163,19.1028995777603,16.8141439914168,18.1065704060442,19.2358729273761,19.7983487717334,18.8855509712493,16.9117961146164,18.5738890318844,16.2610940870176,16.4437753291479,19.1486365578649,12.0548402019998,17.8239451679731,18.2281685190843,16.8338808187864,16.601882686789,16.2486051906717,16.9883624512686,20.3639341961015,18.2511353204329,19.0251590638847,20.7627815898247,21.6406100185941,13.4972309862631,17.6119843183731,18.4057538519775,11.4981118158952,21.2161495260057,20.0221776338389,21.2097415271074,19.0881849433241,16.2699228482217
"iris_14",20.2476584468838,21.6246379427977,21.815694367492,20.046978315739,21.5288671698322,19.9639909753199,0,20.0253426135188,19.91342246922,27.4010719040086,19.7806475573023,9.97384027652775,26.0758058644706,30.9119128576736,24.712807484892,20.0627658852052,9.3943386430115,22.1305253351696,27.2616743481684,18.8375759638259,23.3556882225628,20.238779231407,24.12383970861,20.7152497458125,19.6062732082226,10.0678427161345,19.4801485592231,22.804140574713,19.5312120403488,22.5878738318934,21.5652365861518,21.7754551795104,12.5953653916604,14.2810917493923,17.3565059268875,21.0042460633127,24.3537423736358,19.3459649831493,23.9585588262056,22.9787339630139,21.9601350224022,26.8838257603504,21.1508489324714,17.2394366328623,22.0142492344494,22.6521141423467,19.880576738658,23.3600845395663,37.5916944242953,21.2491886746958,20.2660860723728,22.8808218242433,22.0069905969441,20.6522421793065,17.5942483070728,20.6671702091899,23.6339939708955,10.8701072500902,25.3344559568507,21.2448900874925,21.6535749418073,20.7417665237113,23.0497839424221,20.9639243485596,24.3896752286347,20.0436214865728,21.3402386275435,12.1240184423701,20.4901446453046,18.5046920914712,20.5758398811744,19.5488534263314,21.2369296958416,19.9559315360855,12.3769904184474,24.069483738065,22.264290770362,20.0832748648654,15.2575401733086,24.1958833927033,24.5822802689644,22.4873750538124,19.0385083113022,21.3981736760957,24.3978922736896,22.5372907680749,17.9852769165236,21.9492465786735,18.6986435246924,22.1740069841744,20.6009415777658,22.1862875159435,18.3494078895795,20.1550673459057,11.5909670486658,20.9646939111713,23.0105934159223,19.6309289000458,20.2940920171424,20.0380721231758,24.5792269075487,22.4580777882816,11.1991334005483,23.8986588552884,11.5658160562487,21.1529896218776,21.1691930939697,23.7143537581369,20.2805882243772,17.1871727475062,22.2406286237715,25.6570701130855,24.9588137205115,19.5248912311435
"jarjarbinks_14",15.6204048571788,20.9520119579289,16.9010494260209,17.2665194857627,22.7350480399256,14.6764053389243,20.0253426135188,0,7.45023855470119,25.6529579003244,21.3296117273404,18.9951311519358,26.4856541751333,31.1394688969636,24.5543651594827,13.2648128369104,19.3407915208443,18.7811589339397,28.1634623638786,20.0136169798939,20.3610158527929,25.2704866252235,21.7572487531909,21.089096927452,12.4249173611939,18.7224724930617,20.9882850627212,20.1650530154479,20.3168219439315,21.8692608907288,20.499925575321,23.4496795709063,20.183184138509,21.1996963189486,19.2133419202956,19.5128790051701,22.4786812554593,13.1444155946198,24.4556667436411,19.7869380236585,18.153400300658,22.5242662670164,19.4100296259375,18.2408434530829,22.2435331501546,21.410977045028,13.3133275140104,23.1743858889081,37.2336634090382,19.5475148785899,14.1107822583476,23.4146670365815,20.7835626761167,21.9981178372727,18.2905104382125,19.6200827860695,23.0100852297914,19.7671287381764,24.2157064846123,22.3245444512589,22.0789453033646,21.8317033450538,21.4457939714709,15.4646034545658,18.804763930588,21.0906709511406,21.3815833117752,20.6973580861519,21.6480671383109,20.8436414316642,21.4389701831849,21.5712723043617,19.9000980593186,12.8769357456997,21.0832103740083,21.2318821301742,23.1657811237786,22.2407329423187,21.1149495761679,21.2888883481568,23.5618381773982,20.8131870240056,21.8548276370137,20.0961695762142,22.1359224332471,23.2654567828827,21.5888950780645,22.7293819113328,19.4515714904955,22.5670496896409,18.5387305959678,19.652203063534,21.3674594117604,15.0956614944521,19.2530635603016,21.2850026206182,21.4381228394877,16.441380599996,17.7563255349529,19.6242072324274,25.1160172088486,22.5935073040844,19.6305527861141,23.4344483887731,21.6221932287991,17.0754771049131,21.9741433304025,20.5513637333975,16.8121150877591,23.9048797931017,22.4481273974897,24.691411799672,24.4715658933116,18.7392507396563
"jarjarbinks_15",15.1327145070895,19.615096628815,15.7430518466757,15.9906965870115,21.8753738936716,14.0407939477951,19.91342246922,7.45023855470119,0,25.9317941124992,19.9706057903676,18.6766286222065,25.0947911412651,30.3778106472144,23.7565896178032,13.9134398876274,19.5763814186405,18.2233671354157,26.7419764657776,18.5747138909649,21.1076789775328,25.435177121837,22.4847451707669,20.4544969421812,12.9710883184089,17.9568750618143,20.2360746694518,19.4214677215289,19.2901231733023,20.5658387661353,20.1416299827446,22.9362478503224,19.6157774903036,20.5515640036772,17.9416329269465,18.4802246295383,21.4533789793525,13.7587481577415,23.4811805897021,18.6151834312426,17.3227107717781,22.0348685510437,19.518628772449,17.5365408219464,21.4106229499253,21.2200171124417,14.4980321190838,22.3721704426974,36.2191805888804,19.2806538204047,13.5910519307516,22.766450847609,20.1871410623466,21.3474303906953,17.9758114569212,20.2798513114886,21.83880165626,19.6044003706188,24.5154492542947,21.4595609805894,21.7688010909548,21.1212308846862,21.0220192705824,16.6416979464463,18.3834605915296,21.3958996938448,21.405380939563,20.3749285699161,21.0820313005818,20.2004323888559,21.0697361498036,21.3231356034042,19.763137357967,12.9913203815331,21.0568463526147,20.2506403875209,22.3958976273697,22.0295429073965,20.7130106466675,20.8428494160052,22.4149733494435,19.5745996429258,20.9751702010325,19.5325182806054,21.6925114028356,22.1644837262495,21.0810343510491,21.6352676745071,18.9587986912931,22.1280993176599,18.5736707300264,18.8631652996238,20.7662267859673,14.4624868636367,18.4132308257076,20.4197690516668,20.1408678633361,16.6111158484586,18.0197659423557,19.0464375018896,24.2598476450625,21.7823166760736,19.4003228611017,22.5185194653336,21.9787491871638,16.5506850416268,20.3589005829203,20.0328546494029,16.4694862954578,23.5406217527668,21.4965106529587,24.4804921684241,22.8724927449062,17.7066846081719
"buddy_16",20.1517316533031,22.8880065661407,26.2077695083575,26.5361747385639,27.1322914646915,23.4956383578094,27.4010719040086,25.6529579003244,25.9317941124992,0,23.3508982960054,26.8199763536031,24.653691252838,29.6548011341388,24.2451995443124,21.5777062953316,26.2563349721857,19.7228139715504,25.7601618020747,23.3374846748006,12.759392621097,21.4928865282953,17.4523806006318,20.6344939426935,22.8046437178355,25.5259895910823,21.2116213369935,20.3763301529916,23.5501180656077,23.2118548983064,20.8529386115418,21.8599905673339,24.8391765536859,25.2100591245412,24.2075550667718,21.9397341724727,22.467005469002,21.3531654414041,20.9831967702772,20.6130785405683,20.3516991665475,24.9869528956413,19.9185653362492,23.0632678410235,22.3264968354041,20.1939045134062,23.096858763302,22.7995991544582,32.3605836339222,19.5906237737846,23.7324467123922,22.5568998968783,19.3957436205475,20.3890586017655,21.4267001985359,26.5601264670233,23.3143423426507,26.8178792219717,12.9662424583921,21.5523524707324,19.8456164147834,23.1979886035788,20.921234071594,24.1990272039143,27.0260744122001,20.4286896927465,20.8731894767871,26.7921775703003,20.7823575802392,21.928858496824,20.600359033617,22.5557993823078,18.9033737141072,24.1598309820364,27.5018643954451,22.0273782756808,21.0814026697614,23.3601886445352,24.8421260193908,22.8375382822047,24.8861420358169,22.8946386494939,21.7532361587021,20.1837858575158,20.9923262237247,22.2345345628766,22.7787609591417,21.0966242336009,21.085661153969,20.0461263509671,19.2576240036204,20.1119138374612,21.8058231222855,22.6536778278103,25.7486917177599,20.5243543374899,23.2677198512285,26.0358290721366,19.4953180380454,20.0502531468676,22.8088128410155,21.7217833369842,25.6096057321995,25.3436738002538,28.0499763842683,23.409972762087,23.7759715938744,22.079983420188,20.6467296003096,29.6814330540008,25.7543712903629,14.9778979038735,24.2013780583617,23.3309234500617
"buddy_17",14.930105734426,10.8366929146444,16.3245167157613,15.614008699236,16.5224259816348,16.4670671393711,19.7806475573023,21.3296117273404,19.9706057903676,23.3508982960054,0,20.1883570473625,20.8731763408885,27.6447645880481,18.4828535020477,18.353903714565,20.4918373363298,15.0621911811165,21.3765634291254,14.8677282914444,20.6351802075425,26.4101279573305,20.6813538355867,17.1530668790256,18.8094873925738,17.6984365827348,11.3030461581794,15.4204225255519,16.4792717034208,15.5481606997878,18.2280710685832,19.0801217092298,19.1875918163591,19.9987706108267,15.8775737078923,15.5770293664423,15.5578394439705,17.8348912390881,16.6689467333054,14.7994201370338,15.7832976337805,19.0589809512953,18.0019964039149,16.314500270991,15.5014563196613,18.6409883141891,19.9172959757788,16.4514887478375,33.1920254303412,17.2933490075396,17.3049366168438,17.4576936109617,14.7463273217606,15.3520395604448,14.6916199467311,20.7523043193013,16.8780566380729,20.9143426270235,21.0442303431657,15.5100002369756,17.7631550009015,16.9380298604949,16.9030802933898,20.0797748575093,22.7694326228937,18.3690073585119,18.289284304202,20.4723011485415,15.1854291031657,16.3195823988744,15.5987445624737,19.2373980665254,17.0657894654654,18.4067119514117,21.3378974283608,14.9589889657779,16.9585451058982,19.7770810809998,20.0274035685501,17.325095619258,16.8009602093024,15.3472816282943,18.5144302857935,16.5256953195968,16.8388871933966,16.2428014243829,18.8501030796135,15.7651209612718,15.5317481966618,17.5822342631269,16.5024680265508,15.4712469466858,18.6504732683671,16.4330750050887,18.6207935286244,14.847562522588,17.0132063164663,21.3422654585343,17.533069977691,14.7268784281535,16.4115221475632,15.7441281214242,20.14733246969,16.9682092570134,23.4383428684643,18.1203471427313,15.0266118875212,16.0883985145625,15.8383361630087,22.8486498536416,15.7153846181223,19.2472035674897,16.7488197024989,12.1646743512076
"iris_17",18.5863898288828,20.4484773269528,21.3594934974426,20.8892533991415,22.7338766538114,19.4800582194933,9.97384027652775,18.9951311519358,18.6766286222065,26.8199763536031,20.1883570473625,0,24.9987157973291,30.2295196441359,24.0081777461855,17.4644062232073,8.86010095125639,20.0703194032306,26.0622501036255,16.1986921823856,23.3513118710939,22.5952390501722,24.1882277792437,17.8358813506394,16.6637275031063,9.0294242541272,20.1988273694889,20.3517786298125,16.7298251082016,19.6378158883321,20.0924781851568,20.1317901986869,10.0931469597023,10.8028152995526,15.5501718115041,18.1469273454889,22.0460166035521,17.7220960401638,23.1490838047348,20.7227382157927,19.0908808869805,24.9516227405286,19.651081327375,15.241407761597,19.7713835122461,21.1209014148803,18.8004923014078,20.9725168127617,37.0350099690237,19.4172359021079,19.4463136176955,20.2918901492838,19.8266775756523,20.1395988684977,16.5737778041835,20.8595919459795,21.1334426053258,10.8454790189051,25.0962703170836,20.2452057249325,19.6643518722076,18.1147259816602,21.4852461330378,21.0292717826328,23.2791486117631,19.1612546390757,19.8290712467749,12.3102680765519,20.2084836460381,15.6742961352987,19.3360603894032,16.880859369165,19.4449098471676,17.9644699412775,10.6012405284075,22.1436387322507,19.9082272527841,17.1780994053359,12.2092528357241,21.5711569051848,23.485194536551,22.0250525685379,16.2564532013449,18.8120319784437,22.1021537969095,21.3535863382693,16.1564274027087,20.518964524058,17.1112667825699,19.8035575585156,18.8160346493357,19.4287913701701,15.3398809427949,18.7046450934586,9.41402002056804,20.2360857592012,21.4394332155429,17.4276455354666,18.764431336383,18.5772983908384,22.828938737465,20.1396335875403,8.84367267662869,23.4164258933746,11.8333026240536,18.8191820053189,18.8160387555486,22.433509950451,18.4362771420761,15.1385209361182,22.6940012063209,25.4581249124868,22.9270648537248,18.634993760649
"lambchop_17",21.7727545136071,18.7696934658125,21.2964674085484,23.3464299030976,22.1433911161766,21.7771635641372,26.0758058644706,26.4856541751333,25.0947911412651,24.653691252838,20.8731763408885,24.9987157973291,0,21.5067687181336,17.9837811386658,23.2028125403272,25.7271159487797,20.924474396356,8.93157038426628,19.7922415991812,24.3488280030196,28.6669256783407,22.594953808398,22.4437873440511,23.8131161420303,23.6874702919561,22.9915218143462,20.2805890667859,21.8548242331658,20.2775463756983,19.8832979406282,23.0038110635509,22.483312295804,23.3623594574834,22.047892453335,21.629270825932,19.8014281764522,23.1765047159962,13.8073045420716,19.5621973677455,21.6118786062925,24.8524613916752,20.046723766511,23.8243595250438,21.1344906769143,20.323040123008,25.2629577575894,21.531291238304,25.7703021632078,19.4638258608498,21.9290869711996,21.7266062541865,19.2578796350189,19.3582333428787,23.7064875590056,26.1041986154668,20.2302187414767,25.8642748132133,23.59600544376,20.0743904066184,22.178293050898,21.7288857964672,21.0619172650734,25.0648676096751,23.8146151948697,24.5536768298478,24.9605291501821,24.8989199547974,19.4751898580779,21.8729461928466,20.7436130046052,24.5948177137534,19.6702286001583,23.0589590272535,25.4795439290498,20.2841199242334,20.7254280708338,24.7851145598683,23.200583790373,22.4773610494208,19.0517715051589,20.8293560713445,22.5625191287928,19.8493708505405,20.9815026808225,19.2533540166998,24.2900815300409,18.9432104010273,22.452206582608,21.8754217389197,20.6645253908366,20.9850429015532,22.321364545269,21.7368005562678,24.0753020461506,17.7721457605346,19.582543508725,25.655460446354,20.6202788599147,22.0213785663913,18.6652205633936,20.5366170679987,25.5121913278785,19.9514349388984,27.918919628718,21.6888652627409,19.7921313426591,22.5693605932278,22.3004891729724,28.3626505310593,20.3665447352497,19.132037354481,14.6512887279163,21.3705423825853
"padme_17",28.6418831671711,26.1148838463074,28.0082793755284,28.433789378666,25.1164830287312,28.6316385013115,30.9119128576736,31.1394688969636,30.3778106472144,29.6548011341388,27.6447645880481,30.2295196441359,21.5067687181336,0,21.4600443999834,29.9212579207689,31.1447955562598,27.9414596813788,25.02988007771,27.7149284241771,28.7645457745736,32.5576501315669,24.9370336991394,29.4514552097621,29.9018719677794,29.8431569416688,28.8308737285507,28.2159685099976,29.3946352533469,27.4614905090644,23.6930555950522,26.9169803744957,28.9778016862055,29.3750247328832,29.213732533863,28.2765326218631,27.1855681076548,29.3878750249173,24.5675322100361,27.4401630674742,29.3295681436837,32.4743671038248,23.4630641907677,29.8802760434991,28.1281147511079,23.2520147462292,31.0888117079309,28.5832390443382,26.7208101335421,23.4693104262036,28.6624260306166,29.1979246674365,25.3052592713443,26.4433937425066,28.9023891430965,30.9468465522902,28.5337693920291,31.6834985364848,27.4823236405759,26.817931810484,28.5752177263531,29.5333035097515,28.9016206262344,30.6328790822738,25.6190968930541,29.8264264084749,30.5251708902346,31.1005741190253,26.6787794659922,29.3680402298562,26.9206960698628,31.0169107637966,23.8350195177896,29.6575217134203,31.4909882854479,27.3759403595379,28.8844365861243,31.2835619398554,30.060973701056,29.5191803766392,25.0693423821047,27.4539234244059,29.5717240831043,25.7051061411735,29.0588416238299,27.2620001720301,30.8989660394321,27.1498238857329,28.9271675585998,29.321077487619,25.518617507717,28.5268783338667,29.3279458308047,28.5738556930878,30.2786516430197,25.5772388865662,27.2137427581161,31.6911920378915,24.5650985760318,28.2219337843122,27.6259349053511,28.2626051411018,30.8970092295845,24.9015417102426,32.2714866547073,29.3537777512524,28.3992101297931,29.9345528613335,29.6246031142374,34.7171190787923,24.4996089068688,24.5777003954037,23.3447428143303,28.2748848701542
"buddy_18",21.0997230275008,17.2131462174559,20.2929683912315,20.9257312123212,19.6146068138961,20.8463587644369,24.712807484892,24.5543651594827,23.7565896178032,24.2451995443124,18.4828535020477,24.0081777461855,17.9837811386658,21.4600443999834,0,22.9550245836912,24.878316763375,18.4741368861033,21.0179623548805,20.7747311985952,22.9142987950887,27.4688269987469,16.6166038136215,20.8121477488295,22.8656567271813,22.9856397955261,19.6122009334676,20.0681719866001,21.8313492255541,18.3760443678324,14.9900207483645,15.6892940830951,22.5649184905372,23.1865151817533,21.8356375342707,19.1318199731647,17.9924526225014,22.6208099721566,17.9499720593285,17.7152864578599,20.8925287387425,23.3142868194985,14.7508395391446,21.8635675098749,18.7460448160663,14.9444691118393,24.3018151231557,19.1840601461535,26.6951860576899,14.3516545266602,21.5997550329854,19.9140991576239,15.9922630041905,19.3353756918203,19.9291451689303,23.841064461426,20.0849842121174,24.9853261193084,20.0145922644903,18.6393392424324,19.2600023728197,21.3070073477517,20.2458496621515,24.8179944285715,22.6566165833969,20.9532503075713,22.1321461231411,24.37026955724,18.0434927978491,21.6604585365653,16.7021096132294,23.3320929453529,15.3713077308937,22.9617287905408,25.1077737463054,18.4587262330101,20.3175272342153,23.6278908307655,23.4248463591361,20.9825168468265,19.9548985780224,18.0239565362537,21.4736558734935,16.8272461199014,21.0511426952311,18.9856594895453,23.2247986438177,19.5452961396677,19.5413722502022,20.4806866506991,16.4894932793777,20.3806781627149,22.3568418701945,21.1316581106035,23.3249973959345,17.8819820014906,17.6033436257223,24.6985677747571,15.7762420127245,18.2536223850482,18.4500626936883,19.0371130589383,24.091606520516,20.7483386172726,26.627077488346,22.5661544764958,19.0273830657948,20.9628549369332,22.43986236327,27.7822861764979,19.6137656242984,18.0983437054652,17.4050205109142,20.1848094254986
"hera_18",10.221928521122,17.7146626022209,15.2853470394657,19.0078525087869,22.6754962574317,12.0651411407333,20.0627658852052,13.2648128369104,13.9134398876274,21.5777062953316,18.353903714565,17.4644062232073,23.2028125403272,29.9212579207689,22.9550245836912,0,17.8102611956245,14.066424266639,23.6196546682819,17.1611991974646,17.3384385979914,25.0671833782492,20.1148716472049,15.6627813115245,6.66731817190726,16.7854133487734,17.7459421747888,14.5266259649705,16.2565817506095,18.3217429489301,18.0899924338736,20.3196104385456,17.0602759768408,17.9377806085616,17.0719731391776,16.2606510618364,17.9990132245464,8.11284472891986,20.346904061616,15.0400465136763,12.2064959176775,18.3508521654038,16.5066710480363,15.5458400254272,17.7948025569267,18.213987426597,9.3702949243722,18.3834851893499,36.2152419286632,16.2276939352209,11.6033446155859,17.9207329741745,16.2549907772058,18.4879200712825,15.4791856747162,18.399140247294,17.692541178722,18.3439640071344,21.7663679228339,18.4425202739078,17.1558206493387,17.2899950047903,15.9521975368354,12.7170030480058,19.3595404165322,17.3770789600973,17.0727416975402,18.9206708550547,18.5337116823026,15.6488006644652,17.5377913547365,16.5243134868898,16.0805460432776,9.37983255461152,18.6473609957604,17.1800621549063,17.2141744172442,16.9812197486721,16.8461146247589,16.1787227703826,20.7759352552412,18.9300215277428,16.7768043865166,15.2978503458217,16.1291812261159,19.4461884744579,17.2353259247779,18.2074862587317,15.8156243781584,16.5624471933329,14.6659640724654,13.6463476287675,16.5414279519014,11.3616060032356,16.7600717424146,18.4249279119286,18.5434103222342,13.7370103582521,15.0591443311543,15.6897017049627,20.0230959572266,17.4562448373929,16.8764088368214,21.8075695499626,20.1748390269913,11.0765409041901,17.7799771208484,16.0845221813055,9.76726987246758,20.5742985862945,22.0678104346513,22.1043125205443,20.4788991439617,15.9821436940447
"iris_18",19.0085945466654,20.7752101630134,21.5898781789091,21.3377796220875,23.0222053132428,19.7533657790929,9.3943386430115,19.3407915208443,19.5763814186405,26.2563349721857,20.4918373363298,8.86010095125639,25.7271159487797,31.1447955562598,24.878316763375,17.8102611956245,0,20.7153236831378,26.6465118566569,17.394004484402,22.8816073548134,20.3863282364323,24.2105756436836,18.2749510075083,17.6680920400884,10.2054431867671,19.7617533990414,21.1309956671044,17.6970905440059,21.2079760011439,21.3710354320165,20.6787097431666,10.8776826845946,12.1362640009145,16.6438112769807,19.3960279220436,23.0748576850544,17.4632045731154,23.2159627872591,21.2471933593597,20.1893575005543,25.0577107478592,20.9333614251238,14.8497302814729,20.3342061669379,22.0267353926296,17.7846000405816,21.3144615247492,37.7731969236639,20.7291410065666,19.7234380173316,20.9651115582678,20.6441346304497,20.1059307094812,16.3039555399943,20.3411086040524,21.1090300402498,10.4032046387407,24.8016140311826,20.4887796712975,20.0477243090632,18.2677162486169,20.5837496548038,19.2279130756906,24.2434806255915,18.310588085625,19.0934888633607,12.3217678957246,20.5009085562333,15.9121207812128,19.8118052562795,16.8283892539605,20.5809491382809,18.7984471335161,11.9515495691908,22.8999489710054,20.4772854018491,17.2864997834516,12.2591477976243,22.3442252635249,24.2693118320427,21.6613507186925,16.9899458616965,20.3009290425339,22.6037651159493,22.114638201207,14.8780042733915,20.8167117648286,16.7079752506224,19.8682517896471,19.9633620385949,20.1159566252579,15.5084820380602,18.3313939124391,11.2505924905765,20.2145947457192,21.8959819830017,17.9548406340395,19.3549588538467,18.5278903047569,23.1576630833771,20.9109219321619,9.05553305264337,24.0869254869161,11.6969905193249,18.8806816891546,19.6039624344382,22.3880154535976,18.9838996839932,16.4485310492331,23.3606116890576,25.2933245821773,24.2407235514023,18.5895066800944
"jarjarbinks_18",13.0160801242319,13.2541462047458,18.0161078046231,17.8113539028531,21.0977946046871,16.5133081364931,22.1305253351696,18.7811589339397,18.2233671354157,19.7228139715504,15.0621911811165,20.0703194032306,20.924474396356,27.9414596813788,18.4741368861033,14.066424266639,20.7153236831378,0,21.8687493838577,14.5740987601713,17.5009433865629,26.4905552672798,17.1508810666777,12.4527799643887,14.3897167326061,19.1802808882315,15.1378063260952,7.54541016827499,14.5049663669308,12.1323175125973,14.764294321205,16.3072921148069,18.783439467237,19.4186854148773,15.4301791134559,11.2057144772862,10.670127031947,14.9311618189739,17.3073136997726,6.88249900100909,8.58351863173454,12.21833419652,13.9218298768438,14.3194315637481,11.622461309095,14.439064097309,16.2023574914866,11.9657464043026,33.719627690768,12.6569462532621,16.0162119200385,12.5056624198809,9.16330810411115,14.9184628022756,13.2583429361446,21.4852829679213,14.1820807822862,20.6346779714966,17.1324147871456,14.8543136292738,12.3090486999592,14.2488035925499,12.6166258023026,18.481623084553,21.1184144470083,13.5319782718314,13.5969127280213,20.145433635586,14.7729952980729,13.5716889980838,12.2147425168297,15.4053273871037,12.0823315141868,15.0420314883347,20.9938651293267,9.05221091639996,12.4733450700306,15.060726917598,18.3697532631876,10.9262314530126,17.7949063655778,13.6779560326148,14.5777168917806,11.2764824304645,10.5368222875027,15.9569726465898,16.1783230780762,15.515145414472,12.5525316982824,12.316612032412,11.0908667307484,9.46109458217993,14.9157481563749,14.8926757625216,19.0021604897159,14.7923205134007,13.0770681287591,18.8171267587683,12.9966756407295,11.4230318399544,14.0764805536369,11.2263550883296,19.507900737735,18.7511450340452,22.5164638046748,16.3001044938014,12.4939434988809,9.68634848881431,13.3241207212879,22.6614957220221,19.1287113570501,18.2813989763821,16.3661552266055,14.0919095530036
"lambchop_18",22.6509354487482,19.9449294375888,22.8806869647969,25.6926833689237,24.3632985821389,22.9244564175275,27.2616743481684,28.1634623638786,26.7419764657776,25.7601618020747,21.3765634291254,26.0622501036255,8.93157038426628,25.02988007771,21.0179623548805,23.6196546682819,26.6465118566569,21.8687493838577,0,21.0809074471898,25.9306679381815,30.5606935049435,25.0771586255144,23.1160462716584,24.6228887510726,24.2363312346716,23.6948429152639,20.3878007265428,22.0048335099119,21.7579953209813,22.0890541787152,24.9282769114785,22.9880076873953,23.9597416917704,22.7900761296698,22.9180067733962,20.3975644550149,24.2455054602425,14.790014136068,20.7376636782453,21.8183927061255,24.8431344024309,22.3186606373403,24.6731186179884,21.7785799442977,22.2600516757606,26.1595082631004,21.9582473989307,28.6046896778496,21.4775176136575,23.4751005637127,21.5946764990923,20.6146829662832,20.1980237293484,25.0033908697879,26.9495705036452,19.7587607140103,26.2975241833537,25.6530369412956,20.5701733540564,22.9948049323233,21.8584521583259,20.6779600041518,26.0366266135398,25.8121678619987,25.5164941673104,25.4402521169211,25.5074219313582,20.0530197704582,21.62766265907,21.4973291034523,24.3316020496334,21.4994672641701,24.3825393638521,25.6054611570223,21.4859691162221,20.0746683771488,24.4982944451086,22.9848714460963,22.7563763831898,20.0938223375439,22.0108420966448,23.0350552698035,21.0445007955121,20.2203017030856,19.1898744988763,24.4029880465341,18.4420543981324,23.4955047272454,21.6397156032165,22.2492426940977,20.9842729677432,22.7490434653678,23.2214352533967,24.4452685760011,19.3891115732117,20.6784484453254,26.001752771804,22.877875338162,23.0600248113896,18.2455381187503,20.6970739195941,26.2410608763103,21.260886132403,28.7702881698898,21.1817952933134,19.7836060413547,22.6683961437139,22.1596414971303,27.7535124236278,22.6900490907366,21.5122465373007,15.854997823937,21.7778007274916
"franc_19",15.1379469761225,13.661364298281,18.1438396624233,18.2979295206286,20.2047210635063,18.0716267108032,18.8375759638259,20.0136169798939,18.5747138909649,23.3374846748006,14.8677282914444,16.1986921823856,19.7922415991812,27.7149284241771,20.7747311985952,17.1611991974646,17.394004484402,14.5740987601713,21.0809074471898,0,21.1726491245814,25.1797070674016,22.3611336662297,14.4957582819729,17.5501596148585,14.3019217582805,17.0957921482632,14.195908634778,9.11864632072655,12.8700377918884,18.1064513978422,17.6009931310692,15.147734561168,14.5063762420028,8.02182907251104,12.1570892223696,15.5490253475232,17.4181127327819,16.1362283393688,13.5649995007923,14.0243507762955,18.6233080405536,19.2340494115048,10.7065045341668,14.0802811702446,19.5213866109855,19.6061088001239,15.3216044236802,33.9522794092868,17.6522715966055,17.4568067325773,16.0957015079204,14.3890551201752,14.8572069650476,15.0546298781923,21.29872197478,15.828894499233,17.0433636504245,21.6371761425914,15.3602882537707,16.2227160499106,11.4768771123523,16.5027677561748,20.7642960078938,21.6379676497427,17.413993307987,16.6134638847355,16.9888467410272,15.2984032825154,11.0332880884291,16.351098110714,13.8368862105216,17.5693818761077,17.090068211263,17.5499357334531,14.9511375307564,15.7646384938826,14.551417933229,15.1934757791205,16.2323611715878,18.7746099390757,16.2261233924821,13.2228923906805,15.8589967310087,16.1783535133747,16.2547457243377,13.2167281849918,15.5329573292328,13.8903566554955,16.2401233868544,16.9453962924937,14.2013690150038,12.2232945874707,16.2877349325782,14.1496250682966,14.0052661473394,16.6594462639874,18.8011710263366,17.7470597293764,14.5560781351356,17.0388872416356,14.6937029032648,15.6177376909765,18.709415431285,19.8684898044641,16.8383513463252,11.3783417125901,15.6394911480545,16.3470871263708,19.0975103083708,18.8483965525783,19.4713167296625,16.449035773579,11.5794562000259
