"","hera_1","buddy_11","hera_11","jarjarbinks_11","padme_11","hera_14","iris_14","jarjarbinks_14","jarjarbinks_15","buddy_16","buddy_17","iris_17","lambchop_17","padme_17","buddy_18","hera_18","iris_18","jarjarbinks_18","lambchop_18","franc_19","hera_2","jarjarbinks_2","lambchop_2","goose_20","hera_20","iris_20","buddy_21","jarjarbinks_21","franc_22","goose_22","grogu_22","hera_22","iris_22","iris_23","franc_24","goose_24","grogu_24","hera_24","lambchop_25","jarjarbinks_29","jarjarbinks_3","jarjarbinks_32","grogu_36","franc_37","goose_37","grogu_37","hera_37","lambchop_37","goose_4","grogu_41","hera_41","goose_42","grogu_42","lambchop_42","buddy_44","franc_44","goose_44","iris_44","jarjarbinks_44","lambchop_44","buddy_45","franc_45","grogu_45","hera_45","jarjarbinks_45","buddy_46","goose_46","iris_46","lambchop_46","franc_47","buddy_48","franc_48","grogu_48","hera_48","iris_48","jarjarbinks_48","lambchop_48","franc_49","iris_49","jarjarbinks_49","padme_5","buddy_50","franc_50","grogu_50","jarjarbinks_50","lambchop_50","franc_51","lambchop_51","buddy_52","goose_52","grogu_52","jarjarbinks_52","franc_53","hera_53","iris_55","lambchop_55","buddy_56","franc_56","grogu_56","buddy_57","goose_58","goose_59","iris_59","padme_6","iris_60","hera_67","franc_68","jarjarbinks_68","hera_7","iris_7","padme_7","grogu_70","franc_9","grogu_9"
"hera_1",0,0.0168942152104093,0.0137993544705354,0.0161634434289268,0.0205712961803875,0.007256477860562,0.0258177715655307,0.0273128118107782,0.0220140082531383,0.0201619646235153,0.0118749611510754,0.0111224536366885,0.0212930609163622,0.031364926274629,0.0235188420627393,0.00965031610384821,0.0178430877478832,0.00851697138613215,0.0131841713822998,0.0112804624031994,0.0198208881884943,0.0317895349029408,0.0353212928518441,0.0176570864014666,0.0070761162550594,0.00948882317530233,0.0160093035939072,0.0180596238181325,0.00903242059072932,0.0136332694133451,0.012702940321352,0.0169588631379307,0.0171996533206742,0.012597638497532,0.0120575826410112,0.0062295037312164,0.0117333071779268,0.0103173405176215,0.0158490631947316,0.00941687915127839,0.0151549683440543,0.012345363707043,0.0154566106783776,0.0107429507297756,0.00838876240822576,0.0153791418993209,0.0243067921988724,0.0096918097873502,0.0170450207553896,0.00549178872025621,0.00752978234592938,0.0132676115687255,0.00965817834513552,0.0158397948735088,0.0128856182075525,0.0153753699438792,0.0155624881897046,0.0170445287099707,0.0297168594708055,0.0170130830293973,0.0153723582706124,0.0114830825695107,0.0167328674883291,0.0162616241303151,0.0314143076279434,0.0170568516382902,0.00948790071411872,0.0221615947147708,0.0170782134785838,0.0195160206869064,0.00793757904989589,0.0160260558310287,0.0154970883176147,0.0118015883627599,0.0139840644529988,0.0177535186213681,0.0217904025853501,0.0118282367872208,0.00993352888995611,0.00552756187907653,0.0220603910844042,0.0196535883853916,0.0192175887118265,0.0165588498561579,0.0159776497325279,0.0192426923818626,0.0151051218256149,0.0221817536073253,0.0090807858792217,0.0210634205009651,0.010910420601659,0.0132097080620379,0.0221138921007609,0.00450153269047318,0.00860652804304763,0.0163051638696212,0.0192852983092816,0.0126842939785881,0.0151445928158104,0.00844785607876956,0.0127360585974235,0.0134476358645574,0.0166629476883188,0.0220461294985205,0.029526628060308,0.0113527654739937,0.00982374137271541,0.00974636883852895,0.0116605475814515,0.00661689383329301,0.0226327716121273,0.021560337973933,0.0224237440857239,0.0165670377535852
"buddy_11",0.0168942152104093,0,0.0108460942319584,0.0120279919500211,0.0146790302891901,0.0126178752958997,0.0264648500965323,0.0271652860474901,0.0220517597680552,0.0281228952303275,0.0127211853383089,0.0165572383042391,0.00504608742200357,0.0209492073587168,0.00881896205964747,0.0206065712846837,0.0204217601220984,0.017165629461284,0.0107818317630631,0.00938894857976788,0.0243296759757973,0.0334700591693159,0.0349613834302988,0.0268924462409826,0.0156213216225973,0.0177936279237721,0.0189087938021212,0.0251921808088495,0.0197492775979752,0.00473368668361816,0.0215318109456059,0.0229644270775803,0.0245707048636529,0.0215668431860113,0.0150548560365117,0.0160181230297159,0.00870201379087506,0.0204235987063017,0.0221269818590956,0.0116429868053077,0.0258332631509417,0.00692925783490553,0.0225647046804994,0.0183381548828275,0.0152638865002221,0.0209607097310866,0.025732220987571,0.0111910783781336,0.00777069516830204,0.0172648101051569,0.0148574242572776,0.0233293821383123,0.0170962572135506,0.0234278996858452,0.019924550495735,0.0156760053974333,0.024841299428171,0.0210434141123145,0.0305803777609995,0.0277389055029538,0.0269129901870438,0.0176080697487508,0.0279470900300657,0.0204774043555128,0.0232231942915878,0.0243860046431871,0.0196086187013816,0.0233716756974077,0.0271907617232315,0.0276871856837433,0.0214692131340556,0.0230119958446049,0.021544098601152,0.0153133284997172,0.0204290714382541,0.0013421335716254,0.0312673233623758,0.0209011103116251,0.0202564373862946,0.0131719407322411,0.00537468975375997,0.00409471888127423,0.0284555940426462,0.026105657538903,0.0243564066901024,0.0300993533899926,0.0223092966540606,0.0319190607397106,0.0201124120545414,0.0304066907269343,0.0205977787892311,0.0228696660625189,0.0277082088515205,0.0150759239169603,0.0173686381060201,0.0232617464081072,0.00399079976324795,0.0186749234783862,0.0204016337907984,0.0197946332753269,0.0163068385132688,0.0225171684337118,0.019706107774785,0.00577788083695183,0.0292223318123581,0.0245786921118635,0.0158382577912126,0.0127205443869528,0.0229825424235546,0.0183439128478045,0.00660736850604583,0.0115903426711644,0.00592125664315157,0.0219515163970476
"hera_11",0.0137993544705354,0.0108460942319584,0,0.00690052958617702,0.0109181165628056,0.00908359688581067,0.0268275600259911,0.0227477872532261,0.0171917308124496,0.0313180485111017,0.0130771912905026,0.0142401700857133,0.0133669248371297,0.0200507591522534,0.0128531923102413,0.0214607337867885,0.0186959875111257,0.0186078136028711,0.0164161635634946,0.0142307201712443,0.0260609086998088,0.0353496652821002,0.0385069414971907,0.0294332652688588,0.0135512539841287,0.0175737474924153,0.0146996026927405,0.0288301436549511,0.0203263052885513,0.01195525598678,0.022647176590722,0.0140199718602474,0.0270073315509166,0.0236434106993735,0.0171528513644596,0.0165990414653198,0.0133085184070084,0.0213720408449984,0.0245259914729059,0.0145875054337398,0.0272123351017323,0.0127095060141224,0.0239072900932923,0.0154952660414354,0.0170402429630839,0.021492914556571,0.0224873528917067,0.0150021008707815,0.00946013376768084,0.0153930024791872,0.0131047083075608,0.0249745343688,0.0194338542808099,0.0251457908403946,0.0199341422372216,0.015373375216184,0.0270350055856335,0.0202438527196247,0.0340637234925568,0.0272638542928861,0.027072145150002,0.0203726872988629,0.0282423124851579,0.0197329087864277,0.0214504476850087,0.0250975477469132,0.0202164467967447,0.025495625988852,0.0267794292768712,0.0308029156466999,0.0193055591877244,0.0248667463963619,0.0235874270372759,0.0137745961536854,0.0205099182170561,0.0111857976930188,0.0335791920502775,0.0221065641347911,0.0214303645894775,0.013675687717338,0.0142183666301723,0.013171103248982,0.0298295845988169,0.0282436768282157,0.0272182342729138,0.0301857340625743,0.0237954128405003,0.0339422126269126,0.020260674114747,0.0328919556338941,0.0214772433441607,0.0249063360917595,0.0309366161188699,0.0101510840484728,0.0168232939188073,0.0259815979417092,0.0130810219369602,0.0146268325396452,0.0198775240486106,0.0196823411429424,0.0204642236268024,0.0246919215543848,0.0182090809096436,0.0145065792288296,0.0289465821849944,0.0234523181785274,0.0179962435233738,0.0149141325330511,0.0239490570885046,0.0178971609295191,0.0144862032495701,0.0184601208266375,0.0140423404309385,0.0250498984742673
"jarjarbinks_11",0.0161634434289268,0.0120279919500211,0.00690052958617702,0,0.00675807888749412,0.0102511860762941,0.0229084999013113,0.0241291830853635,0.0193153866840131,0.0308943403752504,0.0105690378323689,0.0144862641215969,0.0143791750657963,0.0211496950575091,0.0143034040427599,0.0218960137635149,0.018410463934206,0.0190457947797495,0.0171717409542557,0.0144903869712595,0.0233550812112322,0.0315620867250607,0.0345499254669,0.0300650622873415,0.0146797795444785,0.0169551106275022,0.0108803641789969,0.0289862701786075,0.0207012323554711,0.01327793760431,0.0217103045877435,0.0180640816098859,0.0256305153395252,0.0240930201327885,0.0158751997217587,0.017770590083142,0.0142578702237133,0.0212052632802762,0.0237834819876297,0.015715412492617,0.0278333459309946,0.0134927510469089,0.0221148376369302,0.0166114304273981,0.0178669226140088,0.0201597429972432,0.0232251463440519,0.0159172713693791,0.01274045820481,0.0161069160876065,0.0132946196902887,0.0256621327357486,0.0197874095709905,0.02348533653063,0.0181692272528633,0.0124524347709922,0.0277984563891796,0.0177891599769898,0.030650688682769,0.0270577913346378,0.0275471709822191,0.0199527458238649,0.0288080424253712,0.0178382086259333,0.0228765027069498,0.0232548148674144,0.019984101615001,0.02232633417312,0.0260446655941403,0.0304647311586579,0.0200785191731645,0.0235278087602271,0.0223865956593877,0.0135898483518214,0.0191146858327674,0.0125219014703087,0.0338755503451376,0.0217939506000174,0.0220829279064577,0.0154212630322452,0.0144481877631693,0.0135300342292307,0.0289261965308046,0.0281769599578963,0.0277829692308874,0.0304700237852212,0.0224163517447671,0.0342215793923208,0.0203304185610142,0.0332318912085833,0.021076976681504,0.0259685642446975,0.0290854757948508,0.013284976707566,0.0169517303848136,0.0250416634477207,0.0138244521361695,0.0146834275926459,0.0178534807194469,0.0196804723547465,0.0210166581870171,0.0252878146605167,0.0177600242352916,0.014214315428834,0.0262581166612818,0.0248593082588133,0.0188288722424361,0.015294240000312,0.024725868500336,0.018670108655809,0.0138930933335749,0.015826322026204,0.0149007350074007,0.0234148385629234
"padme_11",0.0205712961803875,0.0146790302891901,0.0109181165628056,0.00675807888749412,0,0.015491622738009,0.0230581763821558,0.0225271073665584,0.0184118405986606,0.0345306094189735,0.0140736405977949,0.0166728817382967,0.016398280173108,0.0201128773735947,0.014711153031496,0.025808381981228,0.0186513705954089,0.0231943369931023,0.0212417933775252,0.0181101354276875,0.0260983998381999,0.0329124688306122,0.0359167140319217,0.0337642244486268,0.0180310370872234,0.019869267863299,0.012291093987043,0.0326088157096281,0.0250309235174247,0.0167619855965903,0.025520993218066,0.0206120992040157,0.0287566322618036,0.0273036402143861,0.0193148896669109,0.0221029078466362,0.0185738620618757,0.0249974389784255,0.0284095677135894,0.0202519374405495,0.0321108487994287,0.017446625607769,0.0256602443427748,0.0188029417547749,0.0223438277815455,0.022430532633498,0.0222765674522544,0.0198535139162444,0.0162980688968827,0.0201868849915128,0.0179234880851289,0.0299155213662501,0.0236515594890305,0.0267660670272624,0.02134405156935,0.0142945951271901,0.0319571802796979,0.0194492654837278,0.0321800026019762,0.0316034400527933,0.0321886196685288,0.0237541871576899,0.0335228514533641,0.0201083486670658,0.0209877058046982,0.0265952789485806,0.023456959719772,0.0239056997322041,0.030524614710971,0.0339939466527494,0.0246504755487559,0.0264938162128587,0.0250390330840941,0.0162095243743466,0.0216263949528142,0.0150860528805449,0.0379935402703846,0.0250826620044572,0.0255521915066249,0.0196042350609304,0.0159318465507009,0.01559336457184,0.0330923467294618,0.0320897634979355,0.031648196617115,0.0352811058709259,0.0255635987815122,0.0384664029741038,0.0242183447465446,0.037224509766019,0.0248748409624314,0.0297050849398577,0.0317462527546514,0.017606579176801,0.0198840225729616,0.0289964517616626,0.0162768906600201,0.0171955902274511,0.0208396238092845,0.0237047006643116,0.0251574509236426,0.0294373374666077,0.0184433986734719,0.0155779246350324,0.0255344687744186,0.0295914087634085,0.0234657857795074,0.0186527593993257,0.0288604172292611,0.0221467575360853,0.0150360807398524,0.0180683867944477,0.0165139016270965,0.0267990074760826
"hera_14",0.007256477860562,0.0126178752958997,0.00908359688581067,0.0102511860762941,0.015491622738009,0,0.0235030840320177,0.0264713800090003,0.021108809160516,0.0232591253807446,0.00865751428418204,0.0117173753452368,0.016478506475523,0.0268707696364671,0.0187607650609026,0.0135599091940661,0.0177256246440712,0.0105362943213269,0.0114967806241079,0.00938405113848108,0.0193538333825466,0.0301373734762346,0.0333107757819998,0.0219559498201526,0.00899096237979353,0.0110018222541217,0.0126540880578765,0.0213127425896506,0.0117628397112057,0.010411979172155,0.0142972925387742,0.0165660405166369,0.0190002591544901,0.016784311206171,0.0106346507922405,0.00886189146440716,0.00853156389372477,0.0134112441669448,0.0159633284992018,0.00810670854650357,0.0189038938174187,0.00908630530950797,0.016098835013152,0.0121276195094924,0.00921259251358051,0.0159351778894902,0.0240551592975385,0.00923461320000302,0.0129580502249901,0.00833817823932303,0.00510855529995978,0.0168366708147199,0.011922359413624,0.0168881399515214,0.0129002984717714,0.0124530363676086,0.0192257796502104,0.0155709342434169,0.0283307467227303,0.0185469276595541,0.018312591569406,0.0126648028442917,0.0196047900218201,0.0151460084759134,0.0278335621614772,0.0171961510718117,0.0124968611903229,0.0202545123161292,0.0179176812406127,0.0228180409613536,0.0106979722137182,0.0174232828386959,0.0169042554453182,0.0107243892148446,0.014307507518673,0.0132867009663334,0.025342316385534,0.0145768208314569,0.0142569634246794,0.00723364262474908,0.0171550032728821,0.0148421932757266,0.0208951463872807,0.019876963643233,0.0196271601838859,0.0215432944740631,0.016175291359051,0.0256167683953318,0.0120263402003573,0.0248260466428874,0.0133911956136281,0.0177737386268666,0.0233345770345248,0.00620572502797214,0.0109327200143493,0.017511010880626,0.0144898551034737,0.0121037207100885,0.0142303596856436,0.0112738981047222,0.0135542661861746,0.0167370379518737,0.0166397823132705,0.0170385144754339,0.0276748793313697,0.015192749290593,0.0102120711305777,0.00911350030752212,0.0160078849477365,0.0109688732920435,0.0173963494695009,0.0167587973241952,0.0175121384838658,0.0173999759811467
"iris_14",0.0258177715655307,0.0264648500965323,0.0268275600259911,0.0229084999013113,0.0230581763821558,0.0235030840320177,0,0.0271628345206127,0.0260214940028329,0.0285020830972436,0.022149825720705,0.0182535437905604,0.0296013993885204,0.0362845099570695,0.0294768022976871,0.0240442301866077,0.0159625043447801,0.0231708007434912,0.0274164621657073,0.0225999837279331,0.0126605430426753,0.0118697988504766,0.0162306222978428,0.0322868541345101,0.0206961223633143,0.0179796679808866,0.0236219013160925,0.0304330535986719,0.0243188316367696,0.0259921843241948,0.0201575781644191,0.0299182549960684,0.0212499951952223,0.0257113722339287,0.0164236291905412,0.0250919237467047,0.0254046481646582,0.0219839845929172,0.0258880087908784,0.0256711164240476,0.0308614432138595,0.0245598726570364,0.0170641635926891,0.0196570704067068,0.0253736207414253,0.0130196397455723,0.0228240712685006,0.0245205552080164,0.0295382184260921,0.021087121033054,0.020265412674242,0.0294928461289747,0.023681731469667,0.022709707994134,0.0147797035094481,0.0142864770112427,0.0318778013348395,0.00924211908876784,0.0135717506743731,0.0305845774356238,0.0305259606127999,0.0215869796138631,0.0323688882169184,0.0111556689388979,0.0345962105977049,0.0163275183536323,0.0220984328065112,0.00803208460800523,0.0278912476393626,0.0290638297141287,0.0260398093389512,0.0172480669138031,0.0165295874807001,0.0164342909948996,0.0134868456155429,0.0271751724878204,0.0353932873068116,0.0201772202405258,0.0245705686788798,0.0242099086787232,0.027925013351051,0.026650032258877,0.0265462677989536,0.0283505529029523,0.0307741937075681,0.033895613777371,0.0169902520318416,0.0360403137800187,0.0218268521990577,0.0347398016732503,0.020839730142179,0.0298287559490823,0.0202020567601697,0.0254950979587952,0.0190878583727686,0.0249923550474406,0.0276248330879788,0.0170035897572771,0.0120016098122631,0.0228768248962867,0.0277847555046861,0.0292858631307734,0.0151557781530883,0.0264657640997451,0.00965142096649681,0.0308806245118552,0.0266517438118958,0.0202534136341075,0.028700115189725,0.0232030884153196,0.0262881480140644,0.0194377957360495,0.0297883181773457,0.019773751933211
"jarjarbinks_14",0.0273128118107782,0.0271652860474901,0.0227477872532261,0.0241291830853635,0.0225271073665584,0.0264713800090003,0.0271628345206127,0,0.00599213985068455,0.0411538073167624,0.0292262975519087,0.0200809831816672,0.0298504932976461,0.0290046336776732,0.0251468939100823,0.0320489356401469,0.014505035480402,0.0311069841146312,0.0334778001215967,0.0286330471419518,0.0319483165970262,0.0375093862551547,0.041506642129264,0.041059018209926,0.022257236906505,0.026250142089046,0.0293180877423743,0.0405541006443093,0.0331127546480318,0.0287133077649666,0.0329457268282208,0.0195038935036385,0.0363503976738593,0.0333220700266278,0.0274566620234756,0.0308926064163538,0.0305828838458274,0.0316690674714787,0.0390056587624762,0.0312143960687016,0.0400918334967874,0.0291322566288763,0.0329053090512428,0.0186620279058714,0.0323956998414844,0.0254597056536363,0.00657807126587259,0.0300019911718393,0.0272343895834164,0.0262392820913329,0.0263828040622589,0.0383472461461946,0.0318414171603928,0.0370412916454047,0.0279604412178629,0.0235135052951092,0.0405803089615158,0.0242461729737933,0.0379041264201882,0.0419857435156594,0.0406862896896349,0.0322630180772458,0.042442779497811,0.0226374559888285,0.0238212975463596,0.0333048211753275,0.0311135920961868,0.0300368557971001,0.0408096691393501,0.0413304723210017,0.0329476118570048,0.0321219012289022,0.029779516460055,0.0195276722632146,0.0259286840055978,0.0275774319711179,0.0464756613015319,0.0304873842582201,0.0315590595012071,0.0275459523843452,0.0288709389957446,0.0282861651986324,0.0415640477423218,0.0398269300639456,0.0396776198220269,0.0448903789707144,0.0318256086072656,0.0472458728350082,0.0310033381444772,0.0453814949812425,0.0316257541085301,0.0364891746369272,0.0383062574155568,0.0243738279633155,0.0248568212565258,0.0388311975944104,0.0292848183940551,0.0180239170640435,0.0260391013081911,0.0317568915964609,0.0358100286029919,0.0382130466393074,0.0163645348984682,0.0283601508251814,0.022099163465086,0.037481810571806,0.0340346141105994,0.0261620119423215,0.036401894226686,0.0285744248855983,0.0281986180375193,0.0300779599480587,0.0296497480008807,0.0347030255054604
"jarjarbinks_15",0.0220140082531383,0.0220517597680552,0.0171917308124496,0.0193153866840131,0.0184118405986606,0.021108809160516,0.0260214940028329,0.00599213985068455,0,0.0371151457384382,0.0241919954401849,0.0157757944095998,0.0249939781780667,0.025822147479867,0.0208596800637954,0.0275155946096444,0.0121253581777271,0.0263194808699342,0.0281593438230245,0.0236072911861069,0.0291478874444614,0.0362969794816779,0.0402369261697053,0.0364145770963311,0.0174425571262477,0.0219859816223834,0.024726808555135,0.0359872165583698,0.0283549527830681,0.0233997424075492,0.0288216055109094,0.0153509009968884,0.03250545852935,0.0288688317518294,0.0232768755709225,0.0257283840939218,0.0252799843001263,0.027288338589624,0.0343774651804201,0.0258829827800129,0.0353286413347956,0.0239076655168142,0.029252001448325,0.0144448556103394,0.0272135937969611,0.0224542206129276,0.00773483952075177,0.0247890832081033,0.0219658476638181,0.0215312505904937,0.0215770088927193,0.0334677355536405,0.0270485077063671,0.0327621025790406,0.0242816031755138,0.0198400293259756,0.0356516020418034,0.0215193644205272,0.0360855427757563,0.0372487945463101,0.035967571819175,0.0277326105413127,0.0376272552511988,0.0199252539475941,0.021668583059883,0.0299269595054671,0.0265795393488059,0.0276967536408309,0.0363039268133715,0.0371046272432825,0.0280686044044478,0.0286499447573533,0.026383544503166,0.0154017581685537,0.0226087718412695,0.0225041346355038,0.0418143327171491,0.0264514869759746,0.026988624375516,0.022274027616157,0.0243211662966886,0.0235061048647412,0.0374458967234527,0.0353886192536558,0.0349140793885271,0.0401017387636673,0.0282254428513682,0.0425421181211199,0.026547150585099,0.040744445133369,0.0273764068704512,0.0317072299929448,0.0350796322601236,0.0188825151194782,0.0204884484604114,0.0343826268050249,0.0243488310726637,0.0142757611694526,0.0228858582021129,0.0270924277999138,0.0306628165408691,0.033305063295045,0.013680398098562,0.0239755386457707,0.0228326321800593,0.0324933690148873,0.0288147267911719,0.0214673963545422,0.0315787700360009,0.0237997404579579,0.023918771049458,0.0263490038224672,0.0249479619580907,0.0308504250864096
"buddy_16",0.0201619646235153,0.0281228952303275,0.0313180485111017,0.0308943403752504,0.0345306094189735,0.0232591253807446,0.0285020830972436,0.0411538073167624,0.0371151457384382,0,0.0216263438608773,0.0239740145710925,0.0320839229452087,0.0458740353733078,0.0364218396498588,0.0108978350974029,0.0278233349896882,0.0130920614407944,0.0191482138032916,0.0190780191943543,0.016656109290735,0.0278674880931379,0.0289833774007675,0.00829896846994936,0.0209867097407703,0.0167285302059536,0.0277807567660987,0.00622440464609528,0.01229018239571,0.0238319341259357,0.0113577035598978,0.0356472788711226,0.00843035784022849,0.0105230604199363,0.017231045296105,0.015600280144235,0.0209030706143884,0.0111980175929585,0.0120005946969034,0.018309854932617,0.0089151383787343,0.0216290774234298,0.0130782606377418,0.0232469704538119,0.0153749340382776,0.0186809341212194,0.0358563880027345,0.0176908605903802,0.0309402373323717,0.0182054905207747,0.0200975679016089,0.00971183507882413,0.0123245532200628,0.0105565246035785,0.0166433242156101,0.0242730137273163,0.00960902796861926,0.0229910216425888,0.0234047855983812,0.0156170507671545,0.0123370629484103,0.0117631458010303,0.0131048433874538,0.0224168038853779,0.045857534203696,0.0150105863890482,0.0126020901615646,0.0219196598657549,0.0155013375775917,0.00377079372100471,0.0167641728414291,0.0122368709681981,0.0135870825083052,0.0234686519355849,0.0179869665843542,0.0289684429611839,0.00960455257976821,0.0117728621655638,0.0117793830019357,0.0182692978109904,0.0320907760628456,0.0295011633665783,0.0102002282424812,0.0057225961924842,0.00784614982135974,0.0151829601027272,0.0128663209324025,0.0106998364034282,0.0128071048101243,0.0085866395852544,0.0115696051830868,0.00999670815048071,0.0111473204060685,0.0238581844140847,0.0177494532711001,0.00875239468043512,0.0292502122897537,0.0259140664523816,0.0206615722029564,0.0131914248636693,0.0136925462303558,0.00955507760276599,0.026411626523344,0.0316126670283485,0.0345442511424563,0.015310860559695,0.0153629852875666,0.018304624230228,0.0101137871917377,0.0154791034910969,0.0324958623610511,0.0264283891902205,0.0331277620996041,0.00970565611553804
"buddy_17",0.0118749611510754,0.0127211853383089,0.0130771912905026,0.0105690378323689,0.0140736405977949,0.00865751428418204,0.022149825720705,0.0292262975519087,0.0241919954401849,0.0216263438608773,0,0.0131962053210734,0.0166123486829193,0.0283705778902285,0.0197736515728217,0.0139051360201281,0.0189331566465422,0.0114518571987232,0.010657985473646,0.00862029507147485,0.0179844185939634,0.0286624954433315,0.0311857773331863,0.0205375869347289,0.0116178759641328,0.01074151206239,0.00896947157658037,0.0193181558070793,0.0129333836785354,0.0104059897348965,0.0141460139666905,0.0228123192547965,0.0169513824060947,0.0153411779336386,0.0105238242721963,0.0104932532531749,0.00960212040988143,0.0132472819685688,0.0159400752514082,0.00945225015936717,0.0189613627464036,0.00939046244686974,0.0153102002267329,0.015151641695204,0.0103505157885204,0.0159708288096311,0.0262969953133848,0.00908161907693064,0.0157309020829721,0.0112632399233057,0.0100249251040345,0.0167990496546113,0.0114851568519603,0.0142656927442589,0.0127206697022216,0.0114611083593768,0.0185956421507498,0.015839779357309,0.026232792381555,0.0196368472030254,0.0196958696856358,0.0117622941880951,0.0208809988106642,0.0161834479150152,0.0297488235130401,0.0173532524643974,0.0116290987200635,0.0189569802452474,0.0189762517926195,0.0208532556787913,0.0139382954835756,0.0164658962235958,0.0157178818693059,0.012989388844895,0.0146012723280588,0.0137011519833982,0.0244142808091981,0.0143505042045309,0.0138924428517273,0.00974342617318705,0.016828444510949,0.0147322955208956,0.0208771759308031,0.0189537727290309,0.0183362389878399,0.0228079283503493,0.0155544301546092,0.0248933978780991,0.0129918108912683,0.0236442481039263,0.0134562218703797,0.0170107710217682,0.0211549916865876,0.0117333981270783,0.0115325124293693,0.0161331439485714,0.014671055561867,0.0156217309279728,0.0150043408491921,0.0118727944278376,0.0125073325928699,0.0162076796591295,0.0176819127676629,0.0165490153745997,0.0277715807994479,0.0178797640044355,0.0113817147188023,0.0103685482814981,0.0159707458008159,0.0115024132619529,0.0169257058380091,0.0151751467855398,0.01761924501393,0.0151627686647968
"iris_17",0.0111224536366885,0.0165572383042391,0.0142401700857133,0.0144862641215969,0.0166728817382967,0.0117173753452368,0.0182535437905604,0.0200809831816672,0.0157757944095998,0.0239740145710925,0.0131962053210734,0,0.0211547326958027,0.0289447791198795,0.0210631647044883,0.0143720237768009,0.00855126207920685,0.0136211818326003,0.0176357845904563,0.0126350452152026,0.0168929589828046,0.0264576943816062,0.0305560389943808,0.0233591150904881,0.00509081640404927,0.00819777927984732,0.0166577645207071,0.0230050998007571,0.0152244908551507,0.0151701632550919,0.0150103899275759,0.0167557137367561,0.018562262273015,0.015642053259939,0.0106097635168524,0.0132211901640292,0.0155083751235648,0.0134326126662055,0.0212854299868676,0.0149238258162979,0.0224877453147476,0.0145300867845967,0.0152743540329295,0.00684617510643885,0.0149438096669998,0.0100178890284198,0.0167697115321743,0.0133224560870696,0.0180893164942275,0.00825628061017159,0.0105225795880267,0.0203758237935037,0.0139054805819649,0.0190833526438692,0.0109633655928921,0.0101345565905334,0.0227016100117918,0.0108358160510752,0.0253609080888833,0.0247267755920907,0.0232148442936729,0.0141378080135086,0.0249370995575953,0.0103855261605838,0.0276819710800827,0.0169494066292622,0.0127561276136029,0.0170478763992786,0.0236214273823516,0.0235268393795692,0.0162094602838606,0.0150704362651782,0.0132336432687458,0.00510397965615428,0.0100439612339214,0.0176143556854302,0.0285666251357396,0.012862712776294,0.0137714108573226,0.0107469862618081,0.020692799511376,0.018900451237528,0.0239155769008327,0.0218657739664368,0.0220051580948335,0.027455701871239,0.0145596723328237,0.0293145563933275,0.0130179342280988,0.0275219632598386,0.0134778304827554,0.0191851847830805,0.0216148027612538,0.00970540079894095,0.00673533953895199,0.0206248825252431,0.0194145241504877,0.00618231949747929,0.0103487676698769,0.0136465979987891,0.0184883923286307,0.0202003085502962,0.00698035701217418,0.0201117370684712,0.0201529345706199,0.0207260587974533,0.0168711713842073,0.0105095927339872,0.0186657979330725,0.0105726280632389,0.0203938203175452,0.0186361187293915,0.0218206278044842,0.0173271528413268
"lambchop_17",0.0212930609163622,0.00504608742200357,0.0133669248371297,0.0143791750657963,0.016398280173108,0.016478506475523,0.0296013993885204,0.0298504932976461,0.0249939781780667,0.0320839229452087,0.0166123486829193,0.0211547326958027,0,0.0192881743545492,0.00712720267327746,0.025144317799298,0.0245423419698847,0.0215115058267914,0.0139569694204116,0.0137561875950811,0.0281873772944945,0.0363467656330972,0.0373611644806627,0.030917593283715,0.020435010791896,0.0225226799798533,0.0219559872360395,0.029057989627266,0.0239594920387308,0.00892963470491377,0.0257636990184149,0.0258257839581719,0.028693106912772,0.0261444158756141,0.0192810333099349,0.0203382729023825,0.0122647140434958,0.0249643195345677,0.0253737185981899,0.015492748684923,0.0297217127435785,0.0109843733075877,0.026666878880995,0.0229165055155254,0.0192554017451479,0.0253550553700499,0.0290891933432413,0.0155165748678665,0.00877257638712782,0.0219035094901108,0.0189618753873481,0.0272597316565487,0.0214828096479235,0.0273327395983541,0.0242589959042665,0.0193894387675149,0.0286271673991886,0.024946787178245,0.033484045062588,0.0310444073771923,0.0305618319858746,0.0218429591712196,0.0314369835125376,0.0245395939291088,0.0228125656130685,0.0282681161743881,0.0241864080265312,0.0267056747562893,0.0305120561227838,0.0316819055469967,0.0254587877423482,0.027286976140156,0.0259652465401683,0.0197267892677529,0.0248144374949225,0.00407295014843049,0.034849620689757,0.0254791491358314,0.0248982912742793,0.0177827973077879,0.00293907958686951,0.00483054292784974,0.0320628817406535,0.0301067651879064,0.0282826790304046,0.0333369091065374,0.0265359098010209,0.03542248686999,0.0245787549705801,0.0341035165868511,0.0250510749630586,0.0271316924534478,0.0315527001381753,0.0193447256331316,0.0222121375406071,0.0269093993520478,0.00437331856770204,0.0228646644725933,0.0244672428392739,0.024189642778908,0.0198712517487777,0.0264179989281411,0.0239448915019962,0.00437739315301862,0.0321456729452972,0.0283608665208025,0.0194908689083185,0.0171949031920734,0.0272065600303211,0.0230965191692266,0.00489106833181898,0.0129666219889151,0.00184473812673448,0.0259912162689255
"padme_17",0.031364926274629,0.0209492073587168,0.0200507591522534,0.0211496950575091,0.0201128773735947,0.0268707696364671,0.0362845099570695,0.0290046336776732,0.025822147479867,0.0458740353733078,0.0283705778902285,0.0289447791198795,0.0192881743545492,0,0.0153379215669513,0.037704340699373,0.030293299278527,0.0346060787121314,0.0298155232518155,0.0283016891696736,0.0393203179315163,0.0449232797718898,0.0469549455462995,0.0446863831642497,0.0300164993820548,0.0333491514068338,0.0294193725075026,0.0434929619048816,0.0367300746130014,0.0245390155462671,0.0380956721001681,0.0277488174625164,0.0415545442197961,0.0389614791223191,0.0315643118961801,0.0331400371309473,0.0273776081881563,0.0373442457389975,0.0394275586728919,0.0299157879269319,0.0432375989951228,0.0262945985356788,0.0385620173893131,0.0308961234480283,0.0329227476423396,0.0352272805912539,0.0311806416482573,0.0298491925230203,0.0196906655381727,0.0324282126697915,0.0296457428600097,0.0408486645567526,0.0349825293137751,0.0402990371971493,0.0350228168835572,0.0272791591241204,0.0425863534873282,0.0331238106465042,0.0438512290604583,0.04334279730575,0.0433762225753242,0.0353878682633415,0.0443920042034668,0.0331144251348455,0.00910081072334178,0.0394877834950559,0.0363895724423654,0.0364205973847278,0.0426311479321423,0.0456231036820792,0.036627968793387,0.0392009234591018,0.0376903227087314,0.0284028469384394,0.0347967910343764,0.0204424438915962,0.0488814693186929,0.0375174183895709,0.0373235150325358,0.0302214132248841,0.0191711590159396,0.0203429187451139,0.0450487502268967,0.0437376976662383,0.0424262681936862,0.0460979309867781,0.0383444126026473,0.0493381149186125,0.0364944018638556,0.0481485267833479,0.0373229288238203,0.0405507795515847,0.0441586651746932,0.0283411665540293,0.0326767927534387,0.0407915721726184,0.0207371700586168,0.0294889594809528,0.0339124983928948,0.0362975170818398,0.0348878282254455,0.0403077326543607,0.0303156277899854,0.0195679109765995,0.0360373998891071,0.0403672939658516,0.0335790348484349,0.0290962544826366,0.0402814579564282,0.0345033627018502,0.0189558035134348,0.0263566659717887,0.0185687566229819,0.0393905942084586
"buddy_18",0.0235188420627393,0.00881896205964747,0.0128531923102413,0.0143034040427599,0.014711153031496,0.0187607650609026,0.0294768022976871,0.0251468939100823,0.0208596800637954,0.0364218396498588,0.0197736515728217,0.0210631647044883,0.00712720267327746,0.0153379215669513,0,0.0284770701286252,0.0228796714176893,0.0251361503499922,0.0194904600630934,0.0176605529480778,0.0304357091912103,0.0376439370318869,0.0391528908983927,0.0354150082051896,0.0213790394956432,0.0245252988412085,0.0235869526677209,0.0337984427790006,0.0277249272477622,0.0134197052311996,0.029178318638635,0.0236156265910822,0.0324284129769446,0.0295442384199317,0.0218924078304179,0.0239866244173577,0.017060887607537,0.028204495386772,0.0302659489652649,0.019993477632758,0.0342853050571354,0.0154459458287083,0.0296841328375467,0.0228336184603715,0.0235431700981335,0.0264819886532963,0.0256167433390614,0.0196337254479568,0.0102791315986677,0.0238629298091851,0.0212398673338535,0.0318033018151501,0.0252948399695015,0.0314944978993817,0.0263209119411359,0.0200131609332897,0.0334463893844011,0.0255034518717274,0.0356108185578764,0.0356244462278174,0.035019236730106,0.0256890415370705,0.0361315976649228,0.0248781166048979,0.0179312172428098,0.0310804286129012,0.0273725977869694,0.0282173856915113,0.0348724329127597,0.0361585678010761,0.0287800231926136,0.0300820920185291,0.0283041873700088,0.0196860996151907,0.0262864320416774,0.0081765582309116,0.0399383841865769,0.0283114066291869,0.0280887775421051,0.0207211900980222,0.00650575833688964,0.00850897963103796,0.0364517538501189,0.034552141833022,0.0329570140817385,0.0381947506054342,0.0293657491795734,0.0405730220792256,0.0276814811599083,0.0390778861378568,0.0282091162198747,0.0311709470386289,0.0350662482169707,0.0205640663533297,0.0238323229862712,0.031602806065249,0.00914980189890452,0.0221207961336632,0.0255817507886152,0.0275454984384606,0.025033094204364,0.0310799039110155,0.0226749310655807,0.00704029118296799,0.0301516893639864,0.0323584667238241,0.0241978943173091,0.0197501927192337,0.0312846364041798,0.0257036755406513,0.00666034967942607,0.0156890361513272,0.00625847820010912,0.0296509197450693
"hera_18",0.00965031610384821,0.0206065712846837,0.0214607337867885,0.0218960137635149,0.025808381981228,0.0135599091940661,0.0240442301866077,0.0320489356401469,0.0275155946096444,0.0108978350974029,0.0139051360201281,0.0143720237768009,0.025144317799298,0.037704340699373,0.0284770701286252,0,0.0195550911091695,0.00420621041741379,0.0133767641994978,0.0116751162156413,0.0143889793092834,0.0273209389289907,0.0300636268159086,0.0103311365187947,0.0107346522370826,0.00764685810050381,0.019819459592904,0.0099635838523035,0.0039453022921962,0.0164415036766648,0.00605343958949582,0.0251176045978856,0.00877738405565271,0.00526398276065933,0.0100003114136038,0.00617995511385117,0.0136875027417961,0.00250970167874804,0.0106336998320497,0.0106716356789418,0.00856874916900405,0.0143123750057893,0.00946473138960981,0.0135992373074218,0.00750515033023119,0.0123315980449661,0.0274632138530852,0.00996967972230158,0.0227247288486167,0.00771231149607067,0.0106714019373099,0.0070565052027874,0.0043290882563153,0.00906011711707313,0.0097134080206137,0.0167281478789219,0.00941292590018447,0.0162243271111403,0.0240936136379291,0.013748326787324,0.0106465173104289,0.00546682598042157,0.0123141960109897,0.0154229568183436,0.0374880111480584,0.0118090664666432,0.00360881363618963,0.0186122409063061,0.0134793206127783,0.0104775523036415,0.00842876276478103,0.00906596831071195,0.00924779281071093,0.0142733489724337,0.0111446202855949,0.0215570003903691,0.0147128266168872,0.00466806831597198,0.00308528304487717,0.00845024549764248,0.025363450848838,0.0227311224942015,0.012204657781076,0.00810731693962118,0.00868129381182923,0.0152725134277243,0.0087811133419078,0.015486597204882,0.00356013309698284,0.013718706953626,0.00385955125912301,0.00669964965567666,0.0139461298803545,0.0131989389741347,0.00810245007128615,0.0090403251946472,0.0225043075963049,0.0163600985740939,0.0137874429098156,0.00395271738235904,0.00939081554907731,0.00712189415190643,0.0181126069343246,0.0249987975127879,0.0290866773079202,0.00977568384643315,0.00868285085003001,0.0101154220808883,0.00524559503890259,0.00509692302044968,0.0257741458250497,0.0215015648201732,0.0262435764189334,0.00873720951808326
"iris_18",0.0178430877478832,0.0204217601220984,0.0186959875111257,0.018410463934206,0.0186513705954089,0.0177256246440712,0.0159625043447801,0.014505035480402,0.0121253581777271,0.0278233349896882,0.0189331566465422,0.00855126207920685,0.0245423419698847,0.030293299278527,0.0228796714176893,0.0195550911091695,0,0.018996115270595,0.0232641872207381,0.0177603292506144,0.0181689518096742,0.0254285323446996,0.0295046293651653,0.028663055784123,0.0112966286890812,0.0131337313334961,0.0213102022538412,0.0278283577819174,0.0209406666081287,0.0201116796649965,0.0195592376938915,0.0193404550107011,0.0223555338824475,0.0206585450183479,0.0145587623833994,0.0196545043870676,0.0208958459499751,0.0186246240987828,0.0265209959201962,0.0208538210814634,0.0279616363525661,0.01957103788247,0.0190732154523937,0.00805317134906463,0.0211184076813226,0.0113047260217532,0.00967409262418859,0.0191268479957778,0.0224117647619642,0.014701769412079,0.0157394902583504,0.0262056891466787,0.0194564801586534,0.0237342724949258,0.0144651632140038,0.0124885957519825,0.0285083048063174,0.011229745631358,0.0248715770689111,0.0303665687822407,0.0288219883062841,0.019254378196944,0.0306975277555993,0.00979539503520148,0.0271295198289363,0.019804236539551,0.0183024754673301,0.0169089192042954,0.0288836141898542,0.0279701610402311,0.0221472414293588,0.0179898265435511,0.0156290924007195,0.00778990182353285,0.012018871629242,0.0212616593684204,0.0338918164226163,0.0169968385580788,0.0190965133769209,0.0170193769427093,0.0233955533638305,0.0218758023910782,0.0284023431234253,0.0268155743973639,0.0273369501800398,0.0332122416999211,0.0178533854106402,0.0347545458740929,0.0183091022151554,0.0327822748835842,0.0184073621127653,0.0246056622729902,0.0240189961675848,0.0163786105222241,0.0121136949251776,0.0255952403965869,0.0228095574417008,0.0079072907650319,0.0129043339542799,0.0194051581547985,0.0242613055692707,0.0260107090164832,0.00257232247443433,0.0225080282607397,0.0146417317451377,0.0267479958403779,0.0229278623268894,0.0146782876838398,0.0244244182694445,0.0166776118771715,0.0226579283555111,0.020607615155142,0.0247889407913259,0.0209094806294091
