"","hera_1","wolverine_1","hamlet_11","hera_11","jarjarbinks_11","hera_14","iris_14","jarjarbinks_14","kubo_14","wolverine_14","jarjarbinks_15","kubo_15","iris_17","kubo_17","wolverine_17","hamlet_18","hera_18","iris_18","jarjarbinks_18","kubo_18","wolverine_18","ophelia_19","wolverine_19","hera_2","jarjarbinks_2","hamlet_20","hera_20","iris_20","korra_20","ophelia_20","hamlet_21","jarjarbinks_21","korra_21","kubo_21","hamlet_22","hera_22","iris_22","korra_22","kubo_22","hamlet_23","iris_23","korra_23","hera_24","kubo_24","ophelia_24","wolverine_24","kubo_25","jarjarbinks_29","korra_29","jarjarbinks_3","kubo_30","hamlet_31","jarjarbinks_32","hera_37","kubo_37","ophelia_37","wolverine_37","hamlet_41","hera_41","ophelia_43","iris_44","jarjarbinks_44","hamlet_45","hera_45","jarjarbinks_45","korra_45","ophelia_45","hamlet_46","iris_46","hamlet_48","hera_48","iris_48","jarjarbinks_48","korra_48","kubo_48","ophelia_48","wolverine_48","iris_49","jarjarbinks_49","kubo_49","ophelia_49","wolverine_49","jarjarbinks_50","korra_50","kubo_50","ophelia_50","wolverine_50","jarjarbinks_52","kubo_52","hera_53","kubo_53","iris_55","ophelia_55","ophelia_57","wolverine_57","wolverine_58","hamlet_59","iris_59","ophelia_59","korra_6","iris_60","wolverine_60","hamlet_67","hera_67","jarjarbinks_68","hera_7","iris_7","korra_9","ophelia_9"
"hera_1",0,2.90041810676324,3.82514554432605,3.46394379932216,6.13527107077335,2.45845062887596,10.9253484454162,5.99086438351702,8.3463370147441,6.78675949987242,3.92307250623742,4.22873946433505,6.1595708854694,4.03706933512722,3.9571676666807,2.71238855099626,3.23729017158251,6.91898629847889,3.97586022945304,4.44527838516099,3.20866514551295,3.53070750244603,6.43613486669539,9.64280662644573,9.90357951049271,7.00821022218378,5.34310598583708,3.9571478746605,7.2097662633799,6.73567685735469,3.82925955194502,4.84539409894438,6.1414282293938,4.76378024480182,8.75086075652905,4.08562881730313,3.54358372085344,7.16547745021257,3.99520553484648,3.34386033451568,2.75574053212486,6.60889232369817,3.76026058404462,5.02653580729119,4.76339341565814,4.43118583961312,5.46153579142135,3.66571175006912,6.45216547742653,2.6740293299435,5.13593616821936,3.31316920301199,6.25222862054559,4.77585178928698,2.91552913939005,9.05963088372719,3.75099096730764,3.44830858063379,2.76386262655833,3.35977362543609,6.83327535954491,9.3732081823425,5.84941204546169,6.79487718364397,5.57690039581455,6.58021499381383,3.22852118366767,3.82813636491023,7.84700203046447,5.44715763908019,5.68814871973207,5.70863267983474,6.67877659403705,5.79179822184327,4.69445849973974,7.49921969076367,5.66670564582616,3.40661606174433,6.0622360316892,3.53593128715585,8.24906175224455,4.55495485919905,5.55683244643771,4.21956017342069,5.20115880622484,10.4639556580139,4.70063220361774,5.00852016767305,7.68633555663884,3.12739524402752,4.73476847102519,3.60534617789289,5.63826550558607,6.76329883365859,5.89443427420132,4.68208109998833,4.77872506290839,6.40351062552648,8.14228661176198,5.5987389406242,10.5043978782453,3.74613432408873,9.25081010341042,2.39602477051211,4.82349973111437,0.559291255504521,4.19376463647456,6.03379470593073,2.75926637927081
"wolverine_1",2.90041810676324,0,3.37343956139626,3.31769212934895,4.82819341912906,3.22991101343388,9.07248963416266,4.70190275614271,7.65576225491245,5.05814258023425,2.6352197496772,3.28933489246629,4.53713812309744,3.35194412721905,3.38801031743407,3.46548329627366,3.84213814142434,5.13706082827201,4.28660398925519,3.45390616418392,2.1956276215583,3.1847896858023,4.55790342938489,9.67987970780077,7.81481218986214,6.72001348247648,5.42887193033753,2.46308386604001,6.4688639564792,6.09617140214186,3.76050306569802,4.94352578984047,5.46089701002094,3.70165403776727,8.49462343794346,5.24226416728405,2.33269950299413,6.44303053251869,3.26642330031961,3.00268841448825,2.78652099306393,6.04799843335355,3.70276123765574,4.59292834053728,3.35342139812639,3.5667426013043,5.24900854302561,3.66544511707815,6.17797917641341,3.72310303653636,4.88607205395161,3.21708330313197,5.80451330150085,4.01780986660711,2.37232204849631,8.18997170416934,1.38032022018369,3.38818992000487,2.39504124708507,2.40874444121467,5.08094851625134,8.96815248967082,4.95533324399373,5.60762626008522,5.69404885079082,5.53165562856627,2.61929889183492,3.77040378435197,6.14713067762314,4.70758467818522,4.90496262629109,4.17025223814224,6.23546697662224,4.90003143593146,3.82598274032045,6.18797669107322,4.39070071905823,2.92063019231827,5.80670216781546,2.9486356976386,7.01121661207617,3.38465761193606,5.61982003123864,4.04957696308919,4.40040919078494,9.78146220299663,4.62855437897018,5.10013374784006,6.66568394893302,2.85710223251366,3.92725613966617,2.61570841631082,4.61797632271634,5.12968909848939,5.48628107794514,4.27477257863844,3.41499254770898,5.39006448396044,6.91403797531221,4.86375679231301,8.91222877645086,2.8129412202068,8.13192526221126,3.55637966534937,4.38171969729094,2.87427188652219,3.87125010956828,4.94823740629661,2.3270251929673
"hamlet_11",3.82514554432605,3.37343956139626,0,3.91978622986105,4.08779550374911,4.00154573871609,9.77455278096144,5.29963844551996,7.38218285146539,6.23329023654189,3.87166472694545,4.17107432672666,5.65623391565747,5.22772505029491,5.5725828661733,3.72595768266466,4.0238703639611,6.18330443899242,4.59110913423988,5.3784607751554,4.54015264406615,4.16728408324571,5.76822872704727,8.73647993362404,8.88527889856656,6.77320364988131,5.18656987465042,4.01658243057543,6.86819329131484,6.59215973772705,4.70658651984377,5.09249535057124,6.22252525098274,5.05582107463666,8.53481583371927,4.81851409018698,4.32873242964942,7.16464990761588,4.82881367943117,2.4560591213891,3.61227867129803,6.7300614892712,4.13309375102905,5.67673547009805,4.97049673282328,5.93037025776536,5.21846176254875,4.89898873427575,7.14936921582258,4.20870327802579,5.06734125687923,4.65004647576362,6.13711507434817,4.39908149471137,3.22494173817072,8.30616453898248,3.94569361749313,3.89848912871464,3.70663204425497,3.48484224081353,6.24864584481461,8.6562082997422,5.00611262660683,5.76202450291282,5.22757627031437,6.44207824242722,3.87579144130933,4.19090469720891,7.16374294683088,4.88994421946667,5.09943806959344,5.24068608037359,6.57411437302536,5.91196445682324,3.93146426328669,6.35634851300026,5.8957050953141,3.84728472081805,5.73074080546893,3.87259089243274,7.15534690962311,4.70781402389084,5.52544587799894,4.78276874170898,4.92040253469784,9.68380832353001,5.69596862061511,5.27324922366517,7.2790324609511,3.74262391687302,4.19350142991773,3.70625210961102,5.34229236790522,6.33890125629894,6.13796313364669,5.73782299321452,4.10126616182406,5.75684055663354,7.32046055568686,4.58766328162785,9.63230309640609,4.28646020236852,8.03735314376466,4.92826588691503,4.65272684706505,3.62279309852387,3.69698134687437,6.11549333704944,3.50762347305756
"hera_11",3.46394379932216,3.31769212934895,3.91978622986105,0,4.62665286624831,2.22969401412864,10.2108926052083,6.02923333165662,6.58294739924355,6.25867332949197,3.99366130764037,2.08176050217455,6.26066342894903,3.54483311124425,4.84333484383263,4.65193137377241,4.9330960091187,6.73744733602161,5.04647389536274,4.83132364469564,4.27636066891945,4.80834331473315,6.25740991534347,10.5310857328777,9.18492558825695,6.6616887779006,6.46755351004319,4.38823846874634,6.1659101482224,5.96353121665291,3.68331681670915,5.64013281898489,5.02721851881532,4.38133806017683,7.77604400247535,5.99162948703311,4.27773514059558,5.68737965061165,3.9698936805009,3.90266266868313,4.52096045368428,5.18122142204173,5.10138243757041,3.65510492776628,4.95389421082209,4.96528157897715,6.48575515357988,3.49035594679133,4.55675329995934,4.51457574878107,5.35113935667976,3.89859123478414,5.59223709860439,5.41878810441303,2.30505823349653,7.75147258407793,3.62141714108412,3.20689406070248,2.57897815107908,3.56751388564126,6.6827832055413,10.052028868881,6.23810913702406,6.69635726045056,6.49811246182973,6.06616365479021,3.54917740280981,4.92220468286979,7.44906342845062,6.11918446164143,5.91571184380076,5.86457978900326,5.81028852909167,4.90938409558439,5.14031126209332,7.44539917576621,4.79523685337907,4.55389621779423,6.32391608808194,4.62617240981694,8.02470024222551,3.93934090365576,6.32000908490294,5.00705249519997,5.64590286026555,9.48621710199627,3.53549603364936,6.21368486750454,6.57282911352356,3.77292462348616,4.98591990266307,4.57935192482872,4.60197967906074,6.5938039801487,5.01221927438674,3.97752663559343,4.18637687599767,6.99867362418396,7.58981640323367,5.94457982650495,10.4018176407508,3.20236195317629,9.39095270434741,3.54194594760507,4.71397024040086,3.48522436541503,5.0964891908506,6.24713119025364,4.04765372041392
"jarjarbinks_11",6.13527107077335,4.82819341912906,4.08779550374911,4.62665286624831,0,5.52527428102896,8.16029889624923,3.97711381643773,4.23514819434127,5.28858615677354,3.65392066608104,3.4151809935538,4.93345454645662,4.96064533385672,6.80439896964871,5.10853699112063,4.95797055053414,4.94625049190555,4.6769151146729,5.50012852572075,5.87259073483282,4.77901599234347,5.27546739537724,7.93440571242895,6.78251672351509,4.93872958897978,4.98667372550589,4.97905778227102,4.14153974446015,4.43691070177655,4.43280378898135,4.71354572410476,3.94213655542473,3.8750553019328,6.1813006165527,6.2727977323737,5.56623230340271,4.5029462592245,4.33294842277545,3.39724158693727,5.18177300649676,4.27688425830572,4.64172533344787,4.11839924402219,4.62543747216447,7.04734411548395,4.86632426338458,4.61574414927445,5.4101305074925,5.34252767943821,4.13856508265163,5.09707293132476,3.96752824334596,4.0519072519921,4.62635472754435,5.17625503101151,4.64644238943131,3.73821114555545,4.22564566218405,3.64153973458727,5.58767744010225,7.43719724006505,4.04297621953572,4.09425063821025,4.8669290265459,4.52464195076628,4.28248506263087,4.41290375155138,5.65205626857163,4.2727014290508,3.80122894574388,4.8179112203812,4.35837083980747,3.99951696588986,3.87144860878414,4.77973088612072,4.67595206715204,4.78266361018713,4.59829312488553,4.36855295396607,5.03166104676882,3.80327844909891,5.04459144535517,4.62828436511979,4.17038522531375,6.87330221699923,5.45019806116472,5.46704492873539,4.38909198614062,4.25753009967609,3.43355307629959,4.54473969838484,3.2052346818275,5.02464001448246,5.13642445375421,5.91726729134385,2.69861787472437,5.02101659001995,4.63007047591833,3.81072163337366,7.98686125369534,4.44271296493535,6.26791198022428,6.38698527590974,3.61500745781322,5.90182481180141,4.21499755602191,5.24687348979748,4.77562734250192
"hera_14",2.45845062887596,3.22991101343388,4.00154573871609,2.22969401412864,5.52527428102896,0,10.6487639019562,6.11054056984522,7.68459275622337,6.57034434979709,3.82982093929413,3.11704437557979,6.34317794931015,3.51898790657916,4.17379093180286,4.0800385992917,4.43849070524538,7.01868105051564,4.80995439049759,4.5345866852374,3.71227059943198,4.48575988582525,6.46117366612407,10.5027999368427,9.7345117830248,6.52100239084249,6.15887208236714,4.26279787482792,6.84862315041209,5.85708748728653,3.09973573917203,5.53202991043843,5.69614195930132,4.56308329019205,8.10261260605583,5.48245505717972,3.853976405073,6.53901776761646,3.97493125795005,3.90173781957446,3.91902302296183,6.0041559073698,4.77162836151884,4.32849221421498,4.86110671912519,4.41981276684721,6.27067069050924,3.75028903936262,5.53471658048381,3.87087840179877,5.57483040459229,3.35301060803946,6.16797855461286,5.38136584163032,2.48655629783695,8.66561466936745,3.69507721744122,3.54979758171864,2.75431836726653,3.71397393263888,6.82189301358255,9.99708526934773,6.41106845929167,7.10490643518153,6.41616990561155,6.43733424045126,3.42831802174731,4.74526143662995,7.51928544637112,6.10181914810935,6.15437440353536,5.9038121360673,6.6090947659092,5.52009956879653,5.16150815624133,7.75562634137696,4.50961144739004,4.13306860180135,6.46076148964555,4.34051182056066,8.392470706934,3.72663897802681,6.2307931839716,4.78813531715954,5.56648838923976,10.3071807608735,3.01451520903242,5.85415202560309,7.32327641486305,3.80850754600889,5.00569391763751,4.33154238003859,5.39475862608669,6.80709946136607,4.72242463348311,3.27041299079004,4.67366941593341,6.92030947551092,8.12549116686533,6.00164822827293,10.6552170024831,2.993995502321,9.62201566449882,2.90920098246306,4.94999552473518,2.51348572654836,4.8971096500927,6.19646396181063,3.66050213139176
"iris_14",10.9253484454162,9.07248963416266,9.77455278096144,10.2108926052083,8.16029889624923,10.6487639019562,0,7.08384479631395,10.3016053074771,4.43197429216447,8.18292549392933,9.33476146374435,5.49625378625814,9.42622246209605,10.0594406903814,10.1474180735903,9.8495895362901,4.89819172917009,9.82518269174229,9.0316797977223,9.63537530484317,9.30109855978989,5.02296174219176,11.5457888685918,5.68064087904426,10.2893011598271,9.64926767790504,7.37870946286782,9.36257812181183,9.35737265426355,9.9670253517353,9.84092728100634,9.60921737346409,8.95817756221834,11.6105386523083,11.4058756914886,8.67115751585921,9.90357592959595,9.04029536303869,9.1679378264218,9.82819270667926,9.9945400558898,9.41574099406724,9.67256224841563,7.76857351089431,9.97648055225072,9.24048001433759,9.88252536018521,11.0126582977449,10.237021892549,9.71029631685355,9.35101839617396,9.4676917102863,8.52969577300622,9.03162862821099,9.8832281448377,8.74288884884739,9.25465632108727,9.19651458762499,8.55470995830251,5.72221077694283,10.5728731835596,8.23712587558869,7.47144306341459,9.89201663549493,8.79135364158541,8.61495526528655,9.35309097937507,5.60191705885006,7.9629005205922,7.93255365689978,6.36613982442438,9.84697486219224,9.08987448881564,7.75872888279624,6.77489339710079,8.81048134992851,9.16521368977691,9.41928055468557,8.8997788882484,6.9698354779709,8.61082847878332,9.81434619714262,9.45155227810229,8.21331296484098,11.2934535532298,10.8389382339707,9.82095668001981,8.92593504737059,9.58105485891931,8.59917416770958,8.14319867776363,8.36636229051025,6.86984931665051,10.478405192048,10.7597005159732,7.79716445655331,7.90896983791712,8.18383224816113,8.25298264306898,4.85301148649986,9.67644499358692,7.92018750078026,10.8736109954533,9.02778777683835,10.737087024575,8.92596795415959,8.7236609939664,8.95558376772954
"jarjarbinks_14",5.99086438351702,4.70190275614271,5.29963844551996,6.02923333165662,3.97711381643773,6.11054056984522,7.08384479631395,0,6.51379956377118,4.06580514313667,2.54554937346929,5.03577498426424,2.86157168041414,4.85874676615243,5.89191211904659,4.54928782656051,4.08114811262831,2.88521868485456,4.1432119793702,4.43675964082382,5.03187685997706,3.54017616713851,4.10519526845075,7.20783235542281,5.13152489220583,5.32520924355046,3.80505531726094,4.31976542488559,4.85981454226051,4.51118532490032,4.63242058864846,4.17736770889983,4.76134169419987,3.75616518951822,7.28613340302525,5.95771142171994,4.89594333545532,5.62061041114688,3.92186709071779,3.71670720613614,4.53593194641506,5.43647876749532,3.57447905031416,4.94127663701978,2.50981058706843,6.24289826554246,3.51754292936811,4.78541145210974,6.9148590991549,4.7877946806351,4.29585480792363,4.36657555752207,4.46041087021625,2.56709789629838,5.01365141070031,6.10209661428244,4.32117701958821,4.09713738959993,4.28955326775095,3.11042629459971,4.32466205508758,6.24905526876205,2.55160189093488,2.43279454105962,4.30571470285092,3.96418994293443,3.46710596018813,3.46447672130266,4.23876603706296,1.98214712171975,2.0616229688967,3.38546703912229,5.23503015352491,4.19591548057667,3.00631861920107,2.01385608519587,4.52533454391866,4.00411154067181,4.18677245906968,3.35054923699147,2.61464543472219,3.55258590662504,4.37033045297473,3.84633024942441,3.00641484930889,7.73956683104387,6.37608431875417,4.30920235136233,4.82833168937251,4.19525561440779,3.06549484352562,3.71149996905362,3.52420327901996,2.45280957598271,6.07291892448037,6.40866292178095,2.16565255300239,3.22909152279178,3.89081257134766,2.73762675052181,6.19787146868111,4.88274197552751,4.17517059045563,6.24490485401748,3.80825477002129,5.72133423043952,3.74593907039191,3.85895993656114,3.67424882152465
"kubo_14",8.3463370147441,7.65576225491245,7.38218285146539,6.58294739924355,4.23514819434127,7.68459275622337,10.3016053074771,6.51379956377118,0,8.06180009387051,6.3909023708452,5.60464058372651,7.5853684197847,6.94701402023964,9.34406715491525,7.10400713726738,7.02587976457438,7.48959199378107,6.29711538751972,8.02042163037041,8.48449975777892,7.10122164541793,8.10980615169397,8.29032815657624,8.54086040076996,4.4314441099515,6.53066036104972,7.91368489693329,3.35013350470202,4.6336181947142,5.79256109385643,6.07621353536227,3.59446211530823,5.76019650885522,3.5473062982766,7.56913813205943,8.35979143931701,2.98578511887163,6.29056913290009,6.22534869463818,7.51997520557027,3.11970084958101,6.76987567442344,4.79910380550287,7.44627579017691,9.59595300379224,6.78018302953798,5.95340119347607,4.33350124236618,7.39983762329138,5.31507936538731,7.59854909814253,3.84002138306235,6.47591148181152,7.45009837210086,2.48738266763959,7.40183601370509,5.82658569729607,6.67650941271663,6.20140958300884,8.33454009854918,8.1556673908738,6.14673685313264,6.17802399477649,6.13359351691035,5.61705920438283,7.08697972523861,6.40113674861155,7.92766217609184,6.70000413717763,5.75172551286436,7.60901753318869,3.43021822218761,4.79227206964383,6.7320304132642,7.06601529839482,6.18009978296209,7.37404776489914,5.80230477488783,6.97687448052527,6.68683159403376,5.99467122853307,6.46851942281159,6.50221070683489,6.48375264233336,3.90674159863023,6.38547801271076,7.34304657150589,3.5871611155669,6.30528045963454,5.74213319467087,7.21456287547422,4.39969490272056,7.5087885853182,5.36609300710779,7.18459132519289,5.38201376780612,7.20978874719011,5.1318086039495,6.50656234620618,9.69356706371339,6.67964988086603,7.71305563609712,8.51257430642012,5.38211097364364,8.1919639200174,6.71130613672387,7.28246247793587,7.59345471060965
"wolverine_14",6.78675949987242,5.05814258023425,6.23329023654189,6.25867332949197,5.28858615677354,6.57034434979709,4.43197429216447,4.06580514313667,8.06180009387051,0,4.3435130566559,5.57200299856316,2.50956063584871,5.52127122300371,6.17571493021106,6.35982077217705,6.11655486618101,2.42529477549098,6.27374298189821,5.23447058909964,5.68206498088537,5.56064294659207,2.26350839517607,9.78852252328477,5.2174262126946,7.6299359284165,6.56040463780934,3.62234006925504,6.75237573639908,6.59998739455729,6.23551013221125,6.54470994427645,6.55420514076126,5.38048530525747,9.27807591054719,7.90170754155398,4.85794108882384,7.17917041485489,5.25663074253618,5.45982486217523,6.01852107497694,7.04478786501855,5.79173245888817,6.10451901292564,3.98125655191524,6.18287802019791,6.15475758822779,6.09265774831663,7.83400012663969,6.3481519384073,6.39865284664493,5.26939492373597,6.5293523558678,5.11834046486905,4.95133417032645,8.02918487121018,4.8908110086575,5.33507854437762,5.09011715587712,4.64577335811208,3.33261038381931,8.8500731238233,5.32125491723967,4.91711077210456,6.86329176088666,5.9397119200251,4.46182657967386,5.72617462340232,3.9119886169507,4.82071092378025,4.90056365116742,3.17989323491168,7.07096390543305,5.91357942854658,4.34504207770952,4.67958244019374,5.5715120780474,5.38319161673156,6.47483062797775,5.10963914465826,5.33798807528076,4.91429766610472,6.72313809645164,5.86098878712126,4.96257807841246,9.76371248865652,7.21229335814887,6.55702087017003,6.60877226207698,5.73913579226576,5.21439221764958,4.42916710390907,5.11881049951884,4.07979565942148,7.3763189318525,7.17227446860189,4.2244234183686,5.27454514771643,6.23209175326352,5.12446922717151,5.67893483805074,5.81375926892983,6.74530358610409,6.7158759305022,5.62042740532322,6.59487456077547,5.4341159857903,5.63230344886653,4.93211464845038
"jarjarbinks_15",3.92307250623742,2.6352197496772,3.87166472694545,3.99366130764037,3.65392066608104,3.82982093929413,8.18292549392933,2.54554937346929,6.3909023708452,4.3435130566559,0,3.15568939505802,3.42689931702899,3.32278685683987,4.31712182796606,3.22570784297331,3.22897224893587,3.99257429013764,3.4780195381879,3.4856995127205,3.2413197904784,2.63161480261331,4.19673369212152,8.34815004611092,6.76869093303815,5.07553992653161,4.10190198757518,3.02873846651269,5.07453132078477,4.17954181113969,2.86497573638001,3.95628962775287,4.26312911265669,2.87038662538536,7.05075084649401,5.03374065354152,3.34358085074287,5.23337834854194,2.70638294651326,2.46199797281005,3.08073963955583,4.88621051813941,2.95521410438339,3.83440312043455,2.19634792922764,4.65825331652092,4.03950565673301,3.33587284091319,5.59930698785596,3.54854218229393,3.98232995490294,2.99399246472142,4.4752920029746,2.81493134414738,3.15470529911971,6.5991060603012,2.49730288697539,2.77548004074677,2.37181770987317,1.37310286907976,4.70098270977412,7.62685640227779,3.5399316575096,4.01441704470633,4.51018818397226,4.33658084859473,2.07451348964243,2.88666732931897,5.10793916447408,3.09925967059408,3.14831434471488,3.63433153234971,5.08674443312626,3.84941365057932,3.01037721139422,4.36873336316515,3.31942750290799,2.91231604190684,4.59290013412307,2.42317432627029,4.98111539210825,2.23490354497375,4.56817934882717,3.30253349093736,3.29482250715926,8.31630633103435,4.31176675692572,4.26555276826338,5.22928509717945,2.70076845489747,2.76474868605799,2.66648309606261,3.28209963429166,3.75670599157976,4.56137848075414,4.2348232505152,1.71177117331945,4.256641407,5.28326245008046,3.5320129642026,7.81463608346986,2.91956124872751,6.37878876735092,4.40660541722576,3.43017183154329,3.75228733345384,3.31376412601276,4.1494591233217,2.01176074920323
"kubo_15",4.22873946433505,3.28933489246629,4.17107432672666,2.08176050217455,3.4151809935538,3.11704437557979,9.33476146374435,5.03577498426424,5.60464058372651,5.57200299856316,3.15568939505802,0,5.46621628946525,2.83642617886178,4.7631577485259,4.65120138766443,4.77514293055318,5.84462515586606,4.64183903621576,4.20632813401156,4.11332538225494,4.47692339827622,5.53872177929832,10.0315423972927,8.13554551934231,5.79941663037269,5.96991414798891,4.13816735370127,5.10800160610829,4.84342240666369,3.22621236986784,5.11329610507061,3.94123311417394,3.25100376066175,6.99878922548286,6.25663155967005,4.1028956528589,4.56811036466975,3.13375311425379,3.52495246138617,4.46285187358619,4.11843403089914,4.72378806928013,2.73874999509992,4.14077891662013,4.87771180808599,5.84799402529495,3.05397265252656,3.81619355720551,4.4941689493164,4.80984786129519,3.53469824484692,4.72596106519709,4.76623122276406,2.92656891709385,6.70845844892762,3.27245552984716,2.91865344048592,2.3536792516262,3.00453779892624,5.89038270595673,9.27829926104339,5.54834515470005,5.87831409587332,6.04037126728193,4.99896739835934,3.17420135150386,4.55624972616855,6.39243972273246,5.39183857135765,5.12568763891314,5.14394016919327,4.95708578631535,3.82889403998286,4.61357037525765,6.54633083180866,3.74582881567413,4.22204156075133,5.69733416852668,4.09700370568179,6.97014085431227,2.98339634050784,5.81603328286488,4.43164237470157,4.88180801259721,8.55933160537163,3.2676837216938,5.81330889209254,5.41774620585699,3.60973878688553,4.26291759691229,4.22663729008014,3.64508916103759,5.59221928997282,4.32871724703543,3.71343460515511,3.19280895245023,6.19777583782317,6.44735078386138,5.20256395419529,9.41672753111342,2.7743718116293,8.42157893601111,4.224413555704,4.01519927161501,4.19340777664105,4.75059390875741,5.37894602437953,3.80704999687949
"iris_17",6.1595708854694,4.53713812309744,5.65623391565747,6.26066342894903,4.93345454645662,6.34317794931015,5.49625378625814,2.86157168041414,7.5853684197847,2.50956063584871,3.42689931702899,5.46621628946525,0,5.02871387275823,5.45942963608537,5.12499365645434,4.94807738081591,1.26281830464497,5.14165151687055,4.54609680069817,4.69716112295065,4.52241009482531,2.03325073028373,8.40999779422741,5.06418622886485,6.45438142349144,5.09785540335164,3.11819478582629,5.88117911642393,5.79455186688439,5.42570308541329,5.34895365997083,5.67418312788975,4.44029672942562,8.4578729335632,6.57410826941427,4.05608863225613,6.46192141258727,4.35755912768317,4.4613721227511,4.61676396785795,6.36493984115939,4.35436399251445,5.67426270515622,3.22358663186712,5.65978862621961,4.67348304998568,5.43264638441783,7.47829972266744,5.51223932669779,5.45073408160489,4.87528124942259,5.72696691200046,3.71684043758007,4.96364047051902,7.2266044202968,4.18305652354009,4.91291508932402,4.748517274144,3.710287833063,2.85053030836684,7.33509837897321,3.98132611821779,4.02179360259528,5.52032725280268,4.84140900544388,4.06212866680912,4.4824364610926,3.36610043010043,3.38021098094954,3.57207808759015,2.27825969676128,6.27673390665993,5.0319623757794,3.29833866055801,3.72352205367496,4.95415986991824,4.13980532693742,5.52634160446309,3.89258563104336,4.28774968026192,4.32466786325693,5.67498376389209,4.58864050926237,3.78849585666471,8.75998671129831,6.86546624657613,5.46386265754496,5.66443593937244,4.90578014628464,4.1079602153747,3.26222974624467,4.55598908427777,3.07996957280434,6.57325827851732,6.56694125902516,3.34035355407923,3.52539491436887,5.05095536639304,4.08932127601887,5.07286492350592,5.40241519681225,5.30969013328454,6.6239986572518,4.87181455197914,5.94935640741544,4.21379459906327,4.37651052987414,4.19097688932902
"kubo_17",4.03706933512722,3.35194412721905,5.22772505029491,3.54483311124425,4.96064533385672,3.51898790657916,9.42622246209605,4.85874676615243,6.94701402023964,5.52127122300371,3.32278685683987,2.83642617886178,5.02871387275823,0,2.92264373976542,4.41973924428036,4.26432587498796,5.42640182805532,4.10569182797724,1.9528588010433,2.88591103055247,3.88566582791616,5.19365476818571,9.92809603531115,7.64772941956893,6.00770747614652,5.5443684709379,3.86377575712776,5.07467579133916,5.13782187005453,3.1858295253324,4.57420084084809,3.96379680595596,2.1682024051058,7.68401909815256,6.19074776173713,2.91302625455925,4.89766867503198,1.516106851454,3.91866159782897,3.73386653087408,4.45893589580053,4.04110994739682,2.53137986598923,3.11964237194284,3.12740236932692,5.11794122526973,2.64098094590607,4.76843481796858,3.80858488149372,4.81787594619317,2.07998621533013,4.80183451572754,4.11722204336802,3.53440457521343,7.50960344405215,2.970715551945,3.19215888946384,2.48353246888199,3.35159170503195,4.96745925241253,8.51200492898731,5.33317824009727,5.84455673241045,6.00216693455258,3.86196432627569,2.68120573970367,4.06915589408415,5.45964198338405,4.93292728877059,4.95350250901987,4.24408482150177,5.34034764807906,3.18129789844336,4.23591339482677,6.47123060883208,3.38096204084528,3.05613342813395,5.39305458700016,3.28047430629193,6.93965969887243,2.42197001885595,5.30048536092129,3.15165372364931,4.01889069988685,9.26459303748757,3.9940277223401,5.02304227831868,5.33191836312207,3.71523469640073,4.12062467823871,3.62821303878706,4.15724817339593,4.58721915278224,5.05950244167149,4.08406642943914,3.4895717426843,5.1987263094091,6.12420705673822,4.88497485835293,8.68737736363021,2.97455616344427,8.028411292733,3.76034152166333,3.73250075895848,3.92483833203128,4.28636826981577,3.58347233129564,3.76325606235574
"wolverine_17",3.9571676666807,3.38801031743407,5.5725828661733,4.84333484383263,6.80439896964871,4.17379093180286,10.0594406903814,5.89191211904659,9.34406715491525,6.17571493021106,4.31712182796606,4.7631577485259,5.45942963608537,2.92264373976542,0,5.02829942368757,5.09906227653457,6.1223701771392,5.46102489650518,2.45818639320539,1.61508851665388,4.6580563431688,5.53679051272171,11.1309522319849,8.60525443407228,7.9623405825945,6.68051110814835,3.86814918011829,7.48765296541713,7.15555954303548,4.96340684229222,6.04207811501709,6.43281933127499,4.28992550128984,9.95543988590213,6.79152314519591,2.1775540711644,7.3909022462035,3.56709997432929,4.92959963156194,3.78284003899179,7.01493992006219,4.88202380540186,5.28445733699401,3.73769867177814,0.817143894704012,6.16324138247052,4.55160371329232,7.12891737368713,4.6754719420456,6.6611188495887,3.16522082727152,7.10975061273081,5.18643270560874,4.08261002411789,9.69653450813518,3.27026546086918,5.04017002278056,3.86080894109585,4.37242919686987,5.3548907841444,9.65524504253498,6.57254591367071,7.24022182634711,7.29437939769573,5.80910885546409,3.65599914853647,5.23284392844903,6.30489243523491,5.86007162589103,6.32783007240009,4.80766554982719,7.60978350305337,5.52289787988288,5.16443588252541,7.47125087943042,5.01341729985553,3.42884261767836,7.07510659092066,4.01446236163762,8.14069883655727,4.29270115255479,6.72238630364207,4.52854493877555,5.36340878952543,11.317551954958,5.59675421539512,5.95537569105953,7.60339928566155,4.996970409486,5.64073049408751,4.0433579989794,6.2356144204263,5.33746919182316,6.74189817020498,5.01848405149171,5.07147629257721,5.92751829303759,7.92990008447443,6.08585836683049,9.3543788887089,4.36347259845222,8.99621415682515,4.35169516904066,5.68586742068516,3.93790544621552,5.2007049388936,4.63857540629215,3.9659832402226
"hamlet_18",2.71238855099626,3.46548329627366,3.72595768266466,4.65193137377241,5.10853699112063,4.0800385992917,10.1474180735903,4.54928782656051,7.10400713726738,6.35982077217705,3.22570784297331,4.65120138766443,5.12499365645434,4.41973924428036,5.02829942368757,0,1.17673675155449,5.80192323651909,2.13947207960448,4.51837348702429,3.866103178365,2.23849716453453,5.88566015772698,7.06792768728714,8.71904149474692,5.27242269270144,2.85041821457231,4.031628405712,5.68062657125514,5.54616131963428,3.32506672840726,2.92010375704995,5.00293086479301,3.9228665541356,7.28005065257728,2.08814916050341,4.05277759862968,6.14653240328035,3.49906664728528,2.03443384604333,1.691485404835,5.6599885655094,1.6042467121626,4.69164401045698,4.30219741108526,5.62509820067477,3.20561545086563,3.46790103584127,6.37685165078703,1.89547779445488,3.20231034961592,3.66139765835775,4.70325410020808,2.93005050068977,3.93947329589556,7.44140230925338,3.97328509168113,2.90502505593358,3.21960507085325,2.57197828744729,6.21026324390691,7.01657820406407,3.7290980800194,4.98839047391693,3.03409739735998,5.27645142490664,3.21821897717275,1.72796267128418,6.9093397220652,3.52259648949298,3.69104336266556,4.83326087707542,5.27161842099652,4.79289633764625,3.28062806913375,5.83922263434171,5.31511304228247,2.58478038174004,4.15318429133191,2.24301765567849,6.47359058057483,4.08098999216277,3.66289968702187,2.73450361375303,3.52125086870575,8.59307136186366,5.23544358804966,3.39804208444671,6.19595903643137,2.13449646198937,2.91023646299247,2.64328741098173,4.5205494832466,5.78058335477765,5.36363200606757,5.2917864465333,3.69372741692627,4.517480184639,6.23449750906584,3.81212947052143,9.09357072879026,3.98828332129927,7.16104480729099,4.03894829597058,3.44563551621967,2.46053530802159,2.35611906449028,4.92388300194544,2.63360074798844
"hera_18",3.23729017158251,3.84213814142434,4.0238703639611,4.9330960091187,4.95797055053414,4.43849070524538,9.8495895362901,4.08114811262831,7.02587976457438,6.11655486618101,3.22897224893587,4.77514293055318,4.94807738081591,4.26432587498796,5.09906227653457,1.17673675155449,0,5.47704795750716,1.51021362738691,4.14219407698602,4.13295884932573,1.85663348875018,5.706832832751,6.61532771058369,8.23511332997148,5.21482099567476,2.20400447878577,4.11840829931531,5.33064015821879,5.38605786198264,3.45431624619173,2.26993359466852,4.82083550699461,3.62231389103353,7.26606911780551,2.5911132997133,4.15105295475739,6.02490445490146,3.21822532532964,2.04570682728427,2.132101614737,5.51600503149217,1.12081680309968,4.47416766745247,3.87656310084652,5.71221959331062,2.41126763020841,3.3615188384047,6.53746298500798,1.41637715821543,2.81974212397597,3.23591629215204,4.27143713835977,2.27208862164307,4.07712303907473,7.3015041400604,4.19523344690497,2.68042549135762,3.23290622085875,2.70372141690546,5.81625802870887,6.35971378818398,3.17937215452827,4.41131756556725,2.62244049841602,4.73816181865126,2.88965452564378,1.11098552503091,6.43081045135662,2.86449791181235,3.14845522139182,4.41641488978799,5.03613028789266,4.44644304079048,2.74360955672519,5.27070512545195,5.30519469681418,2.33165767958663,3.44497658661657,1.85826887113342,5.9136993651889,3.86968887526254,2.85008719986518,2.11037876943076,2.78717166182999,8.50934371425619,5.564737098189,2.63333351651886,5.89498621064983,2.26379125167506,2.47367033994217,2.60035260131839,4.28440127194272,5.23915765670278,5.72999245900431,5.79585192296052,3.42730810086962,3.95100126617164,5.72243865014845,3.04891282058749,8.59232524573586,4.13564733561669,6.57680514555875,4.03418432610436,2.8193445551486,2.88030546730651,1.85988163828745,4.31357829465125,2.71546681331379
"iris_18",6.91898629847889,5.13706082827201,6.18330443899242,6.73744733602161,4.94625049190555,7.01868105051564,4.89819172917009,2.88521868485456,7.48959199378107,2.42529477549098,3.99257429013764,5.84462515586606,1.26281830464497,5.42640182805532,6.1223701771392,5.80192323651909,5.47704795750716,0,5.52159216020352,4.86775089728309,5.44991653920366,4.93087236992349,1.99209432855053,8.37355571631011,4.05259946533904,6.67195332228509,5.39727355355978,3.75089983947862,5.75590441682486,5.96035492572811,5.91339453658942,5.59936680511991,5.74562608895207,4.66870567036474,8.50537334778264,7.19625642660916,4.71014553880268,6.45474346696852,4.72388008087645,4.97358836090369,5.35344304326274,6.4171447911676,4.850176555958,5.86474801300208,3.50034336041517,6.26229303759187,4.89942206865477,5.83008763309776,7.72409110712831,6.03982563860411,5.59845302290794,5.32873256254456,5.6917469718196,3.93319765185574,5.51665858723192,7.03104563396323,4.64201352287562,5.2699631883586,5.2392983697055,4.31874406988509,2.54873297435533,7.13292632694007,3.95391771874547,3.66038381970088,5.80438856895017,4.69349688645447,4.54276205600505,4.8711517860471,2.79937272400135,3.57371988249005,3.63333725281663,2.2819350226611,6.27211262117709,5.05729011562931,3.54629719674397,3.32786053890456,5.22364772659448,4.67571146897147,5.53983588475601,4.39834435695788,3.86196652985506,4.59525981788483,5.79281469190608,4.94497737892997,3.86623185560729,8.59189517809223,7.38578748596299,5.69635464585655,5.44427121374561,5.33397636148558,4.29218596319898,3.86158917271491,4.57688412327331,2.75380026727487,7.04411187850612,7.20690314064798,3.51803800396251,3.56904456186506,4.6216086305276,4.1496460902515,4.27533917385889,5.82055610611669,4.89253573390569,7.12641853559469,4.96449680868532,6.68599345020545,4.60687249890559,4.35610994074203,4.87504004452102
"jarjarbinks_18",3.97586022945304,4.28660398925519,4.59110913423988,5.04647389536274,4.6769151146729,4.80995439049759,9.82518269174229,4.1432119793702,6.29711538751972,6.27374298189821,3.4780195381879,4.64183903621576,5.14165151687055,4.10569182797724,5.46102489650518,2.13947207960448,1.51021362738691,5.52159216020352,0,4.18341304196918,4.5762007914647,1.93670899792626,5.83115603911741,6.4476660489409,8.06988929580822,4.59671621768384,2.13201509320337,4.52665125685246,4.49745934821893,4.68589826713916,3.26060610735715,0.981318314587424,3.9902694337066,3.18806280588987,6.54221450351899,3.242285667934,4.5326373772567,5.17234503394602,2.83261656434121,2.54628935730477,2.77667916231535,4.64208846272999,1.7754923859731,3.82936238247705,4.01927578436556,6.01470843754726,2.39381364190327,2.60898136996459,5.9056192816621,1.73409969656249,2.58887142875184,3.48376006334228,3.13452434446497,2.5110962200447,4.53755335462473,6.55163898201339,4.49503692567558,2.8070278208371,3.52569457383538,2.93145179138969,5.83986916013623,5.91198961477087,3.21843327088264,4.40597070682391,2.63151812758642,3.9306821781352,3.24575260016203,1.50800439877143,6.23389524105256,3.07766551597356,3.09023147530615,4.52739602623845,3.86225807276515,3.52763981796016,3.10440204798507,5.3244452332423,4.91978572436929,2.71214502395105,2.43794866853676,2.35605214190939,5.7347832539666,3.59071309588053,1.81922595779787,1.75712138240104,2.67210618168564,7.76593534199087,5.30812001052086,1.9019209085161,5.0287995639396,2.62300021591785,2.53762725590284,3.04031028413528,3.79155482146508,5.10495580917571,5.33197855263544,5.73000185935137,3.36728753403508,3.87101454831599,5.06759647000674,3.14885649762202,8.44756804708466,4.25674478182157,6.4828739582453,4.55807536260603,1.86373981565566,3.66779960539907,2.25960186229852,3.98121090188781,3.43029289001775
"kubo_18",4.44527838516099,3.45390616418392,5.3784607751554,4.83132364469564,5.50012852572075,4.5345866852374,9.0316797977223,4.43675964082382,8.02042163037041,5.23447058909964,3.4856995127205,4.20632813401156,4.54609680069817,1.9528588010433,2.45818639320539,4.51837348702429,4.14219407698602,4.86775089728309,4.18341304196918,0,2.58014875784047,3.49588785460568,4.70511243036498,9.6102563821324,7.01343895514196,6.73209719462372,5.30659353904315,3.67538974400142,5.7979546695585,5.90468574640013,4.19981321387652,4.56851615999772,5.03330758810443,2.56519053565641,8.70964405882549,6.34096704525766,2.511904589606,6.09555900778581,2.06659215932684,4.08347822977638,3.5934074528845,5.70600671256742,3.77081432535142,3.99703891737182,2.29104272586063,2.73867729182107,4.58855236688827,3.63234670624854,6.49891250244382,3.83284510144464,5.08063165586772,2.00910111138755,5.42392837128235,3.61526322906764,3.98616923748712,8.27523257600716,3.00242480927115,3.90976100208033,3.26003355505232,3.65566833009214,4.1421118899693,7.89824437516775,4.94348337076676,5.47704507964125,5.95772884704434,3.87577435158803,2.61928561011866,3.96250231403626,4.81688181058321,4.36595655196093,4.76821172076365,3.48131126840005,6.16336761943648,3.89199850305343,3.75335929659083,5.88323015443306,4.15180386956073,2.54879138525239,5.32574333576096,2.79556674146159,6.52455583994999,2.95402092215612,5.08993632002874,2.98787331634552,3.47280638282123,9.93538067409069,5.46812748948589,4.52899897731501,5.96264701390661,4.08681764179503,4.05487168465318,3.32364140270056,4.77344743658919,3.68646589426426,6.29768464388645,5.36478956455732,3.70916664446351,4.37401573642142,6.01389302584693,4.36031402972733,7.91404525475784,3.69045131827846,7.35785718385939,4.19690084301926,3.94871655135805,4.23870562232631,3.97906180288747,2.61801997880269,3.61844137047145
"wolverine_18",3.20866514551295,2.1956276215583,4.54015264406615,4.27636066891945,5.87259073483282,3.71227059943198,9.63537530484317,5.03187685997706,8.48449975777892,5.68206498088537,3.2413197904784,4.11332538225494,4.69716112295065,2.88591103055247,1.61508851665388,3.866103178365,4.13295884932573,5.44991653920366,4.5762007914647,2.58014875784047,0,3.61908064661279,4.9934299248002,10.1105687192062,8.18357782290228,7.09274065375325,5.69645271503202,3.09713006268782,6.78742666087097,6.44296273094994,4.1953846084873,5.1861656253109,5.75281902161753,3.62609799195999,9.11618428420178,5.65812989988344,1.70260925158197,6.76256485432061,3.0193429394236,3.81210748717815,2.63272093215936,6.38609372213412,3.85377061146718,4.84964883163395,3.20426992248389,2.03665340031849,5.2880628049289,3.91466397438223,6.61262806686715,3.93963829134689,5.64697032181273,2.96932754660247,6.32234834859936,4.27664592216332,3.35786908532264,8.80002039561087,2.25666294828049,4.2140518876595,3.12358391216049,3.14815123166187,5.09520874007776,8.9321289129622,5.56165480578151,6.3352621196187,6.1900702910419,5.35662561226927,2.96812970835114,4.21270205935032,6.07887937917523,4.94766953844293,5.34874640162251,4.30055790798067,6.78508655822722,4.96353331625825,4.30281149717297,6.63161597100924,4.55616012529419,2.63338095368984,6.24709531370524,3.00491789456186,7.3350319090856,3.69551771418145,5.93040632706358,3.84518474177614,4.59065940931805,10.3403523263396,5.09155326610995,5.21774069042258,6.92265340622903,3.93209345080997,4.61105151817222,3.04760177310825,5.37157676959182,4.96210423814946,5.95666067371338,4.46848613889743,4.14114798578765,5.21603605137261,7.15994567904496,5.24569148375197,8.95032374007139,3.58783350682009,8.22289784648997,4.07648088686556,4.93722496845588,3.1770536673172,4.24814677779182,4.39065283762719,2.84903502107058
