"","buddy_16","buddy_17","ivy_17","padme_17","buddy_18","ginger_18","ivy_18","franc_19","ivy_19","ginger_20","buddy_21","joans_21","franc_22","grogu_22","henry_22","joans_22","marshmallow_22","franc_24","ginger_24","grogu_24","henry_24","ivy_24","marshmallow_24","henry_25","ophelia_43","goose_44","iris_44","jarjarbinks_44","lambchop_44","hamlet_45","hera_45","jarjarbinks_45","korra_45","ophelia_45","goose_46","hamlet_46","iris_46","lambchop_46","hamlet_48","hera_48","iris_48","jarjarbinks_48","korra_48","kubo_48","lambchop_48","ophelia_48","wolverine_48","iris_49","jarjarbinks_49","kubo_49","ophelia_49","wolverine_49","jarjarbinks_50","korra_50","kubo_50","lambchop_50","ophelia_50","wolverine_50","lambchop_51","goose_52","jarjarbinks_52","kubo_52","hera_53","kubo_53","iris_55","lambchop_55","ophelia_55"
"buddy_16",0,23.6163929825648,22.6920888387289,29.901224489992,24.5399261923058,19.5907317404959,27.9627116736337,23.4663609201996,28.1119825626176,20.5717429237908,21.345837911078,23.8938999350491,23.8326848590235,21.1945334016854,21.1947671790086,24.7359228060125,19.3743546984239,24.4564632085677,19.7266391558555,22.6295397975438,21.2476254717367,31.4216855629417,23.009472792922,21.5392177072467,26.6664128784194,23.6022105655302,27.1692033180695,13.1659805204766,21.6849886316012,21.8440993491585,24.4738727312247,27.2538524614623,20.6757331655279,26.1593217783126,21.0591071347866,21.5189884571893,27.1308047101116,20.9221385615105,23.3704731129857,24.3537092524523,27.7814846424048,22.149196274134,21.5260917641842,24.1438742381833,21.2172340021275,25.8724858399813,25.3318199929744,24.8875453343026,23.094975525957,22.4554803564882,25.7992659164511,25.7945200698873,21.2135625503898,19.4589037936288,23.6683125641891,22.4195600779172,26.9980808611337,23.8290082695272,21.0609196622908,20.1743881084479,20.2502263966488,22.934552936099,22.7859823982287,25.2575122108194,25.8816836526077,20.1681933975571,27.4305701192857
"buddy_17",23.6163929825648,0,15.3114624154856,27.9577574126673,18.877581765093,17.4371217980326,21.6182115386978,14.8792422654922,21.230855444552,17.0078096572818,11.4665739957664,20.1654293007366,16.7525826359052,18.5587203393676,15.8561892627252,16.8819617146835,16.3836324651703,16.1559427571758,16.1467783473948,15.7970589035713,16.2751641650234,23.3071292898571,18.92922867148,17.0619390055843,19.5452571713371,17.179497492711,21.0265499696987,21.217448002281,15.8330600392552,19.7436279400904,20.4830983790418,23.0783731411103,17.512414074915,20.6572728828449,18.4190578083965,19.2873810117934,20.6507953636108,15.4743812349788,19.0206516157288,18.655001565943,21.3819838517335,15.1038646179671,16.6574350377153,17.0918902685737,16.9466481849095,21.7723362650773,19.4367348049034,19.9866395589673,17.6793048884305,16.7258500917762,21.6233159215548,19.9513763278342,17.0868923346283,16.2197629208517,18.2948890566988,16.3213465890378,21.7831024710098,17.7232923561207,15.8262115645911,17.587078808062,15.6445252203061,16.5080077065405,16.6684245213143,17.917397083621,18.5347004808428,14.9376411821833,20.9579209623587
"ivy_17",22.6920888387289,15.3114624154856,0,27.7609781895443,20.4339465143987,18.2072401845909,24.0038403688404,7.48173752958968,22.9650136612397,17.0365214564281,17.2014135267406,18.6072372981607,9.04613022663297,17.9466655771808,14.8747486455319,17.9002992185787,15.4925658122664,9.64987924997362,14.2762528297834,14.1762907085693,15.0790040245038,24.228991939208,18.0911607631819,16.1015959520327,19.7073871998087,15.062730885574,17.2558390951221,20.605054138042,15.4064066041569,19.7729836722046,20.4412126486554,22.1947821647371,13.9519929255532,20.3583141173023,15.2728291998459,17.8921205500361,16.8250478111604,15.4345084269797,18.3764937691011,17.6196672451974,17.7971441599295,13.8370531692076,13.2275733070463,17.0692489202269,14.4275657988236,21.7101287699666,15.4164967403799,14.9233819249198,15.0362439695373,15.2228719048503,20.461267666168,16.2148532646624,14.9515085352972,13.2988054421404,16.0917656882531,16.3631692402461,21.2196950907548,15.1006352330955,15.5799375164513,14.9501997144496,13.6161414545581,13.780945458755,16.5909329579283,16.7358236990263,14.9561470129637,13.8029733696988,20.6930192275123
"padme_17",29.901224489992,27.9577574126673,27.7609781895443,0,21.4441746895895,29.3924506000614,31.7313786062076,27.9674650747626,31.8873680352219,28.9056706403486,29.1467820658576,27.0008783271632,29.8504280968122,23.7356239591485,27.9457323949127,28.560610333736,27.9717923133565,29.7211533912933,27.4255089569603,27.3978949167374,28.22333929488,36.2918464899884,26.410268848302,28.0549535207757,28.9183381859136,28.9608827731454,32.1542811354912,27.7438957623005,26.993194397514,30.3657604786005,31.1142283334096,26.096217705269,28.7090730170196,29.0859768314746,30.9146968847145,30.0066464914228,31.7670971825385,26.8615621105891,30.5923297927734,29.9705229953341,32.0460032465012,27.608177067167,27.9084778621923,30.6361230249129,29.0517081624007,30.6455220655023,29.4019512843088,30.3855695809641,29.9973770835823,29.8420540035695,29.7047048015502,30.5627543029131,29.2979527779403,27.2029686043547,30.8290510787271,27.4032621013973,23.4354816131002,27.3289627604274,27.2349271500976,29.4657183907405,28.6452588585743,27.4513063869734,28.7436426348891,31.148579100867,30.6451043862205,25.7100744491884,25.5727001175407
"buddy_18",24.5399261923058,18.877581765093,20.4339465143987,21.4441746895895,0,21.9560273902164,25.3126993642142,21.0884531498097,25.3333714730954,22.2093120420718,19.8983490745015,15.9920012823852,22.3671118625019,15.0454837968303,21.114583784054,21.9300926091338,18.9893952587173,22.4991307849128,20.5680148081165,18.3174890292054,21.2231403827821,29.2353829338106,18.095214119738,20.9759573003319,23.1528862646583,20.5914382539242,25.5621792243403,20.312320678803,18.7938426763019,24.1489772469584,25.4355820284098,23.1524034286494,22.026581381488,23.9596887122814,22.5622561261495,23.6012624401031,25.1660418368992,18.3527903964226,24.2731722976471,23.4070404019481,25.8062476990858,18.7195736659227,21.2719452956849,24.0631921390199,20.6210450680281,25.5336801343431,22.3159845866239,23.8328782102051,21.7153495124638,23.1887957017164,24.2227744760417,23.1091667176112,21.4267902757158,20.435099337159,24.2495044379181,19.1904740440229,19.3293360152721,19.5694152754221,19.667060359614,20.7614516151891,20.6461175773481,20.8834050421161,21.3929453344438,24.6860826345608,23.8072138895663,17.9758071134672,23.3894173803957
"ginger_18",19.5907317404959,17.4371217980326,18.2072401845909,29.3924506000614,21.9560273902164,0,20.2028820285861,18.3043046161378,19.3313716228817,10.5556013425118,15.4113466220858,20.8497395391526,18.3852470524891,18.4783375820703,14.3818649948252,19.0656770522789,14.6161523246769,19.0929121977233,12.0218957868215,18.5373621557917,13.3589699765034,23.4750882740316,19.2405058582294,15.6881664927262,21.3847096147911,17.870268926247,21.4172711754317,20.9055238696501,15.7110425519811,16.6955497449826,19.0118883211773,23.0574589735715,16.9434959566652,20.6090513926159,16.3035695712111,16.1990219997112,22.026699484292,15.7240267739558,18.1015151016177,19.2301831018416,22.2446067418708,18.6791640549571,16.4413750865998,18.1385757670133,16.0991549553642,20.6720202110248,20.3540818090119,18.6361563831577,18.9706521797224,16.2333009896473,21.6287037131232,19.9345829767057,17.5722335928569,14.4145385951517,17.5145380956499,15.8129247658842,24.185271592988,17.9313320272708,14.64613506326,15.2407539547606,14.972738255076,18.9001238694105,16.0334554405853,18.5518477258208,19.7624600881537,14.9473768646478,22.4775712502075
"ivy_18",27.9627116736337,21.6182115386978,24.0038403688404,31.7313786062076,25.3126993642142,20.2028820285861,0,23.3565911654176,10.1176435445184,20.1530384278381,22.0190622004084,25.7142940125309,23.6266441011959,22.0416384962066,22.0957945210705,21.4523188052004,23.9154049151218,22.179793235391,20.3259025502022,26.2319027011007,23.0582578467647,18.1387726430263,21.7826089063228,23.5333574698807,22.1280426335573,26.2449859055494,21.3016159921246,26.483560121604,22.2219418011688,19.9298989596089,19.9792644646765,25.2411385690292,25.7790342851887,22.2080934881844,24.5975318093007,21.402812015152,21.5616836567525,21.5326288411053,19.6535658879589,20.1306886635636,22.1870377500758,25.889923721396,25.4852147127493,16.8554903524582,25.4920631169853,20.3469274353921,20.0002738801234,22.2925915598898,25.4447922486359,17.6460932019604,22.1411532694282,20.1751699376405,25.9941789758426,23.9291456102806,19.6278915374228,23.0644564673054,25.3506029625268,20.2442324718576,22.8440729824302,25.0780987558252,23.8808050351941,24.5004830104203,20.6697308648859,18.6069252032575,20.4679247043479,21.5819684409021,23.9523777492698
"franc_19",23.4663609201996,14.8792422654922,7.48173752958968,27.9674650747626,21.0884531498097,18.3043046161378,23.3565911654176,0,22.0687311373196,17.2154939211925,17.1949063591746,19.8046967142595,9.49767827974949,18.3415909096562,15.8245535492584,18.0501132108584,15.8013511785887,8.35648028444268,14.0997173114552,15.6385800581666,15.8591299366126,23.652318175678,18.7013025335058,17.3622871174186,18.8594088419018,16.000540709888,17.2710546909608,21.6988660069676,15.4937761952306,19.9181984458822,20.8949136820061,21.770747132206,15.2547090189618,19.8388007234954,16.7044266255957,18.2258918668149,17.256551855441,15.4673354338054,18.1177109441824,17.1689019650163,17.7663689431842,14.967309713348,14.2180895004462,16.2638809105417,15.7970294356209,21.6114554860155,15.5250337333293,15.2294356169079,16.4036133139151,14.3720227519128,20.826439615345,16.8027398158188,16.2947801312349,13.5829758462566,15.5018421656425,16.3568453276792,21.6682080480066,15.1573986442854,15.4171978742893,16.2576039609122,14.2437244815591,14.3125783005077,16.3172124801374,15.7956070759276,14.2073755108822,14.0431484187836,20.7019014443027
"ivy_19",28.1119825626176,21.230855444552,22.9650136612397,31.8873680352219,25.3333714730954,19.3313716228817,10.1176435445184,22.0687311373196,0,19.0365299582179,21.3917307051017,25.2233388679677,21.8525868894777,22.0208619018686,21.6734396435014,21.1087738510661,22.4922944255417,21.0968459523991,19.2300958012544,24.9625662388812,21.7324335549557,16.3491203597075,20.9479638946876,23.2459924562962,21.7018986394946,24.3357329181698,21.0380353665189,27.099560391553,21.1566255900433,20.1641370501601,20.0690303520388,24.8312874078236,24.7261286569215,21.5821918970652,23.6136285109969,20.7958855194348,21.8050964988135,20.9037576670551,18.9663235043636,19.3097673248207,21.7564908859442,24.8114937653686,23.9158241252999,16.9087176036913,24.1339761803176,20.7051095154069,19.8955860313289,21.1323053521134,23.8556781006936,16.6781384924866,22.3766559895062,19.6140913113694,24.4659179557737,22.6561108437593,18.7961322998916,21.3031524131705,25.7620560495421,19.7166908465418,21.1326032217375,23.757619011541,22.1752641905637,23.9912887931705,19.3779159559627,17.6846142453548,19.53804126136,21.060856150231,23.8069994364465
"ginger_20",20.5717429237908,17.0078096572818,17.0365214564281,28.9056706403486,22.2093120420718,10.5556013425118,20.1530384278381,17.2154939211925,19.0365299582179,0,14.8669943591195,20.8196489290903,16.6496983100212,17.0513707667609,10.7846700949221,16.7435539749302,14.1594635691235,17.3176729114861,10.9425217665518,16.4620593878349,10.9398705518048,21.0519346884219,16.7780367151582,13.5285482750738,18.9657179180051,17.1818424729532,20.1448081526134,20.3012392975885,15.1883942696335,15.4506474175048,16.7825251137348,21.3527584753343,15.1460204525118,18.1605701958292,15.4070971767906,14.527277909079,20.1224407393295,15.1991404637412,14.9214083849764,16.0595534766285,20.5195176269905,16.8834019339554,15.060108051373,15.3567023524534,15.4392046766613,17.9876220488156,18.9779898803298,17.7292655900649,16.2489368402174,14.4340746937316,18.4264441379336,18.6070822926118,16.002750085533,12.4245378700144,15.5775518769465,15.7779577572921,22.1331052623609,16.9937978386078,15.0614056353194,15.167766097782,13.499117215078,16.22344271662,14.4022094292991,16.2763288308145,18.3641128747089,14.7284557780102,19.9514224860258
"buddy_21",21.345837911078,11.4665739957664,17.2014135267406,29.1467820658576,19.8983490745015,15.4113466220858,22.0190622004084,17.1949063591746,21.3917307051017,14.8669943591195,0,16.9258565872887,17.6002246448255,16.6300403871839,17.4217784213918,18.8289591215363,13.7418141879357,18.0100951997308,15.0960545472757,17.5024335714637,17.6555918478318,23.4629876300161,16.7997381316851,18.4742340726576,21.2194571727722,17.0881602794939,20.3659687428478,19.7998467389227,13.8085312608836,17.7424894660112,19.3518818318305,23.4894477295347,18.6135526345699,21.0164696792692,14.6206527658621,18.1650861447939,20.9942058105377,14.1005210011449,18.2470824452216,19.5480608603252,21.3225208021425,17.7588202825748,18.4814249604106,16.7557706049592,14.9894961188923,21.0439612477813,20.1841432562751,19.2790100678943,18.659253476959,16.2262678378932,22.3728265679413,20.3520400409978,17.465847439242,16.6327143423553,18.0571106299245,15.3306478091672,24.6757816590787,18.8416691767378,14.2330453376332,14.4889957874148,15.6082055053994,19.9045758000721,16.476881170254,17.6294078459493,18.5290105642675,14.3117110046705,22.68013197156
"joans_21",23.8938999350491,20.1654293007366,18.6072372981607,27.0008783271632,15.9920012823852,20.8497395391526,25.7142940125309,19.8046967142595,25.2233388679677,20.8196489290903,16.9258565872887,0,18.7499351481549,16.4062851734554,22.4577813127471,24.0728856576334,17.9902799442383,20.1198633711194,18.6441900802972,20.5590440761707,22.5781274278475,27.6229380205574,18.4952312833385,23.2219480179668,24.625516761534,20.7071112786418,20.7836476197413,21.3372207085326,17.078029256769,24.1731025302024,25.5056597748543,24.7809014950633,22.8699223522096,24.2752760731242,17.7814878935796,23.7376843268477,21.5889526054766,16.6106480735088,24.1510313250001,24.5459932307898,21.4050505641625,21.6417782790076,22.7389422909303,21.5534693075407,18.0895698805912,25.4765837870842,21.0550403470558,20.4269305170084,22.3334454103932,21.1127382851671,25.8644612263833,21.2894461413265,22.237480023167,20.6708705545287,22.961205441116,17.9194346653906,25.2710254628124,20.3347315602487,18.4182459663835,17.6740702132564,20.8674280609613,23.1585464270455,22.8203409921873,23.1765258840206,19.9527259569071,17.4582522111713,25.7326186294097
"franc_22",23.8326848590235,16.7525826359052,9.04613022663297,29.8504280968122,22.3671118625019,18.3852470524891,23.6266441011959,9.49767827974949,21.8525868894777,16.6496983100212,17.6002246448255,18.7499351481549,0,18.7334670084985,16.5303553393681,18.5918468549027,15.6480473486645,9.52917297145338,13.7762143039313,15.3949429112858,16.5866082025782,21.5399883459943,17.6095604578156,18.449219552124,20.0155052212415,14.8287447174779,15.8461266911218,22.6613280652482,15.3047097068239,20.0945095669876,20.4030959751326,22.5937031649493,15.9014867292509,19.603016021522,14.7223312780319,18.259992654974,15.7223209101503,15.8005188505065,17.9361374236547,17.4972571064154,15.8237556713483,16.1205500073118,15.6294557467453,15.2124460831444,14.1958160516425,21.2738209070832,15.8073139138638,14.0534886246414,13.7969578638455,14.2026951209386,20.7333247858719,15.1938160223618,14.76478704616,14.2206548330046,14.2274217304855,16.7342832811755,23.6559106493242,15.3404993415328,15.926904092444,14.8794886097106,14.0327444570144,16.1175363594679,17.4083182606783,15.589665343663,13.8962636656867,15.755634538503,21.1287456030365
"grogu_22",21.1945334016854,18.5587203393676,17.9466655771808,23.7356239591485,15.0454837968303,18.4783375820703,22.0416384962066,18.3415909096562,22.0208619018686,17.0513707667609,16.6300403871839,16.4062851734554,18.7334670084985,0,18.6936534153366,20.0603144050307,13.6438710558212,19.0363493729304,14.8205274374926,16.8818596427321,19.6491074736092,25.5730994023682,8.14953032573081,20.4619798982811,21.1622479847964,18.164191171283,21.960613512703,17.3486135238929,14.117256361974,20.0123258833088,21.2993919794759,21.3280164587909,20.2233274389909,21.4739071293258,17.6288782213881,19.6798517932024,22.326191925991,14.3899439660662,19.0394325797536,19.4457387647453,22.2042628828232,18.6034807975165,19.9586021875351,19.0160427942921,15.9941074635191,21.6168835289815,20.5566323944347,20.4633531331657,19.0268140690932,18.1245972834952,21.4599206706766,21.3406451834217,18.0619568742773,17.626952517044,19.6918040888494,15.1099785875278,20.9003634458669,18.7854632112329,14.6612294020831,15.7714970135042,16.8078632203802,20.5147125334275,18.7184672584308,20.2579276002612,20.1471455982644,14.150733663914,22.6689536583352
"henry_22",21.1947671790086,15.8561892627252,14.8747486455319,27.9457323949127,21.114583784054,14.3818649948252,22.0957945210705,15.8245535492584,21.6734396435014,10.7846700949221,17.4217784213918,22.4577813127471,16.5303553393681,18.6936534153366,0,15.2863710226553,15.9218273631788,16.4792029028182,12.8165377665819,13.5698912279882,7.0202374892568,23.4429027841439,19.1129426311135,8.08857185483246,18.1447998432273,16.5616541223003,21.1985109623345,19.356605829025,17.155700789105,16.4019012165093,17.5212843898886,21.1276804057774,11.5327552088543,18.097426650728,16.5012104731977,14.8382499702224,20.3336525329925,16.7302795702281,16.0173950134672,15.6126299378484,21.5741442759259,12.8538011420005,11.4203084696676,17.4675269299367,16.5030826113161,18.1245316398733,18.3098983696285,19.1793314719253,14.5701556736082,16.0215893267446,16.6979887538876,18.2527525322217,15.1063787291098,11.0483468859297,16.8749749555795,17.9470931545213,18.7337736786209,16.4880862913447,17.6403008242474,16.9124831251308,13.3284288922491,11.6535864508424,14.3047856286393,17.993107628699,19.8051111437694,15.2971858783033,17.484884497883
"joans_22",24.7359228060125,16.8819617146835,17.9002992185787,28.560610333736,21.9300926091338,19.0656770522789,21.4523188052004,18.0501132108584,21.1087738510661,16.7435539749302,18.8289591215363,24.0728856576334,18.5918468549027,20.0603144050307,15.2863710226553,0,19.0896094511735,18.0577893254894,18.3573499818314,17.6185891593096,16.1979051506828,22.3824032208526,19.5182072500295,15.1726623416102,15.9096496210811,19.4862210257441,21.7471374303197,23.2456524133093,20.34340059234,13.708329955943,13.8967569803187,19.6879358142478,16.2640240089369,16.3766936845087,20.9647130448727,13.4931200453294,19.5394339416581,19.9965968966698,12.6721719631635,11.3663103767171,21.4946843974556,16.7150073685097,16.3216153621602,18.0729679482029,19.892058240712,17.0403942444162,16.500705062467,20.3871044639562,18.6063802990199,17.420980581624,15.3984025424116,17.0250193996489,18.4029434088172,16.4305433308648,17.7298952954899,20.8752919753706,16.9494150883979,14.8303897750945,20.1732039987043,20.0594506071519,17.2293248111276,14.7584232703812,12.5607081624434,17.2343208793295,19.5715308644949,18.9431915539247,16.1932444067671
"marshmallow_22",19.3743546984239,16.3836324651703,15.4925658122664,27.9717923133565,18.9893952587173,14.6161523246769,23.9154049151218,15.8013511785887,22.4922944255417,14.1594635691235,13.7418141879357,17.9902799442383,15.6480473486645,13.6438710558212,15.9218273631788,19.0896094511735,0,17.0451182775898,12.2226127314984,11.81715071204,15.7132976335099,24.6729335425807,14.119389093865,17.7757148554784,21.2904591891865,13.400976576142,20.7466342588379,16.8491731705892,12.8074182353497,18.5766336427798,20.2758570837695,22.7674241567356,14.658694033351,20.7686252507051,13.2893170129549,16.7853468240756,21.1697728169146,13.7022888519741,16.7475783582995,17.8860423778011,20.5858583376861,14.0475352521912,14.2714530627449,17.5520410097378,10.1078346957856,21.6072349575208,20.0387536926915,17.1827143894019,14.0852368058197,15.3615482060287,21.3984102950911,20.112381218552,12.0442887622628,10.8354222734508,16.6213713918385,13.9025742535275,23.6701852956369,17.8080010592056,11.9703351872209,9.26915949298994,9.84112322850331,16.7229192976622,16.6044913797407,17.9730217936194,18.4905625542845,13.6943016963613,22.8021155872656
"franc_24",24.4564632085677,16.1559427571758,9.64987924997362,29.7211533912933,22.4991307849128,19.0929121977233,22.179793235391,8.35648028444268,21.0968459523991,17.3176729114861,18.0100951997308,20.1198633711194,9.52917297145338,19.0363493729304,16.4792029028182,18.0577893254894,17.0451182775898,0,14.663267406086,16.8456191609794,16.9707036757328,21.5812463529669,18.7669108745076,18.270170012861,18.6495538080863,17.7289637674394,15.5329986785891,22.4290705687918,16.7311376918292,19.704084180105,20.3536913616676,22.1552834894299,16.7464345692884,19.1793560413531,17.137814753895,18.4571067782165,15.6322057237626,15.8431371628751,17.5521964954072,16.6505685382952,16.3070355495596,16.6410831439249,16.1143441534777,14.6259565314705,16.7448870700711,20.5866802646588,15.6344792135557,15.3230058679078,16.5967158981567,13.4100144141343,20.2772679681229,15.6213751440848,17.1761874445709,15.5625952284228,14.7981544778863,17.4640654073373,22.6949320993406,15.5134074652275,16.8870046297876,17.2288718375965,15.8123282818594,15.5081769838952,17.7578925767455,15.2875250578225,13.8544623670054,15.6794133563132,20.6491793597319
"ginger_24",19.7266391558555,16.1467783473948,14.2762528297834,27.4255089569603,20.5680148081165,12.0218957868215,20.3259025502022,14.0997173114552,19.2300958012544,10.9425217665518,15.0960545472757,18.6441900802972,13.7762143039313,14.8205274374926,12.8165377665819,18.3573499818314,12.2226127314984,14.663267406086,0,16.0291342135586,13.3113668091553,21.8159545448089,15.6557735835588,15.6529108108357,19.7406261657744,16.1410825995678,18.3886816792451,19.4315427841068,12.0473205441626,17.721065243026,19.3682683920386,21.2311967088072,15.9116971051076,19.2651446846236,15.2914485524441,16.3729416492143,18.6288811103684,12.0819929243947,16.6440052747717,17.4013170400173,18.4974471938732,16.6239938517171,15.3598618035905,13.8057404830334,14.3018992520741,19.8311941082876,17.4779252760451,15.4420940883137,16.1626705418918,11.9258832306603,20.086349733826,17.1470916537513,15.4311508554822,11.9854196886065,13.71328262348,13.1493535767849,22.4503738701538,15.230946748086,11.7624467342943,14.1717674188179,12.5041636745838,16.33992763262,16.1974790619207,15.1908593535712,16.1703996293303,12.1429775826049,21.302811994887
"grogu_24",22.6295397975438,15.7970589035713,14.1762907085693,27.3978949167374,18.3174890292054,18.5373621557917,26.2319027011007,15.6385800581666,24.9625662388812,16.4620593878349,17.5024335714637,20.5590440761707,15.3949429112858,16.8818596427321,13.5698912279882,17.6185891593096,11.81715071204,16.8456191609794,16.0291342135586,0,13.6538103142102,25.837850814791,16.6034826824625,14.6141168650536,21.0915301726807,12.8076510138683,22.897281030447,18.3958496150963,15.9400414320357,20.9819275890225,21.5441892460495,22.9185024910281,11.6904752115217,20.9570855772556,16.27995897699,18.8561864170013,21.8733430128324,16.5026737217768,18.9976516168517,18.2110816506488,22.4315652416898,10.0341325606764,11.1609488617468,19.8862371995127,12.9573570119656,22.6393035766971,20.1096771393571,19.9360159081359,11.754612651876,18.4223600307223,20.2974020816902,20.3067246872173,11.4703152724148,11.115608301086,18.3234335006892,16.6906377099163,20.5617642278407,17.4991517222746,16.1275576074562,14.0049851958322,11.8415468685329,12.2473682460118,17.5415908472327,19.7002965345981,20.9186143861177,15.851364524989,20.6379757902419
"henry_24",21.2476254717367,16.2751641650234,15.0790040245038,28.22333929488,21.2231403827821,13.3589699765034,23.0582578467647,15.8591299366126,21.7324335549557,10.9398705518048,17.6555918478318,22.5781274278475,16.5866082025782,19.6491074736092,7.0202374892568,16.1979051506828,15.7132976335099,16.9707036757328,13.3113668091553,13.6538103142102,0,23.1498298496101,19.8982503229988,8.19693415331165,19.0869070298965,15.6327097353883,21.2368300330336,19.8677573485399,16.8727024648519,17.1968454556351,18.2219316473783,22.0262801427739,11.2956728257156,18.912419072103,16.5973057713461,15.6860037445967,20.5945148924473,16.6463313577572,17.0532268012116,16.6961768272706,22.0008007299942,13.3005003320354,10.7347793642165,18.5559578167987,16.0679656499541,19.5731911677749,18.5424560494912,18.8592302493087,14.9110535270215,16.6702806707122,18.1094326358761,18.5266012452043,14.8728277837529,11.0884697834708,16.9957768892728,17.2556077547274,19.6412780757888,16.5314958623466,16.9245640433165,16.4327792088663,13.2673340522666,12.2191742578605,14.5405487526447,18.2121630433042,19.9991850777361,15.0031830140452,18.6261853771215
"ivy_24",31.4216855629417,23.3071292898571,24.228991939208,36.2918464899884,29.2353829338106,23.4750882740316,18.1387726430263,23.652318175678,16.3491203597075,21.0519346884219,23.4629876300161,27.6229380205574,21.5399883459943,25.5730994023682,23.4429027841439,22.3824032208526,24.6729335425807,21.5812463529669,21.8159545448089,25.837850814791,23.1498298496101,0,22.5141480846984,24.7672849182264,23.0660257026391,24.450376654013,21.0993139224622,29.9912255116357,23.2462492079506,21.6274550927701,19.5714117621285,26.5759125308322,25.8385359784599,21.5470991038188,24.8582161904635,21.9689472645122,22.1232470060041,23.3608650372659,19.8091507096289,20.0052881577528,21.3205109318285,26.2507978478832,25.2510790255638,16.846679186235,25.6393214462743,20.6017555717799,21.7246972096372,22.2196081616497,22.7058613442406,18.0426547878983,22.7191238991544,20.2353423967359,24.8471155816512,24.8706822068613,18.1513570452993,23.5437627065553,28.5993342971253,21.8128380186685,23.6377222557974,25.6350274660072,23.4864578804058,25.3516719424998,20.8481669597402,17.4013453215547,20.7013522582577,23.9449047584795,23.7374309829322
"marshmallow_24",23.009472792922,18.92922867148,18.0911607631819,26.410268848302,18.095214119738,19.2405058582294,21.7826089063228,18.7013025335058,20.9479638946876,16.7780367151582,16.7997381316851,18.4952312833385,17.6095604578156,8.14953032573081,19.1129426311135,19.5182072500295,14.119389093865,18.7669108745076,15.6557735835588,16.6034826824625,19.8982503229988,22.5141480846984,0,21.1817160275835,21.1034194464335,16.9720075097806,20.9553736236639,19.7705238860153,14.0545134373664,19.590661981775,19.6625917448887,21.8705465405347,20.2264776944036,20.7123656464237,17.5920862714787,19.0167279865013,21.3717912456558,15.6138219248742,17.3795448469788,17.7927075377385,20.9026784145935,18.8651892855523,20.0759548844997,17.7365641856606,15.7827924389939,20.7614336370716,20.344861468334,19.6087503464431,16.7627493662931,17.2336097642269,20.8370305669258,20.506254760235,16.9271151511772,17.9972343887598,17.9555023469867,15.9864404914253,22.415827215706,18.9162771112801,15.456066537191,15.7019389786579,16.0253176563001,20.5808279119447,17.5347028337405,18.5741378395233,19.3479190979894,15.7595306648982,22.1317306799878
"henry_25",21.5392177072467,17.0619390055843,16.1015959520327,28.0549535207757,20.9759573003319,15.6881664927262,23.5333574698807,17.3622871174186,23.2459924562962,13.5285482750738,18.4742340726576,23.2219480179668,18.449219552124,20.4619798982811,8.08857185483246,15.1726623416102,17.7757148554784,18.270170012861,15.6529108108357,14.6141168650536,8.19693415331165,24.7672849182264,21.1817160275835,0,19.4229260513469,17.5827749860167,22.8089165917271,19.6388090841758,18.3815518694904,16.8843863463426,17.9634544045825,22.0078981831485,11.6359354043591,19.3438366376309,17.8307656403253,16.1884640609857,21.5118844110646,17.6768194524859,18.2021396611401,17.4931540133933,23.6943480665745,13.6029430193678,12.0174475679536,19.5641278350667,18.0589548407573,19.7155097212247,18.3331069542458,21.1037572491941,16.5000904600104,18.1097930249138,17.8072811514585,18.636175055892,16.2585293972411,13.1757803653573,18.4455626586011,19.0921986699716,17.9856167476031,16.3577822246401,18.9043189107766,18.3354334495559,15.5740249691209,12.3377428185722,15.2519439730885,19.3356197593998,21.8499687481396,15.8903429835404,18.0015478037334
"ophelia_43",26.6664128784194,19.5452571713371,19.7073871998087,28.9183381859136,23.1528862646583,21.3847096147911,22.1280426335573,18.8594088419018,21.7018986394946,18.9657179180051,21.2194571727722,24.625516761534,20.0155052212415,21.1622479847964,18.1447998432273,15.9096496210811,21.2904591891865,18.6495538080863,19.7406261657744,21.0915301726807,19.0869070298965,23.0660257026391,21.1034194464335,19.4229260513469,0,22.5638878399434,21.573243106699,24.8780713706258,22.2478849922292,17.0566926661525,17.7948835854913,11.6239949966806,20.0356545440383,8.91882863531468,22.6523636987855,16.077527306083,22.0531547177973,21.6146242009086,16.0154511358345,14.6560794718153,22.599149950704,19.3447461962625,19.2572476881193,19.0296965231131,22.7032106021205,12.9392184222036,19.1218018924669,22.0332982047668,20.7388363638121,17.9373713928376,13.0820577623402,20.2623503983107,21.325699289405,19.0965025698113,19.9009010423943,22.8027796083404,14.8529651080766,18.451276089263,22.4237249337636,22.911607977625,19.2394174469457,18.131327961114,15.8583940548417,18.8779014775202,19.8691847411686,20.8606029219297,15.5341184831288
"goose_44",23.6022105655302,17.179497492711,15.062730885574,28.9608827731454,20.5914382539242,17.870268926247,26.2449859055494,16.000540709888,24.3357329181698,17.1818424729532,17.0881602794939,20.7071112786418,14.8287447174779,18.164191171283,16.5616541223003,19.4862210257441,13.400976576142,17.7289637674394,16.1410825995678,12.8076510138683,15.6327097353883,24.450376654013,16.9720075097806,17.5827749860167,22.5638878399434,0,21.1141101071105,21.5128533477769,14.0806810895183,20.5985112883089,20.7019806694337,24.0492062380558,15.1253272780528,21.8054994139804,13.9493334667512,18.6538539596508,21.1681764827623,16.2839147507712,19.6042153917104,19.4455260410009,20.8350940778796,14.7019368911071,13.6457197984997,20.0938023516622,10.3650746254371,23.12120662326,19.4925446300526,17.5012116912254,13.5653795924881,18.232354617191,22.5201120720822,18.9876502156063,12.9043433564897,13.8288878743566,17.5696460736431,15.51996854358,23.6208886936217,17.617185269198,14.3637760247774,11.4152158229052,12.3703334462977,16.8681607835176,16.8483966745314,18.6060478023812,19.3430750795349,15.2967848418183,22.2745198363686
"iris_44",27.1692033180695,21.0265499696987,17.2558390951221,32.1542811354912,25.5621792243403,21.4172711754317,21.3016159921246,17.2710546909608,21.0380353665189,20.1448081526134,20.3659687428478,20.7836476197413,15.8461266911218,21.960613512703,21.1985109623345,21.7471374303197,20.7466342588379,15.5329986785891,18.3886816792451,22.897281030447,21.2368300330336,21.0993139224622,20.9553736236639,22.8089165917271,21.573243106699,21.1141101071105,0,25.8258072468675,20.4990491205548,20.3896825171695,20.846294582783,24.0799803102528,21.8080611568976,20.7619216692096,18.3999356435893,20.2109294795766,9.51741959159778,20.4874030351701,19.3238087498448,20.0613770462369,8.90000419013055,22.8499566723749,21.824999537802,17.5121739483915,19.6556203819599,20.3589021440385,14.8742462906282,11.2714680050989,21.3654083809182,17.4059280136719,21.4575492237457,14.3988967389433,21.8384181904911,20.8634875309136,18.3227691296557,22.0384376713533,25.9505013397338,17.6355007823411,21.1931020498084,19.6208273245179,20.1449157552325,21.7920825308382,20.0108179724122,18.3125550317903,9.56640453160373,20.9397786226311,23.023284689712
"jarjarbinks_44",13.1659805204766,21.217448002281,20.605054138042,27.7438957623005,20.312320678803,20.9055238696501,26.483560121604,21.6988660069676,27.099560391553,20.3012392975885,19.7998467389227,21.3372207085326,22.6613280652482,17.3486135238929,19.356605829025,23.2456524133093,16.8491731705892,22.4290705687918,19.4315427841068,18.3958496150963,19.8677573485399,29.9912255116357,19.7705238860153,19.6388090841758,24.8780713706258,21.5128533477769,25.8258072468675,0,19.7035812477949,21.7978350850354,23.8731944978764,25.8344765118704,18.683023302064,24.9043133384697,19.0668420027812,21.6869005471171,25.090993808076,18.8895242681453,22.4302246193817,22.9446753114005,26.3792850365079,19.3226789436642,19.7511997077061,22.8081402397865,19.2964690233391,24.5724725790868,23.3501542800366,24.2962469049287,21.2129336381956,21.1394883041189,23.7672184140777,24.2518474902482,20.0437705927428,17.8351583417542,22.3297501479499,20.7368499291651,23.9283350746138,22.1843844098695,20.0584022547433,18.4853294757879,19.562442426577,19.6190526958787,22.1534895891741,23.7753938334135,24.8496426284459,17.9731957152864,25.3812183856306
"lambchop_44",21.6849886316012,15.8330600392552,15.4064066041569,26.993194397514,18.7938426763019,15.7110425519811,22.2219418011688,15.4937761952306,21.1566255900433,15.1883942696335,13.8085312608836,17.078029256769,15.3047097068239,14.117256361974,17.155700789105,20.34340059234,12.8074182353497,16.7311376918292,12.0473205441626,15.9400414320357,16.8727024648519,23.2462492079506,14.0545134373664,18.3815518694904,22.2478849922292,14.0806810895183,20.4990491205548,19.7035812477949,0,20.53501806645,21.3380602844057,23.1904268632669,18.1551401201316,21.5747282928546,14.6465947709823,19.6590677272461,20.5091396067716,7.19176372133663,19.8664619892063,20.3213908367365,20.6568944289872,17.0811639314756,17.7061301536929,16.2722988219276,12.6221301152157,22.5015283857539,19.3550393576416,18.0204059288955,16.8061711093828,15.4686681750209,23.1579426245229,18.9768450108454,16.0734348032593,14.9764750336438,16.2030655014174,8.3655862213559,23.7458287120191,16.9800321376132,8.30946268998809,12.9959049057371,14.6987475162493,18.4121000066681,18.4217310622846,17.0121232519224,18.8946441333458,8.2783433172907,23.2535526682456
"hamlet_45",21.8440993491585,19.7436279400904,19.7729836722046,30.3657604786005,24.1489772469584,16.6955497449826,19.9298989596089,19.9181984458822,20.1641370501601,15.4506474175048,17.7424894660112,24.1731025302024,20.0945095669876,20.0123258833088,16.4019012165093,13.708329955943,18.5766336427798,19.704084180105,17.721065243026,20.9819275890225,17.1968454556351,21.6274550927701,19.590661981775,16.8843863463426,17.0566926661525,20.5985112883089,20.3896825171695,21.7978350850354,20.53501806645,0,8.60703234681348,19.9290771035389,16.8487046104119,15.988436705847,18.1463239717324,8.57380167510685,20.8763228173258,20.3077459115876,10.0434251313229,11.6554149702782,21.2983226122259,19.8156520607931,17.616627428119,16.9910718222826,19.9653320044805,13.447693230208,18.6226579363061,19.9586182744427,19.7188434971303,15.6209961424227,14.601919774954,18.6117107482645,19.0933623105552,17.0151626386847,16.947346377135,21.6618260548317,20.9276371824275,18.6524421182451,20.5024202691947,19.0408544442397,17.2452244687038,18.393546839159,11.1736175620789,17.145434797012,19.5625519030058,19.0187821774644,17.6608421260374
"hera_45",24.4738727312247,20.4830983790418,20.4412126486554,31.1142283334096,25.4355820284098,19.0118883211773,19.9792644646765,20.8949136820061,20.0690303520388,16.7825251137348,19.3518818318305,25.5056597748543,20.4030959751326,21.2993919794759,17.5212843898886,13.8967569803187,20.2758570837695,20.3536913616676,19.3682683920386,21.5441892460495,18.2219316473783,19.5714117621285,19.6625917448887,17.9634544045825,17.7948835854913,20.7019806694337,20.846294582783,23.8731944978764,21.3380602844057,8.60703234681348,0,20.4832534904725,17.8604931543252,16.0732699486408,19.7506722714617,10.7508394678519,21.1033528348487,21.6068326895983,10.0358902106966,11.5327801013462,21.5852933490036,20.8637790246383,18.6749455458372,16.7726224486121,21.0462749171375,13.1411099484113,19.3826956301679,20.6469924943097,19.2792129331112,16.1892545085263,14.2058501645191,19.0135605711647,19.6481132213361,18.5221676700655,16.6298577740795,22.7239502519271,21.3128307610463,19.6781006834177,21.8242497626937,20.5487098521047,18.4319250228628,19.2746137462768,11.8123714162593,16.3577051949836,20.4324904837584,20.2964251496191,17.4635454627265
"jarjarbinks_45",27.2538524614623,23.0783731411103,22.1947821647371,26.096217705269,23.1524034286494,23.0574589735715,25.2411385690292,21.770747132206,24.8312874078236,21.3527584753343,23.4894477295347,24.7809014950633,22.5937031649493,21.3280164587909,21.1276804057774,19.6879358142478,22.7674241567356,22.1552834894299,21.2311967088072,22.9185024910281,22.0262801427739,26.5759125308322,21.8705465405347,22.0078981831485,11.6239949966806,24.0492062380558,24.0799803102528,25.8344765118704,23.1904268632669,19.9290771035389,20.4832534904725,0,22.2461573707374,10.4725685657478,24.3917777454542,18.9545531704891,24.6241095368724,22.844190153315,19.8724975919053,19.1902021848158,24.6289903926186,22.0818716062394,21.8643416068869,22.0320203926249,24.00262048383,14.7656130956304,22.2121938565139,23.8198429478564,22.9710582936665,21.2131897785496,16.0007082980268,22.7844025781183,23.2497927032191,21.3047976254479,22.4047900998934,23.824862024065,14.9734370634626,21.0652618808884,23.3995931184476,24.2161934291312,21.8631218528455,21.3430354701478,19.4809552738543,22.196570100059,22.7254899784665,22.3154127056397,17.6712581632148
"korra_45",20.6757331655279,17.512414074915,13.9519929255532,28.7090730170196,22.026581381488,16.9434959566652,25.7790342851887,15.2547090189618,24.7261286569215,15.1460204525118,18.6135526345699,22.8699223522096,15.9014867292509,20.2233274389909,11.5327552088543,16.2640240089369,14.658694033351,16.7464345692884,15.9116971051076,11.6904752115217,11.2956728257156,25.8385359784599,20.2264776944036,11.6359354043591,20.0356545440383,15.1253272780528,21.8080611568976,18.683023302064,18.1551401201316,16.8487046104119,17.8604931543252,22.2461573707374,0,19.2578988748641,15.507981249536,14.8934891040557,21.2743007409848,17.9397038451761,16.4910261882683,16.548872158472,22.4890406470515,11.3287690353107,7.57548092720253,19.2103960675701,15.1044379358428,20.1378006210494,19.1963017872798,19.3263806863733,13.0084200602667,16.9515793317797,17.7672210653897,19.5570076224559,11.9063584472167,8.96916805397686,16.9959134764727,18.8287887226554,20.2331217479247,17.8026686794072,17.8650153726999,14.8475576533837,11.8804441155832,10.2223886976423,15.3022860341907,18.5179142318584,20.6160811704416,16.3575296449157,19.1675472783751
"ophelia_45",26.1593217783126,20.6572728828449,20.3583141173023,29.0859768314746,23.9596887122814,20.6090513926159,22.2080934881844,19.8388007234954,21.5821918970652,18.1605701958292,21.0164696792692,24.2752760731242,19.603016021522,21.4739071293258,18.097426650728,16.3766936845087,20.7686252507051,19.1793560413531,19.2651446846236,20.9570855772556,18.912419072103,21.5470991038188,20.7123656464237,19.3438366376309,8.91882863531468,21.8054994139804,20.7619216692096,24.9043133384697,21.5747282928546,15.988436705847,16.0732699486408,10.4725685657478,19.2578988748641,0,21.4733117511714,15.0495819920729,21.5259677978999,21.0928871753117,15.1877956952096,14.9045885601404,21.5982160026361,19.9444697276016,19.4064220713162,18.0149942653372,21.7745838015286,9.95760295118722,19.7002367157574,21.1198714738994,19.4035158641995,17.540448252181,11.8324118218691,19.5061252035692,20.3197212030245,18.7279877373844,18.5525949991453,22.3729347835852,16.6149879727831,18.8144898895663,22.1350303149293,21.8845199172495,18.8492515037151,18.8868407867002,15.8401818099281,18.4658636984963,19.9223577524309,20.9993667438024,14.895093253308
