"","buddy_16","buddy_17","ivy_17","padme_17","buddy_18","ginger_18","ivy_18","franc_19","ivy_19","ginger_20","buddy_21","joans_21","franc_22","grogu_22","henry_22","joans_22","marshmallow_22","franc_24","ginger_24","henry_24","ivy_24","marshmallow_24","henry_25","ophelia_43","goose_44","iris_44","jarjarbinks_44","lambchop_44","hamlet_45","hera_45","jarjarbinks_45","korra_45","ophelia_45","goose_46","hamlet_46","iris_46","lambchop_46","hamlet_48","hera_48","iris_48","jarjarbinks_48","korra_48","kubo_48","lambchop_48","ophelia_48","wolverine_48","iris_49","jarjarbinks_49","kubo_49","ophelia_49","wolverine_49","jarjarbinks_50","korra_50","kubo_50","lambchop_50","ophelia_50","wolverine_50","lambchop_51","goose_52","jarjarbinks_52","kubo_52","hera_53","kubo_53","iris_55","lambchop_55","ophelia_55"
"buddy_16",0,23.9923924792738,23.5244607052391,30.4665789317505,25.0244216101034,20.0360286775307,28.4754485070635,24.1223240426174,28.5563013011735,21.1650777229624,21.8393979247619,24.4701576818089,24.3890670377947,21.4475242403743,21.6364576025459,25.229944787447,19.7245311417182,24.9877922162336,20.0933958494186,21.7896457283195,31.5524233300121,23.5105553454577,22.0361691153752,27.2644275491832,24.2193399229154,27.2814704291533,13.1951831184762,22.1472357203185,22.3558949831218,24.8945585407653,27.7924693307173,21.2233683972641,26.6054365735514,21.5247689875465,22.0296766034854,27.6931002623168,21.4821603348333,23.9056501789622,24.8347655441912,28.4132687390941,22.6476493747407,21.9976136777619,24.7749965680805,21.6619318397547,26.3248957119438,26.0535005456871,25.448862096346,23.4018806862913,23.0364290163021,26.1894317786408,26.4467040702442,21.5805481370599,19.9376223836422,24.147265766983,22.9224520677197,27.7738156541861,24.3993218243777,21.399635188797,20.6162697122769,20.7477345403613,23.581413360576,23.4838257189972,25.6849615908007,26.7384960325385,20.7568301055142,27.6290543317066
"buddy_17",23.9923924792738,0,15.5637473056077,28.2248662516907,19.1660598684553,17.6723431972443,21.8259769080769,15.1985006168629,21.428569515639,17.1840034963856,11.8641140881568,20.5003496861223,17.0688988539482,18.6266919376391,16.0028632406255,17.0686180534817,16.6073749019995,16.2781614850689,16.3098190808013,16.3994547583295,22.9318811361689,19.2314728894009,17.2434207432161,19.8097723567296,17.3673355764188,21.1314002018387,21.5823519086874,15.8891182736298,19.8699644859633,20.6580275676271,23.262073336868,17.6884868128827,20.757499936176,18.7080895435128,19.4833963997022,20.8347967625774,15.6154704623706,19.0254327131881,18.807581616249,21.7886053441627,15.4620862382489,16.8167486143871,17.442253519779,17.4451430119876,21.9754106364694,19.8525319839479,20.3232696474199,17.8107842031442,16.8424673748056,21.6773295319417,20.1494677098852,17.2433887956757,16.3917737087763,18.2808411352681,16.7201526121616,22.0038794226303,17.9028541816149,15.9688430297067,17.9983457902681,15.8888413601608,16.717767536288,16.8667977435774,17.7768671326901,19.1451202405333,15.09758086886,20.9859764773498
"ivy_17",23.5244607052391,15.5637473056077,0,28.2430353865804,20.8440021936743,18.768166849052,24.6194297854526,7.62215268552624,23.4625730384926,17.6739120411738,17.8207291996209,19.1553354443638,9.36078614855907,18.2216860189293,15.4974798627759,18.28502704394,15.789579350806,9.56001053826191,14.6904262486166,15.8239486766334,24.3706834383215,18.7767752254496,16.713348719649,20.0221931515836,15.3651981739047,17.1234631813991,21.366333377849,15.6617716491252,20.2996527273777,20.9924907249345,22.6190702743534,14.4638978954896,20.6993839025603,15.6130469027954,18.6103249233886,17.175958427194,15.8529643859527,18.83064200437,18.197398194449,18.1244332731092,14.3337477255389,13.4216139360402,17.8145251153075,14.9337117889288,22.1995671935826,15.5913605335303,15.2395507290942,15.5634574603885,15.6532083544148,20.914396225304,16.6454317930089,15.4393455322096,13.8566162305836,16.4835162569667,16.9576213830747,21.7104002075999,15.3709438620806,15.8726262845288,15.3109458604314,14.0344009268501,14.2072874095823,17.1518689660297,16.8524682092573,15.7088717065027,14.263169754177,20.871412814889
"padme_17",30.4665789317505,28.2248662516907,28.2430353865804,0,21.9056349376804,29.8049765121649,32.0339558650606,28.4283936719055,31.8147600002316,29.2145101293123,29.4947882885851,27.5943911084216,30.2173131238828,24.2442024958467,28.2066090616119,28.795605561716,28.5304604232406,29.916614689214,27.888953763149,28.5184344117955,35.9774878328534,26.9365997200149,28.3672164543124,29.110368572481,29.3838266255953,32.1536597951474,28.328325622468,27.3849357748548,30.7337020650273,31.2661045538191,26.2871496879926,29.1472893534427,28.9856683439643,31.2617961347073,30.3085497964785,31.896457651172,27.3235387758101,30.7687647492468,30.3031842064068,32.3008207198771,28.1211971124691,28.3122303124662,31.1009060624395,29.5901558719816,30.7231244368701,29.7868948535531,30.8016073589725,30.220878030063,30.244015225478,29.6189500280458,30.9747979781766,29.6625767677761,27.7035753764866,31.1146379166149,27.8155805117098,23.5845244294238,27.7092449550739,27.727754702597,30.0581191584556,29.1234242487288,27.8893057558932,29.1786949237522,31.310299885912,31.1411674053873,26.1597257923572,25.0452946768941
"buddy_18",25.0244216101034,19.1660598684553,20.8440021936743,21.9056349376804,0,22.4248903008628,25.6214109492858,21.6595070181375,25.3332338808181,22.5988986421023,20.2846371746181,16.4958681549633,22.7360004630753,15.7371565728923,21.5479519204146,22.3189901032412,19.4855386651421,22.743870807029,21.2147317413092,21.6348260087084,28.7690544360136,18.7282135189915,21.4295363150279,23.4240360967285,20.9324282051345,25.4904873442293,20.6607726837014,19.1329417360935,24.621487339444,25.6821013103008,23.3905443083365,22.4509412108376,23.8927706819463,22.9085289212184,24.0342021836842,25.2489689745948,18.7112053657976,24.4822778732756,23.8197300893624,26.0596994669563,19.1676240549638,21.6520002926555,24.6416152593567,21.1170041079239,25.6032754730168,22.7555798520225,24.286322561599,21.6912832182003,23.5509706684215,24.1985407636392,23.5263668330984,21.7041067698632,20.9210130091284,24.5277789127064,19.3437141568206,20.0625890584529,19.9995386857134,20.0609138632075,21.2173481362847,21.0557768187957,21.2601070003388,21.90158107178,24.6854698336701,24.3470866335944,18.4080379372853,23.0812158479261
"ginger_18",20.0360286775307,17.6723431972443,18.768166849052,29.8049765121649,22.4248903008628,0,20.3189304845713,18.9813038764914,19.1445096455018,10.8208661656442,15.6412392889888,21.431374916906,18.8576815685207,18.6935682157983,14.7728067736758,19.475596281395,15.0300287520777,19.4915426321873,12.2586203806648,13.7002793088894,23.0236795438137,19.6350938910623,16.0990330436262,21.7546690487087,18.4426288130948,21.4187018186242,21.3098481868135,16.1858218016169,16.9913171841787,19.1867917425842,23.4641201209362,17.3021760918622,20.8339422310471,16.7434119532297,16.543852972623,22.3927742247045,16.1946772223835,18.4087903625732,19.5145132583811,22.6607168451096,19.2821156164924,16.8971897643646,18.6124139168193,16.6253332325858,20.9583488141744,20.8665561468898,19.0186001521369,19.2881555231799,16.4161188337621,21.8555888482878,20.3497504036103,17.9230127506625,14.8524579081836,17.7277926823025,16.3844550876546,24.7869278420071,18.3820225795639,14.8573037667483,15.8156261490199,15.4612646730289,19.450229764862,16.4440927298489,18.6264231108873,20.4290312874231,15.504229178314,22.516885794681
"ivy_18",28.4754485070635,21.8259769080769,24.6194297854526,32.0339558650606,25.6214109492858,20.3189304845713,0,23.8684489246107,9.7654538089555,20.5620811138782,22.2223216148554,26.1702534390966,24.2459215253917,22.0153416801056,22.5797897035112,22.0306802266002,24.2113144391688,22.676967791149,20.4335150184571,23.4684159597761,17.8689793057403,21.9698651903624,24.040697581687,22.593868023697,26.8973958170814,21.5525252595773,27.0644971189088,22.5068821412283,20.2712104904656,20.3492455639455,25.6138470160409,26.3859311923367,22.7271876663092,25.2151136989863,21.7384117996447,22.0367741058926,21.6247505221423,20.0516787459472,20.3705125876687,22.7047753330696,26.4392617257705,25.9127824527155,17.1905094570189,26.0731371604072,20.8117126623421,20.6199682090018,22.7362242933605,26.0141730005644,17.7156367585811,22.6756937101203,20.6937622722345,26.5223395659755,24.3632561585246,19.896502382536,23.6259399930049,25.8842862670103,20.5488787747827,22.9822520902092,25.6548236361903,24.3460687413695,24.9285168562022,20.9491170390026,18.9391166364785,20.7573621733188,21.8223071099932,24.2987925406132
"franc_19",24.1223240426174,15.1985006168629,7.62215268552624,28.4283936719055,21.6595070181375,18.9813038764914,23.8684489246107,0,22.6114382811618,17.9207888735238,17.9583868298142,20.3010421256622,9.91225872357236,18.7333908975896,16.3037108376203,18.4738790662229,16.205506712759,8.63367430790658,14.4295189130415,16.655207724253,23.8048322953708,19.3840110313854,17.8817893109821,19.4401178255687,16.8663507725256,17.5378046479708,22.339075763746,16.0682559283729,20.4768696860442,21.4018393898292,22.2396625149772,15.5763557662621,20.2743879840781,17.0337266690738,18.7664331741629,17.7293117004637,16.1830682596992,18.3379021640529,17.6840352136844,18.3690103464521,15.5905470273253,14.5186310399254,16.9834445588312,16.5437531760401,22.2132742146613,15.91201088553,15.7995698231152,16.9963035680142,14.8588384396369,21.121964513316,17.2983009220935,16.887483033723,14.1521089413935,16.001252803641,17.3364345562547,22.3183146568971,15.5990410478713,15.9565961427138,16.7858458659383,14.830309364167,14.744756180478,16.8229783935598,16.2157214841597,15.0793493995884,14.733989021769,20.8383964090173
"ivy_19",28.5563013011735,21.428569515639,23.4625730384926,31.8147600002316,25.3332338808181,19.1445096455018,9.7654538089555,22.6114382811618,0,19.3017188692579,21.5645350250158,25.4985894979614,22.4979495155575,21.7111968028527,22.1520956938773,21.7033299042982,22.600167190174,21.5619437868792,19.0247359680261,22.0725840739794,15.8487435157525,20.9128320167656,23.7341893569898,22.201734339565,25.0045307595755,21.381147537697,27.6080174995602,21.2289592545744,20.493832812106,20.4468492477612,25.1363035066908,25.211255711144,22.1510504086615,24.1839718736554,21.0969681389903,22.3671029283596,20.7717387090328,19.3751902874167,19.6343403917551,22.3057918847342,25.2924374172481,24.3049870740593,17.3972070106174,24.6332367655728,21.2414210142197,20.4762961318799,21.6286292962342,24.3430112548814,16.8054069674674,22.7127822016204,20.0931573866129,24.8284440708293,22.9360289852708,19.1153853040985,21.5882772461774,26.1397605027335,19.9705367582291,21.0756707354491,24.2539582125082,22.5250356189383,24.4136796306227,19.6261786066206,17.9523469934966,19.9219181128785,21.0681419910606,24.149601027698
"ginger_20",21.1650777229624,17.1840034963856,17.6739120411738,29.2145101293123,22.5988986421023,10.8208661656442,20.5620811138782,17.9207888735238,19.3017188692579,0,15.2282835772632,21.4464487032961,17.3135259172187,17.2056111515215,11.1369659114603,17.1909738927731,14.6438669517514,17.9558752261113,11.1303904868864,10.9752751744518,20.8083304213838,17.2612616681715,13.914952497686,19.308168523511,17.7757421157609,20.3789800434584,20.6406764081604,15.6042082025984,15.9581903453651,17.1373339224879,21.8027459117737,15.401690909727,18.4754550567715,16.069732955076,15.0872599841555,20.5391178820435,15.688773479639,15.2721205229022,16.4984517366157,21.151926883693,17.4240722569275,15.3224270406239,16.154249522646,16.1267752939527,18.5215006342266,19.5934133483437,18.3817432502738,16.7536177305361,14.9350059344795,18.7775669886814,19.2028902381708,16.5565668161803,12.8796066737279,16.02879544495,16.5513023864494,22.5323352028764,17.6243620320682,15.3450660603673,15.929815381752,14.0558671077639,16.7014948642076,14.792903898316,16.5709918967789,19.4421953917846,15.2597630205242,19.909657054969
"buddy_21",21.8393979247619,11.8641140881568,17.8207291996209,29.4947882885851,20.2846371746181,15.6412392889888,22.2223216148554,17.9583868298142,21.5645350250158,15.2282835772632,0,17.4200610488481,18.2843467710764,16.6272442764656,17.9205768057136,19.4074812206653,14.1535115533067,18.4055126086461,15.3038774378667,18.1383982640353,23.1417448255606,17.1769815597849,19.0154957708532,21.6309660645151,17.6152357246506,20.505434605944,20.2933194403375,14.0177650236773,18.0165733070237,19.5444602919985,23.920912421109,19.1753499006591,21.3294537787083,15.0706695110829,18.4996913485579,21.4764374799518,14.2235503729679,18.6522121813601,19.896485889766,21.9221670627946,18.3597160937305,18.9727925937847,17.2390611219029,15.5180265647604,21.42541432427,20.817452128236,19.6539542417573,19.052015334184,16.5104449190979,22.725791025155,20.8409142881748,17.8192103804567,17.142016195166,18.2839455586449,15.6820419028686,25.0893539543593,19.1771107616174,14.3245744072932,14.9618858504257,16.0671773853216,20.4357459272898,17.0002441174188,17.6223664230742,19.3463333830846,14.5915198061068,22.854180219759
"joans_21",24.4701576818089,20.5003496861223,19.1553354443638,27.5943911084216,16.4958681549633,21.431374916906,26.1702534390966,20.3010421256622,25.4985894979614,21.4464487032961,17.4200610488481,0,19.2791470631325,16.9527635300492,23.1001866304421,24.6436457290799,18.5688642786039,20.5066104268514,19.1691225605805,23.2003279871116,27.485084110308,19.1578328910381,23.9128081935185,25.16615259219,21.3635053960922,20.71263724935,21.934427669968,17.7435728989878,24.7486315403088,25.90542190548,25.3579553147261,23.572698639599,24.6739482332982,18.2119334350434,24.2971236956224,21.7433063846111,17.1113792264439,24.6580505840982,25.1231396223853,21.6125293881646,22.3500086459169,23.3540019596232,22.2062793476055,18.5944850813044,25.9701735562989,21.563233004124,20.7697786531546,22.7754964104377,21.6243339042799,26.2598955307858,21.7127842475203,22.82451337408,21.3147074790664,23.3860047286574,18.6404192438044,26.1009026152034,20.9229707644839,18.9647659724926,18.195878140893,21.5110413219033,23.7767348346703,23.5062839569115,23.4300397617796,20.6653328668366,18.0116718912573,25.8779381951404
"franc_22",24.3890670377947,17.0688988539482,9.36078614855907,30.2173131238828,22.7360004630753,18.8576815685207,24.2459215253917,9.91225872357236,22.4979495155575,17.3135259172187,18.2843467710764,19.2791470631325,0,18.6947949280479,17.0969267567975,18.9590436293371,15.9506025459998,10.0988915562534,13.8320807496008,17.2897840027795,21.8399945984672,17.9407793955985,19.1410535324331,20.5203566897124,15.4283012262923,16.2726499849293,23.2778935519903,15.43799445903,20.6657800593963,20.8746129908323,23.0331081260012,16.5340065205354,20.0780368804433,15.254584802381,18.7462051564934,16.2638985621718,16.1330637236881,18.4007575731707,18.0680769401208,16.3494091844134,16.6150310605445,16.042958923117,15.8126479334015,14.8610806039104,21.9197058511393,16.4231157718201,14.6482280272254,14.3094678293386,14.7334418380843,21.1108978974681,15.6597329499226,15.1294881213785,14.722124991123,14.6720197032094,17.3012157142014,24.2282988459204,15.9193048253629,16.178020018506,15.5153755522896,14.4180193248349,16.6904347352988,17.8805204390809,16.2220982329268,14.8466761371,16.0836433859358,21.3937329079655
"grogu_22",21.4475242403743,18.6266919376391,18.2216860189293,24.2442024958467,15.7371565728923,18.6935682157983,22.0153416801056,18.7333908975896,21.7111968028527,17.2056111515215,16.6272442764656,16.9527635300492,18.6947949280479,0,18.8384860099179,20.1486684715564,13.8966216262537,19.008760250115,15.0316725018776,19.7639361909007,24.630455507961,7.9947393436157,20.723483384648,21.2002714300343,18.2184578383266,21.4900675629354,17.5505655548726,14.2580620859839,20.1279183642278,21.0555891575992,21.4289323074762,20.4977746339324,21.1390317606619,17.7179136535736,19.6647630120785,22.136751213696,14.4049596719903,18.9575668910701,19.4322583012692,22.098445461171,18.9039026806776,20.0926867718672,19.1605165671734,16.1839592075291,21.3299040664999,20.7491590022663,20.5622861656493,18.7065269156009,18.152951095778,21.1479185510497,21.3557217229744,18.0778434408999,17.9467827339723,19.4437971041682,15.2580552255611,21.349211628603,19.1155826070436,14.8199329118307,15.9818797129163,17.0092192650242,20.645826221191,18.8964329907778,19.6742034412007,20.440870524687,14.3700977165657,22.1595258573904
"henry_22",21.6364576025459,16.0028632406255,15.4974798627759,28.2066090616119,21.5479519204146,14.7728067736758,22.5797897035112,16.3037108376203,22.1520956938773,11.1369659114603,17.9205768057136,23.1001866304421,17.0969267567975,18.8384860099179,0,15.7944847435338,16.2502550553306,16.8365041289329,12.9274694139116,7.31205805841628,23.5319932590187,19.6140233672125,8.48144173531971,18.5322328088905,17.0598538739297,21.4197645217128,19.6188274600413,17.4283847606887,16.8504685382518,18.0246598962448,21.5475898866009,11.988337935064,18.4142762049442,16.8957562416321,15.3654604160859,20.8792230202711,17.0984116115965,16.2430794829879,16.0420923772577,22.1752712242165,13.3011979668863,11.718324900615,18.0920842650327,17.0987940611712,18.5285168237577,18.9611021312351,19.7834080950832,14.8811583241514,16.5317454413607,16.9938217809271,18.8609992556276,15.4754684069795,11.2624758160134,17.3416969212327,18.6183693015699,19.2497541090331,16.9967309601146,17.8885138181315,17.514183902385,13.6890772440982,12.0378500894018,14.8760016335513,18.3233925171732,20.7138372574903,15.7027377863523,17.5774396923922
"joans_22",25.229944787447,17.0686180534817,18.28502704394,28.795605561716,22.3189901032412,19.475596281395,22.0306802266002,18.4738790662229,21.7033299042982,17.1909738927731,19.4074812206653,24.6436457290799,18.9590436293371,20.1486684715564,15.7944847435338,0,19.4102382905375,18.6179193574382,18.5915055683209,16.6811217259392,22.5885373446543,19.8771222391909,15.6889795169606,16.165672908436,19.8965242888265,22.1374089044496,23.56734640212,20.6228889714227,14.0274541351663,14.2062531781324,19.9930958209751,16.6341014550885,16.7093937012756,21.3704719064972,13.7111307951862,20.0362223644494,20.372798472539,12.695200007825,11.685667374773,22.1906378237833,17.0555665075245,16.6075456685046,18.7965086487366,20.4330228647862,17.4046960902816,17.1102080660202,21.0088331302316,18.8181878742795,17.7310395908964,15.577924262885,17.4830850428384,18.6534778529725,16.7502146020738,17.9318858260099,21.4615728500937,17.3612594925581,15.41309359088,20.5310694089513,20.6876416906941,17.6030433342741,15.2070611280076,12.8323488336752,17.4706500870872,20.2139204106739,19.3383340953387,16.3838181388764
"marshmallow_22",19.7245311417182,16.6073749019995,15.789579350806,28.5304604232406,19.4855386651421,15.0300287520777,24.2113144391688,16.205506712759,22.600167190174,14.6438669517514,14.1535115533067,18.5688642786039,15.9506025459998,13.8966216262537,16.2502550553306,19.4102382905375,0,17.1928017019059,12.5020687918683,16.1295877020424,24.2908900657474,14.5352361879319,18.1565314588219,21.5589551937305,13.8264593049192,20.7014444983104,17.208327759704,13.2066709277358,18.9027565069503,20.4425110820278,23.1043821498166,14.9222520469197,20.8630115353894,13.590759746422,17.0301382936981,21.3944622959839,14.1558006049483,16.9588693791124,18.1587380416442,20.8609977546618,14.3161737359667,14.5755248205697,17.9854478481736,10.5098753968218,21.7540867653036,20.4367633463633,17.4764834307582,14.0541479689329,15.5669798919128,21.4153001678674,20.4646389749253,12.0751395328018,11.1167260579283,16.6711945112236,14.3804625561669,24.3138195384477,18.1477019485822,12.1696068132586,9.58566966256569,10.0586366789744,17.0378758346059,17.0588170214619,17.8546351677996,19.1389180235634,14.1498012647556,22.7505476807649
"franc_24",24.9877922162336,16.2781614850689,9.56001053826191,29.916614689214,22.743870807029,19.4915426321873,22.676967791149,8.63367430790658,21.5619437868792,17.9558752261113,18.4055126086461,20.5066104268514,10.0988915562534,19.008760250115,16.8365041289329,18.6179193574382,17.1928017019059,0,14.7036404919569,17.3026296639967,21.5785216720617,18.9707098396603,18.6609689915859,19.0127465064485,18.0728723921937,15.749948882202,23.0133825502827,16.6647572840536,20.1784058095227,20.8474888906598,22.5617566343047,16.9893980256096,19.595668641603,17.4568226130262,18.9884256267125,16.1300079509349,16.017758412389,17.8817037156593,17.138590630283,16.8944137813391,16.8433608137982,16.3306975320971,15.2118108238165,17.2336454223294,21.1514623620521,15.9410463530551,15.5745862708829,16.7966740059695,13.632610644916,20.5630907194385,16.0603903987652,17.4653240195316,15.761078806978,15.018973861403,17.9224987333846,22.9708294228362,15.7553980676673,16.9323219897761,17.6811921925103,15.9867553109133,15.6235251442134,18.011794008845,15.6342367986922,14.6030232278297,15.7223482940278,20.9228508198459
"ginger_24",20.0933958494186,16.3098190808013,14.6904262486166,27.888953763149,21.2147317413092,12.2586203806648,20.4335150184571,14.4295189130415,19.0247359680261,11.1303904868864,15.3038774378667,19.1691225605805,13.8320807496008,15.0316725018776,12.9274694139116,18.5915055683209,12.5020687918683,14.7036404919569,0,13.4274574812999,21.0691858756357,16.010536329049,15.9139998707196,19.8334214860273,16.4016952703161,17.9654695471293,19.8057517814975,12.3862979796,17.9650147494502,19.3485735123019,21.4959567419009,16.1465811533694,19.1024146952164,15.51705325048,16.5101689513299,18.6764000891171,12.4522699999589,16.7716091531475,17.5371848564941,18.6058688344306,17.0320788230371,15.5951352581925,14.0512118807132,14.6726832158908,19.8176623687791,17.8254813828276,15.5802209248518,16.151329643741,11.9858146089877,19.9927066148435,17.3416737423964,15.6819377506051,12.3017483742402,13.539334022583,13.6502802879382,22.8882217133959,15.6303015786534,12.0218484157758,14.5388974333186,12.7917641708642,16.5545549625254,16.5841745489885,14.9701096709755,16.7876818020641,12.6119076342465,20.9903919517351
"henry_24",21.7896457283195,16.3994547583295,15.8239486766334,28.5184344117955,21.6348260087084,13.7002793088894,23.4684159597761,16.655207724253,22.0725840739794,10.9752751744518,18.1383982640353,23.2003279871116,17.2897840027795,19.7639361909007,7.31205805841628,16.6811217259392,16.1295877020424,17.3026296639967,13.4274574812999,0,23.133799028676,20.3172259647889,8.55869993450284,19.4337618496537,16.2436561769181,21.4852294491868,20.2049882839373,17.0830662621791,17.6592071789187,18.7279614040242,22.4201376586507,11.6550579651941,19.2254626500832,17.0589628071288,16.2449995559046,21.1265508312142,17.1333287875475,17.2622513995067,17.1216176975126,22.5886510772073,13.8637268445965,11.0879014699635,19.1533706236876,16.7147275065114,20.026867733258,19.1222907954859,19.4255121171851,15.2983577536178,17.1700125864797,18.4322006905455,19.1416255172427,15.269104695428,11.3965407773465,17.4777205618347,17.9479797498647,20.0106743426043,17.0545457453656,17.1462668630108,17.1066968341649,13.6696665532111,12.6750135756122,15.0314522953861,18.3568819359772,20.7927197891594,15.4613453001991,18.7262916322571
"ivy_24",31.5524233300121,22.9318811361689,24.3706834383215,35.9774878328534,28.7690544360136,23.0236795438137,17.8689793057403,23.8048322953708,15.8487435157525,20.8083304213838,23.1417448255606,27.485084110308,21.8399945984672,24.630455507961,23.5319932590187,22.5885373446543,24.2908900657474,21.5785216720617,21.0691858756357,23.133799028676,0,22.0520776366361,24.9811846044773,23.1926548499122,24.6788790456299,21.1651755769654,30.143762366276,22.8266224345995,21.5861413301109,19.9602547734143,26.5935852799986,25.9764926981622,21.8387668579887,25.0852118604498,21.9499701225343,22.596545252146,22.7990103003369,19.8353464842973,19.985839774815,21.7156412049228,26.3558368765423,25.2343516530835,16.5601559222557,25.833639803016,21.1690580867832,21.9093840478525,22.3507850595321,23.1486307509072,17.5271172490672,22.9567415972431,20.2648104971365,24.9084552787142,24.7075037260602,17.9690576495561,23.4616187059387,28.547126475104,21.5039117439883,22.9797608151861,25.7487593308414,23.3627125353594,25.4033037969456,20.5649073372221,17.2206967921222,20.6456155682215,23.4406864452003,23.9587023995784
"marshmallow_24",23.5105553454577,19.2314728894009,18.7767752254496,26.9365997200149,18.7282135189915,19.6350938910623,21.9698651903624,19.3840110313854,20.9128320167656,17.2612616681715,17.1769815597849,19.1578328910381,17.9407793955985,7.9947393436157,19.6140233672125,19.8771222391909,14.5352361879319,18.9707098396603,16.010536329049,20.3172259647889,22.0520776366361,0,21.7770591070328,21.4504378638731,17.4668005408874,20.9464493093147,20.2569286911997,14.4406950478953,20.0888765631982,19.9121370941837,22.2233168662396,20.8254676061789,20.8429219819841,18.0031245906933,19.4000769068048,21.639261438841,15.7215946864212,17.6333291662892,18.1184728450267,21.2055384643021,19.3785378121216,20.5160350030178,18.0619138001923,16.3335139949987,20.9010400331957,20.8268683276884,20.020906896157,16.8521045168268,17.4076380229064,20.7864099862638,20.8275704953689,17.3276369867593,18.5207878457315,18.096574347639,16.5197987831321,22.8808282691327,19.4571565193304,15.8415757843096,16.2363847891122,16.5151263614342,20.9782043910926,18.020885834159,18.3635385644438,19.9508607412927,16.1452848068156,22.1736572479148
"henry_25",22.0361691153752,17.2434207432161,16.713348719649,28.3672164543124,21.4295363150279,16.0990330436262,24.040697581687,17.8817893109821,23.7341893569898,13.914952497686,19.0154957708532,23.9128081935185,19.1410535324331,20.723483384648,8.48144173531971,15.6889795169606,18.1565314588219,18.6609689915859,15.9139998707196,8.55869993450284,24.9811846044773,21.7770591070328,0,19.9059881695371,18.1949205703173,23.1664822047915,19.9958091618976,18.7114080123597,17.2425672982683,18.4248037567839,22.5293990873625,11.7726021728942,19.7477473020947,18.2125126792039,16.7362185500132,22.0759183372159,18.255821203606,18.4406136909855,18.0054751033833,24.4018860135028,14.2319800012319,12.3234053164286,20.2861294892122,18.7868487004086,20.1736968383611,18.8284245104416,21.726429848959,17.0123902257372,18.5986062590194,18.2549654176116,19.2475151478398,16.6513934051684,13.4655751918421,18.8904373942553,19.8225152164193,18.4353115070636,16.7367679744097,19.1640696127477,18.9832064373026,15.9658790298163,12.7417812536412,15.7541658166393,19.3861890640491,22.6947455655329,16.3697353897846,18.1397597610047
"ophelia_43",27.2644275491832,19.8097723567296,20.0221931515836,29.110368572481,23.4240360967285,21.7546690487087,22.593868023697,19.4401178255687,22.201734339565,19.308168523511,21.6309660645151,25.16615259219,20.5203566897124,21.2002714300343,18.5322328088905,16.165672908436,21.5589551937305,19.0127465064485,19.8334214860273,19.4337618496537,23.1926548499122,21.4504378638731,19.9059881695371,0,23.0473157204162,21.9874552618206,25.3347743628376,22.492119323248,17.4692271091256,18.1635447652697,11.5386826897323,20.4371245813121,8.88123783857912,23.1484613374053,16.4927352680062,22.6509458488759,21.8046517300034,16.1656879743326,15.0027083405324,23.1700295452464,19.6574970294529,19.4764181642965,19.5180310785533,23.3091266196904,13.2170748358391,19.7375235918429,22.6009553454516,21.1754850403692,18.2599038447183,13.0091188495685,20.7332998590305,21.7221671798253,19.3285905411592,20.1432106191721,23.4109992565699,15.0627465149963,18.8259907201466,22.6246128032027,23.4719724689629,19.5900882333551,18.3438712816824,16.2256775443252,19.0644965032745,20.3918549939676,21.1734411011246,15.8701799092354
"goose_44",24.2193399229154,17.3673355764188,15.3651981739047,29.3838266255953,20.9324282051345,18.4426288130948,26.8973958170814,16.8663507725256,25.0045307595755,17.7757421157609,17.6152357246506,21.3635053960922,15.4283012262923,18.2184578383266,17.0598538739297,19.8965242888265,13.8264593049192,18.0728723921937,16.4016952703161,16.2436561769181,24.6788790456299,17.4668005408874,18.1949205703173,23.0473157204162,0,21.3395933100548,22.0809542448939,14.4119563057458,21.1307732935706,21.1859337176506,24.5585578336177,15.426041968761,22.2117915895588,14.2832347295602,19.0898609010615,21.6988552680542,16.9963905985588,19.905667403118,20.0071576843577,21.4912161777226,15.1618834051393,14.1747295511386,20.8003275395082,10.6882200064805,23.6986761850594,19.9617604217898,18.0559031039259,13.5313700591024,18.7150199289044,22.8020331452633,19.4462045694809,12.9855869053473,14.3012580243618,18.1050561611286,16.2726994130201,24.0721938955652,18.194868537784,14.678626361861,11.897965441655,12.5438555287423,17.4615924556492,17.4748139324197,18.8268221684846,20.2219909430755,15.9134822603676,22.4498004122834
"iris_44",27.2814704291533,21.1314002018387,17.1234631813991,32.1536597951474,25.4904873442293,21.4187018186242,21.5525252595773,17.5378046479708,21.381147537697,20.3789800434584,20.505434605944,20.71263724935,16.2726499849293,21.4900675629354,21.4197645217128,22.1374089044496,20.7014444983104,15.749948882202,17.9654695471293,21.4852294491868,21.1651755769654,20.9464493093147,23.1664822047915,21.9874552618206,21.3395933100548,0,25.9765530745524,20.3492905134059,20.5596178269869,21.1466454622891,24.4516518150603,22.1669554445648,21.2483447402103,18.5775658468918,20.3599969367823,9.78834190486004,20.38508980107,19.6205392289409,20.3326270100163,8.7233643936786,23.1852024372207,21.8982460136924,17.9330022947315,19.8037936739075,21.0137444259635,14.872845926422,11.0179708150379,21.9952668643608,17.4709681622599,21.9297891993261,14.7439589209981,22.1867256340793,21.022857113807,18.5664294007079,22.3246422242359,26.016008119791,17.5317442115091,20.9047974766021,19.6800836246111,20.2819412531638,22.0169442600099,20.2714081901771,18.5893060644331,9.34392667275623,20.8404476350159,23.3317856152317
"jarjarbinks_44",13.1951831184762,21.5823519086874,21.366333377849,28.328325622468,20.6607726837014,21.3098481868135,27.0644971189088,22.339075763746,27.6080174995602,20.6406764081604,20.2933194403375,21.934427669968,23.2778935519903,17.5505655548726,19.6188274600413,23.56734640212,17.208327759704,23.0133825502827,19.8057517814975,20.2049882839373,30.143762366276,20.2569286911997,19.9958091618976,25.3347743628376,22.0809542448939,25.9765530745524,0,20.0823580680118,22.3087277354659,24.2918614240902,26.2553744792854,19.1829382937323,25.2479712687227,19.6061232172262,22.1887644283575,25.6000833888281,19.2755927054611,22.8382564299209,23.4164710883566,27.0309649949843,19.7592852833528,20.1748848204262,23.4741059202517,19.8129882916662,24.9677680501403,23.9287089670825,24.8716237724883,21.4774217704782,21.6367022185651,24.103634431488,24.9447321431852,20.4765239640619,18.2411246994364,22.8034489202195,21.1515129350441,24.5723944810914,22.5827998777406,20.327853813385,18.9693249680707,20.0109743157013,20.1444070394168,22.7477670974551,24.0600456188616,25.7109484414165,18.4354143059935,25.4895630854888
"lambchop_44",22.1472357203185,15.8891182736298,15.6617716491252,27.3849357748548,19.1329417360935,16.1858218016169,22.5068821412283,16.0682559283729,21.2289592545744,15.6042082025984,14.0177650236773,17.7435728989878,15.43799445903,14.2580620859839,17.4283847606887,20.6228889714227,13.2066709277358,16.6647572840536,12.3862979796,17.0830662621791,22.8266224345995,14.4406950478953,18.7114080123597,22.492119323248,14.4119563057458,20.3492905134059,20.0823580680118,0,20.957515948776,21.5589213750667,23.52211747385,18.3695507553045,21.6838574922729,14.9761801801122,20.0291876890056,20.5723317399572,7.45927252139901,20.1154288640908,20.5177350295918,20.90816027394,17.2916034819081,17.8916482919698,16.7087147606156,12.9547384673744,22.7101556559381,19.6539568057556,18.2589534855975,16.6391531469571,15.7495035956294,23.1807875009142,19.3027425045227,16.0689694146805,15.3247187775532,16.2925398760583,8.76849664133393,23.9656142825258,17.2576807311534,8.44321105744036,13.4054962108413,14.9569560758699,18.5431660136089,18.9023511950651,17.0635535289181,19.5494530940886,8.29765976051386,23.0632410212389
"hamlet_45",22.3558949831218,19.8699644859633,20.2996527273777,30.7337020650273,24.621487339444,16.9913171841787,20.2712104904656,20.4768696860442,20.493832812106,15.9581903453651,18.0165733070237,24.7486315403088,20.6657800593963,20.1279183642278,16.8504685382518,14.0274541351663,18.9027565069503,20.1784058095227,17.9650147494502,17.6592071789187,21.5861413301109,20.0888765631982,17.2425672982683,17.4692271091256,21.1307732935706,20.5596178269869,22.3087277354659,20.957515948776,0,8.56096389353868,20.384620790754,17.2709551400255,16.2999511012716,18.6123956286542,8.73226509125953,21.4000856873877,20.7790217813862,10.1394900639844,11.7343944218154,21.8810210420965,20.281417742945,17.9384520383366,17.5513355099783,20.4987260400185,13.6949913852964,19.1497114202704,20.5412264104662,20.229852709472,16.0410262566101,14.8136568462131,19.0103546632857,19.4768078759432,17.4139657700407,17.1490245589358,22.2852810380806,21.4112536067483,19.1438703124708,20.7572489683173,19.5442224462544,17.6489902564304,18.8441081469854,11.5092562604273,17.2852887463592,20.0395309908712,19.4649223711801,17.8546769380495
"hera_45",24.8945585407653,20.6580275676271,20.9924907249345,31.2661045538191,25.6821013103008,19.1867917425842,20.3492455639455,21.4018393898292,20.4468492477612,17.1373339224879,19.5444602919985,25.90542190548,20.8746129908323,21.0555891575992,18.0246598962448,14.2062531781324,20.4425110820278,20.8474888906598,19.3485735123019,18.7279614040242,19.9602547734143,19.9121370941837,18.4248037567839,18.1635447652697,21.1859337176506,21.1466454622891,24.2918614240902,21.5589213750667,8.56096389353868,0,20.7127305187244,18.3819023368915,16.5145181303251,20.0702823960296,10.7088407570804,21.6432204995879,21.828430586859,10.2001683277342,11.6576016289905,22.1311512635462,21.3061075286022,19.0426039078339,17.2246311846443,21.5135688213749,13.3813917560522,19.9149503391444,21.0969347859086,19.9822633865027,16.5489298429109,14.5001685465627,19.4175498826686,19.9844807386227,18.7631705701548,16.8220335924167,23.2879661425655,21.5304798792963,20.0409767104146,21.902059735794,20.9575630920415,18.7474118978298,19.7120279665871,11.8954999531581,16.7424474683654,20.7435805485933,20.5439529397242,17.7647158177385
"jarjarbinks_45",27.7924693307173,23.262073336868,22.6190702743534,26.2871496879926,23.3905443083365,23.4641201209362,25.6138470160409,22.2396625149772,25.1363035066908,21.8027459117737,23.920912421109,25.3579553147261,23.0331081260012,21.4289323074762,21.5475898866009,19.9930958209751,23.1043821498166,22.5617566343047,21.4959567419009,22.4201376586507,26.5935852799986,22.2233168662396,22.5293990873625,11.5386826897323,24.5585578336177,24.4516518150603,26.2553744792854,23.52211747385,20.384620790754,20.7127305187244,0,22.7067793608517,10.2859534831037,24.9295244951666,19.2791082521081,25.2037396803835,23.1879986061993,20.0129625919979,19.4776142069305,25.2045505715683,22.4493619444741,22.0928351626576,22.4202008698398,24.6548813214843,14.995131295941,22.7341892766667,24.415360218422,23.4020921798008,21.4544516430247,15.5932587338952,23.1745385659279,23.6993514938951,21.5903423699048,22.6688663171742,24.3857576369118,15.2124629002418,21.4248180727197,23.6463841716328,24.7569611136595,22.2392640435704,21.6420105088435,19.8314431489442,22.3381026288145,23.2704101222469,22.6391083783839,17.649322019741
"korra_45",21.2233683972641,17.6884868128827,14.4638978954896,29.1472893534427,22.4509412108376,17.3021760918622,26.3859311923367,15.5763557662621,25.211255711144,15.401690909727,19.1753499006591,23.572698639599,16.5340065205354,20.4977746339324,11.988337935064,16.6341014550885,14.9222520469197,16.9893980256096,16.1465811533694,11.6550579651941,25.9764926981622,20.8254676061789,11.7726021728942,20.4371245813121,15.426041968761,22.1669554445648,19.1829382937323,18.3695507553045,17.2709551400255,18.3819023368915,22.7067793608517,0,19.636279489271,15.8494971966276,15.613107108268,21.8593135591386,18.5224521992234,16.6858113812097,17.0926398734045,23.1275901028688,11.5531904434336,7.45739221407916,20.0856653317359,15.7161826066339,20.6127205145402,19.5039927492056,19.8316658644275,13.3972834080019,17.5076886469413,18.1490463489495,20.0805570222416,12.155750956618,9.00000902133532,17.5007151836712,19.5189525611032,20.6760752233739,18.1064503575346,18.0372947649196,15.2793415526846,12.11014511409,10.7166364191545,15.6650435454571,18.7701378036379,21.554943405301,16.88181335505,19.3438298021663
"ophelia_45",26.6054365735514,20.757499936176,20.6993839025603,28.9856683439643,23.8927706819463,20.8339422310471,22.7271876663092,20.2743879840781,22.1510504086615,18.4754550567715,21.3294537787083,24.6739482332982,20.0780368804433,21.1390317606619,18.4142762049442,16.7093937012756,20.8630115353894,19.595668641603,19.1024146952164,19.2254626500832,21.8387668579887,20.8429219819841,19.7477473020947,8.88123783857912,22.2117915895588,21.2483447402103,25.2479712687227,21.6838574922729,16.2999511012716,16.5145181303251,10.2859534831037,19.636279489271,0,21.9745846581443,15.5140622569896,22.1695980175192,21.2209987588805,15.399870813122,15.3648836996907,22.1795419143261,20.2212955716025,19.548213269437,18.3477866877397,22.3231921433396,10.4179527928592,20.339890570907,21.6764449364386,19.9799592385972,17.9320388599783,11.8328713653334,20.0244442520288,20.6122070210312,18.8066311047329,18.7954102602719,22.8858904659913,16.5730530562854,19.0982064720721,22.1215166162405,22.3965920046737,19.0685258318123,19.1297032518705,16.1777279844811,18.7376778413787,20.4969632290942,21.1166638520698,15.2230681892605
"goose_46",21.5247689875465,18.7080895435128,15.6130469027954,31.2617961347073,22.9085289212184,16.7434119532297,25.2151136989863,17.0337266690738,24.1839718736554,16.069732955076,15.0706695110829,18.2119334350434,15.254584802381,17.7179136535736,16.8957562416321,21.3704719064972,13.590759746422,17.4568226130262,15.51705325048,17.0589628071288,25.0852118604498,18.0031245906933,18.2125126792039,23.1484613374053,14.2832347295602,18.5775658468918,19.6061232172262,14.9761801801122,18.6123956286542,20.0702823960296,24.9295244951666,15.8494971966276,21.9745846581443,0,17.6678381418017,19.5303505349117,15.91182795791,18.7447284199863,20.2098161070337,19.865633821726,16.7504774769471,16.6155353493846,19.4670759664635,10.5496983967231,21.5591082176176,19.1323684290855,16.890375105214,15.5032519807736,17.6412710958539,21.6282436095882,18.744613149411,15.0026068456112,14.7055454999885,18.3211919704323,17.5451392914634,25.9599378409285,19.3228045673519,16.3180925877072,9.61869913979186,14.2637874828614,18.9712625122675,18.5640095777963,19.1041102859312,18.6158358605099,15.7075042279374,23.5919728251751
"hamlet_46",22.0296766034854,19.4833963997022,18.6103249233886,30.3085497964785,24.0342021836842,16.543852972623,21.7384117996447,18.7664331741629,21.0969681389903,15.0872599841555,18.4996913485579,24.2971236956224,18.7462051564934,19.6647630120785,15.3654604160859,13.7111307951862,17.0301382936981,18.9884256267125,16.5101689513299,16.2449995559046,21.9499701225343,19.4000769068048,16.7362185500132,16.4927352680062,19.0898609010615,20.3599969367823,22.1887644283575,20.0291876890056,8.73226509125953,10.7088407570804,19.2791082521081,15.613107108268,15.5140622569896,17.6678381418017,0,21.0504686622097,19.940544597067,9.81289490794792,10.3876882915152,21.231187335886,17.8895678070972,15.9550388858719,17.690602909889,18.4958934283353,14.4971115705746,18.6759962315549,19.2634558257928,17.8299627047307,15.6872336847672,14.1494565174433,18.4585593525159,17.1051260368632,15.06905227293,16.5773629186724,21.1331577458095,20.8846792938106,18.0025519632358,19.4717220478254,17.6972191186247,15.0481394159948,17.3496259519421,11.2922913535389,17.3420338009803,19.1435329772007,18.9201273665919,17.4231444730432
