"","buddy_16","buddy_17","ivy_17","padme_17","buddy_18","ginger_18","ivy_18","franc_19","ivy_19","ginger_20","buddy_21","joans_21","franc_22","grogu_22","henry_22","joans_22","marshmallow_22","franc_24","ginger_24","grogu_24","henry_24","ivy_24","marshmallow_24","henry_25","ophelia_43","goose_44","iris_44","jarjarbinks_44","lambchop_44","hamlet_45","hera_45","jarjarbinks_45","korra_45","ophelia_45","goose_46","hamlet_46","iris_46","lambchop_46","hamlet_48","hera_48","iris_48","jarjarbinks_48","korra_48","kubo_48","lambchop_48","ophelia_48","wolverine_48","iris_49","jarjarbinks_49","kubo_49","ophelia_49","wolverine_49","jarjarbinks_50","korra_50","kubo_50","lambchop_50","ophelia_50","wolverine_50","lambchop_51","goose_52","jarjarbinks_52","kubo_52","hera_53","kubo_53","iris_55","lambchop_55","ophelia_55"
"buddy_16",0,0.431164377122674,0.296417722680493,0.58263825892006,0.543857614104209,0.405572235904043,0.329107193812071,0.410848045098325,0.469341165724883,0.388908438307897,0.394961211106456,0.457403058264285,0.377840311618805,0.515356783814723,0.376366955210186,0.439448822223864,0.462648299381013,0.350035866984676,0.347348700134271,0.416599821129945,0.397273502068063,0.513428091986969,0.519386159709515,0.367702743368062,0.488573556273342,0.567928270766836,0.395920126867252,0.135421278185036,0.34406305555752,0.225489746898604,0.290654556625672,0.514825060634192,0.234081542206849,0.460770177549699,0.280808925162359,0.305914762587473,0.360199372840739,0.258599771510741,0.405968163741282,0.42531318287109,0.4376787010881,0.452119654413177,0.394676732940857,0.363898465391904,0.480163721937663,0.315705581337674,0.430478255150816,0.493768395239479,0.473040646334297,0.39990477587501,0.307346617629687,0.439632898953159,0.476532114676941,0.352981377727346,0.431946308000853,0.359021555615653,0.512798923143903,0.51982476099512,0.410869275027758,0.431108550004592,0.4979126249728,0.363119436168464,0.527127765466536,0.466712368260659,0.504771051759972,0.169569309203342,0.463031612655181
"buddy_17",0.431164377122674,0,0.218920992568307,0.55654712769769,0.399271116831029,0.14403669628933,0.233375053619837,0.140671405483515,0.142239931378768,0.185920710601769,0.10061898719803,0.190348118609987,0.186690194707456,0.445732803913098,0.143878293339891,0.167403421610374,0.157175164504253,0.174235294514942,0.208369068364144,0.196736899542772,0.118195985598466,0.153728086246344,0.361634786372648,0.221444901903181,0.178299059029962,0.254596499825847,0.201178417826511,0.422513871863528,0.194304865860591,0.324782915973303,0.311020558186911,0.402476878491795,0.260473845449879,0.170979216088809,0.220945190064194,0.237692838447713,0.200605816802756,0.222139929767526,0.232300109493982,0.220378366406966,0.185661003828808,0.198399452183657,0.152747501143607,0.181942591765424,0.161019753427617,0.264884025056771,0.18310842949392,0.192381141821043,0.175343734036569,0.170536423483911,0.27391056894316,0.138667984024303,0.164585937523451,0.197091444094082,0.159448968904243,0.184197717224444,0.456020876290471,0.236501076772927,0.198962200421065,0.131399670507166,0.188363915757344,0.256686636411928,0.236697408407783,0.162760018572241,0.181678277581708,0.326245050773215,0.210227496892649
"ivy_17",0.296417722680493,0.218920992568307,0,0.557374865693112,0.431005810737183,0.233820230965777,0.191387924856517,0.135488475954587,0.234590463425051,0.193097274977276,0.214887517464362,0.268456726280681,0.126787637068162,0.472803683858126,0.13260616433939,0.184472772783366,0.244149433087207,0.101621138438205,0.140822214419665,0.170943663256279,0.15531350651837,0.286113011844735,0.392856680950231,0.188263776510526,0.233799458737268,0.328987667952709,0.171065212307691,0.285002919442852,0.148993030793051,0.239665896797296,0.210913878428618,0.398774232705591,0.0966029285217626,0.214037832568349,0.0953198145904527,0.150655882069873,0.134384866089625,0.132372385651818,0.183588730974258,0.193750220522078,0.198435735276361,0.195577384844434,0.138869350779495,0.157374969239138,0.264455952326187,0.175328663602517,0.188075044260562,0.257963463012641,0.22313391618046,0.183429277978018,0.171687763893024,0.196983476154265,0.250158844263477,0.146881479042282,0.205835239469718,0.164862418351027,0.459232133854425,0.297997393890879,0.223410266963857,0.205506982792239,0.26609310900952,0.153485305832675,0.31760785610215,0.234366346637355,0.260429833232556,0.193738870060058,0.221826768102577
"padme_17",0.58263825892006,0.55654712769769,0.557374865693112,0,0.299263144391128,0.589415463661236,0.580478697784557,0.57774137769894,0.595861469661208,0.616353083408782,0.559929417126723,0.509752905786638,0.627412246740561,0.276320505355277,0.550780050404016,0.536122115154865,0.512662802095661,0.598830952993501,0.62554123047669,0.457955697948571,0.538192968116362,0.63190390673581,0.360006432375605,0.438064518478604,0.547278529569511,0.594596709835024,0.625955730874549,0.495401591954428,0.608316590208522,0.610227163721787,0.617828577806264,0.217480230394107,0.56252353789133,0.543183469743421,0.577219532271735,0.608866539038392,0.603806731663036,0.598049944743503,0.637868397552086,0.625447831968265,0.630764949460835,0.435876517888606,0.530099076235978,0.617295528055353,0.578705732629656,0.592916373465648,0.490870968568328,0.631010602999409,0.61290172949587,0.620177767174806,0.58492841511038,0.568811040695505,0.594382810243061,0.613044958432383,0.618628357803281,0.596451402432252,0.14811179870637,0.441700024184209,0.609512926367373,0.577274300572091,0.627249959546768,0.441498391997521,0.62358968981426,0.624513687751992,0.636704683154223,0.609444162781229,0.439914663542741
"buddy_18",0.543857614104209,0.399271116831029,0.431005810737183,0.299263144391128,0,0.421347971499586,0.4468725204895,0.42474663338771,0.446106394395285,0.478413697481192,0.384404061956109,0.290752668729761,0.473138451083191,0.131792064942661,0.421805954857026,0.386378918105301,0.301243004465148,0.446032006039788,0.478156453598625,0.283409885438464,0.391263290119819,0.477537790389015,0.121969406681668,0.325675129747056,0.381014640173188,0.420424392344858,0.460330960925134,0.430438639637,0.456894231718759,0.485916818392186,0.494543313282833,0.228520429077807,0.438479901821082,0.380180161247316,0.439450672260667,0.465263302379147,0.454798597389707,0.443336112300656,0.500250200257991,0.486619672993854,0.465404489492894,0.3209964598741,0.395562402284847,0.468462139004811,0.399225798373993,0.46794881873694,0.348712587230286,0.461446550253506,0.46178459653386,0.459121977126694,0.46274402471218,0.395540278689486,0.444085979871388,0.466824165271599,0.46920014105179,0.435037667425276,0.264142548935608,0.305097982030278,0.446062894732142,0.39557194921989,0.479405942344883,0.353932850738568,0.456940803228297,0.475197160509068,0.462416191982601,0.477831568350504,0.329452000589716
"ginger_18",0.405572235904043,0.14403669628933,0.233820230965777,0.589415463661236,0.421347971499586,0,0.275304008970803,0.125384797502156,0.148830851794754,0.11207497603095,0.163611439091868,0.177522123368851,0.163880480169131,0.470527552874889,0.145242296464663,0.165512073618153,0.156988675330071,0.170713885826601,0.137366061899148,0.210863264738801,0.109332748002737,0.176478763577554,0.393263823577555,0.219914744422308,0.183229481841394,0.229021107315648,0.174240706514673,0.413360703453526,0.148864865200594,0.313268518192173,0.30755812029834,0.437922043768677,0.265555793669303,0.161788737261602,0.207897595539777,0.219412091888405,0.207078343045149,0.191958548674263,0.208139384764046,0.202658145231133,0.137133564328018,0.238446579477103,0.15447834749416,0.161804707877379,0.13367683844666,0.262167372827174,0.183134882419581,0.142429087774652,0.19335173660176,0.102763124706165,0.279993037297798,0.115789820890745,0.148705385359194,0.135848725140505,0.108415102053029,0.106692708012323,0.489195739888713,0.219996856985176,0.111664254926877,0.0962650835380414,0.149673796266836,0.265000326391648,0.170389534960514,0.123080410668022,0.1336630707195,0.307897231401301,0.237673597888059
"ivy_18",0.329107193812071,0.233375053619837,0.191387924856517,0.580478697784557,0.4468725204895,0.275304008970803,0,0.262201472927556,0.202141324771498,0.234159929488921,0.224642571412473,0.325342892300875,0.24357360510572,0.469887204349007,0.214842201039169,0.238177780069043,0.315235807110281,0.195634990640253,0.238536032922906,0.289334532000286,0.244663643258093,0.252083332958215,0.390607086063992,0.239970068196677,0.285595787163037,0.397166157255291,0.199973917216559,0.325010574195642,0.228232032365723,0.165254730717216,0.137950971997866,0.427104076359367,0.176782688764562,0.264071037662541,0.17244847851516,0.137363833758376,0.157489980887238,0.17842833700045,0.196165835678206,0.20800967242799,0.251222238469671,0.297269931317035,0.259320134153635,0.167015857010402,0.324066620429265,0.118603770980598,0.256066215686806,0.323716350146718,0.300905075109128,0.23298255888492,0.125219646365832,0.241974876813968,0.312066981912096,0.235089562170099,0.2525235708627,0.252818451094004,0.481736038389269,0.361875032332579,0.308702269136605,0.286309844012064,0.329877577845788,0.244732926942106,0.345345812679513,0.270298006306337,0.318880191818811,0.235871330693172,0.275131991477104
"franc_19",0.410848045098325,0.140671405483515,0.135488475954587,0.57774137769894,0.42474663338771,0.125384797502156,0.262201472927556,0,0.135482805317714,0.129910858982883,0.168597760701513,0.203477775416948,0.0855330410808173,0.481824854410241,0.100208075707723,0.121307036276659,0.157296721816883,0.0908453060961422,0.126690774799473,0.16731872896778,0.0736572857133985,0.173932282912394,0.388584175102605,0.200090308977195,0.153585638457304,0.2224762606247,0.142391077800544,0.402455764494207,0.137397505279062,0.313423337214113,0.282170398697825,0.409130121899278,0.197707167491187,0.141561754999849,0.182025192228103,0.202670097661773,0.15318344745228,0.193219774049609,0.169860289793359,0.156927998926424,0.0996638643854266,0.193002806776633,0.0903922951472891,0.136128750083723,0.161201421193736,0.23540197706206,0.14929156355467,0.147918228191893,0.151000746962335,0.0963189079489346,0.235250704968589,0.0944987857273988,0.15380605878659,0.116180243382487,0.101526071413878,0.12340295350069,0.475654427495273,0.235804543049295,0.134022893569122,0.107138741082542,0.158720303853918,0.182774953564144,0.20163660059723,0.123037912155362,0.14018685970869,0.289012192805054,0.198299625076653
"ivy_19",0.469341165724883,0.142239931378768,0.234590463425051,0.595861469661208,0.446106394395285,0.148830851794754,0.202141324771498,0.135482805317714,0,0.166097535879255,0.187070699066569,0.244471812782279,0.162677241900682,0.480398826579888,0.152135932901798,0.138283146199717,0.20362036497024,0.160370185330533,0.195617574809591,0.229398519885762,0.148718209773388,0.0844710244535196,0.37780162056302,0.256908234044664,0.147805648311505,0.243021308807288,0.153566146124872,0.467104444491936,0.193248368091944,0.309411857243843,0.264182990012743,0.42091839926062,0.283734209973754,0.13599531773349,0.230889168012904,0.205250287671162,0.173623300540541,0.244105395467414,0.146341246619528,0.134598917738324,0.142646793203263,0.229447558121859,0.176842865565108,0.148661479961602,0.204442845561771,0.217939815526619,0.17910089443392,0.180465744995405,0.173194440099983,0.138269041503627,0.229822331900606,0.108332251002217,0.177460142807167,0.187595092655869,0.120291330524843,0.191354184427632,0.491003536651536,0.264202896412415,0.21517639168045,0.162492084928742,0.167999076969295,0.273776392869649,0.178008894124964,0.0960651411295508,0.151769152815319,0.347186448566961,0.202519905369839
"ginger_20",0.388908438307897,0.185920710601769,0.193097274977276,0.616353083408782,0.478413697481192,0.11207497603095,0.234159929488921,0.129910858982883,0.166097535879255,0,0.198645785297694,0.238482460317708,0.118164933154811,0.499058244823718,0.0947843678788855,0.179078976753975,0.203673301809748,0.133034571745288,0.073692107694735,0.227474749937788,0.129651973978205,0.18132002188781,0.408336394057606,0.217373462682365,0.223064288268155,0.28096698623632,0.1374188599006,0.392701020603143,0.0922024900724036,0.264360005988999,0.238355022809585,0.455408295118005,0.223783444420251,0.202958600014142,0.171184706298597,0.178081952283536,0.155379582734652,0.184142344453819,0.130028282899018,0.12623161001691,0.117210280956519,0.261992453598291,0.162133056403699,0.0948995965955875,0.190846885969331,0.204170417470206,0.21820860900211,0.180327453688483,0.221800046662891,0.0670042019004542,0.224951188325027,0.162581489331799,0.188287616614556,0.0697216607204545,0.0912189586471476,0.098496996423848,0.514372743599894,0.282453655931889,0.145104645721526,0.145365342440403,0.160508907802895,0.218675318635337,0.175651241267036,0.120164676510338,0.169384284449886,0.274824457275122,0.257522870984556
"buddy_21",0.394961211106456,0.10061898719803,0.214887517464362,0.559929417126723,0.384404061956109,0.163611439091868,0.224642571412473,0.168597760701513,0.187070699066569,0.198645785297694,0,0.191104106526702,0.202679003773599,0.425063010208963,0.18112228491539,0.185377259702612,0.183962309274107,0.189974403071019,0.215394065979837,0.179373235732508,0.156039247163656,0.218710509652228,0.354942997280078,0.207010982074283,0.219429345770599,0.306857400999698,0.209748120818576,0.375649829200606,0.190634276015803,0.310506756762861,0.295947360487609,0.411788112890118,0.250586068310642,0.199306832518737,0.194031090581189,0.236110139057815,0.210924812318921,0.204356175095588,0.257726912605049,0.250195389134191,0.210606153938914,0.227517342662989,0.1741980619231,0.187714999200468,0.201023668741064,0.267427078789805,0.193258712638086,0.243263212628251,0.223034219140047,0.182970060987373,0.282076427631813,0.178273403412817,0.240062143073064,0.209623949553846,0.199264995301836,0.185519453859736,0.461931443910459,0.276165025856455,0.203653124927812,0.147809633530442,0.258560188037427,0.234634800352124,0.276666968382903,0.20752984713038,0.242075668466647,0.293136941925875,0.226211937753455
"joans_21",0.457403058264285,0.190348118609987,0.268456726280681,0.509752905786638,0.290752668729761,0.177522123368851,0.325342892300875,0.203477775416948,0.244471812782279,0.238482460317708,0.191104106526702,0,0.244430664316858,0.350549938379229,0.217474833577656,0.19714484485721,0.086627972922289,0.235001808347474,0.248494205492372,0.157100475691459,0.18040035276241,0.259645607749591,0.288807983278852,0.215306794900832,0.191436889124224,0.29450333071085,0.230043745285309,0.364866012097819,0.226389277160554,0.372897328588391,0.368881237479487,0.363033273936847,0.315169617252747,0.177851768853902,0.261566959715826,0.300825611338383,0.256728091678009,0.238469799810251,0.308243580117539,0.300583046660207,0.226803099908112,0.197527108778349,0.198122274564346,0.237157654132074,0.184546530857459,0.330059461395893,0.16845956222248,0.228860971620927,0.265086176619613,0.219612598307145,0.342263548409156,0.187167714831424,0.232780822380286,0.243291593063217,0.236339165861742,0.198133117749532,0.417958763526538,0.159075215473052,0.209232640451733,0.159241966940842,0.255881178863391,0.248786184847905,0.269283668792285,0.243348204731285,0.217633909004046,0.353974809272151,0.200713666916469
"franc_22",0.377840311618805,0.186690194707456,0.126787637068162,0.627412246740561,0.473138451083191,0.163880480169131,0.24357360510572,0.0855330410808173,0.162677241900682,0.118164933154811,0.202679003773599,0.244430664316858,0,0.513207365388739,0.128611418884145,0.177460264741188,0.210184883266057,0.068858354518674,0.0999568506007616,0.214389381924656,0.13876910602427,0.182677126139304,0.424925794335001,0.225158021363661,0.201358940098081,0.253844067455517,0.113103269564359,0.378129815654931,0.11347017942329,0.278707231175084,0.249154610175518,0.454635761372085,0.186361529305131,0.184740602347044,0.159543627134179,0.167919055237408,0.127254525542928,0.156932215373159,0.122983262614533,0.110708954799405,0.103720445235075,0.23679234195196,0.140159669671067,0.113065812151909,0.205906678091918,0.224083850030059,0.204116183734112,0.172487290621235,0.164266369995331,0.0968953483249421,0.233321030455061,0.152984991978583,0.187703129699945,0.0878929837495056,0.118342878169111,0.104278649686621,0.52445348798571,0.29870929136079,0.143370876790334,0.150086840834104,0.170238568748971,0.198880272940699,0.224908328652999,0.140744895610271,0.15693449459066,0.247126711581983,0.253616657399179
"grogu_22",0.515356783814723,0.445732803913098,0.472803683858126,0.276320505355277,0.131792064942661,0.470527552874889,0.469887204349007,0.481824854410241,0.480398826579888,0.499058244823718,0.425063010208963,0.350549938379229,0.513207365388739,0,0.458061534762898,0.448294187981419,0.346692059698398,0.493365097060686,0.51222437683631,0.330660440752904,0.448043968498444,0.510863606474981,0.1161803151269,0.381080045375051,0.449299088953975,0.47682968166947,0.509670176479631,0.400940572360018,0.493289670540729,0.502655014520174,0.507758813760426,0.235263562109648,0.481096161713101,0.445547548472825,0.449622688549009,0.497403475314205,0.496977106447168,0.489195109636081,0.518399210013872,0.509336615297613,0.51169223806395,0.365291045493233,0.449132359158637,0.500137152180954,0.443633661195899,0.487590289514509,0.422205700767994,0.510948537014318,0.492149889150469,0.501653272202209,0.483644790833723,0.466502683399036,0.471668399598631,0.505328732454075,0.500231617722477,0.484242485369061,0.202513024771534,0.38004008220193,0.497661747261131,0.440888669396559,0.504612133433362,0.38814573062925,0.501427969216861,0.504297737429469,0.513807428439227,0.510700132819049,0.380633187602867
"henry_22",0.376366955210186,0.143878293339891,0.13260616433939,0.550780050404016,0.421805954857026,0.145242296464663,0.214842201039169,0.100208075707723,0.152135932901798,0.0947843678788855,0.18112228491539,0.217474833577656,0.128611418884145,0.458061534762898,0,0.11668094142617,0.174382954587275,0.112786473207951,0.132616725024179,0.166256814372955,0.0652933538639223,0.203157912600632,0.361691329822524,0.149562715040079,0.165357551301913,0.280592088688707,0.13965525782114,0.364645287613115,0.136832444901444,0.261449846021176,0.234087690390397,0.387693418278356,0.165397154175149,0.148703028253611,0.142275036799206,0.167412372662211,0.136610159299122,0.196997731515948,0.13699274807681,0.125620703571357,0.137339693201466,0.178690365767514,0.0899613162707813,0.118989389884521,0.192401355885531,0.177664542869631,0.141349423359265,0.206142008484115,0.171509377428092,0.105342964012182,0.180195851130325,0.123043828486237,0.177245279344172,0.107746725018204,0.11186042424873,0.144218552663347,0.447125367417148,0.24089039655245,0.196991565610565,0.14248942565308,0.178027090938088,0.150647106263183,0.222210699886052,0.142738817502749,0.199639719565718,0.285774806896911,0.189740121406809
"joans_22",0.439448822223864,0.167403421610374,0.184472772783366,0.536122115154865,0.386378918105301,0.165512073618153,0.238177780069043,0.121307036276659,0.138283146199717,0.179078976753975,0.185377259702612,0.19714484485721,0.177460264741188,0.448294187981419,0.11668094142617,0,0.183574994625753,0.158290889041362,0.20834558223088,0.178490144683647,0.0957261100906783,0.190041613741641,0.36345705361578,0.168679799649114,0.105097370992421,0.262052193323393,0.14583381972311,0.424715201901264,0.195187182021169,0.289240990065393,0.250518023289422,0.357761293517236,0.234712005314259,0.0722349176671106,0.222627538081579,0.191298662334558,0.172798510925121,0.216703247876616,0.169091309258448,0.152216904345374,0.155755741176137,0.187980000103103,0.10247460385009,0.165701543759275,0.205429680677187,0.212653262408258,0.0931785132538674,0.202655129796951,0.20653893388471,0.158047327819087,0.219512158852063,0.0937743419712895,0.211160873505173,0.194685366070248,0.159437567738494,0.183366702981334,0.42382313385691,0.180754862623897,0.192526982450031,0.162948370269659,0.228517780788944,0.200425918312296,0.21300169401341,0.165655951891962,0.191152825038215,0.33194793600365,0.144805731500506
"marshmallow_22",0.462648299381013,0.157175164504253,0.244149433087207,0.512662802095661,0.301243004465148,0.156988675330071,0.315235807110281,0.157296721816883,0.20362036497024,0.203673301809748,0.183962309274107,0.086627972922289,0.210184883266057,0.346692059698398,0.174382954587275,0.183574994625753,0,0.209645801028734,0.20843032540616,0.121875549357662,0.130253519600844,0.209280553506391,0.254679741832044,0.208088656814237,0.173419790269027,0.230327092568384,0.22820805704389,0.376502041725102,0.204067723960686,0.366043104757137,0.346525661186563,0.354302204746828,0.291102835550717,0.178246291158974,0.239122118624649,0.269043433399775,0.238225669503484,0.256072885047872,0.258823347287665,0.253056350531227,0.194957507622359,0.157180992200087,0.156520274975362,0.212294141289815,0.115394275815623,0.309455807643585,0.169909484964444,0.187841757386534,0.20690030591508,0.184319807704455,0.317926143483871,0.166274886329761,0.16841293190653,0.197859625091737,0.182319242968195,0.193013196704741,0.415921694778315,0.171932747416841,0.204193917984646,0.110180645828667,0.186636893154724,0.226864442686236,0.217743185820823,0.191045194565272,0.184415004438474,0.357323955937497,0.181435866165507
"franc_24",0.350035866984676,0.174235294514942,0.101621138438205,0.598830952993501,0.446032006039788,0.170713885826601,0.195634990640253,0.0908453060961422,0.160370185330533,0.133034571745288,0.189974403071019,0.235001808347474,0.068858354518674,0.493365097060686,0.112786473207951,0.158290889041362,0.209645801028734,0,0.104617828076742,0.195928698383952,0.13159183165353,0.207336882590886,0.406321207703052,0.192735466706771,0.194006375430596,0.28284554163733,0.0947927603876304,0.345783871574287,0.120967658909607,0.242070311742513,0.214632092151422,0.425737949836593,0.15074307404115,0.174797735779789,0.126992971057237,0.132825074326655,0.0891848482262602,0.138860690593903,0.123354754168117,0.128521997361283,0.125715363371373,0.221597863571307,0.127254731331477,0.0889326640126346,0.220535728712231,0.172836396378281,0.170203563454395,0.199289457612931,0.183381604666475,0.103640320368554,0.178016624542973,0.137392790017511,0.202310760899646,0.0945482698963049,0.132833740317498,0.123557680578072,0.495889659197219,0.285418623995661,0.177670390972786,0.166232507635423,0.215918535924063,0.177785093671681,0.253141821610002,0.160131408271818,0.191350407966236,0.231836631562622,0.222154993802476
"ginger_24",0.347348700134271,0.208369068364144,0.140822214419665,0.62554123047669,0.478156453598625,0.137366061899148,0.238536032922906,0.126690774799473,0.195617574809591,0.073692107694735,0.215394065979837,0.248494205492372,0.0999568506007616,0.51222437683631,0.132616725024179,0.20834558223088,0.20843032540616,0.104617828076742,0,0.242185106658701,0.152736049459983,0.211532690483223,0.426361108640385,0.244444792068288,0.247033160728927,0.295725671494167,0.13347271592742,0.350197603168379,0.0467417677498833,0.272427282971695,0.250070556144451,0.474929226104294,0.197705145203649,0.230857884095621,0.158727552029019,0.182021940380686,0.151071485197684,0.129949834386863,0.136384091387466,0.152946627022797,0.132215318674679,0.282759526988179,0.182505785901949,0.0870053761376295,0.202531572741623,0.217738355594885,0.231953623320426,0.186492185101677,0.245803619487336,0.0827885881979892,0.232884586344877,0.182258583652248,0.211981983266928,0.0418672588980401,0.118189344611851,0.0702284370805128,0.529321199521207,0.290970132161156,0.132301641422514,0.158898577440668,0.184289718457186,0.232295716698495,0.21150554267733,0.15216782191018,0.180755701829591,0.224669447563662,0.288004843173269
"grogu_24",0.416599821129945,0.196736899542772,0.170943663256279,0.457955697948571,0.283409885438464,0.210863264738801,0.289334532000286,0.16731872896778,0.229398519885762,0.227474749937788,0.179373235732508,0.157100475691459,0.214389381924656,0.330660440752904,0.166256814372955,0.178490144683647,0.121875549357662,0.195928698383952,0.242185106658701,0,0.149507951260458,0.275268524180838,0.246464803352711,0.137907796940766,0.213517574920771,0.304828689757604,0.24678827693432,0.31283767863316,0.23950667322456,0.331944749506076,0.30840178345901,0.298028065878522,0.211464209566646,0.190686083787018,0.1969802755624,0.254011659248897,0.232880960470311,0.263728909289901,0.272540103197741,0.259247694302613,0.238561742092942,0.0988083972045732,0.133503023917126,0.23315456716894,0.218232139260387,0.273556189596929,0.152239901034231,0.258576185989742,0.207831089523652,0.220835427749734,0.273667952756596,0.197090924186688,0.230100084860173,0.219000863739553,0.218359243719076,0.231484749855044,0.361430032004808,0.218611027650108,0.240629247837979,0.16480657682593,0.255796453554504,0.123007695058462,0.310938895033818,0.227621385598112,0.264133744059706,0.316792869174449,0.140442758304354
"henry_24",0.397273502068063,0.118195985598466,0.15531350651837,0.538192968116362,0.391263290119819,0.109332748002737,0.244663643258093,0.0736572857133985,0.148718209773388,0.129651973978205,0.156039247163656,0.18040035276241,0.13876910602427,0.448043968498444,0.0652933538639223,0.0957261100906783,0.130253519600844,0.13159183165353,0.152736049459983,0.149507951260458,0,0.181582447968987,0.356358487590692,0.142463867771757,0.139886325345214,0.237118883048695,0.157389138791682,0.383585424605256,0.158200321508576,0.288875669758721,0.269905383789278,0.378882867739712,0.192432168317708,0.1223582459728,0.176904294038301,0.190257315797297,0.160422854548893,0.206359799265759,0.184280827825101,0.176480908066653,0.128340901166098,0.164068301388956,0.0576244067655745,0.148852804271204,0.148795871867002,0.220927396104966,0.11116158085556,0.169097756595294,0.160135073554938,0.120299360431582,0.229074447486181,0.0926617352218311,0.152617171608624,0.13313833323584,0.105771184342597,0.145423384434832,0.434663945248304,0.195182903021328,0.159377169357277,0.100438446961406,0.170494793258357,0.178374911448338,0.211476834788818,0.134884349051554,0.165913759837399,0.297618957326766,0.165425610207306
"ivy_24",0.513428091986969,0.153728086246344,0.286113011844735,0.63190390673581,0.477537790389015,0.176478763577554,0.252083332958215,0.173932282912394,0.0844710244535196,0.18132002188781,0.218710509652228,0.259645607749591,0.182677126139304,0.510863606474981,0.203157912600632,0.190041613741641,0.209280553506391,0.207336882590886,0.211532690483223,0.275268524180838,0.181582447968987,0,0.406225483753318,0.30621611267033,0.161490902836705,0.233872042762428,0.179925271509791,0.518954272986932,0.21887028365128,0.346240438090117,0.296340751990679,0.449271878751199,0.334684284418563,0.1722583216259,0.281568406446958,0.245192561289685,0.214948377755775,0.286621322682294,0.173883236516868,0.169268863008165,0.147135830605147,0.257663801155591,0.217381600678698,0.176754040952429,0.195703691808503,0.268388340668114,0.229613686541086,0.154913925885722,0.193514714242187,0.155718647087899,0.286808058004579,0.145625387360386,0.172836337306417,0.210798489719305,0.125364260907347,0.222220705002884,0.52257874786986,0.277436594699633,0.219207000315739,0.181958663971947,0.139560003584015,0.329595049086115,0.152585402111362,0.0985799732591538,0.114260364619448,0.383186128572008,0.228502018033784
"marshmallow_24",0.519386159709515,0.361634786372648,0.392856680950231,0.360006432375605,0.121969406681668,0.393263823577555,0.390607086063992,0.388584175102605,0.37780162056302,0.408336394057606,0.354942997280078,0.288807983278852,0.424925794335001,0.1161803151269,0.361691329822524,0.36345705361578,0.254679741832044,0.406321207703052,0.426361108640385,0.246464803352711,0.356358487590692,0.406225483753318,0,0.318826391978442,0.346864199251659,0.39565311244938,0.428687679715187,0.407376427187544,0.408948640666133,0.433448357141519,0.426259779800559,0.209905683719257,0.409455091067987,0.355033375442804,0.357201556575462,0.411839965676449,0.408912104253242,0.434332323640796,0.418748449608339,0.408438260709415,0.419023279705151,0.271802616185039,0.367655733709798,0.407864772784844,0.357140422789905,0.39630270401851,0.342321088471021,0.420487349369222,0.392267461559267,0.407735707303091,0.390563722573924,0.370871324584939,0.372956855076691,0.415563813184251,0.400122332682923,0.413620492742108,0.270816136304278,0.314151900772684,0.442940409241862,0.351153427543137,0.403622384190145,0.30245214414115,0.395638106678544,0.402701814759468,0.412180186657385,0.466964767754803,0.284898039168429
"henry_25",0.367702743368062,0.221444901903181,0.188263776510526,0.438064518478604,0.325675129747056,0.219914744422308,0.239970068196677,0.200090308977195,0.256908234044664,0.217373462682365,0.207010982074283,0.215306794900832,0.225158021363661,0.381080045375051,0.149562715040079,0.168679799649114,0.208088656814237,0.192735466706771,0.244444792068288,0.137907796940766,0.142463867771757,0.30621611267033,0.318826391978442,0,0.228074591019612,0.350819980822131,0.22018313231226,0.307482747215155,0.238550599218135,0.261651571286611,0.257521126337242,0.287378680445151,0.1933154710331,0.202749458244415,0.194880208310275,0.215695101292394,0.211047974813273,0.239248851941871,0.248894117114661,0.241462043457273,0.231639952788875,0.115730355087677,0.13805130956053,0.222015622809311,0.272080347418357,0.229555759731867,0.122627062447781,0.295265043867669,0.261710578415933,0.208726369269202,0.235136796148777,0.199826589274023,0.279765634268841,0.223267302687107,0.229266611909896,0.225816263411132,0.326028528349993,0.180728997927813,0.260499175836483,0.229812493651916,0.304983591457036,0.0824715367551635,0.318406986302761,0.250140941403167,0.300135183630176,0.281651530554024,0.118091879385148
"ophelia_43",0.488573556273342,0.178299059029962,0.233799458737268,0.547278529569511,0.381014640173188,0.183229481841394,0.285595787163037,0.153585638457304,0.147805648311505,0.223064288268155,0.219429345770599,0.191436889124224,0.201358940098081,0.449299088953975,0.165357551301913,0.105097370992421,0.173419790269027,0.194006375430596,0.247033160728927,0.213517574920771,0.139886325345214,0.161490902836705,0.346864199251659,0.228074591019612,0,0.249208944574681,0.199001421150398,0.470377530136837,0.24275268462999,0.348232958546887,0.315191760319351,0.347640108443253,0.292288368134405,0.0505436684222854,0.265147533506797,0.249880877121896,0.221320033739488,0.272088859636043,0.198685416770271,0.174345811484041,0.184650593015279,0.183685743965113,0.153053883698509,0.216602408030973,0.189986450236768,0.252833768182352,0.145077431128544,0.195137979119472,0.178101977098507,0.188682029629488,0.255485247764154,0.116805253997908,0.188871231297019,0.235205766118896,0.187393452260765,0.227966541539448,0.430693436376408,0.195728516500637,0.246920633131593,0.172415396801852,0.195018504611913,0.250248738193748,0.178498218003601,0.167972150315092,0.151216759003781,0.381248468349,0.131421847879716
"goose_44",0.567928270766836,0.254596499825847,0.328987667952709,0.594596709835024,0.420424392344858,0.229021107315648,0.397166157255291,0.2224762606247,0.243021308807288,0.28096698623632,0.306857400999698,0.29450333071085,0.253844067455517,0.47682968166947,0.280592088688707,0.262052193323393,0.230327092568384,0.28284554163733,0.295725671494167,0.304828689757604,0.237118883048695,0.233872042762428,0.39565311244938,0.350819980822131,0.249208944574681,0,0.291934068194815,0.558057358604468,0.294317420976301,0.438310689505389,0.403764251339204,0.443987336413522,0.377427943641601,0.249465982043719,0.349104453522567,0.331302205674219,0.309131139885002,0.359838287497567,0.301320097161909,0.286874712742369,0.237088965653925,0.293935081936427,0.248848854457426,0.313555602657186,0.122487952931524,0.372909666592274,0.289634125790058,0.157725250802451,0.241981670550156,0.261006352776685,0.383060428839808,0.221841603861922,0.133523044296676,0.282326750693188,0.229366958987038,0.272826923434513,0.518404986152154,0.249533961471114,0.216138398439257,0.176990356454352,0.156891565212201,0.37687456798613,0.17972129171248,0.210802473317112,0.186467149412386,0.445493648418232,0.303091677730511
"iris_44",0.395920126867252,0.201178417826511,0.171065212307691,0.625955730874549,0.460330960925134,0.174240706514673,0.199973917216559,0.142391077800544,0.153566146124872,0.1374188599006,0.209748120818576,0.230043745285309,0.113103269564359,0.509670176479631,0.13965525782114,0.14583381972311,0.22820805704389,0.0947927603876304,0.13347271592742,0.24678827693432,0.157389138791682,0.179925271509791,0.428687679715187,0.22018313231226,0.199001421150398,0.291934068194815,0,0.393928914337365,0.142530411172926,0.250347278516273,0.211616673182258,0.453139849167733,0.209975302220308,0.168094851277542,0.182320027641616,0.156985814984598,0.0737772462036706,0.162743676742707,0.121293614104367,0.136295715392507,0.0785314850402674,0.263195651847743,0.163244173496142,0.0951953407464306,0.231516976713456,0.195305948907372,0.165571407051415,0.163709744872629,0.222299349236069,0.111404621265389,0.208114482186166,0.133970071715989,0.22541168002083,0.132786994302411,0.134001810070511,0.150414068638599,0.520907128193144,0.279545308619762,0.181130817003232,0.186079340800123,0.212771447399261,0.232672802892666,0.229921159824131,0.157496835099559,0.152421344134694,0.273708253684066,0.24853228307155
"jarjarbinks_44",0.135421278185036,0.422513871863528,0.285002919442852,0.495401591954428,0.430438639637,0.413360703453526,0.325010574195642,0.402455764494207,0.467104444491936,0.392701020603143,0.375649829200606,0.364866012097819,0.378129815654931,0.400940572360018,0.364645287613115,0.424715201901264,0.376502041725102,0.345783871574287,0.350197603168379,0.31283767863316,0.383585424605256,0.518954272986932,0.407376427187544,0.307482747215155,0.470377530136837,0.558057358604468,0.393928914337365,0,0.339276748845614,0.25371783553304,0.29552610029291,0.436876528168088,0.221499483427173,0.441946407600634,0.26006666938349,0.310445165323724,0.351525667863326,0.269819615567859,0.411005858608339,0.426821549919986,0.435585181790574,0.376809194991184,0.371437874171274,0.362665776973743,0.458466399965083,0.312585335351125,0.388244736788486,0.49838525889887,0.460949369378668,0.402055157939067,0.299627484531905,0.433186790814416,0.467014873713703,0.351715842001357,0.433051342158875,0.35184535627414,0.433918765821475,0.461723055415209,0.411499367241243,0.406755324583293,0.495965988183668,0.294868197186389,0.53540460764461,0.469634562987952,0.509237000257156,0.232408721824566,0.402260344656962
"lambchop_44",0.34406305555752,0.194304865860591,0.148993030793051,0.608316590208522,0.456894231718759,0.148864865200594,0.228232032365723,0.137397505279062,0.193248368091944,0.0922024900724036,0.190634276015803,0.226389277160554,0.11347017942329,0.493289670540729,0.136832444901444,0.195187182021169,0.204067723960686,0.120967658909607,0.0467417677498833,0.23950667322456,0.158200321508576,0.21887028365128,0.408948640666133,0.238550599218135,0.24275268462999,0.294317420976301,0.142530411172926,0.339276748845614,0,0.275497165907285,0.255508569400877,0.465703478468138,0.207996910614567,0.222943789943604,0.153623276508222,0.193961129323803,0.155605686029923,0.106715268359718,0.164185397690707,0.165815827388102,0.15119384053941,0.281049894493044,0.187532620345713,0.0878985593963662,0.202691906781491,0.217660053277261,0.229368696101951,0.217552842345748,0.251638617974538,0.101489536851705,0.233788828588093,0.18190496267483,0.224850831908505,0.0604601392453445,0.136870354966444,0.0665375561822681,0.516778655239456,0.287709531651644,0.142717513926494,0.164803548235116,0.208158030635209,0.228433855231144,0.225258805924943,0.162747748208726,0.209500986022219,0.217345742988786,0.278567667607945
"hamlet_45",0.225489746898604,0.324782915973303,0.239665896797296,0.610227163721787,0.485916818392186,0.313268518192173,0.165254730717216,0.313423337214113,0.309411857243843,0.264360005988999,0.310506756762861,0.372897328588391,0.278707231175084,0.502655014520174,0.261449846021176,0.289240990065393,0.366043104757137,0.242070311742513,0.272427282971695,0.331944749506076,0.288875669758721,0.346240438090117,0.433448357141519,0.261651571286611,0.348232958546887,0.438310689505389,0.250347278516273,0.25371783553304,0.275497165907285,0,0.0744513058831491,0.460501054226394,0.165734738493939,0.319015863163792,0.20682324295433,0.123569347682558,0.213170631487956,0.223482976456716,0.221588814383532,0.241995287680856,0.295398747628541,0.344546607747585,0.295357212064719,0.222844550940696,0.374321667840369,0.129930783041274,0.307907775850555,0.358872973714433,0.355909011159294,0.271849133396284,0.135385691866233,0.298725530361638,0.357567700815549,0.261907232973024,0.294124602400589,0.296648808447473,0.511895338822496,0.414485452066383,0.339418849682922,0.334130185652822,0.367459311976254,0.279916977132096,0.358846190573132,0.31091289649488,0.359485379610172,0.16504331449027,0.325589267988517
"hera_45",0.290654556625672,0.311020558186911,0.210913878428618,0.617828577806264,0.494543313282833,0.30755812029834,0.137950971997866,0.282170398697825,0.264182990012743,0.238355022809585,0.295947360487609,0.368881237479487,0.249154610175518,0.507758813760426,0.234087690390397,0.250518023289422,0.346525661186563,0.214632092151422,0.250070556144451,0.30840178345901,0.269905383789278,0.296340751990679,0.426259779800559,0.257521126337242,0.315191760319351,0.403764251339204,0.211616673182258,0.29552610029291,0.255508569400877,0.0744513058831491,0,0.452261200566428,0.156439418438281,0.287063888996179,0.185099436413708,0.111829256751055,0.174525049111441,0.215760128373725,0.173014657875229,0.194168285669396,0.254877143548666,0.316220836031689,0.27050509164481,0.189305199749228,0.356280939274577,0.0872816226041219,0.284495012598292,0.32308057656597,0.319138594741711,0.246229129955837,0.0939384133845958,0.267392574429257,0.32589557926183,0.239901031696693,0.257035717173927,0.284902886185088,0.51553397377506,0.402585913016298,0.326155499771649,0.315393478465232,0.329719289620349,0.258747346771896,0.305737044701013,0.263884641515598,0.320518054796446,0.208176108394233,0.292086904962328
"jarjarbinks_45",0.514825060634192,0.402476878491795,0.398774232705591,0.217480230394107,0.228520429077807,0.437922043768677,0.427104076359367,0.409130121899278,0.42091839926062,0.455408295118005,0.411788112890118,0.363033273936847,0.454635761372085,0.235263562109648,0.387693418278356,0.357761293517236,0.354302204746828,0.425737949836593,0.474929226104294,0.298028065878522,0.378882867739712,0.449271878751199,0.209905683719257,0.287378680445151,0.347640108443253,0.443987336413522,0.453139849167733,0.436876528168088,0.465703478468138,0.460501054226394,0.452261200566428,0,0.41017195933694,0.345030890206041,0.42485874316581,0.44171234061268,0.438697126206832,0.469744911149823,0.459110881469545,0.44325331076429,0.456594512747046,0.264171188545702,0.361319220444303,0.452353987493293,0.421893249608379,0.420492971444583,0.326705008773348,0.457753577099737,0.432790935238399,0.448171200002334,0.422502220844091,0.394284052657175,0.421416918865937,0.461497119574527,0.443505693032691,0.461171229715203,0.120504352215221,0.291209490907576,0.47745611812913,0.416646896007927,0.451010531436733,0.27630964238748,0.438768446639695,0.443528841860805,0.452712011426883,0.48854790870016,0.253007224401359
