"","buddy_16","buddy_17","ivy_17","padme_17","buddy_18","ginger_18","ivy_18","franc_19","ivy_19","ginger_20","buddy_21","joans_21","franc_22","grogu_22","henry_22","joans_22","marshmallow_22","franc_24","ginger_24","grogu_24","henry_24","ivy_24","marshmallow_24","henry_25","ophelia_43","goose_44","iris_44","jarjarbinks_44","lambchop_44","hamlet_45","hera_45","jarjarbinks_45","korra_45","ophelia_45","goose_46","hamlet_46","iris_46","lambchop_46","hamlet_48","hera_48","iris_48","jarjarbinks_48","korra_48","kubo_48","lambchop_48","ophelia_48","wolverine_48","iris_49","jarjarbinks_49","kubo_49","ophelia_49","wolverine_49","jarjarbinks_50","korra_50","kubo_50","lambchop_50","ophelia_50","wolverine_50","lambchop_51","goose_52","jarjarbinks_52","kubo_52","hera_53","kubo_53","iris_55","lambchop_55","ophelia_55"
"buddy_16",0,0.441569616751244,0.302992371887663,0.595697489222591,0.556619129620521,0.415513762440838,0.336454750977299,0.420741767710214,0.48108800164657,0.398400497257162,0.404445675763944,0.468279268395548,0.386801364824189,0.527280464617557,0.385384980361122,0.449933944027022,0.473753549495256,0.358422828542815,0.355573254711518,0.426364475147716,0.406773769317265,0.52248235576966,0.531836089356252,0.37607744664888,0.500786974352926,0.58304854135482,0.405804237796973,0.138202580302534,0.352137396247085,0.230570356796503,0.297338951787132,0.526897226891566,0.2394778154845,0.472075645348947,0.287384863000752,0.313297802321434,0.368852933110513,0.264365463538045,0.415856289754562,0.435752305514885,0.448688817038693,0.462916832041275,0.40413050795691,0.372358286621842,0.492196606518618,0.323190340194108,0.440707672722336,0.506143151902587,0.485319362412328,0.409458096372312,0.314378495818681,0.450469398673808,0.488461279202487,0.361421603823587,0.442489914892739,0.367408547409519,0.524187807264768,0.53228451980792,0.420671174105294,0.441605807409868,0.510663197878621,0.371511918670798,0.540773491658728,0.478598285250875,0.5175311905833,0.172792391684101,0.474060293803251
"buddy_17",0.441569616751244,0,0.224925514445361,0.571422663911473,0.410518409945981,0.148114188296434,0.24006644408691,0.144420249313239,0.146959068049758,0.191106770061238,0.103183685880311,0.195811933505489,0.191756717270027,0.458151195059279,0.147722395029037,0.172091037224599,0.161643875864066,0.178803114023089,0.21399366023199,0.202017790785605,0.121438906247905,0.154865546513793,0.37215008630438,0.227204459001272,0.183608776800396,0.262509633490782,0.206303810506307,0.432858482211163,0.199464617695297,0.333276217757649,0.31930797042769,0.413943222210902,0.267192360832872,0.176083817086205,0.226908043255447,0.244151965930423,0.205901339127248,0.227970712845941,0.239035550723021,0.22677578554527,0.190935744099567,0.204158540828574,0.156975500243048,0.186929282971675,0.165704721341233,0.272010684938586,0.188299217136632,0.197884371181577,0.180660942289161,0.175269203257757,0.281214834697069,0.142493374441983,0.169366939357748,0.202290814110902,0.163936975392927,0.189153026128213,0.468169849534258,0.243361539021692,0.204747920675339,0.135055180820044,0.193928627374492,0.263632049441175,0.243921108090184,0.167356306870335,0.187058301775769,0.334277983422209,0.215998710899465
"ivy_17",0.302992371887663,0.224925514445361,0,0.571342386409393,0.442527543544594,0.240348441396697,0.196504944345026,0.139298963785192,0.241677223113543,0.198480121110442,0.22075029274119,0.275821325549792,0.130288219701527,0.485205472321548,0.13633391914177,0.189611659805961,0.250998075580853,0.104565533132583,0.14472598984955,0.175540000823748,0.159619823236689,0.290626815070332,0.403567042194563,0.192752481806785,0.240628104098485,0.339001430725614,0.176135754655153,0.291447037016954,0.153075626727549,0.245517820576905,0.216243909916205,0.409408038670556,0.0988927474525743,0.220201031984547,0.097701835810933,0.154580840589787,0.137962676012654,0.135609587400342,0.188818734652476,0.199345144307751,0.204319827088388,0.200925374085952,0.142601296796591,0.16172375704518,0.272186384844341,0.179826717767631,0.193186085574756,0.265384578989348,0.229895569370162,0.188462867829388,0.176013245590025,0.20271729883615,0.257435321533109,0.150975284257808,0.211687520986093,0.169312530484393,0.470662548729812,0.306321199703708,0.229497024170828,0.211323856789119,0.273999363768591,0.157476377209742,0.327081574259298,0.241200780565002,0.268162060392351,0.198148788349116,0.227688112956063
"padme_17",0.595697489222591,0.571422663911473,0.571342386409393,0,0.307076165136054,0.605129719274612,0.595679748092052,0.593114367290256,0.612912390841723,0.632588729041122,0.574356290014288,0.523104485855651,0.644013940004426,0.283349938972544,0.565120590416259,0.550489673720064,0.526256855878845,0.614387542926817,0.641662686365901,0.469740217483912,0.552293915210091,0.645099472535538,0.369504453524893,0.449435244303287,0.562904117372666,0.611574928220398,0.642413413547798,0.50666593959365,0.623861879541115,0.625017790876174,0.633133497015183,0.222865807019301,0.576393980839941,0.557966596160649,0.591667071466477,0.624288385717258,0.619292672597054,0.612758166662385,0.655127040565305,0.642402181597114,0.647752546979684,0.447366207708626,0.543979390957205,0.633275772664907,0.594378226681973,0.607923236466019,0.503688810237061,0.648402584445682,0.630351408419522,0.63667196139111,0.59964395123524,0.583948802867779,0.610687138930131,0.628891890976248,0.63537183350269,0.611796838087369,0.15188984129778,0.453356008870941,0.625645740716915,0.592666831637894,0.644847929650208,0.452637619016209,0.64135966839012,0.641761096497102,0.654566165525957,0.623459985654297,0.451434450621125
"buddy_18",0.556619129620521,0.410518409945981,0.442527543544594,0.307076165136054,0,0.43327862192735,0.45926090098605,0.436804396171687,0.459834621343912,0.491839193594444,0.39486338612649,0.29880662728525,0.486438726995048,0.135356900109994,0.433510300620956,0.39741113359731,0.309698035621685,0.458297164920357,0.491228829813979,0.291067700076288,0.402191449043034,0.487665829893921,0.125379291658722,0.334592658232291,0.392618838756701,0.433148002235854,0.473112963115256,0.440741389646708,0.469279911816151,0.498415761027179,0.507516937490793,0.234695822633398,0.449917246677916,0.391236931188492,0.451077409797497,0.477734763086374,0.467150209821886,0.454781226657228,0.514566819426018,0.500666610185886,0.478705168898041,0.330024427220727,0.406596449881176,0.481383749666668,0.410694288988947,0.480552996077868,0.358492528655923,0.474992814359597,0.475835519286354,0.472086814860366,0.47506664490199,0.406690587812676,0.457060481624103,0.479635684819597,0.482655029168215,0.446856236594023,0.271048387146744,0.313684265968374,0.458678215167924,0.406784839050199,0.493764497315276,0.363435076672613,0.470746231800048,0.489179766466236,0.476336997331111,0.489417136400641,0.338625041483456
"ginger_18",0.415513762440838,0.148114188296434,0.240348441396697,0.605129719274612,0.43327862192735,0,0.282753564348529,0.128851368393185,0.153059379090917,0.11518300116959,0.168059427812613,0.182703219734703,0.168461184731494,0.483665542932799,0.149354656712905,0.170215136034484,0.161561692156733,0.17527723302451,0.141145078742915,0.216709400328558,0.11245383227733,0.180137646719231,0.404690951675803,0.225668494819518,0.18864936377413,0.236188325891537,0.178696413687871,0.423488889471674,0.152926787953964,0.321491699034961,0.315805256615459,0.450329443993645,0.272468116998216,0.16661472132989,0.213536460307762,0.225348913126838,0.212726452925852,0.196984139417991,0.214281174500327,0.208578100840092,0.141052950447458,0.245398798416445,0.158888556649007,0.166281299935659,0.137783760228063,0.26930656149393,0.188324047605751,0.146574403193155,0.199471726442624,0.105647646356611,0.287564954236859,0.119034200034533,0.153052067439709,0.139597224464274,0.111419831074878,0.109642090555153,0.502169103419749,0.226465687684868,0.114966488261445,0.0991316534527063,0.154187768799383,0.27226593441463,0.17570044547043,0.126650058260339,0.137538313512317,0.31549808114714,0.244191605960707
"ivy_18",0.336454750977299,0.24006644408691,0.196504944345026,0.595679748092052,0.45926090098605,0.282753564348529,0,0.269243398725053,0.208107548972421,0.240561476782277,0.231006114589604,0.334498058960813,0.249937430133016,0.482741496353458,0.220859988686377,0.24489545743174,0.32412299045452,0.200876905723025,0.244699688309593,0.297309820554753,0.25154313683169,0.255623772544667,0.401677827105494,0.246204024079902,0.294024015342249,0.408930597195296,0.205523998248389,0.332379679279354,0.234157985048061,0.168734976500648,0.140719799309365,0.438997825704053,0.180751491914199,0.271756499665542,0.177105692515261,0.14000297891578,0.161618684995959,0.18276540844617,0.201454625530199,0.213605166290874,0.258221032781428,0.305590597208612,0.266498802120579,0.171179940236962,0.333472239882992,0.12096391309868,0.263145974353513,0.332724543242877,0.30967481705815,0.239079898611879,0.12762747724435,0.248838408899827,0.320774890805994,0.241176019076969,0.259227783153649,0.259440763951438,0.494297811005739,0.372151126733127,0.317137680170558,0.294342840477077,0.339202568806001,0.251548400378884,0.355330861940599,0.277752925763,0.327850344850056,0.240744132209646,0.282654726735385
"franc_19",0.420741767710214,0.144420249313239,0.139298963785192,0.593114367290256,0.436804396171687,0.128851368393185,0.269243398725053,0,0.139269118298918,0.133680115401018,0.173318963736022,0.209281994858147,0.0878451888203124,0.49527323093769,0.102946958720902,0.124694303623195,0.161855434127351,0.0931333616421661,0.130116400009125,0.172035820831308,0.0756905806114227,0.175971690712858,0.399854611856712,0.205231416084027,0.158091007279194,0.229561328602733,0.14610216559691,0.412257353530033,0.141049226624215,0.321574980948225,0.289811652433532,0.42079746722616,0.202730689749186,0.145936377784737,0.186887828709354,0.208159282455607,0.157328286669863,0.198164484200839,0.174821101970217,0.16153551020326,0.102591558464666,0.198589919038108,0.0929094686634127,0.139929950435432,0.166075327684718,0.241850662389984,0.153426174827416,0.152223018878505,0.155809318695155,0.0989142898800755,0.24163531598761,0.0973448030551333,0.158415312982273,0.119440566237805,0.104387383194765,0.126670550026467,0.488245264454827,0.242665561866261,0.137952066267418,0.110180264091514,0.163763095065289,0.187713795060022,0.207869133184857,0.126675718433468,0.144383072155107,0.296134309968848,0.203823234562031
"ivy_19",0.48108800164657,0.146959068049758,0.241677223113543,0.612912390841723,0.459834621343912,0.153059379090917,0.208107548972421,0.139269118298918,0,0.170302495609996,0.192604781449286,0.252100224527875,0.166947597482796,0.49479340495752,0.156539063364543,0.142520552676455,0.20993432570446,0.165016630784455,0.200491038788784,0.236635064305088,0.152993197579676,0.0832640926501444,0.389690155783695,0.264134521248926,0.152785603650597,0.251040402082447,0.157313469527936,0.479141430747784,0.198077866626343,0.317566227344245,0.271227825423835,0.43397225178482,0.29161286260475,0.140723658153814,0.237552689156049,0.210667697915949,0.178267153006576,0.2505580442231,0.150288718364196,0.13802122305048,0.146318876070312,0.23699115464126,0.182186565019749,0.15243944010717,0.211014873260615,0.223857609522385,0.184601236930511,0.185653827866136,0.179352851795793,0.141630309980631,0.236517481305872,0.111594093733936,0.183190244923921,0.192379034672505,0.123217431790959,0.19643048897503,0.505010014194585,0.272616858425751,0.221044330734429,0.167546837417293,0.17287344288246,0.281866344342072,0.183215050246566,0.0983657096864549,0.156031711504225,0.355844406251199,0.208961614338897
"ginger_20",0.398400497257162,0.191106770061238,0.198480121110442,0.632588729041122,0.491839193594444,0.11518300116959,0.240561476782277,0.133680115401018,0.170302495609996,0,0.204319697380186,0.245273036028528,0.121466699209499,0.512836481143505,0.0975574823478558,0.184063661122243,0.209586098002284,0.136612116474404,0.0756348039731654,0.23376467004041,0.133529916496082,0.186039468251105,0.420069134144457,0.223072948919707,0.229639646419067,0.289920133241916,0.141229190460267,0.402419942793763,0.0947004476618918,0.271441227702216,0.244986664784982,0.468225207796013,0.229754640878471,0.208955412893176,0.176012294201458,0.183064713641967,0.159678869174335,0.188987426569741,0.133908759124405,0.129976494949926,0.120746551854272,0.26960370020936,0.166756474777188,0.0975196027413282,0.196469174337203,0.209885678880266,0.224490192901094,0.185491431403262,0.228761906573496,0.068849260096784,0.231116245617161,0.167539193256874,0.193789352805561,0.0716675233076713,0.0939177587618429,0.101007350291184,0.527861388574546,0.290706461412509,0.149124030534137,0.149433870669202,0.165365350196569,0.224784391722115,0.181064943794588,0.123791903797125,0.174218605689635,0.281679394996291,0.264762795636643
"buddy_21",0.404445675763944,0.103183685880311,0.22075029274119,0.574356290014288,0.39486338612649,0.168059427812613,0.231006114589604,0.173318963736022,0.192604781449286,0.204319697380186,0,0.196241401828336,0.208350361797461,0.436503357234714,0.186104329163568,0.190570779596204,0.188960985905001,0.195117518852446,0.22131967867618,0.18404690973367,0.16032690336734,0.221136857481831,0.364834784323511,0.212356798525424,0.225743282583203,0.316184744274457,0.215421422543639,0.384695426724701,0.195772519363772,0.318588017727514,0.30378780217714,0.423036965672983,0.257036320463052,0.204897824079084,0.199161235130584,0.242472566879241,0.216659509946691,0.209589750068454,0.265166013360821,0.25741506350903,0.216692764923146,0.233791104745161,0.179084085429431,0.19292192463138,0.2068400167484,0.274651917312455,0.198558579422774,0.250183866301417,0.229689033859427,0.188115374037971,0.28959678262563,0.183281306877717,0.246904805438431,0.215354157774262,0.204903770704974,0.190531948156443,0.473766733331546,0.283771659386761,0.209562412145069,0.151830445555718,0.266168977403692,0.240955520546584,0.284846911469485,0.213449931781552,0.249137673287432,0.300314367330153,0.232096709567935
"joans_21",0.468279268395548,0.195811933505489,0.275821325549792,0.523104485855651,0.29880662728525,0.182703219734703,0.334498058960813,0.209281994858147,0.252100224527875,0.245273036028528,0.196241401828336,0,0.251328923504231,0.360152410370205,0.223593118250191,0.202810561056762,0.0890557189347845,0.241460100208376,0.255374816164716,0.161264956111251,0.185487753756855,0.263605055402283,0.29703937164914,0.220851053133761,0.19730238661448,0.303752544580839,0.23619142225576,0.373658161144461,0.232599696897474,0.382638547880575,0.378740906885145,0.373063898065891,0.323446471557807,0.183051241518497,0.268582201941712,0.309015786823321,0.26378693156203,0.244607788480897,0.317315838845626,0.309392600013002,0.233311839410865,0.203127236079807,0.203607049204929,0.243765273370157,0.190143160802572,0.339051078719267,0.173244557801345,0.235683118305892,0.27331583888654,0.225882630278702,0.351511799527341,0.192500551044626,0.239674465945404,0.250053113590128,0.243212782452091,0.203553948688083,0.428843161765393,0.163671666702922,0.21531894948025,0.163818880183298,0.263669222890435,0.255509318853834,0.277580792878645,0.250595595511662,0.224283306936353,0.362666222298045,0.206270290179443
"franc_22",0.386801364824189,0.191756717270027,0.130288219701527,0.644013940004426,0.486438726995048,0.168461184731494,0.249937430133016,0.0878451888203124,0.166947597482796,0.121466699209499,0.208350361797461,0.251328923504231,0,0.527452863572756,0.132181650426341,0.182509068629108,0.216230807620591,0.0704817984749082,0.102534061645663,0.220482097529262,0.142596641449545,0.184740839952824,0.437210990452534,0.230878780645189,0.20750794475191,0.261955448510035,0.115916220115354,0.387226585056568,0.116348388399573,0.285860076406331,0.255820149910291,0.467501651634403,0.190989533575302,0.190269574695583,0.163764766510894,0.17237239995392,0.130641963133001,0.16081549011971,0.126584158466453,0.114021277118431,0.106861426893133,0.243620750759302,0.143932803830033,0.116262092301054,0.212127964954118,0.230106850504782,0.209846522364512,0.1775613538846,0.169651859888005,0.0994708547714999,0.239581244997053,0.157588917245179,0.193330945261809,0.0901262053038441,0.121731854261266,0.106977949985129,0.538276388596965,0.307345578991145,0.147318725943464,0.154383419540246,0.175421254321515,0.204370165102622,0.231791708682145,0.144884007252944,0.161763956081546,0.253094827345847,0.260798660149273
"grogu_22",0.527280464617557,0.458151195059279,0.485205472321548,0.283349938972544,0.135356900109994,0.483665542932799,0.482741496353458,0.49527323093769,0.49479340495752,0.512836481143505,0.436503357234714,0.360152410370205,0.527452863572756,0,0.470541429198458,0.460861384415033,0.356315384697891,0.506785458615361,0.526038045713513,0.339489590674616,0.460331043699964,0.521515185999348,0.119392383876129,0.391310687591843,0.462679286777673,0.491284239666213,0.523680385415316,0.410408884503334,0.506473619471292,0.515346373649896,0.520920578474262,0.241460838152156,0.493439061556661,0.458277021342811,0.461367273197692,0.510580133337598,0.510304422049057,0.501670269687038,0.533018379532349,0.523824007692483,0.52613204054544,0.375373475530599,0.461464455389647,0.513710448554066,0.456214353194,0.500518946445585,0.433757855114543,0.525736005387306,0.506881029503549,0.515643958250795,0.496380839058801,0.479519239441131,0.485259308861409,0.518997411979933,0.514386574427466,0.497229490249914,0.207747640009529,0.390591270618939,0.511475863246245,0.453208455797365,0.519484473195889,0.398379686928417,0.516352871591437,0.518918286163873,0.528960980931398,0.522928474145287,0.391065186675709
"henry_22",0.385384980361122,0.147722395029037,0.13633391914177,0.565120590416259,0.433510300620956,0.149354656712905,0.220859988686377,0.102946958720902,0.156539063364543,0.0975574823478558,0.186104329163568,0.223593118250191,0.132181650426341,0.470541429198458,0,0.119870664628768,0.179393323997728,0.115758598619888,0.136350459123906,0.170776386169629,0.0671273360606358,0.205775444375705,0.371935443663672,0.153181092908594,0.170089141079094,0.289340562776733,0.143222492227815,0.373453642361302,0.140575820105032,0.268179457854608,0.240304105223796,0.398409434970832,0.169684711164349,0.152987913682339,0.146072760625371,0.17189888012783,0.140271311344921,0.202050494548171,0.140910695984619,0.129241065300405,0.141509364113766,0.183742717973394,0.092291382771136,0.122378689393394,0.19815572121261,0.182446916736604,0.145203713380887,0.212174722912647,0.176779112222775,0.108228548806035,0.184999287356173,0.126586282811947,0.182424095672892,0.110730809590018,0.114969684375693,0.148164735225751,0.458690382925228,0.247798991526657,0.202616468361632,0.146569371917647,0.183410941127131,0.154711559760085,0.228957995820462,0.146915578834687,0.205615726557629,0.292761804116906,0.194687775261938
"joans_22",0.449933944027022,0.172091037224599,0.189611659805961,0.550489673720064,0.39741113359731,0.170215136034484,0.24489545743174,0.124694303623195,0.142520552676455,0.184063661122243,0.190570779596204,0.202810561056762,0.182509068629108,0.460861384415033,0.119870664628768,0,0.188983697846481,0.16257000216338,0.214121545722861,0.183637360832307,0.0983792818361734,0.192409092381155,0.374078524077161,0.173102861806265,0.108277668145166,0.270349907767603,0.149646169294964,0.43517037349739,0.200496600430715,0.296769594873836,0.257269908954947,0.368020845029312,0.240873782152018,0.0743736018621404,0.228644351298313,0.196394949208653,0.177433748737337,0.222279608749414,0.173980953179041,0.156665567042806,0.160361981523486,0.193583052836609,0.105392370252566,0.170478050747029,0.211599196605541,0.218418578933471,0.0958617391256786,0.208722991871703,0.213093563133412,0.162529485138856,0.225446984402252,0.0965152454384676,0.217494450526807,0.200029514165287,0.164033075631588,0.188324350996661,0.435133647390174,0.186117916076643,0.198115534121406,0.167643719102887,0.235567498960496,0.205984191847142,0.219580092537958,0.170591560993117,0.196959602553656,0.340155300148944,0.148748649182298
"marshmallow_22",0.473753549495256,0.161643875864066,0.250998075580853,0.526256855878845,0.309698035621685,0.161561692156733,0.32412299045452,0.161855434127351,0.20993432570446,0.209586098002284,0.188960985905001,0.0890557189347845,0.216230807620591,0.356315384697891,0.179393323997728,0.188983697846481,0,0.215461339645356,0.214361957326685,0.125107098360951,0.134039710998456,0.2129778312099,0.262085415134134,0.213501946050308,0.178927684915222,0.237679631341622,0.234474299079261,0.385675251220914,0.209730500670051,0.375732915388636,0.355918766578328,0.364250024122353,0.298850219970212,0.183601310246297,0.24568047350636,0.276484176238024,0.244847097983085,0.262770897110029,0.266608526856931,0.260624389532306,0.200687031521446,0.161747058074254,0.160896679063626,0.218295201798149,0.118924067093318,0.318000364950961,0.174795340266346,0.193550582732684,0.21348458462409,0.189725101380081,0.326684304691119,0.171141071298867,0.173502434819347,0.203471081763079,0.187720725887891,0.198362094562987,0.426890440279464,0.176950087757286,0.210141546708277,0.11342150759982,0.19243898630326,0.233126036992879,0.224559193564988,0.196852031873736,0.190218140546989,0.366202751877913,0.186523746238693
"franc_24",0.358422828542815,0.178803114023089,0.104565533132583,0.614387542926817,0.458297164920357,0.17527723302451,0.200876905723025,0.0931333616421661,0.165016630784455,0.136612116474404,0.195117518852446,0.241460100208376,0.0704817984749082,0.506785458615361,0.115758598619888,0.16257000216338,0.215461339645356,0,0.107276352409909,0.20130994500396,0.135057991546642,0.209609473800343,0.417782621295279,0.197413248523175,0.199550418085097,0.29154303136926,0.0975906903129903,0.354200086757184,0.124049021253595,0.248361516062441,0.22046188626351,0.437440140524786,0.154559124109535,0.179727900512299,0.130384306468872,0.136419587256813,0.0916912204456968,0.142405930906221,0.126895555761315,0.132105352538767,0.12931913721489,0.227790867328217,0.130513927957882,0.0916186008860958,0.226933616136506,0.177629757639562,0.174767637419296,0.204919565422661,0.188930979968437,0.106304070615307,0.18287564826694,0.141300206749485,0.208126532148605,0.0969726540383554,0.136459726782617,0.126678217100863,0.508695364544347,0.293404261967111,0.18250876719506,0.170764240264059,0.222299400987905,0.182531615261739,0.260678822780756,0.164666569630293,0.196954930256612,0.237555605712837,0.22822193104502
"ginger_24",0.355573254711518,0.21399366023199,0.14472598984955,0.641662686365901,0.491228829813979,0.141145078742915,0.244699688309593,0.130116400009125,0.200491038788784,0.0756348039731654,0.22131967867618,0.255374816164716,0.102534061645663,0.526038045713513,0.136350459123906,0.214121545722861,0.214361957326685,0.107276352409909,0,0.248687516982346,0.157027034301981,0.217926427237781,0.43835340270916,0.250572260392062,0.254188145790992,0.304884503202713,0.136966444915197,0.358567185284096,0.0480305149144592,0.279367409404947,0.256645803406315,0.48786020671324,0.202704546542754,0.237534689773469,0.162951563932558,0.186864308779931,0.155155949262378,0.133210557231155,0.14024430443194,0.157332302513476,0.13601334928045,0.290713766281235,0.18736371403452,0.0892344070242584,0.2085259353135,0.223513573110456,0.238318146454222,0.19188553969755,0.253295349602252,0.0849804855063179,0.239055234960535,0.187448985632149,0.218123453353736,0.0430119564059166,0.121365337407768,0.0720868474049499,0.542970571220567,0.299296387504689,0.135791655574379,0.163386486043688,0.18979335118829,0.238542734859541,0.217841009019515,0.156574144793227,0.185999900293907,0.230120242691129,0.295708154332217
"grogu_24",0.426364475147716,0.202017790785605,0.175540000823748,0.469740217483912,0.291067700076288,0.216709400328558,0.297309820554753,0.172035820831308,0.236635064305088,0.23376467004041,0.18404690973367,0.161264956111251,0.220482097529262,0.339489590674616,0.170776386169629,0.183637360832307,0.125107098360951,0.20130994500396,0.248687516982346,0,0.153516537387707,0.279346137469181,0.253261229590181,0.141669013571686,0.219957782043791,0.31417055537794,0.25359669303322,0.320265510294636,0.245888818209958,0.340466041781973,0.316630998417591,0.306190780144837,0.217096347376429,0.196194646534552,0.202316500849828,0.26085602663286,0.239236920501106,0.270421098926257,0.280366504338526,0.266772294937521,0.245345409422848,0.101617777580439,0.137217102570792,0.239580035892079,0.224523336498546,0.281052602501718,0.156413264581837,0.266028886617257,0.214088584805639,0.227062562767481,0.281047519865569,0.202648288004837,0.236770227275516,0.224911955029937,0.224586107843479,0.23766058711434,0.370649776510078,0.22465730986371,0.247342677369203,0.169305998108051,0.263360090775735,0.126455493463863,0.320230931486119,0.234267589889546,0.27193947170454,0.324459139285798,0.144084175876695
"henry_24",0.406773769317265,0.121438906247905,0.159619823236689,0.552293915210091,0.402191449043034,0.11245383227733,0.25154313683169,0.0756905806114227,0.152993197579676,0.133529916496082,0.16032690336734,0.185487753756855,0.142596641449545,0.460331043699964,0.0671273360606358,0.0983792818361734,0.134039710998456,0.135057991546642,0.157027034301981,0.153516537387707,0,0.183382300051047,0.366520435406455,0.146060370924051,0.143929583197658,0.244559359728713,0.161484502317334,0.3929110319896,0.162556786015834,0.296395246528198,0.277117602178194,0.389435355927103,0.197485145824521,0.125894249825465,0.181682858318221,0.19539061098097,0.164758387004478,0.211731802640871,0.189722664888699,0.181621066676895,0.132152978115641,0.168738825799739,0.0592629857755171,0.152994269492321,0.153307678324638,0.226950450986968,0.114238947896975,0.174067189148515,0.165091770952802,0.123787160382774,0.235271620197997,0.0953449601303416,0.157109100050923,0.136850248647043,0.108839166766359,0.149435356263962,0.445979254025344,0.200828680635137,0.163986424466415,0.103334175489351,0.175688439759466,0.183218733749934,0.218064847808283,0.138865791502001,0.170932001997568,0.304938360227273,0.169726144757718
"ivy_24",0.52248235576966,0.154865546513793,0.290626815070332,0.645099472535538,0.487665829893921,0.180137646719231,0.255623772544667,0.175971690712858,0.0832640926501444,0.186039468251105,0.221136857481831,0.263605055402283,0.184740839952824,0.521515185999348,0.205775444375705,0.192409092381155,0.2129778312099,0.209609473800343,0.217926427237781,0.279346137469181,0.183382300051047,0,0.414158051605239,0.310652637201461,0.162156012914854,0.240357837140287,0.181465099971059,0.528259651557321,0.224091596516839,0.351899961735253,0.301744664303105,0.458226042972211,0.339627729469453,0.173877530836202,0.285768236571406,0.247983686213501,0.217597924990834,0.291261123963936,0.177362894883371,0.171128017504582,0.151589670648192,0.261084572718915,0.219939173815893,0.179590656218035,0.200613177055972,0.27240447719722,0.23212495721191,0.160137393759058,0.19580289940889,0.15966654130022,0.29155489564104,0.147682992654437,0.176718947289594,0.215757955041469,0.127212856460041,0.226578368555262,0.532848033304205,0.283781893281432,0.224882703182974,0.186049469183383,0.143146311790815,0.335058290046725,0.157277610090466,0.10024432512446,0.118629675179208,0.389512129335915,0.231060194703924
"marshmallow_24",0.531836089356252,0.37215008630438,0.403567042194563,0.369504453524893,0.125379291658722,0.404690951675803,0.401677827105494,0.399854611856712,0.389690155783695,0.420069134144457,0.364834784323511,0.29703937164914,0.437210990452534,0.119392383876129,0.371935443663672,0.374078524077161,0.262085415134134,0.417782621295279,0.43835340270916,0.253261229590181,0.366520435406455,0.414158051605239,0,0.327730200682125,0.357688593342569,0.408147004317841,0.440909496842175,0.417334274045857,0.420302269098706,0.44482757979602,0.437719370302997,0.215817494879014,0.420347048571642,0.365588738008928,0.366872113509175,0.423153887650281,0.420287328925919,0.44580185354876,0.431161798959186,0.420574110979906,0.431318564882955,0.27960547275792,0.378127292579388,0.419401970856828,0.367654287121015,0.407231546934894,0.35206575973376,0.433155517401098,0.404521191349675,0.419570001680572,0.401243915086917,0.381620910706049,0.384161813709554,0.427245779948355,0.411919892192068,0.425141587474283,0.277942234800226,0.323260389728745,0.45571106391006,0.361364251117828,0.416028994959314,0.310731582011115,0.407923358529378,0.414867108308108,0.424878302330406,0.478532772880472,0.292993743465955
"henry_25",0.37607744664888,0.227204459001272,0.192752481806785,0.449435244303287,0.334592658232291,0.225668494819518,0.246204024079902,0.205231416084027,0.264134521248926,0.223072948919707,0.212356798525424,0.220851053133761,0.230878780645189,0.391310687591843,0.153181092908594,0.173102861806265,0.213501946050308,0.197413248523175,0.250572260392062,0.141669013571686,0.146060370924051,0.310652637201461,0.327730200682125,0,0.234585879686945,0.361283266105702,0.22557890163409,0.314597086893357,0.244430287282418,0.267949102432063,0.26379646266556,0.295426859896664,0.197921365673907,0.208155958059367,0.199450096301413,0.220919159911972,0.216191346434899,0.244864094900553,0.255494126723502,0.247806426934676,0.23804417287448,0.118980293350726,0.141498927103562,0.227606676650422,0.279574307316093,0.235222127820412,0.125737634313719,0.303336996356115,0.269196435080522,0.214012812401748,0.240896477145675,0.205116348223231,0.287432103050103,0.228819043048202,0.235264623514337,0.23137918805753,0.334526627084718,0.185420286205149,0.267382256372579,0.23587962323909,0.31360061217524,0.0847831187326718,0.327410395556609,0.25700342918642,0.30850157866664,0.288110088796293,0.12098834865272
"ophelia_43",0.500786974352926,0.183608776800396,0.240628104098485,0.562904117372666,0.392618838756701,0.18864936377413,0.294024015342249,0.158091007279194,0.152785603650597,0.229639646419067,0.225743282583203,0.19730238661448,0.20750794475191,0.462679286777673,0.170089141079094,0.108277668145166,0.178927684915222,0.199550418085097,0.254188145790992,0.219957782043791,0.143929583197658,0.162156012914854,0.357688593342569,0.234585879686945,0,0.257575833532591,0.204482293148249,0.482553118921796,0.249705026993346,0.357757927899195,0.324143748115546,0.358340384250766,0.300412756686648,0.05207928409677,0.27258177225763,0.256969965947838,0.227626782969347,0.279490400711146,0.204701282256084,0.179731020601505,0.190077047986309,0.18945253921142,0.15783435531078,0.223123865998529,0.195950375142963,0.260122431463038,0.149496619880497,0.201126445211706,0.183912603934491,0.194280479556468,0.262743441283768,0.120136278574882,0.194862086748953,0.241961652151159,0.193131102227644,0.234474330474835,0.442966507489361,0.201962061848185,0.254400697047553,0.177556857627112,0.201161010646104,0.257706691488324,0.184221426343684,0.173023902510201,0.155978009192842,0.391174097185802,0.135742138140612
"goose_44",0.58304854135482,0.262509633490782,0.339001430725614,0.611574928220398,0.433148002235854,0.236188325891537,0.408930597195296,0.229561328602733,0.251040402082447,0.289920133241916,0.316184744274457,0.303752544580839,0.261955448510035,0.491284239666213,0.289340562776733,0.270349907767603,0.237679631341622,0.29154303136926,0.304884503202713,0.31417055537794,0.244559359728713,0.240357837140287,0.408147004317841,0.361283266105702,0.257575833532591,0,0.300763302070001,0.572977875177538,0.303286080104303,0.451056627630313,0.415978752609219,0.457902770442128,0.388244482548789,0.257654014603133,0.359524422193459,0.341258964456045,0.318508655201878,0.37014044867808,0.31121448894304,0.296331051622253,0.24473202619055,0.303239212784565,0.256782339592348,0.323343285953785,0.126072498584506,0.384125168428257,0.298578481997976,0.162946180993926,0.250444360103108,0.269385131409674,0.394535265669821,0.228889088163133,0.138030560056983,0.291095010681144,0.236874270605234,0.281122846263921,0.533347147779137,0.257544906475574,0.222625400252191,0.182624491565729,0.162331909063573,0.388192828602481,0.18613667931357,0.218159105908972,0.192793957289798,0.457543513742225,0.31297308844151
"iris_44",0.405804237796973,0.206303810506307,0.176135754655153,0.642413413547798,0.473112963115256,0.178696413687871,0.205523998248389,0.14610216559691,0.157313469527936,0.141229190460267,0.215421422543639,0.23619142225576,0.115916220115354,0.523680385415316,0.143222492227815,0.149646169294964,0.234474299079261,0.0975906903129903,0.136966444915197,0.25359669303322,0.161484502317334,0.181465099971059,0.440909496842175,0.22557890163409,0.204482293148249,0.300763302070001,0,0.403887661261041,0.146237638507998,0.257078650380126,0.217683660531559,0.46576602142533,0.215669078033919,0.17280235040799,0.187510661573119,0.161505630369521,0.0760512696008043,0.167143716655585,0.125032882364816,0.140106460798849,0.0806397956622508,0.270550206621618,0.167629062467743,0.0981315800786784,0.238070164634853,0.200989524013614,0.169902187242236,0.168048016647127,0.22892898935354,0.114071294882221,0.214201913149634,0.137568121790426,0.231714808447129,0.136301267639719,0.137366229131339,0.154114081486467,0.534508502345314,0.287244982735461,0.185879379354622,0.191007091065091,0.218951027579272,0.238903794258648,0.236496711423159,0.16163611460118,0.156461005782056,0.28075278883969,0.255106442229358
"jarjarbinks_44",0.138202580302534,0.432858482211163,0.291447037016954,0.50666593959365,0.440741389646708,0.423488889471674,0.332379679279354,0.412257353530033,0.479141430747784,0.402419942793763,0.384695426724701,0.373658161144461,0.387226585056568,0.410408884503334,0.373453642361302,0.43517037349739,0.385675251220914,0.354200086757184,0.358567185284096,0.320265510294636,0.3929110319896,0.528259651557321,0.417334274045857,0.314597086893357,0.482553118921796,0.572977875177538,0.403887661261041,0,0.347290974222049,0.259522801681762,0.302277993801909,0.447424893698369,0.22661255581326,0.453042685156495,0.26616456443833,0.31790990574134,0.360037872902836,0.275905543052205,0.421192263240256,0.437482545003637,0.446644170951287,0.385988479328686,0.380346606901123,0.371226698833671,0.470116217632029,0.319896885636809,0.397665951922167,0.510990411071824,0.473059443340948,0.411809665096823,0.306537233877401,0.443967640444665,0.478802292936569,0.360145008540011,0.44371888806751,0.360144629150183,0.443789444813829,0.473003180476946,0.421426072181849,0.416790473640046,0.508783236655646,0.301759022510135,0.549357295127278,0.481629732306062,0.522328853033246,0.237369513087298,0.411856941464764
"lambchop_44",0.352137396247085,0.199464617695297,0.153075626727549,0.623861879541115,0.469279911816151,0.152926787953964,0.234157985048061,0.141049226624215,0.198077866626343,0.0947004476618918,0.195772519363772,0.232599696897474,0.116348388399573,0.506473619471292,0.140575820105032,0.200496600430715,0.209730500670051,0.124049021253595,0.0480305149144592,0.245888818209958,0.162556786015834,0.224091596516839,0.420302269098706,0.244430287282418,0.249705026993346,0.303286080104303,0.146237638507998,0.347290974222049,0,0.282526368611194,0.262141467172245,0.478336423323871,0.213233730649567,0.229270847852019,0.157650643723305,0.199089661453173,0.159772902570067,0.109372654381429,0.168899698476239,0.170483193182368,0.155637447203373,0.288839585081245,0.192448424494673,0.0901881967963578,0.208645498032502,0.223332695811603,0.235565713081631,0.22379671119348,0.259204858141609,0.104139942460931,0.239932346549017,0.186998433630206,0.231311274918412,0.0621022256950506,0.14058355323645,0.068257956485729,0.529935496135312,0.295775354859514,0.146566372955923,0.169428144987189,0.214320409939802,0.234480836740511,0.231981207138489,0.167412568359319,0.21561300430289,0.222568778688162,0.285907634931373
"hamlet_45",0.230570356796503,0.333276217757649,0.245517820576905,0.625017790876174,0.498415761027179,0.321491699034961,0.168734976500648,0.321574980948225,0.317566227344245,0.271441227702216,0.318588017727514,0.382638547880575,0.285860076406331,0.515346373649896,0.268179457854608,0.296769594873836,0.375732915388636,0.248361516062441,0.279367409404947,0.340466041781973,0.296395246528198,0.351899961735253,0.44482757979602,0.267949102432063,0.357757927899195,0.451056627630313,0.257078650380126,0.259522801681762,0.282526368611194,0,0.0762091691844393,0.472379606749563,0.169778887852973,0.327623403533603,0.21200949620927,0.126856314818368,0.218680000963399,0.22897936070849,0.227412311184108,0.248412393923806,0.303441009365237,0.353508207356042,0.303062858375323,0.22842328859423,0.384487687118746,0.133097501385594,0.315897832504412,0.368500673126468,0.36590268467762,0.278860834224803,0.13861883827748,0.306685265520787,0.367310263019741,0.26854263828487,0.301834644906319,0.304221508239986,0.524276703009291,0.425450206376776,0.348298046437537,0.342973155658413,0.377631549096336,0.286964735430417,0.368809924706157,0.319452715108842,0.369327695857712,0.168712600450644,0.333997786392674
"hera_45",0.297338951787132,0.31930797042769,0.216243909916205,0.633133497015183,0.507516937490793,0.315805256615459,0.140719799309365,0.289811652433532,0.271227825423835,0.244986664784982,0.30378780217714,0.378740906885145,0.255820149910291,0.520920578474262,0.240304105223796,0.257269908954947,0.355918766578328,0.22046188626351,0.256645803406315,0.316630998417591,0.277117602178194,0.301744664303105,0.437719370302997,0.26379646266556,0.324143748115546,0.415978752609219,0.217683660531559,0.302277993801909,0.262141467172245,0.0762091691844393,0,0.464315852001575,0.160281451629326,0.295069777581794,0.189840149874137,0.11480752427414,0.179205352352076,0.221081963981401,0.17777173119311,0.199552623728769,0.262209669777487,0.324755880134476,0.277818796404798,0.19422501425135,0.36623222600133,0.0894418120277328,0.292007066324024,0.332131493394733,0.328482655228299,0.252836950262951,0.0962543186689368,0.274772618787287,0.335033653144936,0.246197781969665,0.264048338940709,0.292308044783664,0.528239078453485,0.413505125498503,0.334745603146285,0.323937627534443,0.339221615782857,0.26546415625317,0.314602014028895,0.271498808025253,0.329657383192517,0.212946258171175,0.299910000356554
"jarjarbinks_45",0.526897226891566,0.413943222210902,0.409408038670556,0.222865807019301,0.234695822633398,0.450329443993645,0.438997825704053,0.42079746722616,0.43397225178482,0.468225207796013,0.423036965672983,0.373063898065891,0.467501651634403,0.241460838152156,0.398409434970832,0.368020845029312,0.364250024122353,0.437440140524786,0.48786020671324,0.306190780144837,0.389435355927103,0.458226042972211,0.215817494879014,0.295426859896664,0.358340384250766,0.457902770442128,0.46576602142533,0.447424893698369,0.478336423323871,0.472379606749563,0.464315852001575,0,0.420930648864786,0.355149066459321,0.436156234184091,0.453611615539704,0.450525732908977,0.481781909796931,0.472268378675265,0.456085047664353,0.469716805802414,0.271486925868096,0.371444359847284,0.464927915908669,0.433917796152948,0.431938674449844,0.335778563871511,0.471234759857683,0.445891037954701,0.461029036856732,0.433900964690078,0.405549519002148,0.43367431566247,0.474059347104678,0.456328356582023,0.473614615024274,0.123266768826932,0.299531492037819,0.49089859188851,0.42844876436935,0.46453619576739,0.283683891823533,0.452049894892658,0.456661057234681,0.466224175484202,0.500407508940175,0.260259131942212
