"","ginger_29","henry_29","joans_29","ginger_36","grogu_36","henry_36","joans_36","franc_37","grogu_37","ginger_41","grogu_41","joans_41","marshmallow_41","ginger_42","grogu_42","henry_42","ivy_42","ophelia_57","wolverine_57","goose_58","wolverine_58","goose_59","hamlet_59","iris_59","ophelia_59","iris_60","wolverine_60","hamlet_67","hera_67","jarjarbinks_68"
"ginger_29",0,14.1990341426188,13.9182443630227,10.9167116063507,16.5743002410233,12.9051311881631,13.4644333475517,13.2149609133939,16.8398745952457,13.1796746463225,15.0753343130478,18.7438298983687,20.1781629094774,14.8972875933357,13.5561194596478,10.4678190458987,18.4925253499986,18.9282376739747,16.857198641652,16.5156559067533,15.4891627847194,13.6955760249778,18.3518445329737,16.3177968912175,20.8782313510971,19.9186282815678,16.6788282041441,20.1704044379136,14.5122341728832,15.6475868806723
"henry_29",14.1990341426188,0,17.6790722617171,10.2730728472155,18.5158818632921,10.4369500969092,19.1213368603691,17.4487260176635,19.8206033859534,9.62112340977755,18.2639749969166,19.8985256951542,19.8092472158262,6.75591645421427,15.8436520236482,14.9597818934438,19.6859576454209,15.2559194932991,18.1730401035286,17.3970535973356,17.7185915510363,16.3093944761102,14.2952224342692,20.5435886793041,18.2941335063269,23.2684183567167,18.8135230570596,17.3767680818762,18.091040362794,14.7503858753736
"joans_29",13.9182443630227,17.6790722617171,0,17.2154170971464,12.8189477994278,16.6011752139738,10.9825929565648,12.5480544422376,13.5049606629419,17.4360702011135,11.5731473005918,18.4728322174589,21.0412250353074,18.4819808709648,10.7531877569238,16.3141355445697,19.9911379486618,19.8365655532517,17.487395894789,15.9352236011353,16.4349868173571,12.878481932179,18.2734993571125,17.318857814761,23.4369360925339,20.6113700261131,18.6039074045864,20.3391202848496,16.2853943682198,15.6772701924399
"ginger_36",10.9167116063507,10.2730728472155,17.2154170971464,0,19.4700065775853,12.9401127300844,18.2708498976103,15.1762693454568,19.8924808496422,11.3553750756734,18.4475450770434,18.5187969913942,21.7788381530648,11.0648306423762,15.6439195199827,10.6714994585454,19.2313690282173,18.6951936828506,17.2113623232163,16.7080304184586,16.2337000044571,15.5415847644769,17.3328657565133,18.7917613411195,20.6601162417284,22.269681185461,17.1071308334755,20.2188238282495,17.75221886774,14.932530250869
"grogu_36",16.5743002410233,18.5158818632921,12.8189477994278,19.4700065775853,0,17.6314120661814,13.8748665415979,17.2964113234922,5.86114478167807,18.6245031116455,4.34855950015755,21.1991654131938,19.4200849792592,19.045154490045,10.9365842672062,19.4315009980827,19.8134843524992,19.3318068797285,18.8704769090592,17.2796383623749,17.739064941637,15.3408595983208,18.5968760567268,20.009176454739,21.1249403694172,21.5398609567578,20.5081619256527,16.8079437623472,17.9011256364679,17.934146080663
"henry_36",12.9051311881631,10.4369500969092,16.6011752139738,12.9401127300844,17.6314120661814,0,17.7050997800707,16.2800880773726,18.6901136361822,10.2085558051674,17.3101498920312,17.9363386045262,21.1969494445887,11.0206191379148,16.1469740037483,14.2942635053325,18.4710762521022,16.0800739828681,18.1708329505585,18.3591734284946,17.7705850945386,15.2963348121149,14.9729243130127,18.9689741169595,18.545083499855,20.9317371196839,18.6601981858128,17.695553782339,15.9740357961938,14.8449910840248
"joans_36",13.4644333475517,19.1213368603691,10.9825929565648,18.2708498976103,13.8748665415979,17.7050997800707,0,15.3782029500177,13.2728365883555,18.2747063066669,12.2671750827554,17.0450739433762,21.8042125322703,19.4207158472487,10.3726705206034,17.3699182781498,22.8136764021832,22.5583922718451,20.3136556490235,12.3079643327065,19.0379070842182,9.36744871147137,21.5569687510323,18.6543822745132,23.8698562077264,21.7448197818561,19.4092603788587,23.1459488170548,16.8347940573107,16.0554434582838
"franc_37",13.2149609133939,17.4487260176635,12.5480544422376,15.1762693454568,17.2964113234922,16.2800880773726,15.3782029500177,0,17.4263732534328,18.1278292331713,15.7444742686415,19.524636130112,22.2111848545253,18.8428374382376,13.8095129985023,14.6770191191956,17.3504371322258,19.2850314273614,16.0611995713959,18.7563260525727,14.8395292993693,15.5307548029511,17.8159492986569,14.1222161220068,23.1453702051808,17.6340712117908,17.3660701345016,21.0973145303255,15.3458126481194,15.6101219482988
"grogu_37",16.8398745952457,19.8206033859534,13.5049606629419,19.8924808496422,5.86114478167807,18.6901136361822,13.2728365883555,17.4263732534328,0,19.5953767103159,5.55807153708729,21.0856471434397,19.8516209141426,20.0752387265496,10.5752618318929,19.6378578589522,21.261186767748,21.2167511121655,20.1646831716183,16.7991246628234,19.0158122957279,14.8819638837037,20.5063165990346,20.9189736645955,21.9872165109116,22.4854268549766,21.3365402453807,18.835074128353,18.6117259182396,18.0231772857864
"ginger_41",13.1796746463225,9.62112340977755,17.4360702011135,11.3553750756734,18.6245031116455,10.2085558051674,18.2747063066669,18.1278292331713,19.5953767103159,0,18.0134477065139,16.9076407545808,22.1829288311527,8.53009337679932,15.7897681972466,16.5519785553651,20.5584887615253,18.2490984718778,17.3618525543658,15.9414544873695,17.5294199763792,14.8422896727749,16.1482811266022,20.4099688724852,18.9214514930597,23.5007754173528,18.9611061780357,19.733927130788,18.4721252746906,15.1349792921579
"grogu_41",15.0753343130478,18.2639749969166,11.5731473005918,18.4475450770434,4.34855950015755,17.3101498920312,12.2671750827554,15.7444742686415,5.55807153708729,18.0134477065139,0,19.9438680569345,19.3318786483795,18.8854131932063,9.08778208662841,18.4579876035764,19.8220141468968,19.898387296475,18.3352784162047,16.3140558171362,16.9850854708989,14.0726649295424,18.7511957569199,19.2563541550892,21.3277394690388,21.287482690364,19.7329631425152,17.8257433388814,16.7903821929681,16.9125184315988
"joans_41",18.7438298983687,19.8985256951542,18.4728322174589,18.5187969913942,21.1991654131938,17.9363386045262,17.0450739433762,19.524636130112,21.0856471434397,16.9076407545808,19.9438680569345,0,27.6928962518679,18.9084828708966,16.8418774144863,21.4450288349931,26.2822512486144,25.2391285750525,21.8687305048386,16.3796607009312,21.5736896050181,13.3111634176458,22.577919348368,23.0283569442488,25.464910569973,25.8432288154512,23.1802756345829,26.435212115574,20.4998165188065,16.9508289676248
"marshmallow_41",20.1781629094774,19.8092472158262,21.0412250353074,21.7788381530648,19.4200849792592,21.1969494445887,21.8042125322703,22.2111848545253,19.8516209141426,22.1829288311527,19.3318786483795,27.6928962518679,0,20.2116243780922,19.4104806322928,21.2832855136191,24.6204466085482,21.6646135313146,23.7860350110729,23.538843755369,23.0722760184441,22.1665957269601,23.4846680492075,24.2918313824341,24.2344208657573,25.8501532371039,24.6724522807974,17.3032671209236,23.8278390308956,22.4666274452103
"ginger_42",14.8972875933357,6.75591645421427,18.4819808709648,11.0648306423762,19.045154490045,11.0206191379148,19.4207158472487,18.8428374382376,20.0752387265496,8.53009337679932,18.8854131932063,18.9084828708966,20.2116243780922,0,16.0472483469881,16.2955490116195,21.1988518428745,15.9188910695869,18.5009844252729,16.5720048958385,18.4939629097029,15.7480434720227,15.2222503524982,21.2002058022996,17.6781466726733,23.7880890727741,19.8178505139251,18.1946973167453,19.4218487893351,14.3007232403415
"grogu_42",13.5561194596478,15.8436520236482,10.7531877569238,15.6439195199827,10.9365842672062,16.1469740037483,10.3726705206034,13.8095129985023,10.5752618318929,15.7897681972466,9.08778208662841,16.8418774144863,19.4104806322928,16.0472483469881,0,17.0346303011158,21.2334181934347,19.696275701149,18.6204883268188,12.4041766949052,17.3607295523996,10.2225975809568,18.4500158419682,19.1421905192505,21.1208847028524,22.014206761175,19.7500578580078,19.9250745967637,16.7573120367845,13.1199346561951
"henry_42",10.4678190458987,14.9597818934438,16.3141355445697,10.6714994585454,19.4315009980827,14.2942635053325,17.3699182781498,14.6770191191956,19.6378578589522,16.5519785553651,18.4579876035764,21.4450288349931,21.2832855136191,16.2955490116195,17.0346303011158,0,18.5386364470931,19.2655671339599,19.1788406940045,19.6236493329999,17.6666052922771,17.3183407626718,19.5735974853673,18.0565334944227,22.7060607408917,20.8040970636234,17.2945981414775,20.4088939977808,16.8313116260131,16.8613373841612
"ivy_42",18.4925253499986,19.6859576454209,19.9911379486618,19.2313690282173,19.8134843524992,18.4710762521022,22.8136764021832,17.3504371322258,21.261186767748,20.5584887615253,19.8220141468968,26.2822512486144,24.6204466085482,21.1988518428745,21.2334181934347,18.5386364470931,0,18.8010251574572,16.9394111530489,24.244520414099,16.905214481682,22.8916928686405,18.166739475152,17.4538277340975,23.0450663653836,19.0336941207868,18.6235294058479,18.1973931775374,19.7150848851016,22.2753180810061
"ophelia_57",18.9282376739747,15.2559194932991,19.8365655532517,18.6951936828506,19.3318068797285,16.0800739828681,22.5583922718451,19.2850314273614,21.2167511121655,18.2490984718778,19.898387296475,25.2391285750525,21.6646135313146,15.9188910695869,19.696275701149,19.2655671339599,18.8010251574572,0,18.8047042945912,23.1202613595621,18.373456877209,21.2921845001762,11.4445744509674,20.2601039607087,16.6026946620935,21.983286782386,20.8126509063238,15.5187305659549,18.3941621724598,18.378842314572
"wolverine_57",16.857198641652,18.1730401035286,17.487395894789,17.2113623232163,18.8704769090592,18.1708329505585,20.3136556490235,16.0611995713959,20.1646831716183,17.3618525543658,18.3352784162047,21.8687305048386,23.7860350110729,18.5009844252729,18.6204883268188,19.1788406940045,16.9394111530489,18.8047042945912,0,20.7305417656556,6.03019713645636,19.2754563024463,17.0115637664489,15.5532910155337,21.2713348462725,18.9400902132322,13.8985290794667,20.2541736075181,18.9576533646133,19.383890739948
"goose_58",16.5156559067533,17.3970535973356,15.9352236011353,16.7080304184586,17.2796383623749,18.3591734284946,12.3079643327065,18.7563260525727,16.7991246628234,15.9414544873695,16.3140558171362,16.3796607009312,23.538843755369,16.5720048958385,12.4041766949052,19.6236493329999,24.244520414099,23.1202613595621,20.7305417656556,0,20.1455159360457,9.89197891997275,21.3840171059115,21.718744309243,22.8764096581369,24.6068618341567,20.14639342104,23.7731471120843,19.5265103468803,15.6210806915531
"wolverine_58",15.4891627847194,17.7185915510363,16.4349868173571,16.2337000044571,17.739064941637,17.7705850945386,19.0379070842182,14.8395292993693,19.0158122957279,17.5294199763792,16.9850854708989,21.5736896050181,23.0722760184441,18.4939629097029,17.3607295523996,17.6666052922771,16.905214481682,18.373456877209,6.03019713645636,20.1455159360457,0,18.3921693081254,16.7128626662645,15.0719350115638,21.0926881276103,18.8053396199683,13.2174459932605,19.7046628107615,17.0814913777583,18.5734383635551
"goose_59",13.6955760249778,16.3093944761102,12.878481932179,15.5415847644769,15.3408595983208,15.2963348121149,9.36744871147137,15.5307548029511,14.8819638837037,14.8422896727749,14.0726649295424,13.3111634176458,22.1665957269601,15.7480434720227,10.2225975809568,17.3183407626718,22.8916928686405,21.2921845001762,19.2754563024463,9.89197891997275,18.3921693081254,0,19.8688675720322,18.9814652787588,21.9343690226049,21.9465832997997,19.63163815439,22.374371135634,17.1729046655435,13.1735460160225
"hamlet_59",18.3518445329737,14.2952224342692,18.2734993571125,17.3328657565133,18.5968760567268,14.9729243130127,21.5569687510323,17.8159492986569,20.5063165990346,16.1482811266022,18.7511957569199,22.577919348368,23.4846680492075,15.2222503524982,18.4500158419682,19.5735974853673,18.166739475152,11.4445744509674,17.0115637664489,21.3840171059115,16.7128626662645,19.8688675720322,0,19.983891182227,17.7003034559981,22.731258364034,20.2208749425967,16.0849287214092,15.1458256169107,17.443468196107
"iris_59",16.3177968912175,20.5435886793041,17.318857814761,18.7917613411195,20.009176454739,18.9689741169595,18.6543822745132,14.1222161220068,20.9189736645955,20.4099688724852,19.2563541550892,23.0283569442488,24.2918313824341,21.2002058022996,19.1421905192505,18.0565334944227,17.4538277340975,20.2601039607087,15.5532910155337,21.718744309243,15.0719350115638,18.9814652787588,19.983891182227,0,23.8653440409864,10.4171428402243,16.0005192624776,21.6377615430518,18.2881975069767,20.9952492231268
"ophelia_59",20.8782313510971,18.2941335063269,23.4369360925339,20.6601162417284,21.1249403694172,18.545083499855,23.8698562077264,23.1453702051808,21.9872165109116,18.9214514930597,21.3277394690388,25.464910569973,24.2344208657573,17.6781466726733,21.1208847028524,22.7060607408917,23.0450663653836,16.6026946620935,21.2713348462725,22.8764096581369,21.0926881276103,21.9343690226049,17.7003034559981,23.8653440409864,0,25.450791268845,20.2893660974831,20.3654787263831,21.2664524175965,21.2885918814952
"iris_60",19.9186282815678,23.2684183567167,20.6113700261131,22.269681185461,21.5398609567578,20.9317371196839,21.7448197818561,17.6340712117908,22.4854268549766,23.5007754173528,21.287482690364,25.8432288154512,25.8501532371039,23.7880890727741,22.014206761175,20.8040970636234,19.0336941207868,21.983286782386,18.9400902132322,24.6068618341567,18.8053396199683,21.9465832997997,22.731258364034,10.4171428402243,25.450791268845,0,19.0231888244696,22.9025849808818,21.3513612483132,23.7399110344292
"wolverine_60",16.6788282041441,18.8135230570596,18.6039074045864,17.1071308334755,20.5081619256527,18.6601981858128,19.4092603788587,17.3660701345016,21.3365402453807,18.9611061780357,19.7329631425152,23.1802756345829,24.6724522807974,19.8178505139251,19.7500578580078,17.2945981414775,18.6235294058479,20.8126509063238,13.8985290794667,20.14639342104,13.2174459932605,19.63163815439,20.2208749425967,16.0005192624776,20.2893660974831,19.0231888244696,0,21.9788811936784,18.8767462977376,20.4778748373632
"hamlet_67",20.1704044379136,17.3767680818762,20.3391202848496,20.2188238282495,16.8079437623472,17.695553782339,23.1459488170548,21.0973145303255,18.835074128353,19.733927130788,17.8257433388814,26.435212115574,17.3032671209236,18.1946973167453,19.9250745967637,20.4088939977808,18.1973931775374,15.5187305659549,20.2541736075181,23.7731471120843,19.7046628107615,22.374371135634,16.0849287214092,21.6377615430518,20.3654787263831,22.9025849808818,21.9788811936784,0,20.4315030408015,21.1378302923494
"hera_67",14.5122341728832,18.091040362794,16.2853943682198,17.75221886774,17.9011256364679,15.9740357961938,16.8347940573107,15.3458126481194,18.6117259182396,18.4721252746906,16.7903821929681,20.4998165188065,23.8278390308956,19.4218487893351,16.7573120367845,16.8313116260131,19.7150848851016,18.3941621724598,18.9576533646133,19.5265103468803,17.0814913777583,17.1729046655435,15.1458256169107,18.2881975069767,21.2664524175965,21.3513612483132,18.8767462977376,20.4315030408015,0,17.1744402339909
"jarjarbinks_68",15.6475868806723,14.7503858753736,15.6772701924399,14.932530250869,17.934146080663,14.8449910840248,16.0554434582838,15.6101219482988,18.0231772857864,15.1349792921579,16.9125184315988,16.9508289676248,22.4666274452103,14.3007232403415,13.1199346561951,16.8613373841612,22.2753180810061,18.378842314572,19.383890739948,15.6210806915531,18.5734383635551,13.1735460160225,17.443468196107,20.9952492231268,21.2885918814952,23.7399110344292,20.4778748373632,21.1378302923494,17.1744402339909,0
