"","buddy_11","joans_11","padme_11","ginger_14","buddy_16","buddy_17","ivy_17","padme_17","buddy_18","ginger_18","ivy_18","franc_19","ivy_19","ginger_2","ginger_20","buddy_21","joans_21","franc_22","grogu_22","henry_22","joans_22","marshmallow_22","franc_24","ginger_24","grogu_24","henry_24","ivy_24","marshmallow_24","henry_25","ginger_29","henry_29","joans_29","ginger_36","grogu_36","henry_36","joans_36","franc_37","grogu_37","ginger_41","grogu_41","joans_41","marshmallow_41","ginger_42","grogu_42","henry_42","ivy_42","buddy_44","franc_44","ginger_44","ivy_44","joans_44","marshmallow_44","buddy_45","franc_45","grogu_45","henry_45","ivy_45","joans_45","marshmallow_45","buddy_46","charles_46","ivy_46","joans_46","marshmallow_46","franc_47","ginger_47","ivy_47","marshmallow_47","buddy_48","charles_48","franc_48","grogu_48","henry_48","ivy_48","joans_48","marshmallow_48","charles_49","franc_49","ginger_49","henry_49","ivy_49","joans_49","marshmallow_49","padme_5","buddy_50","charles_50","franc_50","ginger_50","grogu_50","ivy_50","joans_50","charles_51","franc_51","joans_51","buddy_52","charles_52","ginger_52","grogu_52","marshmallow_52","franc_53","marshmallow_53","charles_55","ginger_55","ivy_55","buddy_56","franc_56","grogu_56","joans_56","buddy_57","joans_57","ginger_58","henry_59","padme_6","joans_60","marshmallow_60","joans_62","henry_66","ivy_67","franc_68","ginger_7","padme_7","grogu_70","charles_9","franc_9","grogu_9","henry_9","ivy_9"
"buddy_11",0,0.0846337878597161,0.245067604811433,0.288705935698822,0.420653300116898,0.149393965480609,0.170474399383975,0.496792801435467,0.355214297788369,0.148739067896459,0.284912483684283,0.115572423159762,0.194212139919984,0.391534736789666,0.187346487992233,0.154662465135735,0.150032275435813,0.174733224327011,0.422490869121166,0.131408528427412,0.124262582014368,0.125478759751202,0.159843925656903,0.194834167894542,0.111310954241199,0.0996736547856693,0.240824158098272,0.344717285543615,0.129730934250612,0.22435659735494,0.124047408318157,0.166100675616859,0.137581427402715,0.452060468687331,0.189736668535232,0.196394583483706,0.175356315538436,0.475460334011845,0.113109849604084,0.457091150193925,0.193529478982328,0.479737560320869,0.154353302088325,0.313815979613009,0.180795488370981,0.364675597466629,0.166108979890586,0.242331437541783,0.236182717869345,0.210470676494108,0.135182491460478,0.209893232129826,0.121349861902513,0.166679834814224,0.203069652864931,0.266159686619989,0.191556751855143,0.197940307027085,0.392127870864608,0.221970954783973,0.16205739575433,0.303733046500587,0.125504149572677,0.266598408110007,0.203616698175871,0.260220808960441,0.201810334148506,0.259043249746967,0.320057927790761,0.143356758688902,0.197011770018691,0.465835724858528,0.25674095621503,0.222090474867195,0.152428439037853,0.179653522637414,0.319212054939084,0.196770016941389,0.305718931483897,0.221232471919323,0.182620682360785,0.161181372713184,0.234089768930668,0.205647846002447,0.227410286110296,0.182041985439916,0.179689543489179,0.268473411918683,0.359273145278263,0.225905903693426,0.24217649692065,0.1525882626903,0.188923221995208,0.285456340612498,0.135293653791418,0.230927480970279,0.209506785080505,0.386906056382405,0.110885055710216,0.200637650827527,0.463138603522348,0.216613148998545,0.242990919973511,0.258258429848435,0.27167482733266,0.229362507432678,0.413174908373933,0.135183406326234,0.179850871710719,0.280955557768001,0.222419516706495,0.18412399048379,0.210936818840388,0.179077585866269,0.218348857188447,0.15646307715283,0.305485451011622,0.150130437818249,0.139224508470828,0.289311878956066,0.269881272039313,0.38704906495529,0.216156113597788,0.366723212400119,0.170834135050193,0.174065948580708,0.183341787747114
"joans_11",0.0846337878597161,0,0.240205754067444,0.279625582883029,0.434273603706259,0.173366807300088,0.198514363251362,0.498848386037695,0.293219446144611,0.172012027177368,0.303456311887695,0.150277257908474,0.220966597028236,0.370130692830681,0.216087939675413,0.159674423501382,0.106294466300713,0.208147697175885,0.366855133258899,0.169136670154364,0.153259533805198,0.0960847879868388,0.186552685374771,0.223963391839788,0.0688160265191027,0.139369612777753,0.260051589768931,0.288660479953006,0.153558916705845,0.229201454951915,0.146856271298816,0.117601398713368,0.161260726117351,0.395176681589183,0.21804428912324,0.133729768715799,0.202942596031073,0.41746801634958,0.16063384744619,0.398956009529454,0.206672153193002,0.492964667064521,0.176022774039367,0.248158678239835,0.197868128817672,0.376616341930737,0.117803609004973,0.257206464526512,0.237137586005252,0.223911077763098,0.115337870631723,0.154638434867432,0.106739499811032,0.193647191031395,0.168961323948051,0.26346756426759,0.21570364230145,0.185071453175152,0.326289913925633,0.187578899702822,0.146568646978161,0.304677645526654,0.125648415919091,0.206806026308429,0.21537312033228,0.262304325511521,0.224050779727504,0.226252082030578,0.261235327085752,0.182457809484525,0.226188572558493,0.408081875302432,0.275054082366779,0.249311313825033,0.165736059655976,0.154227112761611,0.326102065727889,0.222822204194784,0.301630957301809,0.228122408768886,0.19903640542767,0.177313459851615,0.170725337761243,0.22828173487379,0.211695356445389,0.205320248131723,0.198993128841973,0.274090636793537,0.302059703417997,0.23270062702354,0.247831506622733,0.188064156041034,0.220046968689923,0.289441230311101,0.0902648401979421,0.253995202692827,0.216993869952038,0.330599366106267,0.102232269262362,0.230400459625562,0.405475883698619,0.252677798006986,0.249410873695713,0.285490960799966,0.243242415829965,0.256048058389517,0.356518511322053,0.141477985514955,0.128713065288344,0.253749807809702,0.228595388919037,0.216973684219918,0.23752214742175,0.174023159452542,0.199664754854445,0.18096590822488,0.317829890619205,0.179579035457268,0.128747343950585,0.295383643593485,0.28954067835892,0.408488754670286,0.222209050933765,0.373855446327256,0.206129045572401,0.198556284575257,0.165919275609823
"padme_11",0.245067604811433,0.240205754067444,0,0.231033805711772,0.526129976614791,0.174778041448472,0.312008975198043,0.564156523980063,0.395850890322663,0.26550269512622,0.311618726719255,0.24690751808309,0.241864839462488,0.471277616344767,0.311331316262166,0.170262737095058,0.232626368314406,0.310404364568649,0.473254337510884,0.261855166484934,0.198467308436394,0.260569122265323,0.280041038724359,0.330742416695934,0.289666054990432,0.241275209090412,0.244512645024238,0.401719243806909,0.302119651684044,0.267005475677225,0.227553789218351,0.240717530213498,0.25402876464648,0.498796956175919,0.269553170143371,0.282308013054896,0.302232787987339,0.525764862196848,0.232402229733735,0.506912881986111,0.263569504627264,0.570775710636733,0.339716364855032,0.402897869789227,0.270754658613735,0.420141344634813,0.29797057064512,0.283810583539969,0.27888146209621,0.274124434250468,0.31341172431851,0.295903468903683,0.301245276658268,0.297691050788066,0.24828707192674,0.280903615336386,0.309586950658716,0.360229798984187,0.44787376042977,0.390944199985855,0.313918602605935,0.270738042242221,0.2917194519645,0.345426675717668,0.293337722856776,0.242303131533942,0.24871052947495,0.352204776185491,0.387562639427904,0.212564163835731,0.332439353234981,0.51740857592519,0.295958229405002,0.298240847626929,0.268653648776439,0.27290808672906,0.376971403604012,0.325497573594027,0.298516893879422,0.269285211116334,0.227275843567477,0.320328117633334,0.298494715870113,0.370632113644444,0.325548989550611,0.233011048770233,0.272689800425004,0.26877764379661,0.43032388100957,0.257563796091526,0.362620369996929,0.276647587211028,0.316836898107766,0.40705395218987,0.251452399741636,0.338176473461446,0.276484433582444,0.442725791842478,0.280133445257435,0.325394258654963,0.51395373705311,0.339518764059404,0.2691738989607,0.338251539866542,0.360046579546183,0.309357230778895,0.46092705499401,0.249775226485704,0.286718015409645,0.372440417707251,0.285820727024375,0.299243589335865,0.380413550536531,0.216159108899781,0.34686226720207,0.28926985106599,0.398098772400177,0.188778922628725,0.224059713134215,0.392458018936601,0.386462682138841,0.510103328778134,0.253880441416197,0.454638095473848,0.294843451848675,0.270689945777846,0.335283915831081
"ginger_14",0.288705935698822,0.279625582883029,0.231033805711772,0,0.552753543280949,0.262567045418077,0.352498582328189,0.641665145404478,0.457983262436643,0.202943257642943,0.378363631642317,0.251018780270709,0.243630420595443,0.537316403510265,0.247741457450094,0.29843855278288,0.235442363155673,0.268177449572797,0.519544424469047,0.286925867843039,0.237733195742202,0.250975684035793,0.285533091517391,0.264681431268698,0.332947909080243,0.252739588893399,0.220682405293148,0.435026723799017,0.351233515677072,0.129489406592995,0.258543497134408,0.235546767296359,0.25721879815103,0.54688843800277,0.203860438476468,0.289637298949608,0.267234422273499,0.573306322839324,0.249908014349482,0.554177134415999,0.247685099766271,0.596195975121419,0.383414460119976,0.435951050292882,0.196725572810319,0.432311090503351,0.333993891323158,0.381388907310394,0.160298973463895,0.184267775342124,0.335321123407632,0.318488540257254,0.322164262899184,0.291882050102401,0.210385730868668,0.151490112262462,0.343814953226734,0.388010314714048,0.475167085839432,0.426069682759045,0.344890795427864,0.132769488048132,0.299959449474243,0.362210348700228,0.188763957666353,0.155506525139252,0.249708174554221,0.391111767027195,0.415651797865657,0.282579774729825,0.298997164899719,0.562982923391524,0.20430316419638,0.26350593688106,0.248823905447905,0.296566355525243,0.461110654440237,0.29195305488751,0.138546424011434,0.148728084348136,0.171793098494751,0.330543631661665,0.321724524863394,0.43432754859625,0.381446385610322,0.203442118302268,0.190372331331753,0.116180283437332,0.458934688008806,0.128199399092124,0.391559353164345,0.266866005358612,0.277066049156811,0.441772833043264,0.269305527592452,0.335212158851216,0.148742627725242,0.483599176891202,0.322459840953406,0.264638115508037,0.560609297865621,0.315434274200129,0.124473627126662,0.319166222565049,0.409835616741541,0.274956037520921,0.505596858208634,0.199521016090706,0.313629931213174,0.42459123120428,0.150071935281997,0.210190085028177,0.457509028317451,0.169106474180917,0.396142294696276,0.202519075348913,0.397410578456094,0.210132096095202,0.206827157948469,0.433986548423972,0.471739614848324,0.574430180690601,0.342857730841018,0.508835831310483,0.269119386840653,0.393810358589449,0.378675689718796
"buddy_16",0.420653300116898,0.434273603706259,0.526129976614791,0.552753543280949,0,0.442986475435538,0.304112887014957,0.597028185727333,0.558108353385174,0.417073459126194,0.337320867188045,0.421967938423884,0.482556425341757,0.524785352026111,0.399678899543989,0.406171417845074,0.469858184297035,0.387045439109442,0.528539678744793,0.386667942228579,0.451576417545566,0.475025200422209,0.359550276234827,0.356686032500315,0.427592760612897,0.408036998087225,0.523430098191778,0.533392983435032,0.377349103758823,0.514851792287679,0.383419366236558,0.50691339127455,0.403076489022361,0.530191703708524,0.460970237026553,0.492869845238921,0.412959028020934,0.550399883490655,0.491854440619027,0.544423235012023,0.53242248546434,0.126334197544556,0.350795731891078,0.472604904699314,0.427924799507021,0.25149856378853,0.43685639773264,0.38044662016043,0.493976859827564,0.514926141154111,0.358955929426582,0.490442092293804,0.35819238565367,0.368098951563853,0.517380655365871,0.532611747888187,0.37895989348249,0.274335101476966,0.531066369763557,0.300630135186665,0.325036204026115,0.575729784249067,0.365704568410284,0.512912197074092,0.482012950866054,0.551853911655734,0.389943199643407,0.507763283884305,0.49743831140364,0.440598869727106,0.369595023716849,0.539176493048465,0.525347197176012,0.437094986706672,0.43997877030971,0.546277663608714,0.552909543770825,0.42313933761262,0.578579265110796,0.506037821431734,0.468000865611776,0.325271548215622,0.532823873753253,0.441494416200075,0.50965677377128,0.496738280242377,0.442779701757159,0.555659910702356,0.545058420182188,0.51574421590756,0.220115530134286,0.391076337930777,0.365562434917672,0.187158301828988,0.473395283763049,0.317212711684237,0.495903616494228,0.517522988336945,0.407281289195294,0.401008162090309,0.543157556459144,0.39366924406627,0.525581721629148,0.408698017235059,0.527735901835293,0.439211378276212,0.518536014317881,0.427202287761869,0.46627733149181,0.517868451616168,0.511488899281049,0.41902920324974,0.4111962220385,0.513060715286776,0.482501945262128,0.428918212631137,0.243401906758124,0.515445924558039,0.490260881837723,0.508409981304735,0.452589089089333,0.146241002676969,0.551780065577634,0.549487055234233,0.397920632745941,0.417388767185527,0.400430616579984
"buddy_17",0.149393965480609,0.173366807300088,0.174778041448472,0.262567045418077,0.442986475435538,0,0.22564451580601,0.573148928965378,0.412370483416652,0.148728505771101,0.24064829841544,0.144590531985219,0.14712156205114,0.471539757183442,0.191601926231343,0.103707202536232,0.197003866668914,0.192280652180757,0.459866121627988,0.148257404411116,0.172304864081069,0.162394002179696,0.178916787352035,0.214661756325596,0.203009184643137,0.121890198234027,0.154466020588688,0.373568231928402,0.227983791853564,0.199072174128544,0.161118224154231,0.198603542407808,0.152808025784451,0.491132179473914,0.172499800791894,0.23614178842881,0.202000465769296,0.515581505713222,0.163843806917195,0.496956646877811,0.18953412935901,0.502225317659765,0.249800759704111,0.354090185720152,0.1620226023402,0.354441600707847,0.19634460405507,0.226789993104127,0.211756811200646,0.17624854820722,0.201411961393299,0.244114111046065,0.197029339068304,0.17155733407785,0.227689018329174,0.244322627941516,0.236980877081651,0.250058819946723,0.433891066957957,0.29444389177,0.213086905494397,0.282311157506016,0.171999777581468,0.304052914029701,0.181674497534965,0.250151929885884,0.18350000209716,0.342248249495566,0.357999206481618,0.182897063206512,0.201493701313211,0.506012607686151,0.218782299250348,0.213557650051849,0.121633875130445,0.239874474699274,0.40310428416137,0.191880719452845,0.289747455886295,0.193570205403726,0.174170416271723,0.185423230036971,0.27475879816652,0.299403365835872,0.298732021011268,0.183137424061128,0.187698827216552,0.24844886873847,0.396617851177816,0.204316939353447,0.255936449948637,0.145393432102747,0.193373627856002,0.308186156070651,0.185046243529364,0.242491553467107,0.181701810257131,0.425423070309635,0.176148223742342,0.208507560814578,0.502744333257336,0.212305730958823,0.220836063461403,0.236218924695161,0.355419691475108,0.220301737539593,0.451330074820483,0.15948445677061,0.207874047090115,0.362794341196967,0.198747290871778,0.173849226570561,0.323113594648364,0.180142546745992,0.300902125765694,0.172492709550911,0.315120393661439,0.180771427434009,0.158447213411536,0.369006472968651,0.35799129319478,0.445713165864964,0.317516609961544,0.448743268738232,0.152903429725819,0.20695184700692,0.261619001756714
"ivy_17",0.170474399383975,0.198514363251362,0.312008975198043,0.352498582328189,0.304112887014957,0.22564451580601,0,0.572653403617879,0.444091407232602,0.240939796123277,0.19735930696726,0.139461606345281,0.242130792833775,0.481565618939673,0.199069363915112,0.221208170467934,0.276849647855509,0.129827594260997,0.486684909343375,0.136645574301063,0.190528234473837,0.251752268212944,0.104911975846077,0.145081296919531,0.176081202295714,0.159933726441102,0.290927066708518,0.404876138837323,0.193173389862477,0.286929830690959,0.155997743504212,0.298905948554249,0.15559031656642,0.517063075616009,0.227536084074876,0.297313373813517,0.170188341853829,0.540107380392032,0.237937645071823,0.522574717792561,0.263085964541448,0.366022499127985,0.171144793626693,0.375842591984826,0.220023165317074,0.274427057640964,0.241109429753295,0.230060307293698,0.31061929353658,0.262335930822223,0.147567810446266,0.281582621600177,0.158220759362714,0.113344227116024,0.319109922277647,0.339926548456641,0.144375063344381,0.109157356025406,0.44833704052046,0.166729513586668,0.116044075837837,0.371154631371952,0.146715842096261,0.33531912458168,0.247331222130633,0.339564457830228,0.224604440692537,0.336098498789038,0.392083337203177,0.193608165876109,0.126237218336834,0.530288694825103,0.308589395302612,0.204365715930219,0.198927486174099,0.275796699833536,0.417580713309616,0.179637013290411,0.380340695617366,0.298528525456273,0.261814631097523,0.105358112913041,0.295264905505732,0.2995092783815,0.328062281963461,0.271855883986249,0.20478082424207,0.34159444962002,0.425325443495687,0.278026885861953,0.122793325825306,0.16563233604089,0.132107321161657,0.164038357261534,0.255415655847959,0.128599419759306,0.265421104607083,0.453684615818215,0.167424482982582,0.163816966729759,0.528245116982956,0.226693392647767,0.302255789838242,0.181245289640332,0.36828590247701,0.203053819313356,0.477789963675576,0.212233294943099,0.26877734703391,0.372906861188771,0.278410535571744,0.238601151260614,0.28041066114073,0.259896960198513,0.302654437600954,0.227000842390105,0.198992089791929,0.258452725913602,0.218215257768844,0.373901208841781,0.349002636691306,0.292183943695895,0.334675391121816,0.451756866446336,0.166083340949947,0.268913637669917,0.200853340527654
"padme_17",0.496792801435467,0.498848386037695,0.564156523980063,0.641665145404478,0.597028185727333,0.573148928965378,0.572653403617879,0,0.307481752541947,0.606680026534778,0.597197534603665,0.594603764353222,0.614396413612055,0.168583675995377,0.634147959979671,0.575684378363043,0.524400803371718,0.645451309715464,0.283989261848705,0.566515991631976,0.551455090109084,0.527513464283148,0.615796520646781,0.643257585621079,0.47101712601756,0.553671690934491,0.646446185556247,0.370414340869973,0.450264877406828,0.64633917050288,0.565476202864104,0.510430725250528,0.598790466849966,0.260489803067109,0.634755298325602,0.456418688387594,0.656035019767939,0.244921837998044,0.482037934034576,0.258857012616897,0.554203263580364,0.619478607024847,0.456590498492301,0.361811340571656,0.631036984678578,0.627382290960545,0.491267209051524,0.532493866227706,0.639005681155312,0.636626769283237,0.543991919287694,0.449594235646029,0.543387182675293,0.614521708838135,0.54386959332227,0.640762895564126,0.540813849329921,0.556144991085597,0.323060910834818,0.505200764063272,0.567491779736722,0.644350568784762,0.569884231619491,0.403948316673297,0.640264732295661,0.576857628099712,0.607106831620359,0.345833895423406,0.355881541624145,0.561866609181363,0.640109099380059,0.250397051786846,0.657476041748459,0.642932737054106,0.592217031341466,0.453659991632635,0.308074959585738,0.643830835282089,0.647381688929457,0.638218106821062,0.608743692703485,0.585734133870533,0.440475183619503,0.326481265589725,0.358844194634915,0.568119539851888,0.638619837447311,0.646572564379566,0.339710064568355,0.641942209599234,0.601195188883122,0.605067872671972,0.639074402187225,0.596838673250977,0.508430722278353,0.641333724040075,0.64827331626626,0.311108459454029,0.490821626931782,0.646808664031766,0.252755883461285,0.634803101241555,0.656139191178764,0.643300532427154,0.299838297761108,0.65007518327375,0.291637118187278,0.603049209387956,0.471437346383019,0.302452908739812,0.652641203039004,0.625287785952622,0.342847300915302,0.567585705763863,0.336071082460883,0.615354955946634,0.626083591261224,0.516730302642905,0.546633968084528,0.247544997374686,0.302339328407927,0.548966020121617,0.360994869850241,0.175275643481515,0.619053540501,0.412193112943268,0.453450320113353
"buddy_18",0.355214297788369,0.293219446144611,0.395850890322663,0.457983262436643,0.558108353385174,0.412370483416652,0.444091407232602,0.307481752541947,0,0.434857804480897,0.460871200180854,0.438563706343521,0.461457775809674,0.217509564093486,0.493533155845668,0.396220971455282,0.299834661583694,0.488130560026374,0.135850737692526,0.435134134724754,0.398715922330763,0.310671350815984,0.459966628939498,0.493007418815104,0.29220516363941,0.403589707447546,0.489089109789557,0.125873953512699,0.335639604159991,0.470201642592874,0.402546235517335,0.278753370059465,0.434995527248708,0.157767629177437,0.476935945589735,0.207557475912043,0.493348081620346,0.164133054422034,0.357616223830713,0.146139450325301,0.392745084812695,0.604685882156934,0.359311205429362,0.145558608980657,0.462171014734241,0.504776217818824,0.286764518704418,0.404976170790894,0.467615696474727,0.457830637747275,0.356317542523362,0.217992942054563,0.346026592403196,0.46386086793143,0.331693949890764,0.4663921675801,0.403641718527189,0.382902921518566,0.120952962227706,0.322129257184442,0.392709023647226,0.46315207580751,0.387228437129804,0.152661168946822,0.477782219326881,0.399778531718132,0.437859091075692,0.16739964422135,0.10314002878332,0.403132502658349,0.496526808108602,0.163377794365507,0.500272320423039,0.47924919002662,0.434726008766588,0.279807248213384,0.265025293297775,0.496171462450424,0.474550861865851,0.465056755668386,0.432081167786174,0.428349554876555,0.202364309254874,0.29493250815623,0.227413300339082,0.405256060818696,0.463091227913211,0.470265171455325,0.0887190696065451,0.461476888552584,0.451311597046506,0.45523949422135,0.48479209088943,0.464343722670214,0.284148392835474,0.509866012968081,0.470414162852834,0.122295849017507,0.33776849500137,0.494938921789574,0.149483433328472,0.51865998792603,0.482194273104511,0.508927138779054,0.171596416613728,0.490513952252452,0.140076679446979,0.420310849423054,0.246278376939406,0.134425141726999,0.482711199249023,0.460508544238159,0.328414392521304,0.38176062409118,0.238499344141402,0.443540584224593,0.509677592842051,0.355438356910684,0.353088588161793,0.224755414692436,0.318739891228523,0.522038819625696,0.25876155199153,0.228068625427969,0.474422005183297,0.317845212456395,0.304298882372389
"ginger_18",0.148739067896459,0.172012027177368,0.26550269512622,0.202943257642943,0.417073459126194,0.148728505771101,0.240939796123277,0.606680026534778,0.434857804480897,0,0.283698994677081,0.129292349232661,0.153158383073491,0.507299972774414,0.115402247374745,0.168650454368488,0.183465630101458,0.16925787791053,0.485343721563651,0.149909191988647,0.170611979771457,0.162095708060349,0.175542324091808,0.141609191260528,0.217560895851011,0.112896462040475,0.180345964145342,0.406242862477838,0.226356189189137,0.132202029224125,0.143674014856657,0.195884084947964,0.131557395415241,0.515621631079462,0.125722246004715,0.252527096495001,0.162183943816734,0.542127918701487,0.193265350722168,0.524308240408344,0.218585845713733,0.474892897232231,0.255811579265786,0.386624753156496,0.104597234287416,0.364348026607112,0.216474603993043,0.290395558736643,0.145565311349922,0.138812128986443,0.195238966450604,0.275017304607132,0.177346047387992,0.174926686047374,0.196705675272016,0.184391417298456,0.255492336132476,0.246862720523169,0.467087625007923,0.289255746327966,0.201572379748765,0.218621844138061,0.158054824727835,0.331524428789695,0.14168499817542,0.210352621423581,0.151141751938688,0.386560498641985,0.382423262121211,0.177886330936947,0.191520095249088,0.532047348740535,0.176110148590891,0.189328145462636,0.117818334664317,0.288035224209231,0.438717271625315,0.182816386473071,0.224308521705363,0.119201881730414,0.101016110953876,0.171017627508078,0.311016387809343,0.320476486538841,0.33422580284311,0.15937097125237,0.110679309991052,0.182233462888416,0.428671821203481,0.144481556723692,0.252013823308123,0.128744306972034,0.172468069468797,0.30355894043749,0.195940967873119,0.217973594252258,0.115971316342291,0.451155098473362,0.191587929000825,0.169421561746877,0.530272803569743,0.185995900969513,0.152399353889773,0.237342169430982,0.394345472170638,0.202627201905119,0.475656022423437,0.0769876292377429,0.229204871855614,0.401428524305443,0.131770930677825,0.0918631636663702,0.337820539710998,0.137396957721268,0.342483243209257,0.0934789617406243,0.301779393875563,0.205078952471914,0.165619719386315,0.401636878943814,0.393583953339272,0.445924236611883,0.336808298375364,0.485338303253663,0.147920226142583,0.281736405717217,0.296985376553755
"ivy_18",0.284912483684283,0.303456311887695,0.311618726719255,0.378363631642317,0.337320867188045,0.24064829841544,0.19735930696726,0.597197534603665,0.460871200180854,0.283698994677081,0,0.270009082022933,0.20914992806781,0.507811843926183,0.241321026642371,0.231769836481438,0.335700206182402,0.24998749306383,0.484333794117671,0.221737634450204,0.246123487078829,0.325276861714713,0.20178234102961,0.245427340737244,0.298395371563085,0.252417318899653,0.256045371198498,0.403170557805094,0.246793209943216,0.353646581474566,0.228654443284673,0.336303246529971,0.252915806147113,0.51370154833135,0.25946821272721,0.354835509741364,0.260146956807739,0.537816916714398,0.316729919998819,0.520131967554203,0.365629970626089,0.389968468514389,0.225569605913622,0.409402626300476,0.268666209452176,0.147550614769087,0.2644529909735,0.163613365368943,0.347883980529205,0.34568957048511,0.235477710599919,0.335777957951062,0.242257633703549,0.2160749288458,0.366211713141461,0.385708423557598,0.157483636419708,0.183123398815325,0.460437239706644,0.214305146104622,0.224146895489507,0.398651926523479,0.235932130519284,0.372085050497404,0.317238728490585,0.396990682610963,0.17955273620746,0.393225648107979,0.402933505819863,0.23638631168691,0.210300192015296,0.528821063822068,0.354836340552946,0.18783843889769,0.278344596764907,0.378981856766585,0.445336237541045,0.26172194364406,0.426596693024503,0.325671972397478,0.248967413949271,0.217238673666886,0.370871828828739,0.350110974124517,0.360714271677497,0.345295273068574,0.267369991523069,0.388232494333112,0.429736298403926,0.339201744177345,0.180308788742021,0.236940770195379,0.214894310259962,0.204098501383957,0.305735772167753,0.195067219489572,0.339621373490889,0.454630528385638,0.256265298043877,0.24734824678886,0.525478318743459,0.268049266415248,0.360071853832652,0.169371846449774,0.408496290653414,0.197141499130297,0.475174044246382,0.280124367398799,0.305296404048436,0.417472807086191,0.356496086476469,0.278831963664545,0.343333641024523,0.347193428254328,0.373033417434713,0.310780152420753,0.170669289036364,0.310034362798016,0.336964967723112,0.433573030436335,0.385970369511456,0.358801261207063,0.386487784771876,0.491718981270393,0.204982987048131,0.282851534120605,0.232401627738191
"franc_19",0.115572423159762,0.150277257908474,0.24690751808309,0.251018780270709,0.421967938423884,0.144590531985219,0.139461606345281,0.594603764353222,0.438563706343521,0.129292349232661,0.270009082022933,0,0.139317661411632,0.500678075669385,0.134177844669635,0.173694687573378,0.210227758992883,0.0884797604275473,0.496901518835936,0.103140307476621,0.125488775314489,0.162651997797826,0.0931509877849511,0.130675845754408,0.172739528010041,0.0759036532484568,0.176153674766022,0.401271900336751,0.205851016647183,0.165892433412494,0.110886528926643,0.212850339365402,0.0814369030595586,0.528718390474459,0.115571729457257,0.270360442476149,0.0924660614548965,0.553245522844033,0.177083464040524,0.53467555276842,0.180695488721462,0.473779731220999,0.225656517404031,0.378626020142741,0.113262899166223,0.351308594819234,0.222811505500621,0.265604596187904,0.205967271700941,0.141129056840602,0.162139077305639,0.27009743529481,0.15137268661438,0.0952233167283324,0.22995771972966,0.232788451964263,0.209985817705516,0.221264068631652,0.456031684370895,0.259827314391016,0.171577140487326,0.263199101472902,0.127801633760884,0.334907252635464,0.144086003100738,0.234007387906688,0.176773451543858,0.346253301829461,0.396365066107102,0.131250981746764,0.120729551643023,0.542695176485569,0.188659066994786,0.146135716691655,0.104818795924821,0.234524990356833,0.421922664118348,0.117387580754506,0.272863197919463,0.180700371094144,0.153029724287491,0.14597884337956,0.283118166653885,0.304003861535972,0.325256739762022,0.17653604052477,0.104769216609819,0.223041110191406,0.431186933849971,0.170014526370268,0.224146996207043,0.0896405051171099,0.120450846010188,0.272957639719607,0.192952781065069,0.176458809092745,0.146036348156599,0.461391236927346,0.157843184152543,0.114241120769063,0.540529854501645,0.166932823679655,0.187574415090337,0.185088668902948,0.377005923074378,0.154794834101927,0.487750870528126,0.103691881835974,0.243097752129967,0.384883855903984,0.156505106615445,0.135942506953813,0.283932833858842,0.162524964966361,0.310926905177611,0.124265269300692,0.276394565351398,0.185594902132075,0.128256629970624,0.385546955730432,0.356593353799783,0.418643361265532,0.321331997386671,0.468347372788473,0.109475319145786,0.270224266212058,0.234771291309906
"ivy_19",0.194212139919984,0.220966597028236,0.241864839462488,0.243630420595443,0.482556425341757,0.14712156205114,0.242130792833775,0.614396413612055,0.461457775809674,0.153158383073491,0.20914992806781,0.139317661411632,0,0.521631031211604,0.170567524385507,0.193327043477934,0.252851508035596,0.167704282463037,0.496446414987541,0.156982212009864,0.142662075249533,0.210558503443676,0.1654860466429,0.200974513799624,0.23746655867478,0.153230357728342,0.0834448688488241,0.391123529255021,0.264841159426903,0.205035833101099,0.17719257224264,0.227849535851071,0.148201462485999,0.52840714868899,0.106825435842962,0.294507905305336,0.15521523991368,0.554370179520376,0.192866182245866,0.535088285570913,0.209274357292878,0.529771316833353,0.28308961497134,0.406839373121086,0.155506319445799,0.316520603289115,0.215585863089246,0.233338639678562,0.22878855795636,0.171636422273706,0.228909054024832,0.285073216384383,0.232251142579694,0.171970941247862,0.253473424662014,0.261962948242845,0.210397803015455,0.291274403087192,0.460253869632995,0.325919983635375,0.238331175689017,0.260068668498507,0.193687233739936,0.344582743858824,0.177057959803131,0.281819861598781,0.155497802252189,0.376799028886705,0.407696444941951,0.152187083545974,0.182171637993345,0.544362741698444,0.189539681981676,0.117355918955331,0.128594874001817,0.268790772157869,0.437254374783428,0.171300557103375,0.300256341868276,0.184194464782774,0.12816068084705,0.212765274848662,0.297885774026756,0.341378546784063,0.342921801192548,0.23094264665887,0.155003689157065,0.253224635419705,0.430694757922481,0.198249157484197,0.287670179046812,0.154442898751327,0.183575370565209,0.33550605468487,0.21628975079835,0.218686904131811,0.187001402785445,0.463540920316778,0.205904414947166,0.195921931935891,0.540934998601778,0.218059589344199,0.218501505039538,0.161003721057539,0.401576032557801,0.126226545228139,0.486087016205223,0.168475776332812,0.248331541083033,0.413262773941358,0.199938506165621,0.189103344761209,0.358433537110397,0.206320954493545,0.359677683747684,0.199594320062799,0.293887567556613,0.183112495928356,0.199657636226045,0.429108100511987,0.376334265091696,0.496359310547745,0.34658089222089,0.498990450651212,0.148838910872545,0.294813042396051,0.262560699962091
"ginger_2",0.391534736789666,0.370130692830681,0.471277616344767,0.537316403510265,0.524785352026111,0.471539757183442,0.481565618939673,0.168583675995377,0.217509564093486,0.507299972774414,0.507811843926183,0.500678075669385,0.521631031211604,0,0.539282366495275,0.46155110733271,0.392874767276368,0.549413342160481,0.169011245265433,0.466951684595759,0.453709512060824,0.394997755914655,0.52132997935578,0.552073630645568,0.341220302468748,0.453349529592381,0.549609951695295,0.24585423919968,0.342732239959085,0.550315445083657,0.467870851439304,0.372839126893594,0.502001313008833,0.161145409757801,0.531445762828708,0.32331956166935,0.556542856619745,0.183506632330642,0.370568559113426,0.171762494671893,0.440571552741128,0.569078472553383,0.349884703252811,0.236475721218614,0.533893482916068,0.542607546007978,0.357856776766881,0.440625324481723,0.544962621962596,0.532038680379244,0.413151266547145,0.315800531834367,0.415610992247924,0.518732785746658,0.413703082178568,0.545336480813793,0.450950700569606,0.436201391462902,0.205104731744269,0.376495596152621,0.451213942043878,0.546114360069101,0.449820450862969,0.273453064957642,0.541572014917211,0.480885085744152,0.515434509593327,0.206001174166915,0.221568334427714,0.467889847560756,0.54309426837076,0.173466851476823,0.561284864901272,0.55002661009861,0.48091874663661,0.321881764101415,0.217626893776344,0.541223850706024,0.55630932823768,0.540186985700667,0.513622864698358,0.478937204999741,0.305554927506321,0.217246730904949,0.218647752535723,0.474511908075751,0.540888485939486,0.551982477571917,0.233518152879459,0.542351180872294,0.501115281618799,0.510630347547707,0.545248172636715,0.499674565054054,0.373038868399295,0.548062014325645,0.551289343638994,0.185066487096881,0.376812041280216,0.555253564862268,0.172413109401718,0.543813274223343,0.559528829868635,0.552836932740826,0.151290179537045,0.555369545954988,0.169207149832585,0.497922998406375,0.332944927517305,0.160926425426173,0.558131951959066,0.527394103134605,0.23470446837501,0.465059715066428,0.205559849843561,0.521987115766115,0.535699558542339,0.414312632436996,0.433344152594094,0.136968072825752,0.18426394083007,0.480845941126721,0.247303285900873,0.106038829494104,0.523192722739586,0.307366621684315,0.326736388507816
"ginger_20",0.187346487992233,0.216087939675413,0.311331316262166,0.247741457450094,0.399678899543989,0.191601926231343,0.199069363915112,0.634147959979671,0.493533155845668,0.115402247374745,0.241321026642371,0.134177844669635,0.170567524385507,0.539282366495275,0,0.204962854968723,0.246249147394616,0.122237152406859,0.514456464056082,0.0977979032856193,0.184923971084694,0.210342242875671,0.136917874794869,0.0759436076439945,0.234555753877643,0.133865866415012,0.186637557252568,0.421582199384271,0.223577362630773,0.18042566861934,0.144126749498143,0.23896504323921,0.150704066612249,0.544396589214634,0.0970518970327774,0.305987437192591,0.118281092322828,0.571105033735425,0.222982874470629,0.553497097715953,0.257333689595018,0.44726693740345,0.219110151421123,0.405493767667831,0.130642670942823,0.309355160720165,0.231466204284559,0.264766185266519,0.202896890280448,0.190060033925903,0.156611441207513,0.301055745536558,0.158979675405752,0.134271993407661,0.259122025107095,0.236958544250232,0.217530162520157,0.216329513749236,0.484650187863875,0.247930132887544,0.16494151213193,0.271592402509992,0.125773020217498,0.360884385353104,0.169317983575107,0.28955414693769,0.161159263789879,0.404332545041926,0.417220726093018,0.176951308268378,0.13483533518939,0.561194526464132,0.193697257263449,0.142655648833025,0.152388685544954,0.314719057970727,0.467891793988734,0.155282817238665,0.273946020484524,0.162673554243682,0.166121517840749,0.138478829712504,0.341290871891744,0.343053132391087,0.3613061226484,0.225229149072461,0.119488717012787,0.229538740704651,0.454160056969613,0.195858910689494,0.215746042813114,0.104614652206206,0.13266743052987,0.261587073088903,0.233508760952209,0.150919418765568,0.168492784298623,0.480338596623149,0.206392089599706,0.123173590591018,0.559508876928993,0.133109187545163,0.200446975666171,0.184243912905961,0.420605654075246,0.1484222429706,0.504014159578313,0.120892014331497,0.256718863907001,0.429065040928993,0.175503833886273,0.111332508474441,0.329548087234953,0.190376737808141,0.360305404480288,0.154009411632617,0.239780845671751,0.261939630325349,0.221333886299319,0.431448892052474,0.405017164666997,0.428182306322205,0.384912665285389,0.51307719394434,0.0881050351851664,0.305054515336411,0.262149559730447
"buddy_21",0.154662465135735,0.159674423501382,0.170262737095058,0.29843855278288,0.406171417845074,0.103707202536232,0.221208170467934,0.575684378363043,0.396220971455282,0.168650454368488,0.231769836481438,0.173694687573378,0.193327043477934,0.46155110733271,0.204962854968723,0,0.196869974730401,0.209272733370533,0.437783351300345,0.186597502233107,0.190916033000471,0.189389585319911,0.195501272211824,0.222055655634413,0.184525240595219,0.160799605268213,0.22115375144162,0.365987878030372,0.213205235269653,0.258024823883179,0.167824015476872,0.214667137165684,0.173719791850836,0.467322090955609,0.207347579420933,0.230159089763125,0.193918878808528,0.491697470021155,0.241756064684925,0.473612695210975,0.265181340186152,0.468471466501692,0.248658311235209,0.340962306923826,0.199052444645812,0.347149116500485,0.178644997648403,0.218991662905001,0.257175394595484,0.242665780123482,0.161346921436663,0.246163581144713,0.149971573644149,0.20296749087126,0.251106289060235,0.296558680387631,0.240748188240894,0.204844074817761,0.417183056673689,0.239576099520437,0.176251882452373,0.332405936042424,0.149727296851643,0.30211741752024,0.230568611178176,0.313586666314057,0.201292718995885,0.34178522882328,0.33666003512151,0.198849955351639,0.221177442589931,0.482106086691938,0.279079947394867,0.239585200518133,0.173432741738211,0.287467012055775,0.411169891512058,0.217444486680989,0.341391325649017,0.254469515032676,0.211240109753405,0.176960229333885,0.287230912113051,0.302131965655116,0.298832891713367,0.241905115055727,0.206771929930906,0.303145472204612,0.380342370834082,0.258254774591486,0.222550930441757,0.188028664087157,0.212409800103835,0.263995308346262,0.188663563801892,0.240158506297381,0.240699651375064,0.403120491022022,0.173338773161697,0.228526388940598,0.479642053240582,0.236979009829325,0.271032248955809,0.274197273103559,0.35152970876365,0.243995043593059,0.428537676872853,0.154661706972261,0.200967612223605,0.357978042620082,0.253754368823562,0.204190894737288,0.305928703311765,0.232614915597121,0.301334256875212,0.18506039608481,0.284524871050587,0.238878724188162,0.208970407192996,0.3811331771389,0.359739000447605,0.423599531682023,0.323982842841431,0.454667921802745,0.194650392933805,0.183189479884052,0.250484353905073
