ref	sample_name	total	primary	secondary	supplementary	unmapped	qcfail	duplicate	duplex	duplex_forming
NR_177432.1	GIN-41-MGE-S217	0	0	0	0	0	0	0	0	0
NR_177431.1	GIN-41-MGE-S217	0	0	0	0	0	0	0	0	0
NR_177430.1	GIN-41-MGE-S217	0	0	0	0	0	0	0	0	0
NR_177429.1	GIN-41-MGE-S217	0	0	0	0	0	0	0	0	0
NR_177428.1	GIN-41-MGE-S217	0	0	0	0	0	0	0	0	0
NR_177427.1	GIN-41-MGE-S217	0	0	0	0	0	0	0	0	0
NR_177426.1	GIN-41-MGE-S217	0	0	0	0	0	0	0	0	0
NR_177425.1	GIN-41-MGE-S217	0	0	0	0	0	0	0	0	0
NR_177424.1	GIN-41-MGE-S217	0	0	0	0	0	0	0	0	0
NR_177423.1	GIN-41-MGE-S217	0	0	0	0	0	0	0	0	0
NR_177422.1	GIN-41-MGE-S217	0	0	0	0	0	0	0	0	0
NR_177421.1	GIN-41-MGE-S217	0	0	0	0	0	0	0	0	0
NR_177420.1	GIN-41-MGE-S217	0	0	0	0	0	0	0	0	0
NR_177419.1	GIN-41-MGE-S217	0	0	0	0	0	0	0	0	0
NR_177418.1	GIN-41-MGE-S217	0	0	0	0	0	0	0	0	0
NR_177417.1	GIN-41-MGE-S217	0	0	0	0	0	0	0	0	0
NR_177416.1	GIN-41-MGE-S217	0	0	0	0	0	0	0	0	0
NR_177415.1	GIN-41-MGE-S217	0	0	0	0	0	0	0	0	0
NR_177414.1	GIN-41-MGE-S217	0	0	0	0	0	0	0	0	0
NR_177413.1	GIN-41-MGE-S217	0	0	0	0	0	0	0	0	0
NR_177412.1	GIN-41-MGE-S217	0	0	0	0	0	0	0	0	0
NR_177411.1	GIN-41-MGE-S217	0	0	0	0	0	0	0	0	0
NR_177410.1	GIN-41-MGE-S217	0	0	0	0	0	0	0	0	0
NR_177409.1	GIN-41-MGE-S217	0	0	0	0	0	0	0	0	0
NR_177408.1	GIN-41-MGE-S217	0	0	0	0	0	0	0	0	0
NR_177407.1	GIN-41-MGE-S217	0	0	0	0	0	0	0	0	0
NR_177406.1	GIN-41-MGE-S217	0	0	0	0	0	0	0	0	0
NR_177405.1	GIN-41-MGE-S217	0	0	0	0	0	0	0	0	0
NR_177404.1	GIN-41-MGE-S217	0	0	0	0	0	0	0	0	0
NR_177403.1	GIN-41-MGE-S217	0	0	0	0	0	0	0	0	0
NR_177402.1	GIN-41-MGE-S217	0	0	0	0	0	0	0	0	0
NR_177401.1	GIN-41-MGE-S217	0	0	0	0	0	0	0	0	0
NR_177400.1	GIN-41-MGE-S217	0	0	0	0	0	0	0	0	0
NR_177399.1	GIN-41-MGE-S217	0	0	0	0	0	0	0	0	0
NR_177398.1	GIN-41-MGE-S217	0	0	0	0	0	0	0	0	0
NR_177397.1	GIN-41-MGE-S217	0	0	0	0	0	0	0	0	0
NR_177396.1	GIN-41-MGE-S217	0	0	0	0	0	0	0	0	0
NR_177395.1	GIN-41-MGE-S217	0	0	0	0	0	0	0	0	0
NR_177394.1	GIN-41-MGE-S217	0	0	0	0	0	0	0	0	0
NR_177393.1	GIN-41-MGE-S217	0	0	0	0	0	0	0	0	0
NR_177392.1	GIN-41-MGE-S217	0	0	0	0	0	0	0	0	0
NR_177391.1	GIN-41-MGE-S217	0	0	0	0	0	0	0	0	0
NR_177390.1	GIN-41-MGE-S217	0	0	0	0	0	0	0	0	0
NR_177389.1	GIN-41-MGE-S217	0	0	0	0	0	0	0	0	0
NR_177388.1	GIN-41-MGE-S217	0	0	0	0	0	0	0	0	0
NR_177387.1	GIN-41-MGE-S217	0	0	0	0	0	0	0	0	0
NR_177386.1	GIN-41-MGE-S217	0	0	0	0	0	0	0	0	0
NR_177385.1	GIN-41-MGE-S217	0	0	0	0	0	0	0	0	0
NR_177384.1	GIN-41-MGE-S217	0	0	0	0	0	0	0	0	0
NR_177383.1	GIN-41-MGE-S217	0	0	0	0	0	0	0	0	0
NR_177382.1	GIN-41-MGE-S217	0	0	0	0	0	0	0	0	0
NR_177381.1	GIN-41-MGE-S217	0	0	0	0	0	0	0	0	0
NR_177380.1	GIN-41-MGE-S217	0	0	0	0	0	0	0	0	0
NR_177379.1	GIN-41-MGE-S217	0	0	0	0	0	0	0	0	0
NR_177378.1	GIN-41-MGE-S217	0	0	0	0	0	0	0	0	0
NR_177376.1	GIN-41-MGE-S217	0	0	0	0	0	0	0	0	0
NR_177375.1	GIN-41-MGE-S217	0	0	0	0	0	0	0	0	0
NR_177374.1	GIN-41-MGE-S217	0	0	0	0	0	0	0	0	0
NR_177373.1	GIN-41-MGE-S217	0	0	0	0	0	0	0	0	0
NR_177372.1	GIN-41-MGE-S217	0	0	0	0	0	0	0	0	0
NR_177371.1	GIN-41-MGE-S217	0	0	0	0	0	0	0	0	0
NR_177370.1	GIN-41-MGE-S217	0	0	0	0	0	0	0	0	0
NR_177369.1	GIN-41-MGE-S217	0	0	0	0	0	0	0	0	0
NR_177368.1	GIN-41-MGE-S217	0	0	0	0	0	0	0	0	0
NR_177367.1	GIN-41-MGE-S217	0	0	0	0	0	0	0	0	0
NR_177366.1	GIN-41-MGE-S217	0	0	0	0	0	0	0	0	0
NR_177365.1	GIN-41-MGE-S217	0	0	0	0	0	0	0	0	0
NR_177364.1	GIN-41-MGE-S217	0	0	0	0	0	0	0	0	0
NR_177363.1	GIN-41-MGE-S217	0	0	0	0	0	0	0	0	0
NR_177362.1	GIN-41-MGE-S217	0	0	0	0	0	0	0	0	0
NR_177361.1	GIN-41-MGE-S217	0	0	0	0	0	0	0	0	0
NR_177360.1	GIN-41-MGE-S217	0	0	0	0	0	0	0	0	0
NR_177359.1	GIN-41-MGE-S217	0	0	0	0	0	0	0	0	0
NR_177358.1	GIN-41-MGE-S217	0	0	0	0	0	0	0	0	0
NR_177357.1	GIN-41-MGE-S217	0	0	0	0	0	0	0	0	0
NR_177356.1	GIN-41-MGE-S217	0	0	0	0	0	0	0	0	0
NR_177355.1	GIN-41-MGE-S217	0	0	0	0	0	0	0	0	0
NR_177354.1	GIN-41-MGE-S217	0	0	0	0	0	0	0	0	0
NR_177353.1	GIN-41-MGE-S217	0	0	0	0	0	0	0	0	0
NR_177352.1	GIN-41-MGE-S217	0	0	0	0	0	0	0	0	0
NR_177351.1	GIN-41-MGE-S217	0	0	0	0	0	0	0	0	0
NR_177350.1	GIN-41-MGE-S217	0	0	0	0	0	0	0	0	0
NR_177349.1	GIN-41-MGE-S217	0	0	0	0	0	0	0	0	0
NR_177348.1	GIN-41-MGE-S217	0	0	0	0	0	0	0	0	0
NR_177347.1	GIN-41-MGE-S217	0	0	0	0	0	0	0	0	0
NR_177346.1	GIN-41-MGE-S217	0	0	0	0	0	0	0	0	0
NR_177345.1	GIN-41-MGE-S217	0	0	0	0	0	0	0	0	0
NR_177344.1	GIN-41-MGE-S217	0	0	0	0	0	0	0	0	0
NR_177343.1	GIN-41-MGE-S217	0	0	0	0	0	0	0	0	0
NR_177342.1	GIN-41-MGE-S217	0	0	0	0	0	0	0	0	0
NR_177341.1	GIN-41-MGE-S217	0	0	0	0	0	0	0	0	0
NR_177340.1	GIN-41-MGE-S217	0	0	0	0	0	0	0	0	0
NR_177339.1	GIN-41-MGE-S217	0	0	0	0	0	0	0	0	0
NR_177338.1	GIN-41-MGE-S217	0	0	0	0	0	0	0	0	0
NR_177337.1	GIN-41-MGE-S217	0	0	0	0	0	0	0	0	0
NR_177336.1	GIN-41-MGE-S217	0	0	0	0	0	0	0	0	0
NR_177335.1	GIN-41-MGE-S217	0	0	0	0	0	0	0	0	0
NR_177334.1	GIN-41-MGE-S217	0	0	0	0	0	0	0	0	0
NR_177333.1	GIN-41-MGE-S217	0	0	0	0	0	0	0	0	0
NR_177332.1	GIN-41-MGE-S217	0	0	0	0	0	0	0	0	0
NR_177331.1	GIN-41-MGE-S217	0	0	0	0	0	0	0	0	0
NR_177330.1	GIN-41-MGE-S217	0	0	0	0	0	0	0	0	0
NR_177329.1	GIN-41-MGE-S217	0	0	0	0	0	0	0	0	0
NR_177328.1	GIN-41-MGE-S217	0	0	0	0	0	0	0	0	0
NR_177327.1	GIN-41-MGE-S217	0	0	0	0	0	0	0	0	0
NR_177326.1	GIN-41-MGE-S217	0	0	0	0	0	0	0	0	0
NR_177325.1	GIN-41-MGE-S217	0	0	0	0	0	0	0	0	0
NR_177324.1	GIN-41-MGE-S217	0	0	0	0	0	0	0	0	0
NR_177323.1	GIN-41-MGE-S217	0	0	0	0	0	0	0	0	0
NR_177322.1	GIN-41-MGE-S217	0	0	0	0	0	0	0	0	0
NR_177321.1	GIN-41-MGE-S217	0	0	0	0	0	0	0	0	0
NR_177320.1	GIN-41-MGE-S217	0	0	0	0	0	0	0	0	0
NR_177319.1	GIN-41-MGE-S217	0	0	0	0	0	0	0	0	0
NR_177318.1	GIN-41-MGE-S217	0	0	0	0	0	0	0	0	0
NR_177317.1	GIN-41-MGE-S217	0	0	0	0	0	0	0	0	0
NR_177316.1	GIN-41-MGE-S217	0	0	0	0	0	0	0	0	0
NR_177315.1	GIN-41-MGE-S217	0	0	0	0	0	0	0	0	0
NR_177314.1	GIN-41-MGE-S217	0	0	0	0	0	0	0	0	0
NR_177313.1	GIN-41-MGE-S217	0	0	0	0	0	0	0	0	0
NR_177312.1	GIN-41-MGE-S217	0	0	0	0	0	0	0	0	0
NR_177311.1	GIN-41-MGE-S217	0	0	0	0	0	0	0	0	0
NR_177310.1	GIN-41-MGE-S217	0	0	0	0	0	0	0	0	0
NR_177309.1	GIN-41-MGE-S217	0	0	0	0	0	0	0	0	0
NR_177308.1	GIN-41-MGE-S217	0	0	0	0	0	0	0	0	0
NR_177307.1	GIN-41-MGE-S217	0	0	0	0	0	0	0	0	0
NR_177306.1	GIN-41-MGE-S217	0	0	0	0	0	0	0	0	0
NR_177305.1	GIN-41-MGE-S217	0	0	0	0	0	0	0	0	0
NR_177304.1	GIN-41-MGE-S217	0	0	0	0	0	0	0	0	0
NR_177303.1	GIN-41-MGE-S217	0	0	0	0	0	0	0	0	0
NR_177302.1	GIN-41-MGE-S217	0	0	0	0	0	0	0	0	0
NR_177301.1	GIN-41-MGE-S217	0	0	0	0	0	0	0	0	0
NR_177300.1	GIN-41-MGE-S217	0	0	0	0	0	0	0	0	0
NR_177299.1	GIN-41-MGE-S217	0	0	0	0	0	0	0	0	0
NR_177298.1	GIN-41-MGE-S217	0	0	0	0	0	0	0	0	0
NR_177297.1	GIN-41-MGE-S217	0	0	0	0	0	0	0	0	0
NR_177296.1	GIN-41-MGE-S217	0	0	0	0	0	0	0	0	0
NR_177295.1	GIN-41-MGE-S217	0	0	0	0	0	0	0	0	0
NR_177294.1	GIN-41-MGE-S217	0	0	0	0	0	0	0	0	0
NR_177293.1	GIN-41-MGE-S217	0	0	0	0	0	0	0	0	0
NR_103941.1	GIN-41-MGE-S217	0	0	0	0	0	0	0	0	0
NR_176538.1	GIN-41-MGE-S217	0	0	0	0	0	0	0	0	0
NR_176537.1	GIN-41-MGE-S217	0	0	0	0	0	0	0	0	0
NR_176520.1	GIN-41-MGE-S217	0	0	0	0	0	0	0	0	0
NR_176503.1	GIN-41-MGE-S217	0	0	0	0	0	0	0	0	0
NR_176502.1	GIN-41-MGE-S217	0	0	0	0	0	0	0	0	0
NR_175433.1	GIN-41-MGE-S217	0	0	0	0	0	0	0	0	0
NR_159326.1	GIN-41-MGE-S217	0	0	0	0	0	0	0	0	0
NR_146002.1	GIN-41-MGE-S217	0	0	0	0	0	0	0	0	0
NR_119199.1	GIN-41-MGE-S217	0	0	0	0	0	0	0	0	0
NR_113536.1	GIN-41-MGE-S217	0	0	0	0	0	0	0	0	0
NR_113514.1	GIN-41-MGE-S217	0	0	0	0	0	0	0	0	0
NR_043433.1	GIN-41-MGE-S217	0	0	0	0	0	0	0	0	0
NR_043203.1	GIN-41-MGE-S217	0	0	0	0	0	0	0	0	0
NR_028162.1	GIN-41-MGE-S217	0	0	0	0	0	0	0	0	0
NR_170466.1	GIN-41-MGE-S217	0	0	0	0	0	0	0	0	0
NR_165787.1	GIN-41-MGE-S217	0	0	0	0	0	0	0	0	0
NR_165753.1	GIN-41-MGE-S217	0	0	0	0	0	0	0	0	0
NR_164995.1	GIN-41-MGE-S217	0	0	0	0	0	0	0	0	0
NR_164967.1	GIN-41-MGE-S217	0	0	0	0	0	0	0	0	0
NR_164956.1	GIN-41-MGE-S217	0	0	0	0	0	0	0	0	0
NR_163622.1	GIN-41-MGE-S217	0	0	0	0	0	0	0	0	0
NR_163621.1	GIN-41-MGE-S217	0	0	0	0	0	0	0	0	0
NR_159273.1	GIN-41-MGE-S217	0	0	0	0	0	0	0	0	0
NR_159208.1	GIN-41-MGE-S217	0	0	0	0	0	0	0	0	0
NR_159207.1	GIN-41-MGE-S217	0	0	0	0	0	0	0	0	0
NR_159206.1	GIN-41-MGE-S217	0	0	0	0	0	0	0	0	0
NR_159116.1	GIN-41-MGE-S217	0	0	0	0	0	0	0	0	0
NR_158056.1	GIN-41-MGE-S217	0	0	0	0	0	0	0	0	0
NR_158013.1	GIN-41-MGE-S217	0	0	0	0	0	0	0	0	0
NR_157619.1	GIN-41-MGE-S217	0	0	0	0	0	0	0	0	0
NR_157618.1	GIN-41-MGE-S217	0	0	0	0	0	0	0	0	0
NR_156962.1	GIN-41-MGE-S217	0	0	0	0	0	0	0	0	0
NR_156961.1	GIN-41-MGE-S217	0	0	0	0	0	0	0	0	0
NR_156881.1	GIN-41-MGE-S217	0	0	0	0	0	0	0	0	0
NR_156880.1	GIN-41-MGE-S217	0	0	0	0	0	0	0	0	0
NR_156879.1	GIN-41-MGE-S217	0	0	0	0	0	0	0	0	0
NR_156864.1	GIN-41-MGE-S217	0	0	0	0	0	0	0	0	0
NR_156821.1	GIN-41-MGE-S217	0	0	0	0	0	0	0	0	0
NR_156820.1	GIN-41-MGE-S217	0	0	0	0	0	0	0	0	0
NR_156809.1	GIN-41-MGE-S217	0	0	0	0	0	0	0	0	0
NR_156808.1	GIN-41-MGE-S217	0	0	0	0	0	0	0	0	0
NR_156034.1	GIN-41-MGE-S217	0	0	0	0	0	0	0	0	0
NR_153690.1	GIN-41-MGE-S217	0	0	0	0	0	0	0	0	0
NR_152660.1	GIN-41-MGE-S217	0	0	0	0	0	0	0	0	0
NR_152034.1	GIN-41-MGE-S217	0	0	0	0	0	0	0	0	0
NR_152033.1	GIN-41-MGE-S217	0	0	0	0	0	0	0	0	0
NR_151959.1	GIN-41-MGE-S217	0	0	0	0	0	0	0	0	0
NR_151877.1	GIN-41-MGE-S217	0	0	0	0	0	0	0	0	0
NR_151876.1	GIN-41-MGE-S217	0	0	0	0	0	0	0	0	0
NR_149812.1	GIN-41-MGE-S217	0	0	0	0	0	0	0	0	0
NR_149771.1	GIN-41-MGE-S217	0	0	0	0	0	0	0	0	0
NR_149770.1	GIN-41-MGE-S217	0	0	0	0	0	0	0	0	0
NR_149760.1	GIN-41-MGE-S217	0	0	0	0	0	0	0	0	0
NR_149276.1	GIN-41-MGE-S217	0	0	0	0	0	0	0	0	0
NR_149275.1	GIN-41-MGE-S217	0	0	0	0	0	0	0	0	0
NR_149200.1	GIN-41-MGE-S217	0	0	0	0	0	0	0	0	0
NR_148758.1	GIN-41-MGE-S217	0	0	0	0	0	0	0	0	0
NR_148751.1	GIN-41-MGE-S217	0	0	0	0	0	0	0	0	0
NR_148599.1	GIN-41-MGE-S217	0	0	0	0	0	0	0	0	0
NR_148336.1	GIN-41-MGE-S217	0	0	0	0	0	0	0	0	0
NR_148292.1	GIN-41-MGE-S217	0	0	0	0	0	0	0	0	0
NR_148269.1	GIN-41-MGE-S217	0	0	0	0	0	0	0	0	0
NR_148250.1	GIN-41-MGE-S217	0	0	0	0	0	0	0	0	0
NR_148249.1	GIN-41-MGE-S217	0	0	0	0	0	0	0	0	0
NR_148245.1	GIN-41-MGE-S217	0	0	0	0	0	0	0	0	0
NR_147775.1	GIN-41-MGE-S217	0	0	0	0	0	0	0	0	0
NR_147715.1	GIN-41-MGE-S217	0	0	0	0	0	0	0	0	0
NR_147714.1	GIN-41-MGE-S217	0	0	0	0	0	0	0	0	0
NR_147710.1	GIN-41-MGE-S217	0	0	0	0	0	0	0	0	0
NR_146839.1	GIN-41-MGE-S217	0	0	0	0	0	0	0	0	0
NR_146679.1	GIN-41-MGE-S217	0	0	0	0	0	0	0	0	0
NR_146356.1	GIN-41-MGE-S217	0	0	0	0	0	0	0	0	0
NR_146013.1	GIN-41-MGE-S217	0	0	0	0	0	0	0	0	0
NR_145880.1	GIN-41-MGE-S217	0	0	0	0	0	0	0	0	0
NR_145669.1	GIN-41-MGE-S217	0	0	0	0	0	0	0	0	0
NR_145668.1	GIN-41-MGE-S217	0	0	0	0	0	0	0	0	0
NR_145608.1	GIN-41-MGE-S217	0	0	0	0	0	0	0	0	0
NR_145607.1	GIN-41-MGE-S217	0	0	0	0	0	0	0	0	0
NR_145547.1	GIN-41-MGE-S217	0	0	0	0	0	0	0	0	0
NR_145546.1	GIN-41-MGE-S217	0	0	0	0	0	0	0	0	0
NR_144701.1	GIN-41-MGE-S217	0	0	0	0	0	0	0	0	0
NR_137355.1	GIN-41-MGE-S217	0	0	0	0	0	0	0	0	0
NR_137354.1	GIN-41-MGE-S217	0	0	0	0	0	0	0	0	0
NR_137353.1	GIN-41-MGE-S217	0	0	0	0	0	0	0	0	0
NR_137352.1	GIN-41-MGE-S217	0	0	0	0	0	0	0	0	0
NR_137238.1	GIN-41-MGE-S217	0	0	0	0	0	0	0	0	0
NR_136789.1	GIN-41-MGE-S217	0	0	0	0	0	0	0	0	0
NR_136783.1	GIN-41-MGE-S217	0	0	0	0	0	0	0	0	0
NR_136772.1	GIN-41-MGE-S217	0	0	0	0	0	0	0	0	0
NR_136762.1	GIN-41-MGE-S217	0	0	0	0	0	0	0	0	0
NR_136474.1	GIN-41-MGE-S217	0	0	0	0	0	0	0	0	0
NR_135896.1	GIN-41-MGE-S217	0	0	0	0	0	0	0	0	0
NR_135870.1	GIN-41-MGE-S217	0	0	0	0	0	0	0	0	0
NR_134837.2	GIN-41-MGE-S217	0	0	0	0	0	0	0	0	0
NG_046384.1	GIN-41-MGE-S217	0	0	0	0	0	0	0	0	0
NR_134839.1	GIN-41-MGE-S217	0	0	0	0	0	0	0	0	0
NR_134838.1	GIN-41-MGE-S217	0	0	0	0	0	0	0	0	0
NR_134835.1	GIN-41-MGE-S217	0	0	0	0	0	0	0	0	0
NR_134834.1	GIN-41-MGE-S217	0	0	0	0	0	0	0	0	0
NR_134833.1	GIN-41-MGE-S217	0	0	0	0	0	0	0	0	0
NR_134832.1	GIN-41-MGE-S217	0	0	0	0	0	0	0	0	0
NR_134763.1	GIN-41-MGE-S217	0	0	0	0	0	0	0	0	0
NR_134762.1	GIN-41-MGE-S217	0	0	0	0	0	0	0	0	0
NR_134745.1	GIN-41-MGE-S217	0	0	0	0	0	0	0	0	0
NR_134744.1	GIN-41-MGE-S217	0	0	0	0	0	0	0	0	0
NR_134743.1	GIN-41-MGE-S217	0	0	0	0	0	0	0	0	0
NR_134217.1	GIN-41-MGE-S217	0	0	0	0	0	0	0	0	0
NR_134216.1	GIN-41-MGE-S217	0	0	0	0	0	0	0	0	0
NR_134056.1	GIN-41-MGE-S217	0	0	0	0	0	0	0	0	0
NR_134054.1	GIN-41-MGE-S217	0	0	0	0	0	0	0	0	0
NR_134053.1	GIN-41-MGE-S217	0	0	0	0	0	0	0	0	0
NR_134051.1	GIN-41-MGE-S217	0	0	0	0	0	0	0	0	0
NR_134050.1	GIN-41-MGE-S217	0	0	0	0	0	0	0	0	0
NR_133895.1	GIN-41-MGE-S217	0	0	0	0	0	0	0	0	0
NR_133852.1	GIN-41-MGE-S217	0	0	0	0	0	0	0	0	0
NR_133782.1	GIN-41-MGE-S217	0	0	0	0	0	0	0	0	0
NR_133781.1	GIN-41-MGE-S217	0	0	0	0	0	0	0	0	0
NR_133780.1	GIN-41-MGE-S217	0	0	0	0	0	0	0	0	0
NR_133779.1	GIN-41-MGE-S217	0	0	0	0	0	0	0	0	0
NR_133760.1	GIN-41-MGE-S217	0	0	0	0	0	0	0	0	0
NR_133757.1	GIN-41-MGE-S217	0	0	0	0	0	0	0	0	0
NR_133756.1	GIN-41-MGE-S217	0	0	0	0	0	0	0	0	0
NG_044969.1	GIN-41-MGE-S217	0	0	0	0	0	0	0	0	0
NR_133017.1	GIN-41-MGE-S217	0	0	0	0	0	0	0	0	0
NR_133034.1	GIN-41-MGE-S217	0	0	0	0	0	0	0	0	0
NR_133030.1	GIN-41-MGE-S217	0	0	0	0	0	0	0	0	0
NR_133022.1	GIN-41-MGE-S217	0	0	0	0	0	0	0	0	0
NR_102765.2	GIN-41-MGE-S217	0	0	0	0	0	0	0	0	0
NR_102972.2	GIN-41-MGE-S217	0	0	0	0	0	0	0	0	0
NG_042069.1	GIN-41-MGE-S217	0	0	0	0	0	0	0	0	0
NG_042067.1	GIN-41-MGE-S217	0	0	0	0	0	0	0	0	0
NG_041958.1	GIN-41-MGE-S217	0	0	0	0	0	0	0	0	0
NR_102764.2	GIN-41-MGE-S217	0	0	0	0	0	0	0	0	0
NR_040935.3	GIN-41-MGE-S217	0	0	0	0	0	0	0	0	0
NR_126308.1	GIN-41-MGE-S217	0	0	0	0	0	0	0	0	0
NR_126307.1	GIN-41-MGE-S217	0	0	0	0	0	0	0	0	0
NR_126302.1	GIN-41-MGE-S217	0	0	0	0	0	0	0	0	0
NR_126294.1	GIN-41-MGE-S217	0	0	0	0	0	0	0	0	0
NR_126293.1	GIN-41-MGE-S217	0	0	0	0	0	0	0	0	0
NR_126292.1	GIN-41-MGE-S217	0	0	0	0	0	0	0	0	0
NR_125640.1	GIN-41-MGE-S217	0	0	0	0	0	0	0	0	0
NR_125630.1	GIN-41-MGE-S217	0	0	0	0	0	0	0	0	0
NR_125627.1	GIN-41-MGE-S217	0	0	0	0	0	0	0	0	0
NR_125609.1	GIN-41-MGE-S217	0	0	0	0	0	0	0	0	0
NR_125555.1	GIN-41-MGE-S217	0	0	0	0	0	0	0	0	0
NR_125486.1	GIN-41-MGE-S217	0	0	0	0	0	0	0	0	0
NR_125474.1	GIN-41-MGE-S217	0	0	0	0	0	0	0	0	0
NR_119338.1	GIN-41-MGE-S217	0	0	0	0	0	0	0	0	0
NR_119309.1	GIN-41-MGE-S217	0	0	0	0	0	0	0	0	0
NR_119237.1	GIN-41-MGE-S217	0	0	0	0	0	0	0	0	0
NR_119234.1	GIN-41-MGE-S217	0	0	0	0	0	0	0	0	0
NR_118873.1	GIN-41-MGE-S217	0	0	0	0	0	0	0	0	0
NR_118787.1	GIN-41-MGE-S217	0	0	0	0	0	0	0	0	0
NR_118733.1	GIN-41-MGE-S217	0	0	0	0	0	0	0	0	0
NR_118649.1	GIN-41-MGE-S217	0	0	0	0	0	0	0	0	0
NR_118628.1	GIN-41-MGE-S217	0	0	0	0	0	0	0	0	0
NR_118627.1	GIN-41-MGE-S217	0	0	0	0	0	0	0	0	0
NR_118565.1	GIN-41-MGE-S217	0	0	0	0	0	0	0	0	0
NR_118532.1	GIN-41-MGE-S217	0	0	0	0	0	0	0	0	0
NR_118529.1	GIN-41-MGE-S217	0	0	0	0	0	0	0	0	0
NR_118392.1	GIN-41-MGE-S217	0	0	0	0	0	0	0	0	0
NR_118345.1	GIN-41-MGE-S217	0	0	0	0	0	0	0	0	0
NR_118344.1	GIN-41-MGE-S217	0	0	0	0	0	0	0	0	0
NR_118266.1	GIN-41-MGE-S217	0	0	0	0	0	0	0	0	0
NR_118254.1	GIN-41-MGE-S217	0	0	0	0	0	0	0	0	0
NR_118253.1	GIN-41-MGE-S217	0	0	0	0	0	0	0	0	0
NR_118252.1	GIN-41-MGE-S217	0	0	0	0	0	0	0	0	0
NR_118245.1	GIN-41-MGE-S217	0	0	0	0	0	0	0	0	0
NR_118232.1	GIN-41-MGE-S217	0	0	0	0	0	0	0	0	0
NR_118229.1	GIN-41-MGE-S217	0	0	0	0	0	0	0	0	0
NR_118135.1	GIN-41-MGE-S217	0	0	0	0	0	0	0	0	0
NR_118119.1	GIN-41-MGE-S217	0	0	0	0	0	0	0	0	0
NR_118118.1	GIN-41-MGE-S217	0	0	0	0	0	0	0	0	0
NR_118024.1	GIN-41-MGE-S217	0	0	0	0	0	0	0	0	0
NR_117998.1	GIN-41-MGE-S217	0	0	0	0	0	0	0	0	0
NR_117996.1	GIN-41-MGE-S217	0	0	0	0	0	0	0	0	0
NR_117968.1	GIN-41-MGE-S217	0	0	0	0	0	0	0	0	0
NR_117950.1	GIN-41-MGE-S217	0	0	0	0	0	0	0	0	0
NR_117949.1	GIN-41-MGE-S217	0	0	0	0	0	0	0	0	0
NR_117933.1	GIN-41-MGE-S217	0	0	0	0	0	0	0	0	0
NR_117917.1	GIN-41-MGE-S217	0	0	0	0	0	0	0	0	0
NR_117819.1	GIN-41-MGE-S217	0	0	0	0	0	0	0	0	0
NR_117815.1	GIN-41-MGE-S217	0	0	0	0	0	0	0	0	0
NR_117810.1	GIN-41-MGE-S217	0	0	0	0	0	0	0	0	0
NR_117806.1	GIN-41-MGE-S217	0	0	0	0	0	0	0	0	0
NR_117805.1	GIN-41-MGE-S217	0	0	0	0	0	0	0	0	0
NR_117804.1	GIN-41-MGE-S217	0	0	0	0	0	0	0	0	0
NR_117803.1	GIN-41-MGE-S217	0	0	0	0	0	0	0	0	0
NR_117705.1	GIN-41-MGE-S217	0	0	0	0	0	0	0	0	0
NR_117558.1	GIN-41-MGE-S217	0	0	0	0	0	0	0	0	0
NR_117557.1	GIN-41-MGE-S217	0	0	0	0	0	0	0	0	0
NR_117465.1	GIN-41-MGE-S217	0	0	0	0	0	0	0	0	0
NR_117464.1	GIN-41-MGE-S217	0	0	0	0	0	0	0	0	0
NR_117282.1	GIN-41-MGE-S217	0	0	0	0	0	0	0	0	0
NR_117281.1	GIN-41-MGE-S217	0	0	0	0	0	0	0	0	0
NR_117280.1	GIN-41-MGE-S217	0	0	0	0	0	0	0	0	0
NR_117279.1	GIN-41-MGE-S217	0	0	0	0	0	0	0	0	0
NR_117278.1	GIN-41-MGE-S217	0	0	0	0	0	0	0	0	0
NR_117277.1	GIN-41-MGE-S217	0	0	0	0	0	0	0	0	0
NR_117038.1	GIN-41-MGE-S217	0	0	0	0	0	0	0	0	0
NR_117015.1	GIN-41-MGE-S217	0	0	0	0	0	0	0	0	0
NR_116975.1	GIN-41-MGE-S217	0	0	0	0	0	0	0	0	0
NR_116881.1	GIN-41-MGE-S217	0	0	0	0	0	0	0	0	0
NR_116822.1	GIN-41-MGE-S217	0	0	0	0	0	0	0	0	0
NR_116803.1	GIN-41-MGE-S217	0	0	0	0	0	0	0	0	0
NR_116724.1	GIN-41-MGE-S217	0	0	0	0	0	0	0	0	0
NR_116667.1	GIN-41-MGE-S217	0	0	0	0	0	0	0	0	0
NR_116666.1	GIN-41-MGE-S217	0	0	0	0	0	0	0	0	0
NR_116665.1	GIN-41-MGE-S217	0	0	0	0	0	0	0	0	0
NR_116664.1	GIN-41-MGE-S217	0	0	0	0	0	0	0	0	0
NR_116663.1	GIN-41-MGE-S217	0	0	0	0	0	0	0	0	0
NR_116582.1	GIN-41-MGE-S217	0	0	0	0	0	0	0	0	0
NR_116515.1	GIN-41-MGE-S217	0	0	0	0	0	0	0	0	0
NR_116514.1	GIN-41-MGE-S217	0	0	0	0	0	0	0	0	0
NR_116493.1	GIN-41-MGE-S217	0	0	0	0	0	0	0	0	0
NR_116492.1	GIN-41-MGE-S217	0	0	0	0	0	0	0	0	0
NR_116491.1	GIN-41-MGE-S217	0	0	0	0	0	0	0	0	0
NR_116490.1	GIN-41-MGE-S217	0	0	0	0	0	0	0	0	0
NR_116412.1	GIN-41-MGE-S217	0	0	0	0	0	0	0	0	0
NR_116289.1	GIN-41-MGE-S217	0	0	0	0	0	0	0	0	0
NR_116276.1	GIN-41-MGE-S217	0	0	0	0	0	0	0	0	0
NR_116216.1	GIN-41-MGE-S217	0	0	0	0	0	0	0	0	0
NR_116101.1	GIN-41-MGE-S217	0	0	0	0	0	0	0	0	0
NR_116054.1	GIN-41-MGE-S217	0	0	0	0	0	0	0	0	0
NR_115986.1	GIN-41-MGE-S217	0	0	0	0	0	0	0	0	0
NR_115946.1	GIN-41-MGE-S217	0	0	0	0	0	0	0	0	0
NR_115945.1	GIN-41-MGE-S217	0	0	0	0	0	0	0	0	0
NR_115941.1	GIN-41-MGE-S217	0	0	0	0	0	0	0	0	0
NR_115940.1	GIN-41-MGE-S217	0	0	0	0	0	0	0	0	0
NR_115935.1	GIN-41-MGE-S217	0	0	0	0	0	0	0	0	0
NR_115925.1	GIN-41-MGE-S217	0	0	0	0	0	0	0	0	0
NR_115870.1	GIN-41-MGE-S217	0	0	0	0	0	0	0	0	0
NR_115811.1	GIN-41-MGE-S217	0	0	0	0	0	0	0	0	0
NR_115754.1	GIN-41-MGE-S217	0	0	0	0	0	0	0	0	0
NR_115753.1	GIN-41-MGE-S217	0	0	0	0	0	0	0	0	0
NR_115747.1	GIN-41-MGE-S217	0	0	0	0	0	0	0	0	0
NR_115706.1	GIN-41-MGE-S217	0	0	0	0	0	0	0	0	0
NR_115653.1	GIN-41-MGE-S217	0	0	0	0	0	0	0	0	0
NR_115545.1	GIN-41-MGE-S217	0	0	0	0	0	0	0	0	0
NR_115247.1	GIN-41-MGE-S217	0	0	0	0	0	0	0	0	0
NR_115246.1	GIN-41-MGE-S217	0	0	0	0	0	0	0	0	0
NR_115245.1	GIN-41-MGE-S217	0	0	0	0	0	0	0	0	0
NR_115208.1	GIN-41-MGE-S217	0	0	0	0	0	0	0	0	0
NR_115171.1	GIN-41-MGE-S217	0	0	0	0	0	0	0	0	0
NR_115170.1	GIN-41-MGE-S217	0	0	0	0	0	0	0	0	0
NR_115169.1	GIN-41-MGE-S217	0	0	0	0	0	0	0	0	0
NR_115168.1	GIN-41-MGE-S217	0	0	0	0	0	0	0	0	0
NR_115150.1	GIN-41-MGE-S217	0	0	0	0	0	0	0	0	0
NR_115145.1	GIN-41-MGE-S217	0	0	0	0	0	0	0	0	0
NR_115144.1	GIN-41-MGE-S217	0	0	0	0	0	0	0	0	0
NR_115006.1	GIN-41-MGE-S217	0	0	0	0	0	0	0	0	0
NR_114688.1	GIN-41-MGE-S217	0	0	0	0	0	0	0	0	0
NR_114682.1	GIN-41-MGE-S217	0	0	0	0	0	0	0	0	0
NR_114654.1	GIN-41-MGE-S217	0	0	0	0	0	0	0	0	0
NR_114653.1	GIN-41-MGE-S217	0	0	0	0	0	0	0	0	0
NR_114601.1	GIN-41-MGE-S217	0	0	0	0	0	0	0	0	0
NR_114559.1	GIN-41-MGE-S217	0	0	0	0	0	0	0	0	0
NR_114516.1	GIN-41-MGE-S217	0	0	0	0	0	0	0	0	0
NR_114490.1	GIN-41-MGE-S217	0	0	0	0	0	0	0	0	0
NR_114489.1	GIN-41-MGE-S217	0	0	0	0	0	0	0	0	0
NR_114487.1	GIN-41-MGE-S217	0	0	0	0	0	0	0	0	0
NR_114485.1	GIN-41-MGE-S217	0	0	0	0	0	0	0	0	0
NR_114484.1	GIN-41-MGE-S217	0	0	0	0	0	0	0	0	0
NR_114483.1	GIN-41-MGE-S217	0	0	0	0	0	0	0	0	0
NR_114351.1	GIN-41-MGE-S217	0	0	0	0	0	0	0	0	0
NR_114350.1	GIN-41-MGE-S217	0	0	0	0	0	0	0	0	0
NR_113369.1	GIN-41-MGE-S217	0	0	0	0	0	0	0	0	0
NR_113365.1	GIN-41-MGE-S217	0	0	0	0	0	0	0	0	0
NR_113045.1	GIN-41-MGE-S217	0	0	0	0	0	0	0	0	0
NR_113044.1	GIN-41-MGE-S217	0	0	0	0	0	0	0	0	0
NR_113017.1	GIN-41-MGE-S217	0	0	0	0	0	0	0	0	0
NR_113016.1	GIN-41-MGE-S217	0	0	0	0	0	0	0	0	0
NR_113002.1	GIN-41-MGE-S217	0	0	0	0	0	0	0	0	0
NR_112987.1	GIN-41-MGE-S217	0	0	0	0	0	0	0	0	0
NR_112981.1	GIN-41-MGE-S217	0	0	0	0	0	0	0	0	0
NR_112922.1	GIN-41-MGE-S217	0	0	0	0	0	0	0	0	0
NR_112921.1	GIN-41-MGE-S217	0	0	0	0	0	0	0	0	0
NR_112889.1	GIN-41-MGE-S217	0	0	0	0	0	0	0	0	0
NR_112877.1	GIN-41-MGE-S217	0	0	0	0	0	0	0	0	0
NR_112821.1	GIN-41-MGE-S217	0	0	0	0	0	0	0	0	0
NR_112809.1	GIN-41-MGE-S217	0	0	0	0	0	0	0	0	0
NR_112799.1	GIN-41-MGE-S217	0	0	0	0	0	0	0	0	0
NR_112788.1	GIN-41-MGE-S217	0	0	0	0	0	0	0	0	0
NR_112766.1	GIN-41-MGE-S217	0	0	0	0	0	0	0	0	0
NR_112765.1	GIN-41-MGE-S217	0	0	0	0	0	0	0	0	0
NR_112764.1	GIN-41-MGE-S217	0	0	0	0	0	0	0	0	0
NR_112763.1	GIN-41-MGE-S217	0	0	0	0	0	0	0	0	0
NR_112749.1	GIN-41-MGE-S217	0	0	0	0	0	0	0	0	0
NR_112618.1	GIN-41-MGE-S217	0	0	0	0	0	0	0	0	0
NR_112207.1	GIN-41-MGE-S217	0	0	0	0	0	0	0	0	0
NR_112206.1	GIN-41-MGE-S217	0	0	0	0	0	0	0	0	0
NR_112199.1	GIN-41-MGE-S217	0	0	0	0	0	0	0	0	0
NR_112198.1	GIN-41-MGE-S217	0	0	0	0	0	0	0	0	0
NR_112151.1	GIN-41-MGE-S217	0	0	0	0	0	0	0	0	0
NR_112094.1	GIN-41-MGE-S217	0	0	0	0	0	0	0	0	0
NR_104985.1	GIN-41-MGE-S217	0	0	0	0	0	0	0	0	0
NR_104745.1	GIN-41-MGE-S217	0	0	0	0	0	0	0	0	0
NR_104730.1	GIN-41-MGE-S217	0	0	0	0	0	0	0	0	0
NR_102985.1	GIN-41-MGE-S217	0	0	0	0	0	0	0	0	0
NR_102930.1	GIN-41-MGE-S217	0	0	0	0	0	0	0	0	0
NR_102918.1	GIN-41-MGE-S217	0	0	0	0	0	0	0	0	0
NR_102915.1	GIN-41-MGE-S217	0	0	0	0	0	0	0	0	0
NR_102913.1	GIN-41-MGE-S217	0	0	0	0	0	0	0	0	0
NR_102903.1	GIN-41-MGE-S217	0	0	0	0	0	0	0	0	0
NR_102901.1	GIN-41-MGE-S217	0	0	0	0	0	0	0	0	0
NR_102888.1	GIN-41-MGE-S217	0	0	0	0	0	0	0	0	0
NR_102885.1	GIN-41-MGE-S217	0	0	0	0	0	0	0	0	0
NR_102853.1	GIN-41-MGE-S217	0	0	0	0	0	0	0	0	0
NR_102519.1	GIN-41-MGE-S217	0	0	0	0	0	0	0	0	0
NR_102445.1	GIN-41-MGE-S217	0	0	0	0	0	0	0	0	0
NR_102442.1	GIN-41-MGE-S217	0	0	0	0	0	0	0	0	0
NR_102441.1	GIN-41-MGE-S217	0	0	0	0	0	0	0	0	0
NR_074192.1	GIN-41-MGE-S217	0	0	0	0	0	0	0	0	0
NR_074182.1	GIN-41-MGE-S217	0	0	0	0	0	0	0	0	0
NR_074180.1	GIN-41-MGE-S217	0	0	0	0	0	0	0	0	0
NR_074177.1	GIN-41-MGE-S217	0	0	0	0	0	0	0	0	0
NR_074175.1	GIN-41-MGE-S217	0	0	0	0	0	0	0	0	0
NR_074174.1	GIN-41-MGE-S217	0	0	0	0	0	0	0	0	0
NR_074173.1	GIN-41-MGE-S217	0	0	0	0	0	0	0	0	0
NR_074110.1	GIN-41-MGE-S217	0	0	0	0	0	0	0	0	0
NR_074104.1	GIN-41-MGE-S217	0	0	0	0	0	0	0	0	0
NR_074539.1	GIN-41-MGE-S217	0	0	0	0	0	0	0	0	0
NR_074374.1	GIN-41-MGE-S217	0	0	0	0	0	0	0	0	0
NR_074373.1	GIN-41-MGE-S217	0	0	0	0	0	0	0	0	0
NR_074348.1	GIN-41-MGE-S217	0	0	0	0	0	0	0	0	0
NR_074260.1	GIN-41-MGE-S217	0	0	0	0	0	0	0	0	0
NR_074232.1	GIN-41-MGE-S217	0	0	0	0	0	0	0	0	0
NR_074218.1	GIN-41-MGE-S217	0	0	0	0	0	0	0	0	0
NR_074207.1	GIN-41-MGE-S217	0	0	0	0	0	0	0	0	0
NR_044913.1	GIN-41-MGE-S217	0	0	0	0	0	0	0	0	0
NR_044908.1	GIN-41-MGE-S217	0	0	0	0	0	0	0	0	0
NR_044907.1	GIN-41-MGE-S217	0	0	0	0	0	0	0	0	0
NR_044801.1	GIN-41-MGE-S217	0	0	0	0	0	0	0	0	0
NR_044796.1	GIN-41-MGE-S217	0	0	0	0	0	0	0	0	0
NR_044790.1	GIN-41-MGE-S217	0	0	0	0	0	0	0	0	0
NR_044789.1	GIN-41-MGE-S217	0	0	0	0	0	0	0	0	0
NR_044788.1	GIN-41-MGE-S217	0	0	0	0	0	0	0	0	0
NR_044787.1	GIN-41-MGE-S217	0	0	0	0	0	0	0	0	0
NR_044776.1	GIN-41-MGE-S217	0	0	0	0	0	0	0	0	0
NR_044768.1	GIN-41-MGE-S217	0	0	0	0	0	0	0	0	0
NR_044765.1	GIN-41-MGE-S217	0	0	0	0	0	0	0	0	0
NR_044558.1	GIN-41-MGE-S217	0	0	0	0	0	0	0	0	0
NR_044422.1	GIN-41-MGE-S217	0	0	0	0	0	0	0	0	0
NR_044108.1	GIN-41-MGE-S217	0	0	0	0	0	0	0	0	0
NR_044072.1	GIN-41-MGE-S217	0	0	0	0	0	0	0	0	0
NR_044071.1	GIN-41-MGE-S217	0	0	0	0	0	0	0	0	0
NR_044056.1	GIN-41-MGE-S217	0	0	0	0	0	0	0	0	0
NR_043987.1	GIN-41-MGE-S217	0	0	0	0	0	0	0	0	0
NR_043803.1	GIN-41-MGE-S217	0	0	0	0	0	0	0	0	0
NR_043744.1	GIN-41-MGE-S217	0	0	0	0	0	0	0	0	0
NR_043676.1	GIN-41-MGE-S217	0	0	0	0	0	0	0	0	0
NR_043560.1	GIN-41-MGE-S217	0	0	0	0	0	0	0	0	0
NR_043512.1	GIN-41-MGE-S217	0	0	0	0	0	0	0	0	0
NR_043474.1	GIN-41-MGE-S217	0	0	0	0	0	0	0	0	0
NR_043432.1	GIN-41-MGE-S217	0	0	0	0	0	0	0	0	0
NR_043417.1	GIN-41-MGE-S217	0	0	0	0	0	0	0	0	0
NR_043089.1	GIN-41-MGE-S217	0	0	0	0	0	0	0	0	0
NR_042787.1	GIN-41-MGE-S217	0	0	0	0	0	0	0	0	0
NR_042786.1	GIN-41-MGE-S217	0	0	0	0	0	0	0	0	0
NR_042784.1	GIN-41-MGE-S217	0	0	0	0	0	0	0	0	0
NR_042782.1	GIN-41-MGE-S217	0	0	0	0	0	0	0	0	0
NR_042781.1	GIN-41-MGE-S217	0	0	0	0	0	0	0	0	0
NR_042767.1	GIN-41-MGE-S217	0	0	0	0	0	0	0	0	0
NR_042740.1	GIN-41-MGE-S217	0	0	0	0	0	0	0	0	0
NR_042738.1	GIN-41-MGE-S217	0	0	0	0	0	0	0	0	0
NR_042532.1	GIN-41-MGE-S217	0	0	0	0	0	0	0	0	0
NR_042510.1	GIN-41-MGE-S217	0	0	0	0	0	0	0	0	0
NR_042419.1	GIN-41-MGE-S217	0	0	0	0	0	0	0	0	0
NR_042407.1	GIN-41-MGE-S217	0	0	0	0	0	0	0	0	0
NR_042075.1	GIN-41-MGE-S217	0	0	0	0	0	0	0	0	0
NR_041986.1	GIN-41-MGE-S217	0	0	0	0	0	0	0	0	0
NR_041896.1	GIN-41-MGE-S217	0	0	0	0	0	0	0	0	0
NR_041828.1	GIN-41-MGE-S217	0	0	0	0	0	0	0	0	0
NR_041801.1	GIN-41-MGE-S217	0	0	0	0	0	0	0	0	0
NR_041774.1	GIN-41-MGE-S217	0	0	0	0	0	0	0	0	0
NR_041669.1	GIN-41-MGE-S217	0	0	0	0	0	0	0	0	0
NR_041665.1	GIN-41-MGE-S217	0	0	0	0	0	0	0	0	0
NR_041310.1	GIN-41-MGE-S217	0	0	0	0	0	0	0	0	0
NR_040969.1	GIN-41-MGE-S217	0	0	0	0	0	0	0	0	0
NR_040968.1	GIN-41-MGE-S217	0	0	0	0	0	0	0	0	0
NR_040922.1	GIN-41-MGE-S217	0	0	0	0	0	0	0	0	0
NR_040881.1	GIN-41-MGE-S217	0	0	0	0	0	0	0	0	0
NR_040876.1	GIN-41-MGE-S217	0	0	0	0	0	0	0	0	0
NR_040779.1	GIN-41-MGE-S217	0	0	0	0	0	0	0	0	0
NR_028603.1	GIN-41-MGE-S217	0	0	0	0	0	0	0	0	0
NR_043970.1	GIN-41-MGE-S217	0	0	0	0	0	0	0	0	0
NR_043961.1	GIN-41-MGE-S217	0	0	0	0	0	0	0	0	0
NR_043960.1	GIN-41-MGE-S217	0	0	0	0	0	0	0	0	0
NR_042895.1	GIN-41-MGE-S217	0	0	0	0	0	0	0	0	0
NR_041876.1	GIN-41-MGE-S217	0	0	0	0	0	0	0	0	0
NR_041788.1	GIN-41-MGE-S217	0	0	0	0	0	0	0	0	0
NR_028242.1	GIN-41-MGE-S217	0	0	0	0	0	0	0	0	0
NR_028222.1	GIN-41-MGE-S217	0	0	0	0	0	0	0	0	0
NR_028221.1	GIN-41-MGE-S217	0	0	0	0	0	0	0	0	0
NR_028217.1	GIN-41-MGE-S217	0	0	0	0	0	0	0	0	0
NR_025555.1	GIN-41-MGE-S217	0	0	0	0	0	0	0	0	0
NR_044723.2	GIN-41-MGE-S217	0	0	0	0	0	0	0	0	0
NR_044727.2	GIN-41-MGE-S217	0	0	0	0	0	0	0	0	0
NR_044726.2	GIN-41-MGE-S217	0	0	0	0	0	0	0	0	0
NR_044720.2	GIN-41-MGE-S217	0	0	0	0	0	0	0	0	0
NR_158067.1	GIN-41-MGE-S217	0	0	0	0	0	0	0	0	0
NR_151878.1	GIN-41-MGE-S217	0	0	0	0	0	0	0	0	0
NR_148337.1	GIN-41-MGE-S217	0	0	0	0	0	0	0	0	0
NR_144620.1	GIN-41-MGE-S217	0	0	0	0	0	0	0	0	0
NR_134742.1	GIN-41-MGE-S217	0	0	0	0	0	0	0	0	0
NR_134097.1	GIN-41-MGE-S217	0	0	0	0	0	0	0	0	0
NR_117208.2	GIN-41-MGE-S217	0	0	0	0	0	0	0	0	0
NR_102988.2	GIN-41-MGE-S217	0	0	0	0	0	0	0	0	0
NG_041950.1	GIN-41-MGE-S217	0	0	0	0	0	0	0	0	0
NR_102989.2	GIN-41-MGE-S217	0	0	0	0	0	0	0	0	0
NR_121692.2	GIN-41-MGE-S217	0	0	0	0	0	0	0	0	0
NG_041949.1	GIN-41-MGE-S217	0	0	0	0	0	0	0	0	0
NR_102766.2	GIN-41-MGE-S217	0	0	0	0	0	0	0	0	0
NR_112034.2	GIN-41-MGE-S217	0	0	0	0	0	0	0	0	0
NR_040790.3	GIN-41-MGE-S217	0	0	0	0	0	0	0	0	0
NR_125479.1	GIN-41-MGE-S217	0	0	0	0	0	0	0	0	0
NR_125477.1	GIN-41-MGE-S217	0	0	0	0	0	0	0	0	0
NR_125476.1	GIN-41-MGE-S217	0	0	0	0	0	0	0	0	0
NR_121795.1	GIN-41-MGE-S217	0	0	0	0	0	0	0	0	0
NR_121728.1	GIN-41-MGE-S217	0	0	0	0	0	0	0	0	0
NR_121707.1	GIN-41-MGE-S217	0	0	0	0	0	0	0	0	0
NR_121590.1	GIN-41-MGE-S217	0	0	0	0	0	0	0	0	0
NR_119236.1	GIN-41-MGE-S217	0	0	0	0	0	0	0	0	0
NR_119235.1	GIN-41-MGE-S217	0	0	0	0	0	0	0	0	0
NR_119233.1	GIN-41-MGE-S217	0	0	0	0	0	0	0	0	0
NR_119202.1	GIN-41-MGE-S217	0	0	0	0	0	0	0	0	0
NR_119201.1	GIN-41-MGE-S217	0	0	0	0	0	0	0	0	0
NR_119200.1	GIN-41-MGE-S217	0	0	0	0	0	0	0	0	0
NR_119198.1	GIN-41-MGE-S217	0	0	0	0	0	0	0	0	0
NR_119146.1	GIN-41-MGE-S217	0	0	0	0	0	0	0	0	0
NR_119145.1	GIN-41-MGE-S217	0	0	0	0	0	0	0	0	0
NR_119144.1	GIN-41-MGE-S217	0	0	0	0	0	0	0	0	0
NR_118979.1	GIN-41-MGE-S217	0	0	0	0	0	0	0	0	0
NR_118849.1	GIN-41-MGE-S217	0	0	0	0	0	0	0	0	0
NR_118661.1	GIN-41-MGE-S217	0	0	0	0	0	0	0	0	0
NR_118539.1	GIN-41-MGE-S217	0	0	0	0	0	0	0	0	0
NR_118376.1	GIN-41-MGE-S217	0	0	0	0	0	0	0	0	0
NR_118375.1	GIN-41-MGE-S217	0	0	0	0	0	0	0	0	0
NR_118374.1	GIN-41-MGE-S217	0	0	0	0	0	0	0	0	0
NR_118372.1	GIN-41-MGE-S217	0	0	0	0	0	0	0	0	0
NR_118371.1	GIN-41-MGE-S217	0	0	0	0	0	0	0	0	0
NR_118370.1	GIN-41-MGE-S217	0	0	0	0	0	0	0	0	0
NR_118369.1	GIN-41-MGE-S217	0	0	0	0	0	0	0	0	0
NR_118368.1	GIN-41-MGE-S217	0	0	0	0	0	0	0	0	0
NR_118367.1	GIN-41-MGE-S217	0	0	0	0	0	0	0	0	0
NR_118366.1	GIN-41-MGE-S217	0	0	0	0	0	0	0	0	0
NR_118265.1	GIN-41-MGE-S217	0	0	0	0	0	0	0	0	0
NR_118137.1	GIN-41-MGE-S217	0	0	0	0	0	0	0	0	0
NR_118136.1	GIN-41-MGE-S217	0	0	0	0	0	0	0	0	0
NR_118098.1	GIN-41-MGE-S217	0	0	0	0	0	0	0	0	0
NR_117967.1	GIN-41-MGE-S217	0	0	0	0	0	0	0	0	0
NR_117966.1	GIN-41-MGE-S217	0	0	0	0	0	0	0	0	0
NR_117965.1	GIN-41-MGE-S217	0	0	0	0	0	0	0	0	0
NR_117964.1	GIN-41-MGE-S217	0	0	0	0	0	0	0	0	0
NR_117939.1	GIN-41-MGE-S217	0	0	0	0	0	0	0	0	0
NR_117938.1	GIN-41-MGE-S217	0	0	0	0	0	0	0	0	0
NR_117809.1	GIN-41-MGE-S217	0	0	0	0	0	0	0	0	0
NR_117808.1	GIN-41-MGE-S217	0	0	0	0	0	0	0	0	0
NR_117807.1	GIN-41-MGE-S217	0	0	0	0	0	0	0	0	0
NR_117787.1	GIN-41-MGE-S217	0	0	0	0	0	0	0	0	0
NR_117749.1	GIN-41-MGE-S217	0	0	0	0	0	0	0	0	0
NR_117204.1	GIN-41-MGE-S217	0	0	0	0	0	0	0	0	0
NR_117149.1	GIN-41-MGE-S217	0	0	0	0	0	0	0	0	0
NR_117148.1	GIN-41-MGE-S217	0	0	0	0	0	0	0	0	0
NR_117054.1	GIN-41-MGE-S217	0	0	0	0	0	0	0	0	0
NR_117047.1	GIN-41-MGE-S217	0	0	0	0	0	0	0	0	0
NR_116960.1	GIN-41-MGE-S217	0	0	0	0	0	0	0	0	0
NR_116541.1	GIN-41-MGE-S217	0	0	0	0	0	0	0	0	0
NR_116088.1	GIN-41-MGE-S217	0	0	0	0	0	0	0	0	0
NR_116087.1	GIN-41-MGE-S217	0	0	0	0	0	0	0	0	0
NR_116086.1	GIN-41-MGE-S217	0	0	0	0	0	0	0	0	0
NR_116085.1	GIN-41-MGE-S217	0	0	0	0	0	0	0	0	0
NR_116084.1	GIN-41-MGE-S217	0	0	0	0	0	0	0	0	0
NR_116083.1	GIN-41-MGE-S217	0	0	0	0	0	0	0	0	0
NR_116082.1	GIN-41-MGE-S217	0	0	0	0	0	0	0	0	0
NR_116081.1	GIN-41-MGE-S217	0	0	0	0	0	0	0	0	0
NR_116080.1	GIN-41-MGE-S217	0	0	0	0	0	0	0	0	0
NR_115951.1	GIN-41-MGE-S217	0	0	0	0	0	0	0	0	0
NR_115944.1	GIN-41-MGE-S217	0	0	0	0	0	0	0	0	0
NR_115749.1	GIN-41-MGE-S217	0	0	0	0	0	0	0	0	0
NR_115656.1	GIN-41-MGE-S217	0	0	0	0	0	0	0	0	0
NR_115501.1	GIN-41-MGE-S217	0	0	0	0	0	0	0	0	0
NR_115500.1	GIN-41-MGE-S217	0	0	0	0	0	0	0	0	0
NR_115499.1	GIN-41-MGE-S217	0	0	0	0	0	0	0	0	0
NR_115182.1	GIN-41-MGE-S217	0	0	0	0	0	0	0	0	0
NR_115093.1	GIN-41-MGE-S217	0	0	0	0	0	0	0	0	0
NR_114776.1	GIN-41-MGE-S217	0	0	0	0	0	0	0	0	0
NR_114775.1	GIN-41-MGE-S217	0	0	0	0	0	0	0	0	0
NR_114753.1	GIN-41-MGE-S217	0	0	0	0	0	0	0	0	0
NR_114603.1	GIN-41-MGE-S217	0	0	0	0	0	0	0	0	0
NR_114594.1	GIN-41-MGE-S217	0	0	0	0	0	0	0	0	0
NR_114593.1	GIN-41-MGE-S217	0	0	0	0	0	0	0	0	0
NR_114592.1	GIN-41-MGE-S217	0	0	0	0	0	0	0	0	0
NR_114486.1	GIN-41-MGE-S217	0	0	0	0	0	0	0	0	0
NR_114364.1	GIN-41-MGE-S217	0	0	0	0	0	0	0	0	0
NR_114363.1	GIN-41-MGE-S217	0	0	0	0	0	0	0	0	0
NR_114362.1	GIN-41-MGE-S217	0	0	0	0	0	0	0	0	0
NR_114361.1	GIN-41-MGE-S217	0	0	0	0	0	0	0	0	0
NR_114360.1	GIN-41-MGE-S217	0	0	0	0	0	0	0	0	0
NR_114359.1	GIN-41-MGE-S217	0	0	0	0	0	0	0	0	0
NR_114358.1	GIN-41-MGE-S217	0	0	0	0	0	0	0	0	0
NR_114357.1	GIN-41-MGE-S217	0	0	0	0	0	0	0	0	0
NR_114356.1	GIN-41-MGE-S217	0	0	0	0	0	0	0	0	0
NR_114355.1	GIN-41-MGE-S217	0	0	0	0	0	0	0	0	0
NR_113572.1	GIN-41-MGE-S217	0	0	0	0	0	0	0	0	0
NR_113571.1	GIN-41-MGE-S217	0	0	0	0	0	0	0	0	0
NR_113541.1	GIN-41-MGE-S217	0	0	0	0	0	0	0	0	0
NR_113540.1	GIN-41-MGE-S217	0	0	0	0	0	0	0	0	0
NR_113539.1	GIN-41-MGE-S217	0	0	0	0	0	0	0	0	0
NR_113538.1	GIN-41-MGE-S217	0	0	0	0	0	0	0	0	0
NR_113537.1	GIN-41-MGE-S217	0	0	0	0	0	0	0	0	0
NR_113535.1	GIN-41-MGE-S217	0	0	0	0	0	0	0	0	0
NR_113534.1	GIN-41-MGE-S217	0	0	0	0	0	0	0	0	0
NR_113533.1	GIN-41-MGE-S217	0	0	0	0	0	0	0	0	0
NR_113532.1	GIN-41-MGE-S217	0	0	0	0	0	0	0	0	0
NR_113531.1	GIN-41-MGE-S217	0	0	0	0	0	0	0	0	0
NR_113530.1	GIN-41-MGE-S217	0	0	0	0	0	0	0	0	0
NR_113529.1	GIN-41-MGE-S217	0	0	0	0	0	0	0	0	0
NR_113528.1	GIN-41-MGE-S217	0	0	0	0	0	0	0	0	0
NR_113527.1	GIN-41-MGE-S217	0	0	0	0	0	0	0	0	0
NR_113526.1	GIN-41-MGE-S217	0	0	0	0	0	0	0	0	0
NR_113525.1	GIN-41-MGE-S217	0	0	0	0	0	0	0	0	0
NR_113524.1	GIN-41-MGE-S217	0	0	0	0	0	0	0	0	0
NR_113523.1	GIN-41-MGE-S217	0	0	0	0	0	0	0	0	0
NR_113522.1	GIN-41-MGE-S217	0	0	0	0	0	0	0	0	0
NR_113521.1	GIN-41-MGE-S217	0	0	0	0	0	0	0	0	0
NR_113520.1	GIN-41-MGE-S217	0	0	0	0	0	0	0	0	0
NR_113519.1	GIN-41-MGE-S217	0	0	0	0	0	0	0	0	0
NR_113518.1	GIN-41-MGE-S217	0	0	0	0	0	0	0	0	0
NR_113517.1	GIN-41-MGE-S217	0	0	0	0	0	0	0	0	0
NR_113516.1	GIN-41-MGE-S217	0	0	0	0	0	0	0	0	0
NR_113515.1	GIN-41-MGE-S217	0	0	0	0	0	0	0	0	0
NR_113513.1	GIN-41-MGE-S217	0	0	0	0	0	0	0	0	0
NR_113512.1	GIN-41-MGE-S217	0	0	0	0	0	0	0	0	0
NR_113511.1	GIN-41-MGE-S217	0	0	0	0	0	0	0	0	0
NR_113510.1	GIN-41-MGE-S217	0	0	0	0	0	0	0	0	0
NR_113509.1	GIN-41-MGE-S217	0	0	0	0	0	0	0	0	0
NR_113508.1	GIN-41-MGE-S217	0	0	0	0	0	0	0	0	0
NR_113507.1	GIN-41-MGE-S217	0	0	0	0	0	0	0	0	0
NR_113506.1	GIN-41-MGE-S217	0	0	0	0	0	0	0	0	0
NR_113505.1	GIN-41-MGE-S217	0	0	0	0	0	0	0	0	0
NR_113504.1	GIN-41-MGE-S217	0	0	0	0	0	0	0	0	0
NR_113503.1	GIN-41-MGE-S217	0	0	0	0	0	0	0	0	0
NR_113502.1	GIN-41-MGE-S217	0	0	0	0	0	0	0	0	0
NR_113501.1	GIN-41-MGE-S217	0	0	0	0	0	0	0	0	0
NR_113500.1	GIN-41-MGE-S217	0	0	0	0	0	0	0	0	0
NR_113499.1	GIN-41-MGE-S217	0	0	0	0	0	0	0	0	0
NR_113498.1	GIN-41-MGE-S217	0	0	0	0	0	0	0	0	0
NR_113497.1	GIN-41-MGE-S217	0	0	0	0	0	0	0	0	0
NR_113496.1	GIN-41-MGE-S217	0	0	0	0	0	0	0	0	0
NR_113495.1	GIN-41-MGE-S217	0	0	0	0	0	0	0	0	0
NR_113494.1	GIN-41-MGE-S217	0	0	0	0	0	0	0	0	0
NR_113493.1	GIN-41-MGE-S217	0	0	0	0	0	0	0	0	0
NR_113492.1	GIN-41-MGE-S217	0	0	0	0	0	0	0	0	0
NR_113491.1	GIN-41-MGE-S217	0	0	0	0	0	0	0	0	0
NR_113490.1	GIN-41-MGE-S217	0	0	0	0	0	0	0	0	0
NR_113489.1	GIN-41-MGE-S217	0	0	0	0	0	0	0	0	0
NR_113488.1	GIN-41-MGE-S217	0	0	0	0	0	0	0	0	0
NR_113487.1	GIN-41-MGE-S217	0	0	0	0	0	0	0	0	0
NR_113486.1	GIN-41-MGE-S217	0	0	0	0	0	0	0	0	0
NR_113485.1	GIN-41-MGE-S217	0	0	0	0	0	0	0	0	0
NR_113484.1	GIN-41-MGE-S217	0	0	0	0	0	0	0	0	0
NR_113483.1	GIN-41-MGE-S217	0	0	0	0	0	0	0	0	0
NR_113482.1	GIN-41-MGE-S217	0	0	0	0	0	0	0	0	0
NR_113481.1	GIN-41-MGE-S217	0	0	0	0	0	0	0	0	0
NR_113480.1	GIN-41-MGE-S217	0	0	0	0	0	0	0	0	0
NR_113479.1	GIN-41-MGE-S217	0	0	0	0	0	0	0	0	0
NR_113478.1	GIN-41-MGE-S217	0	0	0	0	0	0	0	0	0
NR_113477.1	GIN-41-MGE-S217	0	0	0	0	0	0	0	0	0
NR_113476.1	GIN-41-MGE-S217	0	0	0	0	0	0	0	0	0
NR_113475.1	GIN-41-MGE-S217	0	0	0	0	0	0	0	0	0
NR_113474.1	GIN-41-MGE-S217	0	0	0	0	0	0	0	0	0
NR_113473.1	GIN-41-MGE-S217	0	0	0	0	0	0	0	0	0
NR_113472.1	GIN-41-MGE-S217	0	0	0	0	0	0	0	0	0
NR_113471.1	GIN-41-MGE-S217	0	0	0	0	0	0	0	0	0
NR_113470.1	GIN-41-MGE-S217	0	0	0	0	0	0	0	0	0
NR_113469.1	GIN-41-MGE-S217	0	0	0	0	0	0	0	0	0
NR_113468.1	GIN-41-MGE-S217	0	0	0	0	0	0	0	0	0
NR_113467.1	GIN-41-MGE-S217	0	0	0	0	0	0	0	0	0
NR_113466.1	GIN-41-MGE-S217	0	0	0	0	0	0	0	0	0
NR_113465.1	GIN-41-MGE-S217	0	0	0	0	0	0	0	0	0
NR_113464.1	GIN-41-MGE-S217	0	0	0	0	0	0	0	0	0
NR_113463.1	GIN-41-MGE-S217	0	0	0	0	0	0	0	0	0
NR_113462.1	GIN-41-MGE-S217	0	0	0	0	0	0	0	0	0
NR_113461.1	GIN-41-MGE-S217	0	0	0	0	0	0	0	0	0
NR_113460.1	GIN-41-MGE-S217	0	0	0	0	0	0	0	0	0
NR_113459.1	GIN-41-MGE-S217	0	0	0	0	0	0	0	0	0
NR_113458.1	GIN-41-MGE-S217	0	0	0	0	0	0	0	0	0
NR_113457.1	GIN-41-MGE-S217	0	0	0	0	0	0	0	0	0
NR_113456.1	GIN-41-MGE-S217	0	0	0	0	0	0	0	0	0
NR_113455.1	GIN-41-MGE-S217	0	0	0	0	0	0	0	0	0
NR_113454.1	GIN-41-MGE-S217	0	0	0	0	0	0	0	0	0
NR_113453.1	GIN-41-MGE-S217	0	0	0	0	0	0	0	0	0
NR_113452.1	GIN-41-MGE-S217	0	0	0	0	0	0	0	0	0
NR_113451.1	GIN-41-MGE-S217	0	0	0	0	0	0	0	0	0
NR_113450.1	GIN-41-MGE-S217	0	0	0	0	0	0	0	0	0
NR_113449.1	GIN-41-MGE-S217	0	0	0	0	0	0	0	0	0
NR_113448.1	GIN-41-MGE-S217	0	0	0	0	0	0	0	0	0
NR_113447.1	GIN-41-MGE-S217	0	0	0	0	0	0	0	0	0
NR_113446.1	GIN-41-MGE-S217	0	0	0	0	0	0	0	0	0
NR_113445.1	GIN-41-MGE-S217	0	0	0	0	0	0	0	0	0
NR_113444.1	GIN-41-MGE-S217	0	0	0	0	0	0	0	0	0
NR_113443.1	GIN-41-MGE-S217	0	0	0	0	0	0	0	0	0
NR_113442.1	GIN-41-MGE-S217	0	0	0	0	0	0	0	0	0
NR_113441.1	GIN-41-MGE-S217	0	0	0	0	0	0	0	0	0
NR_113440.1	GIN-41-MGE-S217	0	0	0	0	0	0	0	0	0
NR_113439.1	GIN-41-MGE-S217	0	0	0	0	0	0	0	0	0
NR_113438.1	GIN-41-MGE-S217	0	0	0	0	0	0	0	0	0
NR_113437.1	GIN-41-MGE-S217	0	0	0	0	0	0	0	0	0
NR_113436.1	GIN-41-MGE-S217	0	0	0	0	0	0	0	0	0
NR_113435.1	GIN-41-MGE-S217	0	0	0	0	0	0	0	0	0
NR_113434.1	GIN-41-MGE-S217	0	0	0	0	0	0	0	0	0
NR_113433.1	GIN-41-MGE-S217	0	0	0	0	0	0	0	0	0
NR_113432.1	GIN-41-MGE-S217	0	0	0	0	0	0	0	0	0
NR_113431.1	GIN-41-MGE-S217	0	0	0	0	0	0	0	0	0
NR_113430.1	GIN-41-MGE-S217	0	0	0	0	0	0	0	0	0
NR_113429.1	GIN-41-MGE-S217	0	0	0	0	0	0	0	0	0
NR_113428.1	GIN-41-MGE-S217	0	0	0	0	0	0	0	0	0
NR_113427.1	GIN-41-MGE-S217	0	0	0	0	0	0	0	0	0
NR_113426.1	GIN-41-MGE-S217	0	0	0	0	0	0	0	0	0
NR_113425.1	GIN-41-MGE-S217	0	0	0	0	0	0	0	0	0
NR_113424.1	GIN-41-MGE-S217	0	0	0	0	0	0	0	0	0
NR_113423.1	GIN-41-MGE-S217	0	0	0	0	0	0	0	0	0
NR_113422.1	GIN-41-MGE-S217	0	0	0	0	0	0	0	0	0
NR_113421.1	GIN-41-MGE-S217	0	0	0	0	0	0	0	0	0
NR_113420.1	GIN-41-MGE-S217	0	0	0	0	0	0	0	0	0
NR_113419.1	GIN-41-MGE-S217	0	0	0	0	0	0	0	0	0
NR_113418.1	GIN-41-MGE-S217	0	0	0	0	0	0	0	0	0
NR_113417.1	GIN-41-MGE-S217	0	0	0	0	0	0	0	0	0
NR_113416.1	GIN-41-MGE-S217	0	0	0	0	0	0	0	0	0
NR_113415.1	GIN-41-MGE-S217	0	0	0	0	0	0	0	0	0
NR_113414.1	GIN-41-MGE-S217	0	0	0	0	0	0	0	0	0
NR_113413.1	GIN-41-MGE-S217	0	0	0	0	0	0	0	0	0
NR_113412.1	GIN-41-MGE-S217	0	0	0	0	0	0	0	0	0
NR_113298.1	GIN-41-MGE-S217	0	0	0	0	0	0	0	0	0
NR_113297.1	GIN-41-MGE-S217	0	0	0	0	0	0	0	0	0
NR_113295.1	GIN-41-MGE-S217	0	0	0	0	0	0	0	0	0
NR_113294.1	GIN-41-MGE-S217	0	0	0	0	0	0	0	0	0
NR_113292.1	GIN-41-MGE-S217	0	0	0	0	0	0	0	0	0
NR_113291.1	GIN-41-MGE-S217	0	0	0	0	0	0	0	0	0
NR_113218.1	GIN-41-MGE-S217	0	0	0	0	0	0	0	0	0
NR_113217.1	GIN-41-MGE-S217	0	0	0	0	0	0	0	0	0
NR_113216.1	GIN-41-MGE-S217	0	0	0	0	0	0	0	0	0
NR_113215.1	GIN-41-MGE-S217	0	0	0	0	0	0	0	0	0
NR_113214.1	GIN-41-MGE-S217	0	0	0	0	0	0	0	0	0
NR_113213.1	GIN-41-MGE-S217	0	0	0	0	0	0	0	0	0
NR_113212.1	GIN-41-MGE-S217	0	0	0	0	0	0	0	0	0
NR_113211.1	GIN-41-MGE-S217	0	0	0	0	0	0	0	0	0
NR_113139.1	GIN-41-MGE-S217	0	0	0	0	0	0	0	0	0
NR_113057.1	GIN-41-MGE-S217	0	0	0	0	0	0	0	0	0
NR_113056.1	GIN-41-MGE-S217	0	0	0	0	0	0	0	0	0
NR_113055.1	GIN-41-MGE-S217	0	0	0	0	0	0	0	0	0
NR_112982.1	GIN-41-MGE-S217	0	0	0	0	0	0	0	0	0
NR_112910.1	GIN-41-MGE-S217	0	0	0	0	0	0	0	0	0
NR_112883.1	GIN-41-MGE-S217	0	0	0	0	0	0	0	0	0
NR_112874.1	GIN-41-MGE-S217	0	0	0	0	0	0	0	0	0
NR_112873.1	GIN-41-MGE-S217	0	0	0	0	0	0	0	0	0
NR_112872.1	GIN-41-MGE-S217	0	0	0	0	0	0	0	0	0
NR_112871.1	GIN-41-MGE-S217	0	0	0	0	0	0	0	0	0
NR_112870.1	GIN-41-MGE-S217	0	0	0	0	0	0	0	0	0
NR_112869.1	GIN-41-MGE-S217	0	0	0	0	0	0	0	0	0
NR_112868.1	GIN-41-MGE-S217	0	0	0	0	0	0	0	0	0
NR_112867.1	GIN-41-MGE-S217	0	0	0	0	0	0	0	0	0
NR_112866.1	GIN-41-MGE-S217	0	0	0	0	0	0	0	0	0
NR_112865.1	GIN-41-MGE-S217	0	0	0	0	0	0	0	0	0
NR_112864.1	GIN-41-MGE-S217	0	0	0	0	0	0	0	0	0
NR_112863.1	GIN-41-MGE-S217	0	0	0	0	0	0	0	0	0
NR_112862.1	GIN-41-MGE-S217	0	0	0	0	0	0	0	0	0
NR_112861.1	GIN-41-MGE-S217	0	0	0	0	0	0	0	0	0
NR_112860.1	GIN-41-MGE-S217	0	0	0	0	0	0	0	0	0
NR_112859.1	GIN-41-MGE-S217	0	0	0	0	0	0	0	0	0
NR_112858.1	GIN-41-MGE-S217	0	0	0	0	0	0	0	0	0
NR_112857.1	GIN-41-MGE-S217	0	0	0	0	0	0	0	0	0
NR_112856.1	GIN-41-MGE-S217	0	0	0	0	0	0	0	0	0
NR_112855.1	GIN-41-MGE-S217	0	0	0	0	0	0	0	0	0
NR_112854.1	GIN-41-MGE-S217	0	0	0	0	0	0	0	0	0
NR_112853.1	GIN-41-MGE-S217	0	0	0	0	0	0	0	0	0
NR_112852.1	GIN-41-MGE-S217	0	0	0	0	0	0	0	0	0
NR_112851.1	GIN-41-MGE-S217	0	0	0	0	0	0	0	0	0
NR_112850.1	GIN-41-MGE-S217	0	0	0	0	0	0	0	0	0
NR_112849.1	GIN-41-MGE-S217	0	0	0	0	0	0	0	0	0
NR_112751.1	GIN-41-MGE-S217	0	0	0	0	0	0	0	0	0
NR_112712.1	GIN-41-MGE-S217	0	0	0	0	0	0	0	0	0
NR_112711.1	GIN-41-MGE-S217	0	0	0	0	0	0	0	0	0
NR_112710.1	GIN-41-MGE-S217	0	0	0	0	0	0	0	0	0
NR_112709.1	GIN-41-MGE-S217	0	0	0	0	0	0	0	0	0
NR_112708.1	GIN-41-MGE-S217	0	0	0	0	0	0	0	0	0
NR_112707.1	GIN-41-MGE-S217	0	0	0	0	0	0	0	0	0
NR_112648.1	GIN-41-MGE-S217	0	0	0	0	0	0	0	0	0
NR_112194.1	GIN-41-MGE-S217	0	0	0	0	0	0	0	0	0
NR_112158.1	GIN-41-MGE-S217	0	0	0	0	0	0	0	0	0
NR_112150.1	GIN-41-MGE-S217	0	0	0	0	0	0	0	0	0
NR_112149.1	GIN-41-MGE-S217	0	0	0	0	0	0	0	0	0
NR_112148.1	GIN-41-MGE-S217	0	0	0	0	0	0	0	0	0
NR_112147.1	GIN-41-MGE-S217	0	0	0	0	0	0	0	0	0
NR_112146.1	GIN-41-MGE-S217	0	0	0	0	0	0	0	0	0
NR_112145.1	GIN-41-MGE-S217	0	0	0	0	0	0	0	0	0
NR_041717.2	GIN-41-MGE-S217	0	0	0	0	0	0	0	0	0
NR_109736.1	GIN-41-MGE-S217	0	0	0	0	0	0	0	0	0
NR_109687.1	GIN-41-MGE-S217	0	0	0	0	0	0	0	0	0
NR_109660.1	GIN-41-MGE-S217	0	0	0	0	0	0	0	0	0
NR_109659.1	GIN-41-MGE-S217	0	0	0	0	0	0	0	0	0
NR_109480.1	GIN-41-MGE-S217	0	0	0	0	0	0	0	0	0
NR_109423.1	GIN-41-MGE-S217	0	0	0	0	0	0	0	0	0
NR_109373.1	GIN-41-MGE-S217	0	0	0	0	0	0	0	0	0
NR_104987.1	GIN-41-MGE-S217	0	0	0	0	0	0	0	0	0
NR_104986.1	GIN-41-MGE-S217	0	0	0	0	0	0	0	0	0
NR_104984.1	GIN-41-MGE-S217	0	0	0	0	0	0	0	0	0
NR_104983.1	GIN-41-MGE-S217	0	0	0	0	0	0	0	0	0
NR_104880.1	GIN-41-MGE-S217	0	0	0	0	0	0	0	0	0
NR_104879.1	GIN-41-MGE-S217	0	0	0	0	0	0	0	0	0
NR_104878.1	GIN-41-MGE-S217	0	0	0	0	0	0	0	0	0
NR_104875.1	GIN-41-MGE-S217	0	0	0	0	0	0	0	0	0
NR_104874.1	GIN-41-MGE-S217	0	0	0	0	0	0	0	0	0
NR_104804.1	GIN-41-MGE-S217	0	0	0	0	0	0	0	0	0
NR_104790.1	GIN-41-MGE-S217	0	0	0	0	0	0	0	0	0
NR_104784.1	GIN-41-MGE-S217	0	0	0	0	0	0	0	0	0
NR_104757.1	GIN-41-MGE-S217	0	0	0	0	0	0	0	0	0
NR_104739.1	GIN-41-MGE-S217	0	0	0	0	0	0	0	0	0
NR_104738.1	GIN-41-MGE-S217	0	0	0	0	0	0	0	0	0
NR_104736.1	GIN-41-MGE-S217	0	0	0	0	0	0	0	0	0
NR_104734.1	GIN-41-MGE-S217	0	0	0	0	0	0	0	0	0
NR_104728.1	GIN-41-MGE-S217	0	0	0	0	0	0	0	0	0
NR_104707.1	GIN-41-MGE-S217	0	0	0	0	0	0	0	0	0
NR_104706.1	GIN-41-MGE-S217	0	0	0	0	0	0	0	0	0
NR_104694.1	GIN-41-MGE-S217	0	0	0	0	0	0	0	0	0
NR_104562.1	GIN-41-MGE-S217	0	0	0	0	0	0	0	0	0
NR_103948.1	GIN-41-MGE-S217	0	0	0	0	0	0	0	0	0
NR_102943.1	GIN-41-MGE-S217	0	0	0	0	0	0	0	0	0
NR_102939.1	GIN-41-MGE-S217	0	0	0	0	0	0	0	0	0
NR_102938.1	GIN-41-MGE-S217	0	0	0	0	0	0	0	0	0
NR_102933.1	GIN-41-MGE-S217	0	0	0	0	0	0	0	0	0
NR_102931.1	GIN-41-MGE-S217	0	0	0	0	0	0	0	0	0
NR_102926.1	GIN-41-MGE-S217	0	0	0	0	0	0	0	0	0
NR_102921.1	GIN-41-MGE-S217	0	0	0	0	0	0	0	0	0
NR_102920.1	GIN-41-MGE-S217	0	0	0	0	0	0	0	0	0
NR_102902.1	GIN-41-MGE-S217	0	0	0	0	0	0	0	0	0
NR_102900.1	GIN-41-MGE-S217	0	0	0	0	0	0	0	0	0
NR_102898.1	GIN-41-MGE-S217	0	0	0	0	0	0	0	0	0
NR_102894.1	GIN-41-MGE-S217	0	0	0	0	0	0	0	0	0
NR_102892.1	GIN-41-MGE-S217	0	0	0	0	0	0	0	0	0
NR_102882.1	GIN-41-MGE-S217	0	0	0	0	0	0	0	0	0
NR_102881.1	GIN-41-MGE-S217	0	0	0	0	0	0	0	0	0
NR_102869.1	GIN-41-MGE-S217	0	0	0	0	0	0	0	0	0
NR_102472.1	GIN-41-MGE-S217	0	0	0	0	0	0	0	0	0
NR_102454.1	GIN-41-MGE-S217	0	0	0	0	0	0	0	0	0
NR_102453.1	GIN-41-MGE-S217	0	0	0	0	0	0	0	0	0
NR_102444.1	GIN-41-MGE-S217	0	0	0	0	0	0	0	0	0
NR_074195.1	GIN-41-MGE-S217	0	0	0	0	0	0	0	0	0
NR_074194.1	GIN-41-MGE-S217	0	0	0	0	0	0	0	0	0
NR_074187.1	GIN-41-MGE-S217	0	0	0	0	0	0	0	0	0
NR_074183.1	GIN-41-MGE-S217	0	0	0	0	0	0	0	0	0
NR_074179.1	GIN-41-MGE-S217	0	0	0	0	0	0	0	0	0
NR_074167.1	GIN-41-MGE-S217	0	0	0	0	0	0	0	0	0
NR_074117.1	GIN-41-MGE-S217	0	0	0	0	0	0	0	0	0
NR_074867.1	GIN-41-MGE-S217	0	0	0	0	0	0	0	0	0
NR_074532.1	GIN-41-MGE-S217	0	0	0	0	0	0	0	0	0
NR_074531.1	GIN-41-MGE-S217	0	0	0	0	0	0	0	0	0
NR_074522.1	GIN-41-MGE-S217	0	0	0	0	0	0	0	0	0
NR_074387.1	GIN-41-MGE-S217	0	0	0	0	0	0	0	0	0
NR_074380.1	GIN-41-MGE-S217	0	0	0	0	0	0	0	0	0
NR_074375.1	GIN-41-MGE-S217	0	0	0	0	0	0	0	0	0
NR_074372.1	GIN-41-MGE-S217	0	0	0	0	0	0	0	0	0
NR_074360.1	GIN-41-MGE-S217	0	0	0	0	0	0	0	0	0
NR_074358.1	GIN-41-MGE-S217	0	0	0	0	0	0	0	0	0
NR_074334.1	GIN-41-MGE-S217	0	0	0	0	0	0	0	0	0
NR_074323.1	GIN-41-MGE-S217	0	0	0	0	0	0	0	0	0
NR_074267.1	GIN-41-MGE-S217	0	0	0	0	0	0	0	0	0
NR_074258.1	GIN-41-MGE-S217	0	0	0	0	0	0	0	0	0
NR_074251.1	GIN-41-MGE-S217	0	0	0	0	0	0	0	0	0
NR_074242.1	GIN-41-MGE-S217	0	0	0	0	0	0	0	0	0
NR_074239.1	GIN-41-MGE-S217	0	0	0	0	0	0	0	0	0
NR_074238.1	GIN-41-MGE-S217	0	0	0	0	0	0	0	0	0
NR_074235.1	GIN-41-MGE-S217	0	0	0	0	0	0	0	0	0
NR_074233.1	GIN-41-MGE-S217	0	0	0	0	0	0	0	0	0
NR_074223.1	GIN-41-MGE-S217	0	0	0	0	0	0	0	0	0
NR_074216.1	GIN-41-MGE-S217	0	0	0	0	0	0	0	0	0
NR_074214.1	GIN-41-MGE-S217	0	0	0	0	0	0	0	0	0
NR_074206.1	GIN-41-MGE-S217	0	0	0	0	0	0	0	0	0
NR_074201.1	GIN-41-MGE-S217	0	0	0	0	0	0	0	0	0
NR_044915.1	GIN-41-MGE-S217	0	0	0	0	0	0	0	0	0
NR_044910.1	GIN-41-MGE-S217	0	0	0	0	0	0	0	0	0
NR_044909.1	GIN-41-MGE-S217	0	0	0	0	0	0	0	0	0
NR_044786.1	GIN-41-MGE-S217	0	0	0	0	0	0	0	0	0
NR_044766.1	GIN-41-MGE-S217	0	0	0	0	0	0	0	0	0
NR_044728.1	GIN-41-MGE-S217	0	0	0	0	0	0	0	0	0
NR_044725.1	GIN-41-MGE-S217	0	0	0	0	0	0	0	0	0
NR_044724.1	GIN-41-MGE-S217	0	0	0	0	0	0	0	0	0
NR_044722.1	GIN-41-MGE-S217	0	0	0	0	0	0	0	0	0
NR_044721.1	GIN-41-MGE-S217	0	0	0	0	0	0	0	0	0
NR_044683.1	GIN-41-MGE-S217	0	0	0	0	0	0	0	0	0
NR_043988.1	GIN-41-MGE-S217	0	0	0	0	0	0	0	0	0
NR_043434.1	GIN-41-MGE-S217	0	0	0	0	0	0	0	0	0
NR_043431.1	GIN-41-MGE-S217	0	0	0	0	0	0	0	0	0
NR_043410.1	GIN-41-MGE-S217	0	0	0	0	0	0	0	0	0
NR_043409.1	GIN-41-MGE-S217	0	0	0	0	0	0	0	0	0
NR_043400.1	GIN-41-MGE-S217	0	0	0	0	0	0	0	0	0
NR_043396.1	GIN-41-MGE-S217	0	0	0	0	0	0	0	0	0
NR_043389.1	GIN-41-MGE-S217	0	0	0	0	0	0	0	0	0
NR_043387.1	GIN-41-MGE-S217	0	0	0	0	0	0	0	0	0
NR_043024.1	GIN-41-MGE-S217	0	0	0	0	0	0	0	0	0
NR_042826.1	GIN-41-MGE-S217	0	0	0	0	0	0	0	0	0
NR_042789.1	GIN-41-MGE-S217	0	0	0	0	0	0	0	0	0
NR_042788.1	GIN-41-MGE-S217	0	0	0	0	0	0	0	0	0
NR_042785.1	GIN-41-MGE-S217	0	0	0	0	0	0	0	0	0
NR_042783.1	GIN-41-MGE-S217	0	0	0	0	0	0	0	0	0
NR_042739.1	GIN-41-MGE-S217	0	0	0	0	0	0	0	0	0
NR_042737.1	GIN-41-MGE-S217	0	0	0	0	0	0	0	0	0
NR_042736.1	GIN-41-MGE-S217	0	0	0	0	0	0	0	0	0
NR_042735.1	GIN-41-MGE-S217	0	0	0	0	0	0	0	0	0
NR_042734.1	GIN-41-MGE-S217	0	0	0	0	0	0	0	0	0
NR_042733.1	GIN-41-MGE-S217	0	0	0	0	0	0	0	0	0
NR_042672.1	GIN-41-MGE-S217	0	0	0	0	0	0	0	0	0
NR_042522.1	GIN-41-MGE-S217	0	0	0	0	0	0	0	0	0
NR_042521.1	GIN-41-MGE-S217	0	0	0	0	0	0	0	0	0
NR_042452.1	GIN-41-MGE-S217	0	0	0	0	0	0	0	0	0
NR_041956.1	GIN-41-MGE-S217	0	0	0	0	0	0	0	0	0
NR_041944.1	GIN-41-MGE-S217	0	0	0	0	0	0	0	0	0
NR_041716.1	GIN-41-MGE-S217	0	0	0	0	0	0	0	0	0
NR_041713.1	GIN-41-MGE-S217	0	0	0	0	0	0	0	0	0
NR_041698.1	GIN-41-MGE-S217	0	0	0	0	0	0	0	0	0
NR_041513.1	GIN-41-MGE-S217	0	0	0	0	0	0	0	0	0
NR_040964.1	GIN-41-MGE-S217	0	0	0	0	0	0	0	0	0
NR_040870.1	GIN-41-MGE-S217	0	0	0	0	0	0	0	0	0
NR_040788.1	GIN-41-MGE-S217	0	0	0	0	0	0	0	0	0
NR_040777.1	GIN-41-MGE-S217	0	0	0	0	0	0	0	0	0
NR_040776.1	GIN-41-MGE-S217	0	0	0	0	0	0	0	0	0
NR_044677.1	GIN-41-MGE-S217	0	0	0	0	0	0	0	0	0
NR_044593.1	GIN-41-MGE-S217	0	0	0	0	0	0	0	0	0
NR_044337.1	GIN-41-MGE-S217	0	0	0	0	0	0	0	0	0
NR_044336.1	GIN-41-MGE-S217	0	0	0	0	0	0	0	0	0
NR_044335.1	GIN-41-MGE-S217	0	0	0	0	0	0	0	0	0
NR_042810.1	GIN-41-MGE-S217	0	0	0	0	0	0	0	0	0
NR_041789.1	GIN-41-MGE-S217	0	0	0	0	0	0	0	0	0
NR_029141.2	GIN-41-MGE-S217	0	0	0	0	0	0	0	0	0
NR_029316.1	GIN-41-MGE-S217	0	0	0	0	0	0	0	0	0
NR_029300.1	GIN-41-MGE-S217	0	0	0	0	0	0	0	0	0
NR_029214.1	GIN-41-MGE-S217	0	0	0	0	0	0	0	0	0
NR_029127.1	GIN-41-MGE-S217	0	0	0	0	0	0	0	0	0
NR_029122.1	GIN-41-MGE-S217	0	0	0	0	0	0	0	0	0
NR_029086.1	GIN-41-MGE-S217	0	0	0	0	0	0	0	0	0
NR_029059.1	GIN-41-MGE-S217	0	0	0	0	0	0	0	0	0
NR_029055.1	GIN-41-MGE-S217	0	0	0	0	0	0	0	0	0
NR_029054.1	GIN-41-MGE-S217	0	0	0	0	0	0	0	0	0
NR_029053.1	GIN-41-MGE-S217	0	0	0	0	0	0	0	0	0
NR_028921.1	GIN-41-MGE-S217	0	0	0	0	0	0	0	0	0
NR_028861.1	GIN-41-MGE-S217	0	0	0	0	0	0	0	0	0
NR_028856.1	GIN-41-MGE-S217	0	0	0	0	0	0	0	0	0
NR_028831.1	GIN-41-MGE-S217	0	0	0	0	0	0	0	0	0
NR_028779.1	GIN-41-MGE-S217	0	0	0	0	0	0	0	0	0
NR_028609.1	GIN-41-MGE-S217	0	0	0	0	0	0	0	0	0
NR_028253.1	GIN-41-MGE-S217	0	0	0	0	0	0	0	0	0
NR_028252.1	GIN-41-MGE-S217	0	0	0	0	0	0	0	0	0
NR_028251.1	GIN-41-MGE-S217	0	0	0	0	0	0	0	0	0
NR_028250.1	GIN-41-MGE-S217	0	0	0	0	0	0	0	0	0
NR_028249.1	GIN-41-MGE-S217	0	0	0	0	0	0	0	0	0
NR_028248.1	GIN-41-MGE-S217	0	0	0	0	0	0	0	0	0
NR_028247.1	GIN-41-MGE-S217	0	0	0	0	0	0	0	0	0
NR_028246.1	GIN-41-MGE-S217	0	0	0	0	0	0	0	0	0
NR_028245.1	GIN-41-MGE-S217	0	0	0	0	0	0	0	0	0
NR_028241.1	GIN-41-MGE-S217	0	0	0	0	0	0	0	0	0
NR_028239.1	GIN-41-MGE-S217	0	0	0	0	0	0	0	0	0
NR_028238.1	GIN-41-MGE-S217	0	0	0	0	0	0	0	0	0
NR_028237.1	GIN-41-MGE-S217	0	0	0	0	0	0	0	0	0
NR_028236.1	GIN-41-MGE-S217	0	0	0	0	0	0	0	0	0
NR_028235.1	GIN-41-MGE-S217	0	0	0	0	0	0	0	0	0
NR_028234.1	GIN-41-MGE-S217	0	0	0	0	0	0	0	0	0
NR_028232.1	GIN-41-MGE-S217	0	0	0	0	0	0	0	0	0
NR_028231.1	GIN-41-MGE-S217	0	0	0	0	0	0	0	0	0
NR_028230.1	GIN-41-MGE-S217	0	0	0	0	0	0	0	0	0
NR_028229.1	GIN-41-MGE-S217	0	0	0	0	0	0	0	0	0
NR_028228.1	GIN-41-MGE-S217	0	0	0	0	0	0	0	0	0
NR_028227.1	GIN-41-MGE-S217	0	0	0	0	0	0	0	0	0
NR_028225.1	GIN-41-MGE-S217	0	0	0	0	0	0	0	0	0
NR_028224.1	GIN-41-MGE-S217	0	0	0	0	0	0	0	0	0
NR_028220.1	GIN-41-MGE-S217	0	0	0	0	0	0	0	0	0
NR_028219.1	GIN-41-MGE-S217	0	0	0	0	0	0	0	0	0
NR_028218.1	GIN-41-MGE-S217	0	0	0	0	0	0	0	0	0
NR_028214.1	GIN-41-MGE-S217	0	0	0	0	0	0	0	0	0
NR_028213.1	GIN-41-MGE-S217	0	0	0	0	0	0	0	0	0
NR_028210.1	GIN-41-MGE-S217	0	0	0	0	0	0	0	0	0
NR_028209.1	GIN-41-MGE-S217	0	0	0	0	0	0	0	0	0
NR_028208.1	GIN-41-MGE-S217	0	0	0	0	0	0	0	0	0
NR_028206.1	GIN-41-MGE-S217	0	0	0	0	0	0	0	0	0
NR_028205.1	GIN-41-MGE-S217	0	0	0	0	0	0	0	0	0
NR_028203.1	GIN-41-MGE-S217	0	0	0	0	0	0	0	0	0
NR_028202.1	GIN-41-MGE-S217	0	0	0	0	0	0	0	0	0
NR_028201.1	GIN-41-MGE-S217	0	0	0	0	0	0	0	0	0
NR_028200.1	GIN-41-MGE-S217	0	0	0	0	0	0	0	0	0
NR_028199.1	GIN-41-MGE-S217	0	0	0	0	0	0	0	0	0
NR_028198.1	GIN-41-MGE-S217	0	0	0	0	0	0	0	0	0
NR_028197.1	GIN-41-MGE-S217	0	0	0	0	0	0	0	0	0
NR_028196.1	GIN-41-MGE-S217	0	0	0	0	0	0	0	0	0
NR_028195.1	GIN-41-MGE-S217	0	0	0	0	0	0	0	0	0
NR_028194.1	GIN-41-MGE-S217	0	0	0	0	0	0	0	0	0
NR_028192.1	GIN-41-MGE-S217	0	0	0	0	0	0	0	0	0
NR_028191.1	GIN-41-MGE-S217	0	0	0	0	0	0	0	0	0
NR_028190.1	GIN-41-MGE-S217	0	0	0	0	0	0	0	0	0
NR_028189.1	GIN-41-MGE-S217	0	0	0	0	0	0	0	0	0
NR_028188.1	GIN-41-MGE-S217	0	0	0	0	0	0	0	0	0
NR_028187.1	GIN-41-MGE-S217	0	0	0	0	0	0	0	0	0
NR_028186.1	GIN-41-MGE-S217	0	0	0	0	0	0	0	0	0
NR_028185.1	GIN-41-MGE-S217	0	0	0	0	0	0	0	0	0
NR_028184.1	GIN-41-MGE-S217	0	0	0	0	0	0	0	0	0
NR_028183.1	GIN-41-MGE-S217	0	0	0	0	0	0	0	0	0
NR_028182.1	GIN-41-MGE-S217	0	0	0	0	0	0	0	0	0
NR_028181.1	GIN-41-MGE-S217	0	0	0	0	0	0	0	0	0
NR_028180.1	GIN-41-MGE-S217	0	0	0	0	0	0	0	0	0
NR_028179.1	GIN-41-MGE-S217	0	0	0	0	0	0	0	0	0
NR_028178.1	GIN-41-MGE-S217	0	0	0	0	0	0	0	0	0
NR_028177.1	GIN-41-MGE-S217	0	0	0	0	0	0	0	0	0
NR_028176.1	GIN-41-MGE-S217	0	0	0	0	0	0	0	0	0
NR_028175.1	GIN-41-MGE-S217	0	0	0	0	0	0	0	0	0
NR_028173.1	GIN-41-MGE-S217	0	0	0	0	0	0	0	0	0
NR_028171.1	GIN-41-MGE-S217	0	0	0	0	0	0	0	0	0
NR_028165.1	GIN-41-MGE-S217	0	0	0	0	0	0	0	0	0
NR_028161.1	GIN-41-MGE-S217	0	0	0	0	0	0	0	0	0
NR_028160.1	GIN-41-MGE-S217	0	0	0	0	0	0	0	0	0
NR_028158.1	GIN-41-MGE-S217	0	0	0	0	0	0	0	0	0
NR_028156.1	GIN-41-MGE-S217	0	0	0	0	0	0	0	0	0
NR_028155.1	GIN-41-MGE-S217	0	0	0	0	0	0	0	0	0
NR_028154.1	GIN-41-MGE-S217	0	0	0	0	0	0	0	0	0
NR_028153.1	GIN-41-MGE-S217	0	0	0	0	0	0	0	0	0
NR_028152.1	GIN-41-MGE-S217	0	0	0	0	0	0	0	0	0
NR_028151.1	GIN-41-MGE-S217	0	0	0	0	0	0	0	0	0
NR_028150.1	GIN-41-MGE-S217	0	0	0	0	0	0	0	0	0
NR_028148.1	GIN-41-MGE-S217	0	0	0	0	0	0	0	0	0
NR_028147.1	GIN-41-MGE-S217	0	0	0	0	0	0	0	0	0
NR_025303.1	GIN-41-MGE-S217	0	0	0	0	0	0	0	0	0
NR_025028.1	GIN-41-MGE-S217	0	0	0	0	0	0	0	0	0
NR_024870.1	GIN-41-MGE-S217	0	0	0	0	0	0	0	0	0
NR_026246.1	GIN-41-MGE-S217	0	0	0	0	0	0	0	0	0
NR_025933.1	GIN-41-MGE-S217	0	0	0	0	0	0	0	0	0
NR_025718.1	GIN-41-MGE-S217	0	0	0	0	0	0	0	0	0
NG_042068.1	GIN-41-MGE-S217	0	0	0	0	0	0	0	0	0
NG_042066.1	GIN-41-MGE-S217	0	0	0	0	0	0	0	0	0
NG_041961.1	GIN-41-MGE-S217	0	0	0	0	0	0	0	0	0
NG_041957.1	GIN-41-MGE-S217	0	0	0	0	0	0	0	0	0
NG_041954.1	GIN-41-MGE-S217	0	0	0	0	0	0	0	0	0
NG_042072.1	GIN-41-MGE-S217	0	0	0	0	0	0	0	0	0
NR_040973.3	GIN-41-MGE-S217	0	0	0	0	0	0	0	0	0
NR_041987.1	GIN-41-MGE-S217	0	0	0	0	0	0	0	0	0
NR_041943.1	GIN-41-MGE-S217	0	0	0	0	0	0	0	0	0
NR_040778.1	GIN-41-MGE-S217	0	0	0	0	0	0	0	0	0
NR_037131.1	GIN-41-MGE-S217	0	0	0	0	0	0	0	0	0
NR_029142.2	GIN-41-MGE-S217	0	0	0	0	0	0	0	0	0
NR_029140.1	GIN-41-MGE-S217	0	0	0	0	0	0	0	0	0
NR_029124.1	GIN-41-MGE-S217	0	0	0	0	0	0	0	0	0
NR_028955.1	GIN-41-MGE-S217	0	0	0	0	0	0	0	0	0
NR_028937.1	GIN-41-MGE-S217	0	0	0	0	0	0	0	0	0
NR_028916.1	GIN-41-MGE-S217	0	0	0	0	0	0	0	0	0
NR_028877.1	GIN-41-MGE-S217	0	0	0	0	0	0	0	0	0
NR_028701.1	GIN-41-MGE-S217	0	0	0	0	0	0	0	0	0
NR_028646.1	GIN-41-MGE-S217	0	0	0	0	0	0	0	0	0
NR_028628.1	GIN-41-MGE-S217	0	0	0	0	0	0	0	0	0
NR_028255.1	GIN-41-MGE-S217	0	0	0	0	0	0	0	0	0
NR_028254.1	GIN-41-MGE-S217	0	0	0	0	0	0	0	0	0
NR_028244.1	GIN-41-MGE-S217	0	0	0	0	0	0	0	0	0
NR_028243.1	GIN-41-MGE-S217	0	0	0	0	0	0	0	0	0
NR_028240.1	GIN-41-MGE-S217	0	0	0	0	0	0	0	0	0
NR_028233.1	GIN-41-MGE-S217	0	0	0	0	0	0	0	0	0
NR_028226.1	GIN-41-MGE-S217	0	0	0	0	0	0	0	0	0
NR_028223.1	GIN-41-MGE-S217	0	0	0	0	0	0	0	0	0
NR_028216.1	GIN-41-MGE-S217	0	0	0	0	0	0	0	0	0
NR_028215.1	GIN-41-MGE-S217	0	0	0	0	0	0	0	0	0
NR_028212.1	GIN-41-MGE-S217	0	0	0	0	0	0	0	0	0
NR_028211.1	GIN-41-MGE-S217	0	0	0	0	0	0	0	0	0
NR_028207.1	GIN-41-MGE-S217	0	0	0	0	0	0	0	0	0
NR_028204.1	GIN-41-MGE-S217	0	0	0	0	0	0	0	0	0
NR_028193.1	GIN-41-MGE-S217	0	0	0	0	0	0	0	0	0
NR_028174.1	GIN-41-MGE-S217	0	0	0	0	0	0	0	0	0
NR_028172.1	GIN-41-MGE-S217	0	0	0	0	0	0	0	0	0
NR_028170.1	GIN-41-MGE-S217	0	0	0	0	0	0	0	0	0
NR_028169.1	GIN-41-MGE-S217	0	0	0	0	0	0	0	0	0
NR_028168.1	GIN-41-MGE-S217	0	0	0	0	0	0	0	0	0
NR_028167.1	GIN-41-MGE-S217	0	0	0	0	0	0	0	0	0
NR_028166.1	GIN-41-MGE-S217	0	0	0	0	0	0	0	0	0
NR_028164.1	GIN-41-MGE-S217	0	0	0	0	0	0	0	0	0
NR_028163.1	GIN-41-MGE-S217	0	0	0	0	0	0	0	0	0
NR_028159.1	GIN-41-MGE-S217	0	0	0	0	0	0	0	0	0
NR_028157.1	GIN-41-MGE-S217	0	0	0	0	0	0	0	0	0
NR_028149.1	GIN-41-MGE-S217	0	0	0	0	0	0	0	0	0
NR_024799.1	GIN-41-MGE-S217	0	0	0	0	0	0	0	0	0
NG_041951.1	GIN-41-MGE-S217	0	0	0	0	0	0	0	0	0
NR_112036.1	GIN-41-MGE-S217	0	0	0	0	0	0	0	0	0
NR_118373.2	GIN-41-MGE-S217	0	0	0	0	0	0	0	0	0
NR_181997.1	GIN-41-MGE-S217	0	0	0	0	0	0	0	0	0
NR_181991.1	GIN-41-MGE-S217	0	0	0	0	0	0	0	0	0
NR_181990.1	GIN-41-MGE-S217	0	0	0	0	0	0	0	0	0
NR_181989.1	GIN-41-MGE-S217	0	0	0	0	0	0	0	0	0
NR_181987.1	GIN-41-MGE-S217	0	0	0	0	0	0	0	0	0
NR_181985.1	GIN-41-MGE-S217	0	0	0	0	0	0	0	0	0
NR_181984.1	GIN-41-MGE-S217	0	0	0	0	0	0	0	0	0
NR_181981.1	GIN-41-MGE-S217	0	0	0	0	0	0	0	0	0
NR_181980.1	GIN-41-MGE-S217	0	0	0	0	0	0	0	0	0
NR_181979.1	GIN-41-MGE-S217	0	0	0	0	0	0	0	0	0
NR_181978.1	GIN-41-MGE-S217	0	0	0	0	0	0	0	0	0
NR_181977.1	GIN-41-MGE-S217	0	0	0	0	0	0	0	0	0
NR_181975.1	GIN-41-MGE-S217	0	0	0	0	0	0	0	0	0
NR_181974.1	GIN-41-MGE-S217	0	0	0	0	0	0	0	0	0
NR_181973.1	GIN-41-MGE-S217	0	0	0	0	0	0	0	0	0
NR_181972.1	GIN-41-MGE-S217	0	0	0	0	0	0	0	0	0
NR_181970.1	GIN-41-MGE-S217	0	0	0	0	0	0	0	0	0
NR_181969.1	GIN-41-MGE-S217	0	0	0	0	0	0	0	0	0
NR_181968.1	GIN-41-MGE-S217	0	0	0	0	0	0	0	0	0
NR_181967.1	GIN-41-MGE-S217	0	0	0	0	0	0	0	0	0
NR_181966.1	GIN-41-MGE-S217	0	0	0	0	0	0	0	0	0
NR_181965.1	GIN-41-MGE-S217	0	0	0	0	0	0	0	0	0
NR_181964.1	GIN-41-MGE-S217	0	0	0	0	0	0	0	0	0
NR_181963.1	GIN-41-MGE-S217	0	0	0	0	0	0	0	0	0
NR_181962.1	GIN-41-MGE-S217	0	0	0	0	0	0	0	0	0
NR_181961.1	GIN-41-MGE-S217	0	0	0	0	0	0	0	0	0
NR_181960.1	GIN-41-MGE-S217	0	0	0	0	0	0	0	0	0
NR_181959.1	GIN-41-MGE-S217	0	0	0	0	0	0	0	0	0
NR_181958.1	GIN-41-MGE-S217	0	0	0	0	0	0	0	0	0
NR_181957.1	GIN-41-MGE-S217	0	0	0	0	0	0	0	0	0
NR_181956.1	GIN-41-MGE-S217	0	0	0	0	0	0	0	0	0
NR_181955.1	GIN-41-MGE-S217	0	0	0	0	0	0	0	0	0
NR_181954.1	GIN-41-MGE-S217	0	0	0	0	0	0	0	0	0
NR_181953.1	GIN-41-MGE-S217	0	0	0	0	0	0	0	0	0
NR_181952.1	GIN-41-MGE-S217	0	0	0	0	0	0	0	0	0
NR_181951.1	GIN-41-MGE-S217	0	0	0	0	0	0	0	0	0
NR_181950.1	GIN-41-MGE-S217	0	0	0	0	0	0	0	0	0
NR_181949.1	GIN-41-MGE-S217	0	0	0	0	0	0	0	0	0
NR_181948.1	GIN-41-MGE-S217	0	0	0	0	0	0	0	0	0
NR_181947.1	GIN-41-MGE-S217	0	0	0	0	0	0	0	0	0
NR_181946.1	GIN-41-MGE-S217	0	0	0	0	0	0	0	0	0
NR_181945.1	GIN-41-MGE-S217	0	0	0	0	0	0	0	0	0
NR_181944.1	GIN-41-MGE-S217	0	0	0	0	0	0	0	0	0
NR_181943.1	GIN-41-MGE-S217	0	0	0	0	0	0	0	0	0
NR_181942.1	GIN-41-MGE-S217	0	0	0	0	0	0	0	0	0
NR_181941.1	GIN-41-MGE-S217	0	0	0	0	0	0	0	0	0
NR_181940.1	GIN-41-MGE-S217	0	0	0	0	0	0	0	0	0
NR_181939.1	GIN-41-MGE-S217	0	0	0	0	0	0	0	0	0
NR_181938.1	GIN-41-MGE-S217	0	0	0	0	0	0	0	0	0
NR_181937.1	GIN-41-MGE-S217	0	0	0	0	0	0	0	0	0
NR_181936.1	GIN-41-MGE-S217	0	0	0	0	0	0	0	0	0
NR_181935.1	GIN-41-MGE-S217	0	0	0	0	0	0	0	0	0
NR_181934.1	GIN-41-MGE-S217	0	0	0	0	0	0	0	0	0
NR_181933.1	GIN-41-MGE-S217	0	0	0	0	0	0	0	0	0
NR_181932.1	GIN-41-MGE-S217	0	0	0	0	0	0	0	0	0
NR_181931.1	GIN-41-MGE-S217	0	0	0	0	0	0	0	0	0
NR_181930.1	GIN-41-MGE-S217	0	0	0	0	0	0	0	0	0
NR_181929.1	GIN-41-MGE-S217	0	0	0	0	0	0	0	0	0
NR_181928.1	GIN-41-MGE-S217	0	0	0	0	0	0	0	0	0
NR_181927.1	GIN-41-MGE-S217	0	0	0	0	0	0	0	0	0
NR_181926.1	GIN-41-MGE-S217	0	0	0	0	0	0	0	0	0
NR_181925.1	GIN-41-MGE-S217	0	0	0	0	0	0	0	0	0
NR_181924.1	GIN-41-MGE-S217	0	0	0	0	0	0	0	0	0
NR_181923.1	GIN-41-MGE-S217	0	0	0	0	0	0	0	0	0
NR_181922.1	GIN-41-MGE-S217	0	0	0	0	0	0	0	0	0
NR_181920.1	GIN-41-MGE-S217	0	0	0	0	0	0	0	0	0
NR_181919.1	GIN-41-MGE-S217	0	0	0	0	0	0	0	0	0
NR_181918.1	GIN-41-MGE-S217	0	0	0	0	0	0	0	0	0
NR_181917.1	GIN-41-MGE-S217	0	0	0	0	0	0	0	0	0
NR_181916.1	GIN-41-MGE-S217	0	0	0	0	0	0	0	0	0
NR_181915.1	GIN-41-MGE-S217	0	0	0	0	0	0	0	0	0
NR_181914.1	GIN-41-MGE-S217	0	0	0	0	0	0	0	0	0
NR_181913.1	GIN-41-MGE-S217	0	0	0	0	0	0	0	0	0
NR_181912.1	GIN-41-MGE-S217	0	0	0	0	0	0	0	0	0
NR_181911.1	GIN-41-MGE-S217	0	0	0	0	0	0	0	0	0
NR_181910.1	GIN-41-MGE-S217	0	0	0	0	0	0	0	0	0
NR_181909.1	GIN-41-MGE-S217	0	0	0	0	0	0	0	0	0
NR_181908.1	GIN-41-MGE-S217	0	0	0	0	0	0	0	0	0
NR_181907.1	GIN-41-MGE-S217	0	0	0	0	0	0	0	0	0
NR_181906.1	GIN-41-MGE-S217	0	0	0	0	0	0	0	0	0
NR_181905.1	GIN-41-MGE-S217	0	0	0	0	0	0	0	0	0
NR_181904.1	GIN-41-MGE-S217	0	0	0	0	0	0	0	0	0
NR_181903.1	GIN-41-MGE-S217	0	0	0	0	0	0	0	0	0
NR_181902.1	GIN-41-MGE-S217	0	0	0	0	0	0	0	0	0
NR_181901.1	GIN-41-MGE-S217	0	0	0	0	0	0	0	0	0
NR_181900.1	GIN-41-MGE-S217	0	0	0	0	0	0	0	0	0
NR_181899.1	GIN-41-MGE-S217	0	0	0	0	0	0	0	0	0
NR_181898.1	GIN-41-MGE-S217	0	0	0	0	0	0	0	0	0
NR_181897.1	GIN-41-MGE-S217	0	0	0	0	0	0	0	0	0
NR_181896.1	GIN-41-MGE-S217	0	0	0	0	0	0	0	0	0
NR_181895.1	GIN-41-MGE-S217	0	0	0	0	0	0	0	0	0
NR_181894.1	GIN-41-MGE-S217	0	0	0	0	0	0	0	0	0
NR_181893.1	GIN-41-MGE-S217	0	0	0	0	0	0	0	0	0
NR_181892.1	GIN-41-MGE-S217	0	0	0	0	0	0	0	0	0
NR_181891.1	GIN-41-MGE-S217	0	0	0	0	0	0	0	0	0
NR_181890.1	GIN-41-MGE-S217	0	0	0	0	0	0	0	0	0
NR_181889.1	GIN-41-MGE-S217	0	0	0	0	0	0	0	0	0
NR_181888.1	GIN-41-MGE-S217	0	0	0	0	0	0	0	0	0
NR_181887.1	GIN-41-MGE-S217	0	0	0	0	0	0	0	0	0
NR_181886.1	GIN-41-MGE-S217	0	0	0	0	0	0	0	0	0
NR_181885.1	GIN-41-MGE-S217	1	1	0	0	0	0	0	0	0
NR_181884.1	GIN-41-MGE-S217	0	0	0	0	0	0	0	0	0
NR_181883.1	GIN-41-MGE-S217	0	0	0	0	0	0	0	0	0
NR_181882.1	GIN-41-MGE-S217	0	0	0	0	0	0	0	0	0
NR_181881.1	GIN-41-MGE-S217	0	0	0	0	0	0	0	0	0
NR_181880.1	GIN-41-MGE-S217	0	0	0	0	0	0	0	0	0
NR_181879.1	GIN-41-MGE-S217	0	0	0	0	0	0	0	0	0
NR_181878.1	GIN-41-MGE-S217	0	0	0	0	0	0	0	0	0
NR_181877.1	GIN-41-MGE-S217	0	0	0	0	0	0	0	0	0
NR_181876.1	GIN-41-MGE-S217	0	0	0	0	0	0	0	0	0
NR_181875.1	GIN-41-MGE-S217	0	0	0	0	0	0	0	0	0
NR_181874.1	GIN-41-MGE-S217	0	0	0	0	0	0	0	0	0
NR_181873.1	GIN-41-MGE-S217	0	0	0	0	0	0	0	0	0
NR_181872.1	GIN-41-MGE-S217	0	0	0	0	0	0	0	0	0
NR_181871.1	GIN-41-MGE-S217	0	0	0	0	0	0	0	0	0
NR_181870.1	GIN-41-MGE-S217	0	0	0	0	0	0	0	0	0
NR_181869.1	GIN-41-MGE-S217	0	0	0	0	0	0	0	0	0
NR_181868.1	GIN-41-MGE-S217	0	0	0	0	0	0	0	0	0
NR_181867.1	GIN-41-MGE-S217	0	0	0	0	0	0	0	0	0
NR_181866.1	GIN-41-MGE-S217	0	0	0	0	0	0	0	0	0
NR_181865.1	GIN-41-MGE-S217	0	0	0	0	0	0	0	0	0
NR_181864.1	GIN-41-MGE-S217	0	0	0	0	0	0	0	0	0
NR_181863.1	GIN-41-MGE-S217	0	0	0	0	0	0	0	0	0
NR_181862.1	GIN-41-MGE-S217	0	0	0	0	0	0	0	0	0
NR_181861.1	GIN-41-MGE-S217	0	0	0	0	0	0	0	0	0
NR_181860.1	GIN-41-MGE-S217	0	0	0	0	0	0	0	0	0
NR_181859.1	GIN-41-MGE-S217	0	0	0	0	0	0	0	0	0
NR_181858.1	GIN-41-MGE-S217	0	0	0	0	0	0	0	0	0
NR_181857.1	GIN-41-MGE-S217	0	0	0	0	0	0	0	0	0
NR_181856.1	GIN-41-MGE-S217	0	0	0	0	0	0	0	0	0
NR_181855.1	GIN-41-MGE-S217	0	0	0	0	0	0	0	0	0
NR_181854.1	GIN-41-MGE-S217	0	0	0	0	0	0	0	0	0
NR_181853.1	GIN-41-MGE-S217	0	0	0	0	0	0	0	0	0
NR_181852.1	GIN-41-MGE-S217	0	0	0	0	0	0	0	0	0
NR_181851.1	GIN-41-MGE-S217	0	0	0	0	0	0	0	0	0
NR_181850.1	GIN-41-MGE-S217	0	0	0	0	0	0	0	0	0
NR_181849.1	GIN-41-MGE-S217	0	0	0	0	0	0	0	0	0
NR_181848.1	GIN-41-MGE-S217	0	0	0	0	0	0	0	0	0
NR_181847.1	GIN-41-MGE-S217	0	0	0	0	0	0	0	0	0
NR_181846.1	GIN-41-MGE-S217	0	0	0	0	0	0	0	0	0
NR_181845.1	GIN-41-MGE-S217	0	0	0	0	0	0	0	0	0
NR_181844.1	GIN-41-MGE-S217	0	0	0	0	0	0	0	0	0
NR_181843.1	GIN-41-MGE-S217	0	0	0	0	0	0	0	0	0
NR_181842.1	GIN-41-MGE-S217	0	0	0	0	0	0	0	0	0
NR_181841.1	GIN-41-MGE-S217	0	0	0	0	0	0	0	0	0
NR_181840.1	GIN-41-MGE-S217	0	0	0	0	0	0	0	0	0
NR_181839.1	GIN-41-MGE-S217	0	0	0	0	0	0	0	0	0
NR_181838.1	GIN-41-MGE-S217	0	0	0	0	0	0	0	0	0
NR_181837.1	GIN-41-MGE-S217	0	0	0	0	0	0	0	0	0
NR_181836.1	GIN-41-MGE-S217	0	0	0	0	0	0	0	0	0
NR_181835.1	GIN-41-MGE-S217	0	0	0	0	0	0	0	0	0
NR_181834.1	GIN-41-MGE-S217	0	0	0	0	0	0	0	0	0
NR_181833.1	GIN-41-MGE-S217	0	0	0	0	0	0	0	0	0
NR_181832.1	GIN-41-MGE-S217	0	0	0	0	0	0	0	0	0
NR_181831.1	GIN-41-MGE-S217	0	0	0	0	0	0	0	0	0
NR_181830.1	GIN-41-MGE-S217	0	0	0	0	0	0	0	0	0
NR_181829.1	GIN-41-MGE-S217	0	0	0	0	0	0	0	0	0
NR_181828.1	GIN-41-MGE-S217	0	0	0	0	0	0	0	0	0
NR_181827.1	GIN-41-MGE-S217	0	0	0	0	0	0	0	0	0
NR_181826.1	GIN-41-MGE-S217	0	0	0	0	0	0	0	0	0
NR_181825.1	GIN-41-MGE-S217	0	0	0	0	0	0	0	0	0
NR_181824.1	GIN-41-MGE-S217	0	0	0	0	0	0	0	0	0
NR_181823.1	GIN-41-MGE-S217	0	0	0	0	0	0	0	0	0
NR_181822.1	GIN-41-MGE-S217	0	0	0	0	0	0	0	0	0
NR_181821.1	GIN-41-MGE-S217	0	0	0	0	0	0	0	0	0
NR_181820.1	GIN-41-MGE-S217	0	0	0	0	0	0	0	0	0
NR_181819.1	GIN-41-MGE-S217	0	0	0	0	0	0	0	0	0
NR_181818.1	GIN-41-MGE-S217	0	0	0	0	0	0	0	0	0
NR_181817.1	GIN-41-MGE-S217	0	0	0	0	0	0	0	0	0
NR_181816.1	GIN-41-MGE-S217	0	0	0	0	0	0	0	0	0
NR_181815.1	GIN-41-MGE-S217	0	0	0	0	0	0	0	0	0
NR_181814.1	GIN-41-MGE-S217	0	0	0	0	0	0	0	0	0
NR_181813.1	GIN-41-MGE-S217	0	0	0	0	0	0	0	0	0
NR_181812.1	GIN-41-MGE-S217	0	0	0	0	0	0	0	0	0
NR_181811.1	GIN-41-MGE-S217	0	0	0	0	0	0	0	0	0
NR_181810.1	GIN-41-MGE-S217	0	0	0	0	0	0	0	0	0
NR_181809.1	GIN-41-MGE-S217	0	0	0	0	0	0	0	0	0
NR_181808.1	GIN-41-MGE-S217	0	0	0	0	0	0	0	0	0
NR_181807.1	GIN-41-MGE-S217	0	0	0	0	0	0	0	0	0
NR_181806.1	GIN-41-MGE-S217	0	0	0	0	0	0	0	0	0
NR_181805.1	GIN-41-MGE-S217	0	0	0	0	0	0	0	0	0
NR_181804.1	GIN-41-MGE-S217	0	0	0	0	0	0	0	0	0
NR_181803.1	GIN-41-MGE-S217	0	0	0	0	0	0	0	0	0
NR_181802.1	GIN-41-MGE-S217	0	0	0	0	0	0	0	0	0
NR_181801.1	GIN-41-MGE-S217	0	0	0	0	0	0	0	0	0
NR_181800.1	GIN-41-MGE-S217	0	0	0	0	0	0	0	0	0
NR_181799.1	GIN-41-MGE-S217	0	0	0	0	0	0	0	0	0
NR_181798.1	GIN-41-MGE-S217	0	0	0	0	0	0	0	0	0
NR_181797.1	GIN-41-MGE-S217	0	0	0	0	0	0	0	0	0
NR_181796.1	GIN-41-MGE-S217	0	0	0	0	0	0	0	0	0
NR_181795.1	GIN-41-MGE-S217	0	0	0	0	0	0	0	0	0
NR_181794.1	GIN-41-MGE-S217	0	0	0	0	0	0	0	0	0
NR_181793.1	GIN-41-MGE-S217	0	0	0	0	0	0	0	0	0
NR_181792.1	GIN-41-MGE-S217	0	0	0	0	0	0	0	0	0
NR_181791.1	GIN-41-MGE-S217	0	0	0	0	0	0	0	0	0
NR_181790.1	GIN-41-MGE-S217	0	0	0	0	0	0	0	0	0
NR_181789.1	GIN-41-MGE-S217	0	0	0	0	0	0	0	0	0
NR_181788.1	GIN-41-MGE-S217	0	0	0	0	0	0	0	0	0
NR_181787.1	GIN-41-MGE-S217	0	0	0	0	0	0	0	0	0
NR_181786.1	GIN-41-MGE-S217	0	0	0	0	0	0	0	0	0
NR_181785.1	GIN-41-MGE-S217	0	0	0	0	0	0	0	0	0
NR_181784.1	GIN-41-MGE-S217	0	0	0	0	0	0	0	0	0
NR_181783.1	GIN-41-MGE-S217	0	0	0	0	0	0	0	0	0
NR_181782.1	GIN-41-MGE-S217	0	0	0	0	0	0	0	0	0
NR_181781.1	GIN-41-MGE-S217	0	0	0	0	0	0	0	0	0
NR_181780.1	GIN-41-MGE-S217	0	0	0	0	0	0	0	0	0
NR_181779.1	GIN-41-MGE-S217	0	0	0	0	0	0	0	0	0
NR_181778.1	GIN-41-MGE-S217	0	0	0	0	0	0	0	0	0
NR_181777.1	GIN-41-MGE-S217	0	0	0	0	0	0	0	0	0
NR_181776.1	GIN-41-MGE-S217	0	0	0	0	0	0	0	0	0
NR_181775.1	GIN-41-MGE-S217	0	0	0	0	0	0	0	0	0
NR_181774.1	GIN-41-MGE-S217	0	0	0	0	0	0	0	0	0
NR_181773.1	GIN-41-MGE-S217	0	0	0	0	0	0	0	0	0
NR_181772.1	GIN-41-MGE-S217	0	0	0	0	0	0	0	0	0
NR_181771.1	GIN-41-MGE-S217	0	0	0	0	0	0	0	0	0
NR_181770.1	GIN-41-MGE-S217	0	0	0	0	0	0	0	0	0
NR_181769.1	GIN-41-MGE-S217	0	0	0	0	0	0	0	0	0
NR_181768.1	GIN-41-MGE-S217	0	0	0	0	0	0	0	0	0
NR_181767.1	GIN-41-MGE-S217	0	0	0	0	0	0	0	0	0
NR_181766.1	GIN-41-MGE-S217	0	0	0	0	0	0	0	0	0
NR_181765.1	GIN-41-MGE-S217	0	0	0	0	0	0	0	0	0
NR_181764.1	GIN-41-MGE-S217	0	0	0	0	0	0	0	0	0
NR_181763.1	GIN-41-MGE-S217	0	0	0	0	0	0	0	0	0
NR_181762.1	GIN-41-MGE-S217	0	0	0	0	0	0	0	0	0
NR_181761.1	GIN-41-MGE-S217	0	0	0	0	0	0	0	0	0
NR_181760.1	GIN-41-MGE-S217	0	0	0	0	0	0	0	0	0
NR_181759.1	GIN-41-MGE-S217	0	0	0	0	0	0	0	0	0
NR_181758.1	GIN-41-MGE-S217	0	0	0	0	0	0	0	0	0
NR_181757.1	GIN-41-MGE-S217	0	0	0	0	0	0	0	0	0
NR_181756.1	GIN-41-MGE-S217	0	0	0	0	0	0	0	0	0
NR_181755.1	GIN-41-MGE-S217	0	0	0	0	0	0	0	0	0
NR_181754.1	GIN-41-MGE-S217	0	0	0	0	0	0	0	0	0
NR_181753.1	GIN-41-MGE-S217	0	0	0	0	0	0	0	0	0
NR_181752.1	GIN-41-MGE-S217	0	0	0	0	0	0	0	0	0
NR_181751.1	GIN-41-MGE-S217	0	0	0	0	0	0	0	0	0
NR_181750.1	GIN-41-MGE-S217	0	0	0	0	0	0	0	0	0
NR_181749.1	GIN-41-MGE-S217	0	0	0	0	0	0	0	0	0
NR_181748.1	GIN-41-MGE-S217	0	0	0	0	0	0	0	0	0
NR_181747.1	GIN-41-MGE-S217	0	0	0	0	0	0	0	0	0
NR_181746.1	GIN-41-MGE-S217	0	0	0	0	0	0	0	0	0
NR_181745.1	GIN-41-MGE-S217	0	0	0	0	0	0	0	0	0
NR_181744.1	GIN-41-MGE-S217	0	0	0	0	0	0	0	0	0
NR_181743.1	GIN-41-MGE-S217	0	0	0	0	0	0	0	0	0
NR_181742.1	GIN-41-MGE-S217	0	0	0	0	0	0	0	0	0
NR_181741.1	GIN-41-MGE-S217	0	0	0	0	0	0	0	0	0
NR_181740.1	GIN-41-MGE-S217	0	0	0	0	0	0	0	0	0
NR_181739.1	GIN-41-MGE-S217	0	0	0	0	0	0	0	0	0
NR_181738.1	GIN-41-MGE-S217	0	0	0	0	0	0	0	0	0
NR_181737.1	GIN-41-MGE-S217	0	0	0	0	0	0	0	0	0
NR_181736.1	GIN-41-MGE-S217	0	0	0	0	0	0	0	0	0
NR_181735.1	GIN-41-MGE-S217	0	0	0	0	0	0	0	0	0
NR_181734.1	GIN-41-MGE-S217	0	0	0	0	0	0	0	0	0
NR_181733.1	GIN-41-MGE-S217	0	0	0	0	0	0	0	0	0
NR_181732.1	GIN-41-MGE-S217	0	0	0	0	0	0	0	0	0
NR_181731.1	GIN-41-MGE-S217	0	0	0	0	0	0	0	0	0
NR_181730.1	GIN-41-MGE-S217	0	0	0	0	0	0	0	0	0
NR_181729.1	GIN-41-MGE-S217	0	0	0	0	0	0	0	0	0
NR_181728.1	GIN-41-MGE-S217	0	0	0	0	0	0	0	0	0
NR_181727.1	GIN-41-MGE-S217	0	0	0	0	0	0	0	0	0
NR_181726.1	GIN-41-MGE-S217	0	0	0	0	0	0	0	0	0
NR_181725.1	GIN-41-MGE-S217	0	0	0	0	0	0	0	0	0
NR_181724.1	GIN-41-MGE-S217	0	0	0	0	0	0	0	0	0
NR_181723.1	GIN-41-MGE-S217	0	0	0	0	0	0	0	0	0
NR_181722.1	GIN-41-MGE-S217	0	0	0	0	0	0	0	0	0
NR_181721.1	GIN-41-MGE-S217	0	0	0	0	0	0	0	0	0
NR_181720.1	GIN-41-MGE-S217	0	0	0	0	0	0	0	0	0
NR_181719.1	GIN-41-MGE-S217	0	0	0	0	0	0	0	0	0
NR_181718.1	GIN-41-MGE-S217	0	0	0	0	0	0	0	0	0
NR_181717.1	GIN-41-MGE-S217	0	0	0	0	0	0	0	0	0
NR_181716.1	GIN-41-MGE-S217	0	0	0	0	0	0	0	0	0
NR_181715.1	GIN-41-MGE-S217	0	0	0	0	0	0	0	0	0
NR_181714.1	GIN-41-MGE-S217	0	0	0	0	0	0	0	0	0
NR_181713.1	GIN-41-MGE-S217	0	0	0	0	0	0	0	0	0
NR_181712.1	GIN-41-MGE-S217	0	0	0	0	0	0	0	0	0
NR_181711.1	GIN-41-MGE-S217	0	0	0	0	0	0	0	0	0
NR_181710.1	GIN-41-MGE-S217	0	0	0	0	0	0	0	0	0
NR_181709.1	GIN-41-MGE-S217	0	0	0	0	0	0	0	0	0
NR_181708.1	GIN-41-MGE-S217	0	0	0	0	0	0	0	0	0
NR_181707.1	GIN-41-MGE-S217	0	0	0	0	0	0	0	0	0
NR_181706.1	GIN-41-MGE-S217	0	0	0	0	0	0	0	0	0
NR_181705.1	GIN-41-MGE-S217	0	0	0	0	0	0	0	0	0
NR_181704.1	GIN-41-MGE-S217	0	0	0	0	0	0	0	0	0
NR_181703.1	GIN-41-MGE-S217	0	0	0	0	0	0	0	0	0
NR_181702.1	GIN-41-MGE-S217	0	0	0	0	0	0	0	0	0
NR_181701.1	GIN-41-MGE-S217	0	0	0	0	0	0	0	0	0
NR_181700.1	GIN-41-MGE-S217	0	0	0	0	0	0	0	0	0
NR_181699.1	GIN-41-MGE-S217	0	0	0	0	0	0	0	0	0
NR_181698.1	GIN-41-MGE-S217	0	0	0	0	0	0	0	0	0
NR_181697.1	GIN-41-MGE-S217	0	0	0	0	0	0	0	0	0
NR_181696.1	GIN-41-MGE-S217	0	0	0	0	0	0	0	0	0
NR_181695.1	GIN-41-MGE-S217	0	0	0	0	0	0	0	0	0
NR_181694.1	GIN-41-MGE-S217	0	0	0	0	0	0	0	0	0
NR_181693.1	GIN-41-MGE-S217	0	0	0	0	0	0	0	0	0
NR_181692.1	GIN-41-MGE-S217	0	0	0	0	0	0	0	0	0
NR_181691.1	GIN-41-MGE-S217	0	0	0	0	0	0	0	0	0
NR_181690.1	GIN-41-MGE-S217	0	0	0	0	0	0	0	0	0
NR_181689.1	GIN-41-MGE-S217	0	0	0	0	0	0	0	0	0
NR_181688.1	GIN-41-MGE-S217	0	0	0	0	0	0	0	0	0
NR_181687.1	GIN-41-MGE-S217	0	0	0	0	0	0	0	0	0
NR_181686.1	GIN-41-MGE-S217	0	0	0	0	0	0	0	0	0
NR_181685.1	GIN-41-MGE-S217	0	0	0	0	0	0	0	0	0
NR_181684.1	GIN-41-MGE-S217	0	0	0	0	0	0	0	0	0
NR_181683.1	GIN-41-MGE-S217	0	0	0	0	0	0	0	0	0
NR_181682.1	GIN-41-MGE-S217	0	0	0	0	0	0	0	0	0
NR_181681.1	GIN-41-MGE-S217	0	0	0	0	0	0	0	0	0
NR_181680.1	GIN-41-MGE-S217	0	0	0	0	0	0	0	0	0
NR_181679.1	GIN-41-MGE-S217	0	0	0	0	0	0	0	0	0
NR_181678.1	GIN-41-MGE-S217	0	0	0	0	0	0	0	0	0
NR_181677.1	GIN-41-MGE-S217	0	0	0	0	0	0	0	0	0
NR_181676.1	GIN-41-MGE-S217	0	0	0	0	0	0	0	0	0
NR_181675.1	GIN-41-MGE-S217	0	0	0	0	0	0	0	0	0
NR_181674.1	GIN-41-MGE-S217	0	0	0	0	0	0	0	0	0
NR_181673.1	GIN-41-MGE-S217	0	0	0	0	0	0	0	0	0
NR_181672.1	GIN-41-MGE-S217	0	0	0	0	0	0	0	0	0
NR_181671.1	GIN-41-MGE-S217	0	0	0	0	0	0	0	0	0
NR_181670.1	GIN-41-MGE-S217	0	0	0	0	0	0	0	0	0
NR_181669.1	GIN-41-MGE-S217	0	0	0	0	0	0	0	0	0
NR_181668.1	GIN-41-MGE-S217	0	0	0	0	0	0	0	0	0
NR_181667.1	GIN-41-MGE-S217	0	0	0	0	0	0	0	0	0
NR_181666.1	GIN-41-MGE-S217	0	0	0	0	0	0	0	0	0
NR_181665.1	GIN-41-MGE-S217	0	0	0	0	0	0	0	0	0
NR_181664.1	GIN-41-MGE-S217	0	0	0	0	0	0	0	0	0
NR_181663.1	GIN-41-MGE-S217	0	0	0	0	0	0	0	0	0
NR_181662.1	GIN-41-MGE-S217	0	0	0	0	0	0	0	0	0
NR_181661.1	GIN-41-MGE-S217	0	0	0	0	0	0	0	0	0
NR_181660.1	GIN-41-MGE-S217	0	0	0	0	0	0	0	0	0
NR_181659.1	GIN-41-MGE-S217	0	0	0	0	0	0	0	0	0
NR_181658.1	GIN-41-MGE-S217	0	0	0	0	0	0	0	0	0
NR_181657.1	GIN-41-MGE-S217	0	0	0	0	0	0	0	0	0
NR_181656.1	GIN-41-MGE-S217	0	0	0	0	0	0	0	0	0
NR_181655.1	GIN-41-MGE-S217	0	0	0	0	0	0	0	0	0
NR_181654.1	GIN-41-MGE-S217	0	0	0	0	0	0	0	0	0
NR_181653.1	GIN-41-MGE-S217	0	0	0	0	0	0	0	0	0
NR_181652.1	GIN-41-MGE-S217	0	0	0	0	0	0	0	0	0
NR_181651.1	GIN-41-MGE-S217	0	0	0	0	0	0	0	0	0
NR_181650.1	GIN-41-MGE-S217	0	0	0	0	0	0	0	0	0
NR_181649.1	GIN-41-MGE-S217	0	0	0	0	0	0	0	0	0
NR_181648.1	GIN-41-MGE-S217	0	0	0	0	0	0	0	0	0
NR_181647.1	GIN-41-MGE-S217	0	0	0	0	0	0	0	0	0
NR_181646.1	GIN-41-MGE-S217	0	0	0	0	0	0	0	0	0
NR_181645.1	GIN-41-MGE-S217	0	0	0	0	0	0	0	0	0
NR_181644.1	GIN-41-MGE-S217	0	0	0	0	0	0	0	0	0
NR_181643.1	GIN-41-MGE-S217	0	0	0	0	0	0	0	0	0
NR_181642.1	GIN-41-MGE-S217	0	0	0	0	0	0	0	0	0
NR_181641.1	GIN-41-MGE-S217	0	0	0	0	0	0	0	0	0
NR_181640.1	GIN-41-MGE-S217	0	0	0	0	0	0	0	0	0
NR_181639.1	GIN-41-MGE-S217	0	0	0	0	0	0	0	0	0
NR_181638.1	GIN-41-MGE-S217	0	0	0	0	0	0	0	0	0
NR_181637.1	GIN-41-MGE-S217	0	0	0	0	0	0	0	0	0
NR_181636.1	GIN-41-MGE-S217	0	0	0	0	0	0	0	0	0
NR_181635.1	GIN-41-MGE-S217	0	0	0	0	0	0	0	0	0
NR_181634.1	GIN-41-MGE-S217	0	0	0	0	0	0	0	0	0
NR_181633.1	GIN-41-MGE-S217	0	0	0	0	0	0	0	0	0
NR_181632.1	GIN-41-MGE-S217	0	0	0	0	0	0	0	0	0
NR_181631.1	GIN-41-MGE-S217	0	0	0	0	0	0	0	0	0
NR_181630.1	GIN-41-MGE-S217	0	0	0	0	0	0	0	0	0
NR_181629.1	GIN-41-MGE-S217	0	0	0	0	0	0	0	0	0
NR_181628.1	GIN-41-MGE-S217	0	0	0	0	0	0	0	0	0
NR_181627.1	GIN-41-MGE-S217	0	0	0	0	0	0	0	0	0
NR_181626.1	GIN-41-MGE-S217	0	0	0	0	0	0	0	0	0
NR_181625.1	GIN-41-MGE-S217	0	0	0	0	0	0	0	0	0
NR_181624.1	GIN-41-MGE-S217	0	0	0	0	0	0	0	0	0
NR_181623.1	GIN-41-MGE-S217	0	0	0	0	0	0	0	0	0
NR_181622.1	GIN-41-MGE-S217	0	0	0	0	0	0	0	0	0
NR_181621.1	GIN-41-MGE-S217	0	0	0	0	0	0	0	0	0
NR_181620.1	GIN-41-MGE-S217	0	0	0	0	0	0	0	0	0
NR_181619.1	GIN-41-MGE-S217	0	0	0	0	0	0	0	0	0
NR_181618.1	GIN-41-MGE-S217	0	0	0	0	0	0	0	0	0
NR_181617.1	GIN-41-MGE-S217	0	0	0	0	0	0	0	0	0
NR_181616.1	GIN-41-MGE-S217	0	0	0	0	0	0	0	0	0
NR_181615.1	GIN-41-MGE-S217	0	0	0	0	0	0	0	0	0
NR_181614.1	GIN-41-MGE-S217	0	0	0	0	0	0	0	0	0
NR_181613.1	GIN-41-MGE-S217	0	0	0	0	0	0	0	0	0
NR_181612.1	GIN-41-MGE-S217	0	0	0	0	0	0	0	0	0
NR_181611.1	GIN-41-MGE-S217	0	0	0	0	0	0	0	0	0
NR_181610.1	GIN-41-MGE-S217	0	0	0	0	0	0	0	0	0
NR_181609.1	GIN-41-MGE-S217	0	0	0	0	0	0	0	0	0
NR_181608.1	GIN-41-MGE-S217	0	0	0	0	0	0	0	0	0
NR_181607.1	GIN-41-MGE-S217	0	0	0	0	0	0	0	0	0
NR_181606.1	GIN-41-MGE-S217	0	0	0	0	0	0	0	0	0
NR_181605.1	GIN-41-MGE-S217	0	0	0	0	0	0	0	0	0
NR_181604.1	GIN-41-MGE-S217	0	0	0	0	0	0	0	0	0
NR_181603.1	GIN-41-MGE-S217	0	0	0	0	0	0	0	0	0
NR_181602.1	GIN-41-MGE-S217	0	0	0	0	0	0	0	0	0
NR_181601.1	GIN-41-MGE-S217	0	0	0	0	0	0	0	0	0
NR_181600.1	GIN-41-MGE-S217	0	0	0	0	0	0	0	0	0
NR_181599.1	GIN-41-MGE-S217	0	0	0	0	0	0	0	0	0
NR_181598.1	GIN-41-MGE-S217	0	0	0	0	0	0	0	0	0
NR_181597.1	GIN-41-MGE-S217	0	0	0	0	0	0	0	0	0
NR_181596.1	GIN-41-MGE-S217	0	0	0	0	0	0	0	0	0
NR_181595.1	GIN-41-MGE-S217	0	0	0	0	0	0	0	0	0
NR_181594.1	GIN-41-MGE-S217	0	0	0	0	0	0	0	0	0
NR_181593.1	GIN-41-MGE-S217	0	0	0	0	0	0	0	0	0
NR_181592.1	GIN-41-MGE-S217	0	0	0	0	0	0	0	0	0
NR_181591.1	GIN-41-MGE-S217	0	0	0	0	0	0	0	0	0
NR_181590.1	GIN-41-MGE-S217	0	0	0	0	0	0	0	0	0
NR_181589.1	GIN-41-MGE-S217	0	0	0	0	0	0	0	0	0
NR_181588.1	GIN-41-MGE-S217	0	0	0	0	0	0	0	0	0
NR_181587.1	GIN-41-MGE-S217	0	0	0	0	0	0	0	0	0
NR_181586.1	GIN-41-MGE-S217	0	0	0	0	0	0	0	0	0
NR_181585.1	GIN-41-MGE-S217	0	0	0	0	0	0	0	0	0
NR_181584.1	GIN-41-MGE-S217	0	0	0	0	0	0	0	0	0
NR_181583.1	GIN-41-MGE-S217	0	0	0	0	0	0	0	0	0
NR_181582.1	GIN-41-MGE-S217	0	0	0	0	0	0	0	0	0
NR_181581.1	GIN-41-MGE-S217	0	0	0	0	0	0	0	0	0
NR_181580.1	GIN-41-MGE-S217	0	0	0	0	0	0	0	0	0
NR_181579.1	GIN-41-MGE-S217	0	0	0	0	0	0	0	0	0
NR_181578.1	GIN-41-MGE-S217	0	0	0	0	0	0	0	0	0
NR_181577.1	GIN-41-MGE-S217	0	0	0	0	0	0	0	0	0
NR_181576.1	GIN-41-MGE-S217	0	0	0	0	0	0	0	0	0
NR_181575.1	GIN-41-MGE-S217	0	0	0	0	0	0	0	0	0
NR_181574.1	GIN-41-MGE-S217	0	0	0	0	0	0	0	0	0
NR_181573.1	GIN-41-MGE-S217	0	0	0	0	0	0	0	0	0
NR_181572.1	GIN-41-MGE-S217	0	0	0	0	0	0	0	0	0
NR_181571.1	GIN-41-MGE-S217	0	0	0	0	0	0	0	0	0
NR_181570.1	GIN-41-MGE-S217	0	0	0	0	0	0	0	0	0
NR_181569.1	GIN-41-MGE-S217	0	0	0	0	0	0	0	0	0
NR_181568.1	GIN-41-MGE-S217	0	0	0	0	0	0	0	0	0
NR_181567.1	GIN-41-MGE-S217	0	0	0	0	0	0	0	0	0
NR_181566.1	GIN-41-MGE-S217	0	0	0	0	0	0	0	0	0
NR_181565.1	GIN-41-MGE-S217	0	0	0	0	0	0	0	0	0
NR_181564.1	GIN-41-MGE-S217	0	0	0	0	0	0	0	0	0
NR_181563.1	GIN-41-MGE-S217	0	0	0	0	0	0	0	0	0
NR_181562.1	GIN-41-MGE-S217	0	0	0	0	0	0	0	0	0
NR_181561.1	GIN-41-MGE-S217	0	0	0	0	0	0	0	0	0
NR_181560.1	GIN-41-MGE-S217	0	0	0	0	0	0	0	0	0
NR_181559.1	GIN-41-MGE-S217	0	0	0	0	0	0	0	0	0
NR_181558.1	GIN-41-MGE-S217	0	0	0	0	0	0	0	0	0
NR_181557.1	GIN-41-MGE-S217	0	0	0	0	0	0	0	0	0
NR_181556.1	GIN-41-MGE-S217	0	0	0	0	0	0	0	0	0
NR_181555.1	GIN-41-MGE-S217	0	0	0	0	0	0	0	0	0
NR_181554.1	GIN-41-MGE-S217	0	0	0	0	0	0	0	0	0
NR_181553.1	GIN-41-MGE-S217	0	0	0	0	0	0	0	0	0
NR_181552.1	GIN-41-MGE-S217	0	0	0	0	0	0	0	0	0
NR_181551.1	GIN-41-MGE-S217	0	0	0	0	0	0	0	0	0
NR_181550.1	GIN-41-MGE-S217	0	0	0	0	0	0	0	0	0
NR_181549.1	GIN-41-MGE-S217	0	0	0	0	0	0	0	0	0
NR_181548.1	GIN-41-MGE-S217	0	0	0	0	0	0	0	0	0
NR_181547.1	GIN-41-MGE-S217	0	0	0	0	0	0	0	0	0
NR_181546.1	GIN-41-MGE-S217	0	0	0	0	0	0	0	0	0
NR_181545.1	GIN-41-MGE-S217	0	0	0	0	0	0	0	0	0
NR_181544.1	GIN-41-MGE-S217	0	0	0	0	0	0	0	0	0
NR_181543.1	GIN-41-MGE-S217	0	0	0	0	0	0	0	0	0
NR_181542.1	GIN-41-MGE-S217	0	0	0	0	0	0	0	0	0
NR_181541.1	GIN-41-MGE-S217	0	0	0	0	0	0	0	0	0
NR_181540.1	GIN-41-MGE-S217	0	0	0	0	0	0	0	0	0
NR_181539.1	GIN-41-MGE-S217	0	0	0	0	0	0	0	0	0
NR_181538.1	GIN-41-MGE-S217	0	0	0	0	0	0	0	0	0
NR_181537.1	GIN-41-MGE-S217	0	0	0	0	0	0	0	0	0
NR_181536.1	GIN-41-MGE-S217	0	0	0	0	0	0	0	0	0
NR_181535.1	GIN-41-MGE-S217	0	0	0	0	0	0	0	0	0
NR_181534.1	GIN-41-MGE-S217	0	0	0	0	0	0	0	0	0
NR_181533.1	GIN-41-MGE-S217	0	0	0	0	0	0	0	0	0
NR_181532.1	GIN-41-MGE-S217	2	2	0	0	0	0	0	0	0
NR_181531.1	GIN-41-MGE-S217	0	0	0	0	0	0	0	0	0
NR_181530.1	GIN-41-MGE-S217	0	0	0	0	0	0	0	0	0
NR_181529.1	GIN-41-MGE-S217	0	0	0	0	0	0	0	0	0
NR_181528.1	GIN-41-MGE-S217	0	0	0	0	0	0	0	0	0
NR_181527.1	GIN-41-MGE-S217	0	0	0	0	0	0	0	0	0
NR_181526.1	GIN-41-MGE-S217	0	0	0	0	0	0	0	0	0
NR_181525.1	GIN-41-MGE-S217	0	0	0	0	0	0	0	0	0
NR_181524.1	GIN-41-MGE-S217	0	0	0	0	0	0	0	0	0
NR_181523.1	GIN-41-MGE-S217	0	0	0	0	0	0	0	0	0
NR_181522.1	GIN-41-MGE-S217	0	0	0	0	0	0	0	0	0
NR_181521.1	GIN-41-MGE-S217	0	0	0	0	0	0	0	0	0
NR_181520.1	GIN-41-MGE-S217	0	0	0	0	0	0	0	0	0
NR_181519.1	GIN-41-MGE-S217	0	0	0	0	0	0	0	0	0
NR_181518.1	GIN-41-MGE-S217	0	0	0	0	0	0	0	0	0
NR_181517.1	GIN-41-MGE-S217	0	0	0	0	0	0	0	0	0
NR_181516.1	GIN-41-MGE-S217	0	0	0	0	0	0	0	0	0
NR_181514.1	GIN-41-MGE-S217	0	0	0	0	0	0	0	0	0
NR_181513.1	GIN-41-MGE-S217	0	0	0	0	0	0	0	0	0
NR_181510.1	GIN-41-MGE-S217	0	0	0	0	0	0	0	0	0
NR_181509.1	GIN-41-MGE-S217	0	0	0	0	0	0	0	0	0
NR_181508.1	GIN-41-MGE-S217	0	0	0	0	0	0	0	0	0
NR_181507.1	GIN-41-MGE-S217	0	0	0	0	0	0	0	0	0
NR_181506.1	GIN-41-MGE-S217	0	0	0	0	0	0	0	0	0
NR_181505.1	GIN-41-MGE-S217	0	0	0	0	0	0	0	0	0
NR_181504.1	GIN-41-MGE-S217	0	0	0	0	0	0	0	0	0
NR_181503.1	GIN-41-MGE-S217	0	0	0	0	0	0	0	0	0
NR_181502.1	GIN-41-MGE-S217	0	0	0	0	0	0	0	0	0
NR_181501.1	GIN-41-MGE-S217	0	0	0	0	0	0	0	0	0
NR_181500.1	GIN-41-MGE-S217	0	0	0	0	0	0	0	0	0
NR_181499.1	GIN-41-MGE-S217	0	0	0	0	0	0	0	0	0
NR_181498.1	GIN-41-MGE-S217	0	0	0	0	0	0	0	0	0
NR_181497.1	GIN-41-MGE-S217	0	0	0	0	0	0	0	0	0
NR_181496.1	GIN-41-MGE-S217	0	0	0	0	0	0	0	0	0
NR_181495.1	GIN-41-MGE-S217	0	0	0	0	0	0	0	0	0
NR_181494.1	GIN-41-MGE-S217	0	0	0	0	0	0	0	0	0
NR_181493.1	GIN-41-MGE-S217	0	0	0	0	0	0	0	0	0
NR_181492.1	GIN-41-MGE-S217	0	0	0	0	0	0	0	0	0
NR_181491.1	GIN-41-MGE-S217	0	0	0	0	0	0	0	0	0
NR_181490.1	GIN-41-MGE-S217	0	0	0	0	0	0	0	0	0
NR_181489.1	GIN-41-MGE-S217	0	0	0	0	0	0	0	0	0
NR_181488.1	GIN-41-MGE-S217	0	0	0	0	0	0	0	0	0
NR_181487.1	GIN-41-MGE-S217	0	0	0	0	0	0	0	0	0
NR_181486.1	GIN-41-MGE-S217	0	0	0	0	0	0	0	0	0
NR_181485.1	GIN-41-MGE-S217	0	0	0	0	0	0	0	0	0
NR_181484.1	GIN-41-MGE-S217	0	0	0	0	0	0	0	0	0
NR_181483.1	GIN-41-MGE-S217	0	0	0	0	0	0	0	0	0
NR_181482.1	GIN-41-MGE-S217	0	0	0	0	0	0	0	0	0
NR_181481.1	GIN-41-MGE-S217	0	0	0	0	0	0	0	0	0
NR_181480.1	GIN-41-MGE-S217	0	0	0	0	0	0	0	0	0
NR_181479.1	GIN-41-MGE-S217	0	0	0	0	0	0	0	0	0
NR_181478.1	GIN-41-MGE-S217	0	0	0	0	0	0	0	0	0
NR_181477.1	GIN-41-MGE-S217	0	0	0	0	0	0	0	0	0
NR_181476.1	GIN-41-MGE-S217	0	0	0	0	0	0	0	0	0
NR_181475.1	GIN-41-MGE-S217	0	0	0	0	0	0	0	0	0
NR_181474.1	GIN-41-MGE-S217	0	0	0	0	0	0	0	0	0
NR_181473.1	GIN-41-MGE-S217	0	0	0	0	0	0	0	0	0
NR_181472.1	GIN-41-MGE-S217	0	0	0	0	0	0	0	0	0
NR_181471.1	GIN-41-MGE-S217	0	0	0	0	0	0	0	0	0
NR_181470.1	GIN-41-MGE-S217	0	0	0	0	0	0	0	0	0
NR_181469.1	GIN-41-MGE-S217	0	0	0	0	0	0	0	0	0
NR_181468.1	GIN-41-MGE-S217	0	0	0	0	0	0	0	0	0
NR_181467.1	GIN-41-MGE-S217	0	0	0	0	0	0	0	0	0
NR_181466.1	GIN-41-MGE-S217	0	0	0	0	0	0	0	0	0
NR_181465.1	GIN-41-MGE-S217	0	0	0	0	0	0	0	0	0
NR_181464.1	GIN-41-MGE-S217	0	0	0	0	0	0	0	0	0
NR_181463.1	GIN-41-MGE-S217	0	0	0	0	0	0	0	0	0
NR_181462.1	GIN-41-MGE-S217	0	0	0	0	0	0	0	0	0
NR_181461.1	GIN-41-MGE-S217	0	0	0	0	0	0	0	0	0
NR_181460.1	GIN-41-MGE-S217	0	0	0	0	0	0	0	0	0
NR_181459.1	GIN-41-MGE-S217	0	0	0	0	0	0	0	0	0
NR_181458.1	GIN-41-MGE-S217	0	0	0	0	0	0	0	0	0
NR_181457.1	GIN-41-MGE-S217	0	0	0	0	0	0	0	0	0
NR_181456.1	GIN-41-MGE-S217	0	0	0	0	0	0	0	0	0
NR_181453.1	GIN-41-MGE-S217	0	0	0	0	0	0	0	0	0
NR_181452.1	GIN-41-MGE-S217	0	0	0	0	0	0	0	0	0
NR_181451.1	GIN-41-MGE-S217	0	0	0	0	0	0	0	0	0
NR_181450.1	GIN-41-MGE-S217	0	0	0	0	0	0	0	0	0
NR_181449.1	GIN-41-MGE-S217	0	0	0	0	0	0	0	0	0
NR_181448.1	GIN-41-MGE-S217	0	0	0	0	0	0	0	0	0
NR_181447.1	GIN-41-MGE-S217	0	0	0	0	0	0	0	0	0
NR_181446.1	GIN-41-MGE-S217	0	0	0	0	0	0	0	0	0
NR_181445.1	GIN-41-MGE-S217	0	0	0	0	0	0	0	0	0
NR_181444.1	GIN-41-MGE-S217	0	0	0	0	0	0	0	0	0
NR_181443.1	GIN-41-MGE-S217	0	0	0	0	0	0	0	0	0
NR_181442.1	GIN-41-MGE-S217	0	0	0	0	0	0	0	0	0
NR_181441.1	GIN-41-MGE-S217	0	0	0	0	0	0	0	0	0
NR_181440.1	GIN-41-MGE-S217	0	0	0	0	0	0	0	0	0
NR_181439.1	GIN-41-MGE-S217	0	0	0	0	0	0	0	0	0
NR_181438.1	GIN-41-MGE-S217	0	0	0	0	0	0	0	0	0
NR_181437.1	GIN-41-MGE-S217	0	0	0	0	0	0	0	0	0
NR_181436.1	GIN-41-MGE-S217	0	0	0	0	0	0	0	0	0
NR_181435.1	GIN-41-MGE-S217	0	0	0	0	0	0	0	0	0
NR_181434.1	GIN-41-MGE-S217	0	0	0	0	0	0	0	0	0
NR_181433.1	GIN-41-MGE-S217	0	0	0	0	0	0	0	0	0
NR_181432.1	GIN-41-MGE-S217	0	0	0	0	0	0	0	0	0
NR_181431.1	GIN-41-MGE-S217	0	0	0	0	0	0	0	0	0
NR_181430.1	GIN-41-MGE-S217	0	0	0	0	0	0	0	0	0
NR_181429.1	GIN-41-MGE-S217	0	0	0	0	0	0	0	0	0
NR_181428.1	GIN-41-MGE-S217	0	0	0	0	0	0	0	0	0
NR_181427.1	GIN-41-MGE-S217	0	0	0	0	0	0	0	0	0
NR_181426.1	GIN-41-MGE-S217	0	0	0	0	0	0	0	0	0
NR_181425.1	GIN-41-MGE-S217	0	0	0	0	0	0	0	0	0
NR_181424.1	GIN-41-MGE-S217	0	0	0	0	0	0	0	0	0
NR_181423.1	GIN-41-MGE-S217	0	0	0	0	0	0	0	0	0
NR_181422.1	GIN-41-MGE-S217	0	0	0	0	0	0	0	0	0
NR_181421.1	GIN-41-MGE-S217	0	0	0	0	0	0	0	0	0
NR_181420.1	GIN-41-MGE-S217	0	0	0	0	0	0	0	0	0
NR_181419.1	GIN-41-MGE-S217	0	0	0	0	0	0	0	0	0
NR_181418.1	GIN-41-MGE-S217	0	0	0	0	0	0	0	0	0
NR_181417.1	GIN-41-MGE-S217	0	0	0	0	0	0	0	0	0
NR_181416.1	GIN-41-MGE-S217	0	0	0	0	0	0	0	0	0
NR_181415.1	GIN-41-MGE-S217	0	0	0	0	0	0	0	0	0
NR_181414.1	GIN-41-MGE-S217	0	0	0	0	0	0	0	0	0
NR_181413.1	GIN-41-MGE-S217	0	0	0	0	0	0	0	0	0
NR_181412.1	GIN-41-MGE-S217	0	0	0	0	0	0	0	0	0
NR_181411.1	GIN-41-MGE-S217	0	0	0	0	0	0	0	0	0
NR_181410.1	GIN-41-MGE-S217	0	0	0	0	0	0	0	0	0
NR_181409.1	GIN-41-MGE-S217	0	0	0	0	0	0	0	0	0
NR_181408.1	GIN-41-MGE-S217	0	0	0	0	0	0	0	0	0
NR_181407.1	GIN-41-MGE-S217	0	0	0	0	0	0	0	0	0
NR_181406.1	GIN-41-MGE-S217	0	0	0	0	0	0	0	0	0
NR_181405.1	GIN-41-MGE-S217	0	0	0	0	0	0	0	0	0
NR_181404.1	GIN-41-MGE-S217	0	0	0	0	0	0	0	0	0
NR_181403.1	GIN-41-MGE-S217	0	0	0	0	0	0	0	0	0
NR_181402.1	GIN-41-MGE-S217	0	0	0	0	0	0	0	0	0
NR_181401.1	GIN-41-MGE-S217	0	0	0	0	0	0	0	0	0
NR_181400.1	GIN-41-MGE-S217	0	0	0	0	0	0	0	0	0
NR_181399.1	GIN-41-MGE-S217	0	0	0	0	0	0	0	0	0
NR_181398.1	GIN-41-MGE-S217	33	33	0	0	0	0	0	0	0
NR_181397.1	GIN-41-MGE-S217	0	0	0	0	0	0	0	0	0
NR_181396.1	GIN-41-MGE-S217	0	0	0	0	0	0	0	0	0
NR_181395.1	GIN-41-MGE-S217	0	0	0	0	0	0	0	0	0
NR_181394.1	GIN-41-MGE-S217	0	0	0	0	0	0	0	0	0
NR_181393.1	GIN-41-MGE-S217	0	0	0	0	0	0	0	0	0
NR_181392.1	GIN-41-MGE-S217	0	0	0	0	0	0	0	0	0
NR_181391.1	GIN-41-MGE-S217	0	0	0	0	0	0	0	0	0
NR_181390.1	GIN-41-MGE-S217	0	0	0	0	0	0	0	0	0
NR_181389.1	GIN-41-MGE-S217	0	0	0	0	0	0	0	0	0
NR_181388.1	GIN-41-MGE-S217	0	0	0	0	0	0	0	0	0
NR_181387.1	GIN-41-MGE-S217	0	0	0	0	0	0	0	0	0
NR_181386.1	GIN-41-MGE-S217	0	0	0	0	0	0	0	0	0
NR_181385.1	GIN-41-MGE-S217	0	0	0	0	0	0	0	0	0
NR_181384.1	GIN-41-MGE-S217	0	0	0	0	0	0	0	0	0
NR_181383.1	GIN-41-MGE-S217	0	0	0	0	0	0	0	0	0
NR_181382.1	GIN-41-MGE-S217	0	0	0	0	0	0	0	0	0
NR_181381.1	GIN-41-MGE-S217	0	0	0	0	0	0	0	0	0
NR_181380.1	GIN-41-MGE-S217	0	0	0	0	0	0	0	0	0
NR_181379.1	GIN-41-MGE-S217	0	0	0	0	0	0	0	0	0
NR_181378.1	GIN-41-MGE-S217	0	0	0	0	0	0	0	0	0
NR_181377.1	GIN-41-MGE-S217	0	0	0	0	0	0	0	0	0
NR_181376.1	GIN-41-MGE-S217	0	0	0	0	0	0	0	0	0
NR_181375.1	GIN-41-MGE-S217	0	0	0	0	0	0	0	0	0
NR_181374.1	GIN-41-MGE-S217	0	0	0	0	0	0	0	0	0
NR_181373.1	GIN-41-MGE-S217	0	0	0	0	0	0	0	0	0
NR_181372.1	GIN-41-MGE-S217	0	0	0	0	0	0	0	0	0
NR_181371.1	GIN-41-MGE-S217	0	0	0	0	0	0	0	0	0
NR_181370.1	GIN-41-MGE-S217	0	0	0	0	0	0	0	0	0
NR_181369.1	GIN-41-MGE-S217	0	0	0	0	0	0	0	0	0
NR_181368.1	GIN-41-MGE-S217	0	0	0	0	0	0	0	0	0
NR_181367.1	GIN-41-MGE-S217	0	0	0	0	0	0	0	0	0
NR_181366.1	GIN-41-MGE-S217	0	0	0	0	0	0	0	0	0
NR_181365.1	GIN-41-MGE-S217	0	0	0	0	0	0	0	0	0
NR_181364.1	GIN-41-MGE-S217	0	0	0	0	0	0	0	0	0
NR_181363.1	GIN-41-MGE-S217	0	0	0	0	0	0	0	0	0
NR_181362.1	GIN-41-MGE-S217	0	0	0	0	0	0	0	0	0
NR_181361.1	GIN-41-MGE-S217	0	0	0	0	0	0	0	0	0
NR_181360.1	GIN-41-MGE-S217	0	0	0	0	0	0	0	0	0
NR_181359.1	GIN-41-MGE-S217	0	0	0	0	0	0	0	0	0
NR_181358.1	GIN-41-MGE-S217	0	0	0	0	0	0	0	0	0
NR_181357.1	GIN-41-MGE-S217	0	0	0	0	0	0	0	0	0
NR_181356.1	GIN-41-MGE-S217	0	0	0	0	0	0	0	0	0
NR_181355.1	GIN-41-MGE-S217	0	0	0	0	0	0	0	0	0
NR_181354.1	GIN-41-MGE-S217	0	0	0	0	0	0	0	0	0
NR_181353.1	GIN-41-MGE-S217	0	0	0	0	0	0	0	0	0
NR_181352.1	GIN-41-MGE-S217	0	0	0	0	0	0	0	0	0
NR_181351.1	GIN-41-MGE-S217	0	0	0	0	0	0	0	0	0
NR_181350.1	GIN-41-MGE-S217	0	0	0	0	0	0	0	0	0
NR_181349.1	GIN-41-MGE-S217	0	0	0	0	0	0	0	0	0
NR_181348.1	GIN-41-MGE-S217	0	0	0	0	0	0	0	0	0
NR_181347.1	GIN-41-MGE-S217	0	0	0	0	0	0	0	0	0
NR_181346.1	GIN-41-MGE-S217	0	0	0	0	0	0	0	0	0
NR_181345.1	GIN-41-MGE-S217	0	0	0	0	0	0	0	0	0
NR_181344.1	GIN-41-MGE-S217	0	0	0	0	0	0	0	0	0
NR_181343.1	GIN-41-MGE-S217	0	0	0	0	0	0	0	0	0
NR_181342.1	GIN-41-MGE-S217	0	0	0	0	0	0	0	0	0
NR_181341.1	GIN-41-MGE-S217	0	0	0	0	0	0	0	0	0
NR_181340.1	GIN-41-MGE-S217	0	0	0	0	0	0	0	0	0
NR_181339.1	GIN-41-MGE-S217	0	0	0	0	0	0	0	0	0
NR_181338.1	GIN-41-MGE-S217	0	0	0	0	0	0	0	0	0
NR_181337.1	GIN-41-MGE-S217	0	0	0	0	0	0	0	0	0
NR_181336.1	GIN-41-MGE-S217	0	0	0	0	0	0	0	0	0
NR_181335.1	GIN-41-MGE-S217	0	0	0	0	0	0	0	0	0
NR_181334.1	GIN-41-MGE-S217	0	0	0	0	0	0	0	0	0
NR_181333.1	GIN-41-MGE-S217	0	0	0	0	0	0	0	0	0
NR_181332.1	GIN-41-MGE-S217	0	0	0	0	0	0	0	0	0
NR_181331.1	GIN-41-MGE-S217	0	0	0	0	0	0	0	0	0
NR_181330.1	GIN-41-MGE-S217	0	0	0	0	0	0	0	0	0
NR_181329.1	GIN-41-MGE-S217	0	0	0	0	0	0	0	0	0
NR_181328.1	GIN-41-MGE-S217	0	0	0	0	0	0	0	0	0
NR_181327.1	GIN-41-MGE-S217	0	0	0	0	0	0	0	0	0
NR_181326.1	GIN-41-MGE-S217	0	0	0	0	0	0	0	0	0
NR_181325.1	GIN-41-MGE-S217	0	0	0	0	0	0	0	0	0
NR_181324.1	GIN-41-MGE-S217	0	0	0	0	0	0	0	0	0
NR_181323.1	GIN-41-MGE-S217	0	0	0	0	0	0	0	0	0
NR_181322.1	GIN-41-MGE-S217	0	0	0	0	0	0	0	0	0
NR_181321.1	GIN-41-MGE-S217	0	0	0	0	0	0	0	0	0
NR_181320.1	GIN-41-MGE-S217	0	0	0	0	0	0	0	0	0
NR_181319.1	GIN-41-MGE-S217	0	0	0	0	0	0	0	0	0
NR_181318.1	GIN-41-MGE-S217	0	0	0	0	0	0	0	0	0
NR_181317.1	GIN-41-MGE-S217	0	0	0	0	0	0	0	0	0
NR_181316.1	GIN-41-MGE-S217	0	0	0	0	0	0	0	0	0
NR_181315.1	GIN-41-MGE-S217	0	0	0	0	0	0	0	0	0
NR_181314.1	GIN-41-MGE-S217	0	0	0	0	0	0	0	0	0
NR_181313.1	GIN-41-MGE-S217	0	0	0	0	0	0	0	0	0
NR_181312.1	GIN-41-MGE-S217	0	0	0	0	0	0	0	0	0
NR_181311.1	GIN-41-MGE-S217	0	0	0	0	0	0	0	0	0
NR_181310.1	GIN-41-MGE-S217	0	0	0	0	0	0	0	0	0
NR_181309.1	GIN-41-MGE-S217	0	0	0	0	0	0	0	0	0
NR_181308.1	GIN-41-MGE-S217	0	0	0	0	0	0	0	0	0
NR_181307.1	GIN-41-MGE-S217	0	0	0	0	0	0	0	0	0
NR_181306.1	GIN-41-MGE-S217	0	0	0	0	0	0	0	0	0
NR_181305.1	GIN-41-MGE-S217	0	0	0	0	0	0	0	0	0
NR_181304.1	GIN-41-MGE-S217	0	0	0	0	0	0	0	0	0
NR_181303.1	GIN-41-MGE-S217	0	0	0	0	0	0	0	0	0
NR_181302.1	GIN-41-MGE-S217	0	0	0	0	0	0	0	0	0
NR_181301.1	GIN-41-MGE-S217	0	0	0	0	0	0	0	0	0
NR_181300.1	GIN-41-MGE-S217	0	0	0	0	0	0	0	0	0
NR_181299.1	GIN-41-MGE-S217	0	0	0	0	0	0	0	0	0
NR_181298.1	GIN-41-MGE-S217	0	0	0	0	0	0	0	0	0
NR_181297.1	GIN-41-MGE-S217	0	0	0	0	0	0	0	0	0
NR_181296.1	GIN-41-MGE-S217	0	0	0	0	0	0	0	0	0
NR_181295.1	GIN-41-MGE-S217	0	0	0	0	0	0	0	0	0
NR_181294.1	GIN-41-MGE-S217	0	0	0	0	0	0	0	0	0
NR_181293.1	GIN-41-MGE-S217	0	0	0	0	0	0	0	0	0
NR_181292.1	GIN-41-MGE-S217	0	0	0	0	0	0	0	0	0
NR_181291.1	GIN-41-MGE-S217	0	0	0	0	0	0	0	0	0
NR_181290.1	GIN-41-MGE-S217	0	0	0	0	0	0	0	0	0
NR_181289.1	GIN-41-MGE-S217	0	0	0	0	0	0	0	0	0
NR_181288.1	GIN-41-MGE-S217	0	0	0	0	0	0	0	0	0
NR_181287.1	GIN-41-MGE-S217	0	0	0	0	0	0	0	0	0
NR_181286.1	GIN-41-MGE-S217	0	0	0	0	0	0	0	0	0
NR_181285.1	GIN-41-MGE-S217	0	0	0	0	0	0	0	0	0
NR_181284.1	GIN-41-MGE-S217	0	0	0	0	0	0	0	0	0
NR_181283.1	GIN-41-MGE-S217	0	0	0	0	0	0	0	0	0
NR_181282.1	GIN-41-MGE-S217	0	0	0	0	0	0	0	0	0
NR_181281.1	GIN-41-MGE-S217	0	0	0	0	0	0	0	0	0
NR_181280.1	GIN-41-MGE-S217	0	0	0	0	0	0	0	0	0
NR_181279.1	GIN-41-MGE-S217	0	0	0	0	0	0	0	0	0
NR_181278.1	GIN-41-MGE-S217	0	0	0	0	0	0	0	0	0
NR_181277.1	GIN-41-MGE-S217	0	0	0	0	0	0	0	0	0
NR_181276.1	GIN-41-MGE-S217	0	0	0	0	0	0	0	0	0
NR_181275.1	GIN-41-MGE-S217	0	0	0	0	0	0	0	0	0
NR_181274.1	GIN-41-MGE-S217	0	0	0	0	0	0	0	0	0
NR_181273.1	GIN-41-MGE-S217	0	0	0	0	0	0	0	0	0
NR_181272.1	GIN-41-MGE-S217	0	0	0	0	0	0	0	0	0
NR_181271.1	GIN-41-MGE-S217	0	0	0	0	0	0	0	0	0
NR_181270.1	GIN-41-MGE-S217	0	0	0	0	0	0	0	0	0
NR_181269.1	GIN-41-MGE-S217	0	0	0	0	0	0	0	0	0
NR_181268.1	GIN-41-MGE-S217	0	0	0	0	0	0	0	0	0
NR_181267.1	GIN-41-MGE-S217	0	0	0	0	0	0	0	0	0
NR_181266.1	GIN-41-MGE-S217	0	0	0	0	0	0	0	0	0
NR_181265.1	GIN-41-MGE-S217	0	0	0	0	0	0	0	0	0
NR_181264.1	GIN-41-MGE-S217	0	0	0	0	0	0	0	0	0
NR_181263.1	GIN-41-MGE-S217	0	0	0	0	0	0	0	0	0
NR_181262.1	GIN-41-MGE-S217	0	0	0	0	0	0	0	0	0
NR_181261.1	GIN-41-MGE-S217	0	0	0	0	0	0	0	0	0
NR_181260.1	GIN-41-MGE-S217	0	0	0	0	0	0	0	0	0
NR_181259.1	GIN-41-MGE-S217	0	0	0	0	0	0	0	0	0
NR_181258.1	GIN-41-MGE-S217	0	0	0	0	0	0	0	0	0
NR_181257.1	GIN-41-MGE-S217	0	0	0	0	0	0	0	0	0
NR_181256.1	GIN-41-MGE-S217	0	0	0	0	0	0	0	0	0
NR_181255.1	GIN-41-MGE-S217	0	0	0	0	0	0	0	0	0
NR_181254.1	GIN-41-MGE-S217	0	0	0	0	0	0	0	0	0
NR_181253.1	GIN-41-MGE-S217	0	0	0	0	0	0	0	0	0
NR_181252.1	GIN-41-MGE-S217	0	0	0	0	0	0	0	0	0
NR_181251.1	GIN-41-MGE-S217	0	0	0	0	0	0	0	0	0
NR_181250.1	GIN-41-MGE-S217	0	0	0	0	0	0	0	0	0
NR_181249.1	GIN-41-MGE-S217	0	0	0	0	0	0	0	0	0
NR_181248.1	GIN-41-MGE-S217	0	0	0	0	0	0	0	0	0
NR_181247.1	GIN-41-MGE-S217	0	0	0	0	0	0	0	0	0
NR_181246.1	GIN-41-MGE-S217	0	0	0	0	0	0	0	0	0
NR_181245.1	GIN-41-MGE-S217	0	0	0	0	0	0	0	0	0
NR_181244.1	GIN-41-MGE-S217	0	0	0	0	0	0	0	0	0
NR_181243.1	GIN-41-MGE-S217	0	0	0	0	0	0	0	0	0
NR_181242.1	GIN-41-MGE-S217	0	0	0	0	0	0	0	0	0
NR_181241.1	GIN-41-MGE-S217	0	0	0	0	0	0	0	0	0
NR_181240.1	GIN-41-MGE-S217	0	0	0	0	0	0	0	0	0
NR_181239.1	GIN-41-MGE-S217	0	0	0	0	0	0	0	0	0
NR_181238.1	GIN-41-MGE-S217	0	0	0	0	0	0	0	0	0
NR_181237.1	GIN-41-MGE-S217	0	0	0	0	0	0	0	0	0
NR_181236.1	GIN-41-MGE-S217	0	0	0	0	0	0	0	0	0
NR_181235.1	GIN-41-MGE-S217	0	0	0	0	0	0	0	0	0
NR_181234.1	GIN-41-MGE-S217	0	0	0	0	0	0	0	0	0
NR_181233.1	GIN-41-MGE-S217	0	0	0	0	0	0	0	0	0
NR_181232.1	GIN-41-MGE-S217	0	0	0	0	0	0	0	0	0
NR_181231.1	GIN-41-MGE-S217	0	0	0	0	0	0	0	0	0
NR_181230.1	GIN-41-MGE-S217	0	0	0	0	0	0	0	0	0
NR_181229.1	GIN-41-MGE-S217	0	0	0	0	0	0	0	0	0
NR_181228.1	GIN-41-MGE-S217	0	0	0	0	0	0	0	0	0
NR_181227.1	GIN-41-MGE-S217	0	0	0	0	0	0	0	0	0
NR_181226.1	GIN-41-MGE-S217	0	0	0	0	0	0	0	0	0
NR_181225.1	GIN-41-MGE-S217	0	0	0	0	0	0	0	0	0
NR_181224.1	GIN-41-MGE-S217	0	0	0	0	0	0	0	0	0
NR_181223.1	GIN-41-MGE-S217	0	0	0	0	0	0	0	0	0
NR_181222.1	GIN-41-MGE-S217	0	0	0	0	0	0	0	0	0
NR_181221.1	GIN-41-MGE-S217	0	0	0	0	0	0	0	0	0
NR_181220.1	GIN-41-MGE-S217	0	0	0	0	0	0	0	0	0
NR_181219.1	GIN-41-MGE-S217	0	0	0	0	0	0	0	0	0
NR_181218.1	GIN-41-MGE-S217	0	0	0	0	0	0	0	0	0
NR_181217.1	GIN-41-MGE-S217	0	0	0	0	0	0	0	0	0
NR_181216.1	GIN-41-MGE-S217	0	0	0	0	0	0	0	0	0
NR_181215.1	GIN-41-MGE-S217	0	0	0	0	0	0	0	0	0
NR_181214.1	GIN-41-MGE-S217	0	0	0	0	0	0	0	0	0
NR_181213.1	GIN-41-MGE-S217	0	0	0	0	0	0	0	0	0
NR_181212.1	GIN-41-MGE-S217	0	0	0	0	0	0	0	0	0
NR_181211.1	GIN-41-MGE-S217	0	0	0	0	0	0	0	0	0
NR_181210.1	GIN-41-MGE-S217	0	0	0	0	0	0	0	0	0
NR_181209.1	GIN-41-MGE-S217	0	0	0	0	0	0	0	0	0
NR_181208.1	GIN-41-MGE-S217	0	0	0	0	0	0	0	0	0
NR_181207.1	GIN-41-MGE-S217	0	0	0	0	0	0	0	0	0
NR_181206.1	GIN-41-MGE-S217	0	0	0	0	0	0	0	0	0
NR_181205.1	GIN-41-MGE-S217	0	0	0	0	0	0	0	0	0
NR_181204.1	GIN-41-MGE-S217	0	0	0	0	0	0	0	0	0
NR_181203.1	GIN-41-MGE-S217	0	0	0	0	0	0	0	0	0
NR_181202.1	GIN-41-MGE-S217	0	0	0	0	0	0	0	0	0
NR_181201.1	GIN-41-MGE-S217	0	0	0	0	0	0	0	0	0
NR_181200.1	GIN-41-MGE-S217	0	0	0	0	0	0	0	0	0
NR_181199.1	GIN-41-MGE-S217	0	0	0	0	0	0	0	0	0
NR_181198.1	GIN-41-MGE-S217	0	0	0	0	0	0	0	0	0
NR_181197.1	GIN-41-MGE-S217	0	0	0	0	0	0	0	0	0
NR_181196.1	GIN-41-MGE-S217	0	0	0	0	0	0	0	0	0
NR_181195.1	GIN-41-MGE-S217	0	0	0	0	0	0	0	0	0
NR_181194.1	GIN-41-MGE-S217	0	0	0	0	0	0	0	0	0
NR_181193.1	GIN-41-MGE-S217	0	0	0	0	0	0	0	0	0
NR_181192.1	GIN-41-MGE-S217	0	0	0	0	0	0	0	0	0
NR_181191.1	GIN-41-MGE-S217	0	0	0	0	0	0	0	0	0
NR_181190.1	GIN-41-MGE-S217	0	0	0	0	0	0	0	0	0
NR_181189.1	GIN-41-MGE-S217	0	0	0	0	0	0	0	0	0
NR_181188.1	GIN-41-MGE-S217	0	0	0	0	0	0	0	0	0
NR_181187.1	GIN-41-MGE-S217	0	0	0	0	0	0	0	0	0
NR_181186.1	GIN-41-MGE-S217	0	0	0	0	0	0	0	0	0
NR_181185.1	GIN-41-MGE-S217	0	0	0	0	0	0	0	0	0
NR_181184.1	GIN-41-MGE-S217	0	0	0	0	0	0	0	0	0
NR_181183.1	GIN-41-MGE-S217	0	0	0	0	0	0	0	0	0
NR_181182.1	GIN-41-MGE-S217	0	0	0	0	0	0	0	0	0
NR_181181.1	GIN-41-MGE-S217	0	0	0	0	0	0	0	0	0
NR_181180.1	GIN-41-MGE-S217	0	0	0	0	0	0	0	0	0
NR_181179.1	GIN-41-MGE-S217	0	0	0	0	0	0	0	0	0
NR_181178.1	GIN-41-MGE-S217	0	0	0	0	0	0	0	0	0
NR_181177.1	GIN-41-MGE-S217	0	0	0	0	0	0	0	0	0
NR_181176.1	GIN-41-MGE-S217	0	0	0	0	0	0	0	0	0
NR_181175.1	GIN-41-MGE-S217	0	0	0	0	0	0	0	0	0
NR_181174.1	GIN-41-MGE-S217	0	0	0	0	0	0	0	0	0
NR_181173.1	GIN-41-MGE-S217	0	0	0	0	0	0	0	0	0
NR_181172.1	GIN-41-MGE-S217	0	0	0	0	0	0	0	0	0
NR_181171.1	GIN-41-MGE-S217	0	0	0	0	0	0	0	0	0
NR_181170.1	GIN-41-MGE-S217	0	0	0	0	0	0	0	0	0
NR_181169.1	GIN-41-MGE-S217	0	0	0	0	0	0	0	0	0
NR_181168.1	GIN-41-MGE-S217	0	0	0	0	0	0	0	0	0
NR_181167.1	GIN-41-MGE-S217	0	0	0	0	0	0	0	0	0
NR_181166.1	GIN-41-MGE-S217	0	0	0	0	0	0	0	0	0
NR_181165.1	GIN-41-MGE-S217	0	0	0	0	0	0	0	0	0
NR_181164.1	GIN-41-MGE-S217	0	0	0	0	0	0	0	0	0
NR_181163.1	GIN-41-MGE-S217	0	0	0	0	0	0	0	0	0
NR_181162.1	GIN-41-MGE-S217	0	0	0	0	0	0	0	0	0
NR_181161.1	GIN-41-MGE-S217	0	0	0	0	0	0	0	0	0
NR_181160.1	GIN-41-MGE-S217	0	0	0	0	0	0	0	0	0
NR_181159.1	GIN-41-MGE-S217	0	0	0	0	0	0	0	0	0
NR_181158.1	GIN-41-MGE-S217	0	0	0	0	0	0	0	0	0
NR_181157.1	GIN-41-MGE-S217	0	0	0	0	0	0	0	0	0
NR_181156.1	GIN-41-MGE-S217	0	0	0	0	0	0	0	0	0
NR_181155.1	GIN-41-MGE-S217	0	0	0	0	0	0	0	0	0
NR_181154.1	GIN-41-MGE-S217	0	0	0	0	0	0	0	0	0
NR_181153.1	GIN-41-MGE-S217	0	0	0	0	0	0	0	0	0
NR_181152.1	GIN-41-MGE-S217	0	0	0	0	0	0	0	0	0
NR_181151.1	GIN-41-MGE-S217	0	0	0	0	0	0	0	0	0
NR_181150.1	GIN-41-MGE-S217	0	0	0	0	0	0	0	0	0
NR_181149.1	GIN-41-MGE-S217	0	0	0	0	0	0	0	0	0
NR_181148.1	GIN-41-MGE-S217	0	0	0	0	0	0	0	0	0
NR_181147.1	GIN-41-MGE-S217	0	0	0	0	0	0	0	0	0
NR_181146.1	GIN-41-MGE-S217	0	0	0	0	0	0	0	0	0
NR_181145.1	GIN-41-MGE-S217	0	0	0	0	0	0	0	0	0
NR_181144.1	GIN-41-MGE-S217	0	0	0	0	0	0	0	0	0
NR_181143.1	GIN-41-MGE-S217	0	0	0	0	0	0	0	0	0
NR_181142.1	GIN-41-MGE-S217	0	0	0	0	0	0	0	0	0
NR_181141.1	GIN-41-MGE-S217	0	0	0	0	0	0	0	0	0
NR_181140.1	GIN-41-MGE-S217	0	0	0	0	0	0	0	0	0
NR_181139.1	GIN-41-MGE-S217	0	0	0	0	0	0	0	0	0
NR_181138.1	GIN-41-MGE-S217	0	0	0	0	0	0	0	0	0
NR_181137.1	GIN-41-MGE-S217	0	0	0	0	0	0	0	0	0
NR_181136.1	GIN-41-MGE-S217	0	0	0	0	0	0	0	0	0
NR_181135.1	GIN-41-MGE-S217	0	0	0	0	0	0	0	0	0
NR_181134.1	GIN-41-MGE-S217	0	0	0	0	0	0	0	0	0
NR_181133.1	GIN-41-MGE-S217	0	0	0	0	0	0	0	0	0
NR_181132.1	GIN-41-MGE-S217	0	0	0	0	0	0	0	0	0
NR_181131.1	GIN-41-MGE-S217	0	0	0	0	0	0	0	0	0
NR_181130.1	GIN-41-MGE-S217	0	0	0	0	0	0	0	0	0
NR_181129.1	GIN-41-MGE-S217	0	0	0	0	0	0	0	0	0
NR_181128.1	GIN-41-MGE-S217	0	0	0	0	0	0	0	0	0
NR_181127.1	GIN-41-MGE-S217	0	0	0	0	0	0	0	0	0
NR_181126.1	GIN-41-MGE-S217	0	0	0	0	0	0	0	0	0
NR_181125.1	GIN-41-MGE-S217	0	0	0	0	0	0	0	0	0
NR_181124.1	GIN-41-MGE-S217	0	0	0	0	0	0	0	0	0
NR_181123.1	GIN-41-MGE-S217	0	0	0	0	0	0	0	0	0
NR_181122.1	GIN-41-MGE-S217	0	0	0	0	0	0	0	0	0
NR_181121.1	GIN-41-MGE-S217	0	0	0	0	0	0	0	0	0
NR_181120.1	GIN-41-MGE-S217	0	0	0	0	0	0	0	0	0
NR_181119.1	GIN-41-MGE-S217	0	0	0	0	0	0	0	0	0
NR_181118.1	GIN-41-MGE-S217	0	0	0	0	0	0	0	0	0
NR_181117.1	GIN-41-MGE-S217	0	0	0	0	0	0	0	0	0
NR_181116.1	GIN-41-MGE-S217	0	0	0	0	0	0	0	0	0
NR_181115.1	GIN-41-MGE-S217	0	0	0	0	0	0	0	0	0
NR_181114.1	GIN-41-MGE-S217	0	0	0	0	0	0	0	0	0
NR_181113.1	GIN-41-MGE-S217	0	0	0	0	0	0	0	0	0
NR_181112.1	GIN-41-MGE-S217	0	0	0	0	0	0	0	0	0
NR_181111.1	GIN-41-MGE-S217	0	0	0	0	0	0	0	0	0
NR_181110.1	GIN-41-MGE-S217	0	0	0	0	0	0	0	0	0
NR_181109.1	GIN-41-MGE-S217	0	0	0	0	0	0	0	0	0
NR_181108.1	GIN-41-MGE-S217	0	0	0	0	0	0	0	0	0
NR_181107.1	GIN-41-MGE-S217	0	0	0	0	0	0	0	0	0
NR_181106.1	GIN-41-MGE-S217	0	0	0	0	0	0	0	0	0
NR_181105.1	GIN-41-MGE-S217	0	0	0	0	0	0	0	0	0
NR_181104.1	GIN-41-MGE-S217	0	0	0	0	0	0	0	0	0
NR_181103.1	GIN-41-MGE-S217	0	0	0	0	0	0	0	0	0
NR_181102.1	GIN-41-MGE-S217	0	0	0	0	0	0	0	0	0
NR_181101.1	GIN-41-MGE-S217	0	0	0	0	0	0	0	0	0
NR_181100.1	GIN-41-MGE-S217	0	0	0	0	0	0	0	0	0
NR_181099.1	GIN-41-MGE-S217	0	0	0	0	0	0	0	0	0
NR_181098.1	GIN-41-MGE-S217	0	0	0	0	0	0	0	0	0
NR_181097.1	GIN-41-MGE-S217	0	0	0	0	0	0	0	0	0
NR_181096.1	GIN-41-MGE-S217	0	0	0	0	0	0	0	0	0
NR_181095.1	GIN-41-MGE-S217	0	0	0	0	0	0	0	0	0
NR_181094.1	GIN-41-MGE-S217	0	0	0	0	0	0	0	0	0
NR_181093.1	GIN-41-MGE-S217	0	0	0	0	0	0	0	0	0
NR_181092.1	GIN-41-MGE-S217	0	0	0	0	0	0	0	0	0
NR_181091.1	GIN-41-MGE-S217	0	0	0	0	0	0	0	0	0
NR_181090.1	GIN-41-MGE-S217	0	0	0	0	0	0	0	0	0
NR_181089.1	GIN-41-MGE-S217	0	0	0	0	0	0	0	0	0
NR_181088.1	GIN-41-MGE-S217	0	0	0	0	0	0	0	0	0
NR_181087.1	GIN-41-MGE-S217	0	0	0	0	0	0	0	0	0
NR_181086.1	GIN-41-MGE-S217	0	0	0	0	0	0	0	0	0
NR_181085.1	GIN-41-MGE-S217	0	0	0	0	0	0	0	0	0
NR_181084.1	GIN-41-MGE-S217	0	0	0	0	0	0	0	0	0
NR_181083.1	GIN-41-MGE-S217	0	0	0	0	0	0	0	0	0
NR_181082.1	GIN-41-MGE-S217	0	0	0	0	0	0	0	0	0
NR_181081.1	GIN-41-MGE-S217	0	0	0	0	0	0	0	0	0
NR_181080.1	GIN-41-MGE-S217	0	0	0	0	0	0	0	0	0
NR_181079.1	GIN-41-MGE-S217	0	0	0	0	0	0	0	0	0
NR_181078.1	GIN-41-MGE-S217	0	0	0	0	0	0	0	0	0
NR_181077.1	GIN-41-MGE-S217	0	0	0	0	0	0	0	0	0
NR_181076.1	GIN-41-MGE-S217	0	0	0	0	0	0	0	0	0
NR_181075.1	GIN-41-MGE-S217	0	0	0	0	0	0	0	0	0
NR_181074.1	GIN-41-MGE-S217	0	0	0	0	0	0	0	0	0
NR_181073.1	GIN-41-MGE-S217	0	0	0	0	0	0	0	0	0
NR_181072.1	GIN-41-MGE-S217	0	0	0	0	0	0	0	0	0
NR_181071.1	GIN-41-MGE-S217	0	0	0	0	0	0	0	0	0
NR_181070.1	GIN-41-MGE-S217	0	0	0	0	0	0	0	0	0
NR_181069.1	GIN-41-MGE-S217	0	0	0	0	0	0	0	0	0
NR_181068.1	GIN-41-MGE-S217	0	0	0	0	0	0	0	0	0
NR_181067.1	GIN-41-MGE-S217	0	0	0	0	0	0	0	0	0
NR_181066.1	GIN-41-MGE-S217	0	0	0	0	0	0	0	0	0
NR_181065.1	GIN-41-MGE-S217	0	0	0	0	0	0	0	0	0
NR_181064.1	GIN-41-MGE-S217	0	0	0	0	0	0	0	0	0
NR_181063.1	GIN-41-MGE-S217	0	0	0	0	0	0	0	0	0
NR_181062.1	GIN-41-MGE-S217	0	0	0	0	0	0	0	0	0
NR_181061.1	GIN-41-MGE-S217	0	0	0	0	0	0	0	0	0
NR_181060.1	GIN-41-MGE-S217	0	0	0	0	0	0	0	0	0
NR_181059.1	GIN-41-MGE-S217	0	0	0	0	0	0	0	0	0
NR_181058.1	GIN-41-MGE-S217	0	0	0	0	0	0	0	0	0
NR_181057.1	GIN-41-MGE-S217	0	0	0	0	0	0	0	0	0
NR_181056.1	GIN-41-MGE-S217	0	0	0	0	0	0	0	0	0
NR_181055.1	GIN-41-MGE-S217	0	0	0	0	0	0	0	0	0
NR_181054.1	GIN-41-MGE-S217	0	0	0	0	0	0	0	0	0
NR_181053.1	GIN-41-MGE-S217	0	0	0	0	0	0	0	0	0
NR_181052.1	GIN-41-MGE-S217	0	0	0	0	0	0	0	0	0
NR_181051.1	GIN-41-MGE-S217	0	0	0	0	0	0	0	0	0
NR_181050.1	GIN-41-MGE-S217	0	0	0	0	0	0	0	0	0
NR_181049.1	GIN-41-MGE-S217	0	0	0	0	0	0	0	0	0
NR_181048.1	GIN-41-MGE-S217	0	0	0	0	0	0	0	0	0
NR_181047.1	GIN-41-MGE-S217	0	0	0	0	0	0	0	0	0
NR_181046.1	GIN-41-MGE-S217	0	0	0	0	0	0	0	0	0
NR_181045.1	GIN-41-MGE-S217	0	0	0	0	0	0	0	0	0
NR_181044.1	GIN-41-MGE-S217	0	0	0	0	0	0	0	0	0
NR_181043.1	GIN-41-MGE-S217	0	0	0	0	0	0	0	0	0
NR_181042.1	GIN-41-MGE-S217	0	0	0	0	0	0	0	0	0
NR_181041.1	GIN-41-MGE-S217	0	0	0	0	0	0	0	0	0
NR_181040.1	GIN-41-MGE-S217	0	0	0	0	0	0	0	0	0
NR_181039.1	GIN-41-MGE-S217	0	0	0	0	0	0	0	0	0
NR_181038.1	GIN-41-MGE-S217	0	0	0	0	0	0	0	0	0
NR_181037.1	GIN-41-MGE-S217	0	0	0	0	0	0	0	0	0
NR_181035.1	GIN-41-MGE-S217	0	0	0	0	0	0	0	0	0
NR_181033.1	GIN-41-MGE-S217	0	0	0	0	0	0	0	0	0
NR_181031.1	GIN-41-MGE-S217	0	0	0	0	0	0	0	0	0
NR_181030.1	GIN-41-MGE-S217	0	0	0	0	0	0	0	0	0
NR_181029.1	GIN-41-MGE-S217	0	0	0	0	0	0	0	0	0
NR_181028.1	GIN-41-MGE-S217	0	0	0	0	0	0	0	0	0
NR_181027.1	GIN-41-MGE-S217	0	0	0	0	0	0	0	0	0
NR_181026.1	GIN-41-MGE-S217	0	0	0	0	0	0	0	0	0
NR_181025.1	GIN-41-MGE-S217	0	0	0	0	0	0	0	0	0
NR_181024.1	GIN-41-MGE-S217	0	0	0	0	0	0	0	0	0
NR_181023.1	GIN-41-MGE-S217	0	0	0	0	0	0	0	0	0
NR_181022.1	GIN-41-MGE-S217	0	0	0	0	0	0	0	0	0
NR_181021.1	GIN-41-MGE-S217	0	0	0	0	0	0	0	0	0
NR_181020.1	GIN-41-MGE-S217	0	0	0	0	0	0	0	0	0
NR_181019.1	GIN-41-MGE-S217	0	0	0	0	0	0	0	0	0
NR_181018.1	GIN-41-MGE-S217	0	0	0	0	0	0	0	0	0
NR_181017.1	GIN-41-MGE-S217	0	0	0	0	0	0	0	0	0
NR_181016.1	GIN-41-MGE-S217	0	0	0	0	0	0	0	0	0
NR_181015.1	GIN-41-MGE-S217	0	0	0	0	0	0	0	0	0
NR_181014.1	GIN-41-MGE-S217	0	0	0	0	0	0	0	0	0
NR_181013.1	GIN-41-MGE-S217	0	0	0	0	0	0	0	0	0
NR_181012.1	GIN-41-MGE-S217	0	0	0	0	0	0	0	0	0
NR_181011.1	GIN-41-MGE-S217	0	0	0	0	0	0	0	0	0
NR_181010.1	GIN-41-MGE-S217	0	0	0	0	0	0	0	0	0
NR_181009.1	GIN-41-MGE-S217	0	0	0	0	0	0	0	0	0
NR_181008.1	GIN-41-MGE-S217	0	0	0	0	0	0	0	0	0
NR_181007.1	GIN-41-MGE-S217	0	0	0	0	0	0	0	0	0
NR_181006.1	GIN-41-MGE-S217	0	0	0	0	0	0	0	0	0
NR_181005.1	GIN-41-MGE-S217	0	0	0	0	0	0	0	0	0
NR_181004.1	GIN-41-MGE-S217	0	0	0	0	0	0	0	0	0
NR_181003.1	GIN-41-MGE-S217	0	0	0	0	0	0	0	0	0
NR_181002.1	GIN-41-MGE-S217	0	0	0	0	0	0	0	0	0
NR_181001.1	GIN-41-MGE-S217	0	0	0	0	0	0	0	0	0
NR_181000.1	GIN-41-MGE-S217	0	0	0	0	0	0	0	0	0
NR_180999.1	GIN-41-MGE-S217	0	0	0	0	0	0	0	0	0
NR_180998.1	GIN-41-MGE-S217	0	0	0	0	0	0	0	0	0
NR_180997.1	GIN-41-MGE-S217	0	0	0	0	0	0	0	0	0
NR_180996.1	GIN-41-MGE-S217	0	0	0	0	0	0	0	0	0
NR_180995.1	GIN-41-MGE-S217	0	0	0	0	0	0	0	0	0
NR_180994.1	GIN-41-MGE-S217	0	0	0	0	0	0	0	0	0
NR_180993.1	GIN-41-MGE-S217	0	0	0	0	0	0	0	0	0
NR_180992.1	GIN-41-MGE-S217	0	0	0	0	0	0	0	0	0
NR_180991.1	GIN-41-MGE-S217	0	0	0	0	0	0	0	0	0
NR_180990.1	GIN-41-MGE-S217	0	0	0	0	0	0	0	0	0
NR_180989.1	GIN-41-MGE-S217	0	0	0	0	0	0	0	0	0
NR_180988.1	GIN-41-MGE-S217	0	0	0	0	0	0	0	0	0
NR_180987.1	GIN-41-MGE-S217	0	0	0	0	0	0	0	0	0
NR_180986.1	GIN-41-MGE-S217	0	0	0	0	0	0	0	0	0
NR_180985.1	GIN-41-MGE-S217	0	0	0	0	0	0	0	0	0
NR_180984.1	GIN-41-MGE-S217	0	0	0	0	0	0	0	0	0
NR_180983.1	GIN-41-MGE-S217	0	0	0	0	0	0	0	0	0
NR_180982.1	GIN-41-MGE-S217	0	0	0	0	0	0	0	0	0
NR_180981.1	GIN-41-MGE-S217	0	0	0	0	0	0	0	0	0
NR_180980.1	GIN-41-MGE-S217	0	0	0	0	0	0	0	0	0
NR_180979.1	GIN-41-MGE-S217	0	0	0	0	0	0	0	0	0
NR_180978.1	GIN-41-MGE-S217	0	0	0	0	0	0	0	0	0
NR_180977.1	GIN-41-MGE-S217	0	0	0	0	0	0	0	0	0
NR_180976.1	GIN-41-MGE-S217	0	0	0	0	0	0	0	0	0
NR_180974.1	GIN-41-MGE-S217	0	0	0	0	0	0	0	0	0
NR_180973.1	GIN-41-MGE-S217	0	0	0	0	0	0	0	0	0
NR_180972.1	GIN-41-MGE-S217	0	0	0	0	0	0	0	0	0
NR_180971.1	GIN-41-MGE-S217	0	0	0	0	0	0	0	0	0
NR_180970.1	GIN-41-MGE-S217	0	0	0	0	0	0	0	0	0
NR_180969.1	GIN-41-MGE-S217	0	0	0	0	0	0	0	0	0
NR_180968.1	GIN-41-MGE-S217	0	0	0	0	0	0	0	0	0
NR_180967.1	GIN-41-MGE-S217	0	0	0	0	0	0	0	0	0
NR_180966.1	GIN-41-MGE-S217	0	0	0	0	0	0	0	0	0
NR_180965.1	GIN-41-MGE-S217	0	0	0	0	0	0	0	0	0
NR_180964.1	GIN-41-MGE-S217	0	0	0	0	0	0	0	0	0
NR_180963.1	GIN-41-MGE-S217	0	0	0	0	0	0	0	0	0
NR_180962.1	GIN-41-MGE-S217	0	0	0	0	0	0	0	0	0
NR_180961.1	GIN-41-MGE-S217	0	0	0	0	0	0	0	0	0
NR_180960.1	GIN-41-MGE-S217	0	0	0	0	0	0	0	0	0
NR_180959.1	GIN-41-MGE-S217	0	0	0	0	0	0	0	0	0
NR_180958.1	GIN-41-MGE-S217	0	0	0	0	0	0	0	0	0
NR_180957.1	GIN-41-MGE-S217	0	0	0	0	0	0	0	0	0
NR_180956.1	GIN-41-MGE-S217	0	0	0	0	0	0	0	0	0
NR_180955.1	GIN-41-MGE-S217	0	0	0	0	0	0	0	0	0
NR_180954.1	GIN-41-MGE-S217	0	0	0	0	0	0	0	0	0
NR_180953.1	GIN-41-MGE-S217	0	0	0	0	0	0	0	0	0
NR_180952.1	GIN-41-MGE-S217	0	0	0	0	0	0	0	0	0
NR_180951.1	GIN-41-MGE-S217	0	0	0	0	0	0	0	0	0
NR_180950.1	GIN-41-MGE-S217	0	0	0	0	0	0	0	0	0
NR_180949.1	GIN-41-MGE-S217	0	0	0	0	0	0	0	0	0
NR_180948.1	GIN-41-MGE-S217	0	0	0	0	0	0	0	0	0
NR_180947.1	GIN-41-MGE-S217	0	0	0	0	0	0	0	0	0
NR_180946.1	GIN-41-MGE-S217	0	0	0	0	0	0	0	0	0
NR_180945.1	GIN-41-MGE-S217	0	0	0	0	0	0	0	0	0
NR_180944.1	GIN-41-MGE-S217	0	0	0	0	0	0	0	0	0
NR_180943.1	GIN-41-MGE-S217	0	0	0	0	0	0	0	0	0
NR_180942.1	GIN-41-MGE-S217	0	0	0	0	0	0	0	0	0
NR_180941.1	GIN-41-MGE-S217	0	0	0	0	0	0	0	0	0
NR_180940.1	GIN-41-MGE-S217	0	0	0	0	0	0	0	0	0
NR_180939.1	GIN-41-MGE-S217	0	0	0	0	0	0	0	0	0
NR_180938.1	GIN-41-MGE-S217	0	0	0	0	0	0	0	0	0
NR_180937.1	GIN-41-MGE-S217	0	0	0	0	0	0	0	0	0
NR_180936.1	GIN-41-MGE-S217	0	0	0	0	0	0	0	0	0
NR_180935.1	GIN-41-MGE-S217	0	0	0	0	0	0	0	0	0
NR_180934.1	GIN-41-MGE-S217	0	0	0	0	0	0	0	0	0
NR_180933.1	GIN-41-MGE-S217	0	0	0	0	0	0	0	0	0
NR_180932.1	GIN-41-MGE-S217	0	0	0	0	0	0	0	0	0
NR_180931.1	GIN-41-MGE-S217	0	0	0	0	0	0	0	0	0
NR_180930.1	GIN-41-MGE-S217	0	0	0	0	0	0	0	0	0
NR_180929.1	GIN-41-MGE-S217	0	0	0	0	0	0	0	0	0
NR_180928.1	GIN-41-MGE-S217	0	0	0	0	0	0	0	0	0
NR_180927.1	GIN-41-MGE-S217	0	0	0	0	0	0	0	0	0
NR_180926.1	GIN-41-MGE-S217	0	0	0	0	0	0	0	0	0
NR_180925.1	GIN-41-MGE-S217	0	0	0	0	0	0	0	0	0
NR_180924.1	GIN-41-MGE-S217	0	0	0	0	0	0	0	0	0
NR_180923.1	GIN-41-MGE-S217	0	0	0	0	0	0	0	0	0
NR_180922.1	GIN-41-MGE-S217	0	0	0	0	0	0	0	0	0
NR_180921.1	GIN-41-MGE-S217	0	0	0	0	0	0	0	0	0
NR_180920.1	GIN-41-MGE-S217	0	0	0	0	0	0	0	0	0
NR_180919.1	GIN-41-MGE-S217	0	0	0	0	0	0	0	0	0
NR_180918.1	GIN-41-MGE-S217	0	0	0	0	0	0	0	0	0
NR_180917.1	GIN-41-MGE-S217	0	0	0	0	0	0	0	0	0
NR_180916.1	GIN-41-MGE-S217	0	0	0	0	0	0	0	0	0
NR_180915.1	GIN-41-MGE-S217	0	0	0	0	0	0	0	0	0
NR_180914.1	GIN-41-MGE-S217	0	0	0	0	0	0	0	0	0
NR_180913.1	GIN-41-MGE-S217	0	0	0	0	0	0	0	0	0
NR_180912.1	GIN-41-MGE-S217	0	0	0	0	0	0	0	0	0
NR_180911.1	GIN-41-MGE-S217	0	0	0	0	0	0	0	0	0
NR_180910.1	GIN-41-MGE-S217	0	0	0	0	0	0	0	0	0
NR_180909.1	GIN-41-MGE-S217	0	0	0	0	0	0	0	0	0
NR_180908.1	GIN-41-MGE-S217	0	0	0	0	0	0	0	0	0
NR_180907.1	GIN-41-MGE-S217	0	0	0	0	0	0	0	0	0
NR_180906.1	GIN-41-MGE-S217	0	0	0	0	0	0	0	0	0
NR_180905.1	GIN-41-MGE-S217	0	0	0	0	0	0	0	0	0
NR_180904.1	GIN-41-MGE-S217	0	0	0	0	0	0	0	0	0
NR_180903.1	GIN-41-MGE-S217	0	0	0	0	0	0	0	0	0
NR_180902.1	GIN-41-MGE-S217	0	0	0	0	0	0	0	0	0
NR_180901.1	GIN-41-MGE-S217	0	0	0	0	0	0	0	0	0
NR_180900.1	GIN-41-MGE-S217	0	0	0	0	0	0	0	0	0
NR_180899.1	GIN-41-MGE-S217	0	0	0	0	0	0	0	0	0
NR_180898.1	GIN-41-MGE-S217	0	0	0	0	0	0	0	0	0
NR_180897.1	GIN-41-MGE-S217	0	0	0	0	0	0	0	0	0
NR_180896.1	GIN-41-MGE-S217	0	0	0	0	0	0	0	0	0
NR_180895.1	GIN-41-MGE-S217	0	0	0	0	0	0	0	0	0
NR_180894.1	GIN-41-MGE-S217	0	0	0	0	0	0	0	0	0
NR_180893.1	GIN-41-MGE-S217	0	0	0	0	0	0	0	0	0
NR_180892.1	GIN-41-MGE-S217	0	0	0	0	0	0	0	0	0
NR_180891.1	GIN-41-MGE-S217	0	0	0	0	0	0	0	0	0
NR_180890.1	GIN-41-MGE-S217	0	0	0	0	0	0	0	0	0
NR_180889.1	GIN-41-MGE-S217	0	0	0	0	0	0	0	0	0
NR_180888.1	GIN-41-MGE-S217	0	0	0	0	0	0	0	0	0
NR_180887.1	GIN-41-MGE-S217	0	0	0	0	0	0	0	0	0
NR_180886.1	GIN-41-MGE-S217	0	0	0	0	0	0	0	0	0
NR_180885.1	GIN-41-MGE-S217	0	0	0	0	0	0	0	0	0
NR_180884.1	GIN-41-MGE-S217	0	0	0	0	0	0	0	0	0
NR_180883.1	GIN-41-MGE-S217	0	0	0	0	0	0	0	0	0
NR_180882.1	GIN-41-MGE-S217	0	0	0	0	0	0	0	0	0
NR_180881.1	GIN-41-MGE-S217	0	0	0	0	0	0	0	0	0
NR_180880.1	GIN-41-MGE-S217	0	0	0	0	0	0	0	0	0
NR_180879.1	GIN-41-MGE-S217	0	0	0	0	0	0	0	0	0
NR_180878.1	GIN-41-MGE-S217	0	0	0	0	0	0	0	0	0
NR_180877.1	GIN-41-MGE-S217	0	0	0	0	0	0	0	0	0
NR_180876.1	GIN-41-MGE-S217	0	0	0	0	0	0	0	0	0
NR_180875.1	GIN-41-MGE-S217	0	0	0	0	0	0	0	0	0
NR_180874.1	GIN-41-MGE-S217	0	0	0	0	0	0	0	0	0
NR_180873.1	GIN-41-MGE-S217	0	0	0	0	0	0	0	0	0
NR_180872.1	GIN-41-MGE-S217	0	0	0	0	0	0	0	0	0
NR_180871.1	GIN-41-MGE-S217	0	0	0	0	0	0	0	0	0
NR_180870.1	GIN-41-MGE-S217	0	0	0	0	0	0	0	0	0
NR_180869.1	GIN-41-MGE-S217	0	0	0	0	0	0	0	0	0
NR_180868.1	GIN-41-MGE-S217	0	0	0	0	0	0	0	0	0
NR_180867.1	GIN-41-MGE-S217	0	0	0	0	0	0	0	0	0
NR_180866.1	GIN-41-MGE-S217	0	0	0	0	0	0	0	0	0
NR_180865.1	GIN-41-MGE-S217	0	0	0	0	0	0	0	0	0
NR_180864.1	GIN-41-MGE-S217	0	0	0	0	0	0	0	0	0
NR_180863.1	GIN-41-MGE-S217	0	0	0	0	0	0	0	0	0
NR_180862.1	GIN-41-MGE-S217	0	0	0	0	0	0	0	0	0
NR_180861.1	GIN-41-MGE-S217	0	0	0	0	0	0	0	0	0
NR_180860.1	GIN-41-MGE-S217	0	0	0	0	0	0	0	0	0
NR_180859.1	GIN-41-MGE-S217	0	0	0	0	0	0	0	0	0
NR_180858.1	GIN-41-MGE-S217	0	0	0	0	0	0	0	0	0
NR_180857.1	GIN-41-MGE-S217	0	0	0	0	0	0	0	0	0
NR_180856.1	GIN-41-MGE-S217	0	0	0	0	0	0	0	0	0
NR_180855.1	GIN-41-MGE-S217	0	0	0	0	0	0	0	0	0
NR_180854.1	GIN-41-MGE-S217	0	0	0	0	0	0	0	0	0
NR_180853.1	GIN-41-MGE-S217	0	0	0	0	0	0	0	0	0
NR_180852.1	GIN-41-MGE-S217	0	0	0	0	0	0	0	0	0
NR_180851.1	GIN-41-MGE-S217	0	0	0	0	0	0	0	0	0
NR_180850.1	GIN-41-MGE-S217	0	0	0	0	0	0	0	0	0
NR_180849.1	GIN-41-MGE-S217	0	0	0	0	0	0	0	0	0
NR_180848.1	GIN-41-MGE-S217	0	0	0	0	0	0	0	0	0
NR_180847.1	GIN-41-MGE-S217	0	0	0	0	0	0	0	0	0
NR_180846.1	GIN-41-MGE-S217	0	0	0	0	0	0	0	0	0
NR_180845.1	GIN-41-MGE-S217	0	0	0	0	0	0	0	0	0
NR_180844.1	GIN-41-MGE-S217	0	0	0	0	0	0	0	0	0
NR_180843.1	GIN-41-MGE-S217	0	0	0	0	0	0	0	0	0
NR_180842.1	GIN-41-MGE-S217	0	0	0	0	0	0	0	0	0
NR_180841.1	GIN-41-MGE-S217	0	0	0	0	0	0	0	0	0
NR_180840.1	GIN-41-MGE-S217	0	0	0	0	0	0	0	0	0
NR_180839.1	GIN-41-MGE-S217	0	0	0	0	0	0	0	0	0
NR_180838.1	GIN-41-MGE-S217	0	0	0	0	0	0	0	0	0
NR_180837.1	GIN-41-MGE-S217	0	0	0	0	0	0	0	0	0
NR_180836.1	GIN-41-MGE-S217	0	0	0	0	0	0	0	0	0
NR_180835.1	GIN-41-MGE-S217	0	0	0	0	0	0	0	0	0
NR_180834.1	GIN-41-MGE-S217	0	0	0	0	0	0	0	0	0
NR_180833.1	GIN-41-MGE-S217	11	11	0	0	0	0	0	0	0
NR_180832.1	GIN-41-MGE-S217	0	0	0	0	0	0	0	0	0
NR_180831.1	GIN-41-MGE-S217	0	0	0	0	0	0	0	0	0
NR_180830.1	GIN-41-MGE-S217	0	0	0	0	0	0	0	0	0
NR_180829.1	GIN-41-MGE-S217	0	0	0	0	0	0	0	0	0
NR_180828.1	GIN-41-MGE-S217	0	0	0	0	0	0	0	0	0
NR_180827.1	GIN-41-MGE-S217	0	0	0	0	0	0	0	0	0
NR_180826.1	GIN-41-MGE-S217	0	0	0	0	0	0	0	0	0
NR_180825.1	GIN-41-MGE-S217	0	0	0	0	0	0	0	0	0
NR_180824.1	GIN-41-MGE-S217	0	0	0	0	0	0	0	0	0
NR_180823.1	GIN-41-MGE-S217	0	0	0	0	0	0	0	0	0
NR_180822.1	GIN-41-MGE-S217	6	6	0	0	0	0	0	0	0
NR_180821.1	GIN-41-MGE-S217	0	0	0	0	0	0	0	0	0
NR_180820.1	GIN-41-MGE-S217	5	5	0	0	0	0	0	0	0
NR_180819.1	GIN-41-MGE-S217	0	0	0	0	0	0	0	0	0
NR_180818.1	GIN-41-MGE-S217	0	0	0	0	0	0	0	0	0
NR_180817.1	GIN-41-MGE-S217	0	0	0	0	0	0	0	0	0
NR_180816.1	GIN-41-MGE-S217	0	0	0	0	0	0	0	0	0
NR_180815.1	GIN-41-MGE-S217	0	0	0	0	0	0	0	0	0
NR_180814.1	GIN-41-MGE-S217	0	0	0	0	0	0	0	0	0
NR_180813.1	GIN-41-MGE-S217	0	0	0	0	0	0	0	0	0
NR_180812.1	GIN-41-MGE-S217	0	0	0	0	0	0	0	0	0
NR_180811.1	GIN-41-MGE-S217	0	0	0	0	0	0	0	0	0
NR_180810.1	GIN-41-MGE-S217	0	0	0	0	0	0	0	0	0
NR_180809.1	GIN-41-MGE-S217	0	0	0	0	0	0	0	0	0
NR_180808.1	GIN-41-MGE-S217	0	0	0	0	0	0	0	0	0
NR_180807.1	GIN-41-MGE-S217	0	0	0	0	0	0	0	0	0
NR_180806.1	GIN-41-MGE-S217	0	0	0	0	0	0	0	0	0
NR_180805.1	GIN-41-MGE-S217	0	0	0	0	0	0	0	0	0
NR_180804.1	GIN-41-MGE-S217	0	0	0	0	0	0	0	0	0
NR_180803.1	GIN-41-MGE-S217	0	0	0	0	0	0	0	0	0
NR_180802.1	GIN-41-MGE-S217	0	0	0	0	0	0	0	0	0
NR_180801.1	GIN-41-MGE-S217	0	0	0	0	0	0	0	0	0
NR_180800.1	GIN-41-MGE-S217	0	0	0	0	0	0	0	0	0
NR_180799.1	GIN-41-MGE-S217	0	0	0	0	0	0	0	0	0
NR_180798.1	GIN-41-MGE-S217	0	0	0	0	0	0	0	0	0
NR_180797.1	GIN-41-MGE-S217	1	1	0	0	0	0	0	0	0
NR_180796.1	GIN-41-MGE-S217	0	0	0	0	0	0	0	0	0
NR_180795.1	GIN-41-MGE-S217	0	0	0	0	0	0	0	0	0
NR_180794.1	GIN-41-MGE-S217	0	0	0	0	0	0	0	0	0
NR_180793.1	GIN-41-MGE-S217	0	0	0	0	0	0	0	0	0
NR_180792.1	GIN-41-MGE-S217	0	0	0	0	0	0	0	0	0
NR_180791.1	GIN-41-MGE-S217	0	0	0	0	0	0	0	0	0
NR_180790.1	GIN-41-MGE-S217	0	0	0	0	0	0	0	0	0
NR_180789.1	GIN-41-MGE-S217	0	0	0	0	0	0	0	0	0
NR_180788.1	GIN-41-MGE-S217	0	0	0	0	0	0	0	0	0
NR_180787.1	GIN-41-MGE-S217	0	0	0	0	0	0	0	0	0
NR_180786.1	GIN-41-MGE-S217	0	0	0	0	0	0	0	0	0
NR_180785.1	GIN-41-MGE-S217	0	0	0	0	0	0	0	0	0
NR_180784.1	GIN-41-MGE-S217	0	0	0	0	0	0	0	0	0
NR_180783.1	GIN-41-MGE-S217	0	0	0	0	0	0	0	0	0
NR_180782.1	GIN-41-MGE-S217	0	0	0	0	0	0	0	0	0
NR_180781.1	GIN-41-MGE-S217	0	0	0	0	0	0	0	0	0
NR_180780.1	GIN-41-MGE-S217	0	0	0	0	0	0	0	0	0
NR_180779.1	GIN-41-MGE-S217	0	0	0	0	0	0	0	0	0
NR_180778.1	GIN-41-MGE-S217	0	0	0	0	0	0	0	0	0
NR_180777.1	GIN-41-MGE-S217	0	0	0	0	0	0	0	0	0
NR_180776.1	GIN-41-MGE-S217	0	0	0	0	0	0	0	0	0
NR_180775.1	GIN-41-MGE-S217	0	0	0	0	0	0	0	0	0
NR_180774.1	GIN-41-MGE-S217	0	0	0	0	0	0	0	0	0
NR_180773.1	GIN-41-MGE-S217	0	0	0	0	0	0	0	0	0
NR_180772.1	GIN-41-MGE-S217	0	0	0	0	0	0	0	0	0
NR_180771.1	GIN-41-MGE-S217	0	0	0	0	0	0	0	0	0
NR_180770.1	GIN-41-MGE-S217	0	0	0	0	0	0	0	0	0
NR_180769.1	GIN-41-MGE-S217	0	0	0	0	0	0	0	0	0
NR_180768.1	GIN-41-MGE-S217	0	0	0	0	0	0	0	0	0
NR_180767.1	GIN-41-MGE-S217	0	0	0	0	0	0	0	0	0
NR_180766.1	GIN-41-MGE-S217	0	0	0	0	0	0	0	0	0
NR_180765.1	GIN-41-MGE-S217	0	0	0	0	0	0	0	0	0
NR_180764.1	GIN-41-MGE-S217	0	0	0	0	0	0	0	0	0
NR_180763.1	GIN-41-MGE-S217	0	0	0	0	0	0	0	0	0
NR_180762.1	GIN-41-MGE-S217	0	0	0	0	0	0	0	0	0
NR_180761.1	GIN-41-MGE-S217	0	0	0	0	0	0	0	0	0
NR_180760.1	GIN-41-MGE-S217	0	0	0	0	0	0	0	0	0
NR_180759.1	GIN-41-MGE-S217	0	0	0	0	0	0	0	0	0
NR_180758.1	GIN-41-MGE-S217	0	0	0	0	0	0	0	0	0
NR_180757.1	GIN-41-MGE-S217	0	0	0	0	0	0	0	0	0
NR_180756.1	GIN-41-MGE-S217	0	0	0	0	0	0	0	0	0
NR_180755.1	GIN-41-MGE-S217	0	0	0	0	0	0	0	0	0
NR_180754.1	GIN-41-MGE-S217	0	0	0	0	0	0	0	0	0
NR_180753.1	GIN-41-MGE-S217	0	0	0	0	0	0	0	0	0
NR_180752.1	GIN-41-MGE-S217	0	0	0	0	0	0	0	0	0
NR_180751.1	GIN-41-MGE-S217	0	0	0	0	0	0	0	0	0
NR_180750.1	GIN-41-MGE-S217	0	0	0	0	0	0	0	0	0
NR_180749.1	GIN-41-MGE-S217	0	0	0	0	0	0	0	0	0
NR_180748.1	GIN-41-MGE-S217	0	0	0	0	0	0	0	0	0
NR_180747.1	GIN-41-MGE-S217	0	0	0	0	0	0	0	0	0
NR_180746.1	GIN-41-MGE-S217	0	0	0	0	0	0	0	0	0
NR_180745.1	GIN-41-MGE-S217	0	0	0	0	0	0	0	0	0
NR_180744.1	GIN-41-MGE-S217	0	0	0	0	0	0	0	0	0
NR_180743.1	GIN-41-MGE-S217	0	0	0	0	0	0	0	0	0
NR_180742.1	GIN-41-MGE-S217	0	0	0	0	0	0	0	0	0
NR_180741.1	GIN-41-MGE-S217	0	0	0	0	0	0	0	0	0
NR_180740.1	GIN-41-MGE-S217	0	0	0	0	0	0	0	0	0
NR_180739.1	GIN-41-MGE-S217	0	0	0	0	0	0	0	0	0
NR_180738.1	GIN-41-MGE-S217	0	0	0	0	0	0	0	0	0
NR_180737.1	GIN-41-MGE-S217	0	0	0	0	0	0	0	0	0
NR_180736.1	GIN-41-MGE-S217	0	0	0	0	0	0	0	0	0
NR_180735.1	GIN-41-MGE-S217	0	0	0	0	0	0	0	0	0
NR_180734.1	GIN-41-MGE-S217	0	0	0	0	0	0	0	0	0
NR_180733.1	GIN-41-MGE-S217	0	0	0	0	0	0	0	0	0
NR_180732.1	GIN-41-MGE-S217	0	0	0	0	0	0	0	0	0
NR_180731.1	GIN-41-MGE-S217	0	0	0	0	0	0	0	0	0
NR_180730.1	GIN-41-MGE-S217	0	0	0	0	0	0	0	0	0
NR_180729.1	GIN-41-MGE-S217	0	0	0	0	0	0	0	0	0
NR_180728.1	GIN-41-MGE-S217	0	0	0	0	0	0	0	0	0
NR_180727.1	GIN-41-MGE-S217	0	0	0	0	0	0	0	0	0
NR_180726.1	GIN-41-MGE-S217	0	0	0	0	0	0	0	0	0
NR_180725.1	GIN-41-MGE-S217	0	0	0	0	0	0	0	0	0
NR_180724.1	GIN-41-MGE-S217	0	0	0	0	0	0	0	0	0
NR_180723.1	GIN-41-MGE-S217	0	0	0	0	0	0	0	0	0
NR_180722.1	GIN-41-MGE-S217	0	0	0	0	0	0	0	0	0
NR_180721.1	GIN-41-MGE-S217	0	0	0	0	0	0	0	0	0
NR_180720.1	GIN-41-MGE-S217	0	0	0	0	0	0	0	0	0
NR_180719.1	GIN-41-MGE-S217	0	0	0	0	0	0	0	0	0
NR_180718.1	GIN-41-MGE-S217	0	0	0	0	0	0	0	0	0
NR_180717.1	GIN-41-MGE-S217	0	0	0	0	0	0	0	0	0
NR_180716.1	GIN-41-MGE-S217	0	0	0	0	0	0	0	0	0
NR_180715.1	GIN-41-MGE-S217	0	0	0	0	0	0	0	0	0
NR_180714.1	GIN-41-MGE-S217	0	0	0	0	0	0	0	0	0
NR_180713.1	GIN-41-MGE-S217	0	0	0	0	0	0	0	0	0
NR_180712.1	GIN-41-MGE-S217	0	0	0	0	0	0	0	0	0
NR_180711.1	GIN-41-MGE-S217	0	0	0	0	0	0	0	0	0
NR_180710.1	GIN-41-MGE-S217	0	0	0	0	0	0	0	0	0
NR_180709.1	GIN-41-MGE-S217	0	0	0	0	0	0	0	0	0
NR_180708.1	GIN-41-MGE-S217	0	0	0	0	0	0	0	0	0
NR_180707.1	GIN-41-MGE-S217	0	0	0	0	0	0	0	0	0
NR_180706.1	GIN-41-MGE-S217	0	0	0	0	0	0	0	0	0
NR_180705.1	GIN-41-MGE-S217	0	0	0	0	0	0	0	0	0
NR_180704.1	GIN-41-MGE-S217	0	0	0	0	0	0	0	0	0
NR_180703.1	GIN-41-MGE-S217	0	0	0	0	0	0	0	0	0
NR_180702.1	GIN-41-MGE-S217	0	0	0	0	0	0	0	0	0
NR_180701.1	GIN-41-MGE-S217	0	0	0	0	0	0	0	0	0
NR_180700.1	GIN-41-MGE-S217	0	0	0	0	0	0	0	0	0
NR_180699.1	GIN-41-MGE-S217	0	0	0	0	0	0	0	0	0
NR_180698.1	GIN-41-MGE-S217	0	0	0	0	0	0	0	0	0
NR_180697.1	GIN-41-MGE-S217	0	0	0	0	0	0	0	0	0
NR_180696.1	GIN-41-MGE-S217	0	0	0	0	0	0	0	0	0
NR_180695.1	GIN-41-MGE-S217	0	0	0	0	0	0	0	0	0
NR_180694.1	GIN-41-MGE-S217	0	0	0	0	0	0	0	0	0
NR_180693.1	GIN-41-MGE-S217	0	0	0	0	0	0	0	0	0
NR_180692.1	GIN-41-MGE-S217	0	0	0	0	0	0	0	0	0
NR_180691.1	GIN-41-MGE-S217	0	0	0	0	0	0	0	0	0
NR_180690.1	GIN-41-MGE-S217	0	0	0	0	0	0	0	0	0
NR_180689.1	GIN-41-MGE-S217	0	0	0	0	0	0	0	0	0
NR_180688.1	GIN-41-MGE-S217	0	0	0	0	0	0	0	0	0
NR_180687.1	GIN-41-MGE-S217	0	0	0	0	0	0	0	0	0
NR_180686.1	GIN-41-MGE-S217	0	0	0	0	0	0	0	0	0
NR_180685.1	GIN-41-MGE-S217	0	0	0	0	0	0	0	0	0
NR_180684.1	GIN-41-MGE-S217	0	0	0	0	0	0	0	0	0
NR_180683.1	GIN-41-MGE-S217	0	0	0	0	0	0	0	0	0
NR_180682.1	GIN-41-MGE-S217	0	0	0	0	0	0	0	0	0
NR_180681.1	GIN-41-MGE-S217	0	0	0	0	0	0	0	0	0
NR_180680.1	GIN-41-MGE-S217	0	0	0	0	0	0	0	0	0
NR_180679.1	GIN-41-MGE-S217	0	0	0	0	0	0	0	0	0
NR_180678.1	GIN-41-MGE-S217	0	0	0	0	0	0	0	0	0
NR_180677.1	GIN-41-MGE-S217	0	0	0	0	0	0	0	0	0
NR_180676.1	GIN-41-MGE-S217	0	0	0	0	0	0	0	0	0
NR_180675.1	GIN-41-MGE-S217	0	0	0	0	0	0	0	0	0
NR_180674.1	GIN-41-MGE-S217	0	0	0	0	0	0	0	0	0
NR_180673.1	GIN-41-MGE-S217	0	0	0	0	0	0	0	0	0
NR_180672.1	GIN-41-MGE-S217	0	0	0	0	0	0	0	0	0
NR_180671.1	GIN-41-MGE-S217	0	0	0	0	0	0	0	0	0
NR_180670.1	GIN-41-MGE-S217	0	0	0	0	0	0	0	0	0
NR_180669.1	GIN-41-MGE-S217	0	0	0	0	0	0	0	0	0
NR_180668.1	GIN-41-MGE-S217	0	0	0	0	0	0	0	0	0
NR_180667.1	GIN-41-MGE-S217	0	0	0	0	0	0	0	0	0
NR_180666.1	GIN-41-MGE-S217	0	0	0	0	0	0	0	0	0
NR_180665.1	GIN-41-MGE-S217	0	0	0	0	0	0	0	0	0
NR_180664.1	GIN-41-MGE-S217	0	0	0	0	0	0	0	0	0
NR_180663.1	GIN-41-MGE-S217	0	0	0	0	0	0	0	0	0
NR_180662.1	GIN-41-MGE-S217	0	0	0	0	0	0	0	0	0
NR_180661.1	GIN-41-MGE-S217	0	0	0	0	0	0	0	0	0
NR_180660.1	GIN-41-MGE-S217	0	0	0	0	0	0	0	0	0
NR_180659.1	GIN-41-MGE-S217	0	0	0	0	0	0	0	0	0
NR_180658.1	GIN-41-MGE-S217	0	0	0	0	0	0	0	0	0
NR_180657.1	GIN-41-MGE-S217	0	0	0	0	0	0	0	0	0
NR_180656.1	GIN-41-MGE-S217	0	0	0	0	0	0	0	0	0
NR_180655.1	GIN-41-MGE-S217	0	0	0	0	0	0	0	0	0
NR_180654.1	GIN-41-MGE-S217	0	0	0	0	0	0	0	0	0
NR_180653.1	GIN-41-MGE-S217	0	0	0	0	0	0	0	0	0
NR_180652.1	GIN-41-MGE-S217	0	0	0	0	0	0	0	0	0
NR_180651.1	GIN-41-MGE-S217	0	0	0	0	0	0	0	0	0
NR_180650.1	GIN-41-MGE-S217	0	0	0	0	0	0	0	0	0
NR_180649.1	GIN-41-MGE-S217	0	0	0	0	0	0	0	0	0
NR_180648.1	GIN-41-MGE-S217	0	0	0	0	0	0	0	0	0
NR_180647.1	GIN-41-MGE-S217	0	0	0	0	0	0	0	0	0
NR_180646.1	GIN-41-MGE-S217	0	0	0	0	0	0	0	0	0
NR_180645.1	GIN-41-MGE-S217	0	0	0	0	0	0	0	0	0
NR_180644.1	GIN-41-MGE-S217	0	0	0	0	0	0	0	0	0
NR_180643.1	GIN-41-MGE-S217	0	0	0	0	0	0	0	0	0
NR_180642.1	GIN-41-MGE-S217	0	0	0	0	0	0	0	0	0
NR_180641.1	GIN-41-MGE-S217	0	0	0	0	0	0	0	0	0
NR_180640.1	GIN-41-MGE-S217	0	0	0	0	0	0	0	0	0
NR_180639.1	GIN-41-MGE-S217	0	0	0	0	0	0	0	0	0
NR_180638.1	GIN-41-MGE-S217	0	0	0	0	0	0	0	0	0
NR_180637.1	GIN-41-MGE-S217	0	0	0	0	0	0	0	0	0
NR_180636.1	GIN-41-MGE-S217	0	0	0	0	0	0	0	0	0
NR_180635.1	GIN-41-MGE-S217	0	0	0	0	0	0	0	0	0
NR_180634.1	GIN-41-MGE-S217	0	0	0	0	0	0	0	0	0
NR_180633.1	GIN-41-MGE-S217	0	0	0	0	0	0	0	0	0
NR_180632.1	GIN-41-MGE-S217	0	0	0	0	0	0	0	0	0
NR_180631.1	GIN-41-MGE-S217	0	0	0	0	0	0	0	0	0
NR_180630.1	GIN-41-MGE-S217	0	0	0	0	0	0	0	0	0
NR_180629.1	GIN-41-MGE-S217	0	0	0	0	0	0	0	0	0
NR_180628.1	GIN-41-MGE-S217	0	0	0	0	0	0	0	0	0
NR_180627.1	GIN-41-MGE-S217	0	0	0	0	0	0	0	0	0
NR_180626.1	GIN-41-MGE-S217	0	0	0	0	0	0	0	0	0
NR_180625.1	GIN-41-MGE-S217	0	0	0	0	0	0	0	0	0
NR_180624.1	GIN-41-MGE-S217	0	0	0	0	0	0	0	0	0
NR_180623.1	GIN-41-MGE-S217	0	0	0	0	0	0	0	0	0
NR_180622.1	GIN-41-MGE-S217	0	0	0	0	0	0	0	0	0
NR_180621.1	GIN-41-MGE-S217	0	0	0	0	0	0	0	0	0
NR_180620.1	GIN-41-MGE-S217	0	0	0	0	0	0	0	0	0
NR_180619.1	GIN-41-MGE-S217	0	0	0	0	0	0	0	0	0
NR_180618.1	GIN-41-MGE-S217	0	0	0	0	0	0	0	0	0
NR_180617.1	GIN-41-MGE-S217	0	0	0	0	0	0	0	0	0
NR_180616.1	GIN-41-MGE-S217	0	0	0	0	0	0	0	0	0
NR_180615.1	GIN-41-MGE-S217	0	0	0	0	0	0	0	0	0
NR_180614.1	GIN-41-MGE-S217	0	0	0	0	0	0	0	0	0
NR_180613.1	GIN-41-MGE-S217	0	0	0	0	0	0	0	0	0
NR_180612.1	GIN-41-MGE-S217	0	0	0	0	0	0	0	0	0
NR_180611.1	GIN-41-MGE-S217	0	0	0	0	0	0	0	0	0
NR_180610.1	GIN-41-MGE-S217	0	0	0	0	0	0	0	0	0
NR_180609.1	GIN-41-MGE-S217	0	0	0	0	0	0	0	0	0
NR_180608.1	GIN-41-MGE-S217	0	0	0	0	0	0	0	0	0
NR_180607.1	GIN-41-MGE-S217	0	0	0	0	0	0	0	0	0
NR_180606.1	GIN-41-MGE-S217	0	0	0	0	0	0	0	0	0
NR_180605.1	GIN-41-MGE-S217	0	0	0	0	0	0	0	0	0
NR_180604.1	GIN-41-MGE-S217	0	0	0	0	0	0	0	0	0
NR_180603.1	GIN-41-MGE-S217	0	0	0	0	0	0	0	0	0
NR_180602.1	GIN-41-MGE-S217	0	0	0	0	0	0	0	0	0
NR_180601.1	GIN-41-MGE-S217	0	0	0	0	0	0	0	0	0
NR_180600.1	GIN-41-MGE-S217	0	0	0	0	0	0	0	0	0
NR_180599.1	GIN-41-MGE-S217	0	0	0	0	0	0	0	0	0
NR_180598.1	GIN-41-MGE-S217	0	0	0	0	0	0	0	0	0
NR_180597.1	GIN-41-MGE-S217	0	0	0	0	0	0	0	0	0
NR_180596.1	GIN-41-MGE-S217	0	0	0	0	0	0	0	0	0
NR_180595.1	GIN-41-MGE-S217	0	0	0	0	0	0	0	0	0
NR_180594.1	GIN-41-MGE-S217	0	0	0	0	0	0	0	0	0
NR_180593.1	GIN-41-MGE-S217	0	0	0	0	0	0	0	0	0
NR_180592.1	GIN-41-MGE-S217	0	0	0	0	0	0	0	0	0
NR_180591.1	GIN-41-MGE-S217	0	0	0	0	0	0	0	0	0
NR_180590.1	GIN-41-MGE-S217	0	0	0	0	0	0	0	0	0
NR_180589.1	GIN-41-MGE-S217	0	0	0	0	0	0	0	0	0
NR_180588.1	GIN-41-MGE-S217	0	0	0	0	0	0	0	0	0
NR_180587.1	GIN-41-MGE-S217	0	0	0	0	0	0	0	0	0
NR_180586.1	GIN-41-MGE-S217	0	0	0	0	0	0	0	0	0
NR_180585.1	GIN-41-MGE-S217	0	0	0	0	0	0	0	0	0
NR_180584.1	GIN-41-MGE-S217	0	0	0	0	0	0	0	0	0
NR_180583.1	GIN-41-MGE-S217	0	0	0	0	0	0	0	0	0
NR_180582.1	GIN-41-MGE-S217	0	0	0	0	0	0	0	0	0
NR_180581.1	GIN-41-MGE-S217	0	0	0	0	0	0	0	0	0
NR_180580.1	GIN-41-MGE-S217	0	0	0	0	0	0	0	0	0
NR_180579.1	GIN-41-MGE-S217	0	0	0	0	0	0	0	0	0
NR_180578.1	GIN-41-MGE-S217	0	0	0	0	0	0	0	0	0
NR_180577.1	GIN-41-MGE-S217	0	0	0	0	0	0	0	0	0
NR_180576.1	GIN-41-MGE-S217	0	0	0	0	0	0	0	0	0
NR_180575.1	GIN-41-MGE-S217	0	0	0	0	0	0	0	0	0
NR_180574.1	GIN-41-MGE-S217	0	0	0	0	0	0	0	0	0
NR_180573.1	GIN-41-MGE-S217	0	0	0	0	0	0	0	0	0
NR_180572.1	GIN-41-MGE-S217	0	0	0	0	0	0	0	0	0
NR_180571.1	GIN-41-MGE-S217	0	0	0	0	0	0	0	0	0
NR_180570.1	GIN-41-MGE-S217	0	0	0	0	0	0	0	0	0
NR_180569.1	GIN-41-MGE-S217	0	0	0	0	0	0	0	0	0
NR_180568.1	GIN-41-MGE-S217	0	0	0	0	0	0	0	0	0
NR_180567.1	GIN-41-MGE-S217	0	0	0	0	0	0	0	0	0
NR_180566.1	GIN-41-MGE-S217	0	0	0	0	0	0	0	0	0
NR_180565.1	GIN-41-MGE-S217	0	0	0	0	0	0	0	0	0
NR_180564.1	GIN-41-MGE-S217	0	0	0	0	0	0	0	0	0
NR_180563.1	GIN-41-MGE-S217	0	0	0	0	0	0	0	0	0
NR_180562.1	GIN-41-MGE-S217	0	0	0	0	0	0	0	0	0
NR_180561.1	GIN-41-MGE-S217	0	0	0	0	0	0	0	0	0
NR_180560.1	GIN-41-MGE-S217	0	0	0	0	0	0	0	0	0
NR_180559.1	GIN-41-MGE-S217	0	0	0	0	0	0	0	0	0
NR_180558.1	GIN-41-MGE-S217	0	0	0	0	0	0	0	0	0
NR_180557.1	GIN-41-MGE-S217	0	0	0	0	0	0	0	0	0
NR_180556.1	GIN-41-MGE-S217	0	0	0	0	0	0	0	0	0
NR_180555.1	GIN-41-MGE-S217	0	0	0	0	0	0	0	0	0
NR_180554.1	GIN-41-MGE-S217	0	0	0	0	0	0	0	0	0
NR_180553.1	GIN-41-MGE-S217	0	0	0	0	0	0	0	0	0
NR_180552.1	GIN-41-MGE-S217	0	0	0	0	0	0	0	0	0
NR_180551.1	GIN-41-MGE-S217	0	0	0	0	0	0	0	0	0
NR_180550.1	GIN-41-MGE-S217	0	0	0	0	0	0	0	0	0
NR_180549.1	GIN-41-MGE-S217	0	0	0	0	0	0	0	0	0
NR_180548.1	GIN-41-MGE-S217	0	0	0	0	0	0	0	0	0
NR_180547.1	GIN-41-MGE-S217	0	0	0	0	0	0	0	0	0
NR_180546.1	GIN-41-MGE-S217	0	0	0	0	0	0	0	0	0
NR_180545.1	GIN-41-MGE-S217	0	0	0	0	0	0	0	0	0
NR_180544.1	GIN-41-MGE-S217	0	0	0	0	0	0	0	0	0
NR_180543.1	GIN-41-MGE-S217	0	0	0	0	0	0	0	0	0
NR_180542.1	GIN-41-MGE-S217	0	0	0	0	0	0	0	0	0
NR_180541.1	GIN-41-MGE-S217	0	0	0	0	0	0	0	0	0
NR_180540.1	GIN-41-MGE-S217	0	0	0	0	0	0	0	0	0
NR_180539.1	GIN-41-MGE-S217	0	0	0	0	0	0	0	0	0
NR_180538.1	GIN-41-MGE-S217	0	0	0	0	0	0	0	0	0
NR_180537.1	GIN-41-MGE-S217	0	0	0	0	0	0	0	0	0
NR_180536.1	GIN-41-MGE-S217	0	0	0	0	0	0	0	0	0
NR_180535.1	GIN-41-MGE-S217	0	0	0	0	0	0	0	0	0
NR_180534.1	GIN-41-MGE-S217	0	0	0	0	0	0	0	0	0
NR_180533.1	GIN-41-MGE-S217	0	0	0	0	0	0	0	0	0
NR_180532.1	GIN-41-MGE-S217	0	0	0	0	0	0	0	0	0
NR_180531.1	GIN-41-MGE-S217	0	0	0	0	0	0	0	0	0
NR_180530.1	GIN-41-MGE-S217	0	0	0	0	0	0	0	0	0
NR_180529.1	GIN-41-MGE-S217	0	0	0	0	0	0	0	0	0
NR_180528.1	GIN-41-MGE-S217	0	0	0	0	0	0	0	0	0
NR_180527.1	GIN-41-MGE-S217	0	0	0	0	0	0	0	0	0
NR_180526.1	GIN-41-MGE-S217	0	0	0	0	0	0	0	0	0
NR_180525.1	GIN-41-MGE-S217	0	0	0	0	0	0	0	0	0
NR_180524.1	GIN-41-MGE-S217	0	0	0	0	0	0	0	0	0
NR_180523.1	GIN-41-MGE-S217	0	0	0	0	0	0	0	0	0
NR_180522.1	GIN-41-MGE-S217	0	0	0	0	0	0	0	0	0
NR_180521.1	GIN-41-MGE-S217	0	0	0	0	0	0	0	0	0
NR_180520.1	GIN-41-MGE-S217	0	0	0	0	0	0	0	0	0
NR_180519.1	GIN-41-MGE-S217	0	0	0	0	0	0	0	0	0
NR_180518.1	GIN-41-MGE-S217	0	0	0	0	0	0	0	0	0
NR_180517.1	GIN-41-MGE-S217	0	0	0	0	0	0	0	0	0
NR_180516.1	GIN-41-MGE-S217	0	0	0	0	0	0	0	0	0
NR_180515.1	GIN-41-MGE-S217	0	0	0	0	0	0	0	0	0
NR_180514.1	GIN-41-MGE-S217	0	0	0	0	0	0	0	0	0
NR_180513.1	GIN-41-MGE-S217	0	0	0	0	0	0	0	0	0
NR_180512.1	GIN-41-MGE-S217	0	0	0	0	0	0	0	0	0
NR_180511.1	GIN-41-MGE-S217	0	0	0	0	0	0	0	0	0
NR_180510.1	GIN-41-MGE-S217	0	0	0	0	0	0	0	0	0
NR_180509.1	GIN-41-MGE-S217	0	0	0	0	0	0	0	0	0
NR_180508.1	GIN-41-MGE-S217	0	0	0	0	0	0	0	0	0
NR_180507.1	GIN-41-MGE-S217	0	0	0	0	0	0	0	0	0
NR_180506.1	GIN-41-MGE-S217	0	0	0	0	0	0	0	0	0
NR_180505.1	GIN-41-MGE-S217	0	0	0	0	0	0	0	0	0
NR_180504.1	GIN-41-MGE-S217	0	0	0	0	0	0	0	0	0
NR_180503.1	GIN-41-MGE-S217	0	0	0	0	0	0	0	0	0
NR_180502.1	GIN-41-MGE-S217	0	0	0	0	0	0	0	0	0
NR_180501.1	GIN-41-MGE-S217	0	0	0	0	0	0	0	0	0
NR_180500.1	GIN-41-MGE-S217	0	0	0	0	0	0	0	0	0
NR_180499.1	GIN-41-MGE-S217	0	0	0	0	0	0	0	0	0
NR_180498.1	GIN-41-MGE-S217	0	0	0	0	0	0	0	0	0
NR_180497.1	GIN-41-MGE-S217	0	0	0	0	0	0	0	0	0
NR_180496.1	GIN-41-MGE-S217	0	0	0	0	0	0	0	0	0
NR_180495.1	GIN-41-MGE-S217	0	0	0	0	0	0	0	0	0
NR_180494.1	GIN-41-MGE-S217	0	0	0	0	0	0	0	0	0
NR_180493.1	GIN-41-MGE-S217	0	0	0	0	0	0	0	0	0
NR_180492.1	GIN-41-MGE-S217	0	0	0	0	0	0	0	0	0
NR_180491.1	GIN-41-MGE-S217	0	0	0	0	0	0	0	0	0
NR_180490.1	GIN-41-MGE-S217	0	0	0	0	0	0	0	0	0
NR_180489.1	GIN-41-MGE-S217	0	0	0	0	0	0	0	0	0
NR_180488.1	GIN-41-MGE-S217	0	0	0	0	0	0	0	0	0
NR_180487.1	GIN-41-MGE-S217	0	0	0	0	0	0	0	0	0
NR_180486.1	GIN-41-MGE-S217	0	0	0	0	0	0	0	0	0
NR_180485.1	GIN-41-MGE-S217	0	0	0	0	0	0	0	0	0
NR_180484.1	GIN-41-MGE-S217	0	0	0	0	0	0	0	0	0
NR_180483.1	GIN-41-MGE-S217	0	0	0	0	0	0	0	0	0
NR_180482.1	GIN-41-MGE-S217	0	0	0	0	0	0	0	0	0
NR_180481.1	GIN-41-MGE-S217	0	0	0	0	0	0	0	0	0
NR_180480.1	GIN-41-MGE-S217	0	0	0	0	0	0	0	0	0
NR_180479.1	GIN-41-MGE-S217	0	0	0	0	0	0	0	0	0
NR_180478.1	GIN-41-MGE-S217	0	0	0	0	0	0	0	0	0
NR_180477.1	GIN-41-MGE-S217	0	0	0	0	0	0	0	0	0
NR_180476.1	GIN-41-MGE-S217	0	0	0	0	0	0	0	0	0
NR_180475.1	GIN-41-MGE-S217	0	0	0	0	0	0	0	0	0
NR_180474.1	GIN-41-MGE-S217	0	0	0	0	0	0	0	0	0
NR_180473.1	GIN-41-MGE-S217	0	0	0	0	0	0	0	0	0
NR_180472.1	GIN-41-MGE-S217	0	0	0	0	0	0	0	0	0
NR_180471.1	GIN-41-MGE-S217	0	0	0	0	0	0	0	0	0
NR_180470.1	GIN-41-MGE-S217	0	0	0	0	0	0	0	0	0
NR_180469.1	GIN-41-MGE-S217	0	0	0	0	0	0	0	0	0
NR_180468.1	GIN-41-MGE-S217	0	0	0	0	0	0	0	0	0
NR_180467.1	GIN-41-MGE-S217	0	0	0	0	0	0	0	0	0
NR_180466.1	GIN-41-MGE-S217	0	0	0	0	0	0	0	0	0
NR_180465.1	GIN-41-MGE-S217	0	0	0	0	0	0	0	0	0
NR_180464.1	GIN-41-MGE-S217	0	0	0	0	0	0	0	0	0
NR_180463.1	GIN-41-MGE-S217	0	0	0	0	0	0	0	0	0
NR_180462.1	GIN-41-MGE-S217	0	0	0	0	0	0	0	0	0
NR_180461.1	GIN-41-MGE-S217	0	0	0	0	0	0	0	0	0
NR_180460.1	GIN-41-MGE-S217	0	0	0	0	0	0	0	0	0
NR_180459.1	GIN-41-MGE-S217	0	0	0	0	0	0	0	0	0
NR_180458.1	GIN-41-MGE-S217	0	0	0	0	0	0	0	0	0
NR_180457.1	GIN-41-MGE-S217	0	0	0	0	0	0	0	0	0
NR_180456.1	GIN-41-MGE-S217	0	0	0	0	0	0	0	0	0
NR_180455.1	GIN-41-MGE-S217	0	0	0	0	0	0	0	0	0
NR_180454.1	GIN-41-MGE-S217	0	0	0	0	0	0	0	0	0
NR_180453.1	GIN-41-MGE-S217	0	0	0	0	0	0	0	0	0
NR_180452.1	GIN-41-MGE-S217	0	0	0	0	0	0	0	0	0
NR_180451.1	GIN-41-MGE-S217	0	0	0	0	0	0	0	0	0
NR_180450.1	GIN-41-MGE-S217	0	0	0	0	0	0	0	0	0
NR_180449.1	GIN-41-MGE-S217	0	0	0	0	0	0	0	0	0
NR_180448.1	GIN-41-MGE-S217	0	0	0	0	0	0	0	0	0
NR_180447.1	GIN-41-MGE-S217	0	0	0	0	0	0	0	0	0
NR_180446.1	GIN-41-MGE-S217	0	0	0	0	0	0	0	0	0
NR_180445.1	GIN-41-MGE-S217	0	0	0	0	0	0	0	0	0
NR_180444.1	GIN-41-MGE-S217	0	0	0	0	0	0	0	0	0
NR_180443.1	GIN-41-MGE-S217	0	0	0	0	0	0	0	0	0
NR_180442.1	GIN-41-MGE-S217	0	0	0	0	0	0	0	0	0
NR_180441.1	GIN-41-MGE-S217	0	0	0	0	0	0	0	0	0
NR_180440.1	GIN-41-MGE-S217	0	0	0	0	0	0	0	0	0
NR_180439.1	GIN-41-MGE-S217	0	0	0	0	0	0	0	0	0
NR_180438.1	GIN-41-MGE-S217	0	0	0	0	0	0	0	0	0
NR_180437.1	GIN-41-MGE-S217	0	0	0	0	0	0	0	0	0
NR_180436.1	GIN-41-MGE-S217	0	0	0	0	0	0	0	0	0
NR_180435.1	GIN-41-MGE-S217	0	0	0	0	0	0	0	0	0
NR_180434.1	GIN-41-MGE-S217	0	0	0	0	0	0	0	0	0
NR_180433.1	GIN-41-MGE-S217	0	0	0	0	0	0	0	0	0
NR_180432.1	GIN-41-MGE-S217	0	0	0	0	0	0	0	0	0
NR_180431.1	GIN-41-MGE-S217	0	0	0	0	0	0	0	0	0
NR_180430.1	GIN-41-MGE-S217	0	0	0	0	0	0	0	0	0
NR_180429.1	GIN-41-MGE-S217	0	0	0	0	0	0	0	0	0
NR_180428.1	GIN-41-MGE-S217	0	0	0	0	0	0	0	0	0
NR_180427.1	GIN-41-MGE-S217	0	0	0	0	0	0	0	0	0
NR_180426.1	GIN-41-MGE-S217	0	0	0	0	0	0	0	0	0
NR_180425.1	GIN-41-MGE-S217	0	0	0	0	0	0	0	0	0
NR_180424.1	GIN-41-MGE-S217	0	0	0	0	0	0	0	0	0
NR_180423.1	GIN-41-MGE-S217	0	0	0	0	0	0	0	0	0
NR_180422.1	GIN-41-MGE-S217	0	0	0	0	0	0	0	0	0
NR_180421.1	GIN-41-MGE-S217	0	0	0	0	0	0	0	0	0
NR_180420.1	GIN-41-MGE-S217	0	0	0	0	0	0	0	0	0
NR_180419.1	GIN-41-MGE-S217	0	0	0	0	0	0	0	0	0
NR_180418.1	GIN-41-MGE-S217	0	0	0	0	0	0	0	0	0
NR_180417.1	GIN-41-MGE-S217	0	0	0	0	0	0	0	0	0
NR_180416.1	GIN-41-MGE-S217	0	0	0	0	0	0	0	0	0
NR_180415.1	GIN-41-MGE-S217	0	0	0	0	0	0	0	0	0
NR_180414.1	GIN-41-MGE-S217	0	0	0	0	0	0	0	0	0
NR_180413.1	GIN-41-MGE-S217	0	0	0	0	0	0	0	0	0
NR_180412.1	GIN-41-MGE-S217	0	0	0	0	0	0	0	0	0
NR_180411.1	GIN-41-MGE-S217	0	0	0	0	0	0	0	0	0
NR_180410.1	GIN-41-MGE-S217	0	0	0	0	0	0	0	0	0
NR_180409.1	GIN-41-MGE-S217	0	0	0	0	0	0	0	0	0
NR_180408.1	GIN-41-MGE-S217	0	0	0	0	0	0	0	0	0
NR_180407.1	GIN-41-MGE-S217	0	0	0	0	0	0	0	0	0
NR_180406.1	GIN-41-MGE-S217	0	0	0	0	0	0	0	0	0
NR_180405.1	GIN-41-MGE-S217	0	0	0	0	0	0	0	0	0
NR_180404.1	GIN-41-MGE-S217	0	0	0	0	0	0	0	0	0
NR_180403.1	GIN-41-MGE-S217	0	0	0	0	0	0	0	0	0
NR_180402.1	GIN-41-MGE-S217	0	0	0	0	0	0	0	0	0
NR_180401.1	GIN-41-MGE-S217	0	0	0	0	0	0	0	0	0
NR_180400.1	GIN-41-MGE-S217	0	0	0	0	0	0	0	0	0
NR_180399.1	GIN-41-MGE-S217	0	0	0	0	0	0	0	0	0
NR_180398.1	GIN-41-MGE-S217	0	0	0	0	0	0	0	0	0
NR_180397.1	GIN-41-MGE-S217	0	0	0	0	0	0	0	0	0
NR_180396.1	GIN-41-MGE-S217	0	0	0	0	0	0	0	0	0
NR_180395.1	GIN-41-MGE-S217	0	0	0	0	0	0	0	0	0
NR_180394.1	GIN-41-MGE-S217	0	0	0	0	0	0	0	0	0
NR_180393.1	GIN-41-MGE-S217	0	0	0	0	0	0	0	0	0
NR_180392.1	GIN-41-MGE-S217	0	0	0	0	0	0	0	0	0
NR_180391.1	GIN-41-MGE-S217	0	0	0	0	0	0	0	0	0
NR_180390.1	GIN-41-MGE-S217	0	0	0	0	0	0	0	0	0
NR_180389.1	GIN-41-MGE-S217	0	0	0	0	0	0	0	0	0
NR_180388.1	GIN-41-MGE-S217	0	0	0	0	0	0	0	0	0
NR_180387.1	GIN-41-MGE-S217	0	0	0	0	0	0	0	0	0
NR_180386.1	GIN-41-MGE-S217	0	0	0	0	0	0	0	0	0
NR_180385.1	GIN-41-MGE-S217	0	0	0	0	0	0	0	0	0
NR_180384.1	GIN-41-MGE-S217	0	0	0	0	0	0	0	0	0
NR_180383.1	GIN-41-MGE-S217	0	0	0	0	0	0	0	0	0
NR_180382.1	GIN-41-MGE-S217	0	0	0	0	0	0	0	0	0
NR_180380.1	GIN-41-MGE-S217	0	0	0	0	0	0	0	0	0
NR_180379.1	GIN-41-MGE-S217	0	0	0	0	0	0	0	0	0
NR_180378.1	GIN-41-MGE-S217	0	0	0	0	0	0	0	0	0
NR_180377.1	GIN-41-MGE-S217	0	0	0	0	0	0	0	0	0
NR_180376.1	GIN-41-MGE-S217	0	0	0	0	0	0	0	0	0
NR_180375.1	GIN-41-MGE-S217	0	0	0	0	0	0	0	0	0
NR_180374.1	GIN-41-MGE-S217	0	0	0	0	0	0	0	0	0
NR_180373.1	GIN-41-MGE-S217	0	0	0	0	0	0	0	0	0
NR_180372.1	GIN-41-MGE-S217	0	0	0	0	0	0	0	0	0
NR_180371.1	GIN-41-MGE-S217	0	0	0	0	0	0	0	0	0
NR_180370.1	GIN-41-MGE-S217	0	0	0	0	0	0	0	0	0
NR_180369.1	GIN-41-MGE-S217	0	0	0	0	0	0	0	0	0
NR_180368.1	GIN-41-MGE-S217	0	0	0	0	0	0	0	0	0
NR_180367.1	GIN-41-MGE-S217	0	0	0	0	0	0	0	0	0
NR_180366.1	GIN-41-MGE-S217	0	0	0	0	0	0	0	0	0
NR_180365.1	GIN-41-MGE-S217	0	0	0	0	0	0	0	0	0
NR_180364.1	GIN-41-MGE-S217	0	0	0	0	0	0	0	0	0
NR_180363.1	GIN-41-MGE-S217	0	0	0	0	0	0	0	0	0
NR_180362.1	GIN-41-MGE-S217	0	0	0	0	0	0	0	0	0
NR_180361.1	GIN-41-MGE-S217	0	0	0	0	0	0	0	0	0
NR_180360.1	GIN-41-MGE-S217	0	0	0	0	0	0	0	0	0
NR_180359.1	GIN-41-MGE-S217	0	0	0	0	0	0	0	0	0
NR_180358.1	GIN-41-MGE-S217	0	0	0	0	0	0	0	0	0
NR_180357.1	GIN-41-MGE-S217	0	0	0	0	0	0	0	0	0
NR_180356.1	GIN-41-MGE-S217	0	0	0	0	0	0	0	0	0
NR_180355.1	GIN-41-MGE-S217	0	0	0	0	0	0	0	0	0
NR_180354.1	GIN-41-MGE-S217	0	0	0	0	0	0	0	0	0
NR_180353.1	GIN-41-MGE-S217	0	0	0	0	0	0	0	0	0
NR_180352.1	GIN-41-MGE-S217	0	0	0	0	0	0	0	0	0
NR_180351.1	GIN-41-MGE-S217	0	0	0	0	0	0	0	0	0
NR_180350.1	GIN-41-MGE-S217	0	0	0	0	0	0	0	0	0
NR_180349.1	GIN-41-MGE-S217	0	0	0	0	0	0	0	0	0
NR_180348.1	GIN-41-MGE-S217	0	0	0	0	0	0	0	0	0
NR_180347.1	GIN-41-MGE-S217	0	0	0	0	0	0	0	0	0
NR_180346.1	GIN-41-MGE-S217	0	0	0	0	0	0	0	0	0
NR_180345.1	GIN-41-MGE-S217	0	0	0	0	0	0	0	0	0
NR_180344.1	GIN-41-MGE-S217	0	0	0	0	0	0	0	0	0
NR_180343.1	GIN-41-MGE-S217	0	0	0	0	0	0	0	0	0
NR_180342.1	GIN-41-MGE-S217	0	0	0	0	0	0	0	0	0
NR_180341.1	GIN-41-MGE-S217	0	0	0	0	0	0	0	0	0
NR_180340.1	GIN-41-MGE-S217	0	0	0	0	0	0	0	0	0
NR_180339.1	GIN-41-MGE-S217	0	0	0	0	0	0	0	0	0
NR_180338.1	GIN-41-MGE-S217	0	0	0	0	0	0	0	0	0
NR_180337.1	GIN-41-MGE-S217	0	0	0	0	0	0	0	0	0
NR_180336.1	GIN-41-MGE-S217	0	0	0	0	0	0	0	0	0
NR_180335.1	GIN-41-MGE-S217	0	0	0	0	0	0	0	0	0
NR_180334.1	GIN-41-MGE-S217	0	0	0	0	0	0	0	0	0
NR_180333.1	GIN-41-MGE-S217	0	0	0	0	0	0	0	0	0
NR_180332.1	GIN-41-MGE-S217	0	0	0	0	0	0	0	0	0
NR_180331.1	GIN-41-MGE-S217	0	0	0	0	0	0	0	0	0
NR_180330.1	GIN-41-MGE-S217	0	0	0	0	0	0	0	0	0
NR_180329.1	GIN-41-MGE-S217	0	0	0	0	0	0	0	0	0
NR_180328.1	GIN-41-MGE-S217	0	0	0	0	0	0	0	0	0
NR_180327.1	GIN-41-MGE-S217	0	0	0	0	0	0	0	0	0
NR_180326.1	GIN-41-MGE-S217	0	0	0	0	0	0	0	0	0
NR_180325.1	GIN-41-MGE-S217	0	0	0	0	0	0	0	0	0
NR_180324.1	GIN-41-MGE-S217	0	0	0	0	0	0	0	0	0
NR_180323.1	GIN-41-MGE-S217	0	0	0	0	0	0	0	0	0
NR_180322.1	GIN-41-MGE-S217	0	0	0	0	0	0	0	0	0
NR_180321.1	GIN-41-MGE-S217	0	0	0	0	0	0	0	0	0
NR_180320.1	GIN-41-MGE-S217	0	0	0	0	0	0	0	0	0
NR_180319.1	GIN-41-MGE-S217	0	0	0	0	0	0	0	0	0
NR_180318.1	GIN-41-MGE-S217	0	0	0	0	0	0	0	0	0
NR_180317.1	GIN-41-MGE-S217	0	0	0	0	0	0	0	0	0
NR_180316.1	GIN-41-MGE-S217	0	0	0	0	0	0	0	0	0
NR_180315.1	GIN-41-MGE-S217	0	0	0	0	0	0	0	0	0
NR_180314.1	GIN-41-MGE-S217	0	0	0	0	0	0	0	0	0
NR_180313.1	GIN-41-MGE-S217	0	0	0	0	0	0	0	0	0
NR_180312.1	GIN-41-MGE-S217	0	0	0	0	0	0	0	0	0
NR_180311.1	GIN-41-MGE-S217	0	0	0	0	0	0	0	0	0
NR_180310.1	GIN-41-MGE-S217	0	0	0	0	0	0	0	0	0
NR_180309.1	GIN-41-MGE-S217	0	0	0	0	0	0	0	0	0
NR_180308.1	GIN-41-MGE-S217	0	0	0	0	0	0	0	0	0
NR_180307.1	GIN-41-MGE-S217	0	0	0	0	0	0	0	0	0
NR_180306.1	GIN-41-MGE-S217	0	0	0	0	0	0	0	0	0
NR_180305.1	GIN-41-MGE-S217	0	0	0	0	0	0	0	0	0
NR_180304.1	GIN-41-MGE-S217	0	0	0	0	0	0	0	0	0
NR_180303.1	GIN-41-MGE-S217	0	0	0	0	0	0	0	0	0
NR_180302.1	GIN-41-MGE-S217	0	0	0	0	0	0	0	0	0
NR_180301.1	GIN-41-MGE-S217	0	0	0	0	0	0	0	0	0
NR_180300.1	GIN-41-MGE-S217	0	0	0	0	0	0	0	0	0
NR_180299.1	GIN-41-MGE-S217	0	0	0	0	0	0	0	0	0
NR_180298.1	GIN-41-MGE-S217	0	0	0	0	0	0	0	0	0
NR_180297.1	GIN-41-MGE-S217	0	0	0	0	0	0	0	0	0
NR_180296.1	GIN-41-MGE-S217	0	0	0	0	0	0	0	0	0
NR_180295.1	GIN-41-MGE-S217	0	0	0	0	0	0	0	0	0
NR_180294.1	GIN-41-MGE-S217	0	0	0	0	0	0	0	0	0
NR_180293.1	GIN-41-MGE-S217	0	0	0	0	0	0	0	0	0
NR_180292.1	GIN-41-MGE-S217	0	0	0	0	0	0	0	0	0
NR_180291.1	GIN-41-MGE-S217	0	0	0	0	0	0	0	0	0
NR_180290.1	GIN-41-MGE-S217	0	0	0	0	0	0	0	0	0
NR_180289.1	GIN-41-MGE-S217	0	0	0	0	0	0	0	0	0
NR_180288.1	GIN-41-MGE-S217	0	0	0	0	0	0	0	0	0
NR_180287.1	GIN-41-MGE-S217	0	0	0	0	0	0	0	0	0
NR_180286.1	GIN-41-MGE-S217	0	0	0	0	0	0	0	0	0
NR_180285.1	GIN-41-MGE-S217	0	0	0	0	0	0	0	0	0
NR_180284.1	GIN-41-MGE-S217	0	0	0	0	0	0	0	0	0
NR_180283.1	GIN-41-MGE-S217	0	0	0	0	0	0	0	0	0
NR_180282.1	GIN-41-MGE-S217	0	0	0	0	0	0	0	0	0
NR_180281.1	GIN-41-MGE-S217	0	0	0	0	0	0	0	0	0
NR_180280.1	GIN-41-MGE-S217	0	0	0	0	0	0	0	0	0
NR_180279.1	GIN-41-MGE-S217	0	0	0	0	0	0	0	0	0
NR_180278.1	GIN-41-MGE-S217	0	0	0	0	0	0	0	0	0
NR_180277.1	GIN-41-MGE-S217	0	0	0	0	0	0	0	0	0
NR_180276.1	GIN-41-MGE-S217	0	0	0	0	0	0	0	0	0
NR_180275.1	GIN-41-MGE-S217	0	0	0	0	0	0	0	0	0
NR_180274.1	GIN-41-MGE-S217	0	0	0	0	0	0	0	0	0
NR_180273.1	GIN-41-MGE-S217	0	0	0	0	0	0	0	0	0
NR_180272.1	GIN-41-MGE-S217	0	0	0	0	0	0	0	0	0
NR_180271.1	GIN-41-MGE-S217	0	0	0	0	0	0	0	0	0
NR_180270.1	GIN-41-MGE-S217	0	0	0	0	0	0	0	0	0
NR_180269.1	GIN-41-MGE-S217	0	0	0	0	0	0	0	0	0
NR_180268.1	GIN-41-MGE-S217	0	0	0	0	0	0	0	0	0
NR_180267.1	GIN-41-MGE-S217	0	0	0	0	0	0	0	0	0
NR_180266.1	GIN-41-MGE-S217	0	0	0	0	0	0	0	0	0
NR_180265.1	GIN-41-MGE-S217	0	0	0	0	0	0	0	0	0
NR_180264.1	GIN-41-MGE-S217	0	0	0	0	0	0	0	0	0
NR_180263.1	GIN-41-MGE-S217	0	0	0	0	0	0	0	0	0
NR_180262.1	GIN-41-MGE-S217	0	0	0	0	0	0	0	0	0
NR_180261.1	GIN-41-MGE-S217	0	0	0	0	0	0	0	0	0
NR_180260.1	GIN-41-MGE-S217	0	0	0	0	0	0	0	0	0
NR_180259.1	GIN-41-MGE-S217	0	0	0	0	0	0	0	0	0
NR_180258.1	GIN-41-MGE-S217	0	0	0	0	0	0	0	0	0
NR_180257.1	GIN-41-MGE-S217	0	0	0	0	0	0	0	0	0
NR_180256.1	GIN-41-MGE-S217	0	0	0	0	0	0	0	0	0
NR_180255.1	GIN-41-MGE-S217	0	0	0	0	0	0	0	0	0
NR_180254.1	GIN-41-MGE-S217	0	0	0	0	0	0	0	0	0
NR_180253.1	GIN-41-MGE-S217	0	0	0	0	0	0	0	0	0
NR_180252.1	GIN-41-MGE-S217	0	0	0	0	0	0	0	0	0
NR_180251.1	GIN-41-MGE-S217	0	0	0	0	0	0	0	0	0
NR_180250.1	GIN-41-MGE-S217	0	0	0	0	0	0	0	0	0
NR_180249.1	GIN-41-MGE-S217	0	0	0	0	0	0	0	0	0
NR_180248.1	GIN-41-MGE-S217	0	0	0	0	0	0	0	0	0
NR_180247.1	GIN-41-MGE-S217	0	0	0	0	0	0	0	0	0
NR_180246.1	GIN-41-MGE-S217	0	0	0	0	0	0	0	0	0
NR_180245.1	GIN-41-MGE-S217	0	0	0	0	0	0	0	0	0
NR_180244.1	GIN-41-MGE-S217	0	0	0	0	0	0	0	0	0
NR_180243.1	GIN-41-MGE-S217	0	0	0	0	0	0	0	0	0
NR_180242.1	GIN-41-MGE-S217	0	0	0	0	0	0	0	0	0
NR_180241.1	GIN-41-MGE-S217	0	0	0	0	0	0	0	0	0
NR_180240.1	GIN-41-MGE-S217	0	0	0	0	0	0	0	0	0
NR_180239.1	GIN-41-MGE-S217	0	0	0	0	0	0	0	0	0
NR_180238.1	GIN-41-MGE-S217	0	0	0	0	0	0	0	0	0
NR_180237.1	GIN-41-MGE-S217	0	0	0	0	0	0	0	0	0
NR_180236.1	GIN-41-MGE-S217	0	0	0	0	0	0	0	0	0
NR_180235.1	GIN-41-MGE-S217	0	0	0	0	0	0	0	0	0
NR_180234.1	GIN-41-MGE-S217	0	0	0	0	0	0	0	0	0
NR_180233.1	GIN-41-MGE-S217	0	0	0	0	0	0	0	0	0
NR_180232.1	GIN-41-MGE-S217	0	0	0	0	0	0	0	0	0
NR_180231.1	GIN-41-MGE-S217	0	0	0	0	0	0	0	0	0
NR_180230.1	GIN-41-MGE-S217	0	0	0	0	0	0	0	0	0
NR_180229.1	GIN-41-MGE-S217	0	0	0	0	0	0	0	0	0
NR_180228.1	GIN-41-MGE-S217	0	0	0	0	0	0	0	0	0
NR_180227.1	GIN-41-MGE-S217	0	0	0	0	0	0	0	0	0
NR_180226.1	GIN-41-MGE-S217	0	0	0	0	0	0	0	0	0
NR_180225.1	GIN-41-MGE-S217	0	0	0	0	0	0	0	0	0
NR_180224.1	GIN-41-MGE-S217	0	0	0	0	0	0	0	0	0
NR_180223.1	GIN-41-MGE-S217	0	0	0	0	0	0	0	0	0
NR_180222.1	GIN-41-MGE-S217	0	0	0	0	0	0	0	0	0
NR_180221.1	GIN-41-MGE-S217	0	0	0	0	0	0	0	0	0
NR_180220.1	GIN-41-MGE-S217	0	0	0	0	0	0	0	0	0
NR_180219.1	GIN-41-MGE-S217	0	0	0	0	0	0	0	0	0
NR_180218.1	GIN-41-MGE-S217	0	0	0	0	0	0	0	0	0
NR_180217.1	GIN-41-MGE-S217	0	0	0	0	0	0	0	0	0
NR_180216.1	GIN-41-MGE-S217	0	0	0	0	0	0	0	0	0
NR_180215.1	GIN-41-MGE-S217	0	0	0	0	0	0	0	0	0
NR_180214.1	GIN-41-MGE-S217	0	0	0	0	0	0	0	0	0
NR_180213.1	GIN-41-MGE-S217	0	0	0	0	0	0	0	0	0
NR_180212.1	GIN-41-MGE-S217	0	0	0	0	0	0	0	0	0
NR_180211.1	GIN-41-MGE-S217	0	0	0	0	0	0	0	0	0
NR_180210.1	GIN-41-MGE-S217	0	0	0	0	0	0	0	0	0
NR_180209.1	GIN-41-MGE-S217	0	0	0	0	0	0	0	0	0
NR_180208.1	GIN-41-MGE-S217	0	0	0	0	0	0	0	0	0
NR_180207.1	GIN-41-MGE-S217	0	0	0	0	0	0	0	0	0
NR_180206.1	GIN-41-MGE-S217	0	0	0	0	0	0	0	0	0
NR_180205.1	GIN-41-MGE-S217	0	0	0	0	0	0	0	0	0
NR_180204.1	GIN-41-MGE-S217	0	0	0	0	0	0	0	0	0
NR_180203.1	GIN-41-MGE-S217	0	0	0	0	0	0	0	0	0
NR_180202.1	GIN-41-MGE-S217	0	0	0	0	0	0	0	0	0
NR_180201.1	GIN-41-MGE-S217	0	0	0	0	0	0	0	0	0
NR_180200.1	GIN-41-MGE-S217	0	0	0	0	0	0	0	0	0
NR_180199.1	GIN-41-MGE-S217	0	0	0	0	0	0	0	0	0
NR_180198.1	GIN-41-MGE-S217	0	0	0	0	0	0	0	0	0
NR_180197.1	GIN-41-MGE-S217	0	0	0	0	0	0	0	0	0
NR_180196.1	GIN-41-MGE-S217	0	0	0	0	0	0	0	0	0
NR_180195.1	GIN-41-MGE-S217	0	0	0	0	0	0	0	0	0
NR_180194.1	GIN-41-MGE-S217	0	0	0	0	0	0	0	0	0
NR_180193.1	GIN-41-MGE-S217	0	0	0	0	0	0	0	0	0
NR_180192.1	GIN-41-MGE-S217	0	0	0	0	0	0	0	0	0
NR_180191.1	GIN-41-MGE-S217	0	0	0	0	0	0	0	0	0
NR_180190.1	GIN-41-MGE-S217	0	0	0	0	0	0	0	0	0
NR_180189.1	GIN-41-MGE-S217	0	0	0	0	0	0	0	0	0
NR_180188.1	GIN-41-MGE-S217	0	0	0	0	0	0	0	0	0
NR_180187.1	GIN-41-MGE-S217	0	0	0	0	0	0	0	0	0
NR_180186.1	GIN-41-MGE-S217	0	0	0	0	0	0	0	0	0
NR_180185.1	GIN-41-MGE-S217	0	0	0	0	0	0	0	0	0
NR_180184.1	GIN-41-MGE-S217	0	0	0	0	0	0	0	0	0
NR_180183.1	GIN-41-MGE-S217	0	0	0	0	0	0	0	0	0
NR_180182.1	GIN-41-MGE-S217	0	0	0	0	0	0	0	0	0
NR_180181.1	GIN-41-MGE-S217	0	0	0	0	0	0	0	0	0
NR_180180.1	GIN-41-MGE-S217	0	0	0	0	0	0	0	0	0
NR_180179.1	GIN-41-MGE-S217	0	0	0	0	0	0	0	0	0
NR_180178.1	GIN-41-MGE-S217	0	0	0	0	0	0	0	0	0
NR_180177.1	GIN-41-MGE-S217	0	0	0	0	0	0	0	0	0
NR_180176.1	GIN-41-MGE-S217	0	0	0	0	0	0	0	0	0
NR_180175.1	GIN-41-MGE-S217	0	0	0	0	0	0	0	0	0
NR_180174.1	GIN-41-MGE-S217	0	0	0	0	0	0	0	0	0
NR_180173.1	GIN-41-MGE-S217	0	0	0	0	0	0	0	0	0
NR_180172.1	GIN-41-MGE-S217	0	0	0	0	0	0	0	0	0
NR_180171.1	GIN-41-MGE-S217	0	0	0	0	0	0	0	0	0
NR_180170.1	GIN-41-MGE-S217	0	0	0	0	0	0	0	0	0
NR_180169.1	GIN-41-MGE-S217	0	0	0	0	0	0	0	0	0
NR_180168.1	GIN-41-MGE-S217	0	0	0	0	0	0	0	0	0
NR_180167.1	GIN-41-MGE-S217	0	0	0	0	0	0	0	0	0
NR_180166.1	GIN-41-MGE-S217	0	0	0	0	0	0	0	0	0
NR_180165.1	GIN-41-MGE-S217	0	0	0	0	0	0	0	0	0
NR_180164.1	GIN-41-MGE-S217	0	0	0	0	0	0	0	0	0
NR_180163.1	GIN-41-MGE-S217	0	0	0	0	0	0	0	0	0
NR_180162.1	GIN-41-MGE-S217	0	0	0	0	0	0	0	0	0
NR_180161.1	GIN-41-MGE-S217	0	0	0	0	0	0	0	0	0
NR_180160.1	GIN-41-MGE-S217	0	0	0	0	0	0	0	0	0
NR_180159.1	GIN-41-MGE-S217	0	0	0	0	0	0	0	0	0
NR_180158.1	GIN-41-MGE-S217	0	0	0	0	0	0	0	0	0
NR_180157.1	GIN-41-MGE-S217	0	0	0	0	0	0	0	0	0
NR_180156.1	GIN-41-MGE-S217	0	0	0	0	0	0	0	0	0
NR_180155.1	GIN-41-MGE-S217	0	0	0	0	0	0	0	0	0
NR_180154.1	GIN-41-MGE-S217	0	0	0	0	0	0	0	0	0
NR_180153.1	GIN-41-MGE-S217	0	0	0	0	0	0	0	0	0
NR_180152.1	GIN-41-MGE-S217	0	0	0	0	0	0	0	0	0
NR_180151.1	GIN-41-MGE-S217	0	0	0	0	0	0	0	0	0
NR_180150.1	GIN-41-MGE-S217	0	0	0	0	0	0	0	0	0
NR_180149.1	GIN-41-MGE-S217	0	0	0	0	0	0	0	0	0
NR_180148.1	GIN-41-MGE-S217	0	0	0	0	0	0	0	0	0
NR_180147.1	GIN-41-MGE-S217	0	0	0	0	0	0	0	0	0
NR_180146.1	GIN-41-MGE-S217	0	0	0	0	0	0	0	0	0
NR_180145.1	GIN-41-MGE-S217	0	0	0	0	0	0	0	0	0
NR_180144.1	GIN-41-MGE-S217	0	0	0	0	0	0	0	0	0
NR_180143.1	GIN-41-MGE-S217	0	0	0	0	0	0	0	0	0
NR_180142.1	GIN-41-MGE-S217	0	0	0	0	0	0	0	0	0
NR_180141.1	GIN-41-MGE-S217	0	0	0	0	0	0	0	0	0
NR_180140.1	GIN-41-MGE-S217	0	0	0	0	0	0	0	0	0
NR_180139.1	GIN-41-MGE-S217	0	0	0	0	0	0	0	0	0
NR_180138.1	GIN-41-MGE-S217	0	0	0	0	0	0	0	0	0
NR_180137.1	GIN-41-MGE-S217	0	0	0	0	0	0	0	0	0
NR_180136.1	GIN-41-MGE-S217	0	0	0	0	0	0	0	0	0
NR_180135.1	GIN-41-MGE-S217	0	0	0	0	0	0	0	0	0
NR_180134.1	GIN-41-MGE-S217	0	0	0	0	0	0	0	0	0
NR_180133.1	GIN-41-MGE-S217	0	0	0	0	0	0	0	0	0
NR_180132.1	GIN-41-MGE-S217	0	0	0	0	0	0	0	0	0
NR_180131.1	GIN-41-MGE-S217	0	0	0	0	0	0	0	0	0
NR_180130.1	GIN-41-MGE-S217	0	0	0	0	0	0	0	0	0
NR_180129.1	GIN-41-MGE-S217	0	0	0	0	0	0	0	0	0
NR_180128.1	GIN-41-MGE-S217	0	0	0	0	0	0	0	0	0
NR_180127.1	GIN-41-MGE-S217	0	0	0	0	0	0	0	0	0
NR_180126.1	GIN-41-MGE-S217	0	0	0	0	0	0	0	0	0
NR_180125.1	GIN-41-MGE-S217	0	0	0	0	0	0	0	0	0
NR_180124.1	GIN-41-MGE-S217	0	0	0	0	0	0	0	0	0
NR_180123.1	GIN-41-MGE-S217	0	0	0	0	0	0	0	0	0
NR_180122.1	GIN-41-MGE-S217	0	0	0	0	0	0	0	0	0
NR_180121.1	GIN-41-MGE-S217	0	0	0	0	0	0	0	0	0
NR_180120.1	GIN-41-MGE-S217	0	0	0	0	0	0	0	0	0
NR_180119.1	GIN-41-MGE-S217	0	0	0	0	0	0	0	0	0
NR_180118.1	GIN-41-MGE-S217	0	0	0	0	0	0	0	0	0
NR_180117.1	GIN-41-MGE-S217	0	0	0	0	0	0	0	0	0
NR_180116.1	GIN-41-MGE-S217	0	0	0	0	0	0	0	0	0
NR_180115.1	GIN-41-MGE-S217	0	0	0	0	0	0	0	0	0
NR_180114.1	GIN-41-MGE-S217	0	0	0	0	0	0	0	0	0
NR_180113.1	GIN-41-MGE-S217	0	0	0	0	0	0	0	0	0
NR_180112.1	GIN-41-MGE-S217	0	0	0	0	0	0	0	0	0
NR_180111.1	GIN-41-MGE-S217	0	0	0	0	0	0	0	0	0
NR_180110.1	GIN-41-MGE-S217	0	0	0	0	0	0	0	0	0
NR_180109.1	GIN-41-MGE-S217	0	0	0	0	0	0	0	0	0
NR_180108.1	GIN-41-MGE-S217	0	0	0	0	0	0	0	0	0
NR_180107.1	GIN-41-MGE-S217	0	0	0	0	0	0	0	0	0
NR_180106.1	GIN-41-MGE-S217	0	0	0	0	0	0	0	0	0
NR_180105.1	GIN-41-MGE-S217	0	0	0	0	0	0	0	0	0
NR_180104.1	GIN-41-MGE-S217	0	0	0	0	0	0	0	0	0
NR_180103.1	GIN-41-MGE-S217	0	0	0	0	0	0	0	0	0
NR_180102.1	GIN-41-MGE-S217	0	0	0	0	0	0	0	0	0
NR_180101.1	GIN-41-MGE-S217	0	0	0	0	0	0	0	0	0
NR_180100.1	GIN-41-MGE-S217	0	0	0	0	0	0	0	0	0
NR_180099.1	GIN-41-MGE-S217	0	0	0	0	0	0	0	0	0
NR_180098.1	GIN-41-MGE-S217	0	0	0	0	0	0	0	0	0
NR_180097.1	GIN-41-MGE-S217	0	0	0	0	0	0	0	0	0
NR_180096.1	GIN-41-MGE-S217	0	0	0	0	0	0	0	0	0
NR_180095.1	GIN-41-MGE-S217	0	0	0	0	0	0	0	0	0
NR_180094.1	GIN-41-MGE-S217	0	0	0	0	0	0	0	0	0
NR_180093.1	GIN-41-MGE-S217	0	0	0	0	0	0	0	0	0
NR_180092.1	GIN-41-MGE-S217	0	0	0	0	0	0	0	0	0
NR_180091.1	GIN-41-MGE-S217	0	0	0	0	0	0	0	0	0
NR_180090.1	GIN-41-MGE-S217	0	0	0	0	0	0	0	0	0
NR_180089.1	GIN-41-MGE-S217	0	0	0	0	0	0	0	0	0
NR_180088.1	GIN-41-MGE-S217	0	0	0	0	0	0	0	0	0
NR_180087.1	GIN-41-MGE-S217	0	0	0	0	0	0	0	0	0
NR_180086.1	GIN-41-MGE-S217	0	0	0	0	0	0	0	0	0
NR_180085.1	GIN-41-MGE-S217	0	0	0	0	0	0	0	0	0
NR_180084.1	GIN-41-MGE-S217	0	0	0	0	0	0	0	0	0
NR_180083.1	GIN-41-MGE-S217	0	0	0	0	0	0	0	0	0
NR_180082.1	GIN-41-MGE-S217	0	0	0	0	0	0	0	0	0
NR_180081.1	GIN-41-MGE-S217	0	0	0	0	0	0	0	0	0
NR_180080.1	GIN-41-MGE-S217	0	0	0	0	0	0	0	0	0
NR_180079.1	GIN-41-MGE-S217	0	0	0	0	0	0	0	0	0
NR_180078.1	GIN-41-MGE-S217	0	0	0	0	0	0	0	0	0
NR_180077.1	GIN-41-MGE-S217	0	0	0	0	0	0	0	0	0
NR_180076.1	GIN-41-MGE-S217	0	0	0	0	0	0	0	0	0
NR_180075.1	GIN-41-MGE-S217	0	0	0	0	0	0	0	0	0
NR_180074.1	GIN-41-MGE-S217	0	0	0	0	0	0	0	0	0
NR_180073.1	GIN-41-MGE-S217	0	0	0	0	0	0	0	0	0
NR_180072.1	GIN-41-MGE-S217	0	0	0	0	0	0	0	0	0
NR_180071.1	GIN-41-MGE-S217	0	0	0	0	0	0	0	0	0
NR_180070.1	GIN-41-MGE-S217	0	0	0	0	0	0	0	0	0
NR_180069.1	GIN-41-MGE-S217	0	0	0	0	0	0	0	0	0
NR_180068.1	GIN-41-MGE-S217	0	0	0	0	0	0	0	0	0
NR_180067.1	GIN-41-MGE-S217	0	0	0	0	0	0	0	0	0
NR_180066.1	GIN-41-MGE-S217	0	0	0	0	0	0	0	0	0
NR_180065.1	GIN-41-MGE-S217	0	0	0	0	0	0	0	0	0
NR_180064.1	GIN-41-MGE-S217	0	0	0	0	0	0	0	0	0
NR_180063.1	GIN-41-MGE-S217	0	0	0	0	0	0	0	0	0
NR_180062.1	GIN-41-MGE-S217	0	0	0	0	0	0	0	0	0
NR_180061.1	GIN-41-MGE-S217	0	0	0	0	0	0	0	0	0
NR_180060.1	GIN-41-MGE-S217	0	0	0	0	0	0	0	0	0
NR_180059.1	GIN-41-MGE-S217	0	0	0	0	0	0	0	0	0
NR_180058.1	GIN-41-MGE-S217	0	0	0	0	0	0	0	0	0
NR_180057.1	GIN-41-MGE-S217	0	0	0	0	0	0	0	0	0
NR_180056.1	GIN-41-MGE-S217	0	0	0	0	0	0	0	0	0
NR_180055.1	GIN-41-MGE-S217	0	0	0	0	0	0	0	0	0
NR_180054.1	GIN-41-MGE-S217	0	0	0	0	0	0	0	0	0
NR_180053.1	GIN-41-MGE-S217	0	0	0	0	0	0	0	0	0
NR_180052.1	GIN-41-MGE-S217	0	0	0	0	0	0	0	0	0
NR_180051.1	GIN-41-MGE-S217	0	0	0	0	0	0	0	0	0
NR_180050.1	GIN-41-MGE-S217	0	0	0	0	0	0	0	0	0
NR_180049.1	GIN-41-MGE-S217	0	0	0	0	0	0	0	0	0
NR_180048.1	GIN-41-MGE-S217	0	0	0	0	0	0	0	0	0
NR_180047.1	GIN-41-MGE-S217	0	0	0	0	0	0	0	0	0
NR_180046.1	GIN-41-MGE-S217	0	0	0	0	0	0	0	0	0
NR_180045.1	GIN-41-MGE-S217	0	0	0	0	0	0	0	0	0
NR_180044.1	GIN-41-MGE-S217	0	0	0	0	0	0	0	0	0
NR_180043.1	GIN-41-MGE-S217	0	0	0	0	0	0	0	0	0
NR_180042.1	GIN-41-MGE-S217	0	0	0	0	0	0	0	0	0
NR_180041.1	GIN-41-MGE-S217	0	0	0	0	0	0	0	0	0
NR_180040.1	GIN-41-MGE-S217	0	0	0	0	0	0	0	0	0
NR_180039.1	GIN-41-MGE-S217	0	0	0	0	0	0	0	0	0
NR_180038.1	GIN-41-MGE-S217	0	0	0	0	0	0	0	0	0
NR_180037.1	GIN-41-MGE-S217	0	0	0	0	0	0	0	0	0
NR_180036.1	GIN-41-MGE-S217	0	0	0	0	0	0	0	0	0
NR_180035.1	GIN-41-MGE-S217	0	0	0	0	0	0	0	0	0
NR_180034.1	GIN-41-MGE-S217	0	0	0	0	0	0	0	0	0
NR_180033.1	GIN-41-MGE-S217	0	0	0	0	0	0	0	0	0
NR_180032.1	GIN-41-MGE-S217	0	0	0	0	0	0	0	0	0
NR_180031.1	GIN-41-MGE-S217	0	0	0	0	0	0	0	0	0
NR_180030.1	GIN-41-MGE-S217	0	0	0	0	0	0	0	0	0
NR_180029.1	GIN-41-MGE-S217	0	0	0	0	0	0	0	0	0
NR_180028.1	GIN-41-MGE-S217	0	0	0	0	0	0	0	0	0
NR_180027.1	GIN-41-MGE-S217	0	0	0	0	0	0	0	0	0
NR_180026.1	GIN-41-MGE-S217	0	0	0	0	0	0	0	0	0
NR_180025.1	GIN-41-MGE-S217	0	0	0	0	0	0	0	0	0
NR_180024.1	GIN-41-MGE-S217	0	0	0	0	0	0	0	0	0
NR_180023.1	GIN-41-MGE-S217	0	0	0	0	0	0	0	0	0
NR_180022.1	GIN-41-MGE-S217	0	0	0	0	0	0	0	0	0
NR_180021.1	GIN-41-MGE-S217	0	0	0	0	0	0	0	0	0
NR_180020.1	GIN-41-MGE-S217	0	0	0	0	0	0	0	0	0
NR_180019.1	GIN-41-MGE-S217	0	0	0	0	0	0	0	0	0
NR_180018.1	GIN-41-MGE-S217	0	0	0	0	0	0	0	0	0
NR_180017.1	GIN-41-MGE-S217	0	0	0	0	0	0	0	0	0
NR_180016.1	GIN-41-MGE-S217	0	0	0	0	0	0	0	0	0
NR_180015.1	GIN-41-MGE-S217	0	0	0	0	0	0	0	0	0
NR_180014.1	GIN-41-MGE-S217	0	0	0	0	0	0	0	0	0
NR_180013.1	GIN-41-MGE-S217	0	0	0	0	0	0	0	0	0
NR_180012.1	GIN-41-MGE-S217	0	0	0	0	0	0	0	0	0
NR_180011.1	GIN-41-MGE-S217	0	0	0	0	0	0	0	0	0
NR_180010.1	GIN-41-MGE-S217	0	0	0	0	0	0	0	0	0
NR_180009.1	GIN-41-MGE-S217	0	0	0	0	0	0	0	0	0
NR_180008.1	GIN-41-MGE-S217	0	0	0	0	0	0	0	0	0
NR_180007.1	GIN-41-MGE-S217	0	0	0	0	0	0	0	0	0
NR_180006.1	GIN-41-MGE-S217	0	0	0	0	0	0	0	0	0
NR_180005.1	GIN-41-MGE-S217	0	0	0	0	0	0	0	0	0
NR_180004.1	GIN-41-MGE-S217	0	0	0	0	0	0	0	0	0
NR_180003.1	GIN-41-MGE-S217	0	0	0	0	0	0	0	0	0
NR_180002.1	GIN-41-MGE-S217	0	0	0	0	0	0	0	0	0
NR_180001.1	GIN-41-MGE-S217	0	0	0	0	0	0	0	0	0
NR_180000.1	GIN-41-MGE-S217	0	0	0	0	0	0	0	0	0
NR_179999.1	GIN-41-MGE-S217	0	0	0	0	0	0	0	0	0
NR_179998.1	GIN-41-MGE-S217	0	0	0	0	0	0	0	0	0
NR_179997.1	GIN-41-MGE-S217	0	0	0	0	0	0	0	0	0
NR_179996.1	GIN-41-MGE-S217	0	0	0	0	0	0	0	0	0
NR_179995.1	GIN-41-MGE-S217	0	0	0	0	0	0	0	0	0
NR_179994.1	GIN-41-MGE-S217	0	0	0	0	0	0	0	0	0
NR_179993.1	GIN-41-MGE-S217	0	0	0	0	0	0	0	0	0
NR_179992.1	GIN-41-MGE-S217	0	0	0	0	0	0	0	0	0
NR_179991.1	GIN-41-MGE-S217	0	0	0	0	0	0	0	0	0
NR_179990.1	GIN-41-MGE-S217	0	0	0	0	0	0	0	0	0
NR_179989.1	GIN-41-MGE-S217	0	0	0	0	0	0	0	0	0
NR_179988.1	GIN-41-MGE-S217	0	0	0	0	0	0	0	0	0
NR_179987.1	GIN-41-MGE-S217	0	0	0	0	0	0	0	0	0
NR_179986.1	GIN-41-MGE-S217	0	0	0	0	0	0	0	0	0
NR_179985.1	GIN-41-MGE-S217	0	0	0	0	0	0	0	0	0
NR_179984.1	GIN-41-MGE-S217	0	0	0	0	0	0	0	0	0
NR_179983.1	GIN-41-MGE-S217	0	0	0	0	0	0	0	0	0
NR_179982.1	GIN-41-MGE-S217	0	0	0	0	0	0	0	0	0
NR_179981.1	GIN-41-MGE-S217	0	0	0	0	0	0	0	0	0
NR_179980.1	GIN-41-MGE-S217	0	0	0	0	0	0	0	0	0
NR_179979.1	GIN-41-MGE-S217	0	0	0	0	0	0	0	0	0
NR_179978.1	GIN-41-MGE-S217	0	0	0	0	0	0	0	0	0
NR_179977.1	GIN-41-MGE-S217	0	0	0	0	0	0	0	0	0
NR_179976.1	GIN-41-MGE-S217	4	4	0	0	0	0	0	0	0
NR_179975.1	GIN-41-MGE-S217	0	0	0	0	0	0	0	0	0
NR_179974.1	GIN-41-MGE-S217	0	0	0	0	0	0	0	0	0
NR_179973.1	GIN-41-MGE-S217	0	0	0	0	0	0	0	0	0
NR_179972.1	GIN-41-MGE-S217	0	0	0	0	0	0	0	0	0
NR_179971.1	GIN-41-MGE-S217	0	0	0	0	0	0	0	0	0
NR_179970.1	GIN-41-MGE-S217	0	0	0	0	0	0	0	0	0
NR_179969.1	GIN-41-MGE-S217	0	0	0	0	0	0	0	0	0
NR_179968.1	GIN-41-MGE-S217	0	0	0	0	0	0	0	0	0
NR_179967.1	GIN-41-MGE-S217	0	0	0	0	0	0	0	0	0
NR_179966.1	GIN-41-MGE-S217	0	0	0	0	0	0	0	0	0
NR_179965.1	GIN-41-MGE-S217	0	0	0	0	0	0	0	0	0
NR_179964.1	GIN-41-MGE-S217	0	0	0	0	0	0	0	0	0
NR_179963.1	GIN-41-MGE-S217	0	0	0	0	0	0	0	0	0
NR_179962.1	GIN-41-MGE-S217	0	0	0	0	0	0	0	0	0
NR_179961.1	GIN-41-MGE-S217	0	0	0	0	0	0	0	0	0
NR_179960.1	GIN-41-MGE-S217	0	0	0	0	0	0	0	0	0
NR_179959.1	GIN-41-MGE-S217	0	0	0	0	0	0	0	0	0
NR_179958.1	GIN-41-MGE-S217	0	0	0	0	0	0	0	0	0
NR_179957.1	GIN-41-MGE-S217	0	0	0	0	0	0	0	0	0
NR_179956.1	GIN-41-MGE-S217	0	0	0	0	0	0	0	0	0
NR_179955.1	GIN-41-MGE-S217	0	0	0	0	0	0	0	0	0
NR_179954.1	GIN-41-MGE-S217	0	0	0	0	0	0	0	0	0
NR_179953.1	GIN-41-MGE-S217	0	0	0	0	0	0	0	0	0
NR_179952.1	GIN-41-MGE-S217	0	0	0	0	0	0	0	0	0
NR_179951.1	GIN-41-MGE-S217	0	0	0	0	0	0	0	0	0
NR_179950.1	GIN-41-MGE-S217	0	0	0	0	0	0	0	0	0
NR_179949.1	GIN-41-MGE-S217	0	0	0	0	0	0	0	0	0
NR_179948.1	GIN-41-MGE-S217	0	0	0	0	0	0	0	0	0
NR_179947.1	GIN-41-MGE-S217	0	0	0	0	0	0	0	0	0
NR_179946.1	GIN-41-MGE-S217	0	0	0	0	0	0	0	0	0
NR_179945.1	GIN-41-MGE-S217	0	0	0	0	0	0	0	0	0
NR_179944.1	GIN-41-MGE-S217	0	0	0	0	0	0	0	0	0
NR_179943.1	GIN-41-MGE-S217	0	0	0	0	0	0	0	0	0
NR_179942.1	GIN-41-MGE-S217	0	0	0	0	0	0	0	0	0
NR_179941.1	GIN-41-MGE-S217	0	0	0	0	0	0	0	0	0
NR_179940.1	GIN-41-MGE-S217	0	0	0	0	0	0	0	0	0
NR_179939.1	GIN-41-MGE-S217	0	0	0	0	0	0	0	0	0
NR_179938.1	GIN-41-MGE-S217	0	0	0	0	0	0	0	0	0
NR_179937.1	GIN-41-MGE-S217	0	0	0	0	0	0	0	0	0
NR_179936.1	GIN-41-MGE-S217	0	0	0	0	0	0	0	0	0
NR_179935.1	GIN-41-MGE-S217	0	0	0	0	0	0	0	0	0
NR_179934.1	GIN-41-MGE-S217	0	0	0	0	0	0	0	0	0
NR_179933.1	GIN-41-MGE-S217	0	0	0	0	0	0	0	0	0
NR_179932.1	GIN-41-MGE-S217	63	63	0	0	0	0	0	0	0
NR_179931.1	GIN-41-MGE-S217	0	0	0	0	0	0	0	0	0
NR_179930.1	GIN-41-MGE-S217	0	0	0	0	0	0	0	0	0
NR_179929.1	GIN-41-MGE-S217	0	0	0	0	0	0	0	0	0
NR_179928.1	GIN-41-MGE-S217	0	0	0	0	0	0	0	0	0
NR_179927.1	GIN-41-MGE-S217	0	0	0	0	0	0	0	0	0
NR_179926.1	GIN-41-MGE-S217	0	0	0	0	0	0	0	0	0
NR_179925.1	GIN-41-MGE-S217	0	0	0	0	0	0	0	0	0
NR_179924.1	GIN-41-MGE-S217	0	0	0	0	0	0	0	0	0
NR_179923.1	GIN-41-MGE-S217	0	0	0	0	0	0	0	0	0
NR_179922.1	GIN-41-MGE-S217	0	0	0	0	0	0	0	0	0
NR_179921.1	GIN-41-MGE-S217	0	0	0	0	0	0	0	0	0
NR_179920.1	GIN-41-MGE-S217	0	0	0	0	0	0	0	0	0
NR_179919.1	GIN-41-MGE-S217	0	0	0	0	0	0	0	0	0
NR_179918.1	GIN-41-MGE-S217	0	0	0	0	0	0	0	0	0
NR_179917.1	GIN-41-MGE-S217	0	0	0	0	0	0	0	0	0
NR_179916.1	GIN-41-MGE-S217	0	0	0	0	0	0	0	0	0
NR_179915.1	GIN-41-MGE-S217	0	0	0	0	0	0	0	0	0
NR_179914.1	GIN-41-MGE-S217	0	0	0	0	0	0	0	0	0
NR_179913.1	GIN-41-MGE-S217	0	0	0	0	0	0	0	0	0
NR_179912.1	GIN-41-MGE-S217	0	0	0	0	0	0	0	0	0
NR_179911.1	GIN-41-MGE-S217	0	0	0	0	0	0	0	0	0
NR_179910.1	GIN-41-MGE-S217	0	0	0	0	0	0	0	0	0
NR_179909.1	GIN-41-MGE-S217	0	0	0	0	0	0	0	0	0
NR_179908.1	GIN-41-MGE-S217	0	0	0	0	0	0	0	0	0
NR_179907.1	GIN-41-MGE-S217	0	0	0	0	0	0	0	0	0
NR_179906.1	GIN-41-MGE-S217	0	0	0	0	0	0	0	0	0
NR_179905.1	GIN-41-MGE-S217	0	0	0	0	0	0	0	0	0
NR_179904.1	GIN-41-MGE-S217	0	0	0	0	0	0	0	0	0
NR_179903.1	GIN-41-MGE-S217	0	0	0	0	0	0	0	0	0
NR_179902.1	GIN-41-MGE-S217	0	0	0	0	0	0	0	0	0
NR_179901.1	GIN-41-MGE-S217	0	0	0	0	0	0	0	0	0
NR_179900.1	GIN-41-MGE-S217	0	0	0	0	0	0	0	0	0
NR_179899.1	GIN-41-MGE-S217	0	0	0	0	0	0	0	0	0
NR_179898.1	GIN-41-MGE-S217	0	0	0	0	0	0	0	0	0
NR_179897.1	GIN-41-MGE-S217	0	0	0	0	0	0	0	0	0
NR_179896.1	GIN-41-MGE-S217	0	0	0	0	0	0	0	0	0
NR_179895.1	GIN-41-MGE-S217	0	0	0	0	0	0	0	0	0
NR_179894.1	GIN-41-MGE-S217	0	0	0	0	0	0	0	0	0
NR_179893.1	GIN-41-MGE-S217	0	0	0	0	0	0	0	0	0
NR_179892.1	GIN-41-MGE-S217	0	0	0	0	0	0	0	0	0
NR_179891.1	GIN-41-MGE-S217	0	0	0	0	0	0	0	0	0
NR_179890.1	GIN-41-MGE-S217	0	0	0	0	0	0	0	0	0
NR_179889.1	GIN-41-MGE-S217	0	0	0	0	0	0	0	0	0
NR_179888.1	GIN-41-MGE-S217	0	0	0	0	0	0	0	0	0
NR_179887.1	GIN-41-MGE-S217	0	0	0	0	0	0	0	0	0
NR_179886.1	GIN-41-MGE-S217	0	0	0	0	0	0	0	0	0
NR_179885.1	GIN-41-MGE-S217	0	0	0	0	0	0	0	0	0
NR_179884.1	GIN-41-MGE-S217	0	0	0	0	0	0	0	0	0
NR_179883.1	GIN-41-MGE-S217	0	0	0	0	0	0	0	0	0
NR_179882.1	GIN-41-MGE-S217	0	0	0	0	0	0	0	0	0
NR_179881.1	GIN-41-MGE-S217	0	0	0	0	0	0	0	0	0
NR_179880.1	GIN-41-MGE-S217	0	0	0	0	0	0	0	0	0
NR_179879.1	GIN-41-MGE-S217	0	0	0	0	0	0	0	0	0
NR_179878.1	GIN-41-MGE-S217	0	0	0	0	0	0	0	0	0
NR_179877.1	GIN-41-MGE-S217	0	0	0	0	0	0	0	0	0
NR_179876.1	GIN-41-MGE-S217	0	0	0	0	0	0	0	0	0
NR_179875.1	GIN-41-MGE-S217	0	0	0	0	0	0	0	0	0
NR_179874.1	GIN-41-MGE-S217	0	0	0	0	0	0	0	0	0
NR_179873.1	GIN-41-MGE-S217	0	0	0	0	0	0	0	0	0
NR_179872.1	GIN-41-MGE-S217	0	0	0	0	0	0	0	0	0
NR_179871.1	GIN-41-MGE-S217	0	0	0	0	0	0	0	0	0
NR_179870.1	GIN-41-MGE-S217	0	0	0	0	0	0	0	0	0
NR_179869.1	GIN-41-MGE-S217	0	0	0	0	0	0	0	0	0
NR_179868.1	GIN-41-MGE-S217	0	0	0	0	0	0	0	0	0
NR_179867.1	GIN-41-MGE-S217	0	0	0	0	0	0	0	0	0
NR_179866.1	GIN-41-MGE-S217	0	0	0	0	0	0	0	0	0
NR_179865.1	GIN-41-MGE-S217	0	0	0	0	0	0	0	0	0
NR_179864.1	GIN-41-MGE-S217	0	0	0	0	0	0	0	0	0
NR_179863.1	GIN-41-MGE-S217	0	0	0	0	0	0	0	0	0
NR_179862.1	GIN-41-MGE-S217	0	0	0	0	0	0	0	0	0
NR_179861.1	GIN-41-MGE-S217	0	0	0	0	0	0	0	0	0
NR_179860.1	GIN-41-MGE-S217	0	0	0	0	0	0	0	0	0
NR_179859.1	GIN-41-MGE-S217	0	0	0	0	0	0	0	0	0
NR_179858.1	GIN-41-MGE-S217	0	0	0	0	0	0	0	0	0
NR_179857.1	GIN-41-MGE-S217	0	0	0	0	0	0	0	0	0
NR_179856.1	GIN-41-MGE-S217	0	0	0	0	0	0	0	0	0
NR_179855.1	GIN-41-MGE-S217	0	0	0	0	0	0	0	0	0
NR_179854.1	GIN-41-MGE-S217	0	0	0	0	0	0	0	0	0
NR_179853.1	GIN-41-MGE-S217	0	0	0	0	0	0	0	0	0
NR_179852.1	GIN-41-MGE-S217	0	0	0	0	0	0	0	0	0
NR_179851.1	GIN-41-MGE-S217	0	0	0	0	0	0	0	0	0
NR_179850.1	GIN-41-MGE-S217	0	0	0	0	0	0	0	0	0
NR_179849.1	GIN-41-MGE-S217	0	0	0	0	0	0	0	0	0
NR_179848.1	GIN-41-MGE-S217	0	0	0	0	0	0	0	0	0
NR_179847.1	GIN-41-MGE-S217	0	0	0	0	0	0	0	0	0
NR_179846.1	GIN-41-MGE-S217	0	0	0	0	0	0	0	0	0
NR_179845.1	GIN-41-MGE-S217	0	0	0	0	0	0	0	0	0
NR_179844.1	GIN-41-MGE-S217	0	0	0	0	0	0	0	0	0
NR_179843.1	GIN-41-MGE-S217	0	0	0	0	0	0	0	0	0
NR_179842.1	GIN-41-MGE-S217	0	0	0	0	0	0	0	0	0
NR_179841.1	GIN-41-MGE-S217	0	0	0	0	0	0	0	0	0
NR_179840.1	GIN-41-MGE-S217	0	0	0	0	0	0	0	0	0
NR_179839.1	GIN-41-MGE-S217	0	0	0	0	0	0	0	0	0
NR_179838.1	GIN-41-MGE-S217	0	0	0	0	0	0	0	0	0
NR_179837.1	GIN-41-MGE-S217	0	0	0	0	0	0	0	0	0
NR_179836.1	GIN-41-MGE-S217	0	0	0	0	0	0	0	0	0
NR_179835.1	GIN-41-MGE-S217	0	0	0	0	0	0	0	0	0
NR_179834.1	GIN-41-MGE-S217	0	0	0	0	0	0	0	0	0
NR_179833.1	GIN-41-MGE-S217	0	0	0	0	0	0	0	0	0
NR_179832.1	GIN-41-MGE-S217	0	0	0	0	0	0	0	0	0
NR_179831.1	GIN-41-MGE-S217	0	0	0	0	0	0	0	0	0
NR_179830.1	GIN-41-MGE-S217	0	0	0	0	0	0	0	0	0
NR_179829.1	GIN-41-MGE-S217	0	0	0	0	0	0	0	0	0
NR_179828.1	GIN-41-MGE-S217	0	0	0	0	0	0	0	0	0
NR_179827.1	GIN-41-MGE-S217	0	0	0	0	0	0	0	0	0
NR_179826.1	GIN-41-MGE-S217	0	0	0	0	0	0	0	0	0
NR_179825.1	GIN-41-MGE-S217	0	0	0	0	0	0	0	0	0
NR_179824.1	GIN-41-MGE-S217	0	0	0	0	0	0	0	0	0
NR_179823.1	GIN-41-MGE-S217	0	0	0	0	0	0	0	0	0
NR_179822.1	GIN-41-MGE-S217	0	0	0	0	0	0	0	0	0
NR_179821.1	GIN-41-MGE-S217	0	0	0	0	0	0	0	0	0
NR_179820.1	GIN-41-MGE-S217	0	0	0	0	0	0	0	0	0
NR_179819.1	GIN-41-MGE-S217	0	0	0	0	0	0	0	0	0
NR_179818.1	GIN-41-MGE-S217	0	0	0	0	0	0	0	0	0
NR_179817.1	GIN-41-MGE-S217	0	0	0	0	0	0	0	0	0
NR_179816.1	GIN-41-MGE-S217	0	0	0	0	0	0	0	0	0
NR_179815.1	GIN-41-MGE-S217	0	0	0	0	0	0	0	0	0
NR_179814.1	GIN-41-MGE-S217	0	0	0	0	0	0	0	0	0
NR_179813.1	GIN-41-MGE-S217	0	0	0	0	0	0	0	0	0
NR_179812.1	GIN-41-MGE-S217	0	0	0	0	0	0	0	0	0
NR_179811.1	GIN-41-MGE-S217	0	0	0	0	0	0	0	0	0
NR_179810.1	GIN-41-MGE-S217	0	0	0	0	0	0	0	0	0
NR_179809.1	GIN-41-MGE-S217	0	0	0	0	0	0	0	0	0
NR_179808.1	GIN-41-MGE-S217	0	0	0	0	0	0	0	0	0
NR_179807.1	GIN-41-MGE-S217	0	0	0	0	0	0	0	0	0
NR_179806.1	GIN-41-MGE-S217	0	0	0	0	0	0	0	0	0
NR_179805.1	GIN-41-MGE-S217	0	0	0	0	0	0	0	0	0
NR_179804.1	GIN-41-MGE-S217	0	0	0	0	0	0	0	0	0
NR_179803.1	GIN-41-MGE-S217	0	0	0	0	0	0	0	0	0
NR_179802.1	GIN-41-MGE-S217	0	0	0	0	0	0	0	0	0
NR_179801.1	GIN-41-MGE-S217	0	0	0	0	0	0	0	0	0
NR_179800.1	GIN-41-MGE-S217	0	0	0	0	0	0	0	0	0
NR_179799.1	GIN-41-MGE-S217	0	0	0	0	0	0	0	0	0
NR_179798.1	GIN-41-MGE-S217	0	0	0	0	0	0	0	0	0
NR_179797.1	GIN-41-MGE-S217	0	0	0	0	0	0	0	0	0
NR_179796.1	GIN-41-MGE-S217	0	0	0	0	0	0	0	0	0
NR_179795.1	GIN-41-MGE-S217	0	0	0	0	0	0	0	0	0
NR_179794.1	GIN-41-MGE-S217	0	0	0	0	0	0	0	0	0
NR_179793.1	GIN-41-MGE-S217	0	0	0	0	0	0	0	0	0
NR_179792.1	GIN-41-MGE-S217	0	0	0	0	0	0	0	0	0
NR_179791.1	GIN-41-MGE-S217	0	0	0	0	0	0	0	0	0
NR_179790.1	GIN-41-MGE-S217	0	0	0	0	0	0	0	0	0
NR_179789.1	GIN-41-MGE-S217	0	0	0	0	0	0	0	0	0
NR_179788.1	GIN-41-MGE-S217	0	0	0	0	0	0	0	0	0
NR_179787.1	GIN-41-MGE-S217	0	0	0	0	0	0	0	0	0
NR_179786.1	GIN-41-MGE-S217	0	0	0	0	0	0	0	0	0
NR_179785.1	GIN-41-MGE-S217	0	0	0	0	0	0	0	0	0
NR_179784.1	GIN-41-MGE-S217	0	0	0	0	0	0	0	0	0
NR_179783.1	GIN-41-MGE-S217	0	0	0	0	0	0	0	0	0
NR_179782.1	GIN-41-MGE-S217	0	0	0	0	0	0	0	0	0
NR_179781.1	GIN-41-MGE-S217	0	0	0	0	0	0	0	0	0
NR_179780.1	GIN-41-MGE-S217	0	0	0	0	0	0	0	0	0
NR_179779.1	GIN-41-MGE-S217	0	0	0	0	0	0	0	0	0
NR_179778.1	GIN-41-MGE-S217	0	0	0	0	0	0	0	0	0
NR_179777.1	GIN-41-MGE-S217	0	0	0	0	0	0	0	0	0
NR_179776.1	GIN-41-MGE-S217	0	0	0	0	0	0	0	0	0
NR_179775.1	GIN-41-MGE-S217	0	0	0	0	0	0	0	0	0
NR_179774.1	GIN-41-MGE-S217	0	0	0	0	0	0	0	0	0
NR_179773.1	GIN-41-MGE-S217	0	0	0	0	0	0	0	0	0
NR_179772.1	GIN-41-MGE-S217	0	0	0	0	0	0	0	0	0
NR_179771.1	GIN-41-MGE-S217	0	0	0	0	0	0	0	0	0
NR_179770.1	GIN-41-MGE-S217	0	0	0	0	0	0	0	0	0
NR_179769.1	GIN-41-MGE-S217	0	0	0	0	0	0	0	0	0
NR_179768.1	GIN-41-MGE-S217	0	0	0	0	0	0	0	0	0
NR_179767.1	GIN-41-MGE-S217	0	0	0	0	0	0	0	0	0
NR_179766.1	GIN-41-MGE-S217	0	0	0	0	0	0	0	0	0
NR_179765.1	GIN-41-MGE-S217	0	0	0	0	0	0	0	0	0
NR_179764.1	GIN-41-MGE-S217	0	0	0	0	0	0	0	0	0
NR_179763.1	GIN-41-MGE-S217	0	0	0	0	0	0	0	0	0
NR_179762.1	GIN-41-MGE-S217	0	0	0	0	0	0	0	0	0
NR_179761.1	GIN-41-MGE-S217	0	0	0	0	0	0	0	0	0
NR_179760.1	GIN-41-MGE-S217	0	0	0	0	0	0	0	0	0
NR_179759.1	GIN-41-MGE-S217	0	0	0	0	0	0	0	0	0
NR_179758.1	GIN-41-MGE-S217	0	0	0	0	0	0	0	0	0
NR_179757.1	GIN-41-MGE-S217	0	0	0	0	0	0	0	0	0
NR_179756.1	GIN-41-MGE-S217	0	0	0	0	0	0	0	0	0
NR_179755.1	GIN-41-MGE-S217	0	0	0	0	0	0	0	0	0
NR_179754.1	GIN-41-MGE-S217	0	0	0	0	0	0	0	0	0
NR_179753.1	GIN-41-MGE-S217	0	0	0	0	0	0	0	0	0
NR_179752.1	GIN-41-MGE-S217	0	0	0	0	0	0	0	0	0
NR_179751.1	GIN-41-MGE-S217	0	0	0	0	0	0	0	0	0
NR_179750.1	GIN-41-MGE-S217	0	0	0	0	0	0	0	0	0
NR_179749.1	GIN-41-MGE-S217	0	0	0	0	0	0	0	0	0
NR_179748.1	GIN-41-MGE-S217	0	0	0	0	0	0	0	0	0
NR_179747.1	GIN-41-MGE-S217	0	0	0	0	0	0	0	0	0
NR_179746.1	GIN-41-MGE-S217	0	0	0	0	0	0	0	0	0
NR_179745.1	GIN-41-MGE-S217	0	0	0	0	0	0	0	0	0
NR_179744.1	GIN-41-MGE-S217	0	0	0	0	0	0	0	0	0
NR_179743.1	GIN-41-MGE-S217	0	0	0	0	0	0	0	0	0
NR_179742.1	GIN-41-MGE-S217	0	0	0	0	0	0	0	0	0
NR_179741.1	GIN-41-MGE-S217	0	0	0	0	0	0	0	0	0
NR_179740.1	GIN-41-MGE-S217	0	0	0	0	0	0	0	0	0
NR_179739.1	GIN-41-MGE-S217	0	0	0	0	0	0	0	0	0
NR_179738.1	GIN-41-MGE-S217	0	0	0	0	0	0	0	0	0
NR_179737.1	GIN-41-MGE-S217	0	0	0	0	0	0	0	0	0
NR_179736.1	GIN-41-MGE-S217	0	0	0	0	0	0	0	0	0
NR_179735.1	GIN-41-MGE-S217	0	0	0	0	0	0	0	0	0
NR_179734.1	GIN-41-MGE-S217	0	0	0	0	0	0	0	0	0
NR_179733.1	GIN-41-MGE-S217	0	0	0	0	0	0	0	0	0
NR_179732.1	GIN-41-MGE-S217	0	0	0	0	0	0	0	0	0
NR_179731.1	GIN-41-MGE-S217	0	0	0	0	0	0	0	0	0
NR_179730.1	GIN-41-MGE-S217	0	0	0	0	0	0	0	0	0
NR_179729.1	GIN-41-MGE-S217	0	0	0	0	0	0	0	0	0
NR_179728.1	GIN-41-MGE-S217	0	0	0	0	0	0	0	0	0
NR_179727.1	GIN-41-MGE-S217	0	0	0	0	0	0	0	0	0
NR_179726.1	GIN-41-MGE-S217	0	0	0	0	0	0	0	0	0
NR_179725.1	GIN-41-MGE-S217	0	0	0	0	0	0	0	0	0
NR_179724.1	GIN-41-MGE-S217	0	0	0	0	0	0	0	0	0
NR_179723.1	GIN-41-MGE-S217	0	0	0	0	0	0	0	0	0
NR_179722.1	GIN-41-MGE-S217	0	0	0	0	0	0	0	0	0
NR_179721.1	GIN-41-MGE-S217	0	0	0	0	0	0	0	0	0
NR_179720.1	GIN-41-MGE-S217	0	0	0	0	0	0	0	0	0
NR_179719.1	GIN-41-MGE-S217	0	0	0	0	0	0	0	0	0
NR_179718.1	GIN-41-MGE-S217	0	0	0	0	0	0	0	0	0
NR_179717.1	GIN-41-MGE-S217	0	0	0	0	0	0	0	0	0
NR_179716.1	GIN-41-MGE-S217	0	0	0	0	0	0	0	0	0
NR_179715.1	GIN-41-MGE-S217	0	0	0	0	0	0	0	0	0
NR_179714.1	GIN-41-MGE-S217	0	0	0	0	0	0	0	0	0
NR_179713.1	GIN-41-MGE-S217	0	0	0	0	0	0	0	0	0
NR_179712.1	GIN-41-MGE-S217	0	0	0	0	0	0	0	0	0
NR_179711.1	GIN-41-MGE-S217	0	0	0	0	0	0	0	0	0
NR_179710.1	GIN-41-MGE-S217	0	0	0	0	0	0	0	0	0
NR_179709.1	GIN-41-MGE-S217	0	0	0	0	0	0	0	0	0
NR_179708.1	GIN-41-MGE-S217	0	0	0	0	0	0	0	0	0
NR_179707.1	GIN-41-MGE-S217	0	0	0	0	0	0	0	0	0
NR_179706.1	GIN-41-MGE-S217	0	0	0	0	0	0	0	0	0
NR_179705.1	GIN-41-MGE-S217	0	0	0	0	0	0	0	0	0
NR_179704.1	GIN-41-MGE-S217	0	0	0	0	0	0	0	0	0
NR_179703.1	GIN-41-MGE-S217	0	0	0	0	0	0	0	0	0
NR_179702.1	GIN-41-MGE-S217	0	0	0	0	0	0	0	0	0
NR_179701.1	GIN-41-MGE-S217	0	0	0	0	0	0	0	0	0
NR_179700.1	GIN-41-MGE-S217	0	0	0	0	0	0	0	0	0
NR_179699.1	GIN-41-MGE-S217	0	0	0	0	0	0	0	0	0
NR_179698.1	GIN-41-MGE-S217	0	0	0	0	0	0	0	0	0
NR_179697.1	GIN-41-MGE-S217	0	0	0	0	0	0	0	0	0
NR_179696.1	GIN-41-MGE-S217	0	0	0	0	0	0	0	0	0
NR_179695.1	GIN-41-MGE-S217	0	0	0	0	0	0	0	0	0
NR_179694.1	GIN-41-MGE-S217	0	0	0	0	0	0	0	0	0
NR_179693.1	GIN-41-MGE-S217	0	0	0	0	0	0	0	0	0
NR_179692.1	GIN-41-MGE-S217	0	0	0	0	0	0	0	0	0
NR_179691.1	GIN-41-MGE-S217	0	0	0	0	0	0	0	0	0
NR_179690.1	GIN-41-MGE-S217	0	0	0	0	0	0	0	0	0
NR_179689.1	GIN-41-MGE-S217	0	0	0	0	0	0	0	0	0
NR_179688.1	GIN-41-MGE-S217	0	0	0	0	0	0	0	0	0
NR_179687.1	GIN-41-MGE-S217	0	0	0	0	0	0	0	0	0
NR_179686.1	GIN-41-MGE-S217	0	0	0	0	0	0	0	0	0
NR_179685.1	GIN-41-MGE-S217	0	0	0	0	0	0	0	0	0
NR_179684.1	GIN-41-MGE-S217	0	0	0	0	0	0	0	0	0
NR_179683.1	GIN-41-MGE-S217	0	0	0	0	0	0	0	0	0
NR_179682.1	GIN-41-MGE-S217	0	0	0	0	0	0	0	0	0
NR_179681.1	GIN-41-MGE-S217	0	0	0	0	0	0	0	0	0
NR_179680.1	GIN-41-MGE-S217	0	0	0	0	0	0	0	0	0
NR_179679.1	GIN-41-MGE-S217	0	0	0	0	0	0	0	0	0
NR_179678.1	GIN-41-MGE-S217	0	0	0	0	0	0	0	0	0
NR_179677.1	GIN-41-MGE-S217	0	0	0	0	0	0	0	0	0
NR_179676.1	GIN-41-MGE-S217	0	0	0	0	0	0	0	0	0
NR_179675.1	GIN-41-MGE-S217	0	0	0	0	0	0	0	0	0
NR_179674.1	GIN-41-MGE-S217	0	0	0	0	0	0	0	0	0
NR_179673.1	GIN-41-MGE-S217	0	0	0	0	0	0	0	0	0
NR_179672.1	GIN-41-MGE-S217	0	0	0	0	0	0	0	0	0
NR_179671.1	GIN-41-MGE-S217	0	0	0	0	0	0	0	0	0
NR_179670.1	GIN-41-MGE-S217	0	0	0	0	0	0	0	0	0
NR_179669.1	GIN-41-MGE-S217	0	0	0	0	0	0	0	0	0
NR_179668.1	GIN-41-MGE-S217	0	0	0	0	0	0	0	0	0
NR_179667.1	GIN-41-MGE-S217	0	0	0	0	0	0	0	0	0
NR_179666.1	GIN-41-MGE-S217	0	0	0	0	0	0	0	0	0
NR_179665.1	GIN-41-MGE-S217	0	0	0	0	0	0	0	0	0
NR_179664.1	GIN-41-MGE-S217	0	0	0	0	0	0	0	0	0
NR_179663.1	GIN-41-MGE-S217	0	0	0	0	0	0	0	0	0
NR_179662.1	GIN-41-MGE-S217	0	0	0	0	0	0	0	0	0
NR_179661.1	GIN-41-MGE-S217	0	0	0	0	0	0	0	0	0
NR_179660.1	GIN-41-MGE-S217	0	0	0	0	0	0	0	0	0
NR_179659.1	GIN-41-MGE-S217	0	0	0	0	0	0	0	0	0
NR_179658.1	GIN-41-MGE-S217	0	0	0	0	0	0	0	0	0
NR_179657.1	GIN-41-MGE-S217	0	0	0	0	0	0	0	0	0
NR_179656.1	GIN-41-MGE-S217	0	0	0	0	0	0	0	0	0
NR_179655.1	GIN-41-MGE-S217	0	0	0	0	0	0	0	0	0
NR_179654.1	GIN-41-MGE-S217	0	0	0	0	0	0	0	0	0
NR_179653.1	GIN-41-MGE-S217	0	0	0	0	0	0	0	0	0
NR_179652.1	GIN-41-MGE-S217	0	0	0	0	0	0	0	0	0
NR_179651.1	GIN-41-MGE-S217	0	0	0	0	0	0	0	0	0
NR_179650.1	GIN-41-MGE-S217	0	0	0	0	0	0	0	0	0
NR_179649.1	GIN-41-MGE-S217	0	0	0	0	0	0	0	0	0
NR_179648.1	GIN-41-MGE-S217	0	0	0	0	0	0	0	0	0
NR_179647.1	GIN-41-MGE-S217	0	0	0	0	0	0	0	0	0
NR_179646.1	GIN-41-MGE-S217	11	11	0	0	0	0	0	0	0
NR_179645.1	GIN-41-MGE-S217	0	0	0	0	0	0	0	0	0
NR_179644.1	GIN-41-MGE-S217	0	0	0	0	0	0	0	0	0
NR_179643.1	GIN-41-MGE-S217	0	0	0	0	0	0	0	0	0
NR_179642.1	GIN-41-MGE-S217	0	0	0	0	0	0	0	0	0
NR_179641.1	GIN-41-MGE-S217	0	0	0	0	0	0	0	0	0
NR_179640.1	GIN-41-MGE-S217	0	0	0	0	0	0	0	0	0
NR_179639.1	GIN-41-MGE-S217	0	0	0	0	0	0	0	0	0
NR_179638.1	GIN-41-MGE-S217	0	0	0	0	0	0	0	0	0
NR_179637.1	GIN-41-MGE-S217	0	0	0	0	0	0	0	0	0
NR_179636.1	GIN-41-MGE-S217	0	0	0	0	0	0	0	0	0
NR_179635.1	GIN-41-MGE-S217	0	0	0	0	0	0	0	0	0
NR_179634.1	GIN-41-MGE-S217	0	0	0	0	0	0	0	0	0
NR_179633.1	GIN-41-MGE-S217	0	0	0	0	0	0	0	0	0
NR_179632.1	GIN-41-MGE-S217	0	0	0	0	0	0	0	0	0
NR_179631.1	GIN-41-MGE-S217	0	0	0	0	0	0	0	0	0
NR_179630.1	GIN-41-MGE-S217	0	0	0	0	0	0	0	0	0
NR_179629.1	GIN-41-MGE-S217	0	0	0	0	0	0	0	0	0
NR_179628.1	GIN-41-MGE-S217	0	0	0	0	0	0	0	0	0
NR_179627.1	GIN-41-MGE-S217	0	0	0	0	0	0	0	0	0
NR_179626.1	GIN-41-MGE-S217	0	0	0	0	0	0	0	0	0
NR_179625.1	GIN-41-MGE-S217	0	0	0	0	0	0	0	0	0
NR_179624.1	GIN-41-MGE-S217	0	0	0	0	0	0	0	0	0
NR_179623.1	GIN-41-MGE-S217	0	0	0	0	0	0	0	0	0
NR_179622.1	GIN-41-MGE-S217	0	0	0	0	0	0	0	0	0
NR_179621.1	GIN-41-MGE-S217	0	0	0	0	0	0	0	0	0
NR_179620.1	GIN-41-MGE-S217	0	0	0	0	0	0	0	0	0
NR_179619.1	GIN-41-MGE-S217	0	0	0	0	0	0	0	0	0
NR_179618.1	GIN-41-MGE-S217	0	0	0	0	0	0	0	0	0
NR_179617.1	GIN-41-MGE-S217	0	0	0	0	0	0	0	0	0
NR_179616.1	GIN-41-MGE-S217	0	0	0	0	0	0	0	0	0
NR_179615.1	GIN-41-MGE-S217	0	0	0	0	0	0	0	0	0
NR_179614.1	GIN-41-MGE-S217	0	0	0	0	0	0	0	0	0
NR_179613.1	GIN-41-MGE-S217	0	0	0	0	0	0	0	0	0
NR_179612.1	GIN-41-MGE-S217	0	0	0	0	0	0	0	0	0
NR_179611.1	GIN-41-MGE-S217	0	0	0	0	0	0	0	0	0
NR_179610.1	GIN-41-MGE-S217	0	0	0	0	0	0	0	0	0
NR_179609.1	GIN-41-MGE-S217	0	0	0	0	0	0	0	0	0
NR_179608.1	GIN-41-MGE-S217	0	0	0	0	0	0	0	0	0
NR_179607.1	GIN-41-MGE-S217	0	0	0	0	0	0	0	0	0
NR_179606.1	GIN-41-MGE-S217	0	0	0	0	0	0	0	0	0
NR_179605.1	GIN-41-MGE-S217	0	0	0	0	0	0	0	0	0
NR_179604.1	GIN-41-MGE-S217	99	99	0	0	0	0	0	0	0
NR_179603.1	GIN-41-MGE-S217	0	0	0	0	0	0	0	0	0
NR_179602.1	GIN-41-MGE-S217	0	0	0	0	0	0	0	0	0
NR_179601.1	GIN-41-MGE-S217	0	0	0	0	0	0	0	0	0
NR_179600.1	GIN-41-MGE-S217	0	0	0	0	0	0	0	0	0
NR_179599.1	GIN-41-MGE-S217	0	0	0	0	0	0	0	0	0
NR_179598.1	GIN-41-MGE-S217	0	0	0	0	0	0	0	0	0
NR_179597.1	GIN-41-MGE-S217	0	0	0	0	0	0	0	0	0
NR_179596.1	GIN-41-MGE-S217	0	0	0	0	0	0	0	0	0
NR_179595.1	GIN-41-MGE-S217	0	0	0	0	0	0	0	0	0
NR_179594.1	GIN-41-MGE-S217	0	0	0	0	0	0	0	0	0
NR_179593.1	GIN-41-MGE-S217	0	0	0	0	0	0	0	0	0
NR_179592.1	GIN-41-MGE-S217	0	0	0	0	0	0	0	0	0
NR_179591.1	GIN-41-MGE-S217	0	0	0	0	0	0	0	0	0
NR_179590.1	GIN-41-MGE-S217	0	0	0	0	0	0	0	0	0
NR_179589.1	GIN-41-MGE-S217	0	0	0	0	0	0	0	0	0
NR_179588.1	GIN-41-MGE-S217	0	0	0	0	0	0	0	0	0
NR_179587.1	GIN-41-MGE-S217	2	2	0	0	0	0	0	0	0
NR_179586.1	GIN-41-MGE-S217	0	0	0	0	0	0	0	0	0
NR_179585.1	GIN-41-MGE-S217	0	0	0	0	0	0	0	0	0
NR_179584.1	GIN-41-MGE-S217	0	0	0	0	0	0	0	0	0
NR_179583.1	GIN-41-MGE-S217	0	0	0	0	0	0	0	0	0
NR_179582.1	GIN-41-MGE-S217	0	0	0	0	0	0	0	0	0
NR_179581.1	GIN-41-MGE-S217	0	0	0	0	0	0	0	0	0
NR_179580.1	GIN-41-MGE-S217	0	0	0	0	0	0	0	0	0
NR_179579.1	GIN-41-MGE-S217	0	0	0	0	0	0	0	0	0
NR_179578.1	GIN-41-MGE-S217	0	0	0	0	0	0	0	0	0
NR_179577.1	GIN-41-MGE-S217	0	0	0	0	0	0	0	0	0
NR_179576.1	GIN-41-MGE-S217	0	0	0	0	0	0	0	0	0
NR_179575.1	GIN-41-MGE-S217	0	0	0	0	0	0	0	0	0
NR_179574.1	GIN-41-MGE-S217	0	0	0	0	0	0	0	0	0
NR_179572.1	GIN-41-MGE-S217	0	0	0	0	0	0	0	0	0
NR_179571.1	GIN-41-MGE-S217	0	0	0	0	0	0	0	0	0
NR_179570.1	GIN-41-MGE-S217	0	0	0	0	0	0	0	0	0
NR_179569.1	GIN-41-MGE-S217	0	0	0	0	0	0	0	0	0
NR_179568.1	GIN-41-MGE-S217	0	0	0	0	0	0	0	0	0
NR_179567.1	GIN-41-MGE-S217	0	0	0	0	0	0	0	0	0
NR_179566.1	GIN-41-MGE-S217	0	0	0	0	0	0	0	0	0
NR_179565.1	GIN-41-MGE-S217	0	0	0	0	0	0	0	0	0
NR_179564.1	GIN-41-MGE-S217	0	0	0	0	0	0	0	0	0
NR_179563.1	GIN-41-MGE-S217	0	0	0	0	0	0	0	0	0
NR_179562.1	GIN-41-MGE-S217	0	0	0	0	0	0	0	0	0
NR_179561.1	GIN-41-MGE-S217	0	0	0	0	0	0	0	0	0
NR_179560.1	GIN-41-MGE-S217	0	0	0	0	0	0	0	0	0
NR_179559.1	GIN-41-MGE-S217	0	0	0	0	0	0	0	0	0
NR_179558.1	GIN-41-MGE-S217	0	0	0	0	0	0	0	0	0
NR_179557.1	GIN-41-MGE-S217	0	0	0	0	0	0	0	0	0
NR_179556.1	GIN-41-MGE-S217	0	0	0	0	0	0	0	0	0
NR_179555.1	GIN-41-MGE-S217	0	0	0	0	0	0	0	0	0
NR_179554.1	GIN-41-MGE-S217	0	0	0	0	0	0	0	0	0
NR_179553.1	GIN-41-MGE-S217	0	0	0	0	0	0	0	0	0
NR_179552.1	GIN-41-MGE-S217	0	0	0	0	0	0	0	0	0
NR_179551.1	GIN-41-MGE-S217	0	0	0	0	0	0	0	0	0
NR_179550.1	GIN-41-MGE-S217	0	0	0	0	0	0	0	0	0
NR_179549.1	GIN-41-MGE-S217	0	0	0	0	0	0	0	0	0
NR_179548.1	GIN-41-MGE-S217	0	0	0	0	0	0	0	0	0
NR_179547.1	GIN-41-MGE-S217	0	0	0	0	0	0	0	0	0
NR_179546.1	GIN-41-MGE-S217	0	0	0	0	0	0	0	0	0
NR_179545.1	GIN-41-MGE-S217	2	2	0	0	0	0	0	0	0
NR_179544.1	GIN-41-MGE-S217	0	0	0	0	0	0	0	0	0
NR_179543.1	GIN-41-MGE-S217	0	0	0	0	0	0	0	0	0
NR_179542.1	GIN-41-MGE-S217	0	0	0	0	0	0	0	0	0
NR_179541.1	GIN-41-MGE-S217	0	0	0	0	0	0	0	0	0
NR_179540.1	GIN-41-MGE-S217	0	0	0	0	0	0	0	0	0
NR_179539.1	GIN-41-MGE-S217	0	0	0	0	0	0	0	0	0
NR_179538.1	GIN-41-MGE-S217	2	2	0	0	0	0	0	0	0
NR_179537.1	GIN-41-MGE-S217	0	0	0	0	0	0	0	0	0
NR_179536.1	GIN-41-MGE-S217	0	0	0	0	0	0	0	0	0
NR_179535.1	GIN-41-MGE-S217	0	0	0	0	0	0	0	0	0
NR_179534.1	GIN-41-MGE-S217	0	0	0	0	0	0	0	0	0
NR_179533.1	GIN-41-MGE-S217	0	0	0	0	0	0	0	0	0
NR_179532.1	GIN-41-MGE-S217	0	0	0	0	0	0	0	0	0
NR_179531.1	GIN-41-MGE-S217	0	0	0	0	0	0	0	0	0
NR_179530.1	GIN-41-MGE-S217	0	0	0	0	0	0	0	0	0
NR_179529.1	GIN-41-MGE-S217	0	0	0	0	0	0	0	0	0
NR_179528.1	GIN-41-MGE-S217	0	0	0	0	0	0	0	0	0
NR_179527.1	GIN-41-MGE-S217	0	0	0	0	0	0	0	0	0
NR_179526.1	GIN-41-MGE-S217	0	0	0	0	0	0	0	0	0
NR_179525.1	GIN-41-MGE-S217	0	0	0	0	0	0	0	0	0
NR_179524.1	GIN-41-MGE-S217	0	0	0	0	0	0	0	0	0
NR_179523.1	GIN-41-MGE-S217	0	0	0	0	0	0	0	0	0
NR_179522.1	GIN-41-MGE-S217	0	0	0	0	0	0	0	0	0
NR_179521.1	GIN-41-MGE-S217	0	0	0	0	0	0	0	0	0
NR_179520.1	GIN-41-MGE-S217	0	0	0	0	0	0	0	0	0
NR_179519.1	GIN-41-MGE-S217	0	0	0	0	0	0	0	0	0
NR_179518.1	GIN-41-MGE-S217	0	0	0	0	0	0	0	0	0
NR_179517.1	GIN-41-MGE-S217	0	0	0	0	0	0	0	0	0
NR_179516.1	GIN-41-MGE-S217	0	0	0	0	0	0	0	0	0
NR_179515.1	GIN-41-MGE-S217	0	0	0	0	0	0	0	0	0
NR_179514.1	GIN-41-MGE-S217	0	0	0	0	0	0	0	0	0
NR_179513.1	GIN-41-MGE-S217	0	0	0	0	0	0	0	0	0
NR_179512.1	GIN-41-MGE-S217	0	0	0	0	0	0	0	0	0
NR_179511.1	GIN-41-MGE-S217	0	0	0	0	0	0	0	0	0
NR_179510.1	GIN-41-MGE-S217	0	0	0	0	0	0	0	0	0
NR_179509.1	GIN-41-MGE-S217	0	0	0	0	0	0	0	0	0
NR_179508.1	GIN-41-MGE-S217	0	0	0	0	0	0	0	0	0
NR_179507.1	GIN-41-MGE-S217	0	0	0	0	0	0	0	0	0
NR_179506.1	GIN-41-MGE-S217	0	0	0	0	0	0	0	0	0
NR_179505.1	GIN-41-MGE-S217	0	0	0	0	0	0	0	0	0
NR_179504.1	GIN-41-MGE-S217	0	0	0	0	0	0	0	0	0
NR_179503.1	GIN-41-MGE-S217	0	0	0	0	0	0	0	0	0
NR_179502.1	GIN-41-MGE-S217	0	0	0	0	0	0	0	0	0
NR_179501.1	GIN-41-MGE-S217	0	0	0	0	0	0	0	0	0
NR_179500.1	GIN-41-MGE-S217	0	0	0	0	0	0	0	0	0
NR_179499.1	GIN-41-MGE-S217	0	0	0	0	0	0	0	0	0
NR_179498.1	GIN-41-MGE-S217	0	0	0	0	0	0	0	0	0
NR_179497.1	GIN-41-MGE-S217	0	0	0	0	0	0	0	0	0
NR_179496.1	GIN-41-MGE-S217	0	0	0	0	0	0	0	0	0
NR_179495.1	GIN-41-MGE-S217	0	0	0	0	0	0	0	0	0
NR_179494.1	GIN-41-MGE-S217	0	0	0	0	0	0	0	0	0
NR_179493.1	GIN-41-MGE-S217	0	0	0	0	0	0	0	0	0
NR_179492.1	GIN-41-MGE-S217	0	0	0	0	0	0	0	0	0
NR_179491.1	GIN-41-MGE-S217	0	0	0	0	0	0	0	0	0
NR_179490.1	GIN-41-MGE-S217	0	0	0	0	0	0	0	0	0
NR_179489.1	GIN-41-MGE-S217	0	0	0	0	0	0	0	0	0
NR_179488.1	GIN-41-MGE-S217	0	0	0	0	0	0	0	0	0
NR_179487.1	GIN-41-MGE-S217	0	0	0	0	0	0	0	0	0
NR_179486.1	GIN-41-MGE-S217	0	0	0	0	0	0	0	0	0
NR_179485.1	GIN-41-MGE-S217	0	0	0	0	0	0	0	0	0
NR_179484.1	GIN-41-MGE-S217	0	0	0	0	0	0	0	0	0
NR_179483.1	GIN-41-MGE-S217	0	0	0	0	0	0	0	0	0
NR_179482.1	GIN-41-MGE-S217	0	0	0	0	0	0	0	0	0
NR_179481.1	GIN-41-MGE-S217	0	0	0	0	0	0	0	0	0
NR_179480.1	GIN-41-MGE-S217	0	0	0	0	0	0	0	0	0
NR_179479.1	GIN-41-MGE-S217	0	0	0	0	0	0	0	0	0
NR_179478.1	GIN-41-MGE-S217	0	0	0	0	0	0	0	0	0
NR_179477.1	GIN-41-MGE-S217	0	0	0	0	0	0	0	0	0
NR_179476.1	GIN-41-MGE-S217	0	0	0	0	0	0	0	0	0
NR_179475.1	GIN-41-MGE-S217	0	0	0	0	0	0	0	0	0
NR_179474.1	GIN-41-MGE-S217	0	0	0	0	0	0	0	0	0
NR_179473.1	GIN-41-MGE-S217	0	0	0	0	0	0	0	0	0
NR_179472.1	GIN-41-MGE-S217	0	0	0	0	0	0	0	0	0
NR_179471.1	GIN-41-MGE-S217	0	0	0	0	0	0	0	0	0
NR_179470.1	GIN-41-MGE-S217	0	0	0	0	0	0	0	0	0
NR_179469.1	GIN-41-MGE-S217	0	0	0	0	0	0	0	0	0
NR_179468.1	GIN-41-MGE-S217	0	0	0	0	0	0	0	0	0
NR_179467.1	GIN-41-MGE-S217	0	0	0	0	0	0	0	0	0
NR_179466.1	GIN-41-MGE-S217	0	0	0	0	0	0	0	0	0
NR_179465.1	GIN-41-MGE-S217	0	0	0	0	0	0	0	0	0
NR_179464.1	GIN-41-MGE-S217	0	0	0	0	0	0	0	0	0
NR_179463.1	GIN-41-MGE-S217	0	0	0	0	0	0	0	0	0
NR_179462.1	GIN-41-MGE-S217	0	0	0	0	0	0	0	0	0
NR_179461.1	GIN-41-MGE-S217	0	0	0	0	0	0	0	0	0
NR_179460.1	GIN-41-MGE-S217	0	0	0	0	0	0	0	0	0
NR_179459.1	GIN-41-MGE-S217	0	0	0	0	0	0	0	0	0
NR_179458.1	GIN-41-MGE-S217	0	0	0	0	0	0	0	0	0
NR_179457.1	GIN-41-MGE-S217	0	0	0	0	0	0	0	0	0
NR_179456.1	GIN-41-MGE-S217	0	0	0	0	0	0	0	0	0
NR_179455.1	GIN-41-MGE-S217	0	0	0	0	0	0	0	0	0
NR_179454.1	GIN-41-MGE-S217	0	0	0	0	0	0	0	0	0
NR_179453.1	GIN-41-MGE-S217	0	0	0	0	0	0	0	0	0
NR_179452.1	GIN-41-MGE-S217	0	0	0	0	0	0	0	0	0
NR_179451.1	GIN-41-MGE-S217	0	0	0	0	0	0	0	0	0
NR_179450.1	GIN-41-MGE-S217	0	0	0	0	0	0	0	0	0
NR_179449.1	GIN-41-MGE-S217	0	0	0	0	0	0	0	0	0
NR_179448.1	GIN-41-MGE-S217	0	0	0	0	0	0	0	0	0
NR_179447.1	GIN-41-MGE-S217	0	0	0	0	0	0	0	0	0
NR_179446.1	GIN-41-MGE-S217	0	0	0	0	0	0	0	0	0
NR_179445.1	GIN-41-MGE-S217	0	0	0	0	0	0	0	0	0
NR_179444.1	GIN-41-MGE-S217	0	0	0	0	0	0	0	0	0
NR_179443.1	GIN-41-MGE-S217	0	0	0	0	0	0	0	0	0
NR_179442.1	GIN-41-MGE-S217	0	0	0	0	0	0	0	0	0
NR_179441.1	GIN-41-MGE-S217	0	0	0	0	0	0	0	0	0
NR_179440.1	GIN-41-MGE-S217	0	0	0	0	0	0	0	0	0
NR_179439.1	GIN-41-MGE-S217	0	0	0	0	0	0	0	0	0
NR_179438.1	GIN-41-MGE-S217	0	0	0	0	0	0	0	0	0
NR_179437.1	GIN-41-MGE-S217	0	0	0	0	0	0	0	0	0
NR_179436.1	GIN-41-MGE-S217	0	0	0	0	0	0	0	0	0
NR_179435.1	GIN-41-MGE-S217	0	0	0	0	0	0	0	0	0
NR_179434.1	GIN-41-MGE-S217	0	0	0	0	0	0	0	0	0
NR_179433.1	GIN-41-MGE-S217	0	0	0	0	0	0	0	0	0
NR_179432.1	GIN-41-MGE-S217	0	0	0	0	0	0	0	0	0
NR_179431.1	GIN-41-MGE-S217	0	0	0	0	0	0	0	0	0
NR_179430.1	GIN-41-MGE-S217	0	0	0	0	0	0	0	0	0
NR_179429.1	GIN-41-MGE-S217	0	0	0	0	0	0	0	0	0
NR_179428.1	GIN-41-MGE-S217	0	0	0	0	0	0	0	0	0
NR_179427.1	GIN-41-MGE-S217	0	0	0	0	0	0	0	0	0
NR_179426.1	GIN-41-MGE-S217	0	0	0	0	0	0	0	0	0
NR_179425.1	GIN-41-MGE-S217	0	0	0	0	0	0	0	0	0
NR_179424.1	GIN-41-MGE-S217	0	0	0	0	0	0	0	0	0
NR_179423.1	GIN-41-MGE-S217	0	0	0	0	0	0	0	0	0
NR_179422.1	GIN-41-MGE-S217	0	0	0	0	0	0	0	0	0
NR_179421.1	GIN-41-MGE-S217	0	0	0	0	0	0	0	0	0
NR_179420.1	GIN-41-MGE-S217	0	0	0	0	0	0	0	0	0
NR_179419.1	GIN-41-MGE-S217	0	0	0	0	0	0	0	0	0
NR_179418.1	GIN-41-MGE-S217	0	0	0	0	0	0	0	0	0
NR_179417.1	GIN-41-MGE-S217	0	0	0	0	0	0	0	0	0
NR_179416.1	GIN-41-MGE-S217	0	0	0	0	0	0	0	0	0
NR_179415.1	GIN-41-MGE-S217	0	0	0	0	0	0	0	0	0
NR_179414.1	GIN-41-MGE-S217	0	0	0	0	0	0	0	0	0
NR_179413.1	GIN-41-MGE-S217	0	0	0	0	0	0	0	0	0
NR_179412.1	GIN-41-MGE-S217	0	0	0	0	0	0	0	0	0
NR_179411.1	GIN-41-MGE-S217	0	0	0	0	0	0	0	0	0
NR_179410.1	GIN-41-MGE-S217	0	0	0	0	0	0	0	0	0
NR_179409.1	GIN-41-MGE-S217	0	0	0	0	0	0	0	0	0
NR_179408.1	GIN-41-MGE-S217	0	0	0	0	0	0	0	0	0
NR_179407.1	GIN-41-MGE-S217	0	0	0	0	0	0	0	0	0
NR_179406.1	GIN-41-MGE-S217	0	0	0	0	0	0	0	0	0
NR_179405.1	GIN-41-MGE-S217	0	0	0	0	0	0	0	0	0
NR_179404.1	GIN-41-MGE-S217	0	0	0	0	0	0	0	0	0
NR_179403.1	GIN-41-MGE-S217	0	0	0	0	0	0	0	0	0
NR_179402.1	GIN-41-MGE-S217	0	0	0	0	0	0	0	0	0
NR_179401.1	GIN-41-MGE-S217	0	0	0	0	0	0	0	0	0
NR_179400.1	GIN-41-MGE-S217	0	0	0	0	0	0	0	0	0
NR_179399.1	GIN-41-MGE-S217	0	0	0	0	0	0	0	0	0
NR_179398.1	GIN-41-MGE-S217	0	0	0	0	0	0	0	0	0
NR_179397.1	GIN-41-MGE-S217	0	0	0	0	0	0	0	0	0
NR_179396.1	GIN-41-MGE-S217	0	0	0	0	0	0	0	0	0
NR_179395.1	GIN-41-MGE-S217	0	0	0	0	0	0	0	0	0
NR_179394.1	GIN-41-MGE-S217	0	0	0	0	0	0	0	0	0
NR_179393.1	GIN-41-MGE-S217	0	0	0	0	0	0	0	0	0
NR_179392.1	GIN-41-MGE-S217	0	0	0	0	0	0	0	0	0
NR_179391.1	GIN-41-MGE-S217	0	0	0	0	0	0	0	0	0
NR_179390.1	GIN-41-MGE-S217	0	0	0	0	0	0	0	0	0
NR_179389.1	GIN-41-MGE-S217	0	0	0	0	0	0	0	0	0
NR_179388.1	GIN-41-MGE-S217	0	0	0	0	0	0	0	0	0
NR_179387.1	GIN-41-MGE-S217	0	0	0	0	0	0	0	0	0
NR_179386.1	GIN-41-MGE-S217	0	0	0	0	0	0	0	0	0
NR_179385.1	GIN-41-MGE-S217	0	0	0	0	0	0	0	0	0
NR_179384.1	GIN-41-MGE-S217	0	0	0	0	0	0	0	0	0
NR_179383.1	GIN-41-MGE-S217	0	0	0	0	0	0	0	0	0
NR_179382.1	GIN-41-MGE-S217	0	0	0	0	0	0	0	0	0
NR_179381.1	GIN-41-MGE-S217	0	0	0	0	0	0	0	0	0
NR_179380.1	GIN-41-MGE-S217	0	0	0	0	0	0	0	0	0
NR_179379.1	GIN-41-MGE-S217	0	0	0	0	0	0	0	0	0
NR_179378.1	GIN-41-MGE-S217	0	0	0	0	0	0	0	0	0
NR_179377.1	GIN-41-MGE-S217	0	0	0	0	0	0	0	0	0
NR_179376.1	GIN-41-MGE-S217	0	0	0	0	0	0	0	0	0
NR_179375.1	GIN-41-MGE-S217	0	0	0	0	0	0	0	0	0
NR_179374.1	GIN-41-MGE-S217	0	0	0	0	0	0	0	0	0
NR_179373.1	GIN-41-MGE-S217	0	0	0	0	0	0	0	0	0
NR_179372.1	GIN-41-MGE-S217	0	0	0	0	0	0	0	0	0
NR_179371.1	GIN-41-MGE-S217	0	0	0	0	0	0	0	0	0
NR_179370.1	GIN-41-MGE-S217	0	0	0	0	0	0	0	0	0
NR_179369.1	GIN-41-MGE-S217	0	0	0	0	0	0	0	0	0
NR_179368.1	GIN-41-MGE-S217	0	0	0	0	0	0	0	0	0
NR_179367.1	GIN-41-MGE-S217	0	0	0	0	0	0	0	0	0
NR_179366.1	GIN-41-MGE-S217	0	0	0	0	0	0	0	0	0
NR_179365.1	GIN-41-MGE-S217	0	0	0	0	0	0	0	0	0
NR_179364.1	GIN-41-MGE-S217	0	0	0	0	0	0	0	0	0
NR_179363.1	GIN-41-MGE-S217	0	0	0	0	0	0	0	0	0
NR_179362.1	GIN-41-MGE-S217	0	0	0	0	0	0	0	0	0
NR_179361.1	GIN-41-MGE-S217	0	0	0	0	0	0	0	0	0
NR_179360.1	GIN-41-MGE-S217	0	0	0	0	0	0	0	0	0
NR_179359.1	GIN-41-MGE-S217	0	0	0	0	0	0	0	0	0
NR_179358.1	GIN-41-MGE-S217	0	0	0	0	0	0	0	0	0
NR_179357.1	GIN-41-MGE-S217	0	0	0	0	0	0	0	0	0
NR_179356.1	GIN-41-MGE-S217	0	0	0	0	0	0	0	0	0
NR_179355.1	GIN-41-MGE-S217	0	0	0	0	0	0	0	0	0
NR_179354.1	GIN-41-MGE-S217	0	0	0	0	0	0	0	0	0
NR_179353.1	GIN-41-MGE-S217	0	0	0	0	0	0	0	0	0
NR_179352.1	GIN-41-MGE-S217	0	0	0	0	0	0	0	0	0
NR_179351.1	GIN-41-MGE-S217	0	0	0	0	0	0	0	0	0
NR_179350.1	GIN-41-MGE-S217	0	0	0	0	0	0	0	0	0
NR_179349.1	GIN-41-MGE-S217	0	0	0	0	0	0	0	0	0
NR_179348.1	GIN-41-MGE-S217	0	0	0	0	0	0	0	0	0
NR_179347.1	GIN-41-MGE-S217	0	0	0	0	0	0	0	0	0
NR_179346.1	GIN-41-MGE-S217	0	0	0	0	0	0	0	0	0
NR_179345.1	GIN-41-MGE-S217	0	0	0	0	0	0	0	0	0
NR_179344.1	GIN-41-MGE-S217	0	0	0	0	0	0	0	0	0
NR_179343.1	GIN-41-MGE-S217	0	0	0	0	0	0	0	0	0
NR_179342.1	GIN-41-MGE-S217	0	0	0	0	0	0	0	0	0
NR_179341.1	GIN-41-MGE-S217	0	0	0	0	0	0	0	0	0
NR_179340.1	GIN-41-MGE-S217	0	0	0	0	0	0	0	0	0
NR_179339.1	GIN-41-MGE-S217	0	0	0	0	0	0	0	0	0
NR_179338.1	GIN-41-MGE-S217	0	0	0	0	0	0	0	0	0
NR_179337.1	GIN-41-MGE-S217	0	0	0	0	0	0	0	0	0
NR_179336.1	GIN-41-MGE-S217	0	0	0	0	0	0	0	0	0
NR_179335.1	GIN-41-MGE-S217	0	0	0	0	0	0	0	0	0
NR_179333.1	GIN-41-MGE-S217	0	0	0	0	0	0	0	0	0
NR_179332.1	GIN-41-MGE-S217	0	0	0	0	0	0	0	0	0
NR_179331.1	GIN-41-MGE-S217	0	0	0	0	0	0	0	0	0
NR_179330.1	GIN-41-MGE-S217	0	0	0	0	0	0	0	0	0
NR_179329.1	GIN-41-MGE-S217	0	0	0	0	0	0	0	0	0
NR_179328.1	GIN-41-MGE-S217	0	0	0	0	0	0	0	0	0
NR_179327.1	GIN-41-MGE-S217	0	0	0	0	0	0	0	0	0
NR_179326.1	GIN-41-MGE-S217	0	0	0	0	0	0	0	0	0
NR_179325.1	GIN-41-MGE-S217	0	0	0	0	0	0	0	0	0
NR_179324.1	GIN-41-MGE-S217	0	0	0	0	0	0	0	0	0
NR_179323.1	GIN-41-MGE-S217	0	0	0	0	0	0	0	0	0
NR_179322.1	GIN-41-MGE-S217	0	0	0	0	0	0	0	0	0
NR_179321.1	GIN-41-MGE-S217	0	0	0	0	0	0	0	0	0
NR_179320.1	GIN-41-MGE-S217	0	0	0	0	0	0	0	0	0
NR_179319.1	GIN-41-MGE-S217	0	0	0	0	0	0	0	0	0
NR_179318.1	GIN-41-MGE-S217	0	0	0	0	0	0	0	0	0
NR_179317.1	GIN-41-MGE-S217	0	0	0	0	0	0	0	0	0
NR_179316.1	GIN-41-MGE-S217	0	0	0	0	0	0	0	0	0
NR_179315.1	GIN-41-MGE-S217	0	0	0	0	0	0	0	0	0
NR_179314.1	GIN-41-MGE-S217	0	0	0	0	0	0	0	0	0
NR_179313.1	GIN-41-MGE-S217	0	0	0	0	0	0	0	0	0
NR_179312.1	GIN-41-MGE-S217	0	0	0	0	0	0	0	0	0
NR_179311.1	GIN-41-MGE-S217	0	0	0	0	0	0	0	0	0
NR_179310.1	GIN-41-MGE-S217	0	0	0	0	0	0	0	0	0
NR_179309.1	GIN-41-MGE-S217	0	0	0	0	0	0	0	0	0
NR_179308.1	GIN-41-MGE-S217	0	0	0	0	0	0	0	0	0
NR_179307.1	GIN-41-MGE-S217	0	0	0	0	0	0	0	0	0
NR_179306.1	GIN-41-MGE-S217	0	0	0	0	0	0	0	0	0
NR_179305.1	GIN-41-MGE-S217	0	0	0	0	0	0	0	0	0
NR_179304.1	GIN-41-MGE-S217	0	0	0	0	0	0	0	0	0
NR_179303.1	GIN-41-MGE-S217	0	0	0	0	0	0	0	0	0
NR_179302.1	GIN-41-MGE-S217	0	0	0	0	0	0	0	0	0
NR_179301.1	GIN-41-MGE-S217	0	0	0	0	0	0	0	0	0
NR_179300.1	GIN-41-MGE-S217	0	0	0	0	0	0	0	0	0
NR_179299.1	GIN-41-MGE-S217	0	0	0	0	0	0	0	0	0
NR_179298.1	GIN-41-MGE-S217	0	0	0	0	0	0	0	0	0
NR_179297.1	GIN-41-MGE-S217	0	0	0	0	0	0	0	0	0
NR_179296.1	GIN-41-MGE-S217	0	0	0	0	0	0	0	0	0
NR_179295.1	GIN-41-MGE-S217	0	0	0	0	0	0	0	0	0
NR_179294.1	GIN-41-MGE-S217	0	0	0	0	0	0	0	0	0
NR_179293.1	GIN-41-MGE-S217	0	0	0	0	0	0	0	0	0
NR_179292.1	GIN-41-MGE-S217	0	0	0	0	0	0	0	0	0
NR_179291.1	GIN-41-MGE-S217	0	0	0	0	0	0	0	0	0
NR_179290.1	GIN-41-MGE-S217	0	0	0	0	0	0	0	0	0
NR_179289.1	GIN-41-MGE-S217	0	0	0	0	0	0	0	0	0
NR_179288.1	GIN-41-MGE-S217	0	0	0	0	0	0	0	0	0
NR_179287.1	GIN-41-MGE-S217	0	0	0	0	0	0	0	0	0
NR_179286.1	GIN-41-MGE-S217	0	0	0	0	0	0	0	0	0
NR_179285.1	GIN-41-MGE-S217	0	0	0	0	0	0	0	0	0
NR_179284.1	GIN-41-MGE-S217	0	0	0	0	0	0	0	0	0
NR_179283.1	GIN-41-MGE-S217	0	0	0	0	0	0	0	0	0
NR_179282.1	GIN-41-MGE-S217	0	0	0	0	0	0	0	0	0
NR_179281.1	GIN-41-MGE-S217	0	0	0	0	0	0	0	0	0
NR_179280.1	GIN-41-MGE-S217	0	0	0	0	0	0	0	0	0
NR_179279.1	GIN-41-MGE-S217	0	0	0	0	0	0	0	0	0
NR_179278.1	GIN-41-MGE-S217	0	0	0	0	0	0	0	0	0
NR_179277.1	GIN-41-MGE-S217	0	0	0	0	0	0	0	0	0
NR_179276.1	GIN-41-MGE-S217	0	0	0	0	0	0	0	0	0
NR_179275.1	GIN-41-MGE-S217	0	0	0	0	0	0	0	0	0
NR_179274.1	GIN-41-MGE-S217	0	0	0	0	0	0	0	0	0
NR_179273.1	GIN-41-MGE-S217	0	0	0	0	0	0	0	0	0
NR_179272.1	GIN-41-MGE-S217	0	0	0	0	0	0	0	0	0
NR_179271.1	GIN-41-MGE-S217	0	0	0	0	0	0	0	0	0
NR_179270.1	GIN-41-MGE-S217	995	995	0	0	0	0	0	0	0
NR_179269.1	GIN-41-MGE-S217	0	0	0	0	0	0	0	0	0
NR_179268.1	GIN-41-MGE-S217	0	0	0	0	0	0	0	0	0
NR_179267.1	GIN-41-MGE-S217	0	0	0	0	0	0	0	0	0
NR_179266.1	GIN-41-MGE-S217	0	0	0	0	0	0	0	0	0
NR_179265.1	GIN-41-MGE-S217	0	0	0	0	0	0	0	0	0
NR_179264.1	GIN-41-MGE-S217	0	0	0	0	0	0	0	0	0
NR_179263.1	GIN-41-MGE-S217	0	0	0	0	0	0	0	0	0
NR_179262.1	GIN-41-MGE-S217	0	0	0	0	0	0	0	0	0
NR_179261.1	GIN-41-MGE-S217	0	0	0	0	0	0	0	0	0
NR_179260.1	GIN-41-MGE-S217	0	0	0	0	0	0	0	0	0
NR_179259.1	GIN-41-MGE-S217	0	0	0	0	0	0	0	0	0
NR_179258.1	GIN-41-MGE-S217	0	0	0	0	0	0	0	0	0
NR_179257.1	GIN-41-MGE-S217	0	0	0	0	0	0	0	0	0
NR_179256.1	GIN-41-MGE-S217	0	0	0	0	0	0	0	0	0
NR_179255.1	GIN-41-MGE-S217	0	0	0	0	0	0	0	0	0
NR_179254.1	GIN-41-MGE-S217	0	0	0	0	0	0	0	0	0
NR_179253.1	GIN-41-MGE-S217	0	0	0	0	0	0	0	0	0
NR_179252.1	GIN-41-MGE-S217	0	0	0	0	0	0	0	0	0
NR_179251.1	GIN-41-MGE-S217	0	0	0	0	0	0	0	0	0
NR_179250.1	GIN-41-MGE-S217	0	0	0	0	0	0	0	0	0
NR_179249.1	GIN-41-MGE-S217	0	0	0	0	0	0	0	0	0
NR_179248.1	GIN-41-MGE-S217	0	0	0	0	0	0	0	0	0
NR_179247.1	GIN-41-MGE-S217	0	0	0	0	0	0	0	0	0
NR_179246.1	GIN-41-MGE-S217	0	0	0	0	0	0	0	0	0
NR_179245.1	GIN-41-MGE-S217	0	0	0	0	0	0	0	0	0
NR_179244.1	GIN-41-MGE-S217	0	0	0	0	0	0	0	0	0
NR_179243.1	GIN-41-MGE-S217	0	0	0	0	0	0	0	0	0
NR_179242.1	GIN-41-MGE-S217	0	0	0	0	0	0	0	0	0
NR_179241.1	GIN-41-MGE-S217	0	0	0	0	0	0	0	0	0
NR_179240.1	GIN-41-MGE-S217	0	0	0	0	0	0	0	0	0
NR_179239.1	GIN-41-MGE-S217	0	0	0	0	0	0	0	0	0
NR_179238.1	GIN-41-MGE-S217	0	0	0	0	0	0	0	0	0
NR_179237.1	GIN-41-MGE-S217	0	0	0	0	0	0	0	0	0
NR_179236.1	GIN-41-MGE-S217	0	0	0	0	0	0	0	0	0
NR_179235.1	GIN-41-MGE-S217	0	0	0	0	0	0	0	0	0
NR_179234.1	GIN-41-MGE-S217	0	0	0	0	0	0	0	0	0
NR_179233.1	GIN-41-MGE-S217	0	0	0	0	0	0	0	0	0
NR_179232.1	GIN-41-MGE-S217	0	0	0	0	0	0	0	0	0
NR_179231.1	GIN-41-MGE-S217	0	0	0	0	0	0	0	0	0
NR_179230.1	GIN-41-MGE-S217	0	0	0	0	0	0	0	0	0
NR_179229.1	GIN-41-MGE-S217	0	0	0	0	0	0	0	0	0
NR_179228.1	GIN-41-MGE-S217	0	0	0	0	0	0	0	0	0
NR_179227.1	GIN-41-MGE-S217	0	0	0	0	0	0	0	0	0
NR_179226.1	GIN-41-MGE-S217	0	0	0	0	0	0	0	0	0
NR_179225.1	GIN-41-MGE-S217	0	0	0	0	0	0	0	0	0
NR_179224.1	GIN-41-MGE-S217	0	0	0	0	0	0	0	0	0
NR_179222.1	GIN-41-MGE-S217	0	0	0	0	0	0	0	0	0
NR_179221.1	GIN-41-MGE-S217	0	0	0	0	0	0	0	0	0
NR_179220.1	GIN-41-MGE-S217	0	0	0	0	0	0	0	0	0
NR_179219.1	GIN-41-MGE-S217	0	0	0	0	0	0	0	0	0
NR_179218.1	GIN-41-MGE-S217	0	0	0	0	0	0	0	0	0
NR_179217.1	GIN-41-MGE-S217	0	0	0	0	0	0	0	0	0
NR_179216.1	GIN-41-MGE-S217	0	0	0	0	0	0	0	0	0
NR_179215.1	GIN-41-MGE-S217	0	0	0	0	0	0	0	0	0
NR_179214.1	GIN-41-MGE-S217	0	0	0	0	0	0	0	0	0
NR_179213.1	GIN-41-MGE-S217	0	0	0	0	0	0	0	0	0
NR_179212.1	GIN-41-MGE-S217	0	0	0	0	0	0	0	0	0
NR_179211.1	GIN-41-MGE-S217	0	0	0	0	0	0	0	0	0
NR_179210.1	GIN-41-MGE-S217	0	0	0	0	0	0	0	0	0
NR_179209.1	GIN-41-MGE-S217	0	0	0	0	0	0	0	0	0
NR_179208.1	GIN-41-MGE-S217	0	0	0	0	0	0	0	0	0
NR_179207.1	GIN-41-MGE-S217	0	0	0	0	0	0	0	0	0
NR_179206.1	GIN-41-MGE-S217	0	0	0	0	0	0	0	0	0
NR_179205.1	GIN-41-MGE-S217	0	0	0	0	0	0	0	0	0
NR_179204.1	GIN-41-MGE-S217	0	0	0	0	0	0	0	0	0
NR_179203.1	GIN-41-MGE-S217	0	0	0	0	0	0	0	0	0
NR_179202.1	GIN-41-MGE-S217	0	0	0	0	0	0	0	0	0
NR_179201.1	GIN-41-MGE-S217	0	0	0	0	0	0	0	0	0
NR_179200.1	GIN-41-MGE-S217	0	0	0	0	0	0	0	0	0
NR_179199.1	GIN-41-MGE-S217	0	0	0	0	0	0	0	0	0
NR_179198.1	GIN-41-MGE-S217	0	0	0	0	0	0	0	0	0
NR_179197.1	GIN-41-MGE-S217	0	0	0	0	0	0	0	0	0
NR_179196.1	GIN-41-MGE-S217	0	0	0	0	0	0	0	0	0
NR_179195.1	GIN-41-MGE-S217	0	0	0	0	0	0	0	0	0
NR_179194.1	GIN-41-MGE-S217	0	0	0	0	0	0	0	0	0
NR_179193.1	GIN-41-MGE-S217	0	0	0	0	0	0	0	0	0
NR_179192.1	GIN-41-MGE-S217	0	0	0	0	0	0	0	0	0
NR_179191.1	GIN-41-MGE-S217	0	0	0	0	0	0	0	0	0
NR_179190.1	GIN-41-MGE-S217	0	0	0	0	0	0	0	0	0
NR_179189.1	GIN-41-MGE-S217	0	0	0	0	0	0	0	0	0
NR_179188.1	GIN-41-MGE-S217	0	0	0	0	0	0	0	0	0
NR_179187.1	GIN-41-MGE-S217	0	0	0	0	0	0	0	0	0
NR_179186.1	GIN-41-MGE-S217	0	0	0	0	0	0	0	0	0
NR_179185.1	GIN-41-MGE-S217	0	0	0	0	0	0	0	0	0
NR_179184.1	GIN-41-MGE-S217	0	0	0	0	0	0	0	0	0
NR_179183.1	GIN-41-MGE-S217	0	0	0	0	0	0	0	0	0
NR_179182.1	GIN-41-MGE-S217	0	0	0	0	0	0	0	0	0
NR_179181.1	GIN-41-MGE-S217	0	0	0	0	0	0	0	0	0
NR_179180.1	GIN-41-MGE-S217	0	0	0	0	0	0	0	0	0
NR_179179.1	GIN-41-MGE-S217	0	0	0	0	0	0	0	0	0
NR_179178.1	GIN-41-MGE-S217	0	0	0	0	0	0	0	0	0
NR_179177.1	GIN-41-MGE-S217	0	0	0	0	0	0	0	0	0
NR_179176.1	GIN-41-MGE-S217	0	0	0	0	0	0	0	0	0
NR_179175.1	GIN-41-MGE-S217	0	0	0	0	0	0	0	0	0
NR_179174.1	GIN-41-MGE-S217	0	0	0	0	0	0	0	0	0
NR_179173.1	GIN-41-MGE-S217	3	3	0	0	0	0	0	0	0
NR_179172.1	GIN-41-MGE-S217	0	0	0	0	0	0	0	0	0
NR_179171.1	GIN-41-MGE-S217	0	0	0	0	0	0	0	0	0
NR_179170.1	GIN-41-MGE-S217	0	0	0	0	0	0	0	0	0
NR_179169.1	GIN-41-MGE-S217	0	0	0	0	0	0	0	0	0
NR_179168.1	GIN-41-MGE-S217	0	0	0	0	0	0	0	0	0
NR_179167.1	GIN-41-MGE-S217	0	0	0	0	0	0	0	0	0
NR_179166.1	GIN-41-MGE-S217	0	0	0	0	0	0	0	0	0
NR_179165.1	GIN-41-MGE-S217	0	0	0	0	0	0	0	0	0
NR_179164.1	GIN-41-MGE-S217	0	0	0	0	0	0	0	0	0
NR_179163.1	GIN-41-MGE-S217	0	0	0	0	0	0	0	0	0
NR_179162.1	GIN-41-MGE-S217	0	0	0	0	0	0	0	0	0
NR_179161.1	GIN-41-MGE-S217	0	0	0	0	0	0	0	0	0
NR_179160.1	GIN-41-MGE-S217	0	0	0	0	0	0	0	0	0
NR_179159.1	GIN-41-MGE-S217	0	0	0	0	0	0	0	0	0
NR_179158.1	GIN-41-MGE-S217	0	0	0	0	0	0	0	0	0
NR_179157.1	GIN-41-MGE-S217	0	0	0	0	0	0	0	0	0
NR_179156.1	GIN-41-MGE-S217	0	0	0	0	0	0	0	0	0
NR_179155.1	GIN-41-MGE-S217	0	0	0	0	0	0	0	0	0
NR_179154.1	GIN-41-MGE-S217	0	0	0	0	0	0	0	0	0
NR_179153.1	GIN-41-MGE-S217	0	0	0	0	0	0	0	0	0
NR_179152.1	GIN-41-MGE-S217	0	0	0	0	0	0	0	0	0
NR_179151.1	GIN-41-MGE-S217	0	0	0	0	0	0	0	0	0
NR_179150.1	GIN-41-MGE-S217	0	0	0	0	0	0	0	0	0
NR_179149.1	GIN-41-MGE-S217	0	0	0	0	0	0	0	0	0
NR_179148.1	GIN-41-MGE-S217	0	0	0	0	0	0	0	0	0
NR_179147.1	GIN-41-MGE-S217	0	0	0	0	0	0	0	0	0
NR_179146.1	GIN-41-MGE-S217	0	0	0	0	0	0	0	0	0
NR_179145.1	GIN-41-MGE-S217	0	0	0	0	0	0	0	0	0
NR_179144.1	GIN-41-MGE-S217	0	0	0	0	0	0	0	0	0
NR_179143.1	GIN-41-MGE-S217	0	0	0	0	0	0	0	0	0
NR_179142.1	GIN-41-MGE-S217	0	0	0	0	0	0	0	0	0
NR_179141.1	GIN-41-MGE-S217	0	0	0	0	0	0	0	0	0
NR_179140.1	GIN-41-MGE-S217	0	0	0	0	0	0	0	0	0
NR_179139.1	GIN-41-MGE-S217	0	0	0	0	0	0	0	0	0
NR_179138.1	GIN-41-MGE-S217	0	0	0	0	0	0	0	0	0
NR_179137.1	GIN-41-MGE-S217	0	0	0	0	0	0	0	0	0
NR_179136.1	GIN-41-MGE-S217	0	0	0	0	0	0	0	0	0
NR_179135.1	GIN-41-MGE-S217	0	0	0	0	0	0	0	0	0
NR_179134.1	GIN-41-MGE-S217	0	0	0	0	0	0	0	0	0
NR_179133.1	GIN-41-MGE-S217	0	0	0	0	0	0	0	0	0
NR_179132.1	GIN-41-MGE-S217	0	0	0	0	0	0	0	0	0
NR_179131.1	GIN-41-MGE-S217	0	0	0	0	0	0	0	0	0
NR_179130.1	GIN-41-MGE-S217	0	0	0	0	0	0	0	0	0
NR_179129.1	GIN-41-MGE-S217	0	0	0	0	0	0	0	0	0
NR_179128.1	GIN-41-MGE-S217	0	0	0	0	0	0	0	0	0
NR_179127.1	GIN-41-MGE-S217	0	0	0	0	0	0	0	0	0
NR_179126.1	GIN-41-MGE-S217	0	0	0	0	0	0	0	0	0
NR_179125.1	GIN-41-MGE-S217	0	0	0	0	0	0	0	0	0
NR_179124.1	GIN-41-MGE-S217	0	0	0	0	0	0	0	0	0
NR_179123.1	GIN-41-MGE-S217	0	0	0	0	0	0	0	0	0
NR_179122.1	GIN-41-MGE-S217	0	0	0	0	0	0	0	0	0
NR_179121.1	GIN-41-MGE-S217	0	0	0	0	0	0	0	0	0
NR_179120.1	GIN-41-MGE-S217	0	0	0	0	0	0	0	0	0
NR_179119.1	GIN-41-MGE-S217	0	0	0	0	0	0	0	0	0
NR_179118.1	GIN-41-MGE-S217	0	0	0	0	0	0	0	0	0
NR_179117.1	GIN-41-MGE-S217	0	0	0	0	0	0	0	0	0
NR_179116.1	GIN-41-MGE-S217	0	0	0	0	0	0	0	0	0
NR_179115.1	GIN-41-MGE-S217	0	0	0	0	0	0	0	0	0
NR_179114.1	GIN-41-MGE-S217	0	0	0	0	0	0	0	0	0
NR_179113.1	GIN-41-MGE-S217	0	0	0	0	0	0	0	0	0
NR_179112.1	GIN-41-MGE-S217	0	0	0	0	0	0	0	0	0
NR_179111.1	GIN-41-MGE-S217	0	0	0	0	0	0	0	0	0
NR_179110.1	GIN-41-MGE-S217	0	0	0	0	0	0	0	0	0
NR_179109.1	GIN-41-MGE-S217	0	0	0	0	0	0	0	0	0
NR_179108.1	GIN-41-MGE-S217	0	0	0	0	0	0	0	0	0
NR_179107.1	GIN-41-MGE-S217	0	0	0	0	0	0	0	0	0
NR_179106.1	GIN-41-MGE-S217	0	0	0	0	0	0	0	0	0
NR_179105.1	GIN-41-MGE-S217	0	0	0	0	0	0	0	0	0
NR_179104.1	GIN-41-MGE-S217	0	0	0	0	0	0	0	0	0
NR_179103.1	GIN-41-MGE-S217	0	0	0	0	0	0	0	0	0
NR_179102.1	GIN-41-MGE-S217	0	0	0	0	0	0	0	0	0
NR_179101.1	GIN-41-MGE-S217	0	0	0	0	0	0	0	0	0
NR_179100.1	GIN-41-MGE-S217	0	0	0	0	0	0	0	0	0
NR_179099.1	GIN-41-MGE-S217	0	0	0	0	0	0	0	0	0
NR_179098.1	GIN-41-MGE-S217	0	0	0	0	0	0	0	0	0
NR_179097.1	GIN-41-MGE-S217	0	0	0	0	0	0	0	0	0
NR_179096.1	GIN-41-MGE-S217	0	0	0	0	0	0	0	0	0
NR_179095.1	GIN-41-MGE-S217	0	0	0	0	0	0	0	0	0
NR_179094.1	GIN-41-MGE-S217	0	0	0	0	0	0	0	0	0
NR_179093.1	GIN-41-MGE-S217	0	0	0	0	0	0	0	0	0
NR_179092.1	GIN-41-MGE-S217	0	0	0	0	0	0	0	0	0
NR_179091.1	GIN-41-MGE-S217	0	0	0	0	0	0	0	0	0
NR_179090.1	GIN-41-MGE-S217	0	0	0	0	0	0	0	0	0
NR_179089.1	GIN-41-MGE-S217	0	0	0	0	0	0	0	0	0
NR_179088.1	GIN-41-MGE-S217	0	0	0	0	0	0	0	0	0
NR_179087.1	GIN-41-MGE-S217	0	0	0	0	0	0	0	0	0
NR_179086.1	GIN-41-MGE-S217	0	0	0	0	0	0	0	0	0
NR_179085.1	GIN-41-MGE-S217	0	0	0	0	0	0	0	0	0
NR_179084.1	GIN-41-MGE-S217	0	0	0	0	0	0	0	0	0
NR_179083.1	GIN-41-MGE-S217	0	0	0	0	0	0	0	0	0
NR_179082.1	GIN-41-MGE-S217	0	0	0	0	0	0	0	0	0
NR_179081.1	GIN-41-MGE-S217	0	0	0	0	0	0	0	0	0
NR_179080.1	GIN-41-MGE-S217	0	0	0	0	0	0	0	0	0
NR_179079.1	GIN-41-MGE-S217	0	0	0	0	0	0	0	0	0
NR_179078.1	GIN-41-MGE-S217	0	0	0	0	0	0	0	0	0
NR_179077.1	GIN-41-MGE-S217	0	0	0	0	0	0	0	0	0
NR_179076.1	GIN-41-MGE-S217	0	0	0	0	0	0	0	0	0
NR_179075.1	GIN-41-MGE-S217	0	0	0	0	0	0	0	0	0
NR_179074.1	GIN-41-MGE-S217	0	0	0	0	0	0	0	0	0
NR_179073.1	GIN-41-MGE-S217	0	0	0	0	0	0	0	0	0
NR_179072.1	GIN-41-MGE-S217	0	0	0	0	0	0	0	0	0
NR_179071.1	GIN-41-MGE-S217	0	0	0	0	0	0	0	0	0
NR_179070.1	GIN-41-MGE-S217	0	0	0	0	0	0	0	0	0
NR_179069.1	GIN-41-MGE-S217	0	0	0	0	0	0	0	0	0
NR_179068.1	GIN-41-MGE-S217	0	0	0	0	0	0	0	0	0
NR_179067.1	GIN-41-MGE-S217	0	0	0	0	0	0	0	0	0
NR_179066.1	GIN-41-MGE-S217	0	0	0	0	0	0	0	0	0
NR_179065.1	GIN-41-MGE-S217	0	0	0	0	0	0	0	0	0
NR_179064.1	GIN-41-MGE-S217	0	0	0	0	0	0	0	0	0
NR_179063.1	GIN-41-MGE-S217	0	0	0	0	0	0	0	0	0
NR_179062.1	GIN-41-MGE-S217	0	0	0	0	0	0	0	0	0
NR_179061.1	GIN-41-MGE-S217	0	0	0	0	0	0	0	0	0
NR_179060.1	GIN-41-MGE-S217	0	0	0	0	0	0	0	0	0
NR_179059.1	GIN-41-MGE-S217	0	0	0	0	0	0	0	0	0
NR_179058.1	GIN-41-MGE-S217	0	0	0	0	0	0	0	0	0
NR_179057.1	GIN-41-MGE-S217	0	0	0	0	0	0	0	0	0
NR_179056.1	GIN-41-MGE-S217	0	0	0	0	0	0	0	0	0
NR_179055.1	GIN-41-MGE-S217	0	0	0	0	0	0	0	0	0
NR_179054.1	GIN-41-MGE-S217	0	0	0	0	0	0	0	0	0
NR_179053.1	GIN-41-MGE-S217	0	0	0	0	0	0	0	0	0
NR_179052.1	GIN-41-MGE-S217	0	0	0	0	0	0	0	0	0
NR_179051.1	GIN-41-MGE-S217	0	0	0	0	0	0	0	0	0
NR_179050.1	GIN-41-MGE-S217	0	0	0	0	0	0	0	0	0
NR_179049.1	GIN-41-MGE-S217	0	0	0	0	0	0	0	0	0
NR_179048.1	GIN-41-MGE-S217	0	0	0	0	0	0	0	0	0
NR_179047.1	GIN-41-MGE-S217	0	0	0	0	0	0	0	0	0
NR_179046.1	GIN-41-MGE-S217	0	0	0	0	0	0	0	0	0
NR_179045.1	GIN-41-MGE-S217	0	0	0	0	0	0	0	0	0
NR_179044.1	GIN-41-MGE-S217	0	0	0	0	0	0	0	0	0
NR_179043.1	GIN-41-MGE-S217	0	0	0	0	0	0	0	0	0
NR_179042.1	GIN-41-MGE-S217	0	0	0	0	0	0	0	0	0
NR_179041.1	GIN-41-MGE-S217	0	0	0	0	0	0	0	0	0
NR_179040.1	GIN-41-MGE-S217	0	0	0	0	0	0	0	0	0
NR_179039.1	GIN-41-MGE-S217	0	0	0	0	0	0	0	0	0
NR_179038.1	GIN-41-MGE-S217	0	0	0	0	0	0	0	0	0
NR_179037.1	GIN-41-MGE-S217	0	0	0	0	0	0	0	0	0
NR_179036.1	GIN-41-MGE-S217	0	0	0	0	0	0	0	0	0
NR_179035.1	GIN-41-MGE-S217	0	0	0	0	0	0	0	0	0
NR_179034.1	GIN-41-MGE-S217	0	0	0	0	0	0	0	0	0
NR_179033.1	GIN-41-MGE-S217	0	0	0	0	0	0	0	0	0
NR_179032.1	GIN-41-MGE-S217	0	0	0	0	0	0	0	0	0
NR_179031.1	GIN-41-MGE-S217	0	0	0	0	0	0	0	0	0
NR_179030.1	GIN-41-MGE-S217	0	0	0	0	0	0	0	0	0
NR_179029.1	GIN-41-MGE-S217	0	0	0	0	0	0	0	0	0
NR_179028.1	GIN-41-MGE-S217	0	0	0	0	0	0	0	0	0
NR_179027.1	GIN-41-MGE-S217	0	0	0	0	0	0	0	0	0
NR_179026.1	GIN-41-MGE-S217	0	0	0	0	0	0	0	0	0
NR_179025.1	GIN-41-MGE-S217	0	0	0	0	0	0	0	0	0
NR_179024.1	GIN-41-MGE-S217	0	0	0	0	0	0	0	0	0
NR_179023.1	GIN-41-MGE-S217	0	0	0	0	0	0	0	0	0
NR_179022.1	GIN-41-MGE-S217	0	0	0	0	0	0	0	0	0
NR_179021.1	GIN-41-MGE-S217	0	0	0	0	0	0	0	0	0
NR_179020.1	GIN-41-MGE-S217	0	0	0	0	0	0	0	0	0
NR_179019.1	GIN-41-MGE-S217	0	0	0	0	0	0	0	0	0
NR_179018.1	GIN-41-MGE-S217	0	0	0	0	0	0	0	0	0
NR_179017.1	GIN-41-MGE-S217	0	0	0	0	0	0	0	0	0
NR_179016.1	GIN-41-MGE-S217	0	0	0	0	0	0	0	0	0
NR_179015.1	GIN-41-MGE-S217	0	0	0	0	0	0	0	0	0
NR_179014.1	GIN-41-MGE-S217	0	0	0	0	0	0	0	0	0
NR_179013.1	GIN-41-MGE-S217	0	0	0	0	0	0	0	0	0
NR_179012.1	GIN-41-MGE-S217	0	0	0	0	0	0	0	0	0
NR_179011.1	GIN-41-MGE-S217	0	0	0	0	0	0	0	0	0
NR_179010.1	GIN-41-MGE-S217	0	0	0	0	0	0	0	0	0
NR_179009.1	GIN-41-MGE-S217	0	0	0	0	0	0	0	0	0
NR_179008.1	GIN-41-MGE-S217	0	0	0	0	0	0	0	0	0
NR_179007.1	GIN-41-MGE-S217	0	0	0	0	0	0	0	0	0
NR_179006.1	GIN-41-MGE-S217	0	0	0	0	0	0	0	0	0
NR_179005.1	GIN-41-MGE-S217	0	0	0	0	0	0	0	0	0
NR_179004.1	GIN-41-MGE-S217	0	0	0	0	0	0	0	0	0
NR_179003.1	GIN-41-MGE-S217	0	0	0	0	0	0	0	0	0
NR_179002.1	GIN-41-MGE-S217	0	0	0	0	0	0	0	0	0
NR_179001.1	GIN-41-MGE-S217	0	0	0	0	0	0	0	0	0
NR_179000.1	GIN-41-MGE-S217	0	0	0	0	0	0	0	0	0
NR_178999.1	GIN-41-MGE-S217	0	0	0	0	0	0	0	0	0
NR_178998.1	GIN-41-MGE-S217	0	0	0	0	0	0	0	0	0
NR_178997.1	GIN-41-MGE-S217	0	0	0	0	0	0	0	0	0
NR_178996.1	GIN-41-MGE-S217	0	0	0	0	0	0	0	0	0
NR_178995.1	GIN-41-MGE-S217	0	0	0	0	0	0	0	0	0
NR_178994.1	GIN-41-MGE-S217	0	0	0	0	0	0	0	0	0
NR_178993.1	GIN-41-MGE-S217	0	0	0	0	0	0	0	0	0
NR_178992.1	GIN-41-MGE-S217	0	0	0	0	0	0	0	0	0
NR_178991.1	GIN-41-MGE-S217	0	0	0	0	0	0	0	0	0
NR_178990.1	GIN-41-MGE-S217	0	0	0	0	0	0	0	0	0
NR_178989.1	GIN-41-MGE-S217	0	0	0	0	0	0	0	0	0
NR_178988.1	GIN-41-MGE-S217	0	0	0	0	0	0	0	0	0
NR_178987.1	GIN-41-MGE-S217	0	0	0	0	0	0	0	0	0
NR_178986.1	GIN-41-MGE-S217	0	0	0	0	0	0	0	0	0
NR_178985.1	GIN-41-MGE-S217	0	0	0	0	0	0	0	0	0
NR_178984.1	GIN-41-MGE-S217	0	0	0	0	0	0	0	0	0
NR_178983.1	GIN-41-MGE-S217	0	0	0	0	0	0	0	0	0
NR_178982.1	GIN-41-MGE-S217	0	0	0	0	0	0	0	0	0
NR_178981.1	GIN-41-MGE-S217	0	0	0	0	0	0	0	0	0
NR_178980.1	GIN-41-MGE-S217	0	0	0	0	0	0	0	0	0
NR_178979.1	GIN-41-MGE-S217	0	0	0	0	0	0	0	0	0
NR_178978.1	GIN-41-MGE-S217	0	0	0	0	0	0	0	0	0
NR_178977.1	GIN-41-MGE-S217	0	0	0	0	0	0	0	0	0
NR_178976.1	GIN-41-MGE-S217	0	0	0	0	0	0	0	0	0
NR_178975.1	GIN-41-MGE-S217	0	0	0	0	0	0	0	0	0
NR_178974.1	GIN-41-MGE-S217	0	0	0	0	0	0	0	0	0
NR_178973.1	GIN-41-MGE-S217	0	0	0	0	0	0	0	0	0
NR_178972.1	GIN-41-MGE-S217	0	0	0	0	0	0	0	0	0
NR_178971.1	GIN-41-MGE-S217	0	0	0	0	0	0	0	0	0
NR_178970.1	GIN-41-MGE-S217	0	0	0	0	0	0	0	0	0
NR_178969.1	GIN-41-MGE-S217	0	0	0	0	0	0	0	0	0
NR_178968.1	GIN-41-MGE-S217	0	0	0	0	0	0	0	0	0
NR_178967.1	GIN-41-MGE-S217	0	0	0	0	0	0	0	0	0
NR_178966.1	GIN-41-MGE-S217	0	0	0	0	0	0	0	0	0
NR_178965.1	GIN-41-MGE-S217	0	0	0	0	0	0	0	0	0
NR_178964.1	GIN-41-MGE-S217	0	0	0	0	0	0	0	0	0
NR_178963.1	GIN-41-MGE-S217	0	0	0	0	0	0	0	0	0
NR_178962.1	GIN-41-MGE-S217	0	0	0	0	0	0	0	0	0
NR_178961.1	GIN-41-MGE-S217	0	0	0	0	0	0	0	0	0
NR_178960.1	GIN-41-MGE-S217	0	0	0	0	0	0	0	0	0
NR_178959.1	GIN-41-MGE-S217	0	0	0	0	0	0	0	0	0
NR_178958.1	GIN-41-MGE-S217	0	0	0	0	0	0	0	0	0
NR_178957.1	GIN-41-MGE-S217	0	0	0	0	0	0	0	0	0
NR_178956.1	GIN-41-MGE-S217	0	0	0	0	0	0	0	0	0
NR_178955.1	GIN-41-MGE-S217	0	0	0	0	0	0	0	0	0
NR_178954.1	GIN-41-MGE-S217	0	0	0	0	0	0	0	0	0
NR_178953.1	GIN-41-MGE-S217	0	0	0	0	0	0	0	0	0
NR_178952.1	GIN-41-MGE-S217	0	0	0	0	0	0	0	0	0
NR_178951.1	GIN-41-MGE-S217	0	0	0	0	0	0	0	0	0
NR_178950.1	GIN-41-MGE-S217	0	0	0	0	0	0	0	0	0
NR_178949.1	GIN-41-MGE-S217	0	0	0	0	0	0	0	0	0
NR_178948.1	GIN-41-MGE-S217	0	0	0	0	0	0	0	0	0
NR_178947.1	GIN-41-MGE-S217	0	0	0	0	0	0	0	0	0
NR_178946.1	GIN-41-MGE-S217	0	0	0	0	0	0	0	0	0
NR_178945.1	GIN-41-MGE-S217	0	0	0	0	0	0	0	0	0
NR_178944.1	GIN-41-MGE-S217	0	0	0	0	0	0	0	0	0
NR_178943.1	GIN-41-MGE-S217	0	0	0	0	0	0	0	0	0
NR_178942.1	GIN-41-MGE-S217	0	0	0	0	0	0	0	0	0
NR_178941.1	GIN-41-MGE-S217	0	0	0	0	0	0	0	0	0
NR_178940.1	GIN-41-MGE-S217	0	0	0	0	0	0	0	0	0
NR_178939.1	GIN-41-MGE-S217	0	0	0	0	0	0	0	0	0
NR_178938.1	GIN-41-MGE-S217	0	0	0	0	0	0	0	0	0
NR_178935.1	GIN-41-MGE-S217	0	0	0	0	0	0	0	0	0
NR_178934.1	GIN-41-MGE-S217	0	0	0	0	0	0	0	0	0
NR_178933.1	GIN-41-MGE-S217	0	0	0	0	0	0	0	0	0
NR_178932.1	GIN-41-MGE-S217	0	0	0	0	0	0	0	0	0
NR_178931.1	GIN-41-MGE-S217	0	0	0	0	0	0	0	0	0
NR_178930.1	GIN-41-MGE-S217	0	0	0	0	0	0	0	0	0
NR_178929.1	GIN-41-MGE-S217	0	0	0	0	0	0	0	0	0
NR_178928.1	GIN-41-MGE-S217	0	0	0	0	0	0	0	0	0
NR_178927.1	GIN-41-MGE-S217	0	0	0	0	0	0	0	0	0
NR_178926.1	GIN-41-MGE-S217	0	0	0	0	0	0	0	0	0
NR_178925.1	GIN-41-MGE-S217	0	0	0	0	0	0	0	0	0
NR_178924.1	GIN-41-MGE-S217	0	0	0	0	0	0	0	0	0
NR_178923.1	GIN-41-MGE-S217	0	0	0	0	0	0	0	0	0
NR_178922.1	GIN-41-MGE-S217	0	0	0	0	0	0	0	0	0
NR_178921.1	GIN-41-MGE-S217	0	0	0	0	0	0	0	0	0
NR_178920.1	GIN-41-MGE-S217	0	0	0	0	0	0	0	0	0
NR_178919.1	GIN-41-MGE-S217	0	0	0	0	0	0	0	0	0
NR_178918.1	GIN-41-MGE-S217	0	0	0	0	0	0	0	0	0
NR_178917.1	GIN-41-MGE-S217	0	0	0	0	0	0	0	0	0
NR_178916.1	GIN-41-MGE-S217	0	0	0	0	0	0	0	0	0
NR_178915.1	GIN-41-MGE-S217	0	0	0	0	0	0	0	0	0
NR_178914.1	GIN-41-MGE-S217	0	0	0	0	0	0	0	0	0
NR_178913.1	GIN-41-MGE-S217	0	0	0	0	0	0	0	0	0
NR_178912.1	GIN-41-MGE-S217	0	0	0	0	0	0	0	0	0
NR_178911.1	GIN-41-MGE-S217	0	0	0	0	0	0	0	0	0
NR_178910.1	GIN-41-MGE-S217	0	0	0	0	0	0	0	0	0
NR_178909.1	GIN-41-MGE-S217	0	0	0	0	0	0	0	0	0
NR_178907.1	GIN-41-MGE-S217	0	0	0	0	0	0	0	0	0
NR_178906.1	GIN-41-MGE-S217	0	0	0	0	0	0	0	0	0
NR_178905.1	GIN-41-MGE-S217	0	0	0	0	0	0	0	0	0
NR_178904.1	GIN-41-MGE-S217	0	0	0	0	0	0	0	0	0
NR_178903.1	GIN-41-MGE-S217	0	0	0	0	0	0	0	0	0
NR_178902.1	GIN-41-MGE-S217	0	0	0	0	0	0	0	0	0
NR_178901.1	GIN-41-MGE-S217	0	0	0	0	0	0	0	0	0
NR_178900.1	GIN-41-MGE-S217	0	0	0	0	0	0	0	0	0
NR_178899.1	GIN-41-MGE-S217	0	0	0	0	0	0	0	0	0
NR_178898.1	GIN-41-MGE-S217	0	0	0	0	0	0	0	0	0
NR_178897.1	GIN-41-MGE-S217	0	0	0	0	0	0	0	0	0
NR_178896.1	GIN-41-MGE-S217	0	0	0	0	0	0	0	0	0
NR_178895.1	GIN-41-MGE-S217	0	0	0	0	0	0	0	0	0
NR_178894.1	GIN-41-MGE-S217	0	0	0	0	0	0	0	0	0
NR_178893.1	GIN-41-MGE-S217	0	0	0	0	0	0	0	0	0
NR_178892.1	GIN-41-MGE-S217	0	0	0	0	0	0	0	0	0
NR_178891.1	GIN-41-MGE-S217	0	0	0	0	0	0	0	0	0
NR_178890.1	GIN-41-MGE-S217	0	0	0	0	0	0	0	0	0
NR_178889.1	GIN-41-MGE-S217	0	0	0	0	0	0	0	0	0
NR_178888.1	GIN-41-MGE-S217	0	0	0	0	0	0	0	0	0
NR_178887.1	GIN-41-MGE-S217	0	0	0	0	0	0	0	0	0
NR_178886.1	GIN-41-MGE-S217	0	0	0	0	0	0	0	0	0
NR_178885.1	GIN-41-MGE-S217	0	0	0	0	0	0	0	0	0
NR_178884.1	GIN-41-MGE-S217	0	0	0	0	0	0	0	0	0
NR_178883.1	GIN-41-MGE-S217	0	0	0	0	0	0	0	0	0
NR_178882.1	GIN-41-MGE-S217	0	0	0	0	0	0	0	0	0
NR_178881.1	GIN-41-MGE-S217	0	0	0	0	0	0	0	0	0
NR_178880.1	GIN-41-MGE-S217	0	0	0	0	0	0	0	0	0
NR_178879.1	GIN-41-MGE-S217	0	0	0	0	0	0	0	0	0
NR_178878.1	GIN-41-MGE-S217	0	0	0	0	0	0	0	0	0
NR_178877.1	GIN-41-MGE-S217	0	0	0	0	0	0	0	0	0
NR_178876.1	GIN-41-MGE-S217	0	0	0	0	0	0	0	0	0
NR_178875.1	GIN-41-MGE-S217	0	0	0	0	0	0	0	0	0
NR_178874.1	GIN-41-MGE-S217	0	0	0	0	0	0	0	0	0
NR_178873.1	GIN-41-MGE-S217	0	0	0	0	0	0	0	0	0
NR_178872.1	GIN-41-MGE-S217	0	0	0	0	0	0	0	0	0
NR_178871.1	GIN-41-MGE-S217	0	0	0	0	0	0	0	0	0
NR_178870.1	GIN-41-MGE-S217	0	0	0	0	0	0	0	0	0
NR_178869.1	GIN-41-MGE-S217	0	0	0	0	0	0	0	0	0
NR_178868.1	GIN-41-MGE-S217	0	0	0	0	0	0	0	0	0
NR_178867.1	GIN-41-MGE-S217	0	0	0	0	0	0	0	0	0
NR_178866.1	GIN-41-MGE-S217	0	0	0	0	0	0	0	0	0
NR_178865.1	GIN-41-MGE-S217	0	0	0	0	0	0	0	0	0
NR_178864.1	GIN-41-MGE-S217	0	0	0	0	0	0	0	0	0
NR_178863.1	GIN-41-MGE-S217	0	0	0	0	0	0	0	0	0
NR_178862.1	GIN-41-MGE-S217	0	0	0	0	0	0	0	0	0
NR_178861.1	GIN-41-MGE-S217	0	0	0	0	0	0	0	0	0
NR_178860.1	GIN-41-MGE-S217	0	0	0	0	0	0	0	0	0
NR_178859.1	GIN-41-MGE-S217	0	0	0	0	0	0	0	0	0
NR_178858.1	GIN-41-MGE-S217	0	0	0	0	0	0	0	0	0
NR_178857.1	GIN-41-MGE-S217	0	0	0	0	0	0	0	0	0
NR_178856.1	GIN-41-MGE-S217	0	0	0	0	0	0	0	0	0
NR_178855.1	GIN-41-MGE-S217	0	0	0	0	0	0	0	0	0
NR_178854.1	GIN-41-MGE-S217	0	0	0	0	0	0	0	0	0
NR_178853.1	GIN-41-MGE-S217	0	0	0	0	0	0	0	0	0
NR_178852.1	GIN-41-MGE-S217	0	0	0	0	0	0	0	0	0
NR_178851.1	GIN-41-MGE-S217	0	0	0	0	0	0	0	0	0
NR_178850.1	GIN-41-MGE-S217	0	0	0	0	0	0	0	0	0
NR_178849.1	GIN-41-MGE-S217	0	0	0	0	0	0	0	0	0
NR_178848.1	GIN-41-MGE-S217	0	0	0	0	0	0	0	0	0
NR_178847.1	GIN-41-MGE-S217	0	0	0	0	0	0	0	0	0
NR_178846.1	GIN-41-MGE-S217	0	0	0	0	0	0	0	0	0
NR_178845.1	GIN-41-MGE-S217	0	0	0	0	0	0	0	0	0
NR_178844.1	GIN-41-MGE-S217	0	0	0	0	0	0	0	0	0
NR_178843.1	GIN-41-MGE-S217	0	0	0	0	0	0	0	0	0
NR_178842.1	GIN-41-MGE-S217	0	0	0	0	0	0	0	0	0
NR_178841.1	GIN-41-MGE-S217	0	0	0	0	0	0	0	0	0
NR_178840.1	GIN-41-MGE-S217	0	0	0	0	0	0	0	0	0
NR_178839.1	GIN-41-MGE-S217	0	0	0	0	0	0	0	0	0
NR_178838.1	GIN-41-MGE-S217	0	0	0	0	0	0	0	0	0
NR_178837.1	GIN-41-MGE-S217	0	0	0	0	0	0	0	0	0
NR_178836.1	GIN-41-MGE-S217	0	0	0	0	0	0	0	0	0
NR_178835.1	GIN-41-MGE-S217	0	0	0	0	0	0	0	0	0
NR_178834.1	GIN-41-MGE-S217	0	0	0	0	0	0	0	0	0
NR_178833.1	GIN-41-MGE-S217	0	0	0	0	0	0	0	0	0
NR_178832.1	GIN-41-MGE-S217	0	0	0	0	0	0	0	0	0
NR_178831.1	GIN-41-MGE-S217	0	0	0	0	0	0	0	0	0
NR_178830.1	GIN-41-MGE-S217	0	0	0	0	0	0	0	0	0
NR_178829.1	GIN-41-MGE-S217	0	0	0	0	0	0	0	0	0
NR_178828.1	GIN-41-MGE-S217	0	0	0	0	0	0	0	0	0
NR_178827.1	GIN-41-MGE-S217	0	0	0	0	0	0	0	0	0
NR_178826.1	GIN-41-MGE-S217	0	0	0	0	0	0	0	0	0
NR_178825.1	GIN-41-MGE-S217	0	0	0	0	0	0	0	0	0
NR_178824.1	GIN-41-MGE-S217	0	0	0	0	0	0	0	0	0
NR_178823.1	GIN-41-MGE-S217	0	0	0	0	0	0	0	0	0
NR_178822.1	GIN-41-MGE-S217	0	0	0	0	0	0	0	0	0
NR_178821.1	GIN-41-MGE-S217	0	0	0	0	0	0	0	0	0
NR_178820.1	GIN-41-MGE-S217	0	0	0	0	0	0	0	0	0
NR_178819.1	GIN-41-MGE-S217	0	0	0	0	0	0	0	0	0
NR_178818.1	GIN-41-MGE-S217	0	0	0	0	0	0	0	0	0
NR_178817.1	GIN-41-MGE-S217	0	0	0	0	0	0	0	0	0
NR_178816.1	GIN-41-MGE-S217	0	0	0	0	0	0	0	0	0
NR_178815.1	GIN-41-MGE-S217	0	0	0	0	0	0	0	0	0
NR_178814.1	GIN-41-MGE-S217	0	0	0	0	0	0	0	0	0
NR_178813.1	GIN-41-MGE-S217	0	0	0	0	0	0	0	0	0
NR_178812.1	GIN-41-MGE-S217	0	0	0	0	0	0	0	0	0
NR_178811.1	GIN-41-MGE-S217	0	0	0	0	0	0	0	0	0
NR_178810.1	GIN-41-MGE-S217	0	0	0	0	0	0	0	0	0
NR_178809.1	GIN-41-MGE-S217	0	0	0	0	0	0	0	0	0
NR_178808.1	GIN-41-MGE-S217	0	0	0	0	0	0	0	0	0
NR_178807.1	GIN-41-MGE-S217	0	0	0	0	0	0	0	0	0
NR_178806.1	GIN-41-MGE-S217	0	0	0	0	0	0	0	0	0
NR_178805.1	GIN-41-MGE-S217	0	0	0	0	0	0	0	0	0
NR_178804.1	GIN-41-MGE-S217	0	0	0	0	0	0	0	0	0
NR_178803.1	GIN-41-MGE-S217	0	0	0	0	0	0	0	0	0
NR_178802.1	GIN-41-MGE-S217	0	0	0	0	0	0	0	0	0
NR_178801.1	GIN-41-MGE-S217	0	0	0	0	0	0	0	0	0
NR_178800.1	GIN-41-MGE-S217	0	0	0	0	0	0	0	0	0
NR_178799.1	GIN-41-MGE-S217	0	0	0	0	0	0	0	0	0
NR_178798.1	GIN-41-MGE-S217	0	0	0	0	0	0	0	0	0
NR_178797.1	GIN-41-MGE-S217	0	0	0	0	0	0	0	0	0
NR_178796.1	GIN-41-MGE-S217	0	0	0	0	0	0	0	0	0
NR_178795.1	GIN-41-MGE-S217	0	0	0	0	0	0	0	0	0
NR_178794.1	GIN-41-MGE-S217	0	0	0	0	0	0	0	0	0
NR_178793.1	GIN-41-MGE-S217	0	0	0	0	0	0	0	0	0
NR_178792.1	GIN-41-MGE-S217	0	0	0	0	0	0	0	0	0
NR_178791.1	GIN-41-MGE-S217	0	0	0	0	0	0	0	0	0
NR_178790.1	GIN-41-MGE-S217	0	0	0	0	0	0	0	0	0
NR_178789.1	GIN-41-MGE-S217	0	0	0	0	0	0	0	0	0
NR_178788.1	GIN-41-MGE-S217	0	0	0	0	0	0	0	0	0
NR_178787.1	GIN-41-MGE-S217	0	0	0	0	0	0	0	0	0
NR_178786.1	GIN-41-MGE-S217	0	0	0	0	0	0	0	0	0
NR_178785.1	GIN-41-MGE-S217	0	0	0	0	0	0	0	0	0
NR_178784.1	GIN-41-MGE-S217	0	0	0	0	0	0	0	0	0
NR_178783.1	GIN-41-MGE-S217	0	0	0	0	0	0	0	0	0
NR_178782.1	GIN-41-MGE-S217	0	0	0	0	0	0	0	0	0
NR_178781.1	GIN-41-MGE-S217	0	0	0	0	0	0	0	0	0
NR_178780.1	GIN-41-MGE-S217	0	0	0	0	0	0	0	0	0
NR_178779.1	GIN-41-MGE-S217	0	0	0	0	0	0	0	0	0
NR_178778.1	GIN-41-MGE-S217	0	0	0	0	0	0	0	0	0
NR_178777.1	GIN-41-MGE-S217	0	0	0	0	0	0	0	0	0
NR_178776.1	GIN-41-MGE-S217	0	0	0	0	0	0	0	0	0
NR_178775.1	GIN-41-MGE-S217	0	0	0	0	0	0	0	0	0
NR_178774.1	GIN-41-MGE-S217	0	0	0	0	0	0	0	0	0
NR_178773.1	GIN-41-MGE-S217	0	0	0	0	0	0	0	0	0
NR_178772.1	GIN-41-MGE-S217	0	0	0	0	0	0	0	0	0
NR_178771.1	GIN-41-MGE-S217	0	0	0	0	0	0	0	0	0
NR_178770.1	GIN-41-MGE-S217	0	0	0	0	0	0	0	0	0
NR_178769.1	GIN-41-MGE-S217	0	0	0	0	0	0	0	0	0
NR_178768.1	GIN-41-MGE-S217	0	0	0	0	0	0	0	0	0
NR_178767.1	GIN-41-MGE-S217	0	0	0	0	0	0	0	0	0
NR_178766.1	GIN-41-MGE-S217	0	0	0	0	0	0	0	0	0
NR_178765.1	GIN-41-MGE-S217	0	0	0	0	0	0	0	0	0
NR_178764.1	GIN-41-MGE-S217	0	0	0	0	0	0	0	0	0
NR_178763.1	GIN-41-MGE-S217	0	0	0	0	0	0	0	0	0
NR_178762.1	GIN-41-MGE-S217	0	0	0	0	0	0	0	0	0
NR_178761.1	GIN-41-MGE-S217	0	0	0	0	0	0	0	0	0
NR_178760.1	GIN-41-MGE-S217	0	0	0	0	0	0	0	0	0
NR_178759.1	GIN-41-MGE-S217	0	0	0	0	0	0	0	0	0
NR_178758.1	GIN-41-MGE-S217	0	0	0	0	0	0	0	0	0
NR_178757.1	GIN-41-MGE-S217	0	0	0	0	0	0	0	0	0
NR_178756.1	GIN-41-MGE-S217	0	0	0	0	0	0	0	0	0
NR_178755.1	GIN-41-MGE-S217	0	0	0	0	0	0	0	0	0
NR_178754.1	GIN-41-MGE-S217	0	0	0	0	0	0	0	0	0
NR_178753.1	GIN-41-MGE-S217	0	0	0	0	0	0	0	0	0
NR_178752.1	GIN-41-MGE-S217	0	0	0	0	0	0	0	0	0
NR_178751.1	GIN-41-MGE-S217	0	0	0	0	0	0	0	0	0
NR_178750.1	GIN-41-MGE-S217	0	0	0	0	0	0	0	0	0
NR_178749.1	GIN-41-MGE-S217	0	0	0	0	0	0	0	0	0
NR_178748.1	GIN-41-MGE-S217	0	0	0	0	0	0	0	0	0
NR_178747.1	GIN-41-MGE-S217	0	0	0	0	0	0	0	0	0
NR_178746.1	GIN-41-MGE-S217	0	0	0	0	0	0	0	0	0
NR_178745.1	GIN-41-MGE-S217	0	0	0	0	0	0	0	0	0
NR_178744.1	GIN-41-MGE-S217	0	0	0	0	0	0	0	0	0
NR_178743.1	GIN-41-MGE-S217	0	0	0	0	0	0	0	0	0
NR_178742.1	GIN-41-MGE-S217	0	0	0	0	0	0	0	0	0
NR_178741.1	GIN-41-MGE-S217	0	0	0	0	0	0	0	0	0
NR_178740.1	GIN-41-MGE-S217	0	0	0	0	0	0	0	0	0
NR_178739.1	GIN-41-MGE-S217	0	0	0	0	0	0	0	0	0
NR_178738.1	GIN-41-MGE-S217	0	0	0	0	0	0	0	0	0
NR_178737.1	GIN-41-MGE-S217	0	0	0	0	0	0	0	0	0
NR_178736.1	GIN-41-MGE-S217	0	0	0	0	0	0	0	0	0
NR_178735.1	GIN-41-MGE-S217	0	0	0	0	0	0	0	0	0
NR_178734.1	GIN-41-MGE-S217	0	0	0	0	0	0	0	0	0
NR_178733.1	GIN-41-MGE-S217	0	0	0	0	0	0	0	0	0
NR_178732.1	GIN-41-MGE-S217	0	0	0	0	0	0	0	0	0
NR_178731.1	GIN-41-MGE-S217	0	0	0	0	0	0	0	0	0
NR_178730.1	GIN-41-MGE-S217	0	0	0	0	0	0	0	0	0
NR_178729.1	GIN-41-MGE-S217	0	0	0	0	0	0	0	0	0
NR_178728.1	GIN-41-MGE-S217	0	0	0	0	0	0	0	0	0
NR_178727.1	GIN-41-MGE-S217	0	0	0	0	0	0	0	0	0
NR_178726.1	GIN-41-MGE-S217	0	0	0	0	0	0	0	0	0
NR_178725.1	GIN-41-MGE-S217	0	0	0	0	0	0	0	0	0
NR_178724.1	GIN-41-MGE-S217	0	0	0	0	0	0	0	0	0
NR_178723.1	GIN-41-MGE-S217	0	0	0	0	0	0	0	0	0
NR_178722.1	GIN-41-MGE-S217	0	0	0	0	0	0	0	0	0
NR_178721.1	GIN-41-MGE-S217	0	0	0	0	0	0	0	0	0
NR_178720.1	GIN-41-MGE-S217	0	0	0	0	0	0	0	0	0
NR_178719.1	GIN-41-MGE-S217	0	0	0	0	0	0	0	0	0
NR_178718.1	GIN-41-MGE-S217	0	0	0	0	0	0	0	0	0
NR_178717.1	GIN-41-MGE-S217	0	0	0	0	0	0	0	0	0
NR_178716.1	GIN-41-MGE-S217	0	0	0	0	0	0	0	0	0
NR_178715.1	GIN-41-MGE-S217	0	0	0	0	0	0	0	0	0
NR_178714.1	GIN-41-MGE-S217	0	0	0	0	0	0	0	0	0
NR_178713.1	GIN-41-MGE-S217	0	0	0	0	0	0	0	0	0
NR_178712.1	GIN-41-MGE-S217	0	0	0	0	0	0	0	0	0
NR_178711.1	GIN-41-MGE-S217	0	0	0	0	0	0	0	0	0
NR_178710.1	GIN-41-MGE-S217	0	0	0	0	0	0	0	0	0
NR_178709.1	GIN-41-MGE-S217	0	0	0	0	0	0	0	0	0
NR_178708.1	GIN-41-MGE-S217	0	0	0	0	0	0	0	0	0
NR_178707.1	GIN-41-MGE-S217	0	0	0	0	0	0	0	0	0
NR_178706.1	GIN-41-MGE-S217	0	0	0	0	0	0	0	0	0
NR_178705.1	GIN-41-MGE-S217	0	0	0	0	0	0	0	0	0
NR_178704.1	GIN-41-MGE-S217	0	0	0	0	0	0	0	0	0
NR_178703.1	GIN-41-MGE-S217	0	0	0	0	0	0	0	0	0
NR_178702.1	GIN-41-MGE-S217	0	0	0	0	0	0	0	0	0
NR_178701.1	GIN-41-MGE-S217	0	0	0	0	0	0	0	0	0
NR_178700.1	GIN-41-MGE-S217	0	0	0	0	0	0	0	0	0
NR_178699.1	GIN-41-MGE-S217	0	0	0	0	0	0	0	0	0
NR_178698.1	GIN-41-MGE-S217	0	0	0	0	0	0	0	0	0
NR_178697.1	GIN-41-MGE-S217	0	0	0	0	0	0	0	0	0
NR_178696.1	GIN-41-MGE-S217	0	0	0	0	0	0	0	0	0
NR_178695.1	GIN-41-MGE-S217	0	0	0	0	0	0	0	0	0
NR_178694.1	GIN-41-MGE-S217	0	0	0	0	0	0	0	0	0
NR_178693.1	GIN-41-MGE-S217	0	0	0	0	0	0	0	0	0
NR_178692.1	GIN-41-MGE-S217	0	0	0	0	0	0	0	0	0
NR_178691.1	GIN-41-MGE-S217	0	0	0	0	0	0	0	0	0
NR_178690.1	GIN-41-MGE-S217	0	0	0	0	0	0	0	0	0
NR_178689.1	GIN-41-MGE-S217	0	0	0	0	0	0	0	0	0
NR_178688.1	GIN-41-MGE-S217	0	0	0	0	0	0	0	0	0
NR_178687.1	GIN-41-MGE-S217	0	0	0	0	0	0	0	0	0
NR_178686.1	GIN-41-MGE-S217	0	0	0	0	0	0	0	0	0
NR_178685.1	GIN-41-MGE-S217	0	0	0	0	0	0	0	0	0
NR_178684.1	GIN-41-MGE-S217	0	0	0	0	0	0	0	0	0
NR_178683.1	GIN-41-MGE-S217	0	0	0	0	0	0	0	0	0
NR_178682.1	GIN-41-MGE-S217	0	0	0	0	0	0	0	0	0
NR_178681.1	GIN-41-MGE-S217	0	0	0	0	0	0	0	0	0
NR_178680.1	GIN-41-MGE-S217	0	0	0	0	0	0	0	0	0
NR_178679.1	GIN-41-MGE-S217	0	0	0	0	0	0	0	0	0
NR_178678.1	GIN-41-MGE-S217	0	0	0	0	0	0	0	0	0
NR_178677.1	GIN-41-MGE-S217	0	0	0	0	0	0	0	0	0
NR_178676.1	GIN-41-MGE-S217	0	0	0	0	0	0	0	0	0
NR_178675.1	GIN-41-MGE-S217	0	0	0	0	0	0	0	0	0
NR_178674.1	GIN-41-MGE-S217	0	0	0	0	0	0	0	0	0
NR_178673.1	GIN-41-MGE-S217	0	0	0	0	0	0	0	0	0
NR_178672.1	GIN-41-MGE-S217	0	0	0	0	0	0	0	0	0
NR_178671.1	GIN-41-MGE-S217	0	0	0	0	0	0	0	0	0
NR_178670.1	GIN-41-MGE-S217	0	0	0	0	0	0	0	0	0
NR_178669.1	GIN-41-MGE-S217	0	0	0	0	0	0	0	0	0
NR_178668.1	GIN-41-MGE-S217	0	0	0	0	0	0	0	0	0
NR_178667.1	GIN-41-MGE-S217	0	0	0	0	0	0	0	0	0
NR_178665.1	GIN-41-MGE-S217	0	0	0	0	0	0	0	0	0
NR_178664.1	GIN-41-MGE-S217	0	0	0	0	0	0	0	0	0
NR_178663.1	GIN-41-MGE-S217	0	0	0	0	0	0	0	0	0
NR_178662.1	GIN-41-MGE-S217	0	0	0	0	0	0	0	0	0
NR_178661.1	GIN-41-MGE-S217	0	0	0	0	0	0	0	0	0
NR_178660.1	GIN-41-MGE-S217	0	0	0	0	0	0	0	0	0
NR_178659.1	GIN-41-MGE-S217	0	0	0	0	0	0	0	0	0
NR_178658.1	GIN-41-MGE-S217	0	0	0	0	0	0	0	0	0
NR_178657.1	GIN-41-MGE-S217	0	0	0	0	0	0	0	0	0
NR_178656.1	GIN-41-MGE-S217	0	0	0	0	0	0	0	0	0
NR_178655.1	GIN-41-MGE-S217	0	0	0	0	0	0	0	0	0
NR_178654.1	GIN-41-MGE-S217	0	0	0	0	0	0	0	0	0
NR_178653.1	GIN-41-MGE-S217	0	0	0	0	0	0	0	0	0
NR_178652.1	GIN-41-MGE-S217	0	0	0	0	0	0	0	0	0
NR_178651.1	GIN-41-MGE-S217	0	0	0	0	0	0	0	0	0
NR_178650.1	GIN-41-MGE-S217	0	0	0	0	0	0	0	0	0
NR_178649.1	GIN-41-MGE-S217	0	0	0	0	0	0	0	0	0
NR_178648.1	GIN-41-MGE-S217	0	0	0	0	0	0	0	0	0
NR_178647.1	GIN-41-MGE-S217	0	0	0	0	0	0	0	0	0
NR_178646.1	GIN-41-MGE-S217	0	0	0	0	0	0	0	0	0
NR_178645.1	GIN-41-MGE-S217	0	0	0	0	0	0	0	0	0
NR_178644.1	GIN-41-MGE-S217	0	0	0	0	0	0	0	0	0
NR_178643.1	GIN-41-MGE-S217	0	0	0	0	0	0	0	0	0
NR_178642.1	GIN-41-MGE-S217	0	0	0	0	0	0	0	0	0
NR_178641.1	GIN-41-MGE-S217	0	0	0	0	0	0	0	0	0
NR_178640.1	GIN-41-MGE-S217	0	0	0	0	0	0	0	0	0
NR_178639.1	GIN-41-MGE-S217	0	0	0	0	0	0	0	0	0
NR_178638.1	GIN-41-MGE-S217	0	0	0	0	0	0	0	0	0
NR_178637.1	GIN-41-MGE-S217	0	0	0	0	0	0	0	0	0
NR_178636.1	GIN-41-MGE-S217	0	0	0	0	0	0	0	0	0
NR_178635.1	GIN-41-MGE-S217	0	0	0	0	0	0	0	0	0
NR_178634.1	GIN-41-MGE-S217	0	0	0	0	0	0	0	0	0
NR_178633.1	GIN-41-MGE-S217	0	0	0	0	0	0	0	0	0
NR_178632.1	GIN-41-MGE-S217	0	0	0	0	0	0	0	0	0
NR_178631.1	GIN-41-MGE-S217	0	0	0	0	0	0	0	0	0
NR_178630.1	GIN-41-MGE-S217	0	0	0	0	0	0	0	0	0
NR_178629.1	GIN-41-MGE-S217	0	0	0	0	0	0	0	0	0
NR_178628.1	GIN-41-MGE-S217	0	0	0	0	0	0	0	0	0
NR_178627.1	GIN-41-MGE-S217	0	0	0	0	0	0	0	0	0
NR_178626.1	GIN-41-MGE-S217	0	0	0	0	0	0	0	0	0
NR_178625.1	GIN-41-MGE-S217	0	0	0	0	0	0	0	0	0
NR_178624.1	GIN-41-MGE-S217	0	0	0	0	0	0	0	0	0
NR_178623.1	GIN-41-MGE-S217	0	0	0	0	0	0	0	0	0
NR_178622.1	GIN-41-MGE-S217	0	0	0	0	0	0	0	0	0
NR_178621.1	GIN-41-MGE-S217	0	0	0	0	0	0	0	0	0
NR_178620.1	GIN-41-MGE-S217	0	0	0	0	0	0	0	0	0
NR_178619.1	GIN-41-MGE-S217	0	0	0	0	0	0	0	0	0
NR_178618.1	GIN-41-MGE-S217	0	0	0	0	0	0	0	0	0
NR_178617.1	GIN-41-MGE-S217	0	0	0	0	0	0	0	0	0
NR_178616.1	GIN-41-MGE-S217	0	0	0	0	0	0	0	0	0
NR_178615.1	GIN-41-MGE-S217	0	0	0	0	0	0	0	0	0
NR_178614.1	GIN-41-MGE-S217	0	0	0	0	0	0	0	0	0
NR_178613.1	GIN-41-MGE-S217	0	0	0	0	0	0	0	0	0
NR_178612.1	GIN-41-MGE-S217	0	0	0	0	0	0	0	0	0
NR_178611.1	GIN-41-MGE-S217	0	0	0	0	0	0	0	0	0
NR_178610.1	GIN-41-MGE-S217	0	0	0	0	0	0	0	0	0
NR_178609.1	GIN-41-MGE-S217	0	0	0	0	0	0	0	0	0
NR_178608.1	GIN-41-MGE-S217	0	0	0	0	0	0	0	0	0
NR_178607.1	GIN-41-MGE-S217	0	0	0	0	0	0	0	0	0
NR_178606.1	GIN-41-MGE-S217	0	0	0	0	0	0	0	0	0
NR_178605.1	GIN-41-MGE-S217	0	0	0	0	0	0	0	0	0
NR_178604.1	GIN-41-MGE-S217	0	0	0	0	0	0	0	0	0
NR_178603.1	GIN-41-MGE-S217	0	0	0	0	0	0	0	0	0
NR_178602.1	GIN-41-MGE-S217	0	0	0	0	0	0	0	0	0
NR_178601.1	GIN-41-MGE-S217	0	0	0	0	0	0	0	0	0
NR_178600.1	GIN-41-MGE-S217	0	0	0	0	0	0	0	0	0
NR_178599.1	GIN-41-MGE-S217	0	0	0	0	0	0	0	0	0
NR_178598.1	GIN-41-MGE-S217	0	0	0	0	0	0	0	0	0
NR_178597.1	GIN-41-MGE-S217	0	0	0	0	0	0	0	0	0
NR_178596.1	GIN-41-MGE-S217	0	0	0	0	0	0	0	0	0
NR_178595.1	GIN-41-MGE-S217	0	0	0	0	0	0	0	0	0
NR_178594.1	GIN-41-MGE-S217	0	0	0	0	0	0	0	0	0
NR_178593.1	GIN-41-MGE-S217	0	0	0	0	0	0	0	0	0
NR_178592.1	GIN-41-MGE-S217	0	0	0	0	0	0	0	0	0
NR_178591.1	GIN-41-MGE-S217	0	0	0	0	0	0	0	0	0
NR_178590.1	GIN-41-MGE-S217	0	0	0	0	0	0	0	0	0
NR_178589.1	GIN-41-MGE-S217	0	0	0	0	0	0	0	0	0
NR_178588.1	GIN-41-MGE-S217	0	0	0	0	0	0	0	0	0
NR_178587.1	GIN-41-MGE-S217	0	0	0	0	0	0	0	0	0
NR_178586.1	GIN-41-MGE-S217	0	0	0	0	0	0	0	0	0
NR_178585.1	GIN-41-MGE-S217	0	0	0	0	0	0	0	0	0
NR_178584.1	GIN-41-MGE-S217	0	0	0	0	0	0	0	0	0
NR_178583.1	GIN-41-MGE-S217	0	0	0	0	0	0	0	0	0
NR_178582.1	GIN-41-MGE-S217	0	0	0	0	0	0	0	0	0
NR_178581.1	GIN-41-MGE-S217	0	0	0	0	0	0	0	0	0
NR_178580.1	GIN-41-MGE-S217	0	0	0	0	0	0	0	0	0
NR_178579.1	GIN-41-MGE-S217	0	0	0	0	0	0	0	0	0
NR_178578.1	GIN-41-MGE-S217	0	0	0	0	0	0	0	0	0
NR_178577.1	GIN-41-MGE-S217	0	0	0	0	0	0	0	0	0
NR_178576.1	GIN-41-MGE-S217	0	0	0	0	0	0	0	0	0
NR_178575.1	GIN-41-MGE-S217	0	0	0	0	0	0	0	0	0
NR_178574.1	GIN-41-MGE-S217	0	0	0	0	0	0	0	0	0
NR_178573.1	GIN-41-MGE-S217	0	0	0	0	0	0	0	0	0
NR_178572.1	GIN-41-MGE-S217	0	0	0	0	0	0	0	0	0
NR_178571.1	GIN-41-MGE-S217	0	0	0	0	0	0	0	0	0
NR_178570.1	GIN-41-MGE-S217	0	0	0	0	0	0	0	0	0
NR_178569.1	GIN-41-MGE-S217	0	0	0	0	0	0	0	0	0
NR_178568.1	GIN-41-MGE-S217	0	0	0	0	0	0	0	0	0
NR_178567.1	GIN-41-MGE-S217	0	0	0	0	0	0	0	0	0
NR_178566.1	GIN-41-MGE-S217	0	0	0	0	0	0	0	0	0
NR_178565.1	GIN-41-MGE-S217	0	0	0	0	0	0	0	0	0
NR_178564.1	GIN-41-MGE-S217	0	0	0	0	0	0	0	0	0
NR_178563.1	GIN-41-MGE-S217	0	0	0	0	0	0	0	0	0
NR_178562.1	GIN-41-MGE-S217	0	0	0	0	0	0	0	0	0
NR_178561.1	GIN-41-MGE-S217	0	0	0	0	0	0	0	0	0
NR_178560.1	GIN-41-MGE-S217	0	0	0	0	0	0	0	0	0
NR_178559.1	GIN-41-MGE-S217	0	0	0	0	0	0	0	0	0
NR_178558.1	GIN-41-MGE-S217	0	0	0	0	0	0	0	0	0
NR_178557.1	GIN-41-MGE-S217	0	0	0	0	0	0	0	0	0
NR_178556.1	GIN-41-MGE-S217	0	0	0	0	0	0	0	0	0
NR_178555.1	GIN-41-MGE-S217	0	0	0	0	0	0	0	0	0
NR_178554.1	GIN-41-MGE-S217	0	0	0	0	0	0	0	0	0
NR_178553.1	GIN-41-MGE-S217	0	0	0	0	0	0	0	0	0
NR_178552.1	GIN-41-MGE-S217	0	0	0	0	0	0	0	0	0
NR_178551.1	GIN-41-MGE-S217	0	0	0	0	0	0	0	0	0
NR_178550.1	GIN-41-MGE-S217	0	0	0	0	0	0	0	0	0
NR_178549.1	GIN-41-MGE-S217	0	0	0	0	0	0	0	0	0
NR_178548.1	GIN-41-MGE-S217	0	0	0	0	0	0	0	0	0
NR_178547.1	GIN-41-MGE-S217	0	0	0	0	0	0	0	0	0
NR_178546.1	GIN-41-MGE-S217	0	0	0	0	0	0	0	0	0
NR_178544.1	GIN-41-MGE-S217	0	0	0	0	0	0	0	0	0
NR_178543.1	GIN-41-MGE-S217	0	0	0	0	0	0	0	0	0
NR_178542.1	GIN-41-MGE-S217	0	0	0	0	0	0	0	0	0
NR_178541.1	GIN-41-MGE-S217	0	0	0	0	0	0	0	0	0
NR_178540.1	GIN-41-MGE-S217	0	0	0	0	0	0	0	0	0
NR_178539.1	GIN-41-MGE-S217	0	0	0	0	0	0	0	0	0
NR_178538.1	GIN-41-MGE-S217	0	0	0	0	0	0	0	0	0
NR_178537.1	GIN-41-MGE-S217	0	0	0	0	0	0	0	0	0
NR_178536.1	GIN-41-MGE-S217	0	0	0	0	0	0	0	0	0
NR_178535.1	GIN-41-MGE-S217	0	0	0	0	0	0	0	0	0
NR_178534.1	GIN-41-MGE-S217	0	0	0	0	0	0	0	0	0
NR_178533.1	GIN-41-MGE-S217	0	0	0	0	0	0	0	0	0
NR_178532.1	GIN-41-MGE-S217	0	0	0	0	0	0	0	0	0
NR_178531.1	GIN-41-MGE-S217	0	0	0	0	0	0	0	0	0
NR_178530.1	GIN-41-MGE-S217	0	0	0	0	0	0	0	0	0
NR_178529.1	GIN-41-MGE-S217	0	0	0	0	0	0	0	0	0
NR_178528.1	GIN-41-MGE-S217	0	0	0	0	0	0	0	0	0
NR_178527.1	GIN-41-MGE-S217	0	0	0	0	0	0	0	0	0
NR_178526.1	GIN-41-MGE-S217	0	0	0	0	0	0	0	0	0
NR_178525.1	GIN-41-MGE-S217	0	0	0	0	0	0	0	0	0
NR_178524.1	GIN-41-MGE-S217	0	0	0	0	0	0	0	0	0
NR_178523.1	GIN-41-MGE-S217	0	0	0	0	0	0	0	0	0
NR_178522.1	GIN-41-MGE-S217	0	0	0	0	0	0	0	0	0
NR_178521.1	GIN-41-MGE-S217	0	0	0	0	0	0	0	0	0
NR_178520.1	GIN-41-MGE-S217	0	0	0	0	0	0	0	0	0
NR_178519.1	GIN-41-MGE-S217	0	0	0	0	0	0	0	0	0
NR_178518.1	GIN-41-MGE-S217	0	0	0	0	0	0	0	0	0
NR_178517.1	GIN-41-MGE-S217	0	0	0	0	0	0	0	0	0
NR_178516.1	GIN-41-MGE-S217	0	0	0	0	0	0	0	0	0
NR_178515.1	GIN-41-MGE-S217	0	0	0	0	0	0	0	0	0
NR_178514.1	GIN-41-MGE-S217	0	0	0	0	0	0	0	0	0
NR_178513.1	GIN-41-MGE-S217	0	0	0	0	0	0	0	0	0
NR_178512.1	GIN-41-MGE-S217	0	0	0	0	0	0	0	0	0
NR_178511.1	GIN-41-MGE-S217	0	0	0	0	0	0	0	0	0
NR_178510.1	GIN-41-MGE-S217	0	0	0	0	0	0	0	0	0
NR_178509.1	GIN-41-MGE-S217	0	0	0	0	0	0	0	0	0
NR_178508.1	GIN-41-MGE-S217	0	0	0	0	0	0	0	0	0
NR_178507.1	GIN-41-MGE-S217	0	0	0	0	0	0	0	0	0
NR_178506.1	GIN-41-MGE-S217	0	0	0	0	0	0	0	0	0
NR_178505.1	GIN-41-MGE-S217	0	0	0	0	0	0	0	0	0
NR_178504.1	GIN-41-MGE-S217	0	0	0	0	0	0	0	0	0
NR_178503.1	GIN-41-MGE-S217	0	0	0	0	0	0	0	0	0
NR_178502.1	GIN-41-MGE-S217	0	0	0	0	0	0	0	0	0
NR_178501.1	GIN-41-MGE-S217	0	0	0	0	0	0	0	0	0
NR_178500.1	GIN-41-MGE-S217	0	0	0	0	0	0	0	0	0
NR_178499.1	GIN-41-MGE-S217	0	0	0	0	0	0	0	0	0
NR_178498.1	GIN-41-MGE-S217	0	0	0	0	0	0	0	0	0
NR_178497.1	GIN-41-MGE-S217	0	0	0	0	0	0	0	0	0
NR_178496.1	GIN-41-MGE-S217	0	0	0	0	0	0	0	0	0
NR_178495.1	GIN-41-MGE-S217	0	0	0	0	0	0	0	0	0
NR_178494.1	GIN-41-MGE-S217	0	0	0	0	0	0	0	0	0
NR_178493.1	GIN-41-MGE-S217	0	0	0	0	0	0	0	0	0
NR_178492.1	GIN-41-MGE-S217	0	0	0	0	0	0	0	0	0
NR_178491.1	GIN-41-MGE-S217	0	0	0	0	0	0	0	0	0
NR_178490.1	GIN-41-MGE-S217	0	0	0	0	0	0	0	0	0
NR_178489.1	GIN-41-MGE-S217	0	0	0	0	0	0	0	0	0
NR_178488.1	GIN-41-MGE-S217	0	0	0	0	0	0	0	0	0
NR_178487.1	GIN-41-MGE-S217	0	0	0	0	0	0	0	0	0
NR_178486.1	GIN-41-MGE-S217	0	0	0	0	0	0	0	0	0
NR_178485.1	GIN-41-MGE-S217	0	0	0	0	0	0	0	0	0
NR_178484.1	GIN-41-MGE-S217	0	0	0	0	0	0	0	0	0
NR_178483.1	GIN-41-MGE-S217	0	0	0	0	0	0	0	0	0
NR_178482.1	GIN-41-MGE-S217	0	0	0	0	0	0	0	0	0
NR_178481.1	GIN-41-MGE-S217	0	0	0	0	0	0	0	0	0
NR_178480.1	GIN-41-MGE-S217	0	0	0	0	0	0	0	0	0
NR_178479.1	GIN-41-MGE-S217	0	0	0	0	0	0	0	0	0
NR_178478.1	GIN-41-MGE-S217	0	0	0	0	0	0	0	0	0
NR_178477.1	GIN-41-MGE-S217	0	0	0	0	0	0	0	0	0
NR_178476.1	GIN-41-MGE-S217	0	0	0	0	0	0	0	0	0
NR_178475.1	GIN-41-MGE-S217	0	0	0	0	0	0	0	0	0
NR_178474.1	GIN-41-MGE-S217	0	0	0	0	0	0	0	0	0
NR_178473.1	GIN-41-MGE-S217	0	0	0	0	0	0	0	0	0
NR_178472.1	GIN-41-MGE-S217	0	0	0	0	0	0	0	0	0
NR_178471.1	GIN-41-MGE-S217	0	0	0	0	0	0	0	0	0
NR_178470.1	GIN-41-MGE-S217	0	0	0	0	0	0	0	0	0
NR_178468.1	GIN-41-MGE-S217	0	0	0	0	0	0	0	0	0
NR_178467.1	GIN-41-MGE-S217	0	0	0	0	0	0	0	0	0
NR_178466.1	GIN-41-MGE-S217	0	0	0	0	0	0	0	0	0
NR_178465.1	GIN-41-MGE-S217	0	0	0	0	0	0	0	0	0
NR_178464.1	GIN-41-MGE-S217	0	0	0	0	0	0	0	0	0
NR_178463.1	GIN-41-MGE-S217	0	0	0	0	0	0	0	0	0
NR_178462.1	GIN-41-MGE-S217	0	0	0	0	0	0	0	0	0
NR_178461.1	GIN-41-MGE-S217	0	0	0	0	0	0	0	0	0
NR_178460.1	GIN-41-MGE-S217	0	0	0	0	0	0	0	0	0
NR_178459.1	GIN-41-MGE-S217	0	0	0	0	0	0	0	0	0
NR_178458.1	GIN-41-MGE-S217	0	0	0	0	0	0	0	0	0
NR_178457.1	GIN-41-MGE-S217	0	0	0	0	0	0	0	0	0
NR_178456.1	GIN-41-MGE-S217	0	0	0	0	0	0	0	0	0
NR_178455.1	GIN-41-MGE-S217	0	0	0	0	0	0	0	0	0
NR_178454.1	GIN-41-MGE-S217	0	0	0	0	0	0	0	0	0
NR_178453.1	GIN-41-MGE-S217	0	0	0	0	0	0	0	0	0
NR_178452.1	GIN-41-MGE-S217	0	0	0	0	0	0	0	0	0
NR_178451.1	GIN-41-MGE-S217	0	0	0	0	0	0	0	0	0
NR_178450.1	GIN-41-MGE-S217	0	0	0	0	0	0	0	0	0
NR_178449.1	GIN-41-MGE-S217	0	0	0	0	0	0	0	0	0
NR_178448.1	GIN-41-MGE-S217	0	0	0	0	0	0	0	0	0
NR_178447.1	GIN-41-MGE-S217	0	0	0	0	0	0	0	0	0
NR_178446.1	GIN-41-MGE-S217	0	0	0	0	0	0	0	0	0
NR_178445.1	GIN-41-MGE-S217	0	0	0	0	0	0	0	0	0
NR_178444.1	GIN-41-MGE-S217	0	0	0	0	0	0	0	0	0
NR_178431.1	GIN-41-MGE-S217	0	0	0	0	0	0	0	0	0
NR_178430.1	GIN-41-MGE-S217	0	0	0	0	0	0	0	0	0
NR_178429.1	GIN-41-MGE-S217	0	0	0	0	0	0	0	0	0
NR_178428.1	GIN-41-MGE-S217	0	0	0	0	0	0	0	0	0
NR_178427.1	GIN-41-MGE-S217	0	0	0	0	0	0	0	0	0
NR_178426.1	GIN-41-MGE-S217	0	0	0	0	0	0	0	0	0
NR_178425.1	GIN-41-MGE-S217	0	0	0	0	0	0	0	0	0
NR_178424.1	GIN-41-MGE-S217	0	0	0	0	0	0	0	0	0
NR_178423.1	GIN-41-MGE-S217	0	0	0	0	0	0	0	0	0
NR_178422.1	GIN-41-MGE-S217	0	0	0	0	0	0	0	0	0
NR_178421.1	GIN-41-MGE-S217	0	0	0	0	0	0	0	0	0
NR_178420.1	GIN-41-MGE-S217	0	0	0	0	0	0	0	0	0
NR_178419.1	GIN-41-MGE-S217	0	0	0	0	0	0	0	0	0
NR_178418.1	GIN-41-MGE-S217	0	0	0	0	0	0	0	0	0
NR_178417.1	GIN-41-MGE-S217	0	0	0	0	0	0	0	0	0
NR_178416.1	GIN-41-MGE-S217	0	0	0	0	0	0	0	0	0
NR_178415.1	GIN-41-MGE-S217	0	0	0	0	0	0	0	0	0
NR_178414.1	GIN-41-MGE-S217	0	0	0	0	0	0	0	0	0
NR_178413.1	GIN-41-MGE-S217	0	0	0	0	0	0	0	0	0
NR_178412.1	GIN-41-MGE-S217	0	0	0	0	0	0	0	0	0
NR_178411.1	GIN-41-MGE-S217	0	0	0	0	0	0	0	0	0
NR_178410.1	GIN-41-MGE-S217	0	0	0	0	0	0	0	0	0
NR_178409.1	GIN-41-MGE-S217	0	0	0	0	0	0	0	0	0
NR_178408.1	GIN-41-MGE-S217	0	0	0	0	0	0	0	0	0
NR_178407.1	GIN-41-MGE-S217	0	0	0	0	0	0	0	0	0
NR_178406.1	GIN-41-MGE-S217	0	0	0	0	0	0	0	0	0
NR_178405.1	GIN-41-MGE-S217	0	0	0	0	0	0	0	0	0
NR_178403.1	GIN-41-MGE-S217	0	0	0	0	0	0	0	0	0
NR_178402.1	GIN-41-MGE-S217	0	0	0	0	0	0	0	0	0
NR_178401.1	GIN-41-MGE-S217	0	0	0	0	0	0	0	0	0
NR_178400.1	GIN-41-MGE-S217	0	0	0	0	0	0	0	0	0
NR_178399.1	GIN-41-MGE-S217	0	0	0	0	0	0	0	0	0
NR_178398.1	GIN-41-MGE-S217	0	0	0	0	0	0	0	0	0
NR_178397.1	GIN-41-MGE-S217	0	0	0	0	0	0	0	0	0
NR_178396.1	GIN-41-MGE-S217	0	0	0	0	0	0	0	0	0
NR_178395.1	GIN-41-MGE-S217	0	0	0	0	0	0	0	0	0
NR_178394.1	GIN-41-MGE-S217	0	0	0	0	0	0	0	0	0
NR_178393.1	GIN-41-MGE-S217	0	0	0	0	0	0	0	0	0
NR_178392.1	GIN-41-MGE-S217	0	0	0	0	0	0	0	0	0
NR_178391.1	GIN-41-MGE-S217	0	0	0	0	0	0	0	0	0
NR_178390.1	GIN-41-MGE-S217	0	0	0	0	0	0	0	0	0
NR_178389.1	GIN-41-MGE-S217	0	0	0	0	0	0	0	0	0
NR_178388.1	GIN-41-MGE-S217	0	0	0	0	0	0	0	0	0
NR_178386.1	GIN-41-MGE-S217	0	0	0	0	0	0	0	0	0
NR_178385.1	GIN-41-MGE-S217	0	0	0	0	0	0	0	0	0
NR_178384.1	GIN-41-MGE-S217	0	0	0	0	0	0	0	0	0
NR_178383.1	GIN-41-MGE-S217	0	0	0	0	0	0	0	0	0
NR_178382.1	GIN-41-MGE-S217	0	0	0	0	0	0	0	0	0
NR_178381.1	GIN-41-MGE-S217	0	0	0	0	0	0	0	0	0
NR_178380.1	GIN-41-MGE-S217	0	0	0	0	0	0	0	0	0
NR_178379.1	GIN-41-MGE-S217	0	0	0	0	0	0	0	0	0
NR_178378.1	GIN-41-MGE-S217	0	0	0	0	0	0	0	0	0
NR_178377.1	GIN-41-MGE-S217	0	0	0	0	0	0	0	0	0
NR_178376.1	GIN-41-MGE-S217	0	0	0	0	0	0	0	0	0
NR_178375.1	GIN-41-MGE-S217	0	0	0	0	0	0	0	0	0
NR_178374.1	GIN-41-MGE-S217	0	0	0	0	0	0	0	0	0
NR_178373.1	GIN-41-MGE-S217	0	0	0	0	0	0	0	0	0
NR_178372.1	GIN-41-MGE-S217	0	0	0	0	0	0	0	0	0
NR_178371.1	GIN-41-MGE-S217	0	0	0	0	0	0	0	0	0
NR_178370.1	GIN-41-MGE-S217	0	0	0	0	0	0	0	0	0
NR_178369.1	GIN-41-MGE-S217	0	0	0	0	0	0	0	0	0
NR_178368.1	GIN-41-MGE-S217	0	0	0	0	0	0	0	0	0
NR_178367.1	GIN-41-MGE-S217	0	0	0	0	0	0	0	0	0
NR_178366.1	GIN-41-MGE-S217	0	0	0	0	0	0	0	0	0
NR_178365.1	GIN-41-MGE-S217	0	0	0	0	0	0	0	0	0
NR_178364.1	GIN-41-MGE-S217	0	0	0	0	0	0	0	0	0
NR_178363.1	GIN-41-MGE-S217	0	0	0	0	0	0	0	0	0
NR_178362.1	GIN-41-MGE-S217	0	0	0	0	0	0	0	0	0
NR_178361.1	GIN-41-MGE-S217	0	0	0	0	0	0	0	0	0
NR_178360.1	GIN-41-MGE-S217	0	0	0	0	0	0	0	0	0
NR_178359.1	GIN-41-MGE-S217	0	0	0	0	0	0	0	0	0
NR_178358.1	GIN-41-MGE-S217	0	0	0	0	0	0	0	0	0
NR_178357.1	GIN-41-MGE-S217	0	0	0	0	0	0	0	0	0
NR_178356.1	GIN-41-MGE-S217	0	0	0	0	0	0	0	0	0
NR_178354.1	GIN-41-MGE-S217	0	0	0	0	0	0	0	0	0
NR_178353.1	GIN-41-MGE-S217	0	0	0	0	0	0	0	0	0
NR_178352.1	GIN-41-MGE-S217	0	0	0	0	0	0	0	0	0
NR_178351.1	GIN-41-MGE-S217	0	0	0	0	0	0	0	0	0
NR_178350.1	GIN-41-MGE-S217	0	0	0	0	0	0	0	0	0
NR_178349.1	GIN-41-MGE-S217	0	0	0	0	0	0	0	0	0
NR_178348.1	GIN-41-MGE-S217	0	0	0	0	0	0	0	0	0
NR_178347.1	GIN-41-MGE-S217	0	0	0	0	0	0	0	0	0
NR_178346.1	GIN-41-MGE-S217	0	0	0	0	0	0	0	0	0
NR_178345.1	GIN-41-MGE-S217	0	0	0	0	0	0	0	0	0
NR_178344.1	GIN-41-MGE-S217	0	0	0	0	0	0	0	0	0
NR_178343.1	GIN-41-MGE-S217	0	0	0	0	0	0	0	0	0
NR_178342.1	GIN-41-MGE-S217	0	0	0	0	0	0	0	0	0
NR_178341.1	GIN-41-MGE-S217	0	0	0	0	0	0	0	0	0
NR_178340.1	GIN-41-MGE-S217	0	0	0	0	0	0	0	0	0
NR_178339.1	GIN-41-MGE-S217	0	0	0	0	0	0	0	0	0
NR_178338.1	GIN-41-MGE-S217	0	0	0	0	0	0	0	0	0
NR_178337.1	GIN-41-MGE-S217	0	0	0	0	0	0	0	0	0
NR_178336.1	GIN-41-MGE-S217	0	0	0	0	0	0	0	0	0
NR_178335.1	GIN-41-MGE-S217	0	0	0	0	0	0	0	0	0
NR_178334.1	GIN-41-MGE-S217	0	0	0	0	0	0	0	0	0
NR_178333.1	GIN-41-MGE-S217	0	0	0	0	0	0	0	0	0
NR_178332.1	GIN-41-MGE-S217	0	0	0	0	0	0	0	0	0
NR_178331.1	GIN-41-MGE-S217	0	0	0	0	0	0	0	0	0
NR_178330.1	GIN-41-MGE-S217	0	0	0	0	0	0	0	0	0
NR_178328.1	GIN-41-MGE-S217	0	0	0	0	0	0	0	0	0
NR_178327.1	GIN-41-MGE-S217	0	0	0	0	0	0	0	0	0
NR_178326.1	GIN-41-MGE-S217	0	0	0	0	0	0	0	0	0
NR_178325.1	GIN-41-MGE-S217	0	0	0	0	0	0	0	0	0
NR_178324.1	GIN-41-MGE-S217	0	0	0	0	0	0	0	0	0
NR_178323.1	GIN-41-MGE-S217	0	0	0	0	0	0	0	0	0
NR_178322.1	GIN-41-MGE-S217	0	0	0	0	0	0	0	0	0
NR_178321.1	GIN-41-MGE-S217	0	0	0	0	0	0	0	0	0
NR_178320.1	GIN-41-MGE-S217	0	0	0	0	0	0	0	0	0
NR_178319.1	GIN-41-MGE-S217	0	0	0	0	0	0	0	0	0
NR_178318.1	GIN-41-MGE-S217	0	0	0	0	0	0	0	0	0
NR_178317.1	GIN-41-MGE-S217	0	0	0	0	0	0	0	0	0
NR_178316.1	GIN-41-MGE-S217	0	0	0	0	0	0	0	0	0
NR_178315.1	GIN-41-MGE-S217	0	0	0	0	0	0	0	0	0
NR_178314.1	GIN-41-MGE-S217	0	0	0	0	0	0	0	0	0
NR_178313.1	GIN-41-MGE-S217	0	0	0	0	0	0	0	0	0
NR_178312.1	GIN-41-MGE-S217	0	0	0	0	0	0	0	0	0
NR_178311.1	GIN-41-MGE-S217	0	0	0	0	0	0	0	0	0
NR_178310.1	GIN-41-MGE-S217	0	0	0	0	0	0	0	0	0
NR_178308.1	GIN-41-MGE-S217	0	0	0	0	0	0	0	0	0
NR_178307.1	GIN-41-MGE-S217	0	0	0	0	0	0	0	0	0
NR_178305.1	GIN-41-MGE-S217	0	0	0	0	0	0	0	0	0
NR_178303.1	GIN-41-MGE-S217	0	0	0	0	0	0	0	0	0
NR_178301.1	GIN-41-MGE-S217	0	0	0	0	0	0	0	0	0
NR_178300.1	GIN-41-MGE-S217	0	0	0	0	0	0	0	0	0
NR_178299.1	GIN-41-MGE-S217	0	0	0	0	0	0	0	0	0
NR_178298.1	GIN-41-MGE-S217	0	0	0	0	0	0	0	0	0
NR_178297.1	GIN-41-MGE-S217	0	0	0	0	0	0	0	0	0
NR_178296.1	GIN-41-MGE-S217	0	0	0	0	0	0	0	0	0
NR_178295.1	GIN-41-MGE-S217	0	0	0	0	0	0	0	0	0
NR_178293.1	GIN-41-MGE-S217	0	0	0	0	0	0	0	0	0
NR_178292.1	GIN-41-MGE-S217	0	0	0	0	0	0	0	0	0
NR_178291.1	GIN-41-MGE-S217	0	0	0	0	0	0	0	0	0
NR_178290.1	GIN-41-MGE-S217	0	0	0	0	0	0	0	0	0
NR_178289.1	GIN-41-MGE-S217	0	0	0	0	0	0	0	0	0
NR_178288.1	GIN-41-MGE-S217	0	0	0	0	0	0	0	0	0
NR_178287.1	GIN-41-MGE-S217	0	0	0	0	0	0	0	0	0
NR_178286.1	GIN-41-MGE-S217	0	0	0	0	0	0	0	0	0
NR_178285.1	GIN-41-MGE-S217	0	0	0	0	0	0	0	0	0
NR_178284.1	GIN-41-MGE-S217	0	0	0	0	0	0	0	0	0
NR_178283.1	GIN-41-MGE-S217	0	0	0	0	0	0	0	0	0
NR_178282.1	GIN-41-MGE-S217	0	0	0	0	0	0	0	0	0
NR_178281.1	GIN-41-MGE-S217	0	0	0	0	0	0	0	0	0
NR_178280.1	GIN-41-MGE-S217	0	0	0	0	0	0	0	0	0
NR_178279.1	GIN-41-MGE-S217	0	0	0	0	0	0	0	0	0
NR_178278.1	GIN-41-MGE-S217	0	0	0	0	0	0	0	0	0
NR_178277.1	GIN-41-MGE-S217	0	0	0	0	0	0	0	0	0
NR_178275.1	GIN-41-MGE-S217	0	0	0	0	0	0	0	0	0
NR_178274.1	GIN-41-MGE-S217	0	0	0	0	0	0	0	0	0
NR_178273.1	GIN-41-MGE-S217	0	0	0	0	0	0	0	0	0
NR_178272.1	GIN-41-MGE-S217	0	0	0	0	0	0	0	0	0
NR_178271.1	GIN-41-MGE-S217	0	0	0	0	0	0	0	0	0
NR_178270.1	GIN-41-MGE-S217	0	0	0	0	0	0	0	0	0
NR_178268.1	GIN-41-MGE-S217	0	0	0	0	0	0	0	0	0
NR_178267.1	GIN-41-MGE-S217	0	0	0	0	0	0	0	0	0
NR_178266.1	GIN-41-MGE-S217	0	0	0	0	0	0	0	0	0
NR_178265.1	GIN-41-MGE-S217	0	0	0	0	0	0	0	0	0
NR_178264.1	GIN-41-MGE-S217	0	0	0	0	0	0	0	0	0
NR_178263.1	GIN-41-MGE-S217	0	0	0	0	0	0	0	0	0
NR_178262.1	GIN-41-MGE-S217	0	0	0	0	0	0	0	0	0
NR_178261.1	GIN-41-MGE-S217	0	0	0	0	0	0	0	0	0
NR_178260.1	GIN-41-MGE-S217	0	0	0	0	0	0	0	0	0
NR_178259.1	GIN-41-MGE-S217	0	0	0	0	0	0	0	0	0
NR_178258.1	GIN-41-MGE-S217	0	0	0	0	0	0	0	0	0
NR_178257.1	GIN-41-MGE-S217	0	0	0	0	0	0	0	0	0
NR_178256.1	GIN-41-MGE-S217	0	0	0	0	0	0	0	0	0
NR_178255.1	GIN-41-MGE-S217	0	0	0	0	0	0	0	0	0
NR_178254.1	GIN-41-MGE-S217	0	0	0	0	0	0	0	0	0
NR_178253.1	GIN-41-MGE-S217	0	0	0	0	0	0	0	0	0
NR_178252.1	GIN-41-MGE-S217	0	0	0	0	0	0	0	0	0
NR_178251.1	GIN-41-MGE-S217	0	0	0	0	0	0	0	0	0
NR_178250.1	GIN-41-MGE-S217	0	0	0	0	0	0	0	0	0
NR_178249.1	GIN-41-MGE-S217	0	0	0	0	0	0	0	0	0
NR_178248.1	GIN-41-MGE-S217	0	0	0	0	0	0	0	0	0
NR_178247.1	GIN-41-MGE-S217	0	0	0	0	0	0	0	0	0
NR_178246.1	GIN-41-MGE-S217	0	0	0	0	0	0	0	0	0
NR_178245.1	GIN-41-MGE-S217	0	0	0	0	0	0	0	0	0
NR_178244.1	GIN-41-MGE-S217	0	0	0	0	0	0	0	0	0
NR_178243.1	GIN-41-MGE-S217	0	0	0	0	0	0	0	0	0
NR_178242.1	GIN-41-MGE-S217	0	0	0	0	0	0	0	0	0
NR_178241.1	GIN-41-MGE-S217	0	0	0	0	0	0	0	0	0
NR_178240.1	GIN-41-MGE-S217	0	0	0	0	0	0	0	0	0
NR_178239.1	GIN-41-MGE-S217	0	0	0	0	0	0	0	0	0
NR_178238.1	GIN-41-MGE-S217	0	0	0	0	0	0	0	0	0
NR_178237.1	GIN-41-MGE-S217	0	0	0	0	0	0	0	0	0
NR_178236.1	GIN-41-MGE-S217	0	0	0	0	0	0	0	0	0
NR_178235.1	GIN-41-MGE-S217	0	0	0	0	0	0	0	0	0
NR_178234.1	GIN-41-MGE-S217	0	0	0	0	0	0	0	0	0
NR_178233.1	GIN-41-MGE-S217	0	0	0	0	0	0	0	0	0
NR_178232.1	GIN-41-MGE-S217	0	0	0	0	0	0	0	0	0
NR_178231.1	GIN-41-MGE-S217	0	0	0	0	0	0	0	0	0
NR_178230.1	GIN-41-MGE-S217	0	0	0	0	0	0	0	0	0
NR_178229.1	GIN-41-MGE-S217	0	0	0	0	0	0	0	0	0
NR_178228.1	GIN-41-MGE-S217	0	0	0	0	0	0	0	0	0
NR_178227.1	GIN-41-MGE-S217	0	0	0	0	0	0	0	0	0
NR_178225.1	GIN-41-MGE-S217	0	0	0	0	0	0	0	0	0
NR_177922.1	GIN-41-MGE-S217	0	0	0	0	0	0	0	0	0
NR_177921.1	GIN-41-MGE-S217	0	0	0	0	0	0	0	0	0
NR_177920.1	GIN-41-MGE-S217	0	0	0	0	0	0	0	0	0
NR_177919.1	GIN-41-MGE-S217	0	0	0	0	0	0	0	0	0
NR_177918.1	GIN-41-MGE-S217	0	0	0	0	0	0	0	0	0
NR_177917.1	GIN-41-MGE-S217	0	0	0	0	0	0	0	0	0
NR_177916.1	GIN-41-MGE-S217	0	0	0	0	0	0	0	0	0
NR_177915.1	GIN-41-MGE-S217	0	0	0	0	0	0	0	0	0
NR_177914.1	GIN-41-MGE-S217	0	0	0	0	0	0	0	0	0
NR_177913.1	GIN-41-MGE-S217	0	0	0	0	0	0	0	0	0
NR_177912.1	GIN-41-MGE-S217	0	0	0	0	0	0	0	0	0
NR_177911.1	GIN-41-MGE-S217	0	0	0	0	0	0	0	0	0
NR_177910.1	GIN-41-MGE-S217	0	0	0	0	0	0	0	0	0
NR_177909.1	GIN-41-MGE-S217	0	0	0	0	0	0	0	0	0
NR_177908.1	GIN-41-MGE-S217	0	0	0	0	0	0	0	0	0
NR_177907.1	GIN-41-MGE-S217	0	0	0	0	0	0	0	0	0
NR_177906.1	GIN-41-MGE-S217	0	0	0	0	0	0	0	0	0
NR_177905.1	GIN-41-MGE-S217	0	0	0	0	0	0	0	0	0
NR_177904.1	GIN-41-MGE-S217	0	0	0	0	0	0	0	0	0
NR_177903.1	GIN-41-MGE-S217	0	0	0	0	0	0	0	0	0
NR_177902.1	GIN-41-MGE-S217	0	0	0	0	0	0	0	0	0
NR_177901.1	GIN-41-MGE-S217	0	0	0	0	0	0	0	0	0
NR_177900.1	GIN-41-MGE-S217	0	0	0	0	0	0	0	0	0
NR_177899.1	GIN-41-MGE-S217	0	0	0	0	0	0	0	0	0
NR_177898.1	GIN-41-MGE-S217	0	0	0	0	0	0	0	0	0
NR_177897.1	GIN-41-MGE-S217	0	0	0	0	0	0	0	0	0
NR_177896.1	GIN-41-MGE-S217	0	0	0	0	0	0	0	0	0
NR_177895.1	GIN-41-MGE-S217	0	0	0	0	0	0	0	0	0
NR_177894.1	GIN-41-MGE-S217	0	0	0	0	0	0	0	0	0
NR_177893.1	GIN-41-MGE-S217	0	0	0	0	0	0	0	0	0
NR_177892.1	GIN-41-MGE-S217	0	0	0	0	0	0	0	0	0
NR_177891.1	GIN-41-MGE-S217	0	0	0	0	0	0	0	0	0
NR_177890.1	GIN-41-MGE-S217	0	0	0	0	0	0	0	0	0
NR_177889.1	GIN-41-MGE-S217	0	0	0	0	0	0	0	0	0
NR_177888.1	GIN-41-MGE-S217	0	0	0	0	0	0	0	0	0
NR_177887.1	GIN-41-MGE-S217	0	0	0	0	0	0	0	0	0
NR_177886.1	GIN-41-MGE-S217	0	0	0	0	0	0	0	0	0
NR_177885.1	GIN-41-MGE-S217	0	0	0	0	0	0	0	0	0
NR_177884.1	GIN-41-MGE-S217	0	0	0	0	0	0	0	0	0
NR_177883.1	GIN-41-MGE-S217	0	0	0	0	0	0	0	0	0
NR_177882.1	GIN-41-MGE-S217	0	0	0	0	0	0	0	0	0
NR_177881.1	GIN-41-MGE-S217	0	0	0	0	0	0	0	0	0
NR_177880.1	GIN-41-MGE-S217	0	0	0	0	0	0	0	0	0
NR_177879.1	GIN-41-MGE-S217	0	0	0	0	0	0	0	0	0
NR_177878.1	GIN-41-MGE-S217	0	0	0	0	0	0	0	0	0
NR_177877.1	GIN-41-MGE-S217	0	0	0	0	0	0	0	0	0
NR_177876.1	GIN-41-MGE-S217	0	0	0	0	0	0	0	0	0
NR_177875.1	GIN-41-MGE-S217	0	0	0	0	0	0	0	0	0
NR_177874.1	GIN-41-MGE-S217	0	0	0	0	0	0	0	0	0
NR_177873.1	GIN-41-MGE-S217	0	0	0	0	0	0	0	0	0
NR_177872.1	GIN-41-MGE-S217	0	0	0	0	0	0	0	0	0
NR_177871.1	GIN-41-MGE-S217	0	0	0	0	0	0	0	0	0
NR_177870.1	GIN-41-MGE-S217	0	0	0	0	0	0	0	0	0
NR_177869.1	GIN-41-MGE-S217	0	0	0	0	0	0	0	0	0
NR_177868.1	GIN-41-MGE-S217	0	0	0	0	0	0	0	0	0
NR_177867.1	GIN-41-MGE-S217	0	0	0	0	0	0	0	0	0
NR_177866.1	GIN-41-MGE-S217	0	0	0	0	0	0	0	0	0
NR_177865.1	GIN-41-MGE-S217	0	0	0	0	0	0	0	0	0
NR_177864.1	GIN-41-MGE-S217	0	0	0	0	0	0	0	0	0
NR_177863.1	GIN-41-MGE-S217	0	0	0	0	0	0	0	0	0
NR_177862.1	GIN-41-MGE-S217	0	0	0	0	0	0	0	0	0
NR_177861.1	GIN-41-MGE-S217	0	0	0	0	0	0	0	0	0
NR_177860.1	GIN-41-MGE-S217	0	0	0	0	0	0	0	0	0
NR_177859.1	GIN-41-MGE-S217	0	0	0	0	0	0	0	0	0
NR_177858.1	GIN-41-MGE-S217	0	0	0	0	0	0	0	0	0
NR_177857.1	GIN-41-MGE-S217	0	0	0	0	0	0	0	0	0
NR_177856.1	GIN-41-MGE-S217	0	0	0	0	0	0	0	0	0
NR_177855.1	GIN-41-MGE-S217	0	0	0	0	0	0	0	0	0
NR_177854.1	GIN-41-MGE-S217	0	0	0	0	0	0	0	0	0
NR_177853.1	GIN-41-MGE-S217	0	0	0	0	0	0	0	0	0
NR_177852.1	GIN-41-MGE-S217	0	0	0	0	0	0	0	0	0
NR_177851.1	GIN-41-MGE-S217	0	0	0	0	0	0	0	0	0
NR_177850.1	GIN-41-MGE-S217	0	0	0	0	0	0	0	0	0
NR_177849.1	GIN-41-MGE-S217	0	0	0	0	0	0	0	0	0
NR_177848.1	GIN-41-MGE-S217	0	0	0	0	0	0	0	0	0
NR_177847.1	GIN-41-MGE-S217	0	0	0	0	0	0	0	0	0
NR_177846.1	GIN-41-MGE-S217	0	0	0	0	0	0	0	0	0
NR_177845.1	GIN-41-MGE-S217	0	0	0	0	0	0	0	0	0
NR_177844.1	GIN-41-MGE-S217	0	0	0	0	0	0	0	0	0
NR_177843.1	GIN-41-MGE-S217	0	0	0	0	0	0	0	0	0
NR_177842.1	GIN-41-MGE-S217	0	0	0	0	0	0	0	0	0
NR_177841.1	GIN-41-MGE-S217	0	0	0	0	0	0	0	0	0
NR_177840.1	GIN-41-MGE-S217	0	0	0	0	0	0	0	0	0
NR_177839.1	GIN-41-MGE-S217	0	0	0	0	0	0	0	0	0
NR_177838.1	GIN-41-MGE-S217	0	0	0	0	0	0	0	0	0
NR_177837.1	GIN-41-MGE-S217	0	0	0	0	0	0	0	0	0
NR_177836.1	GIN-41-MGE-S217	0	0	0	0	0	0	0	0	0
NR_177835.1	GIN-41-MGE-S217	0	0	0	0	0	0	0	0	0
NR_177834.1	GIN-41-MGE-S217	0	0	0	0	0	0	0	0	0
NR_177833.1	GIN-41-MGE-S217	0	0	0	0	0	0	0	0	0
NR_177832.1	GIN-41-MGE-S217	0	0	0	0	0	0	0	0	0
NR_177831.1	GIN-41-MGE-S217	0	0	0	0	0	0	0	0	0
NR_177830.1	GIN-41-MGE-S217	0	0	0	0	0	0	0	0	0
NR_177829.1	GIN-41-MGE-S217	0	0	0	0	0	0	0	0	0
NR_177828.1	GIN-41-MGE-S217	0	0	0	0	0	0	0	0	0
NR_177827.1	GIN-41-MGE-S217	0	0	0	0	0	0	0	0	0
NR_177826.1	GIN-41-MGE-S217	0	0	0	0	0	0	0	0	0
NR_177825.1	GIN-41-MGE-S217	0	0	0	0	0	0	0	0	0
NR_177824.1	GIN-41-MGE-S217	0	0	0	0	0	0	0	0	0
NR_177823.1	GIN-41-MGE-S217	0	0	0	0	0	0	0	0	0
NR_177822.1	GIN-41-MGE-S217	0	0	0	0	0	0	0	0	0
NR_177821.1	GIN-41-MGE-S217	0	0	0	0	0	0	0	0	0
NR_177820.1	GIN-41-MGE-S217	0	0	0	0	0	0	0	0	0
NR_177819.1	GIN-41-MGE-S217	0	0	0	0	0	0	0	0	0
NR_177818.1	GIN-41-MGE-S217	0	0	0	0	0	0	0	0	0
NR_177817.1	GIN-41-MGE-S217	0	0	0	0	0	0	0	0	0
NR_177816.1	GIN-41-MGE-S217	0	0	0	0	0	0	0	0	0
NR_177815.1	GIN-41-MGE-S217	0	0	0	0	0	0	0	0	0
NR_177814.1	GIN-41-MGE-S217	0	0	0	0	0	0	0	0	0
NR_177813.1	GIN-41-MGE-S217	0	0	0	0	0	0	0	0	0
NR_177812.1	GIN-41-MGE-S217	0	0	0	0	0	0	0	0	0
NR_177811.1	GIN-41-MGE-S217	0	0	0	0	0	0	0	0	0
NR_177810.1	GIN-41-MGE-S217	0	0	0	0	0	0	0	0	0
NR_177809.1	GIN-41-MGE-S217	0	0	0	0	0	0	0	0	0
NR_177808.1	GIN-41-MGE-S217	0	0	0	0	0	0	0	0	0
NR_177807.1	GIN-41-MGE-S217	0	0	0	0	0	0	0	0	0
NR_177806.1	GIN-41-MGE-S217	0	0	0	0	0	0	0	0	0
NR_177805.1	GIN-41-MGE-S217	0	0	0	0	0	0	0	0	0
NR_177804.1	GIN-41-MGE-S217	0	0	0	0	0	0	0	0	0
NR_177803.1	GIN-41-MGE-S217	0	0	0	0	0	0	0	0	0
NR_177802.1	GIN-41-MGE-S217	0	0	0	0	0	0	0	0	0
NR_177801.1	GIN-41-MGE-S217	0	0	0	0	0	0	0	0	0
NR_177800.1	GIN-41-MGE-S217	0	0	0	0	0	0	0	0	0
NR_177799.1	GIN-41-MGE-S217	0	0	0	0	0	0	0	0	0
NR_177798.1	GIN-41-MGE-S217	0	0	0	0	0	0	0	0	0
NR_177797.1	GIN-41-MGE-S217	0	0	0	0	0	0	0	0	0
NR_177796.1	GIN-41-MGE-S217	0	0	0	0	0	0	0	0	0
NR_177795.1	GIN-41-MGE-S217	0	0	0	0	0	0	0	0	0
NR_177794.1	GIN-41-MGE-S217	0	0	0	0	0	0	0	0	0
NR_177793.1	GIN-41-MGE-S217	0	0	0	0	0	0	0	0	0
NR_177792.1	GIN-41-MGE-S217	0	0	0	0	0	0	0	0	0
NR_177791.1	GIN-41-MGE-S217	0	0	0	0	0	0	0	0	0
NR_177790.1	GIN-41-MGE-S217	0	0	0	0	0	0	0	0	0
NR_177789.1	GIN-41-MGE-S217	0	0	0	0	0	0	0	0	0
NR_177788.1	GIN-41-MGE-S217	0	0	0	0	0	0	0	0	0
NR_177787.1	GIN-41-MGE-S217	0	0	0	0	0	0	0	0	0
NR_177786.1	GIN-41-MGE-S217	0	0	0	0	0	0	0	0	0
NR_177785.1	GIN-41-MGE-S217	0	0	0	0	0	0	0	0	0
NR_177784.1	GIN-41-MGE-S217	0	0	0	0	0	0	0	0	0
NR_177783.1	GIN-41-MGE-S217	0	0	0	0	0	0	0	0	0
NR_177782.1	GIN-41-MGE-S217	0	0	0	0	0	0	0	0	0
NR_177781.1	GIN-41-MGE-S217	0	0	0	0	0	0	0	0	0
NR_177780.1	GIN-41-MGE-S217	0	0	0	0	0	0	0	0	0
NR_177779.1	GIN-41-MGE-S217	0	0	0	0	0	0	0	0	0
NR_177778.1	GIN-41-MGE-S217	0	0	0	0	0	0	0	0	0
NR_177777.1	GIN-41-MGE-S217	0	0	0	0	0	0	0	0	0
NR_177776.1	GIN-41-MGE-S217	0	0	0	0	0	0	0	0	0
NR_177775.1	GIN-41-MGE-S217	0	0	0	0	0	0	0	0	0
NR_177774.1	GIN-41-MGE-S217	0	0	0	0	0	0	0	0	0
NR_177773.1	GIN-41-MGE-S217	0	0	0	0	0	0	0	0	0
NR_177772.1	GIN-41-MGE-S217	0	0	0	0	0	0	0	0	0
NR_177771.1	GIN-41-MGE-S217	0	0	0	0	0	0	0	0	0
NR_177770.1	GIN-41-MGE-S217	0	0	0	0	0	0	0	0	0
NR_177769.1	GIN-41-MGE-S217	0	0	0	0	0	0	0	0	0
NR_177768.1	GIN-41-MGE-S217	0	0	0	0	0	0	0	0	0
NR_177767.1	GIN-41-MGE-S217	0	0	0	0	0	0	0	0	0
NR_177766.1	GIN-41-MGE-S217	0	0	0	0	0	0	0	0	0
NR_177765.1	GIN-41-MGE-S217	0	0	0	0	0	0	0	0	0
NR_177764.1	GIN-41-MGE-S217	0	0	0	0	0	0	0	0	0
NR_177763.1	GIN-41-MGE-S217	0	0	0	0	0	0	0	0	0
NR_177762.1	GIN-41-MGE-S217	0	0	0	0	0	0	0	0	0
NR_177761.1	GIN-41-MGE-S217	0	0	0	0	0	0	0	0	0
NR_177760.1	GIN-41-MGE-S217	0	0	0	0	0	0	0	0	0
NR_177759.1	GIN-41-MGE-S217	0	0	0	0	0	0	0	0	0
NR_177758.1	GIN-41-MGE-S217	0	0	0	0	0	0	0	0	0
NR_177757.1	GIN-41-MGE-S217	0	0	0	0	0	0	0	0	0
NR_177756.1	GIN-41-MGE-S217	0	0	0	0	0	0	0	0	0
NR_177755.1	GIN-41-MGE-S217	0	0	0	0	0	0	0	0	0
NR_177754.1	GIN-41-MGE-S217	0	0	0	0	0	0	0	0	0
NR_177753.1	GIN-41-MGE-S217	0	0	0	0	0	0	0	0	0
NR_177752.1	GIN-41-MGE-S217	0	0	0	0	0	0	0	0	0
NR_177751.1	GIN-41-MGE-S217	0	0	0	0	0	0	0	0	0
NR_177750.1	GIN-41-MGE-S217	0	0	0	0	0	0	0	0	0
NR_177749.1	GIN-41-MGE-S217	0	0	0	0	0	0	0	0	0
NR_177748.1	GIN-41-MGE-S217	0	0	0	0	0	0	0	0	0
NR_177747.1	GIN-41-MGE-S217	0	0	0	0	0	0	0	0	0
NR_177746.1	GIN-41-MGE-S217	0	0	0	0	0	0	0	0	0
NR_177745.1	GIN-41-MGE-S217	0	0	0	0	0	0	0	0	0
NR_177744.1	GIN-41-MGE-S217	0	0	0	0	0	0	0	0	0
NR_177743.1	GIN-41-MGE-S217	0	0	0	0	0	0	0	0	0
NR_177742.1	GIN-41-MGE-S217	0	0	0	0	0	0	0	0	0
NR_177741.1	GIN-41-MGE-S217	0	0	0	0	0	0	0	0	0
NR_177740.1	GIN-41-MGE-S217	0	0	0	0	0	0	0	0	0
NR_177739.1	GIN-41-MGE-S217	0	0	0	0	0	0	0	0	0
NR_177738.1	GIN-41-MGE-S217	0	0	0	0	0	0	0	0	0
NR_177737.1	GIN-41-MGE-S217	0	0	0	0	0	0	0	0	0
NR_177735.1	GIN-41-MGE-S217	0	0	0	0	0	0	0	0	0
NR_177734.1	GIN-41-MGE-S217	0	0	0	0	0	0	0	0	0
NR_177733.1	GIN-41-MGE-S217	0	0	0	0	0	0	0	0	0
NR_177732.1	GIN-41-MGE-S217	0	0	0	0	0	0	0	0	0
NR_177731.1	GIN-41-MGE-S217	0	0	0	0	0	0	0	0	0
NR_177730.1	GIN-41-MGE-S217	0	0	0	0	0	0	0	0	0
NR_177729.1	GIN-41-MGE-S217	0	0	0	0	0	0	0	0	0
NR_177728.1	GIN-41-MGE-S217	0	0	0	0	0	0	0	0	0
NR_177727.1	GIN-41-MGE-S217	0	0	0	0	0	0	0	0	0
NR_177726.1	GIN-41-MGE-S217	0	0	0	0	0	0	0	0	0
NR_177724.1	GIN-41-MGE-S217	0	0	0	0	0	0	0	0	0
NR_177723.1	GIN-41-MGE-S217	0	0	0	0	0	0	0	0	0
NR_177722.1	GIN-41-MGE-S217	0	0	0	0	0	0	0	0	0
NR_177721.1	GIN-41-MGE-S217	0	0	0	0	0	0	0	0	0
NR_177720.1	GIN-41-MGE-S217	0	0	0	0	0	0	0	0	0
NR_177719.1	GIN-41-MGE-S217	0	0	0	0	0	0	0	0	0
NR_177718.1	GIN-41-MGE-S217	0	0	0	0	0	0	0	0	0
NR_177717.1	GIN-41-MGE-S217	0	0	0	0	0	0	0	0	0
NR_177716.1	GIN-41-MGE-S217	0	0	0	0	0	0	0	0	0
NR_177715.1	GIN-41-MGE-S217	0	0	0	0	0	0	0	0	0
NR_177714.1	GIN-41-MGE-S217	0	0	0	0	0	0	0	0	0
NR_177713.1	GIN-41-MGE-S217	0	0	0	0	0	0	0	0	0
NR_177712.1	GIN-41-MGE-S217	0	0	0	0	0	0	0	0	0
NR_177711.1	GIN-41-MGE-S217	0	0	0	0	0	0	0	0	0
NR_177710.1	GIN-41-MGE-S217	0	0	0	0	0	0	0	0	0
NR_177709.1	GIN-41-MGE-S217	0	0	0	0	0	0	0	0	0
NR_177708.1	GIN-41-MGE-S217	0	0	0	0	0	0	0	0	0
NR_177707.1	GIN-41-MGE-S217	0	0	0	0	0	0	0	0	0
NR_177706.1	GIN-41-MGE-S217	0	0	0	0	0	0	0	0	0
NR_177705.1	GIN-41-MGE-S217	0	0	0	0	0	0	0	0	0
NR_177704.1	GIN-41-MGE-S217	0	0	0	0	0	0	0	0	0
NR_177703.1	GIN-41-MGE-S217	0	0	0	0	0	0	0	0	0
NR_177702.1	GIN-41-MGE-S217	0	0	0	0	0	0	0	0	0
NR_177701.1	GIN-41-MGE-S217	0	0	0	0	0	0	0	0	0
NR_177700.1	GIN-41-MGE-S217	0	0	0	0	0	0	0	0	0
NR_177699.1	GIN-41-MGE-S217	0	0	0	0	0	0	0	0	0
NR_177698.1	GIN-41-MGE-S217	0	0	0	0	0	0	0	0	0
NR_177697.1	GIN-41-MGE-S217	0	0	0	0	0	0	0	0	0
NR_177696.1	GIN-41-MGE-S217	0	0	0	0	0	0	0	0	0
NR_177695.1	GIN-41-MGE-S217	0	0	0	0	0	0	0	0	0
NR_177694.1	GIN-41-MGE-S217	0	0	0	0	0	0	0	0	0
NR_177693.1	GIN-41-MGE-S217	0	0	0	0	0	0	0	0	0
NR_177692.1	GIN-41-MGE-S217	0	0	0	0	0	0	0	0	0
NR_177691.1	GIN-41-MGE-S217	0	0	0	0	0	0	0	0	0
NR_177690.1	GIN-41-MGE-S217	0	0	0	0	0	0	0	0	0
NR_177689.1	GIN-41-MGE-S217	0	0	0	0	0	0	0	0	0
NR_177688.1	GIN-41-MGE-S217	0	0	0	0	0	0	0	0	0
NR_177687.1	GIN-41-MGE-S217	0	0	0	0	0	0	0	0	0
NR_177686.1	GIN-41-MGE-S217	0	0	0	0	0	0	0	0	0
NR_177685.1	GIN-41-MGE-S217	0	0	0	0	0	0	0	0	0
NR_177684.1	GIN-41-MGE-S217	0	0	0	0	0	0	0	0	0
NR_177683.1	GIN-41-MGE-S217	0	0	0	0	0	0	0	0	0
NR_177682.1	GIN-41-MGE-S217	0	0	0	0	0	0	0	0	0
NR_177681.1	GIN-41-MGE-S217	0	0	0	0	0	0	0	0	0
NR_177680.1	GIN-41-MGE-S217	0	0	0	0	0	0	0	0	0
NR_177679.1	GIN-41-MGE-S217	0	0	0	0	0	0	0	0	0
NR_177678.1	GIN-41-MGE-S217	0	0	0	0	0	0	0	0	0
NR_177677.1	GIN-41-MGE-S217	0	0	0	0	0	0	0	0	0
NR_177676.1	GIN-41-MGE-S217	0	0	0	0	0	0	0	0	0
NR_177675.1	GIN-41-MGE-S217	0	0	0	0	0	0	0	0	0
NR_177674.1	GIN-41-MGE-S217	0	0	0	0	0	0	0	0	0
NR_177673.1	GIN-41-MGE-S217	0	0	0	0	0	0	0	0	0
NR_177672.1	GIN-41-MGE-S217	0	0	0	0	0	0	0	0	0
NR_177671.1	GIN-41-MGE-S217	0	0	0	0	0	0	0	0	0
NR_177670.1	GIN-41-MGE-S217	0	0	0	0	0	0	0	0	0
NR_177669.1	GIN-41-MGE-S217	0	0	0	0	0	0	0	0	0
NR_177668.1	GIN-41-MGE-S217	0	0	0	0	0	0	0	0	0
NR_177667.1	GIN-41-MGE-S217	0	0	0	0	0	0	0	0	0
NR_177666.1	GIN-41-MGE-S217	0	0	0	0	0	0	0	0	0
NR_177665.1	GIN-41-MGE-S217	0	0	0	0	0	0	0	0	0
NR_177664.1	GIN-41-MGE-S217	0	0	0	0	0	0	0	0	0
NR_177663.1	GIN-41-MGE-S217	0	0	0	0	0	0	0	0	0
NR_177662.1	GIN-41-MGE-S217	0	0	0	0	0	0	0	0	0
NR_177661.1	GIN-41-MGE-S217	0	0	0	0	0	0	0	0	0
NR_177660.1	GIN-41-MGE-S217	0	0	0	0	0	0	0	0	0
NR_177659.1	GIN-41-MGE-S217	0	0	0	0	0	0	0	0	0
NR_177658.1	GIN-41-MGE-S217	0	0	0	0	0	0	0	0	0
NR_176802.2	GIN-41-MGE-S217	0	0	0	0	0	0	0	0	0
NR_177056.1	GIN-41-MGE-S217	0	0	0	0	0	0	0	0	0
NR_177055.1	GIN-41-MGE-S217	0	0	0	0	0	0	0	0	0
NR_177054.1	GIN-41-MGE-S217	0	0	0	0	0	0	0	0	0
NR_177053.1	GIN-41-MGE-S217	0	0	0	0	0	0	0	0	0
NR_177052.1	GIN-41-MGE-S217	0	0	0	0	0	0	0	0	0
NR_177051.1	GIN-41-MGE-S217	0	0	0	0	0	0	0	0	0
NR_177050.1	GIN-41-MGE-S217	0	0	0	0	0	0	0	0	0
NR_177049.1	GIN-41-MGE-S217	0	0	0	0	0	0	0	0	0
NR_177048.1	GIN-41-MGE-S217	0	0	0	0	0	0	0	0	0
NR_177047.1	GIN-41-MGE-S217	0	0	0	0	0	0	0	0	0
NR_177046.1	GIN-41-MGE-S217	0	0	0	0	0	0	0	0	0
NR_177045.1	GIN-41-MGE-S217	0	0	0	0	0	0	0	0	0
NR_177044.1	GIN-41-MGE-S217	0	0	0	0	0	0	0	0	0
NR_177043.1	GIN-41-MGE-S217	0	0	0	0	0	0	0	0	0
NR_177042.1	GIN-41-MGE-S217	0	0	0	0	0	0	0	0	0
NR_177041.1	GIN-41-MGE-S217	0	0	0	0	0	0	0	0	0
NR_177040.1	GIN-41-MGE-S217	0	0	0	0	0	0	0	0	0
NR_177039.1	GIN-41-MGE-S217	0	0	0	0	0	0	0	0	0
NR_177038.1	GIN-41-MGE-S217	0	0	0	0	0	0	0	0	0
NR_177037.1	GIN-41-MGE-S217	0	0	0	0	0	0	0	0	0
NR_177036.1	GIN-41-MGE-S217	0	0	0	0	0	0	0	0	0
NR_177035.1	GIN-41-MGE-S217	0	0	0	0	0	0	0	0	0
NR_177034.1	GIN-41-MGE-S217	0	0	0	0	0	0	0	0	0
NR_177033.1	GIN-41-MGE-S217	0	0	0	0	0	0	0	0	0
NR_177032.1	GIN-41-MGE-S217	0	0	0	0	0	0	0	0	0
NR_177031.1	GIN-41-MGE-S217	0	0	0	0	0	0	0	0	0
NR_177029.1	GIN-41-MGE-S217	0	0	0	0	0	0	0	0	0
NR_177028.1	GIN-41-MGE-S217	0	0	0	0	0	0	0	0	0
NR_177027.1	GIN-41-MGE-S217	0	0	0	0	0	0	0	0	0
NR_177026.1	GIN-41-MGE-S217	0	0	0	0	0	0	0	0	0
NR_177025.1	GIN-41-MGE-S217	0	0	0	0	0	0	0	0	0
NR_177024.1	GIN-41-MGE-S217	0	0	0	0	0	0	0	0	0
NR_177023.1	GIN-41-MGE-S217	0	0	0	0	0	0	0	0	0
NR_177022.1	GIN-41-MGE-S217	0	0	0	0	0	0	0	0	0
NR_177021.1	GIN-41-MGE-S217	0	0	0	0	0	0	0	0	0
NR_177020.1	GIN-41-MGE-S217	0	0	0	0	0	0	0	0	0
NR_177019.1	GIN-41-MGE-S217	0	0	0	0	0	0	0	0	0
NR_177018.1	GIN-41-MGE-S217	0	0	0	0	0	0	0	0	0
NR_177017.1	GIN-41-MGE-S217	0	0	0	0	0	0	0	0	0
NR_177016.1	GIN-41-MGE-S217	0	0	0	0	0	0	0	0	0
NR_177015.1	GIN-41-MGE-S217	0	0	0	0	0	0	0	0	0
NR_177014.1	GIN-41-MGE-S217	0	0	0	0	0	0	0	0	0
NR_177013.1	GIN-41-MGE-S217	0	0	0	0	0	0	0	0	0
NR_177012.1	GIN-41-MGE-S217	0	0	0	0	0	0	0	0	0
NR_177011.1	GIN-41-MGE-S217	0	0	0	0	0	0	0	0	0
NR_177010.1	GIN-41-MGE-S217	0	0	0	0	0	0	0	0	0
NR_177009.1	GIN-41-MGE-S217	0	0	0	0	0	0	0	0	0
NR_177008.1	GIN-41-MGE-S217	0	0	0	0	0	0	0	0	0
NR_177007.1	GIN-41-MGE-S217	0	0	0	0	0	0	0	0	0
NR_177006.1	GIN-41-MGE-S217	0	0	0	0	0	0	0	0	0
NR_177005.1	GIN-41-MGE-S217	0	0	0	0	0	0	0	0	0
NR_177004.1	GIN-41-MGE-S217	0	0	0	0	0	0	0	0	0
NR_177003.1	GIN-41-MGE-S217	0	0	0	0	0	0	0	0	0
NR_177002.1	GIN-41-MGE-S217	0	0	0	0	0	0	0	0	0
NR_177001.1	GIN-41-MGE-S217	0	0	0	0	0	0	0	0	0
NR_177000.1	GIN-41-MGE-S217	0	0	0	0	0	0	0	0	0
NR_176999.1	GIN-41-MGE-S217	0	0	0	0	0	0	0	0	0
NR_176998.1	GIN-41-MGE-S217	0	0	0	0	0	0	0	0	0
NR_176997.1	GIN-41-MGE-S217	0	0	0	0	0	0	0	0	0
NR_176996.1	GIN-41-MGE-S217	0	0	0	0	0	0	0	0	0
NR_176995.1	GIN-41-MGE-S217	0	0	0	0	0	0	0	0	0
NR_176994.1	GIN-41-MGE-S217	0	0	0	0	0	0	0	0	0
NR_176993.1	GIN-41-MGE-S217	0	0	0	0	0	0	0	0	0
NR_176992.1	GIN-41-MGE-S217	0	0	0	0	0	0	0	0	0
NR_176991.1	GIN-41-MGE-S217	0	0	0	0	0	0	0	0	0
NR_176990.1	GIN-41-MGE-S217	0	0	0	0	0	0	0	0	0
NR_176989.1	GIN-41-MGE-S217	0	0	0	0	0	0	0	0	0
NR_176988.1	GIN-41-MGE-S217	0	0	0	0	0	0	0	0	0
NR_176987.1	GIN-41-MGE-S217	0	0	0	0	0	0	0	0	0
NR_176986.1	GIN-41-MGE-S217	0	0	0	0	0	0	0	0	0
NR_176985.1	GIN-41-MGE-S217	0	0	0	0	0	0	0	0	0
NR_176984.1	GIN-41-MGE-S217	0	0	0	0	0	0	0	0	0
NR_176983.1	GIN-41-MGE-S217	0	0	0	0	0	0	0	0	0
NR_176982.1	GIN-41-MGE-S217	0	0	0	0	0	0	0	0	0
NR_176981.1	GIN-41-MGE-S217	0	0	0	0	0	0	0	0	0
NR_174293.1	GIN-41-MGE-S217	0	0	0	0	0	0	0	0	0
NR_174292.1	GIN-41-MGE-S217	0	0	0	0	0	0	0	0	0
NR_172681.1	GIN-41-MGE-S217	0	0	0	0	0	0	0	0	0
NR_172623.1	GIN-41-MGE-S217	0	0	0	0	0	0	0	0	0
NR_170489.1	GIN-41-MGE-S217	0	0	0	0	0	0	0	0	0
NR_165726.1	GIN-41-MGE-S217	0	0	0	0	0	0	0	0	0
NR_165715.1	GIN-41-MGE-S217	0	0	0	0	0	0	0	0	0
NR_156805.1	GIN-41-MGE-S217	0	0	0	0	0	0	0	0	0
NR_156152.1	GIN-41-MGE-S217	0	0	0	0	0	0	0	0	0
NR_153674.1	GIN-41-MGE-S217	0	0	0	0	0	0	0	0	0
NR_151939.1	GIN-41-MGE-S217	0	0	0	0	0	0	0	0	0
NR_149235.1	GIN-41-MGE-S217	0	0	0	0	0	0	0	0	0
NR_145919.1	GIN-41-MGE-S217	0	0	0	0	0	0	0	0	0
NR_145527.1	GIN-41-MGE-S217	0	0	0	0	0	0	0	0	0
NR_119263.1	GIN-41-MGE-S217	0	0	0	0	0	0	0	0	0
NR_119100.1	GIN-41-MGE-S217	0	0	0	0	0	0	0	0	0
NR_118772.1	GIN-41-MGE-S217	0	0	0	0	0	0	0	0	0
NR_118672.1	GIN-41-MGE-S217	0	0	0	0	0	0	0	0	0
NR_118593.1	GIN-41-MGE-S217	0	0	0	0	0	0	0	0	0
NR_118290.1	GIN-41-MGE-S217	0	0	0	0	0	0	0	0	0
NR_117120.1	GIN-41-MGE-S217	0	0	0	0	0	0	0	0	0
NR_116769.1	GIN-41-MGE-S217	0	0	0	0	0	0	0	0	0
NR_116304.1	GIN-41-MGE-S217	0	0	0	0	0	0	0	0	0
NR_116178.1	GIN-41-MGE-S217	0	0	0	0	0	0	0	0	0
NR_115816.1	GIN-41-MGE-S217	0	0	0	0	0	0	0	0	0
NR_115073.1	GIN-41-MGE-S217	0	0	0	0	0	0	0	0	0
NR_114590.1	GIN-41-MGE-S217	0	0	0	0	0	0	0	0	0
NR_113179.1	GIN-41-MGE-S217	0	0	0	0	0	0	0	0	0
NR_112703.1	GIN-41-MGE-S217	0	0	0	0	0	0	0	0	0
NR_112167.1	GIN-41-MGE-S217	0	0	0	0	0	0	0	0	0
NR_044107.1	GIN-41-MGE-S217	0	0	0	0	0	0	0	0	0
NR_043241.1	GIN-41-MGE-S217	0	0	0	0	0	0	0	0	0
NR_042741.1	GIN-41-MGE-S217	0	0	0	0	0	0	0	0	0
NR_042068.1	GIN-41-MGE-S217	0	0	0	0	0	0	0	0	0
NR_024701.1	GIN-41-MGE-S217	0	0	0	0	0	0	0	0	0
NR_026510.1	GIN-41-MGE-S217	0	0	0	0	0	0	0	0	0
NR_116306.1	GIN-41-MGE-S217	0	0	0	0	0	0	0	0	0
NR_176804.1	GIN-41-MGE-S217	0	0	0	0	0	0	0	0	0
NR_176803.1	GIN-41-MGE-S217	0	0	0	0	0	0	0	0	0
NR_176801.1	GIN-41-MGE-S217	0	0	0	0	0	0	0	0	0
NR_176800.1	GIN-41-MGE-S217	0	0	0	0	0	0	0	0	0
NR_176606.1	GIN-41-MGE-S217	0	0	0	0	0	0	0	0	0
NR_176604.1	GIN-41-MGE-S217	0	0	0	0	0	0	0	0	0
NR_176603.1	GIN-41-MGE-S217	0	0	0	0	0	0	0	0	0
NR_176602.1	GIN-41-MGE-S217	0	0	0	0	0	0	0	0	0
NR_176601.1	GIN-41-MGE-S217	0	0	0	0	0	0	0	0	0
NR_176600.1	GIN-41-MGE-S217	0	0	0	0	0	0	0	0	0
NR_176599.1	GIN-41-MGE-S217	0	0	0	0	0	0	0	0	0
NR_176598.1	GIN-41-MGE-S217	0	0	0	0	0	0	0	0	0
NR_176597.1	GIN-41-MGE-S217	0	0	0	0	0	0	0	0	0
NR_176596.1	GIN-41-MGE-S217	0	0	0	0	0	0	0	0	0
NR_176595.1	GIN-41-MGE-S217	0	0	0	0	0	0	0	0	0
NR_176594.1	GIN-41-MGE-S217	0	0	0	0	0	0	0	0	0
NR_176593.1	GIN-41-MGE-S217	0	0	0	0	0	0	0	0	0
NR_176592.1	GIN-41-MGE-S217	0	0	0	0	0	0	0	0	0
NR_176591.1	GIN-41-MGE-S217	0	0	0	0	0	0	0	0	0
NR_176590.1	GIN-41-MGE-S217	0	0	0	0	0	0	0	0	0
NR_176589.1	GIN-41-MGE-S217	0	0	0	0	0	0	0	0	0
NR_176588.1	GIN-41-MGE-S217	0	0	0	0	0	0	0	0	0
NR_176587.1	GIN-41-MGE-S217	0	0	0	0	0	0	0	0	0
NR_176586.1	GIN-41-MGE-S217	0	0	0	0	0	0	0	0	0
NR_176585.1	GIN-41-MGE-S217	0	0	0	0	0	0	0	0	0
NR_176584.1	GIN-41-MGE-S217	0	0	0	0	0	0	0	0	0
NR_176583.1	GIN-41-MGE-S217	0	0	0	0	0	0	0	0	0
NR_176582.1	GIN-41-MGE-S217	0	0	0	0	0	0	0	0	0
NR_176581.1	GIN-41-MGE-S217	0	0	0	0	0	0	0	0	0
NR_176580.1	GIN-41-MGE-S217	0	0	0	0	0	0	0	0	0
NR_176579.1	GIN-41-MGE-S217	0	0	0	0	0	0	0	0	0
NR_176578.1	GIN-41-MGE-S217	0	0	0	0	0	0	0	0	0
NR_176577.1	GIN-41-MGE-S217	0	0	0	0	0	0	0	0	0
NR_176576.1	GIN-41-MGE-S217	0	0	0	0	0	0	0	0	0
NR_176575.1	GIN-41-MGE-S217	0	0	0	0	0	0	0	0	0
NR_176574.1	GIN-41-MGE-S217	0	0	0	0	0	0	0	0	0
NR_176573.1	GIN-41-MGE-S217	0	0	0	0	0	0	0	0	0
NR_176572.1	GIN-41-MGE-S217	0	0	0	0	0	0	0	0	0
NR_176571.1	GIN-41-MGE-S217	0	0	0	0	0	0	0	0	0
NR_176570.1	GIN-41-MGE-S217	0	0	0	0	0	0	0	0	0
NR_176569.1	GIN-41-MGE-S217	0	0	0	0	0	0	0	0	0
NR_176568.1	GIN-41-MGE-S217	0	0	0	0	0	0	0	0	0
NR_176567.1	GIN-41-MGE-S217	0	0	0	0	0	0	0	0	0
NR_176566.1	GIN-41-MGE-S217	0	0	0	0	0	0	0	0	0
NR_176565.1	GIN-41-MGE-S217	0	0	0	0	0	0	0	0	0
NR_176564.1	GIN-41-MGE-S217	0	0	0	0	0	0	0	0	0
NR_176563.1	GIN-41-MGE-S217	0	0	0	0	0	0	0	0	0
NR_176562.1	GIN-41-MGE-S217	0	0	0	0	0	0	0	0	0
NR_176561.1	GIN-41-MGE-S217	0	0	0	0	0	0	0	0	0
NR_176560.1	GIN-41-MGE-S217	0	0	0	0	0	0	0	0	0
NR_176559.1	GIN-41-MGE-S217	0	0	0	0	0	0	0	0	0
NR_176558.1	GIN-41-MGE-S217	0	0	0	0	0	0	0	0	0
NR_176557.1	GIN-41-MGE-S217	0	0	0	0	0	0	0	0	0
NR_176556.1	GIN-41-MGE-S217	0	0	0	0	0	0	0	0	0
NR_176555.1	GIN-41-MGE-S217	0	0	0	0	0	0	0	0	0
NR_176554.1	GIN-41-MGE-S217	0	0	0	0	0	0	0	0	0
NR_176553.1	GIN-41-MGE-S217	0	0	0	0	0	0	0	0	0
NR_176552.1	GIN-41-MGE-S217	0	0	0	0	0	0	0	0	0
NR_176551.1	GIN-41-MGE-S217	0	0	0	0	0	0	0	0	0
NR_176550.1	GIN-41-MGE-S217	0	0	0	0	0	0	0	0	0
NR_176549.1	GIN-41-MGE-S217	0	0	0	0	0	0	0	0	0
NR_176548.1	GIN-41-MGE-S217	0	0	0	0	0	0	0	0	0
NR_176547.1	GIN-41-MGE-S217	0	0	0	0	0	0	0	0	0
NR_176546.1	GIN-41-MGE-S217	0	0	0	0	0	0	0	0	0
NR_176545.1	GIN-41-MGE-S217	0	0	0	0	0	0	0	0	0
NR_176544.1	GIN-41-MGE-S217	0	0	0	0	0	0	0	0	0
NR_176543.1	GIN-41-MGE-S217	0	0	0	0	0	0	0	0	0
NR_176542.1	GIN-41-MGE-S217	0	0	0	0	0	0	0	0	0
NR_176541.1	GIN-41-MGE-S217	0	0	0	0	0	0	0	0	0
NR_176540.1	GIN-41-MGE-S217	0	0	0	0	0	0	0	0	0
NR_176539.1	GIN-41-MGE-S217	0	0	0	0	0	0	0	0	0
NR_176536.1	GIN-41-MGE-S217	0	0	0	0	0	0	0	0	0
NR_176535.1	GIN-41-MGE-S217	0	0	0	0	0	0	0	0	0
NR_176534.1	GIN-41-MGE-S217	0	0	0	0	0	0	0	0	0
NR_176533.1	GIN-41-MGE-S217	0	0	0	0	0	0	0	0	0
NR_176532.1	GIN-41-MGE-S217	0	0	0	0	0	0	0	0	0
NR_176531.1	GIN-41-MGE-S217	0	0	0	0	0	0	0	0	0
NR_176530.1	GIN-41-MGE-S217	0	0	0	0	0	0	0	0	0
NR_176529.1	GIN-41-MGE-S217	0	0	0	0	0	0	0	0	0
NR_176528.1	GIN-41-MGE-S217	0	0	0	0	0	0	0	0	0
NR_176527.1	GIN-41-MGE-S217	0	0	0	0	0	0	0	0	0
NR_176526.1	GIN-41-MGE-S217	0	0	0	0	0	0	0	0	0
NR_176525.1	GIN-41-MGE-S217	0	0	0	0	0	0	0	0	0
NR_176524.1	GIN-41-MGE-S217	0	0	0	0	0	0	0	0	0
NR_176523.1	GIN-41-MGE-S217	0	0	0	0	0	0	0	0	0
NR_176522.1	GIN-41-MGE-S217	0	0	0	0	0	0	0	0	0
NR_176521.1	GIN-41-MGE-S217	0	0	0	0	0	0	0	0	0
NR_176519.1	GIN-41-MGE-S217	0	0	0	0	0	0	0	0	0
NR_176518.1	GIN-41-MGE-S217	0	0	0	0	0	0	0	0	0
NR_176517.1	GIN-41-MGE-S217	0	0	0	0	0	0	0	0	0
NR_176516.1	GIN-41-MGE-S217	0	0	0	0	0	0	0	0	0
NR_176515.1	GIN-41-MGE-S217	0	0	0	0	0	0	0	0	0
NR_176514.1	GIN-41-MGE-S217	0	0	0	0	0	0	0	0	0
NR_176513.1	GIN-41-MGE-S217	0	0	0	0	0	0	0	0	0
NR_176512.1	GIN-41-MGE-S217	0	0	0	0	0	0	0	0	0
NR_176511.1	GIN-41-MGE-S217	0	0	0	0	0	0	0	0	0
NR_176510.1	GIN-41-MGE-S217	0	0	0	0	0	0	0	0	0
NR_176509.1	GIN-41-MGE-S217	0	0	0	0	0	0	0	0	0
NR_176508.1	GIN-41-MGE-S217	0	0	0	0	0	0	0	0	0
NR_176507.1	GIN-41-MGE-S217	0	0	0	0	0	0	0	0	0
NR_176506.1	GIN-41-MGE-S217	0	0	0	0	0	0	0	0	0
NR_176505.1	GIN-41-MGE-S217	0	0	0	0	0	0	0	0	0
NR_176504.1	GIN-41-MGE-S217	0	0	0	0	0	0	0	0	0
NR_176501.1	GIN-41-MGE-S217	0	0	0	0	0	0	0	0	0
NR_176500.1	GIN-41-MGE-S217	0	0	0	0	0	0	0	0	0
NR_176499.1	GIN-41-MGE-S217	0	0	0	0	0	0	0	0	0
NR_176498.1	GIN-41-MGE-S217	0	0	0	0	0	0	0	0	0
NR_176497.1	GIN-41-MGE-S217	0	0	0	0	0	0	0	0	0
NR_176496.1	GIN-41-MGE-S217	0	0	0	0	0	0	0	0	0
NR_176494.1	GIN-41-MGE-S217	0	0	0	0	0	0	0	0	0
NR_176493.1	GIN-41-MGE-S217	0	0	0	0	0	0	0	0	0
NR_176492.1	GIN-41-MGE-S217	0	0	0	0	0	0	0	0	0
NR_176491.1	GIN-41-MGE-S217	0	0	0	0	0	0	0	0	0
NR_176490.1	GIN-41-MGE-S217	0	0	0	0	0	0	0	0	0
NR_176489.1	GIN-41-MGE-S217	0	0	0	0	0	0	0	0	0
NR_176488.1	GIN-41-MGE-S217	0	0	0	0	0	0	0	0	0
NR_176487.1	GIN-41-MGE-S217	0	0	0	0	0	0	0	0	0
NR_176486.1	GIN-41-MGE-S217	0	0	0	0	0	0	0	0	0
NR_176484.1	GIN-41-MGE-S217	0	0	0	0	0	0	0	0	0
NR_176483.1	GIN-41-MGE-S217	0	0	0	0	0	0	0	0	0
NR_176482.1	GIN-41-MGE-S217	0	0	0	0	0	0	0	0	0
NR_176481.1	GIN-41-MGE-S217	0	0	0	0	0	0	0	0	0
NR_176480.1	GIN-41-MGE-S217	0	0	0	0	0	0	0	0	0
NR_176479.1	GIN-41-MGE-S217	0	0	0	0	0	0	0	0	0
NR_176478.1	GIN-41-MGE-S217	0	0	0	0	0	0	0	0	0
NR_176477.1	GIN-41-MGE-S217	0	0	0	0	0	0	0	0	0
NR_176475.1	GIN-41-MGE-S217	0	0	0	0	0	0	0	0	0
NR_176474.1	GIN-41-MGE-S217	0	0	0	0	0	0	0	0	0
NR_176473.1	GIN-41-MGE-S217	0	0	0	0	0	0	0	0	0
NR_172712.2	GIN-41-MGE-S217	0	0	0	0	0	0	0	0	0
NR_172711.2	GIN-41-MGE-S217	0	0	0	0	0	0	0	0	0
NR_172710.2	GIN-41-MGE-S217	0	0	0	0	0	0	0	0	0
NR_172677.2	GIN-41-MGE-S217	0	0	0	0	0	0	0	0	0
NR_172660.2	GIN-41-MGE-S217	0	0	0	0	0	0	0	0	0
NR_172580.2	GIN-41-MGE-S217	0	0	0	0	0	0	0	0	0
NR_173619.1	GIN-41-MGE-S217	0	0	0	0	0	0	0	0	0
NR_173600.1	GIN-41-MGE-S217	0	0	0	0	0	0	0	0	0
NR_172709.1	GIN-41-MGE-S217	0	0	0	0	0	0	0	0	0
NR_172708.1	GIN-41-MGE-S217	0	0	0	0	0	0	0	0	0
NR_172688.1	GIN-41-MGE-S217	0	0	0	0	0	0	0	0	0
NR_172656.1	GIN-41-MGE-S217	0	0	0	0	0	0	0	0	0
NR_172655.1	GIN-41-MGE-S217	0	0	0	0	0	0	0	0	0
NR_172620.1	GIN-41-MGE-S217	0	0	0	0	0	0	0	0	0
NR_172619.1	GIN-41-MGE-S217	0	0	0	0	0	0	0	0	0
NR_172618.1	GIN-41-MGE-S217	0	0	0	0	0	0	0	0	0
NR_176791.1	GIN-41-MGE-S217	0	0	0	0	0	0	0	0	0
NR_176790.1	GIN-41-MGE-S217	0	0	0	0	0	0	0	0	0
NR_175596.1	GIN-41-MGE-S217	0	0	0	0	0	0	0	0	0
NR_175595.1	GIN-41-MGE-S217	0	0	0	0	0	0	0	0	0
NR_175594.1	GIN-41-MGE-S217	0	0	0	0	0	0	0	0	0
NR_175593.1	GIN-41-MGE-S217	0	0	0	0	0	0	0	0	0
NR_175592.1	GIN-41-MGE-S217	0	0	0	0	0	0	0	0	0
NR_175591.1	GIN-41-MGE-S217	0	0	0	0	0	0	0	0	0
NR_175590.1	GIN-41-MGE-S217	0	0	0	0	0	0	0	0	0
NR_175589.1	GIN-41-MGE-S217	0	0	0	0	0	0	0	0	0
NR_175588.1	GIN-41-MGE-S217	0	0	0	0	0	0	0	0	0
NR_175587.1	GIN-41-MGE-S217	0	0	0	0	0	0	0	0	0
NR_175586.1	GIN-41-MGE-S217	0	0	0	0	0	0	0	0	0
NR_175585.1	GIN-41-MGE-S217	0	0	0	0	0	0	0	0	0
NR_175584.1	GIN-41-MGE-S217	0	0	0	0	0	0	0	0	0
NR_175583.1	GIN-41-MGE-S217	0	0	0	0	0	0	0	0	0
NR_175582.1	GIN-41-MGE-S217	0	0	0	0	0	0	0	0	0
NR_175581.1	GIN-41-MGE-S217	0	0	0	0	0	0	0	0	0
NR_175580.1	GIN-41-MGE-S217	0	0	0	0	0	0	0	0	0
NR_175579.1	GIN-41-MGE-S217	0	0	0	0	0	0	0	0	0
NR_175578.1	GIN-41-MGE-S217	0	0	0	0	0	0	0	0	0
NR_175577.1	GIN-41-MGE-S217	0	0	0	0	0	0	0	0	0
NR_175576.1	GIN-41-MGE-S217	0	0	0	0	0	0	0	0	0
NR_175575.1	GIN-41-MGE-S217	0	0	0	0	0	0	0	0	0
NR_175574.1	GIN-41-MGE-S217	0	0	0	0	0	0	0	0	0
NR_175573.1	GIN-41-MGE-S217	0	0	0	0	0	0	0	0	0
NR_175572.1	GIN-41-MGE-S217	0	0	0	0	0	0	0	0	0
NR_175571.1	GIN-41-MGE-S217	0	0	0	0	0	0	0	0	0
NR_175570.1	GIN-41-MGE-S217	0	0	0	0	0	0	0	0	0
NR_175569.1	GIN-41-MGE-S217	0	0	0	0	0	0	0	0	0
NR_175568.1	GIN-41-MGE-S217	0	0	0	0	0	0	0	0	0
NR_175567.1	GIN-41-MGE-S217	0	0	0	0	0	0	0	0	0
NR_175566.1	GIN-41-MGE-S217	0	0	0	0	0	0	0	0	0
NR_175565.1	GIN-41-MGE-S217	0	0	0	0	0	0	0	0	0
NR_175564.1	GIN-41-MGE-S217	0	0	0	0	0	0	0	0	0
NR_175563.1	GIN-41-MGE-S217	0	0	0	0	0	0	0	0	0
NR_175562.1	GIN-41-MGE-S217	0	0	0	0	0	0	0	0	0
NR_175561.1	GIN-41-MGE-S217	0	0	0	0	0	0	0	0	0
NR_175560.1	GIN-41-MGE-S217	0	0	0	0	0	0	0	0	0
NR_175559.1	GIN-41-MGE-S217	0	0	0	0	0	0	0	0	0
NR_175558.1	GIN-41-MGE-S217	0	0	0	0	0	0	0	0	0
NR_175557.1	GIN-41-MGE-S217	0	0	0	0	0	0	0	0	0
NR_175556.1	GIN-41-MGE-S217	0	0	0	0	0	0	0	0	0
NR_175555.1	GIN-41-MGE-S217	0	0	0	0	0	0	0	0	0
NR_175554.1	GIN-41-MGE-S217	0	0	0	0	0	0	0	0	0
NR_175553.1	GIN-41-MGE-S217	0	0	0	0	0	0	0	0	0
NR_175552.1	GIN-41-MGE-S217	0	0	0	0	0	0	0	0	0
NR_175551.1	GIN-41-MGE-S217	0	0	0	0	0	0	0	0	0
NR_175550.1	GIN-41-MGE-S217	0	0	0	0	0	0	0	0	0
NR_175549.1	GIN-41-MGE-S217	0	0	0	0	0	0	0	0	0
NR_175548.1	GIN-41-MGE-S217	0	0	0	0	0	0	0	0	0
NR_175547.1	GIN-41-MGE-S217	0	0	0	0	0	0	0	0	0
NR_175546.1	GIN-41-MGE-S217	0	0	0	0	0	0	0	0	0
NR_175545.1	GIN-41-MGE-S217	0	0	0	0	0	0	0	0	0
NR_175544.1	GIN-41-MGE-S217	0	0	0	0	0	0	0	0	0
NR_175543.1	GIN-41-MGE-S217	0	0	0	0	0	0	0	0	0
NR_175542.1	GIN-41-MGE-S217	0	0	0	0	0	0	0	0	0
NR_175541.1	GIN-41-MGE-S217	0	0	0	0	0	0	0	0	0
NR_175540.1	GIN-41-MGE-S217	0	0	0	0	0	0	0	0	0
NR_175539.1	GIN-41-MGE-S217	0	0	0	0	0	0	0	0	0
NR_175538.1	GIN-41-MGE-S217	0	0	0	0	0	0	0	0	0
NR_175537.1	GIN-41-MGE-S217	0	0	0	0	0	0	0	0	0
NR_175536.1	GIN-41-MGE-S217	0	0	0	0	0	0	0	0	0
NR_175535.1	GIN-41-MGE-S217	0	0	0	0	0	0	0	0	0
NR_175534.1	GIN-41-MGE-S217	0	0	0	0	0	0	0	0	0
NR_175533.1	GIN-41-MGE-S217	0	0	0	0	0	0	0	0	0
NR_175532.1	GIN-41-MGE-S217	0	0	0	0	0	0	0	0	0
NR_175531.1	GIN-41-MGE-S217	0	0	0	0	0	0	0	0	0
NR_175530.1	GIN-41-MGE-S217	0	0	0	0	0	0	0	0	0
NR_175529.1	GIN-41-MGE-S217	0	0	0	0	0	0	0	0	0
NR_175528.1	GIN-41-MGE-S217	0	0	0	0	0	0	0	0	0
NR_175527.1	GIN-41-MGE-S217	0	0	0	0	0	0	0	0	0
NR_175526.1	GIN-41-MGE-S217	0	0	0	0	0	0	0	0	0
NR_175525.1	GIN-41-MGE-S217	0	0	0	0	0	0	0	0	0
NR_175524.1	GIN-41-MGE-S217	0	0	0	0	0	0	0	0	0
NR_175523.1	GIN-41-MGE-S217	0	0	0	0	0	0	0	0	0
NR_175522.1	GIN-41-MGE-S217	0	0	0	0	0	0	0	0	0
NR_175521.1	GIN-41-MGE-S217	0	0	0	0	0	0	0	0	0
NR_175520.1	GIN-41-MGE-S217	0	0	0	0	0	0	0	0	0
NR_175519.1	GIN-41-MGE-S217	0	0	0	0	0	0	0	0	0
NR_175518.1	GIN-41-MGE-S217	0	0	0	0	0	0	0	0	0
NR_175517.1	GIN-41-MGE-S217	0	0	0	0	0	0	0	0	0
NR_175516.1	GIN-41-MGE-S217	0	0	0	0	0	0	0	0	0
NR_175515.1	GIN-41-MGE-S217	0	0	0	0	0	0	0	0	0
NR_175514.1	GIN-41-MGE-S217	0	0	0	0	0	0	0	0	0
NR_175513.1	GIN-41-MGE-S217	0	0	0	0	0	0	0	0	0
NR_175512.1	GIN-41-MGE-S217	0	0	0	0	0	0	0	0	0
NR_175511.1	GIN-41-MGE-S217	0	0	0	0	0	0	0	0	0
NR_175510.1	GIN-41-MGE-S217	0	0	0	0	0	0	0	0	0
NR_175509.1	GIN-41-MGE-S217	0	0	0	0	0	0	0	0	0
NR_175508.1	GIN-41-MGE-S217	0	0	0	0	0	0	0	0	0
NR_175507.1	GIN-41-MGE-S217	0	0	0	0	0	0	0	0	0
NR_175506.1	GIN-41-MGE-S217	0	0	0	0	0	0	0	0	0
NR_175505.1	GIN-41-MGE-S217	0	0	0	0	0	0	0	0	0
NR_175504.1	GIN-41-MGE-S217	0	0	0	0	0	0	0	0	0
NR_175503.1	GIN-41-MGE-S217	0	0	0	0	0	0	0	0	0
NR_175502.1	GIN-41-MGE-S217	0	0	0	0	0	0	0	0	0
NR_175501.1	GIN-41-MGE-S217	0	0	0	0	0	0	0	0	0
NR_175500.1	GIN-41-MGE-S217	0	0	0	0	0	0	0	0	0
NR_175499.1	GIN-41-MGE-S217	0	0	0	0	0	0	0	0	0
NR_175498.1	GIN-41-MGE-S217	0	0	0	0	0	0	0	0	0
NR_175497.1	GIN-41-MGE-S217	0	0	0	0	0	0	0	0	0
NR_175496.1	GIN-41-MGE-S217	0	0	0	0	0	0	0	0	0
NR_175495.1	GIN-41-MGE-S217	0	0	0	0	0	0	0	0	0
NR_175494.1	GIN-41-MGE-S217	0	0	0	0	0	0	0	0	0
NR_175493.1	GIN-41-MGE-S217	0	0	0	0	0	0	0	0	0
NR_175492.1	GIN-41-MGE-S217	0	0	0	0	0	0	0	0	0
NR_175491.1	GIN-41-MGE-S217	0	0	0	0	0	0	0	0	0
NR_175490.1	GIN-41-MGE-S217	0	0	0	0	0	0	0	0	0
NR_175489.1	GIN-41-MGE-S217	0	0	0	0	0	0	0	0	0
NR_175488.1	GIN-41-MGE-S217	0	0	0	0	0	0	0	0	0
NR_175487.1	GIN-41-MGE-S217	0	0	0	0	0	0	0	0	0
NR_175486.1	GIN-41-MGE-S217	0	0	0	0	0	0	0	0	0
NR_175485.1	GIN-41-MGE-S217	0	0	0	0	0	0	0	0	0
NR_175484.1	GIN-41-MGE-S217	0	0	0	0	0	0	0	0	0
NR_175483.1	GIN-41-MGE-S217	0	0	0	0	0	0	0	0	0
NR_175482.1	GIN-41-MGE-S217	0	0	0	0	0	0	0	0	0
NR_175481.1	GIN-41-MGE-S217	0	0	0	0	0	0	0	0	0
NR_175480.1	GIN-41-MGE-S217	0	0	0	0	0	0	0	0	0
NR_175479.1	GIN-41-MGE-S217	0	0	0	0	0	0	0	0	0
NR_175477.1	GIN-41-MGE-S217	0	0	0	0	0	0	0	0	0
NR_175476.1	GIN-41-MGE-S217	0	0	0	0	0	0	0	0	0
NR_175475.1	GIN-41-MGE-S217	0	0	0	0	0	0	0	0	0
NR_175474.1	GIN-41-MGE-S217	0	0	0	0	0	0	0	0	0
NR_175473.1	GIN-41-MGE-S217	0	0	0	0	0	0	0	0	0
NR_175472.1	GIN-41-MGE-S217	0	0	0	0	0	0	0	0	0
NR_175471.1	GIN-41-MGE-S217	0	0	0	0	0	0	0	0	0
NR_175470.1	GIN-41-MGE-S217	0	0	0	0	0	0	0	0	0
NR_175469.1	GIN-41-MGE-S217	0	0	0	0	0	0	0	0	0
NR_175468.1	GIN-41-MGE-S217	0	0	0	0	0	0	0	0	0
NR_175467.1	GIN-41-MGE-S217	0	0	0	0	0	0	0	0	0
NR_175466.1	GIN-41-MGE-S217	0	0	0	0	0	0	0	0	0
NR_175465.1	GIN-41-MGE-S217	0	0	0	0	0	0	0	0	0
NR_175464.1	GIN-41-MGE-S217	0	0	0	0	0	0	0	0	0
NR_175463.1	GIN-41-MGE-S217	0	0	0	0	0	0	0	0	0
NR_175462.1	GIN-41-MGE-S217	0	0	0	0	0	0	0	0	0
NR_175461.1	GIN-41-MGE-S217	0	0	0	0	0	0	0	0	0
NR_175460.1	GIN-41-MGE-S217	0	0	0	0	0	0	0	0	0
NR_175459.1	GIN-41-MGE-S217	0	0	0	0	0	0	0	0	0
NR_175458.1	GIN-41-MGE-S217	0	0	0	0	0	0	0	0	0
NR_175457.1	GIN-41-MGE-S217	0	0	0	0	0	0	0	0	0
NR_175456.1	GIN-41-MGE-S217	0	0	0	0	0	0	0	0	0
NR_175455.1	GIN-41-MGE-S217	0	0	0	0	0	0	0	0	0
NR_175454.1	GIN-41-MGE-S217	0	0	0	0	0	0	0	0	0
NR_175453.1	GIN-41-MGE-S217	0	0	0	0	0	0	0	0	0
NR_175452.1	GIN-41-MGE-S217	0	0	0	0	0	0	0	0	0
NR_175451.1	GIN-41-MGE-S217	0	0	0	0	0	0	0	0	0
NR_175450.1	GIN-41-MGE-S217	0	0	0	0	0	0	0	0	0
NR_175449.1	GIN-41-MGE-S217	0	0	0	0	0	0	0	0	0
NR_175448.1	GIN-41-MGE-S217	0	0	0	0	0	0	0	0	0
NR_175447.1	GIN-41-MGE-S217	0	0	0	0	0	0	0	0	0
NR_175446.1	GIN-41-MGE-S217	0	0	0	0	0	0	0	0	0
NR_175445.1	GIN-41-MGE-S217	0	0	0	0	0	0	0	0	0
NR_175444.1	GIN-41-MGE-S217	0	0	0	0	0	0	0	0	0
NR_175443.1	GIN-41-MGE-S217	0	0	0	0	0	0	0	0	0
NR_175442.1	GIN-41-MGE-S217	0	0	0	0	0	0	0	0	0
NR_175441.1	GIN-41-MGE-S217	0	0	0	0	0	0	0	0	0
NR_175440.1	GIN-41-MGE-S217	0	0	0	0	0	0	0	0	0
NR_175439.1	GIN-41-MGE-S217	0	0	0	0	0	0	0	0	0
NR_175438.1	GIN-41-MGE-S217	0	0	0	0	0	0	0	0	0
NR_175437.1	GIN-41-MGE-S217	0	0	0	0	0	0	0	0	0
NR_175436.1	GIN-41-MGE-S217	0	0	0	0	0	0	0	0	0
NR_175435.1	GIN-41-MGE-S217	0	0	0	0	0	0	0	0	0
NR_175434.1	GIN-41-MGE-S217	0	0	0	0	0	0	0	0	0
NR_175432.1	GIN-41-MGE-S217	0	0	0	0	0	0	0	0	0
NR_175431.1	GIN-41-MGE-S217	0	0	0	0	0	0	0	0	0
NR_175430.1	GIN-41-MGE-S217	0	0	0	0	0	0	0	0	0
NR_175429.1	GIN-41-MGE-S217	0	0	0	0	0	0	0	0	0
NR_175428.1	GIN-41-MGE-S217	0	0	0	0	0	0	0	0	0
NR_175427.1	GIN-41-MGE-S217	0	0	0	0	0	0	0	0	0
NR_175426.1	GIN-41-MGE-S217	0	0	0	0	0	0	0	0	0
NR_175425.1	GIN-41-MGE-S217	0	0	0	0	0	0	0	0	0
NR_175424.1	GIN-41-MGE-S217	0	0	0	0	0	0	0	0	0
NR_175423.1	GIN-41-MGE-S217	0	0	0	0	0	0	0	0	0
NR_175422.1	GIN-41-MGE-S217	0	0	0	0	0	0	0	0	0
NR_175421.1	GIN-41-MGE-S217	0	0	0	0	0	0	0	0	0
NR_175420.1	GIN-41-MGE-S217	0	0	0	0	0	0	0	0	0
NR_175419.1	GIN-41-MGE-S217	0	0	0	0	0	0	0	0	0
NR_175418.1	GIN-41-MGE-S217	0	0	0	0	0	0	0	0	0
NR_175417.1	GIN-41-MGE-S217	0	0	0	0	0	0	0	0	0
NR_175416.1	GIN-41-MGE-S217	0	0	0	0	0	0	0	0	0
NR_175415.1	GIN-41-MGE-S217	0	0	0	0	0	0	0	0	0
NR_175414.1	GIN-41-MGE-S217	0	0	0	0	0	0	0	0	0
NR_175413.1	GIN-41-MGE-S217	0	0	0	0	0	0	0	0	0
NR_175412.1	GIN-41-MGE-S217	0	0	0	0	0	0	0	0	0
NR_175411.1	GIN-41-MGE-S217	0	0	0	0	0	0	0	0	0
NR_175410.1	GIN-41-MGE-S217	0	0	0	0	0	0	0	0	0
NR_174239.1	GIN-41-MGE-S217	0	0	0	0	0	0	0	0	0
NR_172610.1	GIN-41-MGE-S217	0	0	0	0	0	0	0	0	0
NR_171531.1	GIN-41-MGE-S217	0	0	0	0	0	0	0	0	0
NR_171505.1	GIN-41-MGE-S217	0	0	0	0	0	0	0	0	0
NR_171466.1	GIN-41-MGE-S217	0	0	0	0	0	0	0	0	0
NR_171462.1	GIN-41-MGE-S217	0	0	0	0	0	0	0	0	0
NR_171459.1	GIN-41-MGE-S217	0	0	0	0	0	0	0	0	0
NR_171396.1	GIN-41-MGE-S217	0	0	0	0	0	0	0	0	0
NR_171395.1	GIN-41-MGE-S217	0	0	0	0	0	0	0	0	0
NR_171394.1	GIN-41-MGE-S217	0	0	0	0	0	0	0	0	0
NR_170538.1	GIN-41-MGE-S217	0	0	0	0	0	0	0	0	0
NR_170493.1	GIN-41-MGE-S217	0	0	0	0	0	0	0	0	0
NR_170423.1	GIN-41-MGE-S217	0	0	0	0	0	0	0	0	0
NR_170422.1	GIN-41-MGE-S217	0	0	0	0	0	0	0	0	0
NR_170421.1	GIN-41-MGE-S217	0	0	0	0	0	0	0	0	0
NR_170409.1	GIN-41-MGE-S217	0	0	0	0	0	0	0	0	0
NR_170397.1	GIN-41-MGE-S217	0	0	0	0	0	0	0	0	0
NR_169483.1	GIN-41-MGE-S217	0	0	0	0	0	0	0	0	0
NR_169479.1	GIN-41-MGE-S217	0	0	0	0	0	0	0	0	0
NR_169460.1	GIN-41-MGE-S217	0	0	0	0	0	0	0	0	0
NR_169444.1	GIN-41-MGE-S217	0	0	0	0	0	0	0	0	0
NR_169432.1	GIN-41-MGE-S217	0	0	0	0	0	0	0	0	0
NR_169419.1	GIN-41-MGE-S217	0	0	0	0	0	0	0	0	0
NR_169410.1	GIN-41-MGE-S217	0	0	0	0	0	0	0	0	0
NR_169381.1	GIN-41-MGE-S217	0	0	0	0	0	0	0	0	0
NR_169364.1	GIN-41-MGE-S217	0	0	0	0	0	0	0	0	0
NR_165780.1	GIN-41-MGE-S217	0	0	0	0	0	0	0	0	0
NR_165775.1	GIN-41-MGE-S217	0	0	0	0	0	0	0	0	0
NR_165768.1	GIN-41-MGE-S217	0	0	0	0	0	0	0	0	0
NR_165767.1	GIN-41-MGE-S217	0	0	0	0	0	0	0	0	0
NR_165758.1	GIN-41-MGE-S217	0	0	0	0	0	0	0	0	0
NR_165746.1	GIN-41-MGE-S217	0	0	0	0	0	0	0	0	0
NR_165745.1	GIN-41-MGE-S217	0	0	0	0	0	0	0	0	0
NR_165729.1	GIN-41-MGE-S217	0	0	0	0	0	0	0	0	0
NR_165728.1	GIN-41-MGE-S217	0	0	0	0	0	0	0	0	0
NR_165723.1	GIN-41-MGE-S217	0	0	0	0	0	0	0	0	0
NR_164996.1	GIN-41-MGE-S217	0	0	0	0	0	0	0	0	0
NR_164961.1	GIN-41-MGE-S217	0	0	0	0	0	0	0	0	0
NR_164932.1	GIN-41-MGE-S217	0	0	0	0	0	0	0	0	0
NR_164921.1	GIN-41-MGE-S217	0	0	0	0	0	0	0	0	0
NR_163659.1	GIN-41-MGE-S217	0	0	0	0	0	0	0	0	0
NR_163643.1	GIN-41-MGE-S217	0	0	0	0	0	0	0	0	0
NR_163641.1	GIN-41-MGE-S217	0	0	0	0	0	0	0	0	0
NR_159922.1	GIN-41-MGE-S217	0	0	0	0	0	0	0	0	0
NR_159918.1	GIN-41-MGE-S217	0	0	0	0	0	0	0	0	0
NR_159913.1	GIN-41-MGE-S217	0	0	0	0	0	0	0	0	0
NR_159904.1	GIN-41-MGE-S217	0	0	0	0	0	0	0	0	0
NR_159341.1	GIN-41-MGE-S217	0	0	0	0	0	0	0	0	0
NR_159290.1	GIN-41-MGE-S217	0	0	0	0	0	0	0	0	0
NR_159256.1	GIN-41-MGE-S217	0	0	0	0	0	0	0	0	0
NR_159252.1	GIN-41-MGE-S217	0	0	0	0	0	0	0	0	0
NR_159251.1	GIN-41-MGE-S217	0	0	0	0	0	0	0	0	0
NR_159245.1	GIN-41-MGE-S217	0	0	0	0	0	0	0	0	0
NR_159230.1	GIN-41-MGE-S217	0	0	0	0	0	0	0	0	0
NR_159191.1	GIN-41-MGE-S217	0	0	0	0	0	0	0	0	0
NR_159169.1	GIN-41-MGE-S217	0	0	0	0	0	0	0	0	0
NR_159148.1	GIN-41-MGE-S217	0	0	0	0	0	0	0	0	0
NR_159143.1	GIN-41-MGE-S217	0	0	0	0	0	0	0	0	0
NR_159110.1	GIN-41-MGE-S217	0	0	0	0	0	0	0	0	0
NR_159102.1	GIN-41-MGE-S217	0	0	0	0	0	0	0	0	0
NR_159092.1	GIN-41-MGE-S217	0	0	0	0	0	0	0	0	0
NR_159087.1	GIN-41-MGE-S217	0	0	0	0	0	0	0	0	0
NR_159082.1	GIN-41-MGE-S217	0	0	0	0	0	0	0	0	0
NR_158146.1	GIN-41-MGE-S217	0	0	0	0	0	0	0	0	0
NR_158128.1	GIN-41-MGE-S217	0	0	0	0	0	0	0	0	0
NR_158115.1	GIN-41-MGE-S217	0	0	0	0	0	0	0	0	0
NR_158108.1	GIN-41-MGE-S217	0	0	0	0	0	0	0	0	0
NR_158107.1	GIN-41-MGE-S217	0	0	0	0	0	0	0	0	0
NR_158101.1	GIN-41-MGE-S217	0	0	0	0	0	0	0	0	0
NR_158077.1	GIN-41-MGE-S217	0	0	0	0	0	0	0	0	0
NR_158063.1	GIN-41-MGE-S217	0	0	0	0	0	0	0	0	0
NR_158060.1	GIN-41-MGE-S217	0	0	0	0	0	0	0	0	0
NR_158059.1	GIN-41-MGE-S217	0	0	0	0	0	0	0	0	0
NR_158045.1	GIN-41-MGE-S217	0	0	0	0	0	0	0	0	0
NR_158036.1	GIN-41-MGE-S217	0	0	0	0	0	0	0	0	0
NR_158030.1	GIN-41-MGE-S217	0	0	0	0	0	0	0	0	0
NR_158029.1	GIN-41-MGE-S217	0	0	0	0	0	0	0	0	0
NR_158021.1	GIN-41-MGE-S217	0	0	0	0	0	0	0	0	0
NR_157983.1	GIN-41-MGE-S217	0	0	0	0	0	0	0	0	0
NR_157793.1	GIN-41-MGE-S217	0	0	0	0	0	0	0	0	0
NR_157784.1	GIN-41-MGE-S217	0	0	0	0	0	0	0	0	0
NR_157783.1	GIN-41-MGE-S217	0	0	0	0	0	0	0	0	0
NR_157782.1	GIN-41-MGE-S217	0	0	0	0	0	0	0	0	0
NR_157776.1	GIN-41-MGE-S217	0	0	0	0	0	0	0	0	0
NR_157761.1	GIN-41-MGE-S217	0	0	0	0	0	0	0	0	0
NR_157747.1	GIN-41-MGE-S217	0	0	0	0	0	0	0	0	0
NR_157745.1	GIN-41-MGE-S217	0	0	0	0	0	0	0	0	0
NR_157737.1	GIN-41-MGE-S217	0	0	0	0	0	0	0	0	0
NR_157669.1	GIN-41-MGE-S217	0	0	0	0	0	0	0	0	0
NR_157636.1	GIN-41-MGE-S217	0	0	0	0	0	0	0	0	0
NR_157014.1	GIN-41-MGE-S217	0	0	0	0	0	0	0	0	0
NR_156990.1	GIN-41-MGE-S217	0	0	0	0	0	0	0	0	0
NR_156957.1	GIN-41-MGE-S217	0	0	0	0	0	0	0	0	0
NR_156936.1	GIN-41-MGE-S217	0	0	0	0	0	0	0	0	0
NR_156908.1	GIN-41-MGE-S217	0	0	0	0	0	0	0	0	0
NR_156906.1	GIN-41-MGE-S217	0	0	0	0	0	0	0	0	0
NR_156900.1	GIN-41-MGE-S217	0	0	0	0	0	0	0	0	0
NR_156853.1	GIN-41-MGE-S217	0	0	0	0	0	0	0	0	0
NR_156833.1	GIN-41-MGE-S217	0	0	0	0	0	0	0	0	0
NR_156823.1	GIN-41-MGE-S217	0	0	0	0	0	0	0	0	0
NR_156812.1	GIN-41-MGE-S217	0	0	0	0	0	0	0	0	0
NR_156147.1	GIN-41-MGE-S217	0	0	0	0	0	0	0	0	0
NR_156133.1	GIN-41-MGE-S217	0	0	0	0	0	0	0	0	0
NR_156100.1	GIN-41-MGE-S217	0	0	0	0	0	0	0	0	0
NR_156071.1	GIN-41-MGE-S217	0	0	0	0	0	0	0	0	0
NR_156046.1	GIN-41-MGE-S217	0	0	0	0	0	0	0	0	0
NR_156041.1	GIN-41-MGE-S217	0	0	0	0	0	0	0	0	0
NR_153743.1	GIN-41-MGE-S217	0	0	0	0	0	0	0	0	0
NR_153733.1	GIN-41-MGE-S217	0	0	0	0	0	0	0	0	0
NR_153713.1	GIN-41-MGE-S217	0	0	0	0	0	0	0	0	0
NR_152706.1	GIN-41-MGE-S217	0	0	0	0	0	0	0	0	0
NR_152696.1	GIN-41-MGE-S217	0	0	0	0	0	0	0	0	0
NR_152684.1	GIN-41-MGE-S217	0	0	0	0	0	0	0	0	0
NR_152682.1	GIN-41-MGE-S217	0	0	0	0	0	0	0	0	0
NR_152681.1	GIN-41-MGE-S217	0	0	0	0	0	0	0	0	0
NR_152680.1	GIN-41-MGE-S217	0	0	0	0	0	0	0	0	0
NR_152090.1	GIN-41-MGE-S217	0	0	0	0	0	0	0	0	0
NR_152077.1	GIN-41-MGE-S217	0	0	0	0	0	0	0	0	0
NR_152071.1	GIN-41-MGE-S217	0	0	0	0	0	0	0	0	0
NR_152050.1	GIN-41-MGE-S217	0	0	0	0	0	0	0	0	0
NR_152042.1	GIN-41-MGE-S217	0	0	0	0	0	0	0	0	0
NR_152039.1	GIN-41-MGE-S217	0	0	0	0	0	0	0	0	0
NR_151999.1	GIN-41-MGE-S217	0	0	0	0	0	0	0	0	0
NR_151990.1	GIN-41-MGE-S217	0	0	0	0	0	0	0	0	0
NR_151989.1	GIN-41-MGE-S217	0	0	0	0	0	0	0	0	0
NR_151979.1	GIN-41-MGE-S217	0	0	0	0	0	0	0	0	0
NR_151974.1	GIN-41-MGE-S217	0	0	0	0	0	0	0	0	0
NR_151954.1	GIN-41-MGE-S217	0	0	0	0	0	0	0	0	0
NR_151943.1	GIN-41-MGE-S217	0	0	0	0	0	0	0	0	0
NR_151929.1	GIN-41-MGE-S217	0	0	0	0	0	0	0	0	0
NR_151912.1	GIN-41-MGE-S217	0	0	0	0	0	0	0	0	0
NR_151911.1	GIN-41-MGE-S217	0	0	0	0	0	0	0	0	0
NR_151899.1	GIN-41-MGE-S217	0	0	0	0	0	0	0	0	0
NR_151868.1	GIN-41-MGE-S217	0	0	0	0	0	0	0	0	0
NR_134842.2	GIN-41-MGE-S217	0	0	0	0	0	0	0	0	0
NR_074469.2	GIN-41-MGE-S217	0	0	0	0	0	0	0	0	0
NR_074999.2	GIN-41-MGE-S217	0	0	0	0	0	0	0	0	0
NR_136828.2	GIN-41-MGE-S217	0	0	0	0	0	0	0	0	0
NR_028945.2	GIN-41-MGE-S217	0	0	0	0	0	0	0	0	0
NR_036946.2	GIN-41-MGE-S217	0	0	0	0	0	0	0	0	0
NR_044704.2	GIN-41-MGE-S217	0	0	0	0	0	0	0	0	0
NR_102850.2	GIN-41-MGE-S217	0	0	0	0	0	0	0	0	0
NR_102886.2	GIN-41-MGE-S217	0	0	0	0	0	0	0	0	0
NR_136480.2	GIN-41-MGE-S217	0	0	0	0	0	0	0	0	0
NR_137349.2	GIN-41-MGE-S217	0	0	0	0	0	0	0	0	0
NR_146362.2	GIN-41-MGE-S217	0	0	0	0	0	0	0	0	0
NR_146667.2	GIN-41-MGE-S217	0	0	0	0	0	0	0	0	0
NR_102770.2	GIN-41-MGE-S217	0	0	0	0	0	0	0	0	0
NR_149781.1	GIN-41-MGE-S217	0	0	0	0	0	0	0	0	0
NR_149779.1	GIN-41-MGE-S217	0	0	0	0	0	0	0	0	0
NR_149294.1	GIN-41-MGE-S217	0	0	0	0	0	0	0	0	0
NR_149288.1	GIN-41-MGE-S217	0	0	0	0	0	0	0	0	0
NR_149252.1	GIN-41-MGE-S217	0	0	0	0	0	0	0	0	0
NR_149227.1	GIN-41-MGE-S217	0	0	0	0	0	0	0	0	0
NR_149186.1	GIN-41-MGE-S217	0	0	0	0	0	0	0	0	0
NR_149177.1	GIN-41-MGE-S217	0	0	0	0	0	0	0	0	0
NR_148653.1	GIN-41-MGE-S217	0	0	0	0	0	0	0	0	0
NR_148641.1	GIN-41-MGE-S217	0	0	0	0	0	0	0	0	0
NR_148627.1	GIN-41-MGE-S217	0	0	0	0	0	0	0	0	0
NR_148626.1	GIN-41-MGE-S217	0	0	0	0	0	0	0	0	0
NR_148600.1	GIN-41-MGE-S217	0	0	0	0	0	0	0	0	0
NR_148597.1	GIN-41-MGE-S217	0	0	0	0	0	0	0	0	0
NR_148578.1	GIN-41-MGE-S217	1	1	0	0	0	0	0	0	0
NR_148289.1	GIN-41-MGE-S217	0	0	0	0	0	0	0	0	0
NR_148263.1	GIN-41-MGE-S217	0	0	0	0	0	0	0	0	0
NR_148261.1	GIN-41-MGE-S217	0	0	0	0	0	0	0	0	0
NR_147740.1	GIN-41-MGE-S217	0	0	0	0	0	0	0	0	0
NR_147734.1	GIN-41-MGE-S217	0	0	0	0	0	0	0	0	0
NR_147711.1	GIN-41-MGE-S217	0	0	0	0	0	0	0	0	0
NR_147709.1	GIN-41-MGE-S217	0	0	0	0	0	0	0	0	0
NR_147402.1	GIN-41-MGE-S217	0	0	0	0	0	0	0	0	0
NR_147374.1	GIN-41-MGE-S217	0	0	0	0	0	0	0	0	0
NR_146819.1	GIN-41-MGE-S217	0	0	0	0	0	0	0	0	0
NR_146818.1	GIN-41-MGE-S217	0	0	0	0	0	0	0	0	0
NR_146682.1	GIN-41-MGE-S217	0	0	0	0	0	0	0	0	0
NR_146666.1	GIN-41-MGE-S217	0	0	0	0	0	0	0	0	0
NR_146661.1	GIN-41-MGE-S217	0	0	0	0	0	0	0	0	0
NR_146371.1	GIN-41-MGE-S217	0	0	0	0	0	0	0	0	0
NR_146035.1	GIN-41-MGE-S217	0	0	0	0	0	0	0	0	0
NR_146034.1	GIN-41-MGE-S217	0	0	0	0	0	0	0	0	0
NR_146012.1	GIN-41-MGE-S217	0	0	0	0	0	0	0	0	0
NR_146009.1	GIN-41-MGE-S217	0	0	0	0	0	0	0	0	0
NR_146005.1	GIN-41-MGE-S217	0	0	0	0	0	0	0	0	0
NR_145943.1	GIN-41-MGE-S217	0	0	0	0	0	0	0	0	0
NR_145934.1	GIN-41-MGE-S217	0	0	0	0	0	0	0	0	0
NR_145899.1	GIN-41-MGE-S217	0	0	0	0	0	0	0	0	0
NR_145895.1	GIN-41-MGE-S217	0	0	0	0	0	0	0	0	0
NR_145888.1	GIN-41-MGE-S217	0	0	0	0	0	0	0	0	0
NR_145886.1	GIN-41-MGE-S217	0	0	0	0	0	0	0	0	0
NR_145875.1	GIN-41-MGE-S217	0	0	0	0	0	0	0	0	0
NR_145872.1	GIN-41-MGE-S217	0	0	0	0	0	0	0	0	0
NR_145858.1	GIN-41-MGE-S217	0	0	0	0	0	0	0	0	0
NR_145857.1	GIN-41-MGE-S217	0	0	0	0	0	0	0	0	0
NR_145856.1	GIN-41-MGE-S217	0	0	0	0	0	0	0	0	0
NR_145855.1	GIN-41-MGE-S217	0	0	0	0	0	0	0	0	0
NR_145854.1	GIN-41-MGE-S217	0	0	0	0	0	0	0	0	0
NR_145853.1	GIN-41-MGE-S217	0	0	0	0	0	0	0	0	0
NR_145852.1	GIN-41-MGE-S217	0	0	0	0	0	0	0	0	0
NR_145851.1	GIN-41-MGE-S217	0	0	0	0	0	0	0	0	0
NR_145665.1	GIN-41-MGE-S217	0	0	0	0	0	0	0	0	0
NR_145652.1	GIN-41-MGE-S217	0	0	0	0	0	0	0	0	0
NR_145638.1	GIN-41-MGE-S217	0	0	0	0	0	0	0	0	0
NR_145633.1	GIN-41-MGE-S217	0	0	0	0	0	0	0	0	0
NR_145585.1	GIN-41-MGE-S217	0	0	0	0	0	0	0	0	0
NR_145580.1	GIN-41-MGE-S217	0	0	0	0	0	0	0	0	0
NR_145578.1	GIN-41-MGE-S217	0	0	0	0	0	0	0	0	0
NR_144738.1	GIN-41-MGE-S217	0	0	0	0	0	0	0	0	0
NR_144736.1	GIN-41-MGE-S217	0	0	0	0	0	0	0	0	0
NR_144699.1	GIN-41-MGE-S217	0	0	0	0	0	0	0	0	0
NR_144609.1	GIN-41-MGE-S217	0	0	0	0	0	0	0	0	0
NR_144598.1	GIN-41-MGE-S217	0	0	0	0	0	0	0	0	0
NR_144578.1	GIN-41-MGE-S217	0	0	0	0	0	0	0	0	0
NR_137386.1	GIN-41-MGE-S217	0	0	0	0	0	0	0	0	0
NR_137379.1	GIN-41-MGE-S217	0	0	0	0	0	0	0	0	0
NR_137360.1	GIN-41-MGE-S217	0	0	0	0	0	0	0	0	0
NR_137223.1	GIN-41-MGE-S217	0	0	0	0	0	0	0	0	0
NR_137211.1	GIN-41-MGE-S217	0	0	0	0	0	0	0	0	0
NR_137210.1	GIN-41-MGE-S217	0	0	0	0	0	0	0	0	0
NR_136872.1	GIN-41-MGE-S217	0	0	0	0	0	0	0	0	0
NR_136871.1	GIN-41-MGE-S217	0	0	0	0	0	0	0	0	0
NR_136830.1	GIN-41-MGE-S217	0	0	0	0	0	0	0	0	0
NR_136827.1	GIN-41-MGE-S217	0	0	0	0	0	0	0	0	0
NR_136821.1	GIN-41-MGE-S217	0	0	0	0	0	0	0	0	0
NR_136792.1	GIN-41-MGE-S217	0	0	0	0	0	0	0	0	0
NR_136786.1	GIN-41-MGE-S217	0	0	0	0	0	0	0	0	0
NR_136785.1	GIN-41-MGE-S217	0	0	0	0	0	0	0	0	0
NR_136782.1	GIN-41-MGE-S217	0	0	0	0	0	0	0	0	0
NR_136775.1	GIN-41-MGE-S217	0	0	0	0	0	0	0	0	0
NR_136774.1	GIN-41-MGE-S217	0	0	0	0	0	0	0	0	0
NR_136765.1	GIN-41-MGE-S217	0	0	0	0	0	0	0	0	0
NR_136482.1	GIN-41-MGE-S217	0	0	0	0	0	0	0	0	0
NR_136464.1	GIN-41-MGE-S217	0	0	0	0	0	0	0	0	0
NR_136461.1	GIN-41-MGE-S217	0	0	0	0	0	0	0	0	0
NR_136452.1	GIN-41-MGE-S217	0	0	0	0	0	0	0	0	0
NR_136434.1	GIN-41-MGE-S217	0	0	0	0	0	0	0	0	0
NR_136420.1	GIN-41-MGE-S217	0	0	0	0	0	0	0	0	0
NR_135903.1	GIN-41-MGE-S217	0	0	0	0	0	0	0	0	0
NR_135898.1	GIN-41-MGE-S217	0	0	0	0	0	0	0	0	0
NR_135897.1	GIN-41-MGE-S217	0	0	0	0	0	0	0	0	0
NR_135873.1	GIN-41-MGE-S217	0	0	0	0	0	0	0	0	0
NR_135864.1	GIN-41-MGE-S217	0	0	0	0	0	0	0	0	0
NR_135732.1	GIN-41-MGE-S217	0	0	0	0	0	0	0	0	0
NR_135719.1	GIN-41-MGE-S217	0	0	0	0	0	0	0	0	0
NR_134813.1	GIN-41-MGE-S217	0	0	0	0	0	0	0	0	0
NR_134798.1	GIN-41-MGE-S217	0	0	0	0	0	0	0	0	0
NR_134781.1	GIN-41-MGE-S217	0	0	0	0	0	0	0	0	0
NR_134751.1	GIN-41-MGE-S217	0	0	0	0	0	0	0	0	0
NR_134715.1	GIN-41-MGE-S217	0	0	0	0	0	0	0	0	0
NR_134708.1	GIN-41-MGE-S217	0	0	0	0	0	0	0	0	0
NR_134702.1	GIN-41-MGE-S217	0	0	0	0	0	0	0	0	0
NR_134701.1	GIN-41-MGE-S217	0	0	0	0	0	0	0	0	0
NR_134699.1	GIN-41-MGE-S217	0	0	0	0	0	0	0	0	0
NR_134693.1	GIN-41-MGE-S217	0	0	0	0	0	0	0	0	0
NR_134686.1	GIN-41-MGE-S217	0	0	0	0	0	0	0	0	0
NR_134154.1	GIN-41-MGE-S217	0	0	0	0	0	0	0	0	0
NR_134142.1	GIN-41-MGE-S217	0	0	0	0	0	0	0	0	0
NR_134141.1	GIN-41-MGE-S217	0	0	0	0	0	0	0	0	0
NR_134140.1	GIN-41-MGE-S217	0	0	0	0	0	0	0	0	0
NR_134139.1	GIN-41-MGE-S217	0	0	0	0	0	0	0	0	0
NR_134126.1	GIN-41-MGE-S217	0	0	0	0	0	0	0	0	0
NR_134108.1	GIN-41-MGE-S217	0	0	0	0	0	0	0	0	0
NR_134066.1	GIN-41-MGE-S217	0	0	0	0	0	0	0	0	0
NR_134065.1	GIN-41-MGE-S217	0	0	0	0	0	0	0	0	0
NR_134060.1	GIN-41-MGE-S217	0	0	0	0	0	0	0	0	0
NR_134028.1	GIN-41-MGE-S217	0	0	0	0	0	0	0	0	0
NR_134025.1	GIN-41-MGE-S217	0	0	0	0	0	0	0	0	0
NR_133980.1	GIN-41-MGE-S217	0	0	0	0	0	0	0	0	0
NR_133979.1	GIN-41-MGE-S217	0	0	0	0	0	0	0	0	0
NR_133978.1	GIN-41-MGE-S217	0	0	0	0	0	0	0	0	0
NR_133977.1	GIN-41-MGE-S217	0	0	0	0	0	0	0	0	0
NR_133976.1	GIN-41-MGE-S217	0	0	0	0	0	0	0	0	0
NR_133975.1	GIN-41-MGE-S217	0	0	0	0	0	0	0	0	0
NR_133974.1	GIN-41-MGE-S217	0	0	0	0	0	0	0	0	0
NR_133960.1	GIN-41-MGE-S217	0	0	0	0	0	0	0	0	0
NR_133888.1	GIN-41-MGE-S217	0	0	0	0	0	0	0	0	0
NR_133883.1	GIN-41-MGE-S217	0	0	0	0	0	0	0	0	0
NR_133843.1	GIN-41-MGE-S217	0	0	0	0	0	0	0	0	0
NR_133842.1	GIN-41-MGE-S217	0	0	0	0	0	0	0	0	0
NR_133778.1	GIN-41-MGE-S217	0	0	0	0	0	0	0	0	0
NR_133776.1	GIN-41-MGE-S217	0	0	0	0	0	0	0	0	0
NR_133748.1	GIN-41-MGE-S217	0	0	0	0	0	0	0	0	0
NR_133738.1	GIN-41-MGE-S217	0	0	0	0	0	0	0	0	0
NR_133736.1	GIN-41-MGE-S217	0	0	0	0	0	0	0	0	0
NR_133734.1	GIN-41-MGE-S217	0	0	0	0	0	0	0	0	0
NR_133728.1	GIN-41-MGE-S217	0	0	0	0	0	0	0	0	0
NR_133711.1	GIN-41-MGE-S217	0	0	0	0	0	0	0	0	0
NR_133702.1	GIN-41-MGE-S217	0	0	0	0	0	0	0	0	0
NR_133701.1	GIN-41-MGE-S217	0	0	0	0	0	0	0	0	0
NR_133693.1	GIN-41-MGE-S217	0	0	0	0	0	0	0	0	0
NR_133025.1	GIN-41-MGE-S217	0	0	0	0	0	0	0	0	0
NR_132693.1	GIN-41-MGE-S217	0	0	0	0	0	0	0	0	0
NR_132682.1	GIN-41-MGE-S217	0	0	0	0	0	0	0	0	0
NR_132669.1	GIN-41-MGE-S217	0	0	0	0	0	0	0	0	0
NR_132607.1	GIN-41-MGE-S217	0	0	0	0	0	0	0	0	0
NR_132297.1	GIN-41-MGE-S217	0	0	0	0	0	0	0	0	0
NR_132290.1	GIN-41-MGE-S217	0	0	0	0	0	0	0	0	0
NR_132286.1	GIN-41-MGE-S217	0	0	0	0	0	0	0	0	0
NR_132281.1	GIN-41-MGE-S217	0	0	0	0	0	0	0	0	0
NR_126296.1	GIN-41-MGE-S217	0	0	0	0	0	0	0	0	0
NR_126268.1	GIN-41-MGE-S217	0	0	0	0	0	0	0	0	0
NR_126266.1	GIN-41-MGE-S217	0	0	0	0	0	0	0	0	0
NR_126255.1	GIN-41-MGE-S217	0	0	0	0	0	0	0	0	0
NR_126249.1	GIN-41-MGE-S217	0	0	0	0	0	0	0	0	0
NR_126248.1	GIN-41-MGE-S217	0	0	0	0	0	0	0	0	0
NR_126247.1	GIN-41-MGE-S217	0	0	0	0	0	0	0	0	0
NR_126239.1	GIN-41-MGE-S217	0	0	0	0	0	0	0	0	0
NR_126210.1	GIN-41-MGE-S217	0	0	0	0	0	0	0	0	0
NR_126202.1	GIN-41-MGE-S217	0	0	0	0	0	0	0	0	0
NR_126193.1	GIN-41-MGE-S217	0	0	0	0	0	0	0	0	0
NR_114790.2	GIN-41-MGE-S217	0	0	0	0	0	0	0	0	0
NR_125708.1	GIN-41-MGE-S217	0	0	0	0	0	0	0	0	0
NR_125691.1	GIN-41-MGE-S217	0	0	0	0	0	0	0	0	0
NR_125648.1	GIN-41-MGE-S217	0	0	0	0	0	0	0	0	0
NR_125647.1	GIN-41-MGE-S217	0	0	0	0	0	0	0	0	0
NR_125632.1	GIN-41-MGE-S217	0	0	0	0	0	0	0	0	0
NR_125608.1	GIN-41-MGE-S217	0	0	0	0	0	0	0	0	0
NR_125600.1	GIN-41-MGE-S217	0	0	0	0	0	0	0	0	0
NR_125590.1	GIN-41-MGE-S217	0	0	0	0	0	0	0	0	0
NR_125584.1	GIN-41-MGE-S217	0	0	0	0	0	0	0	0	0
NR_125575.1	GIN-41-MGE-S217	0	0	0	0	0	0	0	0	0
NR_125565.1	GIN-41-MGE-S217	0	0	0	0	0	0	0	0	0
NR_125563.1	GIN-41-MGE-S217	0	0	0	0	0	0	0	0	0
NR_125562.1	GIN-41-MGE-S217	0	0	0	0	0	0	0	0	0
NR_125561.1	GIN-41-MGE-S217	0	0	0	0	0	0	0	0	0
NR_125557.1	GIN-41-MGE-S217	0	0	0	0	0	0	0	0	0
NR_125549.1	GIN-41-MGE-S217	0	0	0	0	0	0	0	0	0
NR_125473.1	GIN-41-MGE-S217	0	0	0	0	0	0	0	0	0
NR_125457.1	GIN-41-MGE-S217	0	0	0	0	0	0	0	0	0
NR_122091.1	GIN-41-MGE-S217	0	0	0	0	0	0	0	0	0
NR_122088.1	GIN-41-MGE-S217	0	0	0	0	0	0	0	0	0
NR_121715.1	GIN-41-MGE-S217	0	0	0	0	0	0	0	0	0
NR_121705.1	GIN-41-MGE-S217	0	0	0	0	0	0	0	0	0
NR_119370.1	GIN-41-MGE-S217	0	0	0	0	0	0	0	0	0
NR_119275.1	GIN-41-MGE-S217	0	0	0	0	0	0	0	0	0
NR_119245.1	GIN-41-MGE-S217	0	0	0	0	0	0	0	0	0
NR_119232.1	GIN-41-MGE-S217	0	0	0	0	0	0	0	0	0
NR_119157.1	GIN-41-MGE-S217	0	0	0	0	0	0	0	0	0
NR_119110.1	GIN-41-MGE-S217	0	0	0	0	0	0	0	0	0
NR_119070.1	GIN-41-MGE-S217	0	0	0	0	0	0	0	0	0
NR_119069.1	GIN-41-MGE-S217	0	0	0	0	0	0	0	0	0
NR_119068.1	GIN-41-MGE-S217	0	0	0	0	0	0	0	0	0
NR_119015.1	GIN-41-MGE-S217	0	0	0	0	0	0	0	0	0
NR_119012.1	GIN-41-MGE-S217	0	0	0	0	0	0	0	0	0
NR_119011.1	GIN-41-MGE-S217	0	0	0	0	0	0	0	0	0
NR_118986.1	GIN-41-MGE-S217	0	0	0	0	0	0	0	0	0
NR_118978.1	GIN-41-MGE-S217	0	0	0	0	0	0	0	0	0
NR_118977.1	GIN-41-MGE-S217	0	0	0	0	0	0	0	0	0
NR_118976.1	GIN-41-MGE-S217	0	0	0	0	0	0	0	0	0
NR_118975.1	GIN-41-MGE-S217	0	0	0	0	0	0	0	0	0
NR_118974.1	GIN-41-MGE-S217	0	0	0	0	0	0	0	0	0
NR_118973.1	GIN-41-MGE-S217	0	0	0	0	0	0	0	0	0
NR_118967.1	GIN-41-MGE-S217	0	0	0	0	0	0	0	0	0
NR_118966.1	GIN-41-MGE-S217	0	0	0	0	0	0	0	0	0
NR_118962.1	GIN-41-MGE-S217	0	0	0	0	0	0	0	0	0
NR_118955.1	GIN-41-MGE-S217	0	0	0	0	0	0	0	0	0
NR_118954.1	GIN-41-MGE-S217	0	0	0	0	0	0	0	0	0
NR_118951.1	GIN-41-MGE-S217	0	0	0	0	0	0	0	0	0
NR_118950.1	GIN-41-MGE-S217	0	0	0	0	0	0	0	0	0
NR_118949.1	GIN-41-MGE-S217	0	0	0	0	0	0	0	0	0
NR_118948.1	GIN-41-MGE-S217	0	0	0	0	0	0	0	0	0
NR_118913.1	GIN-41-MGE-S217	0	0	0	0	0	0	0	0	0
NR_118838.1	GIN-41-MGE-S217	0	0	0	0	0	0	0	0	0
NR_118835.1	GIN-41-MGE-S217	0	0	0	0	0	0	0	0	0
NR_118833.1	GIN-41-MGE-S217	0	0	0	0	0	0	0	0	0
NR_118832.1	GIN-41-MGE-S217	0	0	0	0	0	0	0	0	0
NR_118829.1	GIN-41-MGE-S217	0	0	0	0	0	0	0	0	0
NR_118811.1	GIN-41-MGE-S217	0	0	0	0	0	0	0	0	0
NR_118791.1	GIN-41-MGE-S217	0	0	0	0	0	0	0	0	0
NR_118756.1	GIN-41-MGE-S217	0	0	0	0	0	0	0	0	0
NR_118711.1	GIN-41-MGE-S217	0	0	0	0	0	0	0	0	0
NR_118673.1	GIN-41-MGE-S217	0	0	0	0	0	0	0	0	0
NR_118636.1	GIN-41-MGE-S217	0	0	0	0	0	0	0	0	0
NR_118616.1	GIN-41-MGE-S217	0	0	0	0	0	0	0	0	0
NR_118566.1	GIN-41-MGE-S217	0	0	0	0	0	0	0	0	0
NR_118533.1	GIN-41-MGE-S217	0	0	0	0	0	0	0	0	0
NR_118509.1	GIN-41-MGE-S217	0	0	0	0	0	0	0	0	0
NR_118471.1	GIN-41-MGE-S217	0	0	0	0	0	0	0	0	0
NR_118464.1	GIN-41-MGE-S217	0	0	0	0	0	0	0	0	0
NR_118461.1	GIN-41-MGE-S217	0	0	0	0	0	0	0	0	0
NR_118446.1	GIN-41-MGE-S217	0	0	0	0	0	0	0	0	0
NR_118445.1	GIN-41-MGE-S217	0	0	0	0	0	0	0	0	0
NR_118442.1	GIN-41-MGE-S217	0	0	0	0	0	0	0	0	0
NR_118440.1	GIN-41-MGE-S217	0	0	0	0	0	0	0	0	0
NR_118437.1	GIN-41-MGE-S217	0	0	0	0	0	0	0	0	0
NR_118419.1	GIN-41-MGE-S217	0	0	0	0	0	0	0	0	0
NR_118418.1	GIN-41-MGE-S217	0	0	0	0	0	0	0	0	0
NR_118417.1	GIN-41-MGE-S217	0	0	0	0	0	0	0	0	0
NR_118416.1	GIN-41-MGE-S217	0	0	0	0	0	0	0	0	0
NR_118415.1	GIN-41-MGE-S217	0	0	0	0	0	0	0	0	0
NR_118414.1	GIN-41-MGE-S217	0	0	0	0	0	0	0	0	0
NR_118413.1	GIN-41-MGE-S217	0	0	0	0	0	0	0	0	0
NR_118412.1	GIN-41-MGE-S217	0	0	0	0	0	0	0	0	0
NR_118382.1	GIN-41-MGE-S217	0	0	0	0	0	0	0	0	0
NR_118338.1	GIN-41-MGE-S217	0	0	0	0	0	0	0	0	0
NR_118242.1	GIN-41-MGE-S217	0	0	0	0	0	0	0	0	0
NR_118240.1	GIN-41-MGE-S217	0	0	0	0	0	0	0	0	0
NR_118178.1	GIN-41-MGE-S217	0	0	0	0	0	0	0	0	0
NR_118177.1	GIN-41-MGE-S217	0	0	0	0	0	0	0	0	0
NR_118141.1	GIN-41-MGE-S217	0	0	0	0	0	0	0	0	0
NR_118131.1	GIN-41-MGE-S217	0	0	0	0	0	0	0	0	0
NR_118128.1	GIN-41-MGE-S217	0	0	0	0	0	0	0	0	0
NR_118124.1	GIN-41-MGE-S217	0	0	0	0	0	0	0	0	0
NR_118113.1	GIN-41-MGE-S217	0	0	0	0	0	0	0	0	0
NR_118101.1	GIN-41-MGE-S217	0	0	0	0	0	0	0	0	0
NR_118090.1	GIN-41-MGE-S217	0	0	0	0	0	0	0	0	0
NR_118066.1	GIN-41-MGE-S217	0	0	0	0	0	0	0	0	0
NR_118032.1	GIN-41-MGE-S217	0	0	0	0	0	0	0	0	0
NR_118031.1	GIN-41-MGE-S217	0	0	0	0	0	0	0	0	0
NR_117987.1	GIN-41-MGE-S217	0	0	0	0	0	0	0	0	0
NR_117973.1	GIN-41-MGE-S217	0	0	0	0	0	0	0	0	0
NR_117962.1	GIN-41-MGE-S217	0	0	0	0	0	0	0	0	0
NR_117954.1	GIN-41-MGE-S217	0	0	0	0	0	0	0	0	0
NR_117953.1	GIN-41-MGE-S217	0	0	0	0	0	0	0	0	0
NR_117936.1	GIN-41-MGE-S217	0	0	0	0	0	0	0	0	0
NR_117920.1	GIN-41-MGE-S217	0	0	0	0	0	0	0	0	0
NR_117894.1	GIN-41-MGE-S217	0	0	0	0	0	0	0	0	0
NR_117854.1	GIN-41-MGE-S217	0	0	0	0	0	0	0	0	0
NR_117841.1	GIN-41-MGE-S217	0	0	0	0	0	0	0	0	0
NR_117814.1	GIN-41-MGE-S217	0	0	0	0	0	0	0	0	0
NR_117813.1	GIN-41-MGE-S217	0	0	0	0	0	0	0	0	0
NR_117757.1	GIN-41-MGE-S217	0	0	0	0	0	0	0	0	0
NR_117650.1	GIN-41-MGE-S217	0	0	0	0	0	0	0	0	0
NR_117647.1	GIN-41-MGE-S217	0	0	0	0	0	0	0	0	0
NR_117627.1	GIN-41-MGE-S217	0	0	0	0	0	0	0	0	0
NR_117577.1	GIN-41-MGE-S217	0	0	0	0	0	0	0	0	0
NR_117572.1	GIN-41-MGE-S217	0	0	0	0	0	0	0	0	0
NR_117528.1	GIN-41-MGE-S217	0	0	0	0	0	0	0	0	0
NR_117501.1	GIN-41-MGE-S217	0	0	0	0	0	0	0	0	0
NR_117473.1	GIN-41-MGE-S217	0	0	0	0	0	0	0	0	0
NR_117454.1	GIN-41-MGE-S217	0	0	0	0	0	0	0	0	0
NR_117440.1	GIN-41-MGE-S217	0	0	0	0	0	0	0	0	0
NR_117431.1	GIN-41-MGE-S217	0	0	0	0	0	0	0	0	0
NR_117407.1	GIN-41-MGE-S217	0	0	0	0	0	0	0	0	0
NR_117383.1	GIN-41-MGE-S217	0	0	0	0	0	0	0	0	0
NR_117373.1	GIN-41-MGE-S217	0	0	0	0	0	0	0	0	0
NR_117290.1	GIN-41-MGE-S217	0	0	0	0	0	0	0	0	0
NR_117286.1	GIN-41-MGE-S217	0	0	0	0	0	0	0	0	0
NR_117285.1	GIN-41-MGE-S217	0	0	0	0	0	0	0	0	0
NR_117272.1	GIN-41-MGE-S217	0	0	0	0	0	0	0	0	0
NR_117262.1	GIN-41-MGE-S217	0	0	0	0	0	0	0	0	0
NR_117255.1	GIN-41-MGE-S217	0	0	0	0	0	0	0	0	0
NR_117252.1	GIN-41-MGE-S217	0	0	0	0	0	0	0	0	0
NR_117232.1	GIN-41-MGE-S217	0	0	0	0	0	0	0	0	0
NR_117231.1	GIN-41-MGE-S217	0	0	0	0	0	0	0	0	0
NR_117228.1	GIN-41-MGE-S217	0	0	0	0	0	0	0	0	0
NR_117184.1	GIN-41-MGE-S217	0	0	0	0	0	0	0	0	0
NR_117114.1	GIN-41-MGE-S217	0	0	0	0	0	0	0	0	0
NR_117112.1	GIN-41-MGE-S217	0	0	0	0	0	0	0	0	0
NR_117055.1	GIN-41-MGE-S217	0	0	0	0	0	0	0	0	0
NR_117053.1	GIN-41-MGE-S217	0	0	0	0	0	0	0	0	0
NR_117050.1	GIN-41-MGE-S217	0	0	0	0	0	0	0	0	0
NR_117028.1	GIN-41-MGE-S217	0	0	0	0	0	0	0	0	0
NR_117024.1	GIN-41-MGE-S217	0	0	0	0	0	0	0	0	0
NR_116943.1	GIN-41-MGE-S217	0	0	0	0	0	0	0	0	0
NR_116936.1	GIN-41-MGE-S217	0	0	0	0	0	0	0	0	0
NR_116919.1	GIN-41-MGE-S217	0	0	0	0	0	0	0	0	0
NR_116888.1	GIN-41-MGE-S217	0	0	0	0	0	0	0	0	0
NR_116886.1	GIN-41-MGE-S217	0	0	0	0	0	0	0	0	0
NR_116883.1	GIN-41-MGE-S217	0	0	0	0	0	0	0	0	0
NR_116876.1	GIN-41-MGE-S217	0	0	0	0	0	0	0	0	0
NR_116873.1	GIN-41-MGE-S217	0	0	0	0	0	0	0	0	0
NR_116858.1	GIN-41-MGE-S217	0	0	0	0	0	0	0	0	0
NR_116854.1	GIN-41-MGE-S217	0	0	0	0	0	0	0	0	0
NR_116851.1	GIN-41-MGE-S217	0	0	0	0	0	0	0	0	0
NR_116849.1	GIN-41-MGE-S217	0	0	0	0	0	0	0	0	0
NR_116838.1	GIN-41-MGE-S217	0	0	0	0	0	0	0	0	0
NR_116831.1	GIN-41-MGE-S217	0	0	0	0	0	0	0	0	0
NR_116804.1	GIN-41-MGE-S217	0	0	0	0	0	0	0	0	0
NR_116764.1	GIN-41-MGE-S217	0	0	0	0	0	0	0	0	0
NR_116761.1	GIN-41-MGE-S217	0	0	0	0	0	0	0	0	0
NR_116757.1	GIN-41-MGE-S217	0	0	0	0	0	0	0	0	0
NR_116747.1	GIN-41-MGE-S217	0	0	0	0	0	0	0	0	0
NR_116745.1	GIN-41-MGE-S217	0	0	0	0	0	0	0	0	0
NR_116742.1	GIN-41-MGE-S217	0	0	0	0	0	0	0	0	0
NR_116717.1	GIN-41-MGE-S217	0	0	0	0	0	0	0	0	0
NR_116623.1	GIN-41-MGE-S217	0	0	0	0	0	0	0	0	0
NR_116622.1	GIN-41-MGE-S217	0	0	0	0	0	0	0	0	0
NR_116620.1	GIN-41-MGE-S217	0	0	0	0	0	0	0	0	0
NR_116614.1	GIN-41-MGE-S217	0	0	0	0	0	0	0	0	0
NR_116612.1	GIN-41-MGE-S217	0	0	0	0	0	0	0	0	0
NR_116601.1	GIN-41-MGE-S217	0	0	0	0	0	0	0	0	0
NR_116559.1	GIN-41-MGE-S217	0	0	0	0	0	0	0	0	0
NR_116552.1	GIN-41-MGE-S217	0	0	0	0	0	0	0	0	0
NR_116539.1	GIN-41-MGE-S217	0	0	0	0	0	0	0	0	0
NR_116522.1	GIN-41-MGE-S217	0	0	0	0	0	0	0	0	0
NR_116521.1	GIN-41-MGE-S217	0	0	0	0	0	0	0	0	0
NR_116504.1	GIN-41-MGE-S217	0	0	0	0	0	0	0	0	0
NR_116497.1	GIN-41-MGE-S217	0	0	0	0	0	0	0	0	0
NR_116481.1	GIN-41-MGE-S217	0	0	0	0	0	0	0	0	0
NR_116474.1	GIN-41-MGE-S217	0	0	0	0	0	0	0	0	0
NR_116466.1	GIN-41-MGE-S217	0	0	0	0	0	0	0	0	0
NR_116443.1	GIN-41-MGE-S217	0	0	0	0	0	0	0	0	0
NR_116432.1	GIN-41-MGE-S217	0	0	0	0	0	0	0	0	0
NR_116428.1	GIN-41-MGE-S217	0	0	0	0	0	0	0	0	0
NR_116427.1	GIN-41-MGE-S217	0	0	0	0	0	0	0	0	0
NR_116411.1	GIN-41-MGE-S217	0	0	0	0	0	0	0	0	0
NR_116402.1	GIN-41-MGE-S217	0	0	0	0	0	0	0	0	0
NR_116389.1	GIN-41-MGE-S217	0	0	0	0	0	0	0	0	0
NR_116388.1	GIN-41-MGE-S217	0	0	0	0	0	0	0	0	0
NR_116384.1	GIN-41-MGE-S217	0	0	0	0	0	0	0	0	0
NR_116374.1	GIN-41-MGE-S217	0	0	0	0	0	0	0	0	0
NR_116359.1	GIN-41-MGE-S217	0	0	0	0	0	0	0	0	0
NR_116354.1	GIN-41-MGE-S217	0	0	0	0	0	0	0	0	0
NR_116353.1	GIN-41-MGE-S217	0	0	0	0	0	0	0	0	0
NR_116343.1	GIN-41-MGE-S217	0	0	0	0	0	0	0	0	0
NR_116342.1	GIN-41-MGE-S217	0	0	0	0	0	0	0	0	0
NR_116323.1	GIN-41-MGE-S217	0	0	0	0	0	0	0	0	0
NR_116318.1	GIN-41-MGE-S217	0	0	0	0	0	0	0	0	0
NR_116317.1	GIN-41-MGE-S217	0	0	0	0	0	0	0	0	0
NR_116286.1	GIN-41-MGE-S217	0	0	0	0	0	0	0	0	0
NR_116285.1	GIN-41-MGE-S217	0	0	0	0	0	0	0	0	0
NR_116274.1	GIN-41-MGE-S217	0	0	0	0	0	0	0	0	0
NR_116238.1	GIN-41-MGE-S217	0	0	0	0	0	0	0	0	0
NR_116174.1	GIN-41-MGE-S217	0	0	0	0	0	0	0	0	0
NR_116108.1	GIN-41-MGE-S217	0	0	0	0	0	0	0	0	0
NR_116104.1	GIN-41-MGE-S217	0	0	0	0	0	0	0	0	0
NR_116043.1	GIN-41-MGE-S217	0	0	0	0	0	0	0	0	0
NR_116036.1	GIN-41-MGE-S217	0	0	0	0	0	0	0	0	0
NR_116028.1	GIN-41-MGE-S217	0	0	0	0	0	0	0	0	0
NR_116013.1	GIN-41-MGE-S217	0	0	0	0	0	0	0	0	0
NR_116009.1	GIN-41-MGE-S217	0	0	0	0	0	0	0	0	0
NR_116000.1	GIN-41-MGE-S217	0	0	0	0	0	0	0	0	0
NR_115989.1	GIN-41-MGE-S217	0	0	0	0	0	0	0	0	0
NR_115983.1	GIN-41-MGE-S217	0	0	0	0	0	0	0	0	0
NR_115960.1	GIN-41-MGE-S217	0	0	0	0	0	0	0	0	0
NR_115953.1	GIN-41-MGE-S217	0	0	0	0	0	0	0	0	0
NR_115937.1	GIN-41-MGE-S217	0	0	0	0	0	0	0	0	0
NR_115921.1	GIN-41-MGE-S217	0	0	0	0	0	0	0	0	0
NR_115884.1	GIN-41-MGE-S217	0	0	0	0	0	0	0	0	0
NR_115868.1	GIN-41-MGE-S217	0	0	0	0	0	0	0	0	0
NR_115865.1	GIN-41-MGE-S217	0	0	0	0	0	0	0	0	0
NR_115847.1	GIN-41-MGE-S217	0	0	0	0	0	0	0	0	0
NR_115819.1	GIN-41-MGE-S217	0	0	0	0	0	0	0	0	0
NR_115799.1	GIN-41-MGE-S217	0	0	0	0	0	0	0	0	0
NR_115775.1	GIN-41-MGE-S217	0	0	0	0	0	0	0	0	0
NR_115771.1	GIN-41-MGE-S217	0	0	0	0	0	0	0	0	0
NR_115745.1	GIN-41-MGE-S217	0	0	0	0	0	0	0	0	0
NR_115727.1	GIN-41-MGE-S217	0	0	0	0	0	0	0	0	0
NR_115726.1	GIN-41-MGE-S217	0	0	0	0	0	0	0	0	0
NR_115709.1	GIN-41-MGE-S217	0	0	0	0	0	0	0	0	0
NR_115699.1	GIN-41-MGE-S217	0	0	0	0	0	0	0	0	0
NR_115670.1	GIN-41-MGE-S217	0	0	0	0	0	0	0	0	0
NR_115659.1	GIN-41-MGE-S217	0	0	0	0	0	0	0	0	0
NR_115614.1	GIN-41-MGE-S217	0	0	0	0	0	0	0	0	0
NR_115607.1	GIN-41-MGE-S217	0	0	0	0	0	0	0	0	0
NR_115605.1	GIN-41-MGE-S217	0	0	0	0	0	0	0	0	0
NR_115603.1	GIN-41-MGE-S217	0	0	0	0	0	0	0	0	0
NR_115582.1	GIN-41-MGE-S217	0	0	0	0	0	0	0	0	0
NR_115581.1	GIN-41-MGE-S217	0	0	0	0	0	0	0	0	0
NR_115580.1	GIN-41-MGE-S217	0	0	0	0	0	0	0	0	0
NR_115576.1	GIN-41-MGE-S217	0	0	0	0	0	0	0	0	0
NR_115534.1	GIN-41-MGE-S217	0	0	0	0	0	0	0	0	0
NR_115533.1	GIN-41-MGE-S217	0	0	0	0	0	0	0	0	0
NR_115532.1	GIN-41-MGE-S217	0	0	0	0	0	0	0	0	0
NR_115527.1	GIN-41-MGE-S217	0	0	0	0	0	0	0	0	0
NR_115458.1	GIN-41-MGE-S217	0	0	0	0	0	0	0	0	0
NR_115457.1	GIN-41-MGE-S217	0	0	0	0	0	0	0	0	0
NR_115455.1	GIN-41-MGE-S217	0	0	0	0	0	0	0	0	0
NR_115440.1	GIN-41-MGE-S217	0	0	0	0	0	0	0	0	0
NR_115410.1	GIN-41-MGE-S217	0	0	0	0	0	0	0	0	0
NR_115390.1	GIN-41-MGE-S217	0	0	0	0	0	0	0	0	0
NR_115375.1	GIN-41-MGE-S217	0	0	0	0	0	0	0	0	0
NR_115360.1	GIN-41-MGE-S217	0	0	0	0	0	0	0	0	0
NR_115345.1	GIN-41-MGE-S217	0	0	0	0	0	0	0	0	0
NR_115337.1	GIN-41-MGE-S217	0	0	0	0	0	0	0	0	0
NR_115322.1	GIN-41-MGE-S217	0	0	0	0	0	0	0	0	0
NR_115308.1	GIN-41-MGE-S217	0	0	0	0	0	0	0	0	0
NR_115305.1	GIN-41-MGE-S217	0	0	0	0	0	0	0	0	0
NR_115271.1	GIN-41-MGE-S217	0	0	0	0	0	0	0	0	0
NR_115269.1	GIN-41-MGE-S217	0	0	0	0	0	0	0	0	0
NR_115267.1	GIN-41-MGE-S217	0	0	0	0	0	0	0	0	0
NR_115263.1	GIN-41-MGE-S217	0	0	0	0	0	0	0	0	0
NR_115256.1	GIN-41-MGE-S217	0	0	0	0	0	0	0	0	0
NR_115226.1	GIN-41-MGE-S217	0	0	0	0	0	0	0	0	0
NR_115211.1	GIN-41-MGE-S217	0	0	0	0	0	0	0	0	0
NR_115202.1	GIN-41-MGE-S217	0	0	0	0	0	0	0	0	0
NR_115195.1	GIN-41-MGE-S217	0	0	0	0	0	0	0	0	0
NR_115172.1	GIN-41-MGE-S217	0	0	0	0	0	0	0	0	0
NR_115158.1	GIN-41-MGE-S217	0	0	0	0	0	0	0	0	0
NR_115125.1	GIN-41-MGE-S217	0	0	0	0	0	0	0	0	0
NR_115123.1	GIN-41-MGE-S217	0	0	0	0	0	0	0	0	0
NR_115116.1	GIN-41-MGE-S217	0	0	0	0	0	0	0	0	0
NR_115108.1	GIN-41-MGE-S217	0	0	0	0	0	0	0	0	0
NR_115099.1	GIN-41-MGE-S217	0	0	0	0	0	0	0	0	0
NR_115095.1	GIN-41-MGE-S217	0	0	0	0	0	0	0	0	0
NR_115068.1	GIN-41-MGE-S217	0	0	0	0	0	0	0	0	0
NR_115067.1	GIN-41-MGE-S217	0	0	0	0	0	0	0	0	0
NR_115057.1	GIN-41-MGE-S217	0	0	0	0	0	0	0	0	0
NR_115045.1	GIN-41-MGE-S217	0	0	0	0	0	0	0	0	0
NR_115044.1	GIN-41-MGE-S217	0	0	0	0	0	0	0	0	0
NR_115043.1	GIN-41-MGE-S217	0	0	0	0	0	0	0	0	0
NR_115016.1	GIN-41-MGE-S217	0	0	0	0	0	0	0	0	0
NR_115013.1	GIN-41-MGE-S217	0	0	0	0	0	0	0	0	0
NR_115003.1	GIN-41-MGE-S217	0	0	0	0	0	0	0	0	0
NR_114980.1	GIN-41-MGE-S217	0	0	0	0	0	0	0	0	0
NR_114979.1	GIN-41-MGE-S217	0	0	0	0	0	0	0	0	0
NR_114978.1	GIN-41-MGE-S217	0	0	0	0	0	0	0	0	0
NR_114977.1	GIN-41-MGE-S217	0	0	0	0	0	0	0	0	0
NR_114976.1	GIN-41-MGE-S217	0	0	0	0	0	0	0	0	0
NR_114971.1	GIN-41-MGE-S217	0	0	0	0	0	0	0	0	0
NR_114962.1	GIN-41-MGE-S217	0	0	0	0	0	0	0	0	0
NR_114919.1	GIN-41-MGE-S217	0	0	0	0	0	0	0	0	0
NR_114916.1	GIN-41-MGE-S217	0	0	0	0	0	0	0	0	0
NR_114915.1	GIN-41-MGE-S217	0	0	0	0	0	0	0	0	0
NR_114912.1	GIN-41-MGE-S217	0	0	0	0	0	0	0	0	0
NR_114908.1	GIN-41-MGE-S217	0	0	0	0	0	0	0	0	0
NR_114848.1	GIN-41-MGE-S217	0	0	0	0	0	0	0	0	0
NR_114847.1	GIN-41-MGE-S217	0	0	0	0	0	0	0	0	0
NR_114844.1	GIN-41-MGE-S217	0	0	0	0	0	0	0	0	0
NR_114803.1	GIN-41-MGE-S217	0	0	0	0	0	0	0	0	0
NR_114763.1	GIN-41-MGE-S217	0	0	0	0	0	0	0	0	0
NR_114761.1	GIN-41-MGE-S217	0	0	0	0	0	0	0	0	0
NR_114760.1	GIN-41-MGE-S217	0	0	0	0	0	0	0	0	0
NR_114759.1	GIN-41-MGE-S217	0	0	0	0	0	0	0	0	0
NR_114731.1	GIN-41-MGE-S217	0	0	0	0	0	0	0	0	0
NR_114717.1	GIN-41-MGE-S217	0	0	0	0	0	0	0	0	0
NR_114713.1	GIN-41-MGE-S217	0	0	0	0	0	0	0	0	0
NR_114660.1	GIN-41-MGE-S217	0	0	0	0	0	0	0	0	0
NR_114657.1	GIN-41-MGE-S217	0	0	0	0	0	0	0	0	0
NR_114652.1	GIN-41-MGE-S217	0	0	0	0	0	0	0	0	0
NR_114651.1	GIN-41-MGE-S217	0	0	0	0	0	0	0	0	0
NR_114570.1	GIN-41-MGE-S217	0	0	0	0	0	0	0	0	0
NR_114534.1	GIN-41-MGE-S217	0	0	0	0	0	0	0	0	0
NR_114417.1	GIN-41-MGE-S217	0	0	0	0	0	0	0	0	0
NR_114402.1	GIN-41-MGE-S217	0	0	0	0	0	0	0	0	0
NR_114398.1	GIN-41-MGE-S217	0	0	0	0	0	0	0	0	0
NR_114391.1	GIN-41-MGE-S217	0	0	0	0	0	0	0	0	0
NR_114388.1	GIN-41-MGE-S217	0	0	0	0	0	0	0	0	0
NR_114385.1	GIN-41-MGE-S217	0	0	0	0	0	0	0	0	0
NR_114379.1	GIN-41-MGE-S217	0	0	0	0	0	0	0	0	0
NR_114378.1	GIN-41-MGE-S217	0	0	0	0	0	0	0	0	0
NR_114377.1	GIN-41-MGE-S217	0	0	0	0	0	0	0	0	0
NR_114376.1	GIN-41-MGE-S217	0	0	0	0	0	0	0	0	0
NR_114375.1	GIN-41-MGE-S217	0	0	0	0	0	0	0	0	0
NR_114374.1	GIN-41-MGE-S217	0	0	0	0	0	0	0	0	0
NR_114373.1	GIN-41-MGE-S217	0	0	0	0	0	0	0	0	0
NR_114372.1	GIN-41-MGE-S217	0	0	0	0	0	0	0	0	0
NR_114371.1	GIN-41-MGE-S217	0	0	0	0	0	0	0	0	0
NR_114370.1	GIN-41-MGE-S217	0	0	0	0	0	0	0	0	0
NR_114369.1	GIN-41-MGE-S217	0	0	0	0	0	0	0	0	0
NR_114368.1	GIN-41-MGE-S217	0	0	0	0	0	0	0	0	0
NR_114367.1	GIN-41-MGE-S217	0	0	0	0	0	0	0	0	0
NR_114365.1	GIN-41-MGE-S217	0	0	0	0	0	0	0	0	0
NR_114339.1	GIN-41-MGE-S217	0	0	0	0	0	0	0	0	0
NR_114335.1	GIN-41-MGE-S217	0	0	0	0	0	0	0	0	0
NR_114328.1	GIN-41-MGE-S217	0	0	0	0	0	0	0	0	0
NR_114271.1	GIN-41-MGE-S217	0	0	0	0	0	0	0	0	0
NR_114251.1	GIN-41-MGE-S217	0	0	0	0	0	0	0	0	0
NR_114212.1	GIN-41-MGE-S217	0	0	0	0	0	0	0	0	0
NR_114174.1	GIN-41-MGE-S217	0	0	0	0	0	0	0	0	0
NR_114151.1	GIN-41-MGE-S217	0	0	0	0	0	0	0	0	0
NR_114150.1	GIN-41-MGE-S217	0	0	0	0	0	0	0	0	0
NR_114149.1	GIN-41-MGE-S217	0	0	0	0	0	0	0	0	0
NR_114148.1	GIN-41-MGE-S217	0	0	0	0	0	0	0	0	0
NR_114096.1	GIN-41-MGE-S217	0	0	0	0	0	0	0	0	0
NR_114095.1	GIN-41-MGE-S217	0	0	0	0	0	0	0	0	0
NR_114094.1	GIN-41-MGE-S217	0	0	0	0	0	0	0	0	0
NR_114093.1	GIN-41-MGE-S217	0	0	0	0	0	0	0	0	0
NR_114086.1	GIN-41-MGE-S217	0	0	0	0	0	0	0	0	0
NR_114085.1	GIN-41-MGE-S217	0	0	0	0	0	0	0	0	0
NR_114066.1	GIN-41-MGE-S217	0	0	0	0	0	0	0	0	0
NR_114024.1	GIN-41-MGE-S217	0	0	0	0	0	0	0	0	0
NR_113999.1	GIN-41-MGE-S217	0	0	0	0	0	0	0	0	0
NR_113995.1	GIN-41-MGE-S217	0	0	0	0	0	0	0	0	0
NR_113992.1	GIN-41-MGE-S217	0	0	0	0	0	0	0	0	0
NR_113989.1	GIN-41-MGE-S217	0	0	0	0	0	0	0	0	0
NR_113986.1	GIN-41-MGE-S217	0	0	0	0	0	0	0	0	0
NR_113969.1	GIN-41-MGE-S217	0	0	0	0	0	0	0	0	0
NR_113966.1	GIN-41-MGE-S217	0	0	0	0	0	0	0	0	0
NR_113869.1	GIN-41-MGE-S217	0	0	0	0	0	0	0	0	0
NR_113861.1	GIN-41-MGE-S217	0	0	0	0	0	0	0	0	0
NR_113823.1	GIN-41-MGE-S217	0	0	0	0	0	0	0	0	0
NR_113822.1	GIN-41-MGE-S217	0	0	0	0	0	0	0	0	0
NR_113821.1	GIN-41-MGE-S217	0	0	0	0	0	0	0	0	0
NR_113820.1	GIN-41-MGE-S217	0	0	0	0	0	0	0	0	0
NR_113819.1	GIN-41-MGE-S217	0	0	0	0	0	0	0	0	0
NR_113818.1	GIN-41-MGE-S217	0	0	0	0	0	0	0	0	0
NR_113817.1	GIN-41-MGE-S217	0	0	0	0	0	0	0	0	0
NR_113816.1	GIN-41-MGE-S217	0	0	0	0	0	0	0	0	0
NR_113812.1	GIN-41-MGE-S217	0	0	0	0	0	0	0	0	0
NR_113811.1	GIN-41-MGE-S217	0	0	0	0	0	0	0	0	0
NR_113808.1	GIN-41-MGE-S217	0	0	0	0	0	0	0	0	0
NR_113800.1	GIN-41-MGE-S217	0	0	0	0	0	0	0	0	0
NR_113777.1	GIN-41-MGE-S217	0	0	0	0	0	0	0	0	0
NR_113776.1	GIN-41-MGE-S217	0	0	0	0	0	0	0	0	0
NR_113692.1	GIN-41-MGE-S217	0	0	0	0	0	0	0	0	0
NR_113691.1	GIN-41-MGE-S217	0	0	0	0	0	0	0	0	0
NR_113689.1	GIN-41-MGE-S217	0	0	0	0	0	0	0	0	0
NR_113687.1	GIN-41-MGE-S217	0	0	0	0	0	0	0	0	0
NR_113685.1	GIN-41-MGE-S217	0	0	0	0	0	0	0	0	0
NR_113683.1	GIN-41-MGE-S217	0	0	0	0	0	0	0	0	0
NR_113682.1	GIN-41-MGE-S217	0	0	0	0	0	0	0	0	0
NR_113681.1	GIN-41-MGE-S217	0	0	0	0	0	0	0	0	0
NR_113677.1	GIN-41-MGE-S217	0	0	0	0	0	0	0	0	0
NR_113676.1	GIN-41-MGE-S217	0	0	0	0	0	0	0	0	0
NR_113674.1	GIN-41-MGE-S217	0	0	0	0	0	0	0	0	0
NR_113653.1	GIN-41-MGE-S217	0	0	0	0	0	0	0	0	0
NR_113650.1	GIN-41-MGE-S217	0	0	0	0	0	0	0	0	0
NR_113640.1	GIN-41-MGE-S217	0	0	0	0	0	0	0	0	0
NR_113410.1	GIN-41-MGE-S217	0	0	0	0	0	0	0	0	0
NR_113409.1	GIN-41-MGE-S217	0	0	0	0	0	0	0	0	0
NR_113370.1	GIN-41-MGE-S217	0	0	0	0	0	0	0	0	0
NR_113362.1	GIN-41-MGE-S217	0	0	0	0	0	0	0	0	0
NR_113339.1	GIN-41-MGE-S217	0	0	0	0	0	0	0	0	0
NR_113338.1	GIN-41-MGE-S217	0	0	0	0	0	0	0	0	0
NR_113337.1	GIN-41-MGE-S217	0	0	0	0	0	0	0	0	0
NR_113336.1	GIN-41-MGE-S217	0	0	0	0	0	0	0	0	0
NR_113335.1	GIN-41-MGE-S217	0	0	0	0	0	0	0	0	0
NR_113334.1	GIN-41-MGE-S217	0	0	0	0	0	0	0	0	0
NR_113333.1	GIN-41-MGE-S217	0	0	0	0	0	0	0	0	0
NR_113332.1	GIN-41-MGE-S217	0	0	0	0	0	0	0	0	0
NR_113303.1	GIN-41-MGE-S217	0	0	0	0	0	0	0	0	0
NR_113300.1	GIN-41-MGE-S217	0	0	0	0	0	0	0	0	0
NR_113290.1	GIN-41-MGE-S217	0	0	0	0	0	0	0	0	0
NR_113289.1	GIN-41-MGE-S217	0	0	0	0	0	0	0	0	0
NR_113259.1	GIN-41-MGE-S217	0	0	0	0	0	0	0	0	0
NR_113195.1	GIN-41-MGE-S217	15	15	0	0	0	0	0	0	0
NR_113194.1	GIN-41-MGE-S217	0	0	0	0	0	0	0	0	0
NR_113191.1	GIN-41-MGE-S217	0	0	0	0	0	0	0	0	0
NR_113184.1	GIN-41-MGE-S217	0	0	0	0	0	0	0	0	0
NR_113160.1	GIN-41-MGE-S217	0	0	0	0	0	0	0	0	0
NR_113159.1	GIN-41-MGE-S217	0	0	0	0	0	0	0	0	0
NR_113157.1	GIN-41-MGE-S217	0	0	0	0	0	0	0	0	0
NR_113071.1	GIN-41-MGE-S217	0	0	0	0	0	0	0	0	0
NR_113064.1	GIN-41-MGE-S217	45	45	0	0	0	0	0	0	0
NR_113038.1	GIN-41-MGE-S217	0	0	0	0	0	0	0	0	0
NR_113015.1	GIN-41-MGE-S217	0	0	0	0	0	0	0	0	0
NR_113001.1	GIN-41-MGE-S217	0	0	0	0	0	0	0	0	0
NR_112998.1	GIN-41-MGE-S217	0	0	0	0	0	0	0	0	0
NR_112946.1	GIN-41-MGE-S217	13	13	0	0	0	0	0	0	0
NR_112938.1	GIN-41-MGE-S217	0	0	0	0	0	0	0	0	0
NR_112911.1	GIN-41-MGE-S217	0	0	0	0	0	0	0	0	0
NR_112846.1	GIN-41-MGE-S217	0	0	0	0	0	0	0	0	0
NR_112797.1	GIN-41-MGE-S217	0	0	0	0	0	0	0	0	0
NR_112796.1	GIN-41-MGE-S217	0	0	0	0	0	0	0	0	0
NR_112795.1	GIN-41-MGE-S217	0	0	0	0	0	0	0	0	0
NR_112786.1	GIN-41-MGE-S217	0	0	0	0	0	0	0	0	0
NR_112785.1	GIN-41-MGE-S217	0	0	0	0	0	0	0	0	0
NR_112779.1	GIN-41-MGE-S217	0	0	0	0	0	0	0	0	0
NR_112759.1	GIN-41-MGE-S217	0	0	0	0	0	0	0	0	0
NR_112758.1	GIN-41-MGE-S217	0	0	0	0	0	0	0	0	0
NR_112757.1	GIN-41-MGE-S217	0	0	0	0	0	0	0	0	0
NR_112756.1	GIN-41-MGE-S217	0	0	0	0	0	0	0	0	0
NR_112755.1	GIN-41-MGE-S217	0	0	0	0	0	0	0	0	0
NR_112754.1	GIN-41-MGE-S217	0	0	0	0	0	0	0	0	0
NR_112753.1	GIN-41-MGE-S217	0	0	0	0	0	0	0	0	0
NR_112752.1	GIN-41-MGE-S217	0	0	0	0	0	0	0	0	0
NR_112743.1	GIN-41-MGE-S217	0	0	0	0	0	0	0	0	0
NR_112739.1	GIN-41-MGE-S217	0	0	0	0	0	0	0	0	0
NR_112726.1	GIN-41-MGE-S217	0	0	0	0	0	0	0	0	0
NR_112722.1	GIN-41-MGE-S217	0	0	0	0	0	0	0	0	0
NR_112699.1	GIN-41-MGE-S217	0	0	0	0	0	0	0	0	0
NR_112694.1	GIN-41-MGE-S217	0	0	0	0	0	0	0	0	0
NR_112693.1	GIN-41-MGE-S217	0	0	0	0	0	0	0	0	0
NR_112692.1	GIN-41-MGE-S217	0	0	0	0	0	0	0	0	0
NR_112691.1	GIN-41-MGE-S217	0	0	0	0	0	0	0	0	0
NR_112690.1	GIN-41-MGE-S217	0	0	0	0	0	0	0	0	0
NR_112689.1	GIN-41-MGE-S217	0	0	0	0	0	0	0	0	0
NR_112678.1	GIN-41-MGE-S217	0	0	0	0	0	0	0	0	0
NR_112673.1	GIN-41-MGE-S217	0	0	0	0	0	0	0	0	0
NR_112668.1	GIN-41-MGE-S217	0	0	0	0	0	0	0	0	0
NR_112663.1	GIN-41-MGE-S217	0	0	0	0	0	0	0	0	0
NR_112655.1	GIN-41-MGE-S217	0	0	0	0	0	0	0	0	0
NR_112645.1	GIN-41-MGE-S217	0	0	0	0	0	0	0	0	0
NR_112636.1	GIN-41-MGE-S217	0	0	0	0	0	0	0	0	0
NR_112635.1	GIN-41-MGE-S217	0	0	0	0	0	0	0	0	0
NR_112631.1	GIN-41-MGE-S217	0	0	0	0	0	0	0	0	0
NR_112597.1	GIN-41-MGE-S217	0	0	0	0	0	0	0	0	0
NR_112593.1	GIN-41-MGE-S217	0	0	0	0	0	0	0	0	0
NR_112553.1	GIN-41-MGE-S217	0	0	0	0	0	0	0	0	0
NR_112541.1	GIN-41-MGE-S217	0	0	0	0	0	0	0	0	0
NR_112502.1	GIN-41-MGE-S217	0	0	0	0	0	0	0	0	0
NR_112479.1	GIN-41-MGE-S217	0	0	0	0	0	0	0	0	0
NR_112457.1	GIN-41-MGE-S217	0	0	0	0	0	0	0	0	0
NR_112456.1	GIN-41-MGE-S217	0	0	0	0	0	0	0	0	0
NR_112417.1	GIN-41-MGE-S217	0	0	0	0	0	0	0	0	0
NR_112408.1	GIN-41-MGE-S217	0	0	0	0	0	0	0	0	0
NR_112406.1	GIN-41-MGE-S217	0	0	0	0	0	0	0	0	0
NR_112384.1	GIN-41-MGE-S217	0	0	0	0	0	0	0	0	0
NR_112342.1	GIN-41-MGE-S217	0	0	0	0	0	0	0	0	0
NR_112285.1	GIN-41-MGE-S217	0	0	0	0	0	0	0	0	0
NR_112273.1	GIN-41-MGE-S217	0	0	0	0	0	0	0	0	0
NR_112243.1	GIN-41-MGE-S217	0	0	0	0	0	0	0	0	0
NR_112229.1	GIN-41-MGE-S217	0	0	0	0	0	0	0	0	0
NR_112227.1	GIN-41-MGE-S217	0	0	0	0	0	0	0	0	0
NR_112157.1	GIN-41-MGE-S217	0	0	0	0	0	0	0	0	0
NR_112143.1	GIN-41-MGE-S217	0	0	0	0	0	0	0	0	0
NR_112071.1	GIN-41-MGE-S217	0	0	0	0	0	0	0	0	0
NR_112065.1	GIN-41-MGE-S217	0	0	0	0	0	0	0	0	0
NR_112056.1	GIN-41-MGE-S217	0	0	0	0	0	0	0	0	0
NR_112050.1	GIN-41-MGE-S217	0	0	0	0	0	0	0	0	0
NR_112041.1	GIN-41-MGE-S217	0	0	0	0	0	0	0	0	0
NR_108948.1	GIN-41-MGE-S217	0	0	0	0	0	0	0	0	0
NR_108191.1	GIN-41-MGE-S217	0	0	0	0	0	0	0	0	0
NR_104900.1	GIN-41-MGE-S217	0	0	0	0	0	0	0	0	0
NR_104755.1	GIN-41-MGE-S217	0	0	0	0	0	0	0	0	0
NR_028725.2	GIN-41-MGE-S217	0	0	0	0	0	0	0	0	0
NR_029338.2	GIN-41-MGE-S217	0	0	0	0	0	0	0	0	0
NR_044848.2	GIN-41-MGE-S217	0	0	0	0	0	0	0	0	0
NR_044662.2	GIN-41-MGE-S217	0	0	0	0	0	0	0	0	0
NR_044666.2	GIN-41-MGE-S217	0	0	0	0	0	0	0	0	0
NR_044667.2	GIN-41-MGE-S217	0	0	0	0	0	0	0	0	0
NR_044674.2	GIN-41-MGE-S217	0	0	0	0	0	0	0	0	0
NR_044836.2	GIN-41-MGE-S217	0	0	0	0	0	0	0	0	0
NR_044878.2	GIN-41-MGE-S217	0	0	0	0	0	0	0	0	0
NR_036788.2	GIN-41-MGE-S217	0	0	0	0	0	0	0	0	0
NR_029308.2	GIN-41-MGE-S217	0	0	0	0	0	0	0	0	0
NR_029261.2	GIN-41-MGE-S217	0	0	0	0	0	0	0	0	0
NR_109732.1	GIN-41-MGE-S217	0	0	0	0	0	0	0	0	0
NR_109724.1	GIN-41-MGE-S217	0	0	0	0	0	0	0	0	0
NR_109688.1	GIN-41-MGE-S217	0	0	0	0	0	0	0	0	0
NR_109677.1	GIN-41-MGE-S217	0	0	0	0	0	0	0	0	0
NR_109676.1	GIN-41-MGE-S217	0	0	0	0	0	0	0	0	0
NR_109671.1	GIN-41-MGE-S217	0	0	0	0	0	0	0	0	0
NR_109669.1	GIN-41-MGE-S217	0	0	0	0	0	0	0	0	0
NR_109664.1	GIN-41-MGE-S217	0	0	0	0	0	0	0	0	0
NR_109601.1	GIN-41-MGE-S217	0	0	0	0	0	0	0	0	0
NR_109538.1	GIN-41-MGE-S217	0	0	0	0	0	0	0	0	0
NR_109528.1	GIN-41-MGE-S217	0	0	0	0	0	0	0	0	0
NR_109520.1	GIN-41-MGE-S217	0	0	0	0	0	0	0	0	0
NR_109519.1	GIN-41-MGE-S217	0	0	0	0	0	0	0	0	0
NR_109485.1	GIN-41-MGE-S217	0	0	0	0	0	0	0	0	0
NR_109469.1	GIN-41-MGE-S217	0	0	0	0	0	0	0	0	0
NR_109459.1	GIN-41-MGE-S217	0	0	0	0	0	0	0	0	0
NR_109452.1	GIN-41-MGE-S217	0	0	0	0	0	0	0	0	0
NR_109424.1	GIN-41-MGE-S217	0	0	0	0	0	0	0	0	0
NR_109370.1	GIN-41-MGE-S217	0	0	0	0	0	0	0	0	0
NR_109320.1	GIN-41-MGE-S217	0	0	0	0	0	0	0	0	0
NR_109170.1	GIN-41-MGE-S217	0	0	0	0	0	0	0	0	0
NR_109150.1	GIN-41-MGE-S217	0	0	0	0	0	0	0	0	0
NR_109140.1	GIN-41-MGE-S217	0	0	0	0	0	0	0	0	0
NR_109135.1	GIN-41-MGE-S217	0	0	0	0	0	0	0	0	0
NR_109116.1	GIN-41-MGE-S217	0	0	0	0	0	0	0	0	0
NR_109068.1	GIN-41-MGE-S217	0	0	0	0	0	0	0	0	0
NR_109061.1	GIN-41-MGE-S217	0	0	0	0	0	0	0	0	0
NR_109054.1	GIN-41-MGE-S217	0	0	0	0	0	0	0	0	0
NR_109010.1	GIN-41-MGE-S217	0	0	0	0	0	0	0	0	0
NR_109000.1	GIN-41-MGE-S217	0	0	0	0	0	0	0	0	0
NR_108949.1	GIN-41-MGE-S217	0	0	0	0	0	0	0	0	0
NR_108906.1	GIN-41-MGE-S217	0	0	0	0	0	0	0	0	0
NR_108901.1	GIN-41-MGE-S217	0	0	0	0	0	0	0	0	0
NR_108876.1	GIN-41-MGE-S217	0	0	0	0	0	0	0	0	0
NR_108840.1	GIN-41-MGE-S217	0	0	0	0	0	0	0	0	0
NR_108838.1	GIN-41-MGE-S217	0	0	0	0	0	0	0	0	0
NR_108831.1	GIN-41-MGE-S217	0	0	0	0	0	0	0	0	0
NR_108741.1	GIN-41-MGE-S217	0	0	0	0	0	0	0	0	0
NR_108695.1	GIN-41-MGE-S217	0	0	0	0	0	0	0	0	0
NR_108638.1	GIN-41-MGE-S217	0	0	0	0	0	0	0	0	0
NR_108572.1	GIN-41-MGE-S217	0	0	0	0	0	0	0	0	0
NR_108509.1	GIN-41-MGE-S217	0	0	0	0	0	0	0	0	0
NR_108492.1	GIN-41-MGE-S217	0	0	0	0	0	0	0	0	0
NR_108491.1	GIN-41-MGE-S217	0	0	0	0	0	0	0	0	0
NR_108487.1	GIN-41-MGE-S217	0	0	0	0	0	0	0	0	0
NR_108472.1	GIN-41-MGE-S217	0	0	0	0	0	0	0	0	0
NR_108455.1	GIN-41-MGE-S217	0	0	0	0	0	0	0	0	0
NR_108311.1	GIN-41-MGE-S217	0	0	0	0	0	0	0	0	0
NR_108214.1	GIN-41-MGE-S217	0	0	0	0	0	0	0	0	0
NR_108180.1	GIN-41-MGE-S217	0	0	0	0	0	0	0	0	0
NR_108176.1	GIN-41-MGE-S217	0	0	0	0	0	0	0	0	0
NR_108140.1	GIN-41-MGE-S217	0	0	0	0	0	0	0	0	0
NR_104979.1	GIN-41-MGE-S217	0	0	0	0	0	0	0	0	0
NR_104976.1	GIN-41-MGE-S217	0	0	0	0	0	0	0	0	0
NR_104958.1	GIN-41-MGE-S217	0	0	0	0	0	0	0	0	0
NR_104953.1	GIN-41-MGE-S217	0	0	0	0	0	0	0	0	0
NR_104931.1	GIN-41-MGE-S217	0	0	0	0	0	0	0	0	0
NR_104927.1	GIN-41-MGE-S217	0	0	0	0	0	0	0	0	0
NR_104926.1	GIN-41-MGE-S217	0	0	0	0	0	0	0	0	0
NR_104899.1	GIN-41-MGE-S217	0	0	0	0	0	0	0	0	0
NR_104793.1	GIN-41-MGE-S217	0	0	0	0	0	0	0	0	0
NR_104749.1	GIN-41-MGE-S217	0	0	0	0	0	0	0	0	0
NR_104693.1	GIN-41-MGE-S217	0	0	0	0	0	0	0	0	0
NR_104681.1	GIN-41-MGE-S217	0	0	0	0	0	0	0	0	0
NR_104573.1	GIN-41-MGE-S217	0	0	0	0	0	0	0	0	0
NR_104550.1	GIN-41-MGE-S217	0	0	0	0	0	0	0	0	0
NR_104497.1	GIN-41-MGE-S217	0	0	0	0	0	0	0	0	0
NR_104496.1	GIN-41-MGE-S217	0	0	0	0	0	0	0	0	0
NR_104284.1	GIN-41-MGE-S217	0	0	0	0	0	0	0	0	0
NR_044715.2	GIN-41-MGE-S217	0	0	0	0	0	0	0	0	0
NR_044711.2	GIN-41-MGE-S217	0	0	0	0	0	0	0	0	0
NR_044709.2	GIN-41-MGE-S217	0	0	0	0	0	0	0	0	0
NR_044708.2	GIN-41-MGE-S217	0	0	0	0	0	0	0	0	0
NR_044707.2	GIN-41-MGE-S217	0	0	0	0	0	0	0	0	0
NR_044705.2	GIN-41-MGE-S217	0	0	0	0	0	0	0	0	0
NR_044703.2	GIN-41-MGE-S217	0	0	0	0	0	0	0	0	0
NR_044702.2	GIN-41-MGE-S217	0	0	0	0	0	0	0	0	0
NR_044701.2	GIN-41-MGE-S217	0	0	0	0	0	0	0	0	0
NR_044700.2	GIN-41-MGE-S217	0	0	0	0	0	0	0	0	0
NR_044647.2	GIN-41-MGE-S217	0	0	0	0	0	0	0	0	0
NR_104208.1	GIN-41-MGE-S217	0	0	0	0	0	0	0	0	0
NR_103947.1	GIN-41-MGE-S217	0	0	0	0	0	0	0	0	0
NR_103939.1	GIN-41-MGE-S217	0	0	0	0	0	0	0	0	0
NR_102987.1	GIN-41-MGE-S217	0	0	0	0	0	0	0	0	0
NR_102936.1	GIN-41-MGE-S217	0	0	0	0	0	0	0	0	0
NR_102876.1	GIN-41-MGE-S217	0	0	0	0	0	0	0	0	0
NR_102852.1	GIN-41-MGE-S217	0	0	0	0	0	0	0	0	0
NR_102801.1	GIN-41-MGE-S217	0	0	0	0	0	0	0	0	0
NR_102769.1	GIN-41-MGE-S217	0	0	0	0	0	0	0	0	0
NR_102482.1	GIN-41-MGE-S217	0	0	0	0	0	0	0	0	0
NR_074142.1	GIN-41-MGE-S217	0	0	0	0	0	0	0	0	0
NR_075036.1	GIN-41-MGE-S217	0	0	0	0	0	0	0	0	0
NR_075013.1	GIN-41-MGE-S217	0	0	0	0	0	0	0	0	0
NR_075007.1	GIN-41-MGE-S217	0	0	0	0	0	0	0	0	0
NR_074979.1	GIN-41-MGE-S217	0	0	0	0	0	0	0	0	0
NR_074958.1	GIN-41-MGE-S217	0	0	0	0	0	0	0	0	0
NR_074942.1	GIN-41-MGE-S217	0	0	0	0	0	0	0	0	0
NR_074940.1	GIN-41-MGE-S217	0	0	0	0	0	0	0	0	0
NR_074916.1	GIN-41-MGE-S217	0	0	0	0	0	0	0	0	0
NR_074910.1	GIN-41-MGE-S217	0	0	0	0	0	0	0	0	0
NR_074904.1	GIN-41-MGE-S217	0	0	0	0	0	0	0	0	0
NR_074854.1	GIN-41-MGE-S217	0	0	0	0	0	0	0	0	0
NR_074799.1	GIN-41-MGE-S217	0	0	0	0	0	0	0	0	0
NR_074783.1	GIN-41-MGE-S217	0	0	0	0	0	0	0	0	0
NR_074772.1	GIN-41-MGE-S217	0	0	0	0	0	0	0	0	0
NR_074649.1	GIN-41-MGE-S217	0	0	0	0	0	0	0	0	0
NR_074629.1	GIN-41-MGE-S217	0	0	0	0	0	0	0	0	0
NR_074619.1	GIN-41-MGE-S217	0	0	0	0	0	0	0	0	0
NR_074617.1	GIN-41-MGE-S217	0	0	0	0	0	0	0	0	0
NR_074616.1	GIN-41-MGE-S217	0	0	0	0	0	0	0	0	0
NR_074605.1	GIN-41-MGE-S217	0	0	0	0	0	0	0	0	0
NR_074517.1	GIN-41-MGE-S217	0	0	0	0	0	0	0	0	0
NR_074515.1	GIN-41-MGE-S217	20	20	0	0	0	0	0	0	0
NR_074268.1	GIN-41-MGE-S217	0	0	0	0	0	0	0	0	0
NR_074246.1	GIN-41-MGE-S217	0	0	0	0	0	0	0	0	0
NR_074243.1	GIN-41-MGE-S217	0	0	0	0	0	0	0	0	0
NR_042571.2	GIN-41-MGE-S217	0	0	0	0	0	0	0	0	0
NR_042517.2	GIN-41-MGE-S217	0	0	0	0	0	0	0	0	0
NR_044918.1	GIN-41-MGE-S217	0	0	0	0	0	0	0	0	0
NR_044916.1	GIN-41-MGE-S217	0	0	0	0	0	0	0	0	0
NR_044829.1	GIN-41-MGE-S217	0	0	0	0	0	0	0	0	0
NR_044811.1	GIN-41-MGE-S217	0	0	0	0	0	0	0	0	0
NR_044783.1	GIN-41-MGE-S217	0	0	0	0	0	0	0	0	0
NR_044779.1	GIN-41-MGE-S217	0	0	0	0	0	0	0	0	0
NR_044625.1	GIN-41-MGE-S217	0	0	0	0	0	0	0	0	0
NR_044538.1	GIN-41-MGE-S217	0	0	0	0	0	0	0	0	0
NR_044482.1	GIN-41-MGE-S217	0	0	0	0	0	0	0	0	0
NR_044450.1	GIN-41-MGE-S217	0	0	0	0	0	0	0	0	0
NR_044415.1	GIN-41-MGE-S217	0	0	0	0	0	0	0	0	0
NR_044289.1	GIN-41-MGE-S217	0	0	0	0	0	0	0	0	0
NR_044286.1	GIN-41-MGE-S217	0	0	0	0	0	0	0	0	0
NR_044276.1	GIN-41-MGE-S217	0	0	0	0	0	0	0	0	0
NR_044252.1	GIN-41-MGE-S217	0	0	0	0	0	0	0	0	0
NR_044246.1	GIN-41-MGE-S217	0	0	0	0	0	0	0	0	0
NR_044240.1	GIN-41-MGE-S217	0	0	0	0	0	0	0	0	0
NR_044239.1	GIN-41-MGE-S217	0	0	0	0	0	0	0	0	0
NR_044216.1	GIN-41-MGE-S217	0	0	0	0	0	0	0	0	0
NR_044194.1	GIN-41-MGE-S217	0	0	0	0	0	0	0	0	0
NR_044176.1	GIN-41-MGE-S217	0	0	0	0	0	0	0	0	0
NR_044170.1	GIN-41-MGE-S217	0	0	0	0	0	0	0	0	0
NR_044167.1	GIN-41-MGE-S217	0	0	0	0	0	0	0	0	0
NR_044166.1	GIN-41-MGE-S217	0	0	0	0	0	0	0	0	0
NR_044137.1	GIN-41-MGE-S217	0	0	0	0	0	0	0	0	0
NR_044074.1	GIN-41-MGE-S217	0	0	0	0	0	0	0	0	0
NR_044034.1	GIN-41-MGE-S217	0	0	0	0	0	0	0	0	0
NR_044025.1	GIN-41-MGE-S217	0	0	0	0	0	0	0	0	0
NR_044021.1	GIN-41-MGE-S217	0	0	0	0	0	0	0	0	0
NR_043999.1	GIN-41-MGE-S217	0	0	0	0	0	0	0	0	0
NR_043955.1	GIN-41-MGE-S217	0	0	0	0	0	0	0	0	0
NR_043954.1	GIN-41-MGE-S217	0	0	0	0	0	0	0	0	0
NR_043896.1	GIN-41-MGE-S217	0	0	0	0	0	0	0	0	0
NR_043872.1	GIN-41-MGE-S217	0	0	0	0	0	0	0	0	0
NR_043856.1	GIN-41-MGE-S217	0	0	0	0	0	0	0	0	0
NR_043836.1	GIN-41-MGE-S217	0	0	0	0	0	0	0	0	0
NR_043808.1	GIN-41-MGE-S217	0	0	0	0	0	0	0	0	0
NR_043774.1	GIN-41-MGE-S217	0	0	0	0	0	0	0	0	0
NR_043762.1	GIN-41-MGE-S217	0	0	0	0	0	0	0	0	0
NR_043757.1	GIN-41-MGE-S217	0	0	0	0	0	0	0	0	0
NR_043755.1	GIN-41-MGE-S217	0	0	0	0	0	0	0	0	0
NR_043735.1	GIN-41-MGE-S217	0	0	0	0	0	0	0	0	0
NR_043732.1	GIN-41-MGE-S217	0	0	0	0	0	0	0	0	0
NR_043626.1	GIN-41-MGE-S217	0	0	0	0	0	0	0	0	0
NR_043620.1	GIN-41-MGE-S217	0	0	0	0	0	0	0	0	0
NR_043591.1	GIN-41-MGE-S217	0	0	0	0	0	0	0	0	0
NR_043579.1	GIN-41-MGE-S217	0	0	0	0	0	0	0	0	0
NR_043561.1	GIN-41-MGE-S217	0	0	0	0	0	0	0	0	0
NR_043533.1	GIN-41-MGE-S217	0	0	0	0	0	0	0	0	0
NR_043469.1	GIN-41-MGE-S217	0	0	0	0	0	0	0	0	0
NR_043450.1	GIN-41-MGE-S217	0	0	0	0	0	0	0	0	0
NR_043418.1	GIN-41-MGE-S217	0	0	0	0	0	0	0	0	0
NR_043408.1	GIN-41-MGE-S217	0	0	0	0	0	0	0	0	0
NR_043405.1	GIN-41-MGE-S217	0	0	0	0	0	0	0	0	0
NR_043401.1	GIN-41-MGE-S217	0	0	0	0	0	0	0	0	0
NR_043370.1	GIN-41-MGE-S217	0	0	0	0	0	0	0	0	0
NR_043362.1	GIN-41-MGE-S217	0	0	0	0	0	0	0	0	0
NR_043283.1	GIN-41-MGE-S217	0	0	0	0	0	0	0	0	0
NR_043210.1	GIN-41-MGE-S217	0	0	0	0	0	0	0	0	0
NR_043184.1	GIN-41-MGE-S217	0	0	0	0	0	0	0	0	0
NR_043163.1	GIN-41-MGE-S217	0	0	0	0	0	0	0	0	0
NR_043151.1	GIN-41-MGE-S217	0	0	0	0	0	0	0	0	0
NR_043145.1	GIN-41-MGE-S217	0	0	0	0	0	0	0	0	0
NR_043136.1	GIN-41-MGE-S217	0	0	0	0	0	0	0	0	0
NR_043105.1	GIN-41-MGE-S217	0	0	0	0	0	0	0	0	0
NR_043100.1	GIN-41-MGE-S217	0	0	0	0	0	0	0	0	0
NR_043096.1	GIN-41-MGE-S217	0	0	0	0	0	0	0	0	0
NR_043095.1	GIN-41-MGE-S217	0	0	0	0	0	0	0	0	0
NR_043073.1	GIN-41-MGE-S217	0	0	0	0	0	0	0	0	0
NR_043040.1	GIN-41-MGE-S217	0	0	0	0	0	0	0	0	0
NR_043015.1	GIN-41-MGE-S217	0	0	0	0	0	0	0	0	0
NR_043014.1	GIN-41-MGE-S217	0	0	0	0	0	0	0	0	0
NR_042974.1	GIN-41-MGE-S217	0	0	0	0	0	0	0	0	0
NR_042970.1	GIN-41-MGE-S217	0	0	0	0	0	0	0	0	0
NR_042921.1	GIN-41-MGE-S217	0	0	0	0	0	0	0	0	0
NR_042920.1	GIN-41-MGE-S217	0	0	0	0	0	0	0	0	0
NR_042911.1	GIN-41-MGE-S217	0	0	0	0	0	0	0	0	0
NR_042894.1	GIN-41-MGE-S217	0	0	0	0	0	0	0	0	0
NR_042877.1	GIN-41-MGE-S217	0	0	0	0	0	0	0	0	0
NR_042769.1	GIN-41-MGE-S217	0	0	0	0	0	0	0	0	0
NR_042712.1	GIN-41-MGE-S217	0	0	0	0	0	0	0	0	0
NR_042704.1	GIN-41-MGE-S217	0	0	0	0	0	0	0	0	0
NR_042677.1	GIN-41-MGE-S217	0	0	0	0	0	0	0	0	0
NR_042676.1	GIN-41-MGE-S217	0	0	0	0	0	0	0	0	0
NR_042675.1	GIN-41-MGE-S217	0	0	0	0	0	0	0	0	0
NR_042664.1	GIN-41-MGE-S217	0	0	0	0	0	0	0	0	0
NR_042637.1	GIN-41-MGE-S217	0	0	0	0	0	0	0	0	0
NR_042608.1	GIN-41-MGE-S217	0	0	0	0	0	0	0	0	0
NR_042600.1	GIN-41-MGE-S217	0	0	0	0	0	0	0	0	0
NR_042599.1	GIN-41-MGE-S217	0	0	0	0	0	0	0	0	0
NR_042589.1	GIN-41-MGE-S217	0	0	0	0	0	0	0	0	0
NR_042588.1	GIN-41-MGE-S217	0	0	0	0	0	0	0	0	0
NR_042585.1	GIN-41-MGE-S217	0	0	0	0	0	0	0	0	0
NR_042584.1	GIN-41-MGE-S217	0	0	0	0	0	0	0	0	0
NR_042572.1	GIN-41-MGE-S217	0	0	0	0	0	0	0	0	0
NR_042540.1	GIN-41-MGE-S217	0	0	0	0	0	0	0	0	0
NR_042539.1	GIN-41-MGE-S217	0	0	0	0	0	0	0	0	0
NR_042533.1	GIN-41-MGE-S217	0	0	0	0	0	0	0	0	0
NR_042523.1	GIN-41-MGE-S217	0	0	0	0	0	0	0	0	0
NR_042514.1	GIN-41-MGE-S217	0	0	0	0	0	0	0	0	0
NR_042511.1	GIN-41-MGE-S217	0	0	0	0	0	0	0	0	0
NR_042504.1	GIN-41-MGE-S217	0	0	0	0	0	0	0	0	0
NR_042464.1	GIN-41-MGE-S217	0	0	0	0	0	0	0	0	0
NR_042456.1	GIN-41-MGE-S217	0	0	0	0	0	0	0	0	0
NR_042447.1	GIN-41-MGE-S217	0	0	0	0	0	0	0	0	0
NR_042443.1	GIN-41-MGE-S217	0	0	0	0	0	0	0	0	0
NR_042442.1	GIN-41-MGE-S217	0	0	0	0	0	0	0	0	0
NR_042438.1	GIN-41-MGE-S217	0	0	0	0	0	0	0	0	0
NR_042437.1	GIN-41-MGE-S217	0	0	0	0	0	0	0	0	0
NR_042436.1	GIN-41-MGE-S217	0	0	0	0	0	0	0	0	0
NR_042429.1	GIN-41-MGE-S217	0	0	0	0	0	0	0	0	0
NR_042428.1	GIN-41-MGE-S217	0	0	0	0	0	0	0	0	0
NR_042417.1	GIN-41-MGE-S217	0	0	0	0	0	0	0	0	0
NR_042394.1	GIN-41-MGE-S217	0	0	0	0	0	0	0	0	0
NR_042393.1	GIN-41-MGE-S217	0	0	0	0	0	0	0	0	0
NR_042383.1	GIN-41-MGE-S217	0	0	0	0	0	0	0	0	0
NR_042378.1	GIN-41-MGE-S217	0	0	0	0	0	0	0	0	0
NR_042376.1	GIN-41-MGE-S217	0	0	0	0	0	0	0	0	0
NR_042367.1	GIN-41-MGE-S217	0	0	0	0	0	0	0	0	0
NR_042366.1	GIN-41-MGE-S217	0	0	0	0	0	0	0	0	0
NR_042359.1	GIN-41-MGE-S217	0	0	0	0	0	0	0	0	0
NR_042331.1	GIN-41-MGE-S217	0	0	0	0	0	0	0	0	0
NR_042322.1	GIN-41-MGE-S217	0	0	0	0	0	0	0	0	0
NR_042311.1	GIN-41-MGE-S217	0	0	0	0	0	0	0	0	0
NR_042286.1	GIN-41-MGE-S217	0	0	0	0	0	0	0	0	0
NR_042274.1	GIN-41-MGE-S217	0	0	0	0	0	0	0	0	0
NR_042259.1	GIN-41-MGE-S217	0	0	0	0	0	0	0	0	0
NR_042254.1	GIN-41-MGE-S217	0	0	0	0	0	0	0	0	0
NR_042243.1	GIN-41-MGE-S217	0	0	0	0	0	0	0	0	0
NR_042242.1	GIN-41-MGE-S217	0	0	0	0	0	0	0	0	0
NR_042241.1	GIN-41-MGE-S217	0	0	0	0	0	0	0	0	0
NR_042233.1	GIN-41-MGE-S217	0	0	0	0	0	0	0	0	0
NR_042231.1	GIN-41-MGE-S217	0	0	0	0	0	0	0	0	0
NR_042230.1	GIN-41-MGE-S217	0	0	0	0	0	0	0	0	0
NR_042229.1	GIN-41-MGE-S217	0	0	0	0	0	0	0	0	0
NR_042218.1	GIN-41-MGE-S217	0	0	0	0	0	0	0	0	0
NR_042213.1	GIN-41-MGE-S217	0	0	0	0	0	0	0	0	0
NR_042201.1	GIN-41-MGE-S217	0	0	0	0	0	0	0	0	0
NR_042200.1	GIN-41-MGE-S217	0	0	0	0	0	0	0	0	0
NR_042196.1	GIN-41-MGE-S217	0	0	0	0	0	0	0	0	0
NR_042195.1	GIN-41-MGE-S217	0	0	0	0	0	0	0	0	0
NR_042194.1	GIN-41-MGE-S217	0	0	0	0	0	0	0	0	0
NR_042190.1	GIN-41-MGE-S217	0	0	0	0	0	0	0	0	0
NR_042168.1	GIN-41-MGE-S217	0	0	0	0	0	0	0	0	0
NR_042161.1	GIN-41-MGE-S217	0	0	0	0	0	0	0	0	0
NR_042160.1	GIN-41-MGE-S217	0	0	0	0	0	0	0	0	0
NR_042136.1	GIN-41-MGE-S217	0	0	0	0	0	0	0	0	0
NR_042114.1	GIN-41-MGE-S217	0	0	0	0	0	0	0	0	0
NR_042095.1	GIN-41-MGE-S217	0	0	0	0	0	0	0	0	0
NR_042084.1	GIN-41-MGE-S217	0	0	0	0	0	0	0	0	0
NR_042083.1	GIN-41-MGE-S217	0	0	0	0	0	0	0	0	0
NR_042044.1	GIN-41-MGE-S217	0	0	0	0	0	0	0	0	0
NR_042035.1	GIN-41-MGE-S217	0	0	0	0	0	0	0	0	0
NR_042024.1	GIN-41-MGE-S217	0	0	0	0	0	0	0	0	0
NR_041959.1	GIN-41-MGE-S217	0	0	0	0	0	0	0	0	0
NR_041912.1	GIN-41-MGE-S217	0	0	0	0	0	0	0	0	0
NR_041871.1	GIN-41-MGE-S217	0	0	0	0	0	0	0	0	0
NR_041854.1	GIN-41-MGE-S217	0	0	0	0	0	0	0	0	0
NR_041853.1	GIN-41-MGE-S217	0	0	0	0	0	0	0	0	0
NR_041844.1	GIN-41-MGE-S217	0	0	0	0	0	0	0	0	0
NR_041812.1	GIN-41-MGE-S217	0	0	0	0	0	0	0	0	0
NR_041796.1	GIN-41-MGE-S217	0	0	0	0	0	0	0	0	0
NR_041770.1	GIN-41-MGE-S217	0	0	0	0	0	0	0	0	0
NR_041744.1	GIN-41-MGE-S217	0	0	0	0	0	0	0	0	0
NR_041743.1	GIN-41-MGE-S217	0	0	0	0	0	0	0	0	0
NR_041737.1	GIN-41-MGE-S217	0	0	0	0	0	0	0	0	0
NR_041701.1	GIN-41-MGE-S217	0	0	0	0	0	0	0	0	0
NR_041685.1	GIN-41-MGE-S217	0	0	0	0	0	0	0	0	0
NR_041659.1	GIN-41-MGE-S217	0	0	0	0	0	0	0	0	0
NR_041658.1	GIN-41-MGE-S217	0	0	0	0	0	0	0	0	0
NR_041657.1	GIN-41-MGE-S217	0	0	0	0	0	0	0	0	0
NR_041656.1	GIN-41-MGE-S217	0	0	0	0	0	0	0	0	0
NR_041655.1	GIN-41-MGE-S217	0	0	0	0	0	0	0	0	0
NR_041641.1	GIN-41-MGE-S217	0	0	0	0	0	0	0	0	0
NR_041629.1	GIN-41-MGE-S217	0	0	0	0	0	0	0	0	0
NR_041611.1	GIN-41-MGE-S217	0	0	0	0	0	0	0	0	0
NR_041610.1	GIN-41-MGE-S217	0	0	0	0	0	0	0	0	0
NR_041584.1	GIN-41-MGE-S217	0	0	0	0	0	0	0	0	0
NR_041571.1	GIN-41-MGE-S217	0	0	0	0	0	0	0	0	0
NR_041566.1	GIN-41-MGE-S217	0	0	0	0	0	0	0	0	0
NR_041540.1	GIN-41-MGE-S217	0	0	0	0	0	0	0	0	0
NR_041523.1	GIN-41-MGE-S217	0	0	0	0	0	0	0	0	0
NR_041509.1	GIN-41-MGE-S217	0	0	0	0	0	0	0	0	0
NR_041506.1	GIN-41-MGE-S217	0	0	0	0	0	0	0	0	0
NR_041498.1	GIN-41-MGE-S217	0	0	0	0	0	0	0	0	0
NR_041494.1	GIN-41-MGE-S217	0	0	0	0	0	0	0	0	0
NR_041468.1	GIN-41-MGE-S217	0	0	0	0	0	0	0	0	0
NR_041467.1	GIN-41-MGE-S217	0	0	0	0	0	0	0	0	0
NR_041465.1	GIN-41-MGE-S217	0	0	0	0	0	0	0	0	0
NR_041461.1	GIN-41-MGE-S217	0	0	0	0	0	0	0	0	0
NR_041457.1	GIN-41-MGE-S217	0	0	0	0	0	0	0	0	0
NR_041456.1	GIN-41-MGE-S217	0	0	0	0	0	0	0	0	0
NR_041454.1	GIN-41-MGE-S217	0	0	0	0	0	0	0	0	0
NR_041447.1	GIN-41-MGE-S217	0	0	0	0	0	0	0	0	0
NR_041446.1	GIN-41-MGE-S217	1	1	0	0	0	0	0	0	0
NR_041414.1	GIN-41-MGE-S217	0	0	0	0	0	0	0	0	0
NR_041413.1	GIN-41-MGE-S217	0	0	0	0	0	0	0	0	0
NR_041381.1	GIN-41-MGE-S217	0	0	0	0	0	0	0	0	0
NR_041379.1	GIN-41-MGE-S217	0	0	0	0	0	0	0	0	0
NR_041378.1	GIN-41-MGE-S217	0	0	0	0	0	0	0	0	0
NR_041377.1	GIN-41-MGE-S217	0	0	0	0	0	0	0	0	0
NR_041368.1	GIN-41-MGE-S217	0	0	0	0	0	0	0	0	0
NR_041351.1	GIN-41-MGE-S217	3	3	0	0	0	0	0	0	0
NR_041328.1	GIN-41-MGE-S217	0	0	0	0	0	0	0	0	0
NR_041327.1	GIN-41-MGE-S217	0	0	0	0	0	0	0	0	0
NR_041326.1	GIN-41-MGE-S217	0	0	0	0	0	0	0	0	0
NR_041300.1	GIN-41-MGE-S217	0	0	0	0	0	0	0	0	0
NR_041294.1	GIN-41-MGE-S217	0	0	0	0	0	0	0	0	0
NR_041293.1	GIN-41-MGE-S217	0	0	0	0	0	0	0	0	0
NR_041278.1	GIN-41-MGE-S217	0	0	0	0	0	0	0	0	0
NR_041277.1	GIN-41-MGE-S217	98	98	0	0	0	0	0	0	0
NR_041275.1	GIN-41-MGE-S217	0	0	0	0	0	0	0	0	0
NR_041263.1	GIN-41-MGE-S217	0	0	0	0	0	0	0	0	0
NR_041241.1	GIN-41-MGE-S217	0	0	0	0	0	0	0	0	0
NR_041235.1	GIN-41-MGE-S217	0	0	0	0	0	0	0	0	0
NR_041218.1	GIN-41-MGE-S217	0	0	0	0	0	0	0	0	0
NR_041210.1	GIN-41-MGE-S217	0	0	0	0	0	0	0	0	0
NR_041195.1	GIN-41-MGE-S217	0	0	0	0	0	0	0	0	0
NR_041193.1	GIN-41-MGE-S217	0	0	0	0	0	0	0	0	0
NR_041180.1	GIN-41-MGE-S217	0	0	0	0	0	0	0	0	0
NR_041127.1	GIN-41-MGE-S217	0	0	0	0	0	0	0	0	0
NR_041110.1	GIN-41-MGE-S217	0	0	0	0	0	0	0	0	0
NR_041100.1	GIN-41-MGE-S217	0	0	0	0	0	0	0	0	0
NR_041087.1	GIN-41-MGE-S217	0	0	0	0	0	0	0	0	0
NR_041071.1	GIN-41-MGE-S217	0	0	0	0	0	0	0	0	0
NR_041054.1	GIN-41-MGE-S217	0	0	0	0	0	0	0	0	0
NR_041007.1	GIN-41-MGE-S217	0	0	0	0	0	0	0	0	0
NR_040991.1	GIN-41-MGE-S217	0	0	0	0	0	0	0	0	0
NR_040977.1	GIN-41-MGE-S217	0	0	0	0	0	0	0	0	0
NR_040959.1	GIN-41-MGE-S217	0	0	0	0	0	0	0	0	0
NR_040958.1	GIN-41-MGE-S217	0	0	0	0	0	0	0	0	0
NR_040957.1	GIN-41-MGE-S217	0	0	0	0	0	0	0	0	0
NR_040880.1	GIN-41-MGE-S217	0	0	0	0	0	0	0	0	0
NR_040852.1	GIN-41-MGE-S217	0	0	0	0	0	0	0	0	0
NR_040851.1	GIN-41-MGE-S217	0	0	0	0	0	0	0	0	0
NR_040850.1	GIN-41-MGE-S217	0	0	0	0	0	0	0	0	0
NR_040849.1	GIN-41-MGE-S217	0	0	0	0	0	0	0	0	0
NR_040848.1	GIN-41-MGE-S217	0	0	0	0	0	0	0	0	0
NR_040834.1	GIN-41-MGE-S217	0	0	0	0	0	0	0	0	0
NR_040833.1	GIN-41-MGE-S217	0	0	0	0	0	0	0	0	0
NR_040826.1	GIN-41-MGE-S217	0	0	0	0	0	0	0	0	0
NR_040806.1	GIN-41-MGE-S217	0	0	0	0	0	0	0	0	0
NR_040799.1	GIN-41-MGE-S217	0	0	0	0	0	0	0	0	0
NR_040793.1	GIN-41-MGE-S217	0	0	0	0	0	0	0	0	0
NR_040792.1	GIN-41-MGE-S217	0	0	0	0	0	0	0	0	0
NR_044638.1	GIN-41-MGE-S217	0	0	0	0	0	0	0	0	0
NR_044549.1	GIN-41-MGE-S217	0	0	0	0	0	0	0	0	0
NR_044546.1	GIN-41-MGE-S217	0	0	0	0	0	0	0	0	0
NR_044537.1	GIN-41-MGE-S217	0	0	0	0	0	0	0	0	0
NR_044536.1	GIN-41-MGE-S217	0	0	0	0	0	0	0	0	0
NR_044533.1	GIN-41-MGE-S217	0	0	0	0	0	0	0	0	0
NR_044494.1	GIN-41-MGE-S217	0	0	0	0	0	0	0	0	0
NR_044493.1	GIN-41-MGE-S217	0	0	0	0	0	0	0	0	0
NR_044394.1	GIN-41-MGE-S217	0	0	0	0	0	0	0	0	0
NR_044384.1	GIN-41-MGE-S217	0	0	0	0	0	0	0	0	0
NR_044354.1	GIN-41-MGE-S217	0	0	0	0	0	0	0	0	0
NR_044295.1	GIN-41-MGE-S217	0	0	0	0	0	0	0	0	0
NR_044280.1	GIN-41-MGE-S217	0	0	0	0	0	0	0	0	0
NR_044262.1	GIN-41-MGE-S217	0	0	0	0	0	0	0	0	0
NR_044253.1	GIN-41-MGE-S217	0	0	0	0	0	0	0	0	0
NR_044204.1	GIN-41-MGE-S217	0	0	0	0	0	0	0	0	0
NR_044114.1	GIN-41-MGE-S217	0	0	0	0	0	0	0	0	0
NR_044050.1	GIN-41-MGE-S217	0	0	0	0	0	0	0	0	0
NR_044009.1	GIN-41-MGE-S217	0	0	0	0	0	0	0	0	0
NR_043993.1	GIN-41-MGE-S217	0	0	0	0	0	0	0	0	0
NR_043901.1	GIN-41-MGE-S217	0	0	0	0	0	0	0	0	0
NR_043884.1	GIN-41-MGE-S217	0	0	0	0	0	0	0	0	0
NR_043783.1	GIN-41-MGE-S217	0	0	0	0	0	0	0	0	0
NR_043760.1	GIN-41-MGE-S217	0	0	0	0	0	0	0	0	0
NR_043756.1	GIN-41-MGE-S217	0	0	0	0	0	0	0	0	0
NR_043727.1	GIN-41-MGE-S217	0	0	0	0	0	0	0	0	0
NR_043682.1	GIN-41-MGE-S217	0	0	0	0	0	0	0	0	0
NR_043681.1	GIN-41-MGE-S217	0	0	0	0	0	0	0	0	0
NR_043680.1	GIN-41-MGE-S217	0	0	0	0	0	0	0	0	0
NR_043581.1	GIN-41-MGE-S217	0	0	0	0	0	0	0	0	0
NR_043580.1	GIN-41-MGE-S217	0	0	0	0	0	0	0	0	0
NR_043567.1	GIN-41-MGE-S217	0	0	0	0	0	0	0	0	0
NR_043530.1	GIN-41-MGE-S217	0	0	0	0	0	0	0	0	0
NR_043521.1	GIN-41-MGE-S217	0	0	0	0	0	0	0	0	0
NR_043509.1	GIN-41-MGE-S217	0	0	0	0	0	0	0	0	0
NR_043484.1	GIN-41-MGE-S217	0	0	0	0	0	0	0	0	0
NR_043334.1	GIN-41-MGE-S217	0	0	0	0	0	0	0	0	0
NR_043325.1	GIN-41-MGE-S217	0	0	0	0	0	0	0	0	0
NR_043268.1	GIN-41-MGE-S217	0	0	0	0	0	0	0	0	0
NR_043148.1	GIN-41-MGE-S217	0	0	0	0	0	0	0	0	0
NR_043146.1	GIN-41-MGE-S217	0	0	0	0	0	0	0	0	0
NR_043114.1	GIN-41-MGE-S217	0	0	0	0	0	0	0	0	0
NR_043112.1	GIN-41-MGE-S217	0	0	0	0	0	0	0	0	0
NR_043092.1	GIN-41-MGE-S217	0	0	0	0	0	0	0	0	0
NR_043084.1	GIN-41-MGE-S217	0	0	0	0	0	0	0	0	0
NR_043082.1	GIN-41-MGE-S217	0	0	0	0	0	0	0	0	0
NR_043069.1	GIN-41-MGE-S217	0	0	0	0	0	0	0	0	0
NR_043038.1	GIN-41-MGE-S217	0	0	0	0	0	0	0	0	0
NR_043035.1	GIN-41-MGE-S217	0	0	0	0	0	0	0	0	0
NR_042961.1	GIN-41-MGE-S217	0	0	0	0	0	0	0	0	0
NR_042959.1	GIN-41-MGE-S217	0	0	0	0	0	0	0	0	0
NR_042955.1	GIN-41-MGE-S217	0	0	0	0	0	0	0	0	0
NR_042946.1	GIN-41-MGE-S217	0	0	0	0	0	0	0	0	0
NR_042944.1	GIN-41-MGE-S217	0	0	0	0	0	0	0	0	0
NR_042924.1	GIN-41-MGE-S217	0	0	0	0	0	0	0	0	0
NR_042905.1	GIN-41-MGE-S217	0	0	0	0	0	0	0	0	0
NR_042745.1	GIN-41-MGE-S217	0	0	0	0	0	0	0	0	0
NR_042742.1	GIN-41-MGE-S217	0	0	0	0	0	0	0	0	0
NR_041918.1	GIN-41-MGE-S217	0	0	0	0	0	0	0	0	0
NR_041917.1	GIN-41-MGE-S217	0	0	0	0	0	0	0	0	0
NR_041913.1	GIN-41-MGE-S217	0	0	0	0	0	0	0	0	0
NR_041903.1	GIN-41-MGE-S217	0	0	0	0	0	0	0	0	0
NR_041893.1	GIN-41-MGE-S217	0	0	0	0	0	0	0	0	0
NR_041891.1	GIN-41-MGE-S217	0	0	0	0	0	0	0	0	0
NR_037130.1	GIN-41-MGE-S217	0	0	0	0	0	0	0	0	0
NR_037123.1	GIN-41-MGE-S217	0	0	0	0	0	0	0	0	0
NR_037122.1	GIN-41-MGE-S217	0	0	0	0	0	0	0	0	0
NR_037081.1	GIN-41-MGE-S217	0	0	0	0	0	0	0	0	0
NR_037074.1	GIN-41-MGE-S217	0	0	0	0	0	0	0	0	0
NR_037068.1	GIN-41-MGE-S217	0	0	0	0	0	0	0	0	0
NR_037058.1	GIN-41-MGE-S217	0	0	0	0	0	0	0	0	0
NR_037046.1	GIN-41-MGE-S217	0	0	0	0	0	0	0	0	0
NR_037004.1	GIN-41-MGE-S217	0	0	0	0	0	0	0	0	0
NR_037000.1	GIN-41-MGE-S217	0	0	0	0	0	0	0	0	0
NR_036973.1	GIN-41-MGE-S217	0	0	0	0	0	0	0	0	0
NR_036940.1	GIN-41-MGE-S217	0	0	0	0	0	0	0	0	0
NR_036889.1	GIN-41-MGE-S217	0	0	0	0	0	0	0	0	0
NR_036887.1	GIN-41-MGE-S217	0	0	0	0	0	0	0	0	0
NR_036879.1	GIN-41-MGE-S217	0	0	0	0	0	0	0	0	0
NR_036861.1	GIN-41-MGE-S217	0	0	0	0	0	0	0	0	0
NR_036855.1	GIN-41-MGE-S217	0	0	0	0	0	0	0	0	0
NR_036841.1	GIN-41-MGE-S217	0	0	0	0	0	0	0	0	0
NR_036826.1	GIN-41-MGE-S217	0	0	0	0	0	0	0	0	0
NR_036819.1	GIN-41-MGE-S217	0	0	0	0	0	0	0	0	0
NR_036789.1	GIN-41-MGE-S217	0	0	0	0	0	0	0	0	0
NR_036766.1	GIN-41-MGE-S217	0	0	0	0	0	0	0	0	0
NR_029360.1	GIN-41-MGE-S217	0	0	0	0	0	0	0	0	0
NR_029351.1	GIN-41-MGE-S217	0	0	0	0	0	0	0	0	0
NR_029349.1	GIN-41-MGE-S217	0	0	0	0	0	0	0	0	0
NR_029341.1	GIN-41-MGE-S217	0	0	0	0	0	0	0	0	0
NR_029266.1	GIN-41-MGE-S217	0	0	0	0	0	0	0	0	0
NR_029238.1	GIN-41-MGE-S217	0	0	0	0	0	0	0	0	0
NR_029215.1	GIN-41-MGE-S217	0	0	0	0	0	0	0	0	0
NR_029174.1	GIN-41-MGE-S217	0	0	0	0	0	0	0	0	0
NR_029166.1	GIN-41-MGE-S217	0	0	0	0	0	0	0	0	0
NR_029152.1	GIN-41-MGE-S217	0	0	0	0	0	0	0	0	0
NR_029151.1	GIN-41-MGE-S217	0	0	0	0	0	0	0	0	0
NR_029137.1	GIN-41-MGE-S217	0	0	0	0	0	0	0	0	0
NR_029133.1	GIN-41-MGE-S217	0	0	0	0	0	0	0	0	0
NR_029118.1	GIN-41-MGE-S217	0	0	0	0	0	0	0	0	0
NR_029114.1	GIN-41-MGE-S217	0	0	0	0	0	0	0	0	0
NR_029085.1	GIN-41-MGE-S217	0	0	0	0	0	0	0	0	0
NR_029084.1	GIN-41-MGE-S217	0	0	0	0	0	0	0	0	0
NR_029077.1	GIN-41-MGE-S217	0	0	0	0	0	0	0	0	0
NR_029039.1	GIN-41-MGE-S217	0	0	0	0	0	0	0	0	0
NR_029022.1	GIN-41-MGE-S217	0	0	0	0	0	0	0	0	0
NR_029018.1	GIN-41-MGE-S217	0	0	0	0	0	0	0	0	0
NR_029014.1	GIN-41-MGE-S217	0	0	0	0	0	0	0	0	0
NR_029003.1	GIN-41-MGE-S217	0	0	0	0	0	0	0	0	0
NR_029002.1	GIN-41-MGE-S217	0	0	0	0	0	0	0	0	0
NR_028990.1	GIN-41-MGE-S217	0	0	0	0	0	0	0	0	0
NR_028970.1	GIN-41-MGE-S217	0	0	0	0	0	0	0	0	0
NR_028949.1	GIN-41-MGE-S217	0	0	0	0	0	0	0	0	0
NR_028905.1	GIN-41-MGE-S217	0	0	0	0	0	0	0	0	0
NR_028902.1	GIN-41-MGE-S217	0	0	0	0	0	0	0	0	0
NR_028901.1	GIN-41-MGE-S217	0	0	0	0	0	0	0	0	0
NR_028895.1	GIN-41-MGE-S217	0	0	0	0	0	0	0	0	0
NR_028894.1	GIN-41-MGE-S217	0	0	0	0	0	0	0	0	0
NR_028884.1	GIN-41-MGE-S217	0	0	0	0	0	0	0	0	0
NR_028858.1	GIN-41-MGE-S217	0	0	0	0	0	0	0	0	0
NR_028852.1	GIN-41-MGE-S217	0	0	0	0	0	0	0	0	0
NR_028829.1	GIN-41-MGE-S217	0	0	0	0	0	0	0	0	0
NR_028819.1	GIN-41-MGE-S217	0	0	0	0	0	0	0	0	0
NR_028813.1	GIN-41-MGE-S217	0	0	0	0	0	0	0	0	0
NR_028810.1	GIN-41-MGE-S217	0	0	0	0	0	0	0	0	0
NR_028776.1	GIN-41-MGE-S217	0	0	0	0	0	0	0	0	0
NR_028775.1	GIN-41-MGE-S217	0	0	0	0	0	0	0	0	0
NR_028770.1	GIN-41-MGE-S217	0	0	0	0	0	0	0	0	0
NR_028741.1	GIN-41-MGE-S217	0	0	0	0	0	0	0	0	0
NR_028738.1	GIN-41-MGE-S217	0	0	0	0	0	0	0	0	0
NR_028726.1	GIN-41-MGE-S217	0	0	0	0	0	0	0	0	0
NR_028709.1	GIN-41-MGE-S217	0	0	0	0	0	0	0	0	0
NR_028699.1	GIN-41-MGE-S217	0	0	0	0	0	0	0	0	0
NR_028695.1	GIN-41-MGE-S217	0	0	0	0	0	0	0	0	0
NR_028689.1	GIN-41-MGE-S217	0	0	0	0	0	0	0	0	0
NR_028658.1	GIN-41-MGE-S217	0	0	0	0	0	0	0	0	0
NR_028630.1	GIN-41-MGE-S217	0	0	0	0	0	0	0	0	0
NR_028624.1	GIN-41-MGE-S217	0	0	0	0	0	0	0	0	0
NR_028623.1	GIN-41-MGE-S217	0	0	0	0	0	0	0	0	0
NR_028620.1	GIN-41-MGE-S217	0	0	0	0	0	0	0	0	0
NR_028617.1	GIN-41-MGE-S217	0	0	0	0	0	0	0	0	0
NR_028613.1	GIN-41-MGE-S217	0	0	0	0	0	0	0	0	0
NR_028611.1	GIN-41-MGE-S217	0	0	0	0	0	0	0	0	0
NR_028610.1	GIN-41-MGE-S217	0	0	0	0	0	0	0	0	0
NR_027579.1	GIN-41-MGE-S217	0	0	0	0	0	0	0	0	0
NR_027575.1	GIN-41-MGE-S217	0	0	0	0	0	0	0	0	0
NR_027551.1	GIN-41-MGE-S217	0	0	0	0	0	0	0	0	0
NR_027525.1	GIN-41-MGE-S217	0	0	0	0	0	0	0	0	0
NR_027222.1	GIN-41-MGE-S217	0	0	0	0	0	0	0	0	0
NR_027210.1	GIN-41-MGE-S217	0	0	0	0	0	0	0	0	0
NR_027206.1	GIN-41-MGE-S217	0	0	0	0	0	0	0	0	0
NR_027190.1	GIN-41-MGE-S217	0	0	0	0	0	0	0	0	0
NR_025626.1	GIN-41-MGE-S217	0	0	0	0	0	0	0	0	0
NR_025591.1	GIN-41-MGE-S217	0	0	0	0	0	0	0	0	0
NR_025590.1	GIN-41-MGE-S217	0	0	0	0	0	0	0	0	0
NR_025580.1	GIN-41-MGE-S217	0	0	0	0	0	0	0	0	0
NR_025579.1	GIN-41-MGE-S217	0	0	0	0	0	0	0	0	0
NR_025576.1	GIN-41-MGE-S217	0	0	0	0	0	0	0	0	0
NR_025568.1	GIN-41-MGE-S217	0	0	0	0	0	0	0	0	0
NR_025567.1	GIN-41-MGE-S217	7	7	0	0	0	0	0	0	0
NR_025520.1	GIN-41-MGE-S217	0	0	0	0	0	0	0	0	0
NR_025511.1	GIN-41-MGE-S217	0	0	0	0	0	0	0	0	0
NR_025473.1	GIN-41-MGE-S217	0	0	0	0	0	0	0	0	0
NR_025447.1	GIN-41-MGE-S217	0	0	0	0	0	0	0	0	0
NR_025446.1	GIN-41-MGE-S217	0	0	0	0	0	0	0	0	0
NR_025395.1	GIN-41-MGE-S217	0	0	0	0	0	0	0	0	0
NR_025393.1	GIN-41-MGE-S217	0	0	0	0	0	0	0	0	0
NR_025373.1	GIN-41-MGE-S217	0	0	0	0	0	0	0	0	0
NR_025371.1	GIN-41-MGE-S217	0	0	0	0	0	0	0	0	0
NR_025370.1	GIN-41-MGE-S217	0	0	0	0	0	0	0	0	0
NR_025279.1	GIN-41-MGE-S217	0	0	0	0	0	0	0	0	0
NR_025264.1	GIN-41-MGE-S217	0	0	0	0	0	0	0	0	0
NR_026099.2	GIN-41-MGE-S217	0	0	0	0	0	0	0	0	0
NR_025250.1	GIN-41-MGE-S217	0	0	0	0	0	0	0	0	0
NR_025245.1	GIN-41-MGE-S217	0	0	0	0	0	0	0	0	0
NR_025241.1	GIN-41-MGE-S217	0	0	0	0	0	0	0	0	0
NR_025240.1	GIN-41-MGE-S217	0	0	0	0	0	0	0	0	0
NR_025223.1	GIN-41-MGE-S217	0	0	0	0	0	0	0	0	0
NR_025215.1	GIN-41-MGE-S217	0	0	0	0	0	0	0	0	0
NR_025200.1	GIN-41-MGE-S217	0	0	0	0	0	0	0	0	0
NR_025189.1	GIN-41-MGE-S217	0	0	0	0	0	0	0	0	0
NR_025187.1	GIN-41-MGE-S217	0	0	0	0	0	0	0	0	0
NR_025184.1	GIN-41-MGE-S217	0	0	0	0	0	0	0	0	0
NR_025183.1	GIN-41-MGE-S217	0	0	0	0	0	0	0	0	0
NR_025181.1	GIN-41-MGE-S217	0	0	0	0	0	0	0	0	0
NR_025180.1	GIN-41-MGE-S217	0	0	0	0	0	0	0	0	0
NR_025179.1	GIN-41-MGE-S217	0	0	0	0	0	0	0	0	0
NR_025178.1	GIN-41-MGE-S217	0	0	0	0	0	0	0	0	0
NR_025176.1	GIN-41-MGE-S217	0	0	0	0	0	0	0	0	0
NR_025150.1	GIN-41-MGE-S217	0	0	0	0	0	0	0	0	0
NR_025136.1	GIN-41-MGE-S217	0	0	0	0	0	0	0	0	0
NR_025134.1	GIN-41-MGE-S217	0	0	0	0	0	0	0	0	0
NR_025122.1	GIN-41-MGE-S217	0	0	0	0	0	0	0	0	0
NR_025099.1	GIN-41-MGE-S217	0	0	0	0	0	0	0	0	0
NR_025091.1	GIN-41-MGE-S217	0	0	0	0	0	0	0	0	0
NR_025090.1	GIN-41-MGE-S217	0	0	0	0	0	0	0	0	0
NR_025070.1	GIN-41-MGE-S217	0	0	0	0	0	0	0	0	0
NR_025068.1	GIN-41-MGE-S217	0	0	0	0	0	0	0	0	0
NR_025067.1	GIN-41-MGE-S217	0	0	0	0	0	0	0	0	0
NR_025066.1	GIN-41-MGE-S217	0	0	0	0	0	0	0	0	0
NR_025065.1	GIN-41-MGE-S217	0	0	0	0	0	0	0	0	0
NR_025064.1	GIN-41-MGE-S217	0	0	0	0	0	0	0	0	0
NR_025063.1	GIN-41-MGE-S217	0	0	0	0	0	0	0	0	0
NR_025062.1	GIN-41-MGE-S217	0	0	0	0	0	0	0	0	0
NR_025061.1	GIN-41-MGE-S217	0	0	0	0	0	0	0	0	0
NR_025060.1	GIN-41-MGE-S217	0	0	0	0	0	0	0	0	0
NR_025045.1	GIN-41-MGE-S217	0	0	0	0	0	0	0	0	0
NR_025011.1	GIN-41-MGE-S217	0	0	0	0	0	0	0	0	0
NR_024994.1	GIN-41-MGE-S217	0	0	0	0	0	0	0	0	0
NR_024970.1	GIN-41-MGE-S217	0	0	0	0	0	0	0	0	0
NR_024947.1	GIN-41-MGE-S217	0	0	0	0	0	0	0	0	0
NR_024942.1	GIN-41-MGE-S217	0	0	0	0	0	0	0	0	0
NR_024907.1	GIN-41-MGE-S217	0	0	0	0	0	0	0	0	0
NR_024900.1	GIN-41-MGE-S217	0	0	0	0	0	0	0	0	0
NR_024895.1	GIN-41-MGE-S217	0	0	0	0	0	0	0	0	0
NR_024887.1	GIN-41-MGE-S217	0	0	0	0	0	0	0	0	0
NR_024835.1	GIN-41-MGE-S217	0	0	0	0	0	0	0	0	0
NR_024829.1	GIN-41-MGE-S217	0	0	0	0	0	0	0	0	0
NR_024817.1	GIN-41-MGE-S217	0	0	0	0	0	0	0	0	0
NR_024808.1	GIN-41-MGE-S217	0	0	0	0	0	0	0	0	0
NR_024798.1	GIN-41-MGE-S217	0	0	0	0	0	0	0	0	0
NR_024766.1	GIN-41-MGE-S217	0	0	0	0	0	0	0	0	0
NR_024735.1	GIN-41-MGE-S217	0	0	0	0	0	0	0	0	0
NR_024718.1	GIN-41-MGE-S217	0	0	0	0	0	0	0	0	0
NR_024708.1	GIN-41-MGE-S217	0	0	0	0	0	0	0	0	0
NR_024695.1	GIN-41-MGE-S217	0	0	0	0	0	0	0	0	0
NR_024691.1	GIN-41-MGE-S217	0	0	0	0	0	0	0	0	0
NR_024675.1	GIN-41-MGE-S217	0	0	0	0	0	0	0	0	0
NR_024670.1	GIN-41-MGE-S217	0	0	0	0	0	0	0	0	0
NR_024645.1	GIN-41-MGE-S217	0	0	0	0	0	0	0	0	0
NR_026536.1	GIN-41-MGE-S217	0	0	0	0	0	0	0	0	0
NR_026531.1	GIN-41-MGE-S217	0	0	0	0	0	0	0	0	0
NR_026526.1	GIN-41-MGE-S217	0	0	0	0	0	0	0	0	0
NR_026494.1	GIN-41-MGE-S217	0	0	0	0	0	0	0	0	0
NR_026493.1	GIN-41-MGE-S217	5	5	0	0	0	0	0	0	0
NR_026486.1	GIN-41-MGE-S217	0	0	0	0	0	0	0	0	0
NR_026482.1	GIN-41-MGE-S217	0	0	0	0	0	0	0	0	0
NR_026447.1	GIN-41-MGE-S217	0	0	0	0	0	0	0	0	0
NR_026445.1	GIN-41-MGE-S217	0	0	0	0	0	0	0	0	0
NR_026438.1	GIN-41-MGE-S217	0	0	0	0	0	0	0	0	0
NR_026409.1	GIN-41-MGE-S217	3	3	0	0	0	0	0	0	0
NR_026404.1	GIN-41-MGE-S217	0	0	0	0	0	0	0	0	0
NR_026363.1	GIN-41-MGE-S217	0	0	0	0	0	0	0	0	0
NR_026351.1	GIN-41-MGE-S217	0	0	0	0	0	0	0	0	0
NR_026348.1	GIN-41-MGE-S217	0	0	0	0	0	0	0	0	0
NR_026339.1	GIN-41-MGE-S217	0	0	0	0	0	0	0	0	0
NR_026310.1	GIN-41-MGE-S217	0	0	0	0	0	0	0	0	0
NR_026309.1	GIN-41-MGE-S217	0	0	0	0	0	0	0	0	0
NR_026303.1	GIN-41-MGE-S217	0	0	0	0	0	0	0	0	0
NR_026286.1	GIN-41-MGE-S217	0	0	0	0	0	0	0	0	0
NR_026255.1	GIN-41-MGE-S217	0	0	0	0	0	0	0	0	0
NR_026244.1	GIN-41-MGE-S217	0	0	0	0	0	0	0	0	0
NR_026225.1	GIN-41-MGE-S217	0	0	0	0	0	0	0	0	0
NR_026147.1	GIN-41-MGE-S217	0	0	0	0	0	0	0	0	0
NR_026146.1	GIN-41-MGE-S217	0	0	0	0	0	0	0	0	0
NR_026145.1	GIN-41-MGE-S217	0	0	0	0	0	0	0	0	0
NR_026144.1	GIN-41-MGE-S217	0	0	0	0	0	0	0	0	0
NR_026143.1	GIN-41-MGE-S217	0	0	0	0	0	0	0	0	0
NR_026141.1	GIN-41-MGE-S217	0	0	0	0	0	0	0	0	0
NR_026140.1	GIN-41-MGE-S217	0	0	0	0	0	0	0	0	0
NR_026139.1	GIN-41-MGE-S217	0	0	0	0	0	0	0	0	0
NR_026138.1	GIN-41-MGE-S217	0	0	0	0	0	0	0	0	0
NR_026133.1	GIN-41-MGE-S217	0	0	0	0	0	0	0	0	0
NR_026093.1	GIN-41-MGE-S217	0	0	0	0	0	0	0	0	0
NR_026077.1	GIN-41-MGE-S217	0	0	0	0	0	0	0	0	0
NR_026076.1	GIN-41-MGE-S217	0	0	0	0	0	0	0	0	0
NR_026039.1	GIN-41-MGE-S217	0	0	0	0	0	0	0	0	0
NR_026034.1	GIN-41-MGE-S217	0	0	0	0	0	0	0	0	0
NR_026017.1	GIN-41-MGE-S217	0	0	0	0	0	0	0	0	0
NR_026010.1	GIN-41-MGE-S217	0	0	0	0	0	0	0	0	0
NR_025986.1	GIN-41-MGE-S217	0	0	0	0	0	0	0	0	0
NR_025977.1	GIN-41-MGE-S217	0	0	0	0	0	0	0	0	0
NR_025968.1	GIN-41-MGE-S217	0	0	0	0	0	0	0	0	0
NR_025963.1	GIN-41-MGE-S217	0	0	0	0	0	0	0	0	0
NR_025954.1	GIN-41-MGE-S217	0	0	0	0	0	0	0	0	0
NR_025917.1	GIN-41-MGE-S217	0	0	0	0	0	0	0	0	0
NR_025915.1	GIN-41-MGE-S217	0	0	0	0	0	0	0	0	0
NR_025914.1	GIN-41-MGE-S217	0	0	0	0	0	0	0	0	0
NR_025913.1	GIN-41-MGE-S217	0	0	0	0	0	0	0	0	0
NR_025911.1	GIN-41-MGE-S217	0	0	0	0	0	0	0	0	0
NR_025905.1	GIN-41-MGE-S217	0	0	0	0	0	0	0	0	0
NR_025880.1	GIN-41-MGE-S217	0	0	0	0	0	0	0	0	0
NR_025842.1	GIN-41-MGE-S217	0	0	0	0	0	0	0	0	0
NR_025836.1	GIN-41-MGE-S217	0	0	0	0	0	0	0	0	0
NR_025818.1	GIN-41-MGE-S217	0	0	0	0	0	0	0	0	0
NR_025817.1	GIN-41-MGE-S217	0	0	0	0	0	0	0	0	0
NR_025816.1	GIN-41-MGE-S217	0	0	0	0	0	0	0	0	0
NR_025814.1	GIN-41-MGE-S217	0	0	0	0	0	0	0	0	0
NR_025810.1	GIN-41-MGE-S217	0	0	0	0	0	0	0	0	0
NR_025809.1	GIN-41-MGE-S217	0	0	0	0	0	0	0	0	0
NR_025789.1	GIN-41-MGE-S217	0	0	0	0	0	0	0	0	0
NR_025786.1	GIN-41-MGE-S217	0	0	0	0	0	0	0	0	0
NR_025785.1	GIN-41-MGE-S217	0	0	0	0	0	0	0	0	0
NR_025766.1	GIN-41-MGE-S217	0	0	0	0	0	0	0	0	0
NR_025765.1	GIN-41-MGE-S217	0	0	0	0	0	0	0	0	0
NR_025741.1	GIN-41-MGE-S217	0	0	0	0	0	0	0	0	0
NR_025654.1	GIN-41-MGE-S217	0	0	0	0	0	0	0	0	0
NR_025650.1	GIN-41-MGE-S217	0	0	0	0	0	0	0	0	0
NR_025649.1	GIN-41-MGE-S217	0	0	0	0	0	0	0	0	0
NR_116310.1	GIN-41-MGE-S217	0	0	0	0	0	0	0	0	0
NR_174342.1	GIN-41-MGE-S217	0	0	0	0	0	0	0	0	0
NR_174341.1	GIN-41-MGE-S217	0	0	0	0	0	0	0	0	0
NR_174340.1	GIN-41-MGE-S217	0	0	0	0	0	0	0	0	0
NR_174339.1	GIN-41-MGE-S217	0	0	0	0	0	0	0	0	0
NR_174338.1	GIN-41-MGE-S217	0	0	0	0	0	0	0	0	0
NR_174337.1	GIN-41-MGE-S217	0	0	0	0	0	0	0	0	0
NR_174336.1	GIN-41-MGE-S217	0	0	0	0	0	0	0	0	0
NR_174335.1	GIN-41-MGE-S217	0	0	0	0	0	0	0	0	0
NR_174334.1	GIN-41-MGE-S217	0	0	0	0	0	0	0	0	0
NR_174333.1	GIN-41-MGE-S217	0	0	0	0	0	0	0	0	0
NR_174332.1	GIN-41-MGE-S217	0	0	0	0	0	0	0	0	0
NR_174331.1	GIN-41-MGE-S217	0	0	0	0	0	0	0	0	0
NR_174330.1	GIN-41-MGE-S217	0	0	0	0	0	0	0	0	0
NR_174329.1	GIN-41-MGE-S217	0	0	0	0	0	0	0	0	0
NR_174328.1	GIN-41-MGE-S217	0	0	0	0	0	0	0	0	0
NR_174327.1	GIN-41-MGE-S217	0	0	0	0	0	0	0	0	0
NR_174326.1	GIN-41-MGE-S217	0	0	0	0	0	0	0	0	0
NR_174325.1	GIN-41-MGE-S217	0	0	0	0	0	0	0	0	0
NR_174324.1	GIN-41-MGE-S217	0	0	0	0	0	0	0	0	0
NR_174323.1	GIN-41-MGE-S217	0	0	0	0	0	0	0	0	0
NR_174322.1	GIN-41-MGE-S217	0	0	0	0	0	0	0	0	0
NR_174321.1	GIN-41-MGE-S217	0	0	0	0	0	0	0	0	0
NR_174320.1	GIN-41-MGE-S217	0	0	0	0	0	0	0	0	0
NR_174319.1	GIN-41-MGE-S217	0	0	0	0	0	0	0	0	0
NR_174318.1	GIN-41-MGE-S217	0	0	0	0	0	0	0	0	0
NR_174317.1	GIN-41-MGE-S217	0	0	0	0	0	0	0	0	0
NR_174316.1	GIN-41-MGE-S217	0	0	0	0	0	0	0	0	0
NR_174315.1	GIN-41-MGE-S217	0	0	0	0	0	0	0	0	0
NR_174314.1	GIN-41-MGE-S217	0	0	0	0	0	0	0	0	0
NR_174313.1	GIN-41-MGE-S217	0	0	0	0	0	0	0	0	0
NR_174312.1	GIN-41-MGE-S217	0	0	0	0	0	0	0	0	0
NR_174311.1	GIN-41-MGE-S217	0	0	0	0	0	0	0	0	0
NR_174310.1	GIN-41-MGE-S217	0	0	0	0	0	0	0	0	0
NR_174309.1	GIN-41-MGE-S217	0	0	0	0	0	0	0	0	0
NR_174308.1	GIN-41-MGE-S217	0	0	0	0	0	0	0	0	0
NR_174307.1	GIN-41-MGE-S217	0	0	0	0	0	0	0	0	0
NR_174306.1	GIN-41-MGE-S217	0	0	0	0	0	0	0	0	0
NR_174305.1	GIN-41-MGE-S217	0	0	0	0	0	0	0	0	0
NR_174304.1	GIN-41-MGE-S217	0	0	0	0	0	0	0	0	0
NR_174303.1	GIN-41-MGE-S217	0	0	0	0	0	0	0	0	0
NR_174302.1	GIN-41-MGE-S217	0	0	0	0	0	0	0	0	0
NR_174301.1	GIN-41-MGE-S217	0	0	0	0	0	0	0	0	0
NR_174300.1	GIN-41-MGE-S217	0	0	0	0	0	0	0	0	0
NR_174299.1	GIN-41-MGE-S217	0	0	0	0	0	0	0	0	0
NR_174298.1	GIN-41-MGE-S217	0	0	0	0	0	0	0	0	0
NR_174297.1	GIN-41-MGE-S217	0	0	0	0	0	0	0	0	0
NR_174296.1	GIN-41-MGE-S217	0	0	0	0	0	0	0	0	0
NR_174295.1	GIN-41-MGE-S217	0	0	0	0	0	0	0	0	0
NR_174294.1	GIN-41-MGE-S217	0	0	0	0	0	0	0	0	0
NR_174291.1	GIN-41-MGE-S217	0	0	0	0	0	0	0	0	0
NR_174290.1	GIN-41-MGE-S217	0	0	0	0	0	0	0	0	0
NR_174289.1	GIN-41-MGE-S217	0	0	0	0	0	0	0	0	0
NR_174288.1	GIN-41-MGE-S217	0	0	0	0	0	0	0	0	0
NR_174287.1	GIN-41-MGE-S217	0	0	0	0	0	0	0	0	0
NR_174286.1	GIN-41-MGE-S217	0	0	0	0	0	0	0	0	0
NR_174285.1	GIN-41-MGE-S217	0	0	0	0	0	0	0	0	0
NR_174284.1	GIN-41-MGE-S217	0	0	0	0	0	0	0	0	0
NR_174283.1	GIN-41-MGE-S217	0	0	0	0	0	0	0	0	0
NR_174282.1	GIN-41-MGE-S217	0	0	0	0	0	0	0	0	0
NR_174281.1	GIN-41-MGE-S217	0	0	0	0	0	0	0	0	0
NR_174280.1	GIN-41-MGE-S217	0	0	0	0	0	0	0	0	0
NR_174279.1	GIN-41-MGE-S217	0	0	0	0	0	0	0	0	0
NR_174278.1	GIN-41-MGE-S217	0	0	0	0	0	0	0	0	0
NR_174277.1	GIN-41-MGE-S217	0	0	0	0	0	0	0	0	0
NR_174276.1	GIN-41-MGE-S217	0	0	0	0	0	0	0	0	0
NR_174275.1	GIN-41-MGE-S217	0	0	0	0	0	0	0	0	0
NR_174274.1	GIN-41-MGE-S217	0	0	0	0	0	0	0	0	0
NR_174273.1	GIN-41-MGE-S217	0	0	0	0	0	0	0	0	0
NR_174272.1	GIN-41-MGE-S217	0	0	0	0	0	0	0	0	0
NR_174271.1	GIN-41-MGE-S217	0	0	0	0	0	0	0	0	0
NR_174270.1	GIN-41-MGE-S217	0	0	0	0	0	0	0	0	0
NR_174269.1	GIN-41-MGE-S217	0	0	0	0	0	0	0	0	0
NR_174268.1	GIN-41-MGE-S217	0	0	0	0	0	0	0	0	0
NR_174267.1	GIN-41-MGE-S217	0	0	0	0	0	0	0	0	0
NR_174266.1	GIN-41-MGE-S217	0	0	0	0	0	0	0	0	0
NR_174265.1	GIN-41-MGE-S217	0	0	0	0	0	0	0	0	0
NR_174264.1	GIN-41-MGE-S217	0	0	0	0	0	0	0	0	0
NR_174263.1	GIN-41-MGE-S217	0	0	0	0	0	0	0	0	0
NR_174262.1	GIN-41-MGE-S217	0	0	0	0	0	0	0	0	0
NR_174261.1	GIN-41-MGE-S217	0	0	0	0	0	0	0	0	0
NR_174260.1	GIN-41-MGE-S217	0	0	0	0	0	0	0	0	0
NR_174259.1	GIN-41-MGE-S217	0	0	0	0	0	0	0	0	0
NR_174258.1	GIN-41-MGE-S217	0	0	0	0	0	0	0	0	0
NR_174257.1	GIN-41-MGE-S217	0	0	0	0	0	0	0	0	0
NR_174256.1	GIN-41-MGE-S217	0	0	0	0	0	0	0	0	0
NR_174255.1	GIN-41-MGE-S217	0	0	0	0	0	0	0	0	0
NR_174254.1	GIN-41-MGE-S217	0	0	0	0	0	0	0	0	0
NR_174253.1	GIN-41-MGE-S217	0	0	0	0	0	0	0	0	0
NR_174252.1	GIN-41-MGE-S217	0	0	0	0	0	0	0	0	0
NR_174251.1	GIN-41-MGE-S217	0	0	0	0	0	0	0	0	0
NR_174250.1	GIN-41-MGE-S217	0	0	0	0	0	0	0	0	0
NR_174249.1	GIN-41-MGE-S217	0	0	0	0	0	0	0	0	0
NR_174248.1	GIN-41-MGE-S217	0	0	0	0	0	0	0	0	0
NR_174247.1	GIN-41-MGE-S217	0	0	0	0	0	0	0	0	0
NR_174246.1	GIN-41-MGE-S217	0	0	0	0	0	0	0	0	0
NR_174245.1	GIN-41-MGE-S217	0	0	0	0	0	0	0	0	0
NR_174244.1	GIN-41-MGE-S217	0	0	0	0	0	0	0	0	0
NR_174243.1	GIN-41-MGE-S217	0	0	0	0	0	0	0	0	0
NR_174242.1	GIN-41-MGE-S217	0	0	0	0	0	0	0	0	0
NR_174241.1	GIN-41-MGE-S217	0	0	0	0	0	0	0	0	0
NR_174240.1	GIN-41-MGE-S217	0	0	0	0	0	0	0	0	0
NR_174238.1	GIN-41-MGE-S217	0	0	0	0	0	0	0	0	0
NR_174237.1	GIN-41-MGE-S217	0	0	0	0	0	0	0	0	0
NR_174236.1	GIN-41-MGE-S217	0	0	0	0	0	0	0	0	0
NR_174235.1	GIN-41-MGE-S217	0	0	0	0	0	0	0	0	0
NR_174234.1	GIN-41-MGE-S217	0	0	0	0	0	0	0	0	0
NR_174233.1	GIN-41-MGE-S217	0	0	0	0	0	0	0	0	0
NR_174232.1	GIN-41-MGE-S217	0	0	0	0	0	0	0	0	0
NR_174231.1	GIN-41-MGE-S217	0	0	0	0	0	0	0	0	0
NR_174230.1	GIN-41-MGE-S217	0	0	0	0	0	0	0	0	0
NR_174229.1	GIN-41-MGE-S217	0	0	0	0	0	0	0	0	0
NR_174228.1	GIN-41-MGE-S217	0	0	0	0	0	0	0	0	0
NR_174227.1	GIN-41-MGE-S217	0	0	0	0	0	0	0	0	0
NR_174226.1	GIN-41-MGE-S217	0	0	0	0	0	0	0	0	0
NR_174225.1	GIN-41-MGE-S217	0	0	0	0	0	0	0	0	0
NR_174224.1	GIN-41-MGE-S217	0	0	0	0	0	0	0	0	0
NR_174223.1	GIN-41-MGE-S217	0	0	0	0	0	0	0	0	0
NR_174222.1	GIN-41-MGE-S217	0	0	0	0	0	0	0	0	0
NR_174221.1	GIN-41-MGE-S217	0	0	0	0	0	0	0	0	0
NR_174220.1	GIN-41-MGE-S217	0	0	0	0	0	0	0	0	0
NR_174219.1	GIN-41-MGE-S217	0	0	0	0	0	0	0	0	0
NR_174218.1	GIN-41-MGE-S217	0	0	0	0	0	0	0	0	0
NR_174217.1	GIN-41-MGE-S217	0	0	0	0	0	0	0	0	0
NR_174216.1	GIN-41-MGE-S217	0	0	0	0	0	0	0	0	0
NR_174215.1	GIN-41-MGE-S217	0	0	0	0	0	0	0	0	0
NR_174214.1	GIN-41-MGE-S217	0	0	0	0	0	0	0	0	0
NR_174213.1	GIN-41-MGE-S217	0	0	0	0	0	0	0	0	0
NR_174212.1	GIN-41-MGE-S217	0	0	0	0	0	0	0	0	0
NR_174211.1	GIN-41-MGE-S217	0	0	0	0	0	0	0	0	0
NR_174210.1	GIN-41-MGE-S217	0	0	0	0	0	0	0	0	0
NR_174209.1	GIN-41-MGE-S217	0	0	0	0	0	0	0	0	0
NR_174208.1	GIN-41-MGE-S217	0	0	0	0	0	0	0	0	0
NR_174207.1	GIN-41-MGE-S217	0	0	0	0	0	0	0	0	0
NR_174206.1	GIN-41-MGE-S217	0	0	0	0	0	0	0	0	0
NR_174205.1	GIN-41-MGE-S217	0	0	0	0	0	0	0	0	0
NR_174204.1	GIN-41-MGE-S217	0	0	0	0	0	0	0	0	0
NR_174203.1	GIN-41-MGE-S217	0	0	0	0	0	0	0	0	0
NR_174202.1	GIN-41-MGE-S217	0	0	0	0	0	0	0	0	0
NR_174201.1	GIN-41-MGE-S217	0	0	0	0	0	0	0	0	0
NR_174200.1	GIN-41-MGE-S217	0	0	0	0	0	0	0	0	0
NR_174199.1	GIN-41-MGE-S217	0	0	0	0	0	0	0	0	0
NR_174198.1	GIN-41-MGE-S217	0	0	0	0	0	0	0	0	0
NR_174197.1	GIN-41-MGE-S217	0	0	0	0	0	0	0	0	0
NR_174196.1	GIN-41-MGE-S217	0	0	0	0	0	0	0	0	0
NR_174195.1	GIN-41-MGE-S217	0	0	0	0	0	0	0	0	0
NR_174194.1	GIN-41-MGE-S217	0	0	0	0	0	0	0	0	0
NR_174193.1	GIN-41-MGE-S217	0	0	0	0	0	0	0	0	0
NR_174192.1	GIN-41-MGE-S217	0	0	0	0	0	0	0	0	0
NR_173698.1	GIN-41-MGE-S217	0	0	0	0	0	0	0	0	0
NR_173697.1	GIN-41-MGE-S217	0	0	0	0	0	0	0	0	0
NR_173696.1	GIN-41-MGE-S217	0	0	0	0	0	0	0	0	0
NR_173695.1	GIN-41-MGE-S217	0	0	0	0	0	0	0	0	0
NR_173694.1	GIN-41-MGE-S217	0	0	0	0	0	0	0	0	0
NR_173693.1	GIN-41-MGE-S217	0	0	0	0	0	0	0	0	0
NR_173692.1	GIN-41-MGE-S217	0	0	0	0	0	0	0	0	0
NR_173691.1	GIN-41-MGE-S217	0	0	0	0	0	0	0	0	0
NR_173690.1	GIN-41-MGE-S217	0	0	0	0	0	0	0	0	0
NR_173689.1	GIN-41-MGE-S217	0	0	0	0	0	0	0	0	0
NR_173688.1	GIN-41-MGE-S217	0	0	0	0	0	0	0	0	0
NR_173687.1	GIN-41-MGE-S217	0	0	0	0	0	0	0	0	0
NR_173686.1	GIN-41-MGE-S217	0	0	0	0	0	0	0	0	0
NR_173685.1	GIN-41-MGE-S217	0	0	0	0	0	0	0	0	0
NR_173684.1	GIN-41-MGE-S217	0	0	0	0	0	0	0	0	0
NR_173683.1	GIN-41-MGE-S217	0	0	0	0	0	0	0	0	0
NR_173682.1	GIN-41-MGE-S217	0	0	0	0	0	0	0	0	0
NR_173681.1	GIN-41-MGE-S217	0	0	0	0	0	0	0	0	0
NR_173680.1	GIN-41-MGE-S217	0	0	0	0	0	0	0	0	0
NR_173679.1	GIN-41-MGE-S217	0	0	0	0	0	0	0	0	0
NR_173678.1	GIN-41-MGE-S217	0	0	0	0	0	0	0	0	0
NR_173677.1	GIN-41-MGE-S217	0	0	0	0	0	0	0	0	0
NR_173676.1	GIN-41-MGE-S217	0	0	0	0	0	0	0	0	0
NR_173675.1	GIN-41-MGE-S217	0	0	0	0	0	0	0	0	0
NR_173674.1	GIN-41-MGE-S217	0	0	0	0	0	0	0	0	0
NR_173673.1	GIN-41-MGE-S217	0	0	0	0	0	0	0	0	0
NR_173672.1	GIN-41-MGE-S217	0	0	0	0	0	0	0	0	0
NR_173671.1	GIN-41-MGE-S217	0	0	0	0	0	0	0	0	0
NR_173670.1	GIN-41-MGE-S217	0	0	0	0	0	0	0	0	0
NR_173669.1	GIN-41-MGE-S217	0	0	0	0	0	0	0	0	0
NR_173668.1	GIN-41-MGE-S217	0	0	0	0	0	0	0	0	0
NR_173667.1	GIN-41-MGE-S217	0	0	0	0	0	0	0	0	0
NR_173666.1	GIN-41-MGE-S217	0	0	0	0	0	0	0	0	0
NR_173665.1	GIN-41-MGE-S217	0	0	0	0	0	0	0	0	0
NR_173664.1	GIN-41-MGE-S217	0	0	0	0	0	0	0	0	0
NR_173663.1	GIN-41-MGE-S217	0	0	0	0	0	0	0	0	0
NR_173662.1	GIN-41-MGE-S217	0	0	0	0	0	0	0	0	0
NR_173661.1	GIN-41-MGE-S217	0	0	0	0	0	0	0	0	0
NR_173660.1	GIN-41-MGE-S217	0	0	0	0	0	0	0	0	0
NR_173659.1	GIN-41-MGE-S217	0	0	0	0	0	0	0	0	0
NR_173658.1	GIN-41-MGE-S217	0	0	0	0	0	0	0	0	0
NR_173657.1	GIN-41-MGE-S217	0	0	0	0	0	0	0	0	0
NR_173656.1	GIN-41-MGE-S217	0	0	0	0	0	0	0	0	0
NR_173655.1	GIN-41-MGE-S217	0	0	0	0	0	0	0	0	0
NR_173654.1	GIN-41-MGE-S217	0	0	0	0	0	0	0	0	0
NR_173653.1	GIN-41-MGE-S217	0	0	0	0	0	0	0	0	0
NR_173652.1	GIN-41-MGE-S217	0	0	0	0	0	0	0	0	0
NR_173651.1	GIN-41-MGE-S217	0	0	0	0	0	0	0	0	0
NR_173649.1	GIN-41-MGE-S217	0	0	0	0	0	0	0	0	0
NR_173648.1	GIN-41-MGE-S217	0	0	0	0	0	0	0	0	0
NR_173647.1	GIN-41-MGE-S217	0	0	0	0	0	0	0	0	0
NR_173646.1	GIN-41-MGE-S217	0	0	0	0	0	0	0	0	0
NR_173645.1	GIN-41-MGE-S217	0	0	0	0	0	0	0	0	0
NR_173644.1	GIN-41-MGE-S217	0	0	0	0	0	0	0	0	0
NR_173643.1	GIN-41-MGE-S217	0	0	0	0	0	0	0	0	0
NR_173642.1	GIN-41-MGE-S217	0	0	0	0	0	0	0	0	0
NR_173641.1	GIN-41-MGE-S217	0	0	0	0	0	0	0	0	0
NR_173640.1	GIN-41-MGE-S217	0	0	0	0	0	0	0	0	0
NR_173639.1	GIN-41-MGE-S217	0	0	0	0	0	0	0	0	0
NR_173638.1	GIN-41-MGE-S217	0	0	0	0	0	0	0	0	0
NR_173637.1	GIN-41-MGE-S217	0	0	0	0	0	0	0	0	0
NR_173636.1	GIN-41-MGE-S217	0	0	0	0	0	0	0	0	0
NR_173635.1	GIN-41-MGE-S217	0	0	0	0	0	0	0	0	0
NR_173634.1	GIN-41-MGE-S217	0	0	0	0	0	0	0	0	0
NR_173633.1	GIN-41-MGE-S217	0	0	0	0	0	0	0	0	0
NR_173632.1	GIN-41-MGE-S217	0	0	0	0	0	0	0	0	0
NR_173631.1	GIN-41-MGE-S217	0	0	0	0	0	0	0	0	0
NR_173630.1	GIN-41-MGE-S217	0	0	0	0	0	0	0	0	0
NR_173629.1	GIN-41-MGE-S217	0	0	0	0	0	0	0	0	0
NR_173628.1	GIN-41-MGE-S217	0	0	0	0	0	0	0	0	0
NR_173627.1	GIN-41-MGE-S217	0	0	0	0	0	0	0	0	0
NR_173626.1	GIN-41-MGE-S217	0	0	0	0	0	0	0	0	0
NR_173625.1	GIN-41-MGE-S217	0	0	0	0	0	0	0	0	0
NR_173624.1	GIN-41-MGE-S217	0	0	0	0	0	0	0	0	0
NR_173623.1	GIN-41-MGE-S217	0	0	0	0	0	0	0	0	0
NR_173622.1	GIN-41-MGE-S217	0	0	0	0	0	0	0	0	0
NR_173621.1	GIN-41-MGE-S217	0	0	0	0	0	0	0	0	0
NR_173620.1	GIN-41-MGE-S217	0	0	0	0	0	0	0	0	0
NR_173618.1	GIN-41-MGE-S217	0	0	0	0	0	0	0	0	0
NR_173617.1	GIN-41-MGE-S217	0	0	0	0	0	0	0	0	0
NR_173616.1	GIN-41-MGE-S217	0	0	0	0	0	0	0	0	0
NR_173615.1	GIN-41-MGE-S217	0	0	0	0	0	0	0	0	0
NR_173614.1	GIN-41-MGE-S217	0	0	0	0	0	0	0	0	0
NR_173613.1	GIN-41-MGE-S217	0	0	0	0	0	0	0	0	0
NR_173612.1	GIN-41-MGE-S217	0	0	0	0	0	0	0	0	0
NR_173610.1	GIN-41-MGE-S217	0	0	0	0	0	0	0	0	0
NR_173609.1	GIN-41-MGE-S217	0	0	0	0	0	0	0	0	0
NR_173608.1	GIN-41-MGE-S217	0	0	0	0	0	0	0	0	0
NR_173607.1	GIN-41-MGE-S217	0	0	0	0	0	0	0	0	0
NR_173606.1	GIN-41-MGE-S217	0	0	0	0	0	0	0	0	0
NR_173605.1	GIN-41-MGE-S217	0	0	0	0	0	0	0	0	0
NR_173604.1	GIN-41-MGE-S217	0	0	0	0	0	0	0	0	0
NR_173603.1	GIN-41-MGE-S217	0	0	0	0	0	0	0	0	0
NR_173602.1	GIN-41-MGE-S217	0	0	0	0	0	0	0	0	0
NR_173601.1	GIN-41-MGE-S217	0	0	0	0	0	0	0	0	0
NR_173599.1	GIN-41-MGE-S217	0	0	0	0	0	0	0	0	0
NR_173598.1	GIN-41-MGE-S217	0	0	0	0	0	0	0	0	0
NR_173597.1	GIN-41-MGE-S217	0	0	0	0	0	0	0	0	0
NR_173596.1	GIN-41-MGE-S217	0	0	0	0	0	0	0	0	0
NR_173595.1	GIN-41-MGE-S217	0	0	0	0	0	0	0	0	0
NR_173594.1	GIN-41-MGE-S217	0	0	0	0	0	0	0	0	0
NR_173593.1	GIN-41-MGE-S217	0	0	0	0	0	0	0	0	0
NR_173592.1	GIN-41-MGE-S217	0	0	0	0	0	0	0	0	0
NR_173591.1	GIN-41-MGE-S217	0	0	0	0	0	0	0	0	0
NR_173590.1	GIN-41-MGE-S217	0	0	0	0	0	0	0	0	0
NR_173589.1	GIN-41-MGE-S217	0	0	0	0	0	0	0	0	0
NR_173588.1	GIN-41-MGE-S217	0	0	0	0	0	0	0	0	0
NR_173587.1	GIN-41-MGE-S217	0	0	0	0	0	0	0	0	0
NR_173586.1	GIN-41-MGE-S217	0	0	0	0	0	0	0	0	0
NR_173585.1	GIN-41-MGE-S217	0	0	0	0	0	0	0	0	0
NR_173584.1	GIN-41-MGE-S217	0	0	0	0	0	0	0	0	0
NR_173583.1	GIN-41-MGE-S217	0	0	0	0	0	0	0	0	0
NR_173582.1	GIN-41-MGE-S217	0	0	0	0	0	0	0	0	0
NR_173581.1	GIN-41-MGE-S217	0	0	0	0	0	0	0	0	0
NR_173580.1	GIN-41-MGE-S217	0	0	0	0	0	0	0	0	0
NR_173579.1	GIN-41-MGE-S217	0	0	0	0	0	0	0	0	0
NR_173578.1	GIN-41-MGE-S217	0	0	0	0	0	0	0	0	0
NR_173577.1	GIN-41-MGE-S217	0	0	0	0	0	0	0	0	0
NR_173576.1	GIN-41-MGE-S217	0	0	0	0	0	0	0	0	0
NR_173575.1	GIN-41-MGE-S217	0	0	0	0	0	0	0	0	0
NR_173574.1	GIN-41-MGE-S217	0	0	0	0	0	0	0	0	0
NR_173573.1	GIN-41-MGE-S217	0	0	0	0	0	0	0	0	0
NR_173572.1	GIN-41-MGE-S217	0	0	0	0	0	0	0	0	0
NR_173571.1	GIN-41-MGE-S217	0	0	0	0	0	0	0	0	0
NR_173570.1	GIN-41-MGE-S217	1	1	0	0	0	0	0	0	0
NR_173569.1	GIN-41-MGE-S217	0	0	0	0	0	0	0	0	0
NR_173568.1	GIN-41-MGE-S217	0	0	0	0	0	0	0	0	0
NR_173567.1	GIN-41-MGE-S217	0	0	0	0	0	0	0	0	0
NR_173566.1	GIN-41-MGE-S217	0	0	0	0	0	0	0	0	0
NR_173565.1	GIN-41-MGE-S217	0	0	0	0	0	0	0	0	0
NR_173564.1	GIN-41-MGE-S217	0	0	0	0	0	0	0	0	0
NR_173563.1	GIN-41-MGE-S217	0	0	0	0	0	0	0	0	0
NR_173562.1	GIN-41-MGE-S217	0	0	0	0	0	0	0	0	0
NR_173561.1	GIN-41-MGE-S217	0	0	0	0	0	0	0	0	0
NR_173560.1	GIN-41-MGE-S217	0	0	0	0	0	0	0	0	0
NR_173559.1	GIN-41-MGE-S217	0	0	0	0	0	0	0	0	0
NR_173558.1	GIN-41-MGE-S217	0	0	0	0	0	0	0	0	0
NR_173557.1	GIN-41-MGE-S217	0	0	0	0	0	0	0	0	0
NR_173556.1	GIN-41-MGE-S217	0	0	0	0	0	0	0	0	0
NR_173555.1	GIN-41-MGE-S217	0	0	0	0	0	0	0	0	0
NR_173554.1	GIN-41-MGE-S217	0	0	0	0	0	0	0	0	0
NR_173553.1	GIN-41-MGE-S217	0	0	0	0	0	0	0	0	0
NR_173552.1	GIN-41-MGE-S217	0	0	0	0	0	0	0	0	0
NR_173551.1	GIN-41-MGE-S217	0	0	0	0	0	0	0	0	0
NR_173550.1	GIN-41-MGE-S217	0	0	0	0	0	0	0	0	0
NR_173549.1	GIN-41-MGE-S217	0	0	0	0	0	0	0	0	0
NR_173548.1	GIN-41-MGE-S217	0	0	0	0	0	0	0	0	0
NR_173547.1	GIN-41-MGE-S217	0	0	0	0	0	0	0	0	0
NR_173546.1	GIN-41-MGE-S217	0	0	0	0	0	0	0	0	0
NR_173545.1	GIN-41-MGE-S217	0	0	0	0	0	0	0	0	0
NR_173544.1	GIN-41-MGE-S217	0	0	0	0	0	0	0	0	0
NR_173543.1	GIN-41-MGE-S217	0	0	0	0	0	0	0	0	0
NR_173542.1	GIN-41-MGE-S217	0	0	0	0	0	0	0	0	0
NR_173541.1	GIN-41-MGE-S217	0	0	0	0	0	0	0	0	0
NR_173540.1	GIN-41-MGE-S217	0	0	0	0	0	0	0	0	0
NR_173539.1	GIN-41-MGE-S217	0	0	0	0	0	0	0	0	0
NR_173538.1	GIN-41-MGE-S217	0	0	0	0	0	0	0	0	0
NR_173537.1	GIN-41-MGE-S217	0	0	0	0	0	0	0	0	0
NR_173536.1	GIN-41-MGE-S217	0	0	0	0	0	0	0	0	0
NR_173535.1	GIN-41-MGE-S217	0	0	0	0	0	0	0	0	0
NR_173534.1	GIN-41-MGE-S217	0	0	0	0	0	0	0	0	0
NR_173533.1	GIN-41-MGE-S217	0	0	0	0	0	0	0	0	0
NR_173532.1	GIN-41-MGE-S217	0	0	0	0	0	0	0	0	0
NR_173531.1	GIN-41-MGE-S217	0	0	0	0	0	0	0	0	0
NR_173530.1	GIN-41-MGE-S217	0	0	0	0	0	0	0	0	0
NR_173529.1	GIN-41-MGE-S217	0	0	0	0	0	0	0	0	0
NR_173528.1	GIN-41-MGE-S217	0	0	0	0	0	0	0	0	0
NR_173527.1	GIN-41-MGE-S217	0	0	0	0	0	0	0	0	0
NR_173526.1	GIN-41-MGE-S217	0	0	0	0	0	0	0	0	0
NR_173525.1	GIN-41-MGE-S217	0	0	0	0	0	0	0	0	0
NR_173524.1	GIN-41-MGE-S217	0	0	0	0	0	0	0	0	0
NR_173523.1	GIN-41-MGE-S217	0	0	0	0	0	0	0	0	0
NR_173522.1	GIN-41-MGE-S217	0	0	0	0	0	0	0	0	0
NR_173521.1	GIN-41-MGE-S217	0	0	0	0	0	0	0	0	0
NR_173520.1	GIN-41-MGE-S217	0	0	0	0	0	0	0	0	0
NR_173519.1	GIN-41-MGE-S217	0	0	0	0	0	0	0	0	0
NR_173518.1	GIN-41-MGE-S217	0	0	0	0	0	0	0	0	0
NR_173517.1	GIN-41-MGE-S217	0	0	0	0	0	0	0	0	0
NR_173516.1	GIN-41-MGE-S217	0	0	0	0	0	0	0	0	0
NR_173515.1	GIN-41-MGE-S217	0	0	0	0	0	0	0	0	0
NR_173514.1	GIN-41-MGE-S217	0	0	0	0	0	0	0	0	0
NR_173513.1	GIN-41-MGE-S217	0	0	0	0	0	0	0	0	0
NR_173512.1	GIN-41-MGE-S217	0	0	0	0	0	0	0	0	0
NR_173511.1	GIN-41-MGE-S217	0	0	0	0	0	0	0	0	0
NR_173510.1	GIN-41-MGE-S217	0	0	0	0	0	0	0	0	0
NR_173509.1	GIN-41-MGE-S217	0	0	0	0	0	0	0	0	0
NR_173508.1	GIN-41-MGE-S217	0	0	0	0	0	0	0	0	0
NR_173507.1	GIN-41-MGE-S217	0	0	0	0	0	0	0	0	0
NR_173506.1	GIN-41-MGE-S217	0	0	0	0	0	0	0	0	0
NR_173505.1	GIN-41-MGE-S217	0	0	0	0	0	0	0	0	0
NR_173504.1	GIN-41-MGE-S217	0	0	0	0	0	0	0	0	0
NR_173503.1	GIN-41-MGE-S217	0	0	0	0	0	0	0	0	0
NR_173502.1	GIN-41-MGE-S217	0	0	0	0	0	0	0	0	0
NR_173501.1	GIN-41-MGE-S217	0	0	0	0	0	0	0	0	0
NR_173500.1	GIN-41-MGE-S217	0	0	0	0	0	0	0	0	0
NR_173499.1	GIN-41-MGE-S217	0	0	0	0	0	0	0	0	0
NR_173498.1	GIN-41-MGE-S217	0	0	0	0	0	0	0	0	0
NR_173497.1	GIN-41-MGE-S217	0	0	0	0	0	0	0	0	0
NR_173496.1	GIN-41-MGE-S217	0	0	0	0	0	0	0	0	0
NR_173495.1	GIN-41-MGE-S217	0	0	0	0	0	0	0	0	0
NR_173494.1	GIN-41-MGE-S217	0	0	0	0	0	0	0	0	0
NR_173493.1	GIN-41-MGE-S217	0	0	0	0	0	0	0	0	0
NR_173492.1	GIN-41-MGE-S217	0	0	0	0	0	0	0	0	0
NR_173491.1	GIN-41-MGE-S217	0	0	0	0	0	0	0	0	0
NR_173490.1	GIN-41-MGE-S217	0	0	0	0	0	0	0	0	0
NR_173489.1	GIN-41-MGE-S217	0	0	0	0	0	0	0	0	0
NR_173488.1	GIN-41-MGE-S217	0	0	0	0	0	0	0	0	0
NR_173487.1	GIN-41-MGE-S217	0	0	0	0	0	0	0	0	0
NR_173486.1	GIN-41-MGE-S217	0	0	0	0	0	0	0	0	0
NR_170532.1	GIN-41-MGE-S217	0	0	0	0	0	0	0	0	0
NR_026538.1	GIN-41-MGE-S217	0	0	0	0	0	0	0	0	0
NR_118953.1	GIN-41-MGE-S217	0	0	0	0	0	0	0	0	0
NR_115579.1	GIN-41-MGE-S217	0	0	0	0	0	0	0	0	0
NR_112632.1	GIN-41-MGE-S217	0	0	0	0	0	0	0	0	0
NR_104566.1	GIN-41-MGE-S217	0	0	0	0	0	0	0	0	0
NR_172707.1	GIN-41-MGE-S217	0	0	0	0	0	0	0	0	0
NR_172706.1	GIN-41-MGE-S217	0	0	0	0	0	0	0	0	0
NR_172705.1	GIN-41-MGE-S217	0	0	0	0	0	0	0	0	0
NR_172704.1	GIN-41-MGE-S217	0	0	0	0	0	0	0	0	0
NR_172703.1	GIN-41-MGE-S217	0	0	0	0	0	0	0	0	0
NR_172702.1	GIN-41-MGE-S217	0	0	0	0	0	0	0	0	0
NR_172701.1	GIN-41-MGE-S217	0	0	0	0	0	0	0	0	0
NR_172700.1	GIN-41-MGE-S217	0	0	0	0	0	0	0	0	0
NR_172699.1	GIN-41-MGE-S217	0	0	0	0	0	0	0	0	0
NR_172698.1	GIN-41-MGE-S217	0	0	0	0	0	0	0	0	0
NR_172697.1	GIN-41-MGE-S217	0	0	0	0	0	0	0	0	0
NR_172696.1	GIN-41-MGE-S217	0	0	0	0	0	0	0	0	0
NR_172695.1	GIN-41-MGE-S217	0	0	0	0	0	0	0	0	0
NR_172694.1	GIN-41-MGE-S217	0	0	0	0	0	0	0	0	0
NR_172693.1	GIN-41-MGE-S217	0	0	0	0	0	0	0	0	0
NR_172692.1	GIN-41-MGE-S217	0	0	0	0	0	0	0	0	0
NR_172691.1	GIN-41-MGE-S217	0	0	0	0	0	0	0	0	0
NR_172690.1	GIN-41-MGE-S217	0	0	0	0	0	0	0	0	0
NR_172689.1	GIN-41-MGE-S217	0	0	0	0	0	0	0	0	0
NR_172687.1	GIN-41-MGE-S217	0	0	0	0	0	0	0	0	0
NR_172686.1	GIN-41-MGE-S217	0	0	0	0	0	0	0	0	0
NR_172685.1	GIN-41-MGE-S217	0	0	0	0	0	0	0	0	0
NR_172684.1	GIN-41-MGE-S217	0	0	0	0	0	0	0	0	0
NR_172683.1	GIN-41-MGE-S217	0	0	0	0	0	0	0	0	0
NR_172682.1	GIN-41-MGE-S217	0	0	0	0	0	0	0	0	0
NR_172680.1	GIN-41-MGE-S217	0	0	0	0	0	0	0	0	0
NR_172679.1	GIN-41-MGE-S217	0	0	0	0	0	0	0	0	0
NR_172678.1	GIN-41-MGE-S217	0	0	0	0	0	0	0	0	0
NR_172676.1	GIN-41-MGE-S217	0	0	0	0	0	0	0	0	0
NR_172675.1	GIN-41-MGE-S217	0	0	0	0	0	0	0	0	0
NR_172674.1	GIN-41-MGE-S217	0	0	0	0	0	0	0	0	0
NR_172673.1	GIN-41-MGE-S217	0	0	0	0	0	0	0	0	0
NR_172672.1	GIN-41-MGE-S217	0	0	0	0	0	0	0	0	0
NR_172671.1	GIN-41-MGE-S217	0	0	0	0	0	0	0	0	0
NR_172670.1	GIN-41-MGE-S217	0	0	0	0	0	0	0	0	0
NR_172669.1	GIN-41-MGE-S217	0	0	0	0	0	0	0	0	0
NR_172668.1	GIN-41-MGE-S217	0	0	0	0	0	0	0	0	0
NR_172667.1	GIN-41-MGE-S217	0	0	0	0	0	0	0	0	0
NR_172666.1	GIN-41-MGE-S217	0	0	0	0	0	0	0	0	0
NR_172665.1	GIN-41-MGE-S217	0	0	0	0	0	0	0	0	0
NR_172664.1	GIN-41-MGE-S217	0	0	0	0	0	0	0	0	0
NR_172663.1	GIN-41-MGE-S217	0	0	0	0	0	0	0	0	0
NR_172662.1	GIN-41-MGE-S217	0	0	0	0	0	0	0	0	0
NR_172661.1	GIN-41-MGE-S217	0	0	0	0	0	0	0	0	0
NR_172659.1	GIN-41-MGE-S217	0	0	0	0	0	0	0	0	0
NR_172658.1	GIN-41-MGE-S217	0	0	0	0	0	0	0	0	0
NR_172657.1	GIN-41-MGE-S217	0	0	0	0	0	0	0	0	0
NR_172653.1	GIN-41-MGE-S217	0	0	0	0	0	0	0	0	0
NR_172578.1	GIN-41-MGE-S217	0	0	0	0	0	0	0	0	0
NR_172564.1	GIN-41-MGE-S217	0	0	0	0	0	0	0	0	0
NR_172625.1	GIN-41-MGE-S217	0	0	0	0	0	0	0	0	0
NR_172624.1	GIN-41-MGE-S217	0	0	0	0	0	0	0	0	0
NR_172622.1	GIN-41-MGE-S217	0	0	0	0	0	0	0	0	0
NR_172621.1	GIN-41-MGE-S217	0	0	0	0	0	0	0	0	0
NR_172617.1	GIN-41-MGE-S217	0	0	0	0	0	0	0	0	0
NR_172616.1	GIN-41-MGE-S217	0	0	0	0	0	0	0	0	0
NR_172615.1	GIN-41-MGE-S217	0	0	0	0	0	0	0	0	0
NR_172614.1	GIN-41-MGE-S217	0	0	0	0	0	0	0	0	0
NR_172613.1	GIN-41-MGE-S217	0	0	0	0	0	0	0	0	0
NR_172612.1	GIN-41-MGE-S217	0	0	0	0	0	0	0	0	0
NR_172611.1	GIN-41-MGE-S217	0	0	0	0	0	0	0	0	0
NR_172609.1	GIN-41-MGE-S217	0	0	0	0	0	0	0	0	0
NR_172608.1	GIN-41-MGE-S217	0	0	0	0	0	0	0	0	0
NR_172607.1	GIN-41-MGE-S217	0	0	0	0	0	0	0	0	0
NR_172606.1	GIN-41-MGE-S217	0	0	0	0	0	0	0	0	0
NR_172605.1	GIN-41-MGE-S217	0	0	0	0	0	0	0	0	0
NR_172604.1	GIN-41-MGE-S217	0	0	0	0	0	0	0	0	0
NR_172603.1	GIN-41-MGE-S217	0	0	0	0	0	0	0	0	0
NR_172602.1	GIN-41-MGE-S217	0	0	0	0	0	0	0	0	0
NR_172601.1	GIN-41-MGE-S217	0	0	0	0	0	0	0	0	0
NR_172600.1	GIN-41-MGE-S217	0	0	0	0	0	0	0	0	0
NR_172599.1	GIN-41-MGE-S217	0	0	0	0	0	0	0	0	0
NR_172598.1	GIN-41-MGE-S217	0	0	0	0	0	0	0	0	0
NR_172597.1	GIN-41-MGE-S217	0	0	0	0	0	0	0	0	0
NR_172596.1	GIN-41-MGE-S217	0	0	0	0	0	0	0	0	0
NR_172595.1	GIN-41-MGE-S217	0	0	0	0	0	0	0	0	0
NR_172594.1	GIN-41-MGE-S217	0	0	0	0	0	0	0	0	0
NR_172593.1	GIN-41-MGE-S217	0	0	0	0	0	0	0	0	0
NR_172592.1	GIN-41-MGE-S217	0	0	0	0	0	0	0	0	0
NR_172591.1	GIN-41-MGE-S217	0	0	0	0	0	0	0	0	0
NR_172590.1	GIN-41-MGE-S217	0	0	0	0	0	0	0	0	0
NR_172589.1	GIN-41-MGE-S217	0	0	0	0	0	0	0	0	0
NR_172588.1	GIN-41-MGE-S217	0	0	0	0	0	0	0	0	0
NR_172587.1	GIN-41-MGE-S217	0	0	0	0	0	0	0	0	0
NR_172586.1	GIN-41-MGE-S217	0	0	0	0	0	0	0	0	0
NR_172585.1	GIN-41-MGE-S217	0	0	0	0	0	0	0	0	0
NR_172584.1	GIN-41-MGE-S217	0	0	0	0	0	0	0	0	0
NR_172583.1	GIN-41-MGE-S217	0	0	0	0	0	0	0	0	0
NR_172582.1	GIN-41-MGE-S217	0	0	0	0	0	0	0	0	0
NR_172581.1	GIN-41-MGE-S217	0	0	0	0	0	0	0	0	0
NR_172579.1	GIN-41-MGE-S217	0	0	0	0	0	0	0	0	0
NR_172577.1	GIN-41-MGE-S217	0	0	0	0	0	0	0	0	0
NR_172576.1	GIN-41-MGE-S217	0	0	0	0	0	0	0	0	0
NR_172575.1	GIN-41-MGE-S217	0	0	0	0	0	0	0	0	0
NR_172574.1	GIN-41-MGE-S217	0	0	0	0	0	0	0	0	0
NR_172573.1	GIN-41-MGE-S217	0	0	0	0	0	0	0	0	0
NR_172572.1	GIN-41-MGE-S217	0	0	0	0	0	0	0	0	0
NR_172571.1	GIN-41-MGE-S217	0	0	0	0	0	0	0	0	0
NR_172570.1	GIN-41-MGE-S217	0	0	0	0	0	0	0	0	0
NR_172569.1	GIN-41-MGE-S217	0	0	0	0	0	0	0	0	0
NR_172568.1	GIN-41-MGE-S217	0	0	0	0	0	0	0	0	0
NR_172567.1	GIN-41-MGE-S217	0	0	0	0	0	0	0	0	0
NR_172566.1	GIN-41-MGE-S217	0	0	0	0	0	0	0	0	0
NR_172565.1	GIN-41-MGE-S217	0	0	0	0	0	0	0	0	0
NR_171545.1	GIN-41-MGE-S217	0	0	0	0	0	0	0	0	0
NR_171544.1	GIN-41-MGE-S217	0	0	0	0	0	0	0	0	0
NR_171543.1	GIN-41-MGE-S217	0	0	0	0	0	0	0	0	0
NR_171542.1	GIN-41-MGE-S217	0	0	0	0	0	0	0	0	0
NR_171541.1	GIN-41-MGE-S217	0	0	0	0	0	0	0	0	0
NR_171540.1	GIN-41-MGE-S217	0	0	0	0	0	0	0	0	0
NR_171539.1	GIN-41-MGE-S217	0	0	0	0	0	0	0	0	0
NR_171538.1	GIN-41-MGE-S217	0	0	0	0	0	0	0	0	0
NR_171537.1	GIN-41-MGE-S217	0	0	0	0	0	0	0	0	0
NR_171536.1	GIN-41-MGE-S217	0	0	0	0	0	0	0	0	0
NR_171535.1	GIN-41-MGE-S217	0	0	0	0	0	0	0	0	0
NR_171534.1	GIN-41-MGE-S217	0	0	0	0	0	0	0	0	0
NR_171533.1	GIN-41-MGE-S217	0	0	0	0	0	0	0	0	0
NR_171532.1	GIN-41-MGE-S217	0	0	0	0	0	0	0	0	0
NR_171530.1	GIN-41-MGE-S217	0	0	0	0	0	0	0	0	0
NR_171529.1	GIN-41-MGE-S217	0	0	0	0	0	0	0	0	0
NR_171528.1	GIN-41-MGE-S217	0	0	0	0	0	0	0	0	0
NR_171527.1	GIN-41-MGE-S217	0	0	0	0	0	0	0	0	0
NR_171526.1	GIN-41-MGE-S217	0	0	0	0	0	0	0	0	0
NR_171525.1	GIN-41-MGE-S217	0	0	0	0	0	0	0	0	0
NR_171524.1	GIN-41-MGE-S217	0	0	0	0	0	0	0	0	0
NR_171523.1	GIN-41-MGE-S217	0	0	0	0	0	0	0	0	0
NR_171522.1	GIN-41-MGE-S217	0	0	0	0	0	0	0	0	0
NR_171521.1	GIN-41-MGE-S217	0	0	0	0	0	0	0	0	0
NR_171520.1	GIN-41-MGE-S217	0	0	0	0	0	0	0	0	0
NR_171519.1	GIN-41-MGE-S217	0	0	0	0	0	0	0	0	0
NR_171518.1	GIN-41-MGE-S217	0	0	0	0	0	0	0	0	0
NR_171516.1	GIN-41-MGE-S217	0	0	0	0	0	0	0	0	0
NR_171515.1	GIN-41-MGE-S217	0	0	0	0	0	0	0	0	0
NR_171514.1	GIN-41-MGE-S217	0	0	0	0	0	0	0	0	0
NR_171513.1	GIN-41-MGE-S217	0	0	0	0	0	0	0	0	0
NR_171512.1	GIN-41-MGE-S217	0	0	0	0	0	0	0	0	0
NR_171511.1	GIN-41-MGE-S217	0	0	0	0	0	0	0	0	0
NR_171510.1	GIN-41-MGE-S217	0	0	0	0	0	0	0	0	0
NR_171509.1	GIN-41-MGE-S217	0	0	0	0	0	0	0	0	0
NR_171508.1	GIN-41-MGE-S217	0	0	0	0	0	0	0	0	0
NR_171507.1	GIN-41-MGE-S217	0	0	0	0	0	0	0	0	0
NR_171506.1	GIN-41-MGE-S217	0	0	0	0	0	0	0	0	0
NR_171504.1	GIN-41-MGE-S217	0	0	0	0	0	0	0	0	0
NR_171503.1	GIN-41-MGE-S217	0	0	0	0	0	0	0	0	0
NR_171502.1	GIN-41-MGE-S217	0	0	0	0	0	0	0	0	0
NR_171501.1	GIN-41-MGE-S217	0	0	0	0	0	0	0	0	0
NR_171499.1	GIN-41-MGE-S217	0	0	0	0	0	0	0	0	0
NR_171498.1	GIN-41-MGE-S217	0	0	0	0	0	0	0	0	0
NR_171496.1	GIN-41-MGE-S217	0	0	0	0	0	0	0	0	0
NR_171495.1	GIN-41-MGE-S217	0	0	0	0	0	0	0	0	0
NR_171494.1	GIN-41-MGE-S217	0	0	0	0	0	0	0	0	0
NR_171493.1	GIN-41-MGE-S217	0	0	0	0	0	0	0	0	0
NR_171492.1	GIN-41-MGE-S217	0	0	0	0	0	0	0	0	0
NR_171491.1	GIN-41-MGE-S217	0	0	0	0	0	0	0	0	0
NR_171490.1	GIN-41-MGE-S217	0	0	0	0	0	0	0	0	0
NR_171489.1	GIN-41-MGE-S217	0	0	0	0	0	0	0	0	0
NR_171488.1	GIN-41-MGE-S217	0	0	0	0	0	0	0	0	0
NR_171487.1	GIN-41-MGE-S217	0	0	0	0	0	0	0	0	0
NR_171486.1	GIN-41-MGE-S217	0	0	0	0	0	0	0	0	0
NR_171485.1	GIN-41-MGE-S217	0	0	0	0	0	0	0	0	0
NR_171484.1	GIN-41-MGE-S217	0	0	0	0	0	0	0	0	0
NR_171483.1	GIN-41-MGE-S217	0	0	0	0	0	0	0	0	0
NR_171482.1	GIN-41-MGE-S217	0	0	0	0	0	0	0	0	0
NR_171480.1	GIN-41-MGE-S217	0	0	0	0	0	0	0	0	0
NR_171479.1	GIN-41-MGE-S217	0	0	0	0	0	0	0	0	0
NR_171478.1	GIN-41-MGE-S217	0	0	0	0	0	0	0	0	0
NR_171477.1	GIN-41-MGE-S217	0	0	0	0	0	0	0	0	0
NR_171476.1	GIN-41-MGE-S217	0	0	0	0	0	0	0	0	0
NR_171475.1	GIN-41-MGE-S217	0	0	0	0	0	0	0	0	0
NR_171474.1	GIN-41-MGE-S217	0	0	0	0	0	0	0	0	0
NR_171473.1	GIN-41-MGE-S217	0	0	0	0	0	0	0	0	0
NR_171472.1	GIN-41-MGE-S217	0	0	0	0	0	0	0	0	0
NR_171471.1	GIN-41-MGE-S217	0	0	0	0	0	0	0	0	0
NR_171470.1	GIN-41-MGE-S217	0	0	0	0	0	0	0	0	0
NR_171469.1	GIN-41-MGE-S217	0	0	0	0	0	0	0	0	0
NR_171468.1	GIN-41-MGE-S217	0	0	0	0	0	0	0	0	0
NR_171467.1	GIN-41-MGE-S217	0	0	0	0	0	0	0	0	0
NR_171465.1	GIN-41-MGE-S217	0	0	0	0	0	0	0	0	0
NR_171464.1	GIN-41-MGE-S217	0	0	0	0	0	0	0	0	0
NR_171463.1	GIN-41-MGE-S217	0	0	0	0	0	0	0	0	0
NR_171461.1	GIN-41-MGE-S217	0	0	0	0	0	0	0	0	0
NR_171460.1	GIN-41-MGE-S217	0	0	0	0	0	0	0	0	0
NR_171458.1	GIN-41-MGE-S217	0	0	0	0	0	0	0	0	0
NR_171457.1	GIN-41-MGE-S217	0	0	0	0	0	0	0	0	0
NR_171456.1	GIN-41-MGE-S217	0	0	0	0	0	0	0	0	0
NR_171455.1	GIN-41-MGE-S217	0	0	0	0	0	0	0	0	0
NR_171454.1	GIN-41-MGE-S217	0	0	0	0	0	0	0	0	0
NR_171453.1	GIN-41-MGE-S217	0	0	0	0	0	0	0	0	0
NR_171452.1	GIN-41-MGE-S217	0	0	0	0	0	0	0	0	0
NR_171451.1	GIN-41-MGE-S217	0	0	0	0	0	0	0	0	0
NR_171450.1	GIN-41-MGE-S217	0	0	0	0	0	0	0	0	0
NR_171449.1	GIN-41-MGE-S217	0	0	0	0	0	0	0	0	0
NR_171448.1	GIN-41-MGE-S217	0	0	0	0	0	0	0	0	0
NR_171447.1	GIN-41-MGE-S217	0	0	0	0	0	0	0	0	0
NR_171446.1	GIN-41-MGE-S217	0	0	0	0	0	0	0	0	0
NR_171445.1	GIN-41-MGE-S217	0	0	0	0	0	0	0	0	0
NR_171444.1	GIN-41-MGE-S217	0	0	0	0	0	0	0	0	0
NR_171443.1	GIN-41-MGE-S217	0	0	0	0	0	0	0	0	0
NR_171442.1	GIN-41-MGE-S217	0	0	0	0	0	0	0	0	0
NR_171441.1	GIN-41-MGE-S217	0	0	0	0	0	0	0	0	0
NR_171440.1	GIN-41-MGE-S217	0	0	0	0	0	0	0	0	0
NR_171438.1	GIN-41-MGE-S217	0	0	0	0	0	0	0	0	0
NR_171437.1	GIN-41-MGE-S217	0	0	0	0	0	0	0	0	0
NR_171436.1	GIN-41-MGE-S217	0	0	0	0	0	0	0	0	0
NR_171435.1	GIN-41-MGE-S217	0	0	0	0	0	0	0	0	0
NR_171434.1	GIN-41-MGE-S217	0	0	0	0	0	0	0	0	0
NR_171433.1	GIN-41-MGE-S217	0	0	0	0	0	0	0	0	0
NR_171432.1	GIN-41-MGE-S217	0	0	0	0	0	0	0	0	0
NR_171431.1	GIN-41-MGE-S217	0	0	0	0	0	0	0	0	0
NR_171430.1	GIN-41-MGE-S217	0	0	0	0	0	0	0	0	0
NR_171429.1	GIN-41-MGE-S217	0	0	0	0	0	0	0	0	0
NR_171428.1	GIN-41-MGE-S217	0	0	0	0	0	0	0	0	0
NR_171427.1	GIN-41-MGE-S217	0	0	0	0	0	0	0	0	0
NR_171426.1	GIN-41-MGE-S217	0	0	0	0	0	0	0	0	0
NR_171425.1	GIN-41-MGE-S217	0	0	0	0	0	0	0	0	0
NR_171424.1	GIN-41-MGE-S217	0	0	0	0	0	0	0	0	0
NR_171423.1	GIN-41-MGE-S217	0	0	0	0	0	0	0	0	0
NR_171422.1	GIN-41-MGE-S217	0	0	0	0	0	0	0	0	0
NR_171421.1	GIN-41-MGE-S217	0	0	0	0	0	0	0	0	0
NR_171420.1	GIN-41-MGE-S217	0	0	0	0	0	0	0	0	0
NR_171419.1	GIN-41-MGE-S217	0	0	0	0	0	0	0	0	0
NR_171418.1	GIN-41-MGE-S217	0	0	0	0	0	0	0	0	0
NR_171417.1	GIN-41-MGE-S217	0	0	0	0	0	0	0	0	0
NR_171416.1	GIN-41-MGE-S217	0	0	0	0	0	0	0	0	0
NR_171415.1	GIN-41-MGE-S217	0	0	0	0	0	0	0	0	0
NR_171414.1	GIN-41-MGE-S217	0	0	0	0	0	0	0	0	0
NR_171413.1	GIN-41-MGE-S217	0	0	0	0	0	0	0	0	0
NR_171412.1	GIN-41-MGE-S217	0	0	0	0	0	0	0	0	0
NR_171411.1	GIN-41-MGE-S217	0	0	0	0	0	0	0	0	0
NR_171410.1	GIN-41-MGE-S217	0	0	0	0	0	0	0	0	0
NR_171409.1	GIN-41-MGE-S217	0	0	0	0	0	0	0	0	0
NR_171408.1	GIN-41-MGE-S217	0	0	0	0	0	0	0	0	0
NR_171407.1	GIN-41-MGE-S217	0	0	0	0	0	0	0	0	0
NR_171406.1	GIN-41-MGE-S217	0	0	0	0	0	0	0	0	0
NR_171405.1	GIN-41-MGE-S217	0	0	0	0	0	0	0	0	0
NR_171404.1	GIN-41-MGE-S217	0	0	0	0	0	0	0	0	0
NR_171403.1	GIN-41-MGE-S217	0	0	0	0	0	0	0	0	0
NR_171402.1	GIN-41-MGE-S217	0	0	0	0	0	0	0	0	0
NR_171401.1	GIN-41-MGE-S217	0	0	0	0	0	0	0	0	0
NR_171400.1	GIN-41-MGE-S217	0	0	0	0	0	0	0	0	0
NR_171399.1	GIN-41-MGE-S217	0	0	0	0	0	0	0	0	0
NR_171398.1	GIN-41-MGE-S217	0	0	0	0	0	0	0	0	0
NR_171397.1	GIN-41-MGE-S217	0	0	0	0	0	0	0	0	0
NR_171393.1	GIN-41-MGE-S217	0	0	0	0	0	0	0	0	0
NR_171392.1	GIN-41-MGE-S217	0	0	0	0	0	0	0	0	0
NR_171391.1	GIN-41-MGE-S217	0	0	0	0	0	0	0	0	0
NR_171390.1	GIN-41-MGE-S217	0	0	0	0	0	0	0	0	0
NR_171389.1	GIN-41-MGE-S217	0	0	0	0	0	0	0	0	0
NR_171388.1	GIN-41-MGE-S217	0	0	0	0	0	0	0	0	0
NR_171500.1	GIN-41-MGE-S217	0	0	0	0	0	0	0	0	0
NR_171497.1	GIN-41-MGE-S217	0	0	0	0	0	0	0	0	0
NR_171481.1	GIN-41-MGE-S217	0	0	0	0	0	0	0	0	0
NR_171439.1	GIN-41-MGE-S217	0	0	0	0	0	0	0	0	0
NR_171387.1	GIN-41-MGE-S217	0	0	0	0	0	0	0	0	0
NR_170543.1	GIN-41-MGE-S217	0	0	0	0	0	0	0	0	0
NR_170542.1	GIN-41-MGE-S217	0	0	0	0	0	0	0	0	0
NR_170541.1	GIN-41-MGE-S217	0	0	0	0	0	0	0	0	0
NR_170540.1	GIN-41-MGE-S217	0	0	0	0	0	0	0	0	0
NR_170539.1	GIN-41-MGE-S217	0	0	0	0	0	0	0	0	0
NR_170537.1	GIN-41-MGE-S217	0	0	0	0	0	0	0	0	0
NR_170536.1	GIN-41-MGE-S217	0	0	0	0	0	0	0	0	0
NR_170535.1	GIN-41-MGE-S217	0	0	0	0	0	0	0	0	0
NR_170534.1	GIN-41-MGE-S217	0	0	0	0	0	0	0	0	0
NR_170533.1	GIN-41-MGE-S217	0	0	0	0	0	0	0	0	0
NR_170531.1	GIN-41-MGE-S217	0	0	0	0	0	0	0	0	0
NR_170530.1	GIN-41-MGE-S217	0	0	0	0	0	0	0	0	0
NR_170529.1	GIN-41-MGE-S217	0	0	0	0	0	0	0	0	0
NR_170528.1	GIN-41-MGE-S217	0	0	0	0	0	0	0	0	0
NR_170527.1	GIN-41-MGE-S217	0	0	0	0	0	0	0	0	0
NR_170526.1	GIN-41-MGE-S217	0	0	0	0	0	0	0	0	0
NR_170525.1	GIN-41-MGE-S217	0	0	0	0	0	0	0	0	0
NR_170524.1	GIN-41-MGE-S217	0	0	0	0	0	0	0	0	0
NR_170523.1	GIN-41-MGE-S217	0	0	0	0	0	0	0	0	0
NR_170522.1	GIN-41-MGE-S217	0	0	0	0	0	0	0	0	0
NR_170521.1	GIN-41-MGE-S217	0	0	0	0	0	0	0	0	0
NR_170520.1	GIN-41-MGE-S217	0	0	0	0	0	0	0	0	0
NR_170519.1	GIN-41-MGE-S217	0	0	0	0	0	0	0	0	0
NR_170518.1	GIN-41-MGE-S217	0	0	0	0	0	0	0	0	0
NR_170517.1	GIN-41-MGE-S217	0	0	0	0	0	0	0	0	0
NR_170516.1	GIN-41-MGE-S217	0	0	0	0	0	0	0	0	0
NR_170515.1	GIN-41-MGE-S217	0	0	0	0	0	0	0	0	0
NR_170513.1	GIN-41-MGE-S217	0	0	0	0	0	0	0	0	0
NR_170512.1	GIN-41-MGE-S217	0	0	0	0	0	0	0	0	0
NR_170511.1	GIN-41-MGE-S217	0	0	0	0	0	0	0	0	0
NR_170510.1	GIN-41-MGE-S217	0	0	0	0	0	0	0	0	0
NR_170509.1	GIN-41-MGE-S217	1	1	0	0	0	0	0	0	0
NR_170508.1	GIN-41-MGE-S217	0	0	0	0	0	0	0	0	0
NR_170507.1	GIN-41-MGE-S217	0	0	0	0	0	0	0	0	0
NR_170506.1	GIN-41-MGE-S217	0	0	0	0	0	0	0	0	0
NR_170505.1	GIN-41-MGE-S217	0	0	0	0	0	0	0	0	0
NR_170504.1	GIN-41-MGE-S217	0	0	0	0	0	0	0	0	0
NR_170503.1	GIN-41-MGE-S217	0	0	0	0	0	0	0	0	0
NR_170501.1	GIN-41-MGE-S217	0	0	0	0	0	0	0	0	0
NR_170499.1	GIN-41-MGE-S217	0	0	0	0	0	0	0	0	0
NR_170498.1	GIN-41-MGE-S217	0	0	0	0	0	0	0	0	0
NR_170497.1	GIN-41-MGE-S217	0	0	0	0	0	0	0	0	0
NR_170496.1	GIN-41-MGE-S217	0	0	0	0	0	0	0	0	0
NR_170494.1	GIN-41-MGE-S217	0	0	0	0	0	0	0	0	0
NR_170491.1	GIN-41-MGE-S217	0	0	0	0	0	0	0	0	0
NR_170490.1	GIN-41-MGE-S217	0	0	0	0	0	0	0	0	0
NR_170488.1	GIN-41-MGE-S217	0	0	0	0	0	0	0	0	0
NR_170487.1	GIN-41-MGE-S217	0	0	0	0	0	0	0	0	0
NR_170486.1	GIN-41-MGE-S217	0	0	0	0	0	0	0	0	0
NR_170485.1	GIN-41-MGE-S217	0	0	0	0	0	0	0	0	0
NR_170483.1	GIN-41-MGE-S217	0	0	0	0	0	0	0	0	0
NR_170482.1	GIN-41-MGE-S217	0	0	0	0	0	0	0	0	0
NR_170481.1	GIN-41-MGE-S217	0	0	0	0	0	0	0	0	0
NR_170480.1	GIN-41-MGE-S217	0	0	0	0	0	0	0	0	0
NR_170477.1	GIN-41-MGE-S217	0	0	0	0	0	0	0	0	0
NR_170475.1	GIN-41-MGE-S217	0	0	0	0	0	0	0	0	0
NR_170474.1	GIN-41-MGE-S217	0	0	0	0	0	0	0	0	0
NR_170473.1	GIN-41-MGE-S217	0	0	0	0	0	0	0	0	0
NR_170472.1	GIN-41-MGE-S217	0	0	0	0	0	0	0	0	0
NR_170471.1	GIN-41-MGE-S217	0	0	0	0	0	0	0	0	0
NR_170470.1	GIN-41-MGE-S217	0	0	0	0	0	0	0	0	0
NR_170469.1	GIN-41-MGE-S217	0	0	0	0	0	0	0	0	0
NR_170468.1	GIN-41-MGE-S217	0	0	0	0	0	0	0	0	0
NR_170465.1	GIN-41-MGE-S217	0	0	0	0	0	0	0	0	0
NR_170464.1	GIN-41-MGE-S217	0	0	0	0	0	0	0	0	0
NR_170462.1	GIN-41-MGE-S217	0	0	0	0	0	0	0	0	0
NR_170461.1	GIN-41-MGE-S217	0	0	0	0	0	0	0	0	0
NR_170460.1	GIN-41-MGE-S217	0	0	0	0	0	0	0	0	0
NR_170459.1	GIN-41-MGE-S217	0	0	0	0	0	0	0	0	0
NR_170458.1	GIN-41-MGE-S217	0	0	0	0	0	0	0	0	0
NR_170457.1	GIN-41-MGE-S217	0	0	0	0	0	0	0	0	0
NR_170456.1	GIN-41-MGE-S217	0	0	0	0	0	0	0	0	0
NR_170455.1	GIN-41-MGE-S217	0	0	0	0	0	0	0	0	0
NR_170454.1	GIN-41-MGE-S217	0	0	0	0	0	0	0	0	0
NR_170453.1	GIN-41-MGE-S217	0	0	0	0	0	0	0	0	0
NR_170450.1	GIN-41-MGE-S217	0	0	0	0	0	0	0	0	0
NR_170448.1	GIN-41-MGE-S217	0	0	0	0	0	0	0	0	0
NR_170447.1	GIN-41-MGE-S217	0	0	0	0	0	0	0	0	0
NR_170446.1	GIN-41-MGE-S217	0	0	0	0	0	0	0	0	0
NR_170445.1	GIN-41-MGE-S217	0	0	0	0	0	0	0	0	0
NR_170444.1	GIN-41-MGE-S217	0	0	0	0	0	0	0	0	0
NR_170443.1	GIN-41-MGE-S217	0	0	0	0	0	0	0	0	0
NR_170442.1	GIN-41-MGE-S217	0	0	0	0	0	0	0	0	0
NR_170441.1	GIN-41-MGE-S217	0	0	0	0	0	0	0	0	0
NR_170439.1	GIN-41-MGE-S217	0	0	0	0	0	0	0	0	0
NR_170438.1	GIN-41-MGE-S217	0	0	0	0	0	0	0	0	0
NR_170437.1	GIN-41-MGE-S217	0	0	0	0	0	0	0	0	0
NR_170436.1	GIN-41-MGE-S217	0	0	0	0	0	0	0	0	0
NR_170435.1	GIN-41-MGE-S217	0	0	0	0	0	0	0	0	0
NR_170433.1	GIN-41-MGE-S217	0	0	0	0	0	0	0	0	0
NR_170432.1	GIN-41-MGE-S217	0	0	0	0	0	0	0	0	0
NR_170431.1	GIN-41-MGE-S217	0	0	0	0	0	0	0	0	0
NR_170428.1	GIN-41-MGE-S217	0	0	0	0	0	0	0	0	0
NR_170427.1	GIN-41-MGE-S217	0	0	0	0	0	0	0	0	0
NR_170426.1	GIN-41-MGE-S217	0	0	0	0	0	0	0	0	0
NR_170425.1	GIN-41-MGE-S217	0	0	0	0	0	0	0	0	0
NR_170424.1	GIN-41-MGE-S217	0	0	0	0	0	0	0	0	0
NR_170420.1	GIN-41-MGE-S217	0	0	0	0	0	0	0	0	0
NR_170419.1	GIN-41-MGE-S217	0	0	0	0	0	0	0	0	0
NR_170418.1	GIN-41-MGE-S217	0	0	0	0	0	0	0	0	0
NR_170417.1	GIN-41-MGE-S217	0	0	0	0	0	0	0	0	0
NR_170416.1	GIN-41-MGE-S217	0	0	0	0	0	0	0	0	0
NR_170415.1	GIN-41-MGE-S217	0	0	0	0	0	0	0	0	0
NR_170414.1	GIN-41-MGE-S217	0	0	0	0	0	0	0	0	0
NR_170413.1	GIN-41-MGE-S217	0	0	0	0	0	0	0	0	0
NR_170412.1	GIN-41-MGE-S217	0	0	0	0	0	0	0	0	0
NR_170411.1	GIN-41-MGE-S217	0	0	0	0	0	0	0	0	0
NR_170410.1	GIN-41-MGE-S217	0	0	0	0	0	0	0	0	0
NR_170408.1	GIN-41-MGE-S217	0	0	0	0	0	0	0	0	0
NR_170407.1	GIN-41-MGE-S217	0	0	0	0	0	0	0	0	0
NR_170406.1	GIN-41-MGE-S217	0	0	0	0	0	0	0	0	0
NR_170404.1	GIN-41-MGE-S217	0	0	0	0	0	0	0	0	0
NR_170403.1	GIN-41-MGE-S217	0	0	0	0	0	0	0	0	0
NR_170402.1	GIN-41-MGE-S217	0	0	0	0	0	0	0	0	0
NR_170401.1	GIN-41-MGE-S217	0	0	0	0	0	0	0	0	0
NR_170400.1	GIN-41-MGE-S217	0	0	0	0	0	0	0	0	0
NR_170399.1	GIN-41-MGE-S217	0	0	0	0	0	0	0	0	0
NR_170398.1	GIN-41-MGE-S217	0	0	0	0	0	0	0	0	0
NR_170395.1	GIN-41-MGE-S217	0	0	0	0	0	0	0	0	0
NR_170394.1	GIN-41-MGE-S217	0	0	0	0	0	0	0	0	0
NR_170393.1	GIN-41-MGE-S217	0	0	0	0	0	0	0	0	0
NR_170392.1	GIN-41-MGE-S217	0	0	0	0	0	0	0	0	0
NR_170391.1	GIN-41-MGE-S217	0	0	0	0	0	0	0	0	0
NR_169473.1	GIN-41-MGE-S217	0	0	0	0	0	0	0	0	0
NR_170514.1	GIN-41-MGE-S217	0	0	0	0	0	0	0	0	0
NR_170502.1	GIN-41-MGE-S217	0	0	0	0	0	0	0	0	0
NR_170500.1	GIN-41-MGE-S217	0	0	0	0	0	0	0	0	0
NR_170495.1	GIN-41-MGE-S217	0	0	0	0	0	0	0	0	0
NR_170492.1	GIN-41-MGE-S217	0	0	0	0	0	0	0	0	0
NR_170484.1	GIN-41-MGE-S217	0	0	0	0	0	0	0	0	0
NR_170479.1	GIN-41-MGE-S217	0	0	0	0	0	0	0	0	0
NR_170476.1	GIN-41-MGE-S217	0	0	0	0	0	0	0	0	0
NR_170467.1	GIN-41-MGE-S217	0	0	0	0	0	0	0	0	0
NR_170463.1	GIN-41-MGE-S217	0	0	0	0	0	0	0	0	0
NR_170452.1	GIN-41-MGE-S217	0	0	0	0	0	0	0	0	0
NR_170451.1	GIN-41-MGE-S217	0	0	0	0	0	0	0	0	0
NR_170449.1	GIN-41-MGE-S217	0	0	0	0	0	0	0	0	0
NR_170434.1	GIN-41-MGE-S217	0	0	0	0	0	0	0	0	0
NR_170430.1	GIN-41-MGE-S217	0	0	0	0	0	0	0	0	0
NR_170429.1	GIN-41-MGE-S217	0	0	0	0	0	0	0	0	0
NR_170405.1	GIN-41-MGE-S217	0	0	0	0	0	0	0	0	0
NR_170396.1	GIN-41-MGE-S217	0	0	0	0	0	0	0	0	0
NR_116730.1	GIN-41-MGE-S217	0	0	0	0	0	0	0	0	0
NR_169500.1	GIN-41-MGE-S217	0	0	0	0	0	0	0	0	0
NR_169498.1	GIN-41-MGE-S217	0	0	0	0	0	0	0	0	0
NR_169497.1	GIN-41-MGE-S217	0	0	0	0	0	0	0	0	0
NR_169496.1	GIN-41-MGE-S217	0	0	0	0	0	0	0	0	0
NR_169495.1	GIN-41-MGE-S217	0	0	0	0	0	0	0	0	0
NR_169494.1	GIN-41-MGE-S217	0	0	0	0	0	0	0	0	0
NR_169493.1	GIN-41-MGE-S217	0	0	0	0	0	0	0	0	0
NR_169492.1	GIN-41-MGE-S217	0	0	0	0	0	0	0	0	0
NR_169491.1	GIN-41-MGE-S217	0	0	0	0	0	0	0	0	0
NR_169490.1	GIN-41-MGE-S217	0	0	0	0	0	0	0	0	0
NR_169489.1	GIN-41-MGE-S217	0	0	0	0	0	0	0	0	0
NR_169488.1	GIN-41-MGE-S217	0	0	0	0	0	0	0	0	0
NR_169487.1	GIN-41-MGE-S217	0	0	0	0	0	0	0	0	0
NR_169485.1	GIN-41-MGE-S217	0	0	0	0	0	0	0	0	0
NR_169484.1	GIN-41-MGE-S217	0	0	0	0	0	0	0	0	0
NR_169482.1	GIN-41-MGE-S217	0	0	0	0	0	0	0	0	0
NR_169480.1	GIN-41-MGE-S217	0	0	0	0	0	0	0	0	0
NR_169478.1	GIN-41-MGE-S217	0	0	0	0	0	0	0	0	0
NR_169476.1	GIN-41-MGE-S217	0	0	0	0	0	0	0	0	0
NR_169475.1	GIN-41-MGE-S217	0	0	0	0	0	0	0	0	0
NR_169474.1	GIN-41-MGE-S217	0	0	0	0	0	0	0	0	0
NR_169472.1	GIN-41-MGE-S217	0	0	0	0	0	0	0	0	0
NR_169470.1	GIN-41-MGE-S217	0	0	0	0	0	0	0	0	0
NR_169469.1	GIN-41-MGE-S217	0	0	0	0	0	0	0	0	0
NR_169468.1	GIN-41-MGE-S217	0	0	0	0	0	0	0	0	0
NR_169466.1	GIN-41-MGE-S217	0	0	0	0	0	0	0	0	0
NR_169465.1	GIN-41-MGE-S217	0	0	0	0	0	0	0	0	0
NR_169464.1	GIN-41-MGE-S217	0	0	0	0	0	0	0	0	0
NR_169462.1	GIN-41-MGE-S217	0	0	0	0	0	0	0	0	0
NR_169461.1	GIN-41-MGE-S217	0	0	0	0	0	0	0	0	0
NR_169457.1	GIN-41-MGE-S217	0	0	0	0	0	0	0	0	0
NR_169456.1	GIN-41-MGE-S217	0	0	0	0	0	0	0	0	0
NR_169455.1	GIN-41-MGE-S217	0	0	0	0	0	0	0	0	0
NR_169454.1	GIN-41-MGE-S217	0	0	0	0	0	0	0	0	0
NR_169453.1	GIN-41-MGE-S217	0	0	0	0	0	0	0	0	0
NR_169451.1	GIN-41-MGE-S217	0	0	0	0	0	0	0	0	0
NR_169450.1	GIN-41-MGE-S217	0	0	0	0	0	0	0	0	0
NR_169449.1	GIN-41-MGE-S217	0	0	0	0	0	0	0	0	0
NR_169448.1	GIN-41-MGE-S217	0	0	0	0	0	0	0	0	0
NR_169445.1	GIN-41-MGE-S217	0	0	0	0	0	0	0	0	0
NR_169443.1	GIN-41-MGE-S217	0	0	0	0	0	0	0	0	0
NR_169441.1	GIN-41-MGE-S217	0	0	0	0	0	0	0	0	0
NR_169440.1	GIN-41-MGE-S217	0	0	0	0	0	0	0	0	0
NR_169439.1	GIN-41-MGE-S217	0	0	0	0	0	0	0	0	0
NR_169438.1	GIN-41-MGE-S217	0	0	0	0	0	0	0	0	0
NR_169437.1	GIN-41-MGE-S217	0	0	0	0	0	0	0	0	0
NR_169436.1	GIN-41-MGE-S217	0	0	0	0	0	0	0	0	0
NR_169435.1	GIN-41-MGE-S217	0	0	0	0	0	0	0	0	0
NR_169431.1	GIN-41-MGE-S217	0	0	0	0	0	0	0	0	0
NR_169430.1	GIN-41-MGE-S217	0	0	0	0	0	0	0	0	0
NR_169429.1	GIN-41-MGE-S217	0	0	0	0	0	0	0	0	0
NR_169428.1	GIN-41-MGE-S217	0	0	0	0	0	0	0	0	0
NR_169427.1	GIN-41-MGE-S217	0	0	0	0	0	0	0	0	0
NR_169424.1	GIN-41-MGE-S217	0	0	0	0	0	0	0	0	0
NR_169423.1	GIN-41-MGE-S217	0	0	0	0	0	0	0	0	0
NR_169422.1	GIN-41-MGE-S217	0	0	0	0	0	0	0	0	0
NR_169420.1	GIN-41-MGE-S217	0	0	0	0	0	0	0	0	0
NR_169418.1	GIN-41-MGE-S217	0	0	0	0	0	0	0	0	0
NR_169417.1	GIN-41-MGE-S217	0	0	0	0	0	0	0	0	0
NR_169416.1	GIN-41-MGE-S217	0	0	0	0	0	0	0	0	0
NR_169415.1	GIN-41-MGE-S217	0	0	0	0	0	0	0	0	0
NR_169414.1	GIN-41-MGE-S217	0	0	0	0	0	0	0	0	0
NR_169413.1	GIN-41-MGE-S217	0	0	0	0	0	0	0	0	0
NR_169411.1	GIN-41-MGE-S217	0	0	0	0	0	0	0	0	0
NR_169409.1	GIN-41-MGE-S217	0	0	0	0	0	0	0	0	0
NR_169408.1	GIN-41-MGE-S217	0	0	0	0	0	0	0	0	0
NR_169407.1	GIN-41-MGE-S217	0	0	0	0	0	0	0	0	0
NR_169406.1	GIN-41-MGE-S217	0	0	0	0	0	0	0	0	0
NR_169405.1	GIN-41-MGE-S217	0	0	0	0	0	0	0	0	0
NR_169401.1	GIN-41-MGE-S217	0	0	0	0	0	0	0	0	0
NR_169398.1	GIN-41-MGE-S217	0	0	0	0	0	0	0	0	0
NR_169397.1	GIN-41-MGE-S217	0	0	0	0	0	0	0	0	0
NR_169396.1	GIN-41-MGE-S217	0	0	0	0	0	0	0	0	0
NR_169395.1	GIN-41-MGE-S217	0	0	0	0	0	0	0	0	0
NR_169394.1	GIN-41-MGE-S217	0	0	0	0	0	0	0	0	0
NR_169393.1	GIN-41-MGE-S217	0	0	0	0	0	0	0	0	0
NR_169391.1	GIN-41-MGE-S217	0	0	0	0	0	0	0	0	0
NR_169389.1	GIN-41-MGE-S217	0	0	0	0	0	0	0	0	0
NR_169386.1	GIN-41-MGE-S217	0	0	0	0	0	0	0	0	0
NR_169385.1	GIN-41-MGE-S217	0	0	0	0	0	0	0	0	0
NR_169384.1	GIN-41-MGE-S217	0	0	0	0	0	0	0	0	0
NR_169383.1	GIN-41-MGE-S217	0	0	0	0	0	0	0	0	0
NR_169380.1	GIN-41-MGE-S217	0	0	0	0	0	0	0	0	0
NR_169379.1	GIN-41-MGE-S217	0	0	0	0	0	0	0	0	0
NR_169378.1	GIN-41-MGE-S217	0	0	0	0	0	0	0	0	0
NR_169376.1	GIN-41-MGE-S217	0	0	0	0	0	0	0	0	0
NR_169375.1	GIN-41-MGE-S217	0	0	0	0	0	0	0	0	0
NR_169374.1	GIN-41-MGE-S217	0	0	0	0	0	0	0	0	0
NR_169373.1	GIN-41-MGE-S217	0	0	0	0	0	0	0	0	0
NR_169372.1	GIN-41-MGE-S217	0	0	0	0	0	0	0	0	0
NR_169371.1	GIN-41-MGE-S217	0	0	0	0	0	0	0	0	0
NR_169370.1	GIN-41-MGE-S217	0	0	0	0	0	0	0	0	0
NR_169369.1	GIN-41-MGE-S217	0	0	0	0	0	0	0	0	0
NR_169368.1	GIN-41-MGE-S217	0	0	0	0	0	0	0	0	0
NR_169367.1	GIN-41-MGE-S217	0	0	0	0	0	0	0	0	0
NR_169366.1	GIN-41-MGE-S217	0	0	0	0	0	0	0	0	0
NR_169365.1	GIN-41-MGE-S217	0	0	0	0	0	0	0	0	0
NR_169363.1	GIN-41-MGE-S217	0	0	0	0	0	0	0	0	0
NR_169362.1	GIN-41-MGE-S217	0	0	0	0	0	0	0	0	0
NR_169361.1	GIN-41-MGE-S217	0	0	0	0	0	0	0	0	0
NR_169360.1	GIN-41-MGE-S217	0	0	0	0	0	0	0	0	0
NR_169359.1	GIN-41-MGE-S217	0	0	0	0	0	0	0	0	0
NR_169358.1	GIN-41-MGE-S217	0	0	0	0	0	0	0	0	0
NR_169357.1	GIN-41-MGE-S217	0	0	0	0	0	0	0	0	0
NR_169356.1	GIN-41-MGE-S217	0	0	0	0	0	0	0	0	0
NR_169355.1	GIN-41-MGE-S217	0	0	0	0	0	0	0	0	0
NR_169354.1	GIN-41-MGE-S217	0	0	0	0	0	0	0	0	0
NR_169353.1	GIN-41-MGE-S217	0	0	0	0	0	0	0	0	0
NR_169352.1	GIN-41-MGE-S217	0	0	0	0	0	0	0	0	0
NR_169351.1	GIN-41-MGE-S217	0	0	0	0	0	0	0	0	0
NR_169350.1	GIN-41-MGE-S217	0	0	0	0	0	0	0	0	0
NR_169349.1	GIN-41-MGE-S217	0	0	0	0	0	0	0	0	0
NR_169348.1	GIN-41-MGE-S217	32	32	0	0	0	0	0	0	0
NR_169347.1	GIN-41-MGE-S217	0	0	0	0	0	0	0	0	0
NR_169346.1	GIN-41-MGE-S217	0	0	0	0	0	0	0	0	0
NR_169345.1	GIN-41-MGE-S217	0	0	0	0	0	0	0	0	0
NR_169344.1	GIN-41-MGE-S217	0	0	0	0	0	0	0	0	0
NR_169343.1	GIN-41-MGE-S217	0	0	0	0	0	0	0	0	0
NR_169341.1	GIN-41-MGE-S217	0	0	0	0	0	0	0	0	0
NR_169340.1	GIN-41-MGE-S217	0	0	0	0	0	0	0	0	0
NR_169338.1	GIN-41-MGE-S217	0	0	0	0	0	0	0	0	0
NR_169337.1	GIN-41-MGE-S217	0	0	0	0	0	0	0	0	0
NR_169334.1	GIN-41-MGE-S217	0	0	0	0	0	0	0	0	0
NR_169333.1	GIN-41-MGE-S217	0	0	0	0	0	0	0	0	0
NR_169332.1	GIN-41-MGE-S217	0	0	0	0	0	0	0	0	0
NR_169331.1	GIN-41-MGE-S217	0	0	0	0	0	0	0	0	0
NR_169330.1	GIN-41-MGE-S217	0	0	0	0	0	0	0	0	0
NR_169329.1	GIN-41-MGE-S217	0	0	0	0	0	0	0	0	0
NR_169328.1	GIN-41-MGE-S217	0	0	0	0	0	0	0	0	0
NR_169322.1	GIN-41-MGE-S217	0	0	0	0	0	0	0	0	0
NR_169320.1	GIN-41-MGE-S217	0	0	0	0	0	0	0	0	0
NR_169317.1	GIN-41-MGE-S217	0	0	0	0	0	0	0	0	0
NR_169316.1	GIN-41-MGE-S217	0	0	0	0	0	0	0	0	0
NR_169315.1	GIN-41-MGE-S217	0	0	0	0	0	0	0	0	0
NR_169314.1	GIN-41-MGE-S217	0	0	0	0	0	0	0	0	0
NR_169313.1	GIN-41-MGE-S217	0	0	0	0	0	0	0	0	0
NR_169312.1	GIN-41-MGE-S217	0	0	0	0	0	0	0	0	0
NR_169311.1	GIN-41-MGE-S217	0	0	0	0	0	0	0	0	0
NR_169310.1	GIN-41-MGE-S217	0	0	0	0	0	0	0	0	0
NR_108394.1	GIN-41-MGE-S217	0	0	0	0	0	0	0	0	0
NR_169499.1	GIN-41-MGE-S217	0	0	0	0	0	0	0	0	0
NR_169486.1	GIN-41-MGE-S217	0	0	0	0	0	0	0	0	0
NR_169481.1	GIN-41-MGE-S217	0	0	0	0	0	0	0	0	0
NR_169477.1	GIN-41-MGE-S217	0	0	0	0	0	0	0	0	0
NR_169471.1	GIN-41-MGE-S217	0	0	0	0	0	0	0	0	0
NR_169467.1	GIN-41-MGE-S217	0	0	0	0	0	0	0	0	0
NR_169463.1	GIN-41-MGE-S217	0	0	0	0	0	0	0	0	0
NR_169458.1	GIN-41-MGE-S217	0	0	0	0	0	0	0	0	0
NR_169452.1	GIN-41-MGE-S217	0	0	0	0	0	0	0	0	0
NR_169447.1	GIN-41-MGE-S217	0	0	0	0	0	0	0	0	0
NR_169446.1	GIN-41-MGE-S217	0	0	0	0	0	0	0	0	0
NR_169442.1	GIN-41-MGE-S217	0	0	0	0	0	0	0	0	0
NR_169434.1	GIN-41-MGE-S217	0	0	0	0	0	0	0	0	0
NR_169433.1	GIN-41-MGE-S217	0	0	0	0	0	0	0	0	0
NR_169426.1	GIN-41-MGE-S217	0	0	0	0	0	0	0	0	0
NR_169425.1	GIN-41-MGE-S217	0	0	0	0	0	0	0	0	0
NR_169421.1	GIN-41-MGE-S217	0	0	0	0	0	0	0	0	0
NR_169412.1	GIN-41-MGE-S217	0	0	0	0	0	0	0	0	0
NR_169404.1	GIN-41-MGE-S217	0	0	0	0	0	0	0	0	0
NR_169403.1	GIN-41-MGE-S217	0	0	0	0	0	0	0	0	0
NR_169402.1	GIN-41-MGE-S217	0	0	0	0	0	0	0	0	0
NR_169400.1	GIN-41-MGE-S217	0	0	0	0	0	0	0	0	0
NR_169399.1	GIN-41-MGE-S217	0	0	0	0	0	0	0	0	0
NR_169392.1	GIN-41-MGE-S217	0	0	0	0	0	0	0	0	0
NR_169390.1	GIN-41-MGE-S217	0	0	0	0	0	0	0	0	0
NR_169388.1	GIN-41-MGE-S217	0	0	0	0	0	0	0	0	0
NR_169387.1	GIN-41-MGE-S217	0	0	0	0	0	0	0	0	0
NR_169382.1	GIN-41-MGE-S217	0	0	0	0	0	0	0	0	0
NR_169377.1	GIN-41-MGE-S217	0	0	0	0	0	0	0	0	0
NR_169342.1	GIN-41-MGE-S217	0	0	0	0	0	0	0	0	0
NR_169339.1	GIN-41-MGE-S217	0	0	0	0	0	0	0	0	0
NR_169336.1	GIN-41-MGE-S217	0	0	0	0	0	0	0	0	0
NR_169335.1	GIN-41-MGE-S217	0	0	0	0	0	0	0	0	0
NR_169327.1	GIN-41-MGE-S217	0	0	0	0	0	0	0	0	0
NR_169326.1	GIN-41-MGE-S217	0	0	0	0	0	0	0	0	0
NR_169325.1	GIN-41-MGE-S217	0	0	0	0	0	0	0	0	0
NR_169324.1	GIN-41-MGE-S217	0	0	0	0	0	0	0	0	0
NR_169323.1	GIN-41-MGE-S217	0	0	0	0	0	0	0	0	0
NR_169321.1	GIN-41-MGE-S217	0	0	0	0	0	0	0	0	0
NR_169319.1	GIN-41-MGE-S217	0	0	0	0	0	0	0	0	0
NR_169318.1	GIN-41-MGE-S217	0	0	0	0	0	0	0	0	0
NR_165790.1	GIN-41-MGE-S217	0	0	0	0	0	0	0	0	0
NR_165789.1	GIN-41-MGE-S217	0	0	0	0	0	0	0	0	0
NR_165788.1	GIN-41-MGE-S217	0	0	0	0	0	0	0	0	0
NR_165786.1	GIN-41-MGE-S217	0	0	0	0	0	0	0	0	0
NR_165785.1	GIN-41-MGE-S217	0	0	0	0	0	0	0	0	0
NR_165784.1	GIN-41-MGE-S217	0	0	0	0	0	0	0	0	0
NR_165783.1	GIN-41-MGE-S217	0	0	0	0	0	0	0	0	0
NR_165782.1	GIN-41-MGE-S217	0	0	0	0	0	0	0	0	0
NR_165781.1	GIN-41-MGE-S217	0	0	0	0	0	0	0	0	0
NR_165779.1	GIN-41-MGE-S217	0	0	0	0	0	0	0	0	0
NR_165778.1	GIN-41-MGE-S217	0	0	0	0	0	0	0	0	0
NR_165777.1	GIN-41-MGE-S217	0	0	0	0	0	0	0	0	0
NR_165776.1	GIN-41-MGE-S217	0	0	0	0	0	0	0	0	0
NR_165774.1	GIN-41-MGE-S217	0	0	0	0	0	0	0	0	0
NR_165773.1	GIN-41-MGE-S217	0	0	0	0	0	0	0	0	0
NR_165772.1	GIN-41-MGE-S217	0	0	0	0	0	0	0	0	0
NR_165771.1	GIN-41-MGE-S217	0	0	0	0	0	0	0	0	0
NR_165770.1	GIN-41-MGE-S217	0	0	0	0	0	0	0	0	0
NR_165769.1	GIN-41-MGE-S217	0	0	0	0	0	0	0	0	0
NR_165766.1	GIN-41-MGE-S217	0	0	0	0	0	0	0	0	0
NR_165765.1	GIN-41-MGE-S217	0	0	0	0	0	0	0	0	0
NR_165764.1	GIN-41-MGE-S217	0	0	0	0	0	0	0	0	0
NR_165763.1	GIN-41-MGE-S217	0	0	0	0	0	0	0	0	0
NR_165762.1	GIN-41-MGE-S217	0	0	0	0	0	0	0	0	0
NR_165761.1	GIN-41-MGE-S217	0	0	0	0	0	0	0	0	0
NR_165760.1	GIN-41-MGE-S217	0	0	0	0	0	0	0	0	0
NR_165759.1	GIN-41-MGE-S217	0	0	0	0	0	0	0	0	0
NR_165757.1	GIN-41-MGE-S217	0	0	0	0	0	0	0	0	0
NR_165756.1	GIN-41-MGE-S217	0	0	0	0	0	0	0	0	0
NR_165755.1	GIN-41-MGE-S217	0	0	0	0	0	0	0	0	0
NR_165754.1	GIN-41-MGE-S217	0	0	0	0	0	0	0	0	0
NR_165752.1	GIN-41-MGE-S217	0	0	0	0	0	0	0	0	0
NR_165751.1	GIN-41-MGE-S217	0	0	0	0	0	0	0	0	0
NR_165750.1	GIN-41-MGE-S217	0	0	0	0	0	0	0	0	0
NR_165749.1	GIN-41-MGE-S217	0	0	0	0	0	0	0	0	0
NR_165748.1	GIN-41-MGE-S217	0	0	0	0	0	0	0	0	0
NR_165747.1	GIN-41-MGE-S217	0	0	0	0	0	0	0	0	0
NR_165744.1	GIN-41-MGE-S217	0	0	0	0	0	0	0	0	0
NR_165743.1	GIN-41-MGE-S217	0	0	0	0	0	0	0	0	0
NR_165742.1	GIN-41-MGE-S217	0	0	0	0	0	0	0	0	0
NR_165741.1	GIN-41-MGE-S217	0	0	0	0	0	0	0	0	0
NR_165740.1	GIN-41-MGE-S217	0	0	0	0	0	0	0	0	0
NR_165739.1	GIN-41-MGE-S217	0	0	0	0	0	0	0	0	0
NR_165738.1	GIN-41-MGE-S217	1	1	0	0	0	0	0	0	0
NR_165737.1	GIN-41-MGE-S217	0	0	0	0	0	0	0	0	0
NR_165736.1	GIN-41-MGE-S217	0	0	0	0	0	0	0	0	0
NR_165735.1	GIN-41-MGE-S217	0	0	0	0	0	0	0	0	0
NR_165734.1	GIN-41-MGE-S217	0	0	0	0	0	0	0	0	0
NR_165733.1	GIN-41-MGE-S217	0	0	0	0	0	0	0	0	0
NR_165732.1	GIN-41-MGE-S217	0	0	0	0	0	0	0	0	0
NR_165731.1	GIN-41-MGE-S217	0	0	0	0	0	0	0	0	0
NR_165730.1	GIN-41-MGE-S217	0	0	0	0	0	0	0	0	0
NR_165727.1	GIN-41-MGE-S217	0	0	0	0	0	0	0	0	0
NR_165725.1	GIN-41-MGE-S217	0	0	0	0	0	0	0	0	0
NR_165724.1	GIN-41-MGE-S217	0	0	0	0	0	0	0	0	0
NR_165722.1	GIN-41-MGE-S217	0	0	0	0	0	0	0	0	0
NR_165721.1	GIN-41-MGE-S217	0	0	0	0	0	0	0	0	0
NR_165720.1	GIN-41-MGE-S217	0	0	0	0	0	0	0	0	0
NR_165719.1	GIN-41-MGE-S217	0	0	0	0	0	0	0	0	0
NR_165718.1	GIN-41-MGE-S217	0	0	0	0	0	0	0	0	0
NR_165717.1	GIN-41-MGE-S217	0	0	0	0	0	0	0	0	0
NR_165716.1	GIN-41-MGE-S217	0	0	0	0	0	0	0	0	0
NR_165714.1	GIN-41-MGE-S217	0	0	0	0	0	0	0	0	0
NR_165713.1	GIN-41-MGE-S217	0	0	0	0	0	0	0	0	0
NR_165712.1	GIN-41-MGE-S217	0	0	0	0	0	0	0	0	0
NR_165711.1	GIN-41-MGE-S217	0	0	0	0	0	0	0	0	0
NR_165710.1	GIN-41-MGE-S217	0	0	0	0	0	0	0	0	0
NR_165709.1	GIN-41-MGE-S217	0	0	0	0	0	0	0	0	0
NR_165708.1	GIN-41-MGE-S217	0	0	0	0	0	0	0	0	0
NR_165707.1	GIN-41-MGE-S217	0	0	0	0	0	0	0	0	0
NR_165706.1	GIN-41-MGE-S217	0	0	0	0	0	0	0	0	0
NR_165705.1	GIN-41-MGE-S217	0	0	0	0	0	0	0	0	0
NR_165704.1	GIN-41-MGE-S217	0	0	0	0	0	0	0	0	0
NR_165703.1	GIN-41-MGE-S217	0	0	0	0	0	0	0	0	0
NR_165702.1	GIN-41-MGE-S217	0	0	0	0	0	0	0	0	0
NR_165701.1	GIN-41-MGE-S217	0	0	0	0	0	0	0	0	0
NR_165700.1	GIN-41-MGE-S217	0	0	0	0	0	0	0	0	0
NR_165699.1	GIN-41-MGE-S217	0	0	0	0	0	0	0	0	0
NR_165698.1	GIN-41-MGE-S217	0	0	0	0	0	0	0	0	0
NR_165697.1	GIN-41-MGE-S217	0	0	0	0	0	0	0	0	0
NR_165696.1	GIN-41-MGE-S217	0	0	0	0	0	0	0	0	0
NR_165695.1	GIN-41-MGE-S217	0	0	0	0	0	0	0	0	0
NR_165694.1	GIN-41-MGE-S217	0	0	0	0	0	0	0	0	0
NR_165693.1	GIN-41-MGE-S217	0	0	0	0	0	0	0	0	0
NR_165692.1	GIN-41-MGE-S217	0	0	0	0	0	0	0	0	0
NR_165691.1	GIN-41-MGE-S217	0	0	0	0	0	0	0	0	0
NR_165690.1	GIN-41-MGE-S217	0	0	0	0	0	0	0	0	0
NR_165689.1	GIN-41-MGE-S217	0	0	0	0	0	0	0	0	0
NR_165688.1	GIN-41-MGE-S217	0	0	0	0	0	0	0	0	0
NR_165687.1	GIN-41-MGE-S217	0	0	0	0	0	0	0	0	0
NR_165686.1	GIN-41-MGE-S217	0	0	0	0	0	0	0	0	0
NR_165685.1	GIN-41-MGE-S217	0	0	0	0	0	0	0	0	0
NR_165684.1	GIN-41-MGE-S217	0	0	0	0	0	0	0	0	0
NR_165683.1	GIN-41-MGE-S217	0	0	0	0	0	0	0	0	0
NR_165682.1	GIN-41-MGE-S217	0	0	0	0	0	0	0	0	0
NR_165681.1	GIN-41-MGE-S217	0	0	0	0	0	0	0	0	0
NR_165680.1	GIN-41-MGE-S217	0	0	0	0	0	0	0	0	0
NR_165679.1	GIN-41-MGE-S217	0	0	0	0	0	0	0	0	0
NR_165678.1	GIN-41-MGE-S217	0	0	0	0	0	0	0	0	0
NR_165677.1	GIN-41-MGE-S217	0	0	0	0	0	0	0	0	0
NR_165676.1	GIN-41-MGE-S217	0	0	0	0	0	0	0	0	0
NR_165675.1	GIN-41-MGE-S217	0	0	0	0	0	0	0	0	0
NR_165674.1	GIN-41-MGE-S217	0	0	0	0	0	0	0	0	0
NR_165673.1	GIN-41-MGE-S217	0	0	0	0	0	0	0	0	0
NR_165672.1	GIN-41-MGE-S217	0	0	0	0	0	0	0	0	0
NR_165671.1	GIN-41-MGE-S217	0	0	0	0	0	0	0	0	0
NR_165670.1	GIN-41-MGE-S217	0	0	0	0	0	0	0	0	0
NR_165669.1	GIN-41-MGE-S217	0	0	0	0	0	0	0	0	0
NR_165668.1	GIN-41-MGE-S217	0	0	0	0	0	0	0	0	0
NR_165667.1	GIN-41-MGE-S217	0	0	0	0	0	0	0	0	0
NR_165666.1	GIN-41-MGE-S217	0	0	0	0	0	0	0	0	0
NR_165665.1	GIN-41-MGE-S217	0	0	0	0	0	0	0	0	0
NR_165664.1	GIN-41-MGE-S217	0	0	0	0	0	0	0	0	0
NR_165663.1	GIN-41-MGE-S217	0	0	0	0	0	0	0	0	0
NR_165030.1	GIN-41-MGE-S217	0	0	0	0	0	0	0	0	0
NR_165029.1	GIN-41-MGE-S217	0	0	0	0	0	0	0	0	0
NR_165028.1	GIN-41-MGE-S217	0	0	0	0	0	0	0	0	0
NR_165027.1	GIN-41-MGE-S217	0	0	0	0	0	0	0	0	0
NR_165026.1	GIN-41-MGE-S217	0	0	0	0	0	0	0	0	0
NR_165025.1	GIN-41-MGE-S217	0	0	0	0	0	0	0	0	0
NR_165024.1	GIN-41-MGE-S217	0	0	0	0	0	0	0	0	0
NR_165023.1	GIN-41-MGE-S217	0	0	0	0	0	0	0	0	0
NR_165022.1	GIN-41-MGE-S217	0	0	0	0	0	0	0	0	0
NR_165021.1	GIN-41-MGE-S217	0	0	0	0	0	0	0	0	0
NR_165020.1	GIN-41-MGE-S217	0	0	0	0	0	0	0	0	0
NR_165019.1	GIN-41-MGE-S217	0	0	0	0	0	0	0	0	0
NR_165018.1	GIN-41-MGE-S217	0	0	0	0	0	0	0	0	0
NR_165017.1	GIN-41-MGE-S217	0	0	0	0	0	0	0	0	0
NR_165016.1	GIN-41-MGE-S217	0	0	0	0	0	0	0	0	0
NR_165015.1	GIN-41-MGE-S217	0	0	0	0	0	0	0	0	0
NR_165014.1	GIN-41-MGE-S217	0	0	0	0	0	0	0	0	0
NR_165013.1	GIN-41-MGE-S217	0	0	0	0	0	0	0	0	0
NR_165012.1	GIN-41-MGE-S217	0	0	0	0	0	0	0	0	0
NR_165011.1	GIN-41-MGE-S217	0	0	0	0	0	0	0	0	0
NR_165010.1	GIN-41-MGE-S217	0	0	0	0	0	0	0	0	0
NR_165009.1	GIN-41-MGE-S217	0	0	0	0	0	0	0	0	0
NR_165008.1	GIN-41-MGE-S217	0	0	0	0	0	0	0	0	0
NR_165007.1	GIN-41-MGE-S217	0	0	0	0	0	0	0	0	0
NR_165006.1	GIN-41-MGE-S217	0	0	0	0	0	0	0	0	0
NR_165005.1	GIN-41-MGE-S217	0	0	0	0	0	0	0	0	0
NR_165004.1	GIN-41-MGE-S217	0	0	0	0	0	0	0	0	0
NR_165003.1	GIN-41-MGE-S217	0	0	0	0	0	0	0	0	0
NR_165002.1	GIN-41-MGE-S217	0	0	0	0	0	0	0	0	0
NR_165001.1	GIN-41-MGE-S217	0	0	0	0	0	0	0	0	0
NR_165000.1	GIN-41-MGE-S217	0	0	0	0	0	0	0	0	0
NR_164999.1	GIN-41-MGE-S217	0	0	0	0	0	0	0	0	0
NR_164998.1	GIN-41-MGE-S217	0	0	0	0	0	0	0	0	0
NR_164997.1	GIN-41-MGE-S217	0	0	0	0	0	0	0	0	0
NR_164994.1	GIN-41-MGE-S217	0	0	0	0	0	0	0	0	0
NR_164993.1	GIN-41-MGE-S217	0	0	0	0	0	0	0	0	0
NR_164992.1	GIN-41-MGE-S217	0	0	0	0	0	0	0	0	0
NR_164991.1	GIN-41-MGE-S217	0	0	0	0	0	0	0	0	0
NR_164990.1	GIN-41-MGE-S217	0	0	0	0	0	0	0	0	0
NR_164989.1	GIN-41-MGE-S217	0	0	0	0	0	0	0	0	0
NR_164988.1	GIN-41-MGE-S217	0	0	0	0	0	0	0	0	0
NR_164987.1	GIN-41-MGE-S217	0	0	0	0	0	0	0	0	0
NR_164986.1	GIN-41-MGE-S217	0	0	0	0	0	0	0	0	0
NR_164985.1	GIN-41-MGE-S217	0	0	0	0	0	0	0	0	0
NR_164984.1	GIN-41-MGE-S217	0	0	0	0	0	0	0	0	0
NR_164983.1	GIN-41-MGE-S217	0	0	0	0	0	0	0	0	0
NR_164982.1	GIN-41-MGE-S217	0	0	0	0	0	0	0	0	0
NR_164981.1	GIN-41-MGE-S217	0	0	0	0	0	0	0	0	0
NR_164980.1	GIN-41-MGE-S217	0	0	0	0	0	0	0	0	0
NR_164979.1	GIN-41-MGE-S217	0	0	0	0	0	0	0	0	0
NR_164978.1	GIN-41-MGE-S217	0	0	0	0	0	0	0	0	0
NR_164977.1	GIN-41-MGE-S217	0	0	0	0	0	0	0	0	0
NR_164976.1	GIN-41-MGE-S217	0	0	0	0	0	0	0	0	0
NR_164975.1	GIN-41-MGE-S217	0	0	0	0	0	0	0	0	0
NR_164974.1	GIN-41-MGE-S217	0	0	0	0	0	0	0	0	0
NR_164973.1	GIN-41-MGE-S217	0	0	0	0	0	0	0	0	0
NR_164972.1	GIN-41-MGE-S217	0	0	0	0	0	0	0	0	0
NR_164971.1	GIN-41-MGE-S217	0	0	0	0	0	0	0	0	0
NR_164970.1	GIN-41-MGE-S217	0	0	0	0	0	0	0	0	0
NR_164969.1	GIN-41-MGE-S217	0	0	0	0	0	0	0	0	0
NR_164968.1	GIN-41-MGE-S217	0	0	0	0	0	0	0	0	0
NR_164966.1	GIN-41-MGE-S217	0	0	0	0	0	0	0	0	0
NR_164965.1	GIN-41-MGE-S217	0	0	0	0	0	0	0	0	0
NR_164964.1	GIN-41-MGE-S217	0	0	0	0	0	0	0	0	0
NR_164963.1	GIN-41-MGE-S217	0	0	0	0	0	0	0	0	0
NR_164962.1	GIN-41-MGE-S217	0	0	0	0	0	0	0	0	0
NR_164960.1	GIN-41-MGE-S217	0	0	0	0	0	0	0	0	0
NR_164959.1	GIN-41-MGE-S217	0	0	0	0	0	0	0	0	0
NR_164958.1	GIN-41-MGE-S217	0	0	0	0	0	0	0	0	0
NR_164957.1	GIN-41-MGE-S217	0	0	0	0	0	0	0	0	0
NR_164955.1	GIN-41-MGE-S217	0	0	0	0	0	0	0	0	0
NR_164954.1	GIN-41-MGE-S217	0	0	0	0	0	0	0	0	0
NR_164953.1	GIN-41-MGE-S217	0	0	0	0	0	0	0	0	0
NR_164952.1	GIN-41-MGE-S217	0	0	0	0	0	0	0	0	0
NR_164951.1	GIN-41-MGE-S217	0	0	0	0	0	0	0	0	0
NR_164950.1	GIN-41-MGE-S217	0	0	0	0	0	0	0	0	0
NR_164949.1	GIN-41-MGE-S217	0	0	0	0	0	0	0	0	0
NR_164948.1	GIN-41-MGE-S217	0	0	0	0	0	0	0	0	0
NR_164947.1	GIN-41-MGE-S217	0	0	0	0	0	0	0	0	0
NR_164946.1	GIN-41-MGE-S217	0	0	0	0	0	0	0	0	0
NR_164945.1	GIN-41-MGE-S217	0	0	0	0	0	0	0	0	0
NR_164944.1	GIN-41-MGE-S217	0	0	0	0	0	0	0	0	0
NR_164943.1	GIN-41-MGE-S217	0	0	0	0	0	0	0	0	0
NR_164942.1	GIN-41-MGE-S217	0	0	0	0	0	0	0	0	0
NR_164941.1	GIN-41-MGE-S217	0	0	0	0	0	0	0	0	0
NR_164940.1	GIN-41-MGE-S217	0	0	0	0	0	0	0	0	0
NR_164939.1	GIN-41-MGE-S217	0	0	0	0	0	0	0	0	0
NR_164938.1	GIN-41-MGE-S217	0	0	0	0	0	0	0	0	0
NR_164937.1	GIN-41-MGE-S217	0	0	0	0	0	0	0	0	0
NR_164936.1	GIN-41-MGE-S217	0	0	0	0	0	0	0	0	0
NR_164935.1	GIN-41-MGE-S217	0	0	0	0	0	0	0	0	0
NR_164934.1	GIN-41-MGE-S217	0	0	0	0	0	0	0	0	0
NR_164933.1	GIN-41-MGE-S217	0	0	0	0	0	0	0	0	0
NR_164931.1	GIN-41-MGE-S217	0	0	0	0	0	0	0	0	0
NR_164930.1	GIN-41-MGE-S217	0	0	0	0	0	0	0	0	0
NR_164929.1	GIN-41-MGE-S217	0	0	0	0	0	0	0	0	0
NR_164928.1	GIN-41-MGE-S217	0	0	0	0	0	0	0	0	0
NR_164927.1	GIN-41-MGE-S217	0	0	0	0	0	0	0	0	0
NR_164926.1	GIN-41-MGE-S217	0	0	0	0	0	0	0	0	0
NR_164925.1	GIN-41-MGE-S217	0	0	0	0	0	0	0	0	0
NR_164924.1	GIN-41-MGE-S217	0	0	0	0	0	0	0	0	0
NR_164923.1	GIN-41-MGE-S217	0	0	0	0	0	0	0	0	0
NR_164922.1	GIN-41-MGE-S217	0	0	0	0	0	0	0	0	0
NR_164920.1	GIN-41-MGE-S217	0	0	0	0	0	0	0	0	0
NR_164919.1	GIN-41-MGE-S217	0	0	0	0	0	0	0	0	0
NR_164918.1	GIN-41-MGE-S217	0	0	0	0	0	0	0	0	0
NR_164917.1	GIN-41-MGE-S217	0	0	0	0	0	0	0	0	0
NR_164916.1	GIN-41-MGE-S217	0	0	0	0	0	0	0	0	0
NR_164915.1	GIN-41-MGE-S217	0	0	0	0	0	0	0	0	0
NR_164914.1	GIN-41-MGE-S217	0	0	0	0	0	0	0	0	0
NR_164913.1	GIN-41-MGE-S217	0	0	0	0	0	0	0	0	0
NR_164912.1	GIN-41-MGE-S217	0	0	0	0	0	0	0	0	0
NR_164911.1	GIN-41-MGE-S217	0	0	0	0	0	0	0	0	0
NR_164910.1	GIN-41-MGE-S217	0	0	0	0	0	0	0	0	0
NR_164909.1	GIN-41-MGE-S217	0	0	0	0	0	0	0	0	0
NR_164908.1	GIN-41-MGE-S217	0	0	0	0	0	0	0	0	0
NR_164907.1	GIN-41-MGE-S217	0	0	0	0	0	0	0	0	0
NR_164906.1	GIN-41-MGE-S217	0	0	0	0	0	0	0	0	0
NR_164905.1	GIN-41-MGE-S217	0	0	0	0	0	0	0	0	0
NR_164904.1	GIN-41-MGE-S217	0	0	0	0	0	0	0	0	0
NR_164903.1	GIN-41-MGE-S217	0	0	0	0	0	0	0	0	0
NR_164902.1	GIN-41-MGE-S217	0	0	0	0	0	0	0	0	0
NR_164901.1	GIN-41-MGE-S217	0	0	0	0	0	0	0	0	0
NR_164900.1	GIN-41-MGE-S217	0	0	0	0	0	0	0	0	0
NR_164899.1	GIN-41-MGE-S217	0	0	0	0	0	0	0	0	0
NR_164898.1	GIN-41-MGE-S217	0	0	0	0	0	0	0	0	0
NR_164897.1	GIN-41-MGE-S217	0	0	0	0	0	0	0	0	0
NR_164896.1	GIN-41-MGE-S217	0	0	0	0	0	0	0	0	0
NR_164895.1	GIN-41-MGE-S217	0	0	0	0	0	0	0	0	0
NR_164894.1	GIN-41-MGE-S217	0	0	0	0	0	0	0	0	0
NR_164893.1	GIN-41-MGE-S217	0	0	0	0	0	0	0	0	0
NR_164892.1	GIN-41-MGE-S217	0	0	0	0	0	0	0	0	0
NR_164891.1	GIN-41-MGE-S217	0	0	0	0	0	0	0	0	0
NR_164890.1	GIN-41-MGE-S217	0	0	0	0	0	0	0	0	0
NR_164889.1	GIN-41-MGE-S217	0	0	0	0	0	0	0	0	0
NR_164888.1	GIN-41-MGE-S217	0	0	0	0	0	0	0	0	0
NR_164887.1	GIN-41-MGE-S217	0	0	0	0	0	0	0	0	0
NR_164886.1	GIN-41-MGE-S217	0	0	0	0	0	0	0	0	0
NR_164885.1	GIN-41-MGE-S217	0	0	0	0	0	0	0	0	0
NR_164884.1	GIN-41-MGE-S217	0	0	0	0	0	0	0	0	0
NR_164883.1	GIN-41-MGE-S217	0	0	0	0	0	0	0	0	0
NR_164882.1	GIN-41-MGE-S217	0	0	0	0	0	0	0	0	0
NR_164881.1	GIN-41-MGE-S217	0	0	0	0	0	0	0	0	0
NR_164880.1	GIN-41-MGE-S217	0	0	0	0	0	0	0	0	0
NR_164879.1	GIN-41-MGE-S217	0	0	0	0	0	0	0	0	0
NR_164878.1	GIN-41-MGE-S217	0	0	0	0	0	0	0	0	0
NR_164877.1	GIN-41-MGE-S217	0	0	0	0	0	0	0	0	0
NR_164876.1	GIN-41-MGE-S217	0	0	0	0	0	0	0	0	0
NR_164875.1	GIN-41-MGE-S217	0	0	0	0	0	0	0	0	0
NR_164874.1	GIN-41-MGE-S217	0	0	0	0	0	0	0	0	0
NR_164873.1	GIN-41-MGE-S217	0	0	0	0	0	0	0	0	0
NR_164872.1	GIN-41-MGE-S217	0	0	0	0	0	0	0	0	0
NR_164871.1	GIN-41-MGE-S217	0	0	0	0	0	0	0	0	0
NR_164870.1	GIN-41-MGE-S217	0	0	0	0	0	0	0	0	0
NR_164869.1	GIN-41-MGE-S217	0	0	0	0	0	0	0	0	0
NR_164868.1	GIN-41-MGE-S217	0	0	0	0	0	0	0	0	0
NR_164867.1	GIN-41-MGE-S217	0	0	0	0	0	0	0	0	0
NR_164632.1	GIN-41-MGE-S217	0	0	0	0	0	0	0	0	0
NR_164623.1	GIN-41-MGE-S217	0	0	0	0	0	0	0	0	0
NR_164622.1	GIN-41-MGE-S217	0	0	0	0	0	0	0	0	0
NR_164619.1	GIN-41-MGE-S217	0	0	0	0	0	0	0	0	0
NR_146028.1	GIN-41-MGE-S217	0	0	0	0	0	0	0	0	0
NR_164635.1	GIN-41-MGE-S217	0	0	0	0	0	0	0	0	0
NR_164634.1	GIN-41-MGE-S217	0	0	0	0	0	0	0	0	0
NR_164633.1	GIN-41-MGE-S217	0	0	0	0	0	0	0	0	0
NR_164627.1	GIN-41-MGE-S217	0	0	0	0	0	0	0	0	0
NR_164626.1	GIN-41-MGE-S217	0	0	0	0	0	0	0	0	0
NR_164625.1	GIN-41-MGE-S217	0	0	0	0	0	0	0	0	0
NR_164624.1	GIN-41-MGE-S217	0	0	0	0	0	0	0	0	0
NR_164621.1	GIN-41-MGE-S217	0	0	0	0	0	0	0	0	0
NR_164620.1	GIN-41-MGE-S217	0	0	0	0	0	0	0	0	0
NR_164618.1	GIN-41-MGE-S217	0	0	0	0	0	0	0	0	0
NR_164617.1	GIN-41-MGE-S217	0	0	0	0	0	0	0	0	0
NR_164616.1	GIN-41-MGE-S217	0	0	0	0	0	0	0	0	0
NR_164615.1	GIN-41-MGE-S217	0	0	0	0	0	0	0	0	0
NR_163603.1	GIN-41-MGE-S217	0	0	0	0	0	0	0	0	0
NR_163602.1	GIN-41-MGE-S217	0	0	0	0	0	0	0	0	0
NR_116675.1	GIN-41-MGE-S217	0	0	0	0	0	0	0	0	0
NR_108896.1	GIN-41-MGE-S217	0	0	0	0	0	0	0	0	0
NR_163665.1	GIN-41-MGE-S217	0	0	0	0	0	0	0	0	0
NR_163664.1	GIN-41-MGE-S217	0	0	0	0	0	0	0	0	0
NR_163663.1	GIN-41-MGE-S217	0	0	0	0	0	0	0	0	0
NR_163662.1	GIN-41-MGE-S217	0	0	0	0	0	0	0	0	0
NR_163661.1	GIN-41-MGE-S217	0	0	0	0	0	0	0	0	0
NR_163660.1	GIN-41-MGE-S217	0	0	0	0	0	0	0	0	0
NR_163658.1	GIN-41-MGE-S217	0	0	0	0	0	0	0	0	0
NR_163657.1	GIN-41-MGE-S217	0	0	0	0	0	0	0	0	0
NR_163656.1	GIN-41-MGE-S217	0	0	0	0	0	0	0	0	0
NR_163654.1	GIN-41-MGE-S217	0	0	0	0	0	0	0	0	0
NR_163653.1	GIN-41-MGE-S217	0	0	0	0	0	0	0	0	0
NR_163651.1	GIN-41-MGE-S217	0	0	0	0	0	0	0	0	0
NR_163650.1	GIN-41-MGE-S217	0	0	0	0	0	0	0	0	0
NR_163649.1	GIN-41-MGE-S217	0	0	0	0	0	0	0	0	0
NR_163647.1	GIN-41-MGE-S217	0	0	0	0	0	0	0	0	0
NR_163646.1	GIN-41-MGE-S217	0	0	0	0	0	0	0	0	0
NR_163645.1	GIN-41-MGE-S217	0	0	0	0	0	0	0	0	0
NR_163644.1	GIN-41-MGE-S217	0	0	0	0	0	0	0	0	0
NR_163642.1	GIN-41-MGE-S217	0	0	0	0	0	0	0	0	0
NR_163640.1	GIN-41-MGE-S217	0	0	0	0	0	0	0	0	0
NR_163638.1	GIN-41-MGE-S217	0	0	0	0	0	0	0	0	0
NR_163637.1	GIN-41-MGE-S217	0	0	0	0	0	0	0	0	0
NR_163636.1	GIN-41-MGE-S217	0	0	0	0	0	0	0	0	0
NR_163635.1	GIN-41-MGE-S217	0	0	0	0	0	0	0	0	0
NR_163634.1	GIN-41-MGE-S217	0	0	0	0	0	0	0	0	0
NR_163633.1	GIN-41-MGE-S217	0	0	0	0	0	0	0	0	0
NR_163632.1	GIN-41-MGE-S217	0	0	0	0	0	0	0	0	0
NR_163631.1	GIN-41-MGE-S217	0	0	0	0	0	0	0	0	0
NR_163630.1	GIN-41-MGE-S217	0	0	0	0	0	0	0	0	0
NR_163629.1	GIN-41-MGE-S217	0	0	0	0	0	0	0	0	0
NR_163628.1	GIN-41-MGE-S217	0	0	0	0	0	0	0	0	0
NR_163627.1	GIN-41-MGE-S217	0	0	0	0	0	0	0	0	0
NR_163626.1	GIN-41-MGE-S217	0	0	0	0	0	0	0	0	0
NR_163625.1	GIN-41-MGE-S217	0	0	0	0	0	0	0	0	0
NR_163624.1	GIN-41-MGE-S217	0	0	0	0	0	0	0	0	0
NR_163620.1	GIN-41-MGE-S217	0	0	0	0	0	0	0	0	0
NR_163619.1	GIN-41-MGE-S217	0	0	0	0	0	0	0	0	0
NR_163618.1	GIN-41-MGE-S217	0	0	0	0	0	0	0	0	0
NR_163617.1	GIN-41-MGE-S217	0	0	0	0	0	0	0	0	0
NR_163616.1	GIN-41-MGE-S217	0	0	0	0	0	0	0	0	0
NR_163615.1	GIN-41-MGE-S217	0	0	0	0	0	0	0	0	0
NR_163614.1	GIN-41-MGE-S217	0	0	0	0	0	0	0	0	0
NR_163612.1	GIN-41-MGE-S217	0	0	0	0	0	0	0	0	0
NR_163610.1	GIN-41-MGE-S217	0	0	0	0	0	0	0	0	0
NR_163609.1	GIN-41-MGE-S217	0	0	0	0	0	0	0	0	0
NR_163608.1	GIN-41-MGE-S217	0	0	0	0	0	0	0	0	0
NR_163607.1	GIN-41-MGE-S217	0	0	0	0	0	0	0	0	0
NR_163606.1	GIN-41-MGE-S217	0	0	0	0	0	0	0	0	0
NR_163605.1	GIN-41-MGE-S217	0	0	0	0	0	0	0	0	0
NR_163604.1	GIN-41-MGE-S217	0	0	0	0	0	0	0	0	0
NR_159327.1	GIN-41-MGE-S217	0	0	0	0	0	0	0	0	0
NR_163655.1	GIN-41-MGE-S217	0	0	0	0	0	0	0	0	0
NR_163652.1	GIN-41-MGE-S217	0	0	0	0	0	0	0	0	0
NR_163648.1	GIN-41-MGE-S217	0	0	0	0	0	0	0	0	0
NR_163639.1	GIN-41-MGE-S217	0	0	0	0	0	0	0	0	0
NR_163623.1	GIN-41-MGE-S217	0	0	0	0	0	0	0	0	0
NR_163613.1	GIN-41-MGE-S217	0	0	0	0	0	0	0	0	0
NR_163611.1	GIN-41-MGE-S217	0	0	0	0	0	0	0	0	0
NR_117943.1	GIN-41-MGE-S217	0	0	0	0	0	0	0	0	0
NR_117837.1	GIN-41-MGE-S217	0	0	0	0	0	0	0	0	0
NR_109048.1	GIN-41-MGE-S217	0	0	0	0	0	0	0	0	0
NR_108844.1	GIN-41-MGE-S217	0	0	0	0	0	0	0	0	0
NR_044680.2	GIN-41-MGE-S217	0	0	0	0	0	0	0	0	0
NR_160537.1	GIN-41-MGE-S217	0	0	0	0	0	0	0	0	0
NR_160536.1	GIN-41-MGE-S217	0	0	0	0	0	0	0	0	0
NR_160523.1	GIN-41-MGE-S217	0	0	0	0	0	0	0	0	0
NR_160522.1	GIN-41-MGE-S217	0	0	0	0	0	0	0	0	0
NR_159926.1	GIN-41-MGE-S217	0	0	0	0	0	0	0	0	0
NR_159925.1	GIN-41-MGE-S217	0	0	0	0	0	0	0	0	0
NR_159924.1	GIN-41-MGE-S217	0	0	0	0	0	0	0	0	0
NR_159923.1	GIN-41-MGE-S217	0	0	0	0	0	0	0	0	0
NR_159921.1	GIN-41-MGE-S217	0	0	0	0	0	0	0	0	0
NR_159920.1	GIN-41-MGE-S217	0	0	0	0	0	0	0	0	0
NR_159919.1	GIN-41-MGE-S217	0	0	0	0	0	0	0	0	0
NR_159916.1	GIN-41-MGE-S217	0	0	0	0	0	0	0	0	0
NR_159915.1	GIN-41-MGE-S217	0	0	0	0	0	0	0	0	0
NR_159914.1	GIN-41-MGE-S217	0	0	0	0	0	0	0	0	0
NR_159912.1	GIN-41-MGE-S217	0	0	0	0	0	0	0	0	0
NR_159911.1	GIN-41-MGE-S217	0	0	0	0	0	0	0	0	0
NR_159910.1	GIN-41-MGE-S217	0	0	0	0	0	0	0	0	0
NR_159909.1	GIN-41-MGE-S217	0	0	0	0	0	0	0	0	0
NR_159908.1	GIN-41-MGE-S217	0	0	0	0	0	0	0	0	0
NR_159907.1	GIN-41-MGE-S217	0	0	0	0	0	0	0	0	0
NR_159906.1	GIN-41-MGE-S217	0	0	0	0	0	0	0	0	0
NR_159905.1	GIN-41-MGE-S217	0	0	0	0	0	0	0	0	0
NR_159903.1	GIN-41-MGE-S217	0	0	0	0	0	0	0	0	0
NR_159902.1	GIN-41-MGE-S217	0	0	0	0	0	0	0	0	0
NR_159901.1	GIN-41-MGE-S217	0	0	0	0	0	0	0	0	0
NR_159900.1	GIN-41-MGE-S217	0	0	0	0	0	0	0	0	0
NR_159899.1	GIN-41-MGE-S217	0	0	0	0	0	0	0	0	0
NR_159898.1	GIN-41-MGE-S217	0	0	0	0	0	0	0	0	0
NR_159897.1	GIN-41-MGE-S217	0	0	0	0	0	0	0	0	0
NR_159896.1	GIN-41-MGE-S217	0	0	0	0	0	0	0	0	0
NR_159895.1	GIN-41-MGE-S217	0	0	0	0	0	0	0	0	0
NR_159894.1	GIN-41-MGE-S217	0	0	0	0	0	0	0	0	0
NR_159893.1	GIN-41-MGE-S217	0	0	0	0	0	0	0	0	0
NR_159891.1	GIN-41-MGE-S217	0	0	0	0	0	0	0	0	0
NR_159890.1	GIN-41-MGE-S217	0	0	0	0	0	0	0	0	0
NR_159889.1	GIN-41-MGE-S217	0	0	0	0	0	0	0	0	0
NR_159888.1	GIN-41-MGE-S217	0	0	0	0	0	0	0	0	0
NR_159887.1	GIN-41-MGE-S217	0	0	0	0	0	0	0	0	0
NR_159886.1	GIN-41-MGE-S217	0	0	0	0	0	0	0	0	0
NR_159885.1	GIN-41-MGE-S217	0	0	0	0	0	0	0	0	0
NR_159884.1	GIN-41-MGE-S217	0	0	0	0	0	0	0	0	0
NR_159883.1	GIN-41-MGE-S217	0	0	0	0	0	0	0	0	0
NR_159882.1	GIN-41-MGE-S217	0	0	0	0	0	0	0	0	0
NR_159881.1	GIN-41-MGE-S217	0	0	0	0	0	0	0	0	0
NR_159353.1	GIN-41-MGE-S217	0	0	0	0	0	0	0	0	0
NR_159352.1	GIN-41-MGE-S217	0	0	0	0	0	0	0	0	0
NR_159351.1	GIN-41-MGE-S217	0	0	0	0	0	0	0	0	0
NR_159349.1	GIN-41-MGE-S217	0	0	0	0	0	0	0	0	0
NR_159348.1	GIN-41-MGE-S217	0	0	0	0	0	0	0	0	0
NR_159345.1	GIN-41-MGE-S217	0	0	0	0	0	0	0	0	0
NR_159344.1	GIN-41-MGE-S217	0	0	0	0	0	0	0	0	0
NR_159343.1	GIN-41-MGE-S217	0	0	0	0	0	0	0	0	0
NR_159342.1	GIN-41-MGE-S217	0	0	0	0	0	0	0	0	0
NR_159340.1	GIN-41-MGE-S217	0	0	0	0	0	0	0	0	0
NR_159339.1	GIN-41-MGE-S217	0	0	0	0	0	0	0	0	0
NR_159338.1	GIN-41-MGE-S217	0	0	0	0	0	0	0	0	0
NR_159337.1	GIN-41-MGE-S217	0	0	0	0	0	0	0	0	0
NR_159336.1	GIN-41-MGE-S217	0	0	0	0	0	0	0	0	0
NR_159335.1	GIN-41-MGE-S217	0	0	0	0	0	0	0	0	0
NR_159334.1	GIN-41-MGE-S217	0	0	0	0	0	0	0	0	0
NR_159333.1	GIN-41-MGE-S217	0	0	0	0	0	0	0	0	0
NR_159332.1	GIN-41-MGE-S217	0	0	0	0	0	0	0	0	0
NR_159331.1	GIN-41-MGE-S217	0	0	0	0	0	0	0	0	0
NR_159329.1	GIN-41-MGE-S217	0	0	0	0	0	0	0	0	0
NR_159328.1	GIN-41-MGE-S217	0	0	0	0	0	0	0	0	0
NR_159325.1	GIN-41-MGE-S217	0	0	0	0	0	0	0	0	0
NR_159324.1	GIN-41-MGE-S217	0	0	0	0	0	0	0	0	0
NR_159323.1	GIN-41-MGE-S217	0	0	0	0	0	0	0	0	0
NR_159322.1	GIN-41-MGE-S217	0	0	0	0	0	0	0	0	0
NR_159321.1	GIN-41-MGE-S217	0	0	0	0	0	0	0	0	0
NR_159320.1	GIN-41-MGE-S217	0	0	0	0	0	0	0	0	0
NR_159319.1	GIN-41-MGE-S217	0	0	0	0	0	0	0	0	0
NR_159318.1	GIN-41-MGE-S217	0	0	0	0	0	0	0	0	0
NR_159317.1	GIN-41-MGE-S217	0	0	0	0	0	0	0	0	0
NR_159316.1	GIN-41-MGE-S217	0	0	0	0	0	0	0	0	0
NR_159315.1	GIN-41-MGE-S217	0	0	0	0	0	0	0	0	0
NR_159314.1	GIN-41-MGE-S217	0	0	0	0	0	0	0	0	0
NR_159313.1	GIN-41-MGE-S217	0	0	0	0	0	0	0	0	0
NR_159312.1	GIN-41-MGE-S217	0	0	0	0	0	0	0	0	0
NR_159311.1	GIN-41-MGE-S217	0	0	0	0	0	0	0	0	0
NR_159310.1	GIN-41-MGE-S217	0	0	0	0	0	0	0	0	0
NR_159309.1	GIN-41-MGE-S217	0	0	0	0	0	0	0	0	0
NR_159308.1	GIN-41-MGE-S217	0	0	0	0	0	0	0	0	0
NR_159307.1	GIN-41-MGE-S217	0	0	0	0	0	0	0	0	0
NR_159306.1	GIN-41-MGE-S217	0	0	0	0	0	0	0	0	0
NR_159303.1	GIN-41-MGE-S217	0	0	0	0	0	0	0	0	0
NR_159302.1	GIN-41-MGE-S217	0	0	0	0	0	0	0	0	0
NR_159301.1	GIN-41-MGE-S217	0	0	0	0	0	0	0	0	0
NR_159299.1	GIN-41-MGE-S217	0	0	0	0	0	0	0	0	0
NR_159298.1	GIN-41-MGE-S217	0	0	0	0	0	0	0	0	0
NR_159297.1	GIN-41-MGE-S217	0	0	0	0	0	0	0	0	0
NR_159295.1	GIN-41-MGE-S217	0	0	0	0	0	0	0	0	0
NR_159294.1	GIN-41-MGE-S217	0	0	0	0	0	0	0	0	0
NR_159293.1	GIN-41-MGE-S217	0	0	0	0	0	0	0	0	0
NR_159292.1	GIN-41-MGE-S217	0	0	0	0	0	0	0	0	0
NR_159291.1	GIN-41-MGE-S217	0	0	0	0	0	0	0	0	0
NR_159289.1	GIN-41-MGE-S217	0	0	0	0	0	0	0	0	0
NR_159288.1	GIN-41-MGE-S217	0	0	0	0	0	0	0	0	0
NR_159287.1	GIN-41-MGE-S217	0	0	0	0	0	0	0	0	0
NR_159286.1	GIN-41-MGE-S217	0	0	0	0	0	0	0	0	0
NR_159285.1	GIN-41-MGE-S217	0	0	0	0	0	0	0	0	0
NR_159284.1	GIN-41-MGE-S217	0	0	0	0	0	0	0	0	0
NR_159283.1	GIN-41-MGE-S217	0	0	0	0	0	0	0	0	0
NR_159281.1	GIN-41-MGE-S217	0	0	0	0	0	0	0	0	0
NR_159280.1	GIN-41-MGE-S217	0	0	0	0	0	0	0	0	0
NR_159279.1	GIN-41-MGE-S217	0	0	0	0	0	0	0	0	0
NR_159278.1	GIN-41-MGE-S217	0	0	0	0	0	0	0	0	0
NR_159277.1	GIN-41-MGE-S217	0	0	0	0	0	0	0	0	0
NR_159276.1	GIN-41-MGE-S217	0	0	0	0	0	0	0	0	0
NR_159275.1	GIN-41-MGE-S217	0	0	0	0	0	0	0	0	0
NR_159274.1	GIN-41-MGE-S217	0	0	0	0	0	0	0	0	0
NR_159271.1	GIN-41-MGE-S217	0	0	0	0	0	0	0	0	0
NR_159270.1	GIN-41-MGE-S217	0	0	0	0	0	0	0	0	0
NR_159269.1	GIN-41-MGE-S217	0	0	0	0	0	0	0	0	0
NR_159268.1	GIN-41-MGE-S217	0	0	0	0	0	0	0	0	0
NR_159267.1	GIN-41-MGE-S217	0	0	0	0	0	0	0	0	0
NR_159266.1	GIN-41-MGE-S217	0	0	0	0	0	0	0	0	0
NR_159265.1	GIN-41-MGE-S217	0	0	0	0	0	0	0	0	0
NR_159264.1	GIN-41-MGE-S217	0	0	0	0	0	0	0	0	0
NR_159263.1	GIN-41-MGE-S217	0	0	0	0	0	0	0	0	0
NR_159262.1	GIN-41-MGE-S217	0	0	0	0	0	0	0	0	0
NR_159261.1	GIN-41-MGE-S217	0	0	0	0	0	0	0	0	0
NR_159260.1	GIN-41-MGE-S217	0	0	0	0	0	0	0	0	0
NR_159259.1	GIN-41-MGE-S217	0	0	0	0	0	0	0	0	0
NR_159258.1	GIN-41-MGE-S217	0	0	0	0	0	0	0	0	0
NR_159257.1	GIN-41-MGE-S217	0	0	0	0	0	0	0	0	0
NR_159255.1	GIN-41-MGE-S217	0	0	0	0	0	0	0	0	0
NR_159254.1	GIN-41-MGE-S217	0	0	0	0	0	0	0	0	0
NR_159253.1	GIN-41-MGE-S217	0	0	0	0	0	0	0	0	0
NR_159250.1	GIN-41-MGE-S217	0	0	0	0	0	0	0	0	0
NR_159249.1	GIN-41-MGE-S217	0	0	0	0	0	0	0	0	0
NR_159248.1	GIN-41-MGE-S217	0	0	0	0	0	0	0	0	0
NR_159247.1	GIN-41-MGE-S217	0	0	0	0	0	0	0	0	0
NR_159246.1	GIN-41-MGE-S217	0	0	0	0	0	0	0	0	0
NR_159244.1	GIN-41-MGE-S217	0	0	0	0	0	0	0	0	0
NR_159243.1	GIN-41-MGE-S217	0	0	0	0	0	0	0	0	0
NR_159241.1	GIN-41-MGE-S217	0	0	0	0	0	0	0	0	0
NR_159240.1	GIN-41-MGE-S217	0	0	0	0	0	0	0	0	0
NR_159239.1	GIN-41-MGE-S217	0	0	0	0	0	0	0	0	0
NR_159238.1	GIN-41-MGE-S217	0	0	0	0	0	0	0	0	0
NR_159237.1	GIN-41-MGE-S217	0	0	0	0	0	0	0	0	0
NR_159236.1	GIN-41-MGE-S217	0	0	0	0	0	0	0	0	0
NR_159235.1	GIN-41-MGE-S217	0	0	0	0	0	0	0	0	0
NR_159234.1	GIN-41-MGE-S217	0	0	0	0	0	0	0	0	0
NR_159233.1	GIN-41-MGE-S217	0	0	0	0	0	0	0	0	0
NR_159232.1	GIN-41-MGE-S217	0	0	0	0	0	0	0	0	0
NR_159231.1	GIN-41-MGE-S217	0	0	0	0	0	0	0	0	0
NR_159229.1	GIN-41-MGE-S217	0	0	0	0	0	0	0	0	0
NR_159228.1	GIN-41-MGE-S217	0	0	0	0	0	0	0	0	0
NR_159224.1	GIN-41-MGE-S217	0	0	0	0	0	0	0	0	0
NR_159223.1	GIN-41-MGE-S217	0	0	0	0	0	0	0	0	0
NR_159222.1	GIN-41-MGE-S217	0	0	0	0	0	0	0	0	0
NR_159221.1	GIN-41-MGE-S217	0	0	0	0	0	0	0	0	0
NR_159220.1	GIN-41-MGE-S217	0	0	0	0	0	0	0	0	0
NR_159219.1	GIN-41-MGE-S217	0	0	0	0	0	0	0	0	0
NR_159218.1	GIN-41-MGE-S217	0	0	0	0	0	0	0	0	0
NR_159217.1	GIN-41-MGE-S217	0	0	0	0	0	0	0	0	0
NR_159216.1	GIN-41-MGE-S217	0	0	0	0	0	0	0	0	0
NR_159215.1	GIN-41-MGE-S217	0	0	0	0	0	0	0	0	0
NR_159214.1	GIN-41-MGE-S217	0	0	0	0	0	0	0	0	0
NR_159213.1	GIN-41-MGE-S217	0	0	0	0	0	0	0	0	0
NR_159212.1	GIN-41-MGE-S217	0	0	0	0	0	0	0	0	0
NR_159211.1	GIN-41-MGE-S217	0	0	0	0	0	0	0	0	0
NR_159210.1	GIN-41-MGE-S217	0	0	0	0	0	0	0	0	0
NR_159209.1	GIN-41-MGE-S217	0	0	0	0	0	0	0	0	0
NR_159204.1	GIN-41-MGE-S217	0	0	0	0	0	0	0	0	0
NR_159203.1	GIN-41-MGE-S217	0	0	0	0	0	0	0	0	0
NR_159202.1	GIN-41-MGE-S217	0	0	0	0	0	0	0	0	0
NR_159201.1	GIN-41-MGE-S217	0	0	0	0	0	0	0	0	0
NR_159200.1	GIN-41-MGE-S217	0	0	0	0	0	0	0	0	0
NR_159198.1	GIN-41-MGE-S217	0	0	0	0	0	0	0	0	0
NR_159194.1	GIN-41-MGE-S217	0	0	0	0	0	0	0	0	0
NR_159193.1	GIN-41-MGE-S217	0	0	0	0	0	0	0	0	0
NR_159192.1	GIN-41-MGE-S217	0	0	0	0	0	0	0	0	0
NR_159190.1	GIN-41-MGE-S217	0	0	0	0	0	0	0	0	0
NR_159189.1	GIN-41-MGE-S217	0	0	0	0	0	0	0	0	0
NR_159188.1	GIN-41-MGE-S217	0	0	0	0	0	0	0	0	0
NR_159186.1	GIN-41-MGE-S217	0	0	0	0	0	0	0	0	0
NR_159185.1	GIN-41-MGE-S217	0	0	0	0	0	0	0	0	0
NR_159184.1	GIN-41-MGE-S217	0	0	0	0	0	0	0	0	0
NR_159183.1	GIN-41-MGE-S217	0	0	0	0	0	0	0	0	0
NR_159182.1	GIN-41-MGE-S217	0	0	0	0	0	0	0	0	0
NR_159181.1	GIN-41-MGE-S217	0	0	0	0	0	0	0	0	0
NR_159178.1	GIN-41-MGE-S217	0	0	0	0	0	0	0	0	0
NR_159177.1	GIN-41-MGE-S217	0	0	0	0	0	0	0	0	0
NR_159174.1	GIN-41-MGE-S217	0	0	0	0	0	0	0	0	0
NR_159173.1	GIN-41-MGE-S217	0	0	0	0	0	0	0	0	0
NR_159172.1	GIN-41-MGE-S217	0	0	0	0	0	0	0	0	0
NR_159170.1	GIN-41-MGE-S217	0	0	0	0	0	0	0	0	0
NR_159168.1	GIN-41-MGE-S217	0	0	0	0	0	0	0	0	0
NR_159167.1	GIN-41-MGE-S217	0	0	0	0	0	0	0	0	0
NR_159166.1	GIN-41-MGE-S217	0	0	0	0	0	0	0	0	0
NR_159165.1	GIN-41-MGE-S217	0	0	0	0	0	0	0	0	0
NR_159163.1	GIN-41-MGE-S217	0	0	0	0	0	0	0	0	0
NR_159162.1	GIN-41-MGE-S217	0	0	0	0	0	0	0	0	0
NR_159161.1	GIN-41-MGE-S217	0	0	0	0	0	0	0	0	0
NR_159158.1	GIN-41-MGE-S217	0	0	0	0	0	0	0	0	0
NR_159156.1	GIN-41-MGE-S217	0	0	0	0	0	0	0	0	0
NR_159155.1	GIN-41-MGE-S217	0	0	0	0	0	0	0	0	0
NR_159154.1	GIN-41-MGE-S217	0	0	0	0	0	0	0	0	0
NR_159153.1	GIN-41-MGE-S217	0	0	0	0	0	0	0	0	0
NR_159152.1	GIN-41-MGE-S217	0	0	0	0	0	0	0	0	0
NR_159151.1	GIN-41-MGE-S217	0	0	0	0	0	0	0	0	0
NR_159150.1	GIN-41-MGE-S217	0	0	0	0	0	0	0	0	0
NR_159149.1	GIN-41-MGE-S217	0	0	0	0	0	0	0	0	0
NR_159147.1	GIN-41-MGE-S217	0	0	0	0	0	0	0	0	0
NR_159146.1	GIN-41-MGE-S217	0	0	0	0	0	0	0	0	0
NR_159145.1	GIN-41-MGE-S217	0	0	0	0	0	0	0	0	0
NR_159144.1	GIN-41-MGE-S217	0	0	0	0	0	0	0	0	0
NR_159142.1	GIN-41-MGE-S217	0	0	0	0	0	0	0	0	0
NR_159141.1	GIN-41-MGE-S217	0	0	0	0	0	0	0	0	0
NR_159140.1	GIN-41-MGE-S217	0	0	0	0	0	0	0	0	0
NR_159139.1	GIN-41-MGE-S217	0	0	0	0	0	0	0	0	0
NR_159138.1	GIN-41-MGE-S217	0	0	0	0	0	0	0	0	0
NR_159137.1	GIN-41-MGE-S217	0	0	0	0	0	0	0	0	0
NR_159136.1	GIN-41-MGE-S217	0	0	0	0	0	0	0	0	0
NR_159135.1	GIN-41-MGE-S217	0	0	0	0	0	0	0	0	0
NR_159134.1	GIN-41-MGE-S217	0	0	0	0	0	0	0	0	0
NR_159133.1	GIN-41-MGE-S217	0	0	0	0	0	0	0	0	0
NR_159132.1	GIN-41-MGE-S217	0	0	0	0	0	0	0	0	0
NR_159131.1	GIN-41-MGE-S217	0	0	0	0	0	0	0	0	0
NR_159130.1	GIN-41-MGE-S217	0	0	0	0	0	0	0	0	0
NR_159129.1	GIN-41-MGE-S217	0	0	0	0	0	0	0	0	0
NR_159128.1	GIN-41-MGE-S217	0	0	0	0	0	0	0	0	0
NR_159127.1	GIN-41-MGE-S217	0	0	0	0	0	0	0	0	0
NR_159126.1	GIN-41-MGE-S217	0	0	0	0	0	0	0	0	0
NR_159125.1	GIN-41-MGE-S217	0	0	0	0	0	0	0	0	0
NR_159124.1	GIN-41-MGE-S217	0	0	0	0	0	0	0	0	0
NR_159123.1	GIN-41-MGE-S217	0	0	0	0	0	0	0	0	0
NR_159122.1	GIN-41-MGE-S217	0	0	0	0	0	0	0	0	0
NR_159119.1	GIN-41-MGE-S217	0	0	0	0	0	0	0	0	0
NR_159118.1	GIN-41-MGE-S217	0	0	0	0	0	0	0	0	0
NR_159117.1	GIN-41-MGE-S217	0	0	0	0	0	0	0	0	0
NR_159115.1	GIN-41-MGE-S217	0	0	0	0	0	0	0	0	0
NR_159114.1	GIN-41-MGE-S217	0	0	0	0	0	0	0	0	0
NR_159111.1	GIN-41-MGE-S217	0	0	0	0	0	0	0	0	0
NR_159109.1	GIN-41-MGE-S217	0	0	0	0	0	0	0	0	0
NR_159108.1	GIN-41-MGE-S217	0	0	0	0	0	0	0	0	0
NR_159107.1	GIN-41-MGE-S217	0	0	0	0	0	0	0	0	0
NR_159106.1	GIN-41-MGE-S217	0	0	0	0	0	0	0	0	0
NR_159105.1	GIN-41-MGE-S217	0	0	0	0	0	0	0	0	0
NR_159104.1	GIN-41-MGE-S217	0	0	0	0	0	0	0	0	0
NR_159103.1	GIN-41-MGE-S217	0	0	0	0	0	0	0	0	0
NR_159101.1	GIN-41-MGE-S217	0	0	0	0	0	0	0	0	0
NR_159100.1	GIN-41-MGE-S217	0	0	0	0	0	0	0	0	0
NR_159099.1	GIN-41-MGE-S217	0	0	0	0	0	0	0	0	0
NR_159098.1	GIN-41-MGE-S217	0	0	0	0	0	0	0	0	0
NR_159097.1	GIN-41-MGE-S217	0	0	0	0	0	0	0	0	0
NR_159090.1	GIN-41-MGE-S217	0	0	0	0	0	0	0	0	0
NR_159089.1	GIN-41-MGE-S217	0	0	0	0	0	0	0	0	0
NR_159088.1	GIN-41-MGE-S217	0	0	0	0	0	0	0	0	0
NR_159086.1	GIN-41-MGE-S217	0	0	0	0	0	0	0	0	0
NR_159085.1	GIN-41-MGE-S217	0	0	0	0	0	0	0	0	0
NR_159084.1	GIN-41-MGE-S217	0	0	0	0	0	0	0	0	0
NR_159083.1	GIN-41-MGE-S217	0	0	0	0	0	0	0	0	0
NR_159081.1	GIN-41-MGE-S217	0	0	0	0	0	0	0	0	0
NR_159078.1	GIN-41-MGE-S217	0	0	0	0	0	0	0	0	0
NR_159077.1	GIN-41-MGE-S217	0	0	0	0	0	0	0	0	0
NR_159075.1	GIN-41-MGE-S217	0	0	0	0	0	0	0	0	0
NR_158155.1	GIN-41-MGE-S217	0	0	0	0	0	0	0	0	0
NR_158154.1	GIN-41-MGE-S217	0	0	0	0	0	0	0	0	0
NR_158153.1	GIN-41-MGE-S217	0	0	0	0	0	0	0	0	0
NR_158149.1	GIN-41-MGE-S217	0	0	0	0	0	0	0	0	0
NR_158148.1	GIN-41-MGE-S217	0	0	0	0	0	0	0	0	0
NR_158147.1	GIN-41-MGE-S217	0	0	0	0	0	0	0	0	0
NR_158145.1	GIN-41-MGE-S217	0	0	0	0	0	0	0	0	0
NR_158143.1	GIN-41-MGE-S217	0	0	0	0	0	0	0	0	0
NR_158142.1	GIN-41-MGE-S217	0	0	0	0	0	0	0	0	0
NR_158141.1	GIN-41-MGE-S217	0	0	0	0	0	0	0	0	0
NR_158140.1	GIN-41-MGE-S217	0	0	0	0	0	0	0	0	0
NR_158139.1	GIN-41-MGE-S217	0	0	0	0	0	0	0	0	0
NR_158138.1	GIN-41-MGE-S217	0	0	0	0	0	0	0	0	0
NR_158137.1	GIN-41-MGE-S217	0	0	0	0	0	0	0	0	0
NR_158136.1	GIN-41-MGE-S217	0	0	0	0	0	0	0	0	0
NR_158135.1	GIN-41-MGE-S217	0	0	0	0	0	0	0	0	0
NR_158133.1	GIN-41-MGE-S217	0	0	0	0	0	0	0	0	0
NR_158132.1	GIN-41-MGE-S217	0	0	0	0	0	0	0	0	0
NR_158131.1	GIN-41-MGE-S217	0	0	0	0	0	0	0	0	0
NR_158130.1	GIN-41-MGE-S217	0	0	0	0	0	0	0	0	0
NR_158129.1	GIN-41-MGE-S217	0	0	0	0	0	0	0	0	0
NR_158127.1	GIN-41-MGE-S217	0	0	0	0	0	0	0	0	0
NR_158126.1	GIN-41-MGE-S217	0	0	0	0	0	0	0	0	0
NR_158125.1	GIN-41-MGE-S217	0	0	0	0	0	0	0	0	0
NR_158124.1	GIN-41-MGE-S217	0	0	0	0	0	0	0	0	0
NR_158123.1	GIN-41-MGE-S217	0	0	0	0	0	0	0	0	0
NR_158121.1	GIN-41-MGE-S217	0	0	0	0	0	0	0	0	0
NR_158119.1	GIN-41-MGE-S217	0	0	0	0	0	0	0	0	0
NR_158118.1	GIN-41-MGE-S217	0	0	0	0	0	0	0	0	0
NR_158117.1	GIN-41-MGE-S217	0	0	0	0	0	0	0	0	0
NR_158116.1	GIN-41-MGE-S217	0	0	0	0	0	0	0	0	0
NR_158114.1	GIN-41-MGE-S217	0	0	0	0	0	0	0	0	0
NR_158112.1	GIN-41-MGE-S217	0	0	0	0	0	0	0	0	0
NR_158111.1	GIN-41-MGE-S217	0	0	0	0	0	0	0	0	0
NR_158110.1	GIN-41-MGE-S217	0	0	0	0	0	0	0	0	0
NR_158109.1	GIN-41-MGE-S217	0	0	0	0	0	0	0	0	0
NR_158106.1	GIN-41-MGE-S217	0	0	0	0	0	0	0	0	0
NR_158105.1	GIN-41-MGE-S217	0	0	0	0	0	0	0	0	0
NR_158104.1	GIN-41-MGE-S217	0	0	0	0	0	0	0	0	0
NR_158103.1	GIN-41-MGE-S217	0	0	0	0	0	0	0	0	0
NR_158102.1	GIN-41-MGE-S217	0	0	0	0	0	0	0	0	0
NR_158100.1	GIN-41-MGE-S217	0	0	0	0	0	0	0	0	0
NR_158099.1	GIN-41-MGE-S217	0	0	0	0	0	0	0	0	0
NR_158098.1	GIN-41-MGE-S217	0	0	0	0	0	0	0	0	0
NR_158097.1	GIN-41-MGE-S217	0	0	0	0	0	0	0	0	0
NR_158096.1	GIN-41-MGE-S217	0	0	0	0	0	0	0	0	0
NR_158095.1	GIN-41-MGE-S217	0	0	0	0	0	0	0	0	0
NR_158093.1	GIN-41-MGE-S217	0	0	0	0	0	0	0	0	0
NR_158092.1	GIN-41-MGE-S217	0	0	0	0	0	0	0	0	0
NR_158091.1	GIN-41-MGE-S217	0	0	0	0	0	0	0	0	0
NR_158090.1	GIN-41-MGE-S217	0	0	0	0	0	0	0	0	0
NR_158089.1	GIN-41-MGE-S217	0	0	0	0	0	0	0	0	0
NR_158088.1	GIN-41-MGE-S217	0	0	0	0	0	0	0	0	0
NR_158087.1	GIN-41-MGE-S217	0	0	0	0	0	0	0	0	0
NR_158086.1	GIN-41-MGE-S217	0	0	0	0	0	0	0	0	0
NR_158085.1	GIN-41-MGE-S217	0	0	0	0	0	0	0	0	0
NR_158084.1	GIN-41-MGE-S217	0	0	0	0	0	0	0	0	0
NR_158083.1	GIN-41-MGE-S217	0	0	0	0	0	0	0	0	0
NR_158082.1	GIN-41-MGE-S217	0	0	0	0	0	0	0	0	0
NR_158080.1	GIN-41-MGE-S217	0	0	0	0	0	0	0	0	0
NR_158078.1	GIN-41-MGE-S217	0	0	0	0	0	0	0	0	0
NR_158076.1	GIN-41-MGE-S217	0	0	0	0	0	0	0	0	0
NR_158075.1	GIN-41-MGE-S217	0	0	0	0	0	0	0	0	0
NR_158074.1	GIN-41-MGE-S217	0	0	0	0	0	0	0	0	0
NR_158072.1	GIN-41-MGE-S217	0	0	0	0	0	0	0	0	0
NR_158071.1	GIN-41-MGE-S217	0	0	0	0	0	0	0	0	0
NR_158070.1	GIN-41-MGE-S217	0	0	0	0	0	0	0	0	0
NR_158069.1	GIN-41-MGE-S217	0	0	0	0	0	0	0	0	0
NR_158066.1	GIN-41-MGE-S217	0	0	0	0	0	0	0	0	0
NR_158064.1	GIN-41-MGE-S217	0	0	0	0	0	0	0	0	0
NR_158062.1	GIN-41-MGE-S217	0	0	0	0	0	0	0	0	0
NR_158061.1	GIN-41-MGE-S217	0	0	0	0	0	0	0	0	0
NR_158058.1	GIN-41-MGE-S217	0	0	0	0	0	0	0	0	0
NR_158055.1	GIN-41-MGE-S217	0	0	0	0	0	0	0	0	0
NR_158054.1	GIN-41-MGE-S217	0	0	0	0	0	0	0	0	0
NR_158053.1	GIN-41-MGE-S217	0	0	0	0	0	0	0	0	0
NR_158052.1	GIN-41-MGE-S217	0	0	0	0	0	0	0	0	0
NR_158051.1	GIN-41-MGE-S217	0	0	0	0	0	0	0	0	0
NR_158050.1	GIN-41-MGE-S217	0	0	0	0	0	0	0	0	0
NR_158049.1	GIN-41-MGE-S217	0	0	0	0	0	0	0	0	0
NR_158048.1	GIN-41-MGE-S217	0	0	0	0	0	0	0	0	0
NR_158047.1	GIN-41-MGE-S217	0	0	0	0	0	0	0	0	0
NR_158046.1	GIN-41-MGE-S217	0	0	0	0	0	0	0	0	0
NR_158044.1	GIN-41-MGE-S217	0	0	0	0	0	0	0	0	0
NR_158043.1	GIN-41-MGE-S217	0	0	0	0	0	0	0	0	0
NR_158042.1	GIN-41-MGE-S217	0	0	0	0	0	0	0	0	0
NR_158041.1	GIN-41-MGE-S217	0	0	0	0	0	0	0	0	0
NR_158040.1	GIN-41-MGE-S217	0	0	0	0	0	0	0	0	0
NR_158039.1	GIN-41-MGE-S217	0	0	0	0	0	0	0	0	0
NR_158037.1	GIN-41-MGE-S217	0	0	0	0	0	0	0	0	0
NR_158035.1	GIN-41-MGE-S217	0	0	0	0	0	0	0	0	0
NR_158034.1	GIN-41-MGE-S217	0	0	0	0	0	0	0	0	0
NR_158033.1	GIN-41-MGE-S217	0	0	0	0	0	0	0	0	0
NR_158032.1	GIN-41-MGE-S217	0	0	0	0	0	0	0	0	0
NR_158031.1	GIN-41-MGE-S217	0	0	0	0	0	0	0	0	0
NR_158028.1	GIN-41-MGE-S217	0	0	0	0	0	0	0	0	0
NR_158027.1	GIN-41-MGE-S217	0	0	0	0	0	0	0	0	0
NR_158026.1	GIN-41-MGE-S217	0	0	0	0	0	0	0	0	0
NR_158024.1	GIN-41-MGE-S217	0	0	0	0	0	0	0	0	0
NR_158023.1	GIN-41-MGE-S217	0	0	0	0	0	0	0	0	0
NR_158022.1	GIN-41-MGE-S217	0	0	0	0	0	0	0	0	0
NR_158020.1	GIN-41-MGE-S217	0	0	0	0	0	0	0	0	0
NR_158019.1	GIN-41-MGE-S217	0	0	0	0	0	0	0	0	0
NR_158018.1	GIN-41-MGE-S217	0	0	0	0	0	0	0	0	0
NR_158016.1	GIN-41-MGE-S217	0	0	0	0	0	0	0	0	0
NR_158015.1	GIN-41-MGE-S217	0	0	0	0	0	0	0	0	0
NR_158014.1	GIN-41-MGE-S217	0	0	0	0	0	0	0	0	0
NR_158012.1	GIN-41-MGE-S217	0	0	0	0	0	0	0	0	0
NR_158011.1	GIN-41-MGE-S217	0	0	0	0	0	0	0	0	0
NR_158010.1	GIN-41-MGE-S217	0	0	0	0	0	0	0	0	0
NR_158009.1	GIN-41-MGE-S217	0	0	0	0	0	0	0	0	0
NR_158008.1	GIN-41-MGE-S217	0	0	0	0	0	0	0	0	0
NR_158007.1	GIN-41-MGE-S217	0	0	0	0	0	0	0	0	0
NR_158006.1	GIN-41-MGE-S217	0	0	0	0	0	0	0	0	0
NR_158005.1	GIN-41-MGE-S217	0	0	0	0	0	0	0	0	0
NR_158004.1	GIN-41-MGE-S217	0	0	0	0	0	0	0	0	0
NR_158003.1	GIN-41-MGE-S217	0	0	0	0	0	0	0	0	0
NR_158002.1	GIN-41-MGE-S217	0	0	0	0	0	0	0	0	0
NR_158001.1	GIN-41-MGE-S217	0	0	0	0	0	0	0	0	0
NR_157999.1	GIN-41-MGE-S217	0	0	0	0	0	0	0	0	0
NR_157998.1	GIN-41-MGE-S217	0	0	0	0	0	0	0	0	0
NR_157997.1	GIN-41-MGE-S217	0	0	0	0	0	0	0	0	0
NR_157996.1	GIN-41-MGE-S217	0	0	0	0	0	0	0	0	0
NR_157995.1	GIN-41-MGE-S217	0	0	0	0	0	0	0	0	0
NR_157993.1	GIN-41-MGE-S217	0	0	0	0	0	0	0	0	0
NR_157992.1	GIN-41-MGE-S217	0	0	0	0	0	0	0	0	0
NR_157991.1	GIN-41-MGE-S217	0	0	0	0	0	0	0	0	0
NR_157990.1	GIN-41-MGE-S217	0	0	0	0	0	0	0	0	0
NR_157987.1	GIN-41-MGE-S217	0	0	0	0	0	0	0	0	0
NR_157986.1	GIN-41-MGE-S217	0	0	0	0	0	0	0	0	0
NR_157984.1	GIN-41-MGE-S217	0	0	0	0	0	0	0	0	0
NR_157982.1	GIN-41-MGE-S217	0	0	0	0	0	0	0	0	0
NR_157980.1	GIN-41-MGE-S217	0	0	0	0	0	0	0	0	0
NR_157979.1	GIN-41-MGE-S217	0	0	0	0	0	0	0	0	0
NR_157799.1	GIN-41-MGE-S217	0	0	0	0	0	0	0	0	0
NR_157798.1	GIN-41-MGE-S217	0	0	0	0	0	0	0	0	0
NR_157797.1	GIN-41-MGE-S217	0	0	0	0	0	0	0	0	0
NR_157796.1	GIN-41-MGE-S217	0	0	0	0	0	0	0	0	0
NR_157795.1	GIN-41-MGE-S217	0	0	0	0	0	0	0	0	0
NR_157794.1	GIN-41-MGE-S217	0	0	0	0	0	0	0	0	0
NR_157791.1	GIN-41-MGE-S217	0	0	0	0	0	0	0	0	0
NR_157790.1	GIN-41-MGE-S217	0	0	0	0	0	0	0	0	0
NR_157789.1	GIN-41-MGE-S217	0	0	0	0	0	0	0	0	0
NR_157786.1	GIN-41-MGE-S217	0	0	0	0	0	0	0	0	0
NR_157781.1	GIN-41-MGE-S217	0	0	0	0	0	0	0	0	0
NR_157780.1	GIN-41-MGE-S217	0	0	0	0	0	0	0	0	0
NR_157779.1	GIN-41-MGE-S217	0	0	0	0	0	0	0	0	0
NR_157778.1	GIN-41-MGE-S217	0	0	0	0	0	0	0	0	0
NR_157777.1	GIN-41-MGE-S217	0	0	0	0	0	0	0	0	0
NR_157775.1	GIN-41-MGE-S217	0	0	0	0	0	0	0	0	0
NR_157774.1	GIN-41-MGE-S217	0	0	0	0	0	0	0	0	0
NR_157773.1	GIN-41-MGE-S217	0	0	0	0	0	0	0	0	0
NR_157772.1	GIN-41-MGE-S217	0	0	0	0	0	0	0	0	0
NR_157771.1	GIN-41-MGE-S217	0	0	0	0	0	0	0	0	0
NR_157770.1	GIN-41-MGE-S217	0	0	0	0	0	0	0	0	0
NR_157769.1	GIN-41-MGE-S217	0	0	0	0	0	0	0	0	0
NR_157768.1	GIN-41-MGE-S217	0	0	0	0	0	0	0	0	0
NR_157767.1	GIN-41-MGE-S217	0	0	0	0	0	0	0	0	0
NR_157766.1	GIN-41-MGE-S217	0	0	0	0	0	0	0	0	0
NR_157765.1	GIN-41-MGE-S217	0	0	0	0	0	0	0	0	0
NR_157764.1	GIN-41-MGE-S217	0	0	0	0	0	0	0	0	0
NR_157763.1	GIN-41-MGE-S217	0	0	0	0	0	0	0	0	0
NR_157762.1	GIN-41-MGE-S217	0	0	0	0	0	0	0	0	0
NR_157760.1	GIN-41-MGE-S217	0	0	0	0	0	0	0	0	0
NR_157759.1	GIN-41-MGE-S217	0	0	0	0	0	0	0	0	0
NR_157758.1	GIN-41-MGE-S217	0	0	0	0	0	0	0	0	0
NR_157757.1	GIN-41-MGE-S217	0	0	0	0	0	0	0	0	0
NR_157756.1	GIN-41-MGE-S217	0	0	0	0	0	0	0	0	0
NR_157755.1	GIN-41-MGE-S217	0	0	0	0	0	0	0	0	0
NR_157753.1	GIN-41-MGE-S217	0	0	0	0	0	0	0	0	0
NR_157752.1	GIN-41-MGE-S217	0	0	0	0	0	0	0	0	0
NR_157751.1	GIN-41-MGE-S217	0	0	0	0	0	0	0	0	0
NR_157748.1	GIN-41-MGE-S217	0	0	0	0	0	0	0	0	0
NR_157744.1	GIN-41-MGE-S217	0	0	0	0	0	0	0	0	0
NR_157743.1	GIN-41-MGE-S217	0	0	0	0	0	0	0	0	0
NR_157742.1	GIN-41-MGE-S217	0	0	0	0	0	0	0	0	0
NR_157741.1	GIN-41-MGE-S217	0	0	0	0	0	0	0	0	0
NR_157740.1	GIN-41-MGE-S217	0	0	0	0	0	0	0	0	0
NR_157739.1	GIN-41-MGE-S217	0	0	0	0	0	0	0	0	0
NR_157738.1	GIN-41-MGE-S217	0	0	0	0	0	0	0	0	0
NR_157727.1	GIN-41-MGE-S217	0	0	0	0	0	0	0	0	0
NR_157726.1	GIN-41-MGE-S217	0	0	0	0	0	0	0	0	0
NR_157724.1	GIN-41-MGE-S217	0	0	0	0	0	0	0	0	0
NR_157723.1	GIN-41-MGE-S217	0	0	0	0	0	0	0	0	0
NR_157722.1	GIN-41-MGE-S217	0	0	0	0	0	0	0	0	0
NR_157721.1	GIN-41-MGE-S217	0	0	0	0	0	0	0	0	0
NR_157720.1	GIN-41-MGE-S217	0	0	0	0	0	0	0	0	0
NR_157719.1	GIN-41-MGE-S217	0	0	0	0	0	0	0	0	0
NR_157718.1	GIN-41-MGE-S217	0	0	0	0	0	0	0	0	0
NR_157717.1	GIN-41-MGE-S217	0	0	0	0	0	0	0	0	0
NR_157716.1	GIN-41-MGE-S217	0	0	0	0	0	0	0	0	0
NR_157715.1	GIN-41-MGE-S217	0	0	0	0	0	0	0	0	0
NR_157714.1	GIN-41-MGE-S217	0	0	0	0	0	0	0	0	0
NR_157713.1	GIN-41-MGE-S217	0	0	0	0	0	0	0	0	0
NR_157711.1	GIN-41-MGE-S217	0	0	0	0	0	0	0	0	0
NR_157710.1	GIN-41-MGE-S217	0	0	0	0	0	0	0	0	0
NR_157708.1	GIN-41-MGE-S217	0	0	0	0	0	0	0	0	0
NR_157706.1	GIN-41-MGE-S217	0	0	0	0	0	0	0	0	0
NR_157704.1	GIN-41-MGE-S217	0	0	0	0	0	0	0	0	0
NR_157703.1	GIN-41-MGE-S217	0	0	0	0	0	0	0	0	0
NR_157702.1	GIN-41-MGE-S217	0	0	0	0	0	0	0	0	0
NR_157701.1	GIN-41-MGE-S217	0	0	0	0	0	0	0	0	0
NR_157700.1	GIN-41-MGE-S217	0	0	0	0	0	0	0	0	0
NR_157699.1	GIN-41-MGE-S217	0	0	0	0	0	0	0	0	0
NR_157698.1	GIN-41-MGE-S217	0	0	0	0	0	0	0	0	0
NR_157697.1	GIN-41-MGE-S217	0	0	0	0	0	0	0	0	0
NR_157696.1	GIN-41-MGE-S217	0	0	0	0	0	0	0	0	0
NR_157695.1	GIN-41-MGE-S217	0	0	0	0	0	0	0	0	0
NR_157694.1	GIN-41-MGE-S217	0	0	0	0	0	0	0	0	0
NR_157693.1	GIN-41-MGE-S217	0	0	0	0	0	0	0	0	0
NR_157691.1	GIN-41-MGE-S217	0	0	0	0	0	0	0	0	0
NR_157690.1	GIN-41-MGE-S217	0	0	0	0	0	0	0	0	0
NR_157689.1	GIN-41-MGE-S217	0	0	0	0	0	0	0	0	0
NR_157688.1	GIN-41-MGE-S217	0	0	0	0	0	0	0	0	0
NR_157687.1	GIN-41-MGE-S217	0	0	0	0	0	0	0	0	0
NR_157686.1	GIN-41-MGE-S217	0	0	0	0	0	0	0	0	0
NR_157685.1	GIN-41-MGE-S217	0	0	0	0	0	0	0	0	0
NR_157684.1	GIN-41-MGE-S217	0	0	0	0	0	0	0	0	0
NR_157683.1	GIN-41-MGE-S217	0	0	0	0	0	0	0	0	0
NR_157682.1	GIN-41-MGE-S217	0	0	0	0	0	0	0	0	0
NR_157681.1	GIN-41-MGE-S217	0	0	0	0	0	0	0	0	0
NR_157680.1	GIN-41-MGE-S217	0	0	0	0	0	0	0	0	0
NR_157679.1	GIN-41-MGE-S217	0	0	0	0	0	0	0	0	0
NR_157678.1	GIN-41-MGE-S217	0	0	0	0	0	0	0	0	0
NR_157677.1	GIN-41-MGE-S217	0	0	0	0	0	0	0	0	0
NR_157674.1	GIN-41-MGE-S217	0	0	0	0	0	0	0	0	0
NR_157673.1	GIN-41-MGE-S217	0	0	0	0	0	0	0	0	0
NR_157672.1	GIN-41-MGE-S217	0	0	0	0	0	0	0	0	0
NR_157671.1	GIN-41-MGE-S217	0	0	0	0	0	0	0	0	0
NR_157670.1	GIN-41-MGE-S217	0	0	0	0	0	0	0	0	0
NR_157668.1	GIN-41-MGE-S217	0	0	0	0	0	0	0	0	0
NR_157667.1	GIN-41-MGE-S217	0	0	0	0	0	0	0	0	0
NR_157665.1	GIN-41-MGE-S217	0	0	0	0	0	0	0	0	0
NR_157664.1	GIN-41-MGE-S217	0	0	0	0	0	0	0	0	0
NR_157663.1	GIN-41-MGE-S217	0	0	0	0	0	0	0	0	0
NR_157662.1	GIN-41-MGE-S217	0	0	0	0	0	0	0	0	0
NR_157661.1	GIN-41-MGE-S217	0	0	0	0	0	0	0	0	0
NR_157660.1	GIN-41-MGE-S217	0	0	0	0	0	0	0	0	0
NR_157659.1	GIN-41-MGE-S217	0	0	0	0	0	0	0	0	0
NR_157658.1	GIN-41-MGE-S217	0	0	0	0	0	0	0	0	0
NR_157657.1	GIN-41-MGE-S217	0	0	0	0	0	0	0	0	0
NR_157655.1	GIN-41-MGE-S217	0	0	0	0	0	0	0	0	0
NR_157653.1	GIN-41-MGE-S217	0	0	0	0	0	0	0	0	0
NR_157652.1	GIN-41-MGE-S217	0	0	0	0	0	0	0	0	0
NR_157651.1	GIN-41-MGE-S217	0	0	0	0	0	0	0	0	0
NR_157649.1	GIN-41-MGE-S217	0	0	0	0	0	0	0	0	0
NR_157647.1	GIN-41-MGE-S217	0	0	0	0	0	0	0	0	0
NR_157643.1	GIN-41-MGE-S217	0	0	0	0	0	0	0	0	0
NR_157642.1	GIN-41-MGE-S217	0	0	0	0	0	0	0	0	0
NR_157641.1	GIN-41-MGE-S217	0	0	0	0	0	0	0	0	0
NR_157638.1	GIN-41-MGE-S217	0	0	0	0	0	0	0	0	0
NR_157637.1	GIN-41-MGE-S217	0	0	0	0	0	0	0	0	0
NR_157635.1	GIN-41-MGE-S217	0	0	0	0	0	0	0	0	0
NR_157634.1	GIN-41-MGE-S217	0	0	0	0	0	0	0	0	0
NR_157633.1	GIN-41-MGE-S217	0	0	0	0	0	0	0	0	0
NR_157631.1	GIN-41-MGE-S217	0	0	0	0	0	0	0	0	0
NR_157630.1	GIN-41-MGE-S217	0	0	0	0	0	0	0	0	0
NR_157628.1	GIN-41-MGE-S217	0	0	0	0	0	0	0	0	0
NR_157627.1	GIN-41-MGE-S217	0	0	0	0	0	0	0	0	0
NR_157626.1	GIN-41-MGE-S217	0	0	0	0	0	0	0	0	0
NR_157625.1	GIN-41-MGE-S217	0	0	0	0	0	0	0	0	0
NR_157624.1	GIN-41-MGE-S217	0	0	0	0	0	0	0	0	0
NR_157622.1	GIN-41-MGE-S217	0	0	0	0	0	0	0	0	0
NR_157621.1	GIN-41-MGE-S217	0	0	0	0	0	0	0	0	0
NR_157620.1	GIN-41-MGE-S217	0	0	0	0	0	0	0	0	0
NR_157616.1	GIN-41-MGE-S217	0	0	0	0	0	0	0	0	0
NR_157615.1	GIN-41-MGE-S217	0	0	0	0	0	0	0	0	0
NR_157613.1	GIN-41-MGE-S217	0	0	0	0	0	0	0	0	0
NR_157611.1	GIN-41-MGE-S217	0	0	0	0	0	0	0	0	0
NR_157610.1	GIN-41-MGE-S217	0	0	0	0	0	0	0	0	0
NR_157602.1	GIN-41-MGE-S217	0	0	0	0	0	0	0	0	0
NR_108250.1	GIN-41-MGE-S217	0	0	0	0	0	0	0	0	0
NR_157018.1	GIN-41-MGE-S217	0	0	0	0	0	0	0	0	0
NR_157017.1	GIN-41-MGE-S217	0	0	0	0	0	0	0	0	0
NR_157016.1	GIN-41-MGE-S217	0	0	0	0	0	0	0	0	0
NR_157015.1	GIN-41-MGE-S217	0	0	0	0	0	0	0	0	0
NR_157013.1	GIN-41-MGE-S217	0	0	0	0	0	0	0	0	0
NR_157012.1	GIN-41-MGE-S217	0	0	0	0	0	0	0	0	0
NR_157011.1	GIN-41-MGE-S217	0	0	0	0	0	0	0	0	0
NR_157010.1	GIN-41-MGE-S217	0	0	0	0	0	0	0	0	0
NR_157009.1	GIN-41-MGE-S217	0	0	0	0	0	0	0	0	0
NR_157008.1	GIN-41-MGE-S217	0	0	0	0	0	0	0	0	0
NR_157006.1	GIN-41-MGE-S217	0	0	0	0	0	0	0	0	0
NR_157005.1	GIN-41-MGE-S217	0	0	0	0	0	0	0	0	0
NR_157004.1	GIN-41-MGE-S217	0	0	0	0	0	0	0	0	0
NR_157002.1	GIN-41-MGE-S217	0	0	0	0	0	0	0	0	0
NR_157001.1	GIN-41-MGE-S217	0	0	0	0	0	0	0	0	0
NR_157000.1	GIN-41-MGE-S217	0	0	0	0	0	0	0	0	0
NR_156999.1	GIN-41-MGE-S217	0	0	0	0	0	0	0	0	0
NR_156998.1	GIN-41-MGE-S217	0	0	0	0	0	0	0	0	0
NR_156997.1	GIN-41-MGE-S217	0	0	0	0	0	0	0	0	0
NR_156995.1	GIN-41-MGE-S217	0	0	0	0	0	0	0	0	0
NR_156994.1	GIN-41-MGE-S217	0	0	0	0	0	0	0	0	0
NR_156993.1	GIN-41-MGE-S217	0	0	0	0	0	0	0	0	0
NR_156992.1	GIN-41-MGE-S217	0	0	0	0	0	0	0	0	0
NR_156991.1	GIN-41-MGE-S217	0	0	0	0	0	0	0	0	0
NR_156989.1	GIN-41-MGE-S217	0	0	0	0	0	0	0	0	0
NR_156988.1	GIN-41-MGE-S217	0	0	0	0	0	0	0	0	0
NR_156985.1	GIN-41-MGE-S217	0	0	0	0	0	0	0	0	0
NR_156983.1	GIN-41-MGE-S217	0	0	0	0	0	0	0	0	0
NR_156982.1	GIN-41-MGE-S217	0	0	0	0	0	0	0	0	0
NR_156980.1	GIN-41-MGE-S217	0	0	0	0	0	0	0	0	0
NR_156979.1	GIN-41-MGE-S217	0	0	0	0	0	0	0	0	0
NR_156978.1	GIN-41-MGE-S217	0	0	0	0	0	0	0	0	0
NR_156977.1	GIN-41-MGE-S217	0	0	0	0	0	0	0	0	0
NR_156976.1	GIN-41-MGE-S217	0	0	0	0	0	0	0	0	0
NR_156975.1	GIN-41-MGE-S217	0	0	0	0	0	0	0	0	0
NR_156971.1	GIN-41-MGE-S217	0	0	0	0	0	0	0	0	0
NR_156970.1	GIN-41-MGE-S217	0	0	0	0	0	0	0	0	0
NR_156968.1	GIN-41-MGE-S217	0	0	0	0	0	0	0	0	0
NR_156967.1	GIN-41-MGE-S217	0	0	0	0	0	0	0	0	0
NR_156965.1	GIN-41-MGE-S217	0	0	0	0	0	0	0	0	0
NR_156963.1	GIN-41-MGE-S217	0	0	0	0	0	0	0	0	0
NR_156959.1	GIN-41-MGE-S217	0	0	0	0	0	0	0	0	0
NR_156958.1	GIN-41-MGE-S217	0	0	0	0	0	0	0	0	0
NR_156955.1	GIN-41-MGE-S217	0	0	0	0	0	0	0	0	0
NR_156954.1	GIN-41-MGE-S217	0	0	0	0	0	0	0	0	0
NR_156953.1	GIN-41-MGE-S217	0	0	0	0	0	0	0	0	0
NR_156952.1	GIN-41-MGE-S217	0	0	0	0	0	0	0	0	0
NR_156951.1	GIN-41-MGE-S217	0	0	0	0	0	0	0	0	0
NR_156950.1	GIN-41-MGE-S217	0	0	0	0	0	0	0	0	0
NR_156949.1	GIN-41-MGE-S217	0	0	0	0	0	0	0	0	0
NR_156948.1	GIN-41-MGE-S217	0	0	0	0	0	0	0	0	0
NR_156947.1	GIN-41-MGE-S217	0	0	0	0	0	0	0	0	0
NR_156946.1	GIN-41-MGE-S217	0	0	0	0	0	0	0	0	0
NR_156945.1	GIN-41-MGE-S217	0	0	0	0	0	0	0	0	0
NR_156944.1	GIN-41-MGE-S217	0	0	0	0	0	0	0	0	0
NR_156942.1	GIN-41-MGE-S217	0	0	0	0	0	0	0	0	0
NR_156941.1	GIN-41-MGE-S217	0	0	0	0	0	0	0	0	0
NR_156940.1	GIN-41-MGE-S217	0	0	0	0	0	0	0	0	0
NR_156939.1	GIN-41-MGE-S217	0	0	0	0	0	0	0	0	0
NR_156938.1	GIN-41-MGE-S217	0	0	0	0	0	0	0	0	0
NR_156937.1	GIN-41-MGE-S217	0	0	0	0	0	0	0	0	0
NR_156935.1	GIN-41-MGE-S217	0	0	0	0	0	0	0	0	0
NR_156934.1	GIN-41-MGE-S217	0	0	0	0	0	0	0	0	0
NR_156932.1	GIN-41-MGE-S217	0	0	0	0	0	0	0	0	0
NR_156931.1	GIN-41-MGE-S217	0	0	0	0	0	0	0	0	0
NR_156930.1	GIN-41-MGE-S217	0	0	0	0	0	0	0	0	0
NR_156929.1	GIN-41-MGE-S217	0	0	0	0	0	0	0	0	0
NR_156926.1	GIN-41-MGE-S217	0	0	0	0	0	0	0	0	0
NR_156925.1	GIN-41-MGE-S217	0	0	0	0	0	0	0	0	0
NR_156924.1	GIN-41-MGE-S217	0	0	0	0	0	0	0	0	0
NR_156923.1	GIN-41-MGE-S217	0	0	0	0	0	0	0	0	0
NR_156921.1	GIN-41-MGE-S217	0	0	0	0	0	0	0	0	0
NR_156920.1	GIN-41-MGE-S217	0	0	0	0	0	0	0	0	0
NR_156918.1	GIN-41-MGE-S217	0	0	0	0	0	0	0	0	0
NR_156917.1	GIN-41-MGE-S217	0	0	0	0	0	0	0	0	0
NR_156916.1	GIN-41-MGE-S217	0	0	0	0	0	0	0	0	0
NR_156915.1	GIN-41-MGE-S217	0	0	0	0	0	0	0	0	0
NR_156914.1	GIN-41-MGE-S217	0	0	0	0	0	0	0	0	0
NR_156913.1	GIN-41-MGE-S217	0	0	0	0	0	0	0	0	0
NR_156912.1	GIN-41-MGE-S217	0	0	0	0	0	0	0	0	0
NR_156911.1	GIN-41-MGE-S217	0	0	0	0	0	0	0	0	0
NR_156910.1	GIN-41-MGE-S217	0	0	0	0	0	0	0	0	0
NR_156909.1	GIN-41-MGE-S217	0	0	0	0	0	0	0	0	0
NR_156905.1	GIN-41-MGE-S217	0	0	0	0	0	0	0	0	0
NR_156904.1	GIN-41-MGE-S217	0	0	0	0	0	0	0	0	0
NR_156903.1	GIN-41-MGE-S217	0	0	0	0	0	0	0	0	0
NR_156902.1	GIN-41-MGE-S217	0	0	0	0	0	0	0	0	0
NR_156901.1	GIN-41-MGE-S217	0	0	0	0	0	0	0	0	0
NR_156899.1	GIN-41-MGE-S217	0	0	0	0	0	0	0	0	0
NR_156898.1	GIN-41-MGE-S217	0	0	0	0	0	0	0	0	0
NR_156897.1	GIN-41-MGE-S217	0	0	0	0	0	0	0	0	0
NR_156895.1	GIN-41-MGE-S217	0	0	0	0	0	0	0	0	0
NR_156894.1	GIN-41-MGE-S217	0	0	0	0	0	0	0	0	0
NR_156893.1	GIN-41-MGE-S217	0	0	0	0	0	0	0	0	0
NR_156892.1	GIN-41-MGE-S217	0	0	0	0	0	0	0	0	0
NR_156891.1	GIN-41-MGE-S217	0	0	0	0	0	0	0	0	0
NR_156890.1	GIN-41-MGE-S217	0	0	0	0	0	0	0	0	0
NR_156889.1	GIN-41-MGE-S217	0	0	0	0	0	0	0	0	0
NR_156888.1	GIN-41-MGE-S217	0	0	0	0	0	0	0	0	0
NR_156887.1	GIN-41-MGE-S217	0	0	0	0	0	0	0	0	0
NR_156886.1	GIN-41-MGE-S217	0	0	0	0	0	0	0	0	0
NR_156878.1	GIN-41-MGE-S217	0	0	0	0	0	0	0	0	0
NR_156877.1	GIN-41-MGE-S217	0	0	0	0	0	0	0	0	0
NR_156875.1	GIN-41-MGE-S217	0	0	0	0	0	0	0	0	0
NR_156874.1	GIN-41-MGE-S217	0	0	0	0	0	0	0	0	0
NR_156872.1	GIN-41-MGE-S217	0	0	0	0	0	0	0	0	0
NR_156871.1	GIN-41-MGE-S217	0	0	0	0	0	0	0	0	0
NR_156870.1	GIN-41-MGE-S217	0	0	0	0	0	0	0	0	0
NR_156869.1	GIN-41-MGE-S217	0	0	0	0	0	0	0	0	0
NR_156868.1	GIN-41-MGE-S217	0	0	0	0	0	0	0	0	0
NR_156866.1	GIN-41-MGE-S217	0	0	0	0	0	0	0	0	0
NR_156865.1	GIN-41-MGE-S217	0	0	0	0	0	0	0	0	0
NR_156863.1	GIN-41-MGE-S217	0	0	0	0	0	0	0	0	0
NR_156862.1	GIN-41-MGE-S217	0	0	0	0	0	0	0	0	0
NR_156861.1	GIN-41-MGE-S217	0	0	0	0	0	0	0	0	0
NR_156860.1	GIN-41-MGE-S217	0	0	0	0	0	0	0	0	0
NR_156859.1	GIN-41-MGE-S217	0	0	0	0	0	0	0	0	0
NR_156858.1	GIN-41-MGE-S217	0	0	0	0	0	0	0	0	0
NR_156857.1	GIN-41-MGE-S217	0	0	0	0	0	0	0	0	0
NR_156856.1	GIN-41-MGE-S217	0	0	0	0	0	0	0	0	0
NR_156855.1	GIN-41-MGE-S217	0	0	0	0	0	0	0	0	0
NR_156854.1	GIN-41-MGE-S217	0	0	0	0	0	0	0	0	0
NR_156852.1	GIN-41-MGE-S217	0	0	0	0	0	0	0	0	0
NR_156851.1	GIN-41-MGE-S217	0	0	0	0	0	0	0	0	0
NR_156850.1	GIN-41-MGE-S217	0	0	0	0	0	0	0	0	0
NR_156848.1	GIN-41-MGE-S217	0	0	0	0	0	0	0	0	0
NR_156847.1	GIN-41-MGE-S217	0	0	0	0	0	0	0	0	0
NR_156846.1	GIN-41-MGE-S217	0	0	0	0	0	0	0	0	0
NR_156845.1	GIN-41-MGE-S217	0	0	0	0	0	0	0	0	0
NR_156843.1	GIN-41-MGE-S217	0	0	0	0	0	0	0	0	0
NR_156842.1	GIN-41-MGE-S217	0	0	0	0	0	0	0	0	0
NR_156840.1	GIN-41-MGE-S217	0	0	0	0	0	0	0	0	0
NR_156838.1	GIN-41-MGE-S217	0	0	0	0	0	0	0	0	0
NR_156837.1	GIN-41-MGE-S217	0	0	0	0	0	0	0	0	0
NR_156835.1	GIN-41-MGE-S217	0	0	0	0	0	0	0	0	0
NR_156834.1	GIN-41-MGE-S217	0	0	0	0	0	0	0	0	0
NR_156832.1	GIN-41-MGE-S217	0	0	0	0	0	0	0	0	0
NR_156831.1	GIN-41-MGE-S217	0	0	0	0	0	0	0	0	0
NR_156829.1	GIN-41-MGE-S217	0	0	0	0	0	0	0	0	0
NR_156828.1	GIN-41-MGE-S217	0	0	0	0	0	0	0	0	0
NR_156827.1	GIN-41-MGE-S217	0	0	0	0	0	0	0	0	0
NR_156826.1	GIN-41-MGE-S217	0	0	0	0	0	0	0	0	0
NR_156824.1	GIN-41-MGE-S217	0	0	0	0	0	0	0	0	0
NR_156822.1	GIN-41-MGE-S217	0	0	0	0	0	0	0	0	0
NR_156817.1	GIN-41-MGE-S217	0	0	0	0	0	0	0	0	0
NR_156816.1	GIN-41-MGE-S217	0	0	0	0	0	0	0	0	0
NR_156815.1	GIN-41-MGE-S217	0	0	0	0	0	0	0	0	0
NR_156814.1	GIN-41-MGE-S217	0	0	0	0	0	0	0	0	0
NR_156811.1	GIN-41-MGE-S217	0	0	0	0	0	0	0	0	0
NR_156810.1	GIN-41-MGE-S217	0	0	0	0	0	0	0	0	0
NR_156802.1	GIN-41-MGE-S217	0	0	0	0	0	0	0	0	0
NR_156801.1	GIN-41-MGE-S217	0	0	0	0	0	0	0	0	0
NR_156172.1	GIN-41-MGE-S217	0	0	0	0	0	0	0	0	0
NR_156171.1	GIN-41-MGE-S217	0	0	0	0	0	0	0	0	0
NR_156170.1	GIN-41-MGE-S217	0	0	0	0	0	0	0	0	0
NR_156169.1	GIN-41-MGE-S217	0	0	0	0	0	0	0	0	0
NR_156168.1	GIN-41-MGE-S217	0	0	0	0	0	0	0	0	0
NR_156167.1	GIN-41-MGE-S217	0	0	0	0	0	0	0	0	0
NR_156166.1	GIN-41-MGE-S217	0	0	0	0	0	0	0	0	0
NR_156165.1	GIN-41-MGE-S217	0	0	0	0	0	0	0	0	0
NR_156164.1	GIN-41-MGE-S217	0	0	0	0	0	0	0	0	0
NR_156163.1	GIN-41-MGE-S217	0	0	0	0	0	0	0	0	0
NR_156162.1	GIN-41-MGE-S217	0	0	0	0	0	0	0	0	0
NR_156161.1	GIN-41-MGE-S217	0	0	0	0	0	0	0	0	0
NR_156160.1	GIN-41-MGE-S217	0	0	0	0	0	0	0	0	0
NR_156159.1	GIN-41-MGE-S217	0	0	0	0	0	0	0	0	0
NR_156158.1	GIN-41-MGE-S217	0	0	0	0	0	0	0	0	0
NR_156157.1	GIN-41-MGE-S217	0	0	0	0	0	0	0	0	0
NR_156156.1	GIN-41-MGE-S217	0	0	0	0	0	0	0	0	0
NR_156155.1	GIN-41-MGE-S217	0	0	0	0	0	0	0	0	0
NR_156154.1	GIN-41-MGE-S217	0	0	0	0	0	0	0	0	0
NR_156153.1	GIN-41-MGE-S217	0	0	0	0	0	0	0	0	0
NR_156151.1	GIN-41-MGE-S217	0	0	0	0	0	0	0	0	0
NR_156150.1	GIN-41-MGE-S217	0	0	0	0	0	0	0	0	0
NR_156149.1	GIN-41-MGE-S217	0	0	0	0	0	0	0	0	0
NR_156148.1	GIN-41-MGE-S217	0	0	0	0	0	0	0	0	0
NR_156144.1	GIN-41-MGE-S217	0	0	0	0	0	0	0	0	0
NR_156143.1	GIN-41-MGE-S217	0	0	0	0	0	0	0	0	0
NR_156141.1	GIN-41-MGE-S217	0	0	0	0	0	0	0	0	0
NR_156140.1	GIN-41-MGE-S217	0	0	0	0	0	0	0	0	0
NR_156139.1	GIN-41-MGE-S217	0	0	0	0	0	0	0	0	0
NR_156137.1	GIN-41-MGE-S217	0	0	0	0	0	0	0	0	0
NR_156136.1	GIN-41-MGE-S217	0	0	0	0	0	0	0	0	0
NR_156134.1	GIN-41-MGE-S217	0	0	0	0	0	0	0	0	0
NR_156105.1	GIN-41-MGE-S217	0	0	0	0	0	0	0	0	0
NR_156104.1	GIN-41-MGE-S217	0	0	0	0	0	0	0	0	0
NR_156103.1	GIN-41-MGE-S217	0	0	0	0	0	0	0	0	0
NR_156102.1	GIN-41-MGE-S217	0	0	0	0	0	0	0	0	0
NR_156101.1	GIN-41-MGE-S217	0	0	0	0	0	0	0	0	0
NR_156099.1	GIN-41-MGE-S217	0	0	0	0	0	0	0	0	0
NR_156098.1	GIN-41-MGE-S217	0	0	0	0	0	0	0	0	0
NR_156097.1	GIN-41-MGE-S217	0	0	0	0	0	0	0	0	0
NR_156095.1	GIN-41-MGE-S217	0	0	0	0	0	0	0	0	0
NR_156094.1	GIN-41-MGE-S217	0	0	0	0	0	0	0	0	0
NR_156093.1	GIN-41-MGE-S217	0	0	0	0	0	0	0	0	0
NR_156092.1	GIN-41-MGE-S217	0	0	0	0	0	0	0	0	0
NR_156090.1	GIN-41-MGE-S217	0	0	0	0	0	0	0	0	0
NR_156089.1	GIN-41-MGE-S217	0	0	0	0	0	0	0	0	0
NR_156088.1	GIN-41-MGE-S217	0	0	0	0	0	0	0	0	0
NR_156087.1	GIN-41-MGE-S217	0	0	0	0	0	0	0	0	0
NR_156086.1	GIN-41-MGE-S217	0	0	0	0	0	0	0	0	0
NR_156085.1	GIN-41-MGE-S217	0	0	0	0	0	0	0	0	0
NR_156084.1	GIN-41-MGE-S217	0	0	0	0	0	0	0	0	0
NR_156082.1	GIN-41-MGE-S217	0	0	0	0	0	0	0	0	0
NR_156081.1	GIN-41-MGE-S217	0	0	0	0	0	0	0	0	0
NR_156080.1	GIN-41-MGE-S217	0	0	0	0	0	0	0	0	0
NR_156079.1	GIN-41-MGE-S217	1	1	0	0	0	0	0	0	0
NR_156078.1	GIN-41-MGE-S217	0	0	0	0	0	0	0	0	0
NR_156077.1	GIN-41-MGE-S217	0	0	0	0	0	0	0	0	0
NR_156076.1	GIN-41-MGE-S217	0	0	0	0	0	0	0	0	0
NR_156075.1	GIN-41-MGE-S217	0	0	0	0	0	0	0	0	0
NR_156074.1	GIN-41-MGE-S217	0	0	0	0	0	0	0	0	0
NR_156073.1	GIN-41-MGE-S217	0	0	0	0	0	0	0	0	0
NR_156072.1	GIN-41-MGE-S217	0	0	0	0	0	0	0	0	0
NR_156070.1	GIN-41-MGE-S217	0	0	0	0	0	0	0	0	0
NR_156069.1	GIN-41-MGE-S217	0	0	0	0	0	0	0	0	0
NR_156068.1	GIN-41-MGE-S217	0	0	0	0	0	0	0	0	0
NR_156067.1	GIN-41-MGE-S217	0	0	0	0	0	0	0	0	0
NR_156066.1	GIN-41-MGE-S217	0	0	0	0	0	0	0	0	0
NR_156065.1	GIN-41-MGE-S217	0	0	0	0	0	0	0	0	0
NR_156064.1	GIN-41-MGE-S217	0	0	0	0	0	0	0	0	0
NR_156063.1	GIN-41-MGE-S217	0	0	0	0	0	0	0	0	0
NR_156062.1	GIN-41-MGE-S217	0	0	0	0	0	0	0	0	0
NR_156061.1	GIN-41-MGE-S217	0	0	0	0	0	0	0	0	0
NR_156060.1	GIN-41-MGE-S217	0	0	0	0	0	0	0	0	0
NR_156058.1	GIN-41-MGE-S217	0	0	0	0	0	0	0	0	0
NR_156057.1	GIN-41-MGE-S217	0	0	0	0	0	0	0	0	0
NR_156056.1	GIN-41-MGE-S217	0	0	0	0	0	0	0	0	0
NR_156055.1	GIN-41-MGE-S217	0	0	0	0	0	0	0	0	0
NR_156054.1	GIN-41-MGE-S217	0	0	0	0	0	0	0	0	0
NR_156053.1	GIN-41-MGE-S217	0	0	0	0	0	0	0	0	0
NR_156051.1	GIN-41-MGE-S217	0	0	0	0	0	0	0	0	0
NR_156050.1	GIN-41-MGE-S217	0	0	0	0	0	0	0	0	0
NR_156049.1	GIN-41-MGE-S217	0	0	0	0	0	0	0	0	0
NR_156048.1	GIN-41-MGE-S217	0	0	0	0	0	0	0	0	0
NR_156047.1	GIN-41-MGE-S217	0	0	0	0	0	0	0	0	0
NR_156044.1	GIN-41-MGE-S217	0	0	0	0	0	0	0	0	0
NR_156043.1	GIN-41-MGE-S217	0	0	0	0	0	0	0	0	0
NR_156042.1	GIN-41-MGE-S217	0	0	0	0	0	0	0	0	0
NR_156039.1	GIN-41-MGE-S217	0	0	0	0	0	0	0	0	0
NR_156038.1	GIN-41-MGE-S217	0	0	0	0	0	0	0	0	0
NR_156037.1	GIN-41-MGE-S217	0	0	0	0	0	0	0	0	0
NR_156035.1	GIN-41-MGE-S217	0	0	0	0	0	0	0	0	0
NR_156033.1	GIN-41-MGE-S217	0	0	0	0	0	0	0	0	0
NR_156032.1	GIN-41-MGE-S217	0	0	0	0	0	0	0	0	0
NR_156031.1	GIN-41-MGE-S217	0	0	0	0	0	0	0	0	0
NR_156030.1	GIN-41-MGE-S217	0	0	0	0	0	0	0	0	0
NR_156029.1	GIN-41-MGE-S217	0	0	0	0	0	0	0	0	0
NR_156028.1	GIN-41-MGE-S217	0	0	0	0	0	0	0	0	0
NR_156027.1	GIN-41-MGE-S217	0	0	0	0	0	0	0	0	0
NR_156026.1	GIN-41-MGE-S217	0	0	0	0	0	0	0	0	0
NR_156025.1	GIN-41-MGE-S217	0	0	0	0	0	0	0	0	0
NR_156024.1	GIN-41-MGE-S217	0	0	0	0	0	0	0	0	0
NR_156023.1	GIN-41-MGE-S217	0	0	0	0	0	0	0	0	0
NR_156022.1	GIN-41-MGE-S217	0	0	0	0	0	0	0	0	0
NR_156019.1	GIN-41-MGE-S217	0	0	0	0	0	0	0	0	0
NR_153752.1	GIN-41-MGE-S217	0	0	0	0	0	0	0	0	0
NR_153747.1	GIN-41-MGE-S217	0	0	0	0	0	0	0	0	0
NR_153746.1	GIN-41-MGE-S217	0	0	0	0	0	0	0	0	0
NR_153745.1	GIN-41-MGE-S217	0	0	0	0	0	0	0	0	0
NR_153744.1	GIN-41-MGE-S217	0	0	0	0	0	0	0	0	0
NR_153742.1	GIN-41-MGE-S217	0	0	0	0	0	0	0	0	0
NR_153739.1	GIN-41-MGE-S217	0	0	0	0	0	0	0	0	0
NR_153738.1	GIN-41-MGE-S217	0	0	0	0	0	0	0	0	0
NR_153737.1	GIN-41-MGE-S217	0	0	0	0	0	0	0	0	0
NR_153736.1	GIN-41-MGE-S217	0	0	0	0	0	0	0	0	0
NR_153735.1	GIN-41-MGE-S217	0	0	0	0	0	0	0	0	0
NR_153734.1	GIN-41-MGE-S217	0	0	0	0	0	0	0	0	0
NR_153732.1	GIN-41-MGE-S217	0	0	0	0	0	0	0	0	0
NR_153731.1	GIN-41-MGE-S217	0	0	0	0	0	0	0	0	0
NR_153730.1	GIN-41-MGE-S217	0	0	0	0	0	0	0	0	0
NR_153729.1	GIN-41-MGE-S217	0	0	0	0	0	0	0	0	0
NR_153728.1	GIN-41-MGE-S217	0	0	0	0	0	0	0	0	0
NR_153727.1	GIN-41-MGE-S217	0	0	0	0	0	0	0	0	0
NR_153726.1	GIN-41-MGE-S217	0	0	0	0	0	0	0	0	0
NR_153725.1	GIN-41-MGE-S217	0	0	0	0	0	0	0	0	0
NR_153724.1	GIN-41-MGE-S217	0	0	0	0	0	0	0	0	0
NR_153723.1	GIN-41-MGE-S217	0	0	0	0	0	0	0	0	0
NR_153720.1	GIN-41-MGE-S217	0	0	0	0	0	0	0	0	0
NR_153719.1	GIN-41-MGE-S217	0	0	0	0	0	0	0	0	0
NR_153718.1	GIN-41-MGE-S217	0	0	0	0	0	0	0	0	0
NR_153716.1	GIN-41-MGE-S217	0	0	0	0	0	0	0	0	0
NR_153714.1	GIN-41-MGE-S217	0	0	0	0	0	0	0	0	0
NR_153712.1	GIN-41-MGE-S217	0	0	0	0	0	0	0	0	0
NR_153711.1	GIN-41-MGE-S217	0	0	0	0	0	0	0	0	0
NR_153710.1	GIN-41-MGE-S217	0	0	0	0	0	0	0	0	0
NR_153709.1	GIN-41-MGE-S217	0	0	0	0	0	0	0	0	0
NR_153708.1	GIN-41-MGE-S217	0	0	0	0	0	0	0	0	0
NR_153707.1	GIN-41-MGE-S217	0	0	0	0	0	0	0	0	0
NR_153706.1	GIN-41-MGE-S217	0	0	0	0	0	0	0	0	0
NR_153705.1	GIN-41-MGE-S217	0	0	0	0	0	0	0	0	0
NR_153704.1	GIN-41-MGE-S217	0	0	0	0	0	0	0	0	0
NR_153703.1	GIN-41-MGE-S217	0	0	0	0	0	0	0	0	0
NR_153702.1	GIN-41-MGE-S217	0	0	0	0	0	0	0	0	0
NR_153701.1	GIN-41-MGE-S217	0	0	0	0	0	0	0	0	0
NR_153699.1	GIN-41-MGE-S217	0	0	0	0	0	0	0	0	0
NR_153698.1	GIN-41-MGE-S217	0	0	0	0	0	0	0	0	0
NR_153696.1	GIN-41-MGE-S217	0	0	0	0	0	0	0	0	0
NR_153695.1	GIN-41-MGE-S217	0	0	0	0	0	0	0	0	0
NR_153694.1	GIN-41-MGE-S217	0	0	0	0	0	0	0	0	0
NR_153693.1	GIN-41-MGE-S217	0	0	0	0	0	0	0	0	0
NR_153692.1	GIN-41-MGE-S217	0	0	0	0	0	0	0	0	0
NR_153691.1	GIN-41-MGE-S217	0	0	0	0	0	0	0	0	0
NR_153688.1	GIN-41-MGE-S217	0	0	0	0	0	0	0	0	0
NR_153687.1	GIN-41-MGE-S217	0	0	0	0	0	0	0	0	0
NR_153686.1	GIN-41-MGE-S217	0	0	0	0	0	0	0	0	0
NR_153685.1	GIN-41-MGE-S217	0	0	0	0	0	0	0	0	0
NR_153684.1	GIN-41-MGE-S217	0	0	0	0	0	0	0	0	0
NR_153683.1	GIN-41-MGE-S217	0	0	0	0	0	0	0	0	0
NR_153682.1	GIN-41-MGE-S217	0	0	0	0	0	0	0	0	0
NR_153681.1	GIN-41-MGE-S217	0	0	0	0	0	0	0	0	0
NR_153680.1	GIN-41-MGE-S217	0	0	0	0	0	0	0	0	0
NR_153677.1	GIN-41-MGE-S217	0	0	0	0	0	0	0	0	0
NR_153676.1	GIN-41-MGE-S217	0	0	0	0	0	0	0	0	0
NR_153675.1	GIN-41-MGE-S217	0	0	0	0	0	0	0	0	0
NR_153673.1	GIN-41-MGE-S217	0	0	0	0	0	0	0	0	0
NR_153672.1	GIN-41-MGE-S217	0	0	0	0	0	0	0	0	0
NR_153671.1	GIN-41-MGE-S217	0	0	0	0	0	0	0	0	0
NR_153670.1	GIN-41-MGE-S217	0	0	0	0	0	0	0	0	0
NR_153669.1	GIN-41-MGE-S217	0	0	0	0	0	0	0	0	0
NR_153667.1	GIN-41-MGE-S217	0	0	0	0	0	0	0	0	0
NR_153666.1	GIN-41-MGE-S217	0	0	0	0	0	0	0	0	0
NR_153665.1	GIN-41-MGE-S217	0	0	0	0	0	0	0	0	0
NR_153664.1	GIN-41-MGE-S217	0	0	0	0	0	0	0	0	0
NR_152720.1	GIN-41-MGE-S217	0	0	0	0	0	0	0	0	0
NR_152719.1	GIN-41-MGE-S217	0	0	0	0	0	0	0	0	0
NR_152718.1	GIN-41-MGE-S217	0	0	0	0	0	0	0	0	0
NR_152717.1	GIN-41-MGE-S217	0	0	0	0	0	0	0	0	0
NR_152715.1	GIN-41-MGE-S217	0	0	0	0	0	0	0	0	0
NR_152714.1	GIN-41-MGE-S217	0	0	0	0	0	0	0	0	0
NR_152713.1	GIN-41-MGE-S217	0	0	0	0	0	0	0	0	0
NR_152712.1	GIN-41-MGE-S217	0	0	0	0	0	0	0	0	0
NR_152711.1	GIN-41-MGE-S217	0	0	0	0	0	0	0	0	0
NR_152710.1	GIN-41-MGE-S217	0	0	0	0	0	0	0	0	0
NR_152709.1	GIN-41-MGE-S217	0	0	0	0	0	0	0	0	0
NR_152708.1	GIN-41-MGE-S217	0	0	0	0	0	0	0	0	0
NR_152707.1	GIN-41-MGE-S217	0	0	0	0	0	0	0	0	0
NR_152705.1	GIN-41-MGE-S217	0	0	0	0	0	0	0	0	0
NR_152704.1	GIN-41-MGE-S217	0	0	0	0	0	0	0	0	0
NR_152703.1	GIN-41-MGE-S217	0	0	0	0	0	0	0	0	0
NR_152702.1	GIN-41-MGE-S217	0	0	0	0	0	0	0	0	0
NR_152701.1	GIN-41-MGE-S217	0	0	0	0	0	0	0	0	0
NR_152699.1	GIN-41-MGE-S217	0	0	0	0	0	0	0	0	0
NR_152698.1	GIN-41-MGE-S217	0	0	0	0	0	0	0	0	0
NR_152697.1	GIN-41-MGE-S217	0	0	0	0	0	0	0	0	0
NR_152695.1	GIN-41-MGE-S217	0	0	0	0	0	0	0	0	0
NR_152694.1	GIN-41-MGE-S217	0	0	0	0	0	0	0	0	0
NR_152693.1	GIN-41-MGE-S217	0	0	0	0	0	0	0	0	0
NR_152692.1	GIN-41-MGE-S217	0	0	0	0	0	0	0	0	0
NR_152691.1	GIN-41-MGE-S217	0	0	0	0	0	0	0	0	0
NR_152690.1	GIN-41-MGE-S217	0	0	0	0	0	0	0	0	0
NR_152689.1	GIN-41-MGE-S217	0	0	0	0	0	0	0	0	0
NR_152687.1	GIN-41-MGE-S217	0	0	0	0	0	0	0	0	0
NR_152686.1	GIN-41-MGE-S217	0	0	0	0	0	0	0	0	0
NR_152685.1	GIN-41-MGE-S217	0	0	0	0	0	0	0	0	0
NR_152683.1	GIN-41-MGE-S217	0	0	0	0	0	0	0	0	0
NR_152679.1	GIN-41-MGE-S217	0	0	0	0	0	0	0	0	0
NR_152678.1	GIN-41-MGE-S217	0	0	0	0	0	0	0	0	0
NR_152677.1	GIN-41-MGE-S217	0	0	0	0	0	0	0	0	0
NR_152675.1	GIN-41-MGE-S217	0	0	0	0	0	0	0	0	0
NR_152674.1	GIN-41-MGE-S217	0	0	0	0	0	0	0	0	0
NR_152673.1	GIN-41-MGE-S217	0	0	0	0	0	0	0	0	0
NR_152672.1	GIN-41-MGE-S217	0	0	0	0	0	0	0	0	0
NR_152671.1	GIN-41-MGE-S217	0	0	0	0	0	0	0	0	0
NR_152670.1	GIN-41-MGE-S217	0	0	0	0	0	0	0	0	0
NR_152669.1	GIN-41-MGE-S217	0	0	0	0	0	0	0	0	0
NR_152668.1	GIN-41-MGE-S217	0	0	0	0	0	0	0	0	0
NR_152667.1	GIN-41-MGE-S217	0	0	0	0	0	0	0	0	0
NR_152666.1	GIN-41-MGE-S217	0	0	0	0	0	0	0	0	0
NR_152664.1	GIN-41-MGE-S217	0	0	0	0	0	0	0	0	0
NR_152663.1	GIN-41-MGE-S217	0	0	0	0	0	0	0	0	0
NR_152662.1	GIN-41-MGE-S217	0	0	0	0	0	0	0	0	0
NR_152661.1	GIN-41-MGE-S217	0	0	0	0	0	0	0	0	0
NR_152659.1	GIN-41-MGE-S217	0	0	0	0	0	0	0	0	0
NR_152658.1	GIN-41-MGE-S217	0	0	0	0	0	0	0	0	0
NR_152657.1	GIN-41-MGE-S217	0	0	0	0	0	0	0	0	0
NR_152656.1	GIN-41-MGE-S217	0	0	0	0	0	0	0	0	0
NR_152655.1	GIN-41-MGE-S217	0	0	0	0	0	0	0	0	0
NR_152654.1	GIN-41-MGE-S217	0	0	0	0	0	0	0	0	0
NR_152653.1	GIN-41-MGE-S217	0	0	0	0	0	0	0	0	0
NR_152652.1	GIN-41-MGE-S217	0	0	0	0	0	0	0	0	0
NR_152651.1	GIN-41-MGE-S217	0	0	0	0	0	0	0	0	0
NR_152650.1	GIN-41-MGE-S217	0	0	0	0	0	0	0	0	0
NR_152644.1	GIN-41-MGE-S217	0	0	0	0	0	0	0	0	0
NR_152643.1	GIN-41-MGE-S217	0	0	0	0	0	0	0	0	0
NR_152642.1	GIN-41-MGE-S217	0	0	0	0	0	0	0	0	0
NR_152641.1	GIN-41-MGE-S217	0	0	0	0	0	0	0	0	0
NR_152640.1	GIN-41-MGE-S217	0	0	0	0	0	0	0	0	0
NR_152639.1	GIN-41-MGE-S217	0	0	0	0	0	0	0	0	0
NR_152638.1	GIN-41-MGE-S217	0	0	0	0	0	0	0	0	0
NR_152636.1	GIN-41-MGE-S217	0	0	0	0	0	0	0	0	0
NR_152634.1	GIN-41-MGE-S217	0	0	0	0	0	0	0	0	0
NR_152633.1	GIN-41-MGE-S217	0	0	0	0	0	0	0	0	0
NR_152631.1	GIN-41-MGE-S217	0	0	0	0	0	0	0	0	0
NR_152630.1	GIN-41-MGE-S217	0	0	0	0	0	0	0	0	0
NR_152629.1	GIN-41-MGE-S217	0	0	0	0	0	0	0	0	0
NR_152628.1	GIN-41-MGE-S217	0	0	0	0	0	0	0	0	0
NR_152627.1	GIN-41-MGE-S217	0	0	0	0	0	0	0	0	0
NR_152624.1	GIN-41-MGE-S217	0	0	0	0	0	0	0	0	0
NR_108263.1	GIN-41-MGE-S217	0	0	0	0	0	0	0	0	0
NR_152095.1	GIN-41-MGE-S217	0	0	0	0	0	0	0	0	0
NR_152093.1	GIN-41-MGE-S217	0	0	0	0	0	0	0	0	0
NR_152092.1	GIN-41-MGE-S217	0	0	0	0	0	0	0	0	0
NR_152091.1	GIN-41-MGE-S217	0	0	0	0	0	0	0	0	0
NR_152089.1	GIN-41-MGE-S217	0	0	0	0	0	0	0	0	0
NR_152088.1	GIN-41-MGE-S217	0	0	0	0	0	0	0	0	0
NR_152086.1	GIN-41-MGE-S217	0	0	0	0	0	0	0	0	0
NR_152085.1	GIN-41-MGE-S217	0	0	0	0	0	0	0	0	0
NR_152084.1	GIN-41-MGE-S217	0	0	0	0	0	0	0	0	0
NR_152083.1	GIN-41-MGE-S217	0	0	0	0	0	0	0	0	0
NR_152082.1	GIN-41-MGE-S217	0	0	0	0	0	0	0	0	0
NR_152081.1	GIN-41-MGE-S217	0	0	0	0	0	0	0	0	0
NR_152080.1	GIN-41-MGE-S217	0	0	0	0	0	0	0	0	0
NR_152079.1	GIN-41-MGE-S217	0	0	0	0	0	0	0	0	0
NR_152078.1	GIN-41-MGE-S217	0	0	0	0	0	0	0	0	0
NR_152076.1	GIN-41-MGE-S217	0	0	0	0	0	0	0	0	0
NR_152075.1	GIN-41-MGE-S217	0	0	0	0	0	0	0	0	0
NR_152074.1	GIN-41-MGE-S217	0	0	0	0	0	0	0	0	0
NR_152073.1	GIN-41-MGE-S217	0	0	0	0	0	0	0	0	0
NR_152072.1	GIN-41-MGE-S217	0	0	0	0	0	0	0	0	0
NR_152070.1	GIN-41-MGE-S217	0	0	0	0	0	0	0	0	0
NR_152069.1	GIN-41-MGE-S217	0	0	0	0	0	0	0	0	0
NR_152068.1	GIN-41-MGE-S217	0	0	0	0	0	0	0	0	0
NR_152067.1	GIN-41-MGE-S217	0	0	0	0	0	0	0	0	0
NR_152066.1	GIN-41-MGE-S217	0	0	0	0	0	0	0	0	0
NR_152064.1	GIN-41-MGE-S217	0	0	0	0	0	0	0	0	0
NR_152063.1	GIN-41-MGE-S217	0	0	0	0	0	0	0	0	0
NR_152060.1	GIN-41-MGE-S217	0	0	0	0	0	0	0	0	0
NR_152059.1	GIN-41-MGE-S217	0	0	0	0	0	0	0	0	0
NR_152058.1	GIN-41-MGE-S217	0	0	0	0	0	0	0	0	0
NR_152057.1	GIN-41-MGE-S217	0	0	0	0	0	0	0	0	0
NR_152056.1	GIN-41-MGE-S217	0	0	0	0	0	0	0	0	0
NR_152055.1	GIN-41-MGE-S217	0	0	0	0	0	0	0	0	0
NR_152054.1	GIN-41-MGE-S217	0	0	0	0	0	0	0	0	0
NR_152053.1	GIN-41-MGE-S217	0	0	0	0	0	0	0	0	0
NR_152052.1	GIN-41-MGE-S217	0	0	0	0	0	0	0	0	0
NR_152051.1	GIN-41-MGE-S217	0	0	0	0	0	0	0	0	0
NR_152049.1	GIN-41-MGE-S217	0	0	0	0	0	0	0	0	0
NR_152048.1	GIN-41-MGE-S217	0	0	0	0	0	0	0	0	0
NR_152047.1	GIN-41-MGE-S217	0	0	0	0	0	0	0	0	0
NR_152046.1	GIN-41-MGE-S217	0	0	0	0	0	0	0	0	0
NR_152045.1	GIN-41-MGE-S217	0	0	0	0	0	0	0	0	0
NR_152044.1	GIN-41-MGE-S217	0	0	0	0	0	0	0	0	0
NR_152043.1	GIN-41-MGE-S217	0	0	0	0	0	0	0	0	0
NR_152040.1	GIN-41-MGE-S217	0	0	0	0	0	0	0	0	0
NR_152038.1	GIN-41-MGE-S217	0	0	0	0	0	0	0	0	0
NR_152037.1	GIN-41-MGE-S217	0	0	0	0	0	0	0	0	0
NR_152036.1	GIN-41-MGE-S217	0	0	0	0	0	0	0	0	0
NR_152035.1	GIN-41-MGE-S217	0	0	0	0	0	0	0	0	0
NR_152032.1	GIN-41-MGE-S217	0	0	0	0	0	0	0	0	0
NR_152031.1	GIN-41-MGE-S217	0	0	0	0	0	0	0	0	0
NR_152030.1	GIN-41-MGE-S217	0	0	0	0	0	0	0	0	0
NR_152028.1	GIN-41-MGE-S217	0	0	0	0	0	0	0	0	0
NR_152027.1	GIN-41-MGE-S217	0	0	0	0	0	0	0	0	0
NR_152026.1	GIN-41-MGE-S217	0	0	0	0	0	0	0	0	0
NR_152021.1	GIN-41-MGE-S217	0	0	0	0	0	0	0	0	0
NR_152020.1	GIN-41-MGE-S217	0	0	0	0	0	0	0	0	0
NR_152018.1	GIN-41-MGE-S217	0	0	0	0	0	0	0	0	0
NR_152017.1	GIN-41-MGE-S217	0	0	0	0	0	0	0	0	0
NR_152012.1	GIN-41-MGE-S217	0	0	0	0	0	0	0	0	0
NR_152011.1	GIN-41-MGE-S217	0	0	0	0	0	0	0	0	0
NR_152009.1	GIN-41-MGE-S217	0	0	0	0	0	0	0	0	0
NR_152008.1	GIN-41-MGE-S217	0	0	0	0	0	0	0	0	0
NR_152007.1	GIN-41-MGE-S217	0	0	0	0	0	0	0	0	0
NR_152006.1	GIN-41-MGE-S217	0	0	0	0	0	0	0	0	0
NR_152005.1	GIN-41-MGE-S217	0	0	0	0	0	0	0	0	0
NR_152003.1	GIN-41-MGE-S217	0	0	0	0	0	0	0	0	0
NR_152002.1	GIN-41-MGE-S217	0	0	0	0	0	0	0	0	0
NR_152000.1	GIN-41-MGE-S217	0	0	0	0	0	0	0	0	0
NR_151998.1	GIN-41-MGE-S217	0	0	0	0	0	0	0	0	0
NR_151997.1	GIN-41-MGE-S217	0	0	0	0	0	0	0	0	0
NR_151995.1	GIN-41-MGE-S217	0	0	0	0	0	0	0	0	0
NR_151994.1	GIN-41-MGE-S217	0	0	0	0	0	0	0	0	0
NR_151993.1	GIN-41-MGE-S217	0	0	0	0	0	0	0	0	0
NR_151992.1	GIN-41-MGE-S217	0	0	0	0	0	0	0	0	0
NR_151991.1	GIN-41-MGE-S217	0	0	0	0	0	0	0	0	0
NR_151988.1	GIN-41-MGE-S217	0	0	0	0	0	0	0	0	0
NR_151987.1	GIN-41-MGE-S217	0	0	0	0	0	0	0	0	0
NR_151986.1	GIN-41-MGE-S217	0	0	0	0	0	0	0	0	0
NR_151985.1	GIN-41-MGE-S217	0	0	0	0	0	0	0	0	0
NR_151984.1	GIN-41-MGE-S217	0	0	0	0	0	0	0	0	0
NR_151983.1	GIN-41-MGE-S217	0	0	0	0	0	0	0	0	0
NR_151982.1	GIN-41-MGE-S217	0	0	0	0	0	0	0	0	0
NR_151981.1	GIN-41-MGE-S217	0	0	0	0	0	0	0	0	0
NR_151980.1	GIN-41-MGE-S217	0	0	0	0	0	0	0	0	0
NR_151978.1	GIN-41-MGE-S217	0	0	0	0	0	0	0	0	0
NR_151977.1	GIN-41-MGE-S217	0	0	0	0	0	0	0	0	0
NR_151976.1	GIN-41-MGE-S217	0	0	0	0	0	0	0	0	0
NR_151975.1	GIN-41-MGE-S217	0	0	0	0	0	0	0	0	0
NR_151973.1	GIN-41-MGE-S217	0	0	0	0	0	0	0	0	0
NR_151972.1	GIN-41-MGE-S217	0	0	0	0	0	0	0	0	0
NR_151971.1	GIN-41-MGE-S217	0	0	0	0	0	0	0	0	0
NR_151970.1	GIN-41-MGE-S217	0	0	0	0	0	0	0	0	0
NR_151969.1	GIN-41-MGE-S217	0	0	0	0	0	0	0	0	0
NR_151968.1	GIN-41-MGE-S217	0	0	0	0	0	0	0	0	0
NR_151967.1	GIN-41-MGE-S217	0	0	0	0	0	0	0	0	0
NR_151966.1	GIN-41-MGE-S217	0	0	0	0	0	0	0	0	0
NR_151965.1	GIN-41-MGE-S217	0	0	0	0	0	0	0	0	0
NR_151964.1	GIN-41-MGE-S217	0	0	0	0	0	0	0	0	0
NR_151963.1	GIN-41-MGE-S217	0	0	0	0	0	0	0	0	0
NR_151962.1	GIN-41-MGE-S217	0	0	0	0	0	0	0	0	0
NR_151961.1	GIN-41-MGE-S217	0	0	0	0	0	0	0	0	0
NR_151960.1	GIN-41-MGE-S217	0	0	0	0	0	0	0	0	0
NR_151958.1	GIN-41-MGE-S217	0	0	0	0	0	0	0	0	0
NR_151957.1	GIN-41-MGE-S217	0	0	0	0	0	0	0	0	0
NR_151956.1	GIN-41-MGE-S217	0	0	0	0	0	0	0	0	0
NR_151951.1	GIN-41-MGE-S217	0	0	0	0	0	0	0	0	0
NR_151950.1	GIN-41-MGE-S217	0	0	0	0	0	0	0	0	0
NR_151949.1	GIN-41-MGE-S217	0	0	0	0	0	0	0	0	0
NR_151948.1	GIN-41-MGE-S217	0	0	0	0	0	0	0	0	0
NR_151947.1	GIN-41-MGE-S217	0	0	0	0	0	0	0	0	0
NR_151946.1	GIN-41-MGE-S217	0	0	0	0	0	0	0	0	0
NR_151945.1	GIN-41-MGE-S217	0	0	0	0	0	0	0	0	0
NR_151944.1	GIN-41-MGE-S217	0	0	0	0	0	0	0	0	0
NR_151941.1	GIN-41-MGE-S217	0	0	0	0	0	0	0	0	0
NR_151938.1	GIN-41-MGE-S217	0	0	0	0	0	0	0	0	0
NR_151937.1	GIN-41-MGE-S217	0	0	0	0	0	0	0	0	0
NR_151936.1	GIN-41-MGE-S217	0	0	0	0	0	0	0	0	0
NR_151935.1	GIN-41-MGE-S217	0	0	0	0	0	0	0	0	0
NR_151934.1	GIN-41-MGE-S217	0	0	0	0	0	0	0	0	0
NR_151931.1	GIN-41-MGE-S217	0	0	0	0	0	0	0	0	0
NR_151930.1	GIN-41-MGE-S217	0	0	0	0	0	0	0	0	0
NR_151928.1	GIN-41-MGE-S217	0	0	0	0	0	0	0	0	0
NR_151926.1	GIN-41-MGE-S217	0	0	0	0	0	0	0	0	0
NR_151925.1	GIN-41-MGE-S217	0	0	0	0	0	0	0	0	0
NR_151924.1	GIN-41-MGE-S217	0	0	0	0	0	0	0	0	0
NR_151921.1	GIN-41-MGE-S217	0	0	0	0	0	0	0	0	0
NR_151920.1	GIN-41-MGE-S217	0	0	0	0	0	0	0	0	0
NR_151919.1	GIN-41-MGE-S217	0	0	0	0	0	0	0	0	0
NR_151918.1	GIN-41-MGE-S217	0	0	0	0	0	0	0	0	0
NR_151917.1	GIN-41-MGE-S217	0	0	0	0	0	0	0	0	0
NR_151916.1	GIN-41-MGE-S217	0	0	0	0	0	0	0	0	0
NR_151915.1	GIN-41-MGE-S217	0	0	0	0	0	0	0	0	0
NR_151914.1	GIN-41-MGE-S217	0	0	0	0	0	0	0	0	0
NR_151913.1	GIN-41-MGE-S217	0	0	0	0	0	0	0	0	0
NR_151910.1	GIN-41-MGE-S217	0	0	0	0	0	0	0	0	0
NR_151909.1	GIN-41-MGE-S217	0	0	0	0	0	0	0	0	0
NR_151907.1	GIN-41-MGE-S217	0	0	0	0	0	0	0	0	0
NR_151906.1	GIN-41-MGE-S217	0	0	0	0	0	0	0	0	0
NR_151905.1	GIN-41-MGE-S217	0	0	0	0	0	0	0	0	0
NR_151903.1	GIN-41-MGE-S217	0	0	0	0	0	0	0	0	0
NR_151902.1	GIN-41-MGE-S217	0	0	0	0	0	0	0	0	0
NR_151900.1	GIN-41-MGE-S217	0	0	0	0	0	0	0	0	0
NR_151896.1	GIN-41-MGE-S217	0	0	0	0	0	0	0	0	0
NR_151893.1	GIN-41-MGE-S217	0	0	0	0	0	0	0	0	0
NR_151892.1	GIN-41-MGE-S217	0	0	0	0	0	0	0	0	0
NR_151891.1	GIN-41-MGE-S217	0	0	0	0	0	0	0	0	0
NR_151890.1	GIN-41-MGE-S217	0	0	0	0	0	0	0	0	0
NR_151889.1	GIN-41-MGE-S217	0	0	0	0	0	0	0	0	0
NR_151888.1	GIN-41-MGE-S217	0	0	0	0	0	0	0	0	0
NR_151887.1	GIN-41-MGE-S217	0	0	0	0	0	0	0	0	0
NR_151886.1	GIN-41-MGE-S217	0	0	0	0	0	0	0	0	0
NR_151885.1	GIN-41-MGE-S217	0	0	0	0	0	0	0	0	0
NR_151884.1	GIN-41-MGE-S217	0	0	0	0	0	0	0	0	0
NR_151883.1	GIN-41-MGE-S217	0	0	0	0	0	0	0	0	0
NR_151882.1	GIN-41-MGE-S217	0	0	0	0	0	0	0	0	0
NR_151881.1	GIN-41-MGE-S217	0	0	0	0	0	0	0	0	0
NR_151880.1	GIN-41-MGE-S217	0	0	0	0	0	0	0	0	0
NR_151879.1	GIN-41-MGE-S217	0	0	0	0	0	0	0	0	0
NR_151875.1	GIN-41-MGE-S217	0	0	0	0	0	0	0	0	0
NR_151874.1	GIN-41-MGE-S217	0	0	0	0	0	0	0	0	0
NR_151872.1	GIN-41-MGE-S217	0	0	0	0	0	0	0	0	0
NR_151871.1	GIN-41-MGE-S217	0	0	0	0	0	0	0	0	0
NR_151870.1	GIN-41-MGE-S217	0	0	0	0	0	0	0	0	0
NR_151869.1	GIN-41-MGE-S217	0	0	0	0	0	0	0	0	0
NR_151866.1	GIN-41-MGE-S217	0	0	0	0	0	0	0	0	0
NR_151863.1	GIN-41-MGE-S217	0	0	0	0	0	0	0	0	0
NR_151862.1	GIN-41-MGE-S217	0	0	0	0	0	0	0	0	0
NR_151861.1	GIN-41-MGE-S217	0	0	0	0	0	0	0	0	0
NR_109112.1	GIN-41-MGE-S217	0	0	0	0	0	0	0	0	0
NR_108590.1	GIN-41-MGE-S217	0	0	0	0	0	0	0	0	0
NR_108264.1	GIN-41-MGE-S217	0	0	0	0	0	0	0	0	0
NR_137416.2	GIN-41-MGE-S217	0	0	0	0	0	0	0	0	0
NR_103952.2	GIN-41-MGE-S217	0	0	0	0	0	0	0	0	0
NR_074480.2	GIN-41-MGE-S217	0	0	0	0	0	0	0	0	0
NR_074484.2	GIN-41-MGE-S217	0	0	0	0	0	0	0	0	0
NR_074459.2	GIN-41-MGE-S217	0	0	0	0	0	0	0	0	0
NR_074473.2	GIN-41-MGE-S217	0	0	0	0	0	0	0	0	0
NR_074703.2	GIN-41-MGE-S217	0	0	0	0	0	0	0	0	0
NR_074500.2	GIN-41-MGE-S217	0	0	0	0	0	0	0	0	0
NR_074499.2	GIN-41-MGE-S217	0	0	0	0	0	0	0	0	0
NR_074448.2	GIN-41-MGE-S217	0	0	0	0	0	0	0	0	0
NR_044583.2	GIN-41-MGE-S217	0	0	0	0	0	0	0	0	0
NR_042374.2	GIN-41-MGE-S217	0	0	0	0	0	0	0	0	0
NR_075027.2	GIN-41-MGE-S217	0	0	0	0	0	0	0	0	0
NR_102775.2	GIN-41-MGE-S217	0	0	0	0	0	0	0	0	0
NR_134799.2	GIN-41-MGE-S217	0	0	0	0	0	0	0	0	0
NR_115938.2	GIN-41-MGE-S217	0	0	0	0	0	0	0	0	0
NR_126315.2	GIN-41-MGE-S217	0	0	0	0	0	0	0	0	0
NR_126313.2	GIN-41-MGE-S217	0	0	0	0	0	0	0	0	0
NR_132700.2	GIN-41-MGE-S217	0	0	0	0	0	0	0	0	0
NR_136501.2	GIN-41-MGE-S217	0	0	0	0	0	0	0	0	0
NR_146813.2	GIN-41-MGE-S217	0	0	0	0	0	0	0	0	0
NR_146812.2	GIN-41-MGE-S217	0	0	0	0	0	0	0	0	0
NR_146811.2	GIN-41-MGE-S217	0	0	0	0	0	0	0	0	0
NR_146814.2	GIN-41-MGE-S217	0	0	0	0	0	0	0	0	0
NR_102476.2	GIN-41-MGE-S217	0	0	0	0	0	0	0	0	0
NR_121783.2	GIN-41-MGE-S217	0	0	0	0	0	0	0	0	0
NR_029282.2	GIN-41-MGE-S217	0	0	0	0	0	0	0	0	0
NR_036849.2	GIN-41-MGE-S217	0	0	0	0	0	0	0	0	0
NR_037007.2	GIN-41-MGE-S217	0	0	0	0	0	0	0	0	0
NR_037048.2	GIN-41-MGE-S217	0	0	0	0	0	0	0	0	0
NR_074335.2	GIN-41-MGE-S217	0	0	0	0	0	0	0	0	0
NR_074336.2	GIN-41-MGE-S217	0	0	0	0	0	0	0	0	0
NR_074513.2	GIN-41-MGE-S217	0	0	0	0	0	0	0	0	0
NR_074620.2	GIN-41-MGE-S217	0	0	0	0	0	0	0	0	0
NR_074998.2	GIN-41-MGE-S217	0	0	0	0	0	0	0	0	0
NR_075004.2	GIN-41-MGE-S217	0	0	0	0	0	0	0	0	0
NR_075005.2	GIN-41-MGE-S217	0	0	0	0	0	0	0	0	0
NR_075025.2	GIN-41-MGE-S217	0	0	0	0	0	0	0	0	0
NR_075056.2	GIN-41-MGE-S217	0	0	0	0	0	0	0	0	0
NR_102489.2	GIN-41-MGE-S217	0	0	0	0	0	0	0	0	0
NR_102783.2	GIN-41-MGE-S217	0	0	0	0	0	0	0	0	0
NR_103935.2	GIN-41-MGE-S217	0	0	0	0	0	0	0	0	0
NR_112042.2	GIN-41-MGE-S217	0	0	0	0	0	0	0	0	0
NR_112082.2	GIN-41-MGE-S217	0	0	0	0	0	0	0	0	0
NR_112086.2	GIN-41-MGE-S217	0	0	0	0	0	0	0	0	0
NR_114796.2	GIN-41-MGE-S217	0	0	0	0	0	0	0	0	0
NR_115927.2	GIN-41-MGE-S217	0	0	0	0	0	0	0	0	0
NR_116360.2	GIN-41-MGE-S217	0	0	0	0	0	0	0	0	0
NR_116361.2	GIN-41-MGE-S217	0	0	0	0	0	0	0	0	0
NR_118149.2	GIN-41-MGE-S217	0	0	0	0	0	0	0	0	0
NR_118404.2	GIN-41-MGE-S217	0	0	0	0	0	0	0	0	0
NR_118405.2	GIN-41-MGE-S217	0	0	0	0	0	0	0	0	0
NR_118693.2	GIN-41-MGE-S217	0	0	0	0	0	0	0	0	0
NR_121720.2	GIN-41-MGE-S217	0	0	0	0	0	0	0	0	0
NR_134034.2	GIN-41-MGE-S217	0	0	0	0	0	0	0	0	0
NR_134753.2	GIN-41-MGE-S217	0	0	0	0	0	0	0	0	0
NR_109025.2	GIN-41-MGE-S217	0	0	0	0	0	0	0	0	0
NR_137417.2	GIN-41-MGE-S217	0	0	0	0	0	0	0	0	0
NR_136851.2	GIN-41-MGE-S217	0	0	0	0	0	0	0	0	0
NR_136863.2	GIN-41-MGE-S217	0	0	0	0	0	0	0	0	0
NR_145558.2	GIN-41-MGE-S217	0	0	0	0	0	0	0	0	0
NR_136516.2	GIN-41-MGE-S217	0	0	0	0	0	0	0	0	0
NR_136517.2	GIN-41-MGE-S217	0	0	0	0	0	0	0	0	0
NR_145955.2	GIN-41-MGE-S217	0	0	0	0	0	0	0	0	0
NR_145956.2	GIN-41-MGE-S217	0	0	0	0	0	0	0	0	0
NR_145962.2	GIN-41-MGE-S217	0	0	0	0	0	0	0	0	0
NR_146708.2	GIN-41-MGE-S217	0	0	0	0	0	0	0	0	0
NR_146837.2	GIN-41-MGE-S217	0	0	0	0	0	0	0	0	0
NR_147779.2	GIN-41-MGE-S217	0	0	0	0	0	0	0	0	0
NR_149217.2	GIN-41-MGE-S217	0	0	0	0	0	0	0	0	0
NR_043021.2	GIN-41-MGE-S217	0	0	0	0	0	0	0	0	0
NR_149824.1	GIN-41-MGE-S217	0	0	0	0	0	0	0	0	0
NR_149823.1	GIN-41-MGE-S217	0	0	0	0	0	0	0	0	0
NR_149822.1	GIN-41-MGE-S217	0	0	0	0	0	0	0	0	0
NR_149821.1	GIN-41-MGE-S217	0	0	0	0	0	0	0	0	0
NR_149820.1	GIN-41-MGE-S217	0	0	0	0	0	0	0	0	0
NR_149817.1	GIN-41-MGE-S217	0	0	0	0	0	0	0	0	0
NR_149816.1	GIN-41-MGE-S217	0	0	0	0	0	0	0	0	0
NR_149815.1	GIN-41-MGE-S217	0	0	0	0	0	0	0	0	0
NR_149814.1	GIN-41-MGE-S217	0	0	0	0	0	0	0	0	0
NR_149813.1	GIN-41-MGE-S217	0	0	0	0	0	0	0	0	0
NR_149807.1	GIN-41-MGE-S217	0	0	0	0	0	0	0	0	0
NR_149805.1	GIN-41-MGE-S217	0	0	0	0	0	0	0	0	0
NR_149804.1	GIN-41-MGE-S217	0	0	0	0	0	0	0	0	0
NR_149803.1	GIN-41-MGE-S217	0	0	0	0	0	0	0	0	0
NR_149802.1	GIN-41-MGE-S217	0	0	0	0	0	0	0	0	0
NR_149801.1	GIN-41-MGE-S217	0	0	0	0	0	0	0	0	0
NR_149800.1	GIN-41-MGE-S217	0	0	0	0	0	0	0	0	0
NR_149799.1	GIN-41-MGE-S217	0	0	0	0	0	0	0	0	0
NR_149798.1	GIN-41-MGE-S217	0	0	0	0	0	0	0	0	0
NR_149797.1	GIN-41-MGE-S217	0	0	0	0	0	0	0	0	0
NR_149796.1	GIN-41-MGE-S217	0	0	0	0	0	0	0	0	0
NR_149795.1	GIN-41-MGE-S217	0	0	0	0	0	0	0	0	0
NR_149794.1	GIN-41-MGE-S217	0	0	0	0	0	0	0	0	0
NR_149793.1	GIN-41-MGE-S217	0	0	0	0	0	0	0	0	0
NR_149792.1	GIN-41-MGE-S217	0	0	0	0	0	0	0	0	0
NR_149791.1	GIN-41-MGE-S217	0	0	0	0	0	0	0	0	0
NR_149790.1	GIN-41-MGE-S217	0	0	0	0	0	0	0	0	0
NR_149789.1	GIN-41-MGE-S217	0	0	0	0	0	0	0	0	0
NR_149788.1	GIN-41-MGE-S217	0	0	0	0	0	0	0	0	0
NR_149787.1	GIN-41-MGE-S217	0	0	0	0	0	0	0	0	0
NR_149786.1	GIN-41-MGE-S217	0	0	0	0	0	0	0	0	0
NR_149785.1	GIN-41-MGE-S217	0	0	0	0	0	0	0	0	0
NR_149784.1	GIN-41-MGE-S217	0	0	0	0	0	0	0	0	0
NR_149783.1	GIN-41-MGE-S217	0	0	0	0	0	0	0	0	0
NR_149782.1	GIN-41-MGE-S217	0	0	0	0	0	0	0	0	0
NR_149780.1	GIN-41-MGE-S217	0	0	0	0	0	0	0	0	0
NR_149778.1	GIN-41-MGE-S217	0	0	0	0	0	0	0	0	0
NR_149777.1	GIN-41-MGE-S217	0	0	0	0	0	0	0	0	0
NR_149776.1	GIN-41-MGE-S217	0	0	0	0	0	0	0	0	0
NR_149775.1	GIN-41-MGE-S217	0	0	0	0	0	0	0	0	0
NR_149774.1	GIN-41-MGE-S217	0	0	0	0	0	0	0	0	0
NR_149773.1	GIN-41-MGE-S217	0	0	0	0	0	0	0	0	0
NR_149772.1	GIN-41-MGE-S217	0	0	0	0	0	0	0	0	0
NR_149769.1	GIN-41-MGE-S217	0	0	0	0	0	0	0	0	0
NR_149768.1	GIN-41-MGE-S217	0	0	0	0	0	0	0	0	0
NR_149767.1	GIN-41-MGE-S217	0	0	0	0	0	0	0	0	0
NR_149766.1	GIN-41-MGE-S217	0	0	0	0	0	0	0	0	0
NR_149765.1	GIN-41-MGE-S217	0	0	0	0	0	0	0	0	0
NR_149302.1	GIN-41-MGE-S217	0	0	0	0	0	0	0	0	0
NR_149292.1	GIN-41-MGE-S217	0	0	0	0	0	0	0	0	0
NR_149291.1	GIN-41-MGE-S217	0	0	0	0	0	0	0	0	0
NR_149306.1	GIN-41-MGE-S217	0	0	0	0	0	0	0	0	0
NR_149305.1	GIN-41-MGE-S217	0	0	0	0	0	0	0	0	0
NR_149303.1	GIN-41-MGE-S217	0	0	0	0	0	0	0	0	0
NR_149301.1	GIN-41-MGE-S217	0	0	0	0	0	0	0	0	0
NR_149300.1	GIN-41-MGE-S217	0	0	0	0	0	0	0	0	0
NR_149298.1	GIN-41-MGE-S217	0	0	0	0	0	0	0	0	0
NR_149297.1	GIN-41-MGE-S217	0	0	0	0	0	0	0	0	0
NR_149296.1	GIN-41-MGE-S217	0	0	0	0	0	0	0	0	0
NR_149295.1	GIN-41-MGE-S217	0	0	0	0	0	0	0	0	0
NR_149293.1	GIN-41-MGE-S217	0	0	0	0	0	0	0	0	0
NR_149290.1	GIN-41-MGE-S217	0	0	0	0	0	0	0	0	0
NR_149287.1	GIN-41-MGE-S217	0	0	0	0	0	0	0	0	0
NR_149286.1	GIN-41-MGE-S217	0	0	0	0	0	0	0	0	0
NR_149285.1	GIN-41-MGE-S217	0	0	0	0	0	0	0	0	0
NR_149283.1	GIN-41-MGE-S217	0	0	0	0	0	0	0	0	0
NR_149282.1	GIN-41-MGE-S217	0	0	0	0	0	0	0	0	0
NR_149281.1	GIN-41-MGE-S217	0	0	0	0	0	0	0	0	0
NR_149280.1	GIN-41-MGE-S217	0	0	0	0	0	0	0	0	0
NR_149279.1	GIN-41-MGE-S217	0	0	0	0	0	0	0	0	0
NR_149278.1	GIN-41-MGE-S217	0	0	0	0	0	0	0	0	0
NR_149277.1	GIN-41-MGE-S217	0	0	0	0	0	0	0	0	0
NR_149274.1	GIN-41-MGE-S217	0	0	0	0	0	0	0	0	0
NR_149273.1	GIN-41-MGE-S217	0	0	0	0	0	0	0	0	0
NR_149272.1	GIN-41-MGE-S217	0	0	0	0	0	0	0	0	0
NR_149271.1	GIN-41-MGE-S217	0	0	0	0	0	0	0	0	0
NR_149270.1	GIN-41-MGE-S217	0	0	0	0	0	0	0	0	0
NR_149268.1	GIN-41-MGE-S217	0	0	0	0	0	0	0	0	0
NR_149267.1	GIN-41-MGE-S217	0	0	0	0	0	0	0	0	0
NR_149266.1	GIN-41-MGE-S217	0	0	0	0	0	0	0	0	0
NR_149251.1	GIN-41-MGE-S217	0	0	0	0	0	0	0	0	0
NR_149250.1	GIN-41-MGE-S217	0	0	0	0	0	0	0	0	0
NR_149249.1	GIN-41-MGE-S217	0	0	0	0	0	0	0	0	0
NR_149248.1	GIN-41-MGE-S217	0	0	0	0	0	0	0	0	0
NR_149247.1	GIN-41-MGE-S217	0	0	0	0	0	0	0	0	0
NR_149246.1	GIN-41-MGE-S217	0	0	0	0	0	0	0	0	0
NR_149245.1	GIN-41-MGE-S217	0	0	0	0	0	0	0	0	0
NR_149244.1	GIN-41-MGE-S217	0	0	0	0	0	0	0	0	0
NR_149243.1	GIN-41-MGE-S217	0	0	0	0	0	0	0	0	0
NR_149242.1	GIN-41-MGE-S217	0	0	0	0	0	0	0	0	0
NR_149241.1	GIN-41-MGE-S217	0	0	0	0	0	0	0	0	0
NR_149240.1	GIN-41-MGE-S217	0	0	0	0	0	0	0	0	0
NR_149239.1	GIN-41-MGE-S217	0	0	0	0	0	0	0	0	0
NR_149238.1	GIN-41-MGE-S217	0	0	0	0	0	0	0	0	0
NR_149237.1	GIN-41-MGE-S217	0	0	0	0	0	0	0	0	0
NR_149236.1	GIN-41-MGE-S217	0	0	0	0	0	0	0	0	0
NR_149234.1	GIN-41-MGE-S217	0	0	0	0	0	0	0	0	0
NR_149233.1	GIN-41-MGE-S217	0	0	0	0	0	0	0	0	0
NR_149232.1	GIN-41-MGE-S217	0	0	0	0	0	0	0	0	0
NR_149231.1	GIN-41-MGE-S217	0	0	0	0	0	0	0	0	0
NR_149230.1	GIN-41-MGE-S217	0	0	0	0	0	0	0	0	0
NR_149229.1	GIN-41-MGE-S217	0	0	0	0	0	0	0	0	0
NR_149228.1	GIN-41-MGE-S217	0	0	0	0	0	0	0	0	0
NR_149226.1	GIN-41-MGE-S217	0	0	0	0	0	0	0	0	0
NR_149225.1	GIN-41-MGE-S217	0	0	0	0	0	0	0	0	0
NR_149224.1	GIN-41-MGE-S217	0	0	0	0	0	0	0	0	0
NR_149223.1	GIN-41-MGE-S217	0	0	0	0	0	0	0	0	0
NR_149221.1	GIN-41-MGE-S217	0	0	0	0	0	0	0	0	0
NR_149220.1	GIN-41-MGE-S217	0	0	0	0	0	0	0	0	0
NR_149219.1	GIN-41-MGE-S217	0	0	0	0	0	0	0	0	0
NR_149218.1	GIN-41-MGE-S217	0	0	0	0	0	0	0	0	0
NR_149216.1	GIN-41-MGE-S217	0	0	0	0	0	0	0	0	0
NR_149215.1	GIN-41-MGE-S217	0	0	0	0	0	0	0	0	0
NR_149214.1	GIN-41-MGE-S217	0	0	0	0	0	0	0	0	0
NR_149212.1	GIN-41-MGE-S217	0	0	0	0	0	0	0	0	0
NR_149208.1	GIN-41-MGE-S217	0	0	0	0	0	0	0	0	0
NR_149207.1	GIN-41-MGE-S217	0	0	0	0	0	0	0	0	0
NR_149205.1	GIN-41-MGE-S217	0	0	0	0	0	0	0	0	0
NR_149204.1	GIN-41-MGE-S217	0	0	0	0	0	0	0	0	0
NR_149203.1	GIN-41-MGE-S217	0	0	0	0	0	0	0	0	0
NR_149202.1	GIN-41-MGE-S217	0	0	0	0	0	0	0	0	0
NR_149201.1	GIN-41-MGE-S217	0	0	0	0	0	0	0	0	0
NR_149199.1	GIN-41-MGE-S217	0	0	0	0	0	0	0	0	0
NR_149198.1	GIN-41-MGE-S217	0	0	0	0	0	0	0	0	0
NR_149196.1	GIN-41-MGE-S217	0	0	0	0	0	0	0	0	0
NR_149195.1	GIN-41-MGE-S217	0	0	0	0	0	0	0	0	0
NR_149194.1	GIN-41-MGE-S217	0	0	0	0	0	0	0	0	0
NR_149193.1	GIN-41-MGE-S217	0	0	0	0	0	0	0	0	0
NR_149192.1	GIN-41-MGE-S217	0	0	0	0	0	0	0	0	0
NR_149191.1	GIN-41-MGE-S217	0	0	0	0	0	0	0	0	0
NR_149189.1	GIN-41-MGE-S217	0	0	0	0	0	0	0	0	0
NR_149188.1	GIN-41-MGE-S217	0	0	0	0	0	0	0	0	0
NR_149187.1	GIN-41-MGE-S217	0	0	0	0	0	0	0	0	0
NR_149185.1	GIN-41-MGE-S217	0	0	0	0	0	0	0	0	0
NR_149184.1	GIN-41-MGE-S217	0	0	0	0	0	0	0	0	0
NR_149183.1	GIN-41-MGE-S217	0	0	0	0	0	0	0	0	0
NR_149182.1	GIN-41-MGE-S217	0	0	0	0	0	0	0	0	0
NR_149181.1	GIN-41-MGE-S217	0	0	0	0	0	0	0	0	0
NR_149180.1	GIN-41-MGE-S217	0	0	0	0	0	0	0	0	0
NR_149179.1	GIN-41-MGE-S217	0	0	0	0	0	0	0	0	0
NR_149178.1	GIN-41-MGE-S217	0	0	0	0	0	0	0	0	0
NR_149176.1	GIN-41-MGE-S217	0	0	0	0	0	0	0	0	0
NR_149175.1	GIN-41-MGE-S217	0	0	0	0	0	0	0	0	0
NR_149174.1	GIN-41-MGE-S217	0	0	0	0	0	0	0	0	0
NR_149173.1	GIN-41-MGE-S217	0	0	0	0	0	0	0	0	0
NR_149172.1	GIN-41-MGE-S217	0	0	0	0	0	0	0	0	0
NR_149171.1	GIN-41-MGE-S217	0	0	0	0	0	0	0	0	0
NR_108597.1	GIN-41-MGE-S217	0	0	0	0	0	0	0	0	0
NR_108583.1	GIN-41-MGE-S217	0	0	0	0	0	0	0	0	0
NR_043937.2	GIN-41-MGE-S217	0	0	0	0	0	0	0	0	0
NR_114970.2	GIN-41-MGE-S217	0	0	0	0	0	0	0	0	0
NR_042754.2	GIN-41-MGE-S217	0	0	0	0	0	0	0	0	0
NR_043291.2	GIN-41-MGE-S217	0	0	0	0	0	0	0	0	0
NR_043208.2	GIN-41-MGE-S217	0	0	0	0	0	0	0	0	0
NR_145944.2	GIN-41-MGE-S217	0	0	0	0	0	0	0	0	0
NR_144695.2	GIN-41-MGE-S217	0	0	0	0	0	0	0	0	0
NR_148865.1	GIN-41-MGE-S217	0	0	0	0	0	0	0	0	0
NR_148864.1	GIN-41-MGE-S217	0	0	0	0	0	0	0	0	0
NR_148863.1	GIN-41-MGE-S217	0	0	0	0	0	0	0	0	0
NR_148862.1	GIN-41-MGE-S217	0	0	0	0	0	0	0	0	0
NR_148861.1	GIN-41-MGE-S217	0	0	0	0	0	0	0	0	0
NR_148860.1	GIN-41-MGE-S217	0	0	0	0	0	0	0	0	0
NR_148859.1	GIN-41-MGE-S217	0	0	0	0	0	0	0	0	0
NR_148858.1	GIN-41-MGE-S217	0	0	0	0	0	0	0	0	0
NR_148857.1	GIN-41-MGE-S217	0	0	0	0	0	0	0	0	0
NR_148856.1	GIN-41-MGE-S217	0	0	0	0	0	0	0	0	0
NR_148853.1	GIN-41-MGE-S217	0	0	0	0	0	0	0	0	0
NR_148852.1	GIN-41-MGE-S217	0	0	0	0	0	0	0	0	0
NR_148851.1	GIN-41-MGE-S217	0	0	0	0	0	0	0	0	0
NR_148850.1	GIN-41-MGE-S217	0	0	0	0	0	0	0	0	0
NR_148849.1	GIN-41-MGE-S217	0	0	0	0	0	0	0	0	0
NR_148848.1	GIN-41-MGE-S217	0	0	0	0	0	0	0	0	0
NR_148844.1	GIN-41-MGE-S217	0	0	0	0	0	0	0	0	0
NR_148843.1	GIN-41-MGE-S217	0	0	0	0	0	0	0	0	0
NR_148841.1	GIN-41-MGE-S217	0	0	0	0	0	0	0	0	0
NR_148840.1	GIN-41-MGE-S217	0	0	0	0	0	0	0	0	0
NR_148839.1	GIN-41-MGE-S217	0	0	0	0	0	0	0	0	0
NR_148838.1	GIN-41-MGE-S217	0	0	0	0	0	0	0	0	0
NR_148837.1	GIN-41-MGE-S217	0	0	0	0	0	0	0	0	0
NR_148836.1	GIN-41-MGE-S217	0	0	0	0	0	0	0	0	0
NR_148835.1	GIN-41-MGE-S217	0	0	0	0	0	0	0	0	0
NR_148834.1	GIN-41-MGE-S217	0	0	0	0	0	0	0	0	0
NR_148833.1	GIN-41-MGE-S217	0	0	0	0	0	0	0	0	0
NR_148832.1	GIN-41-MGE-S217	0	0	0	0	0	0	0	0	0
NR_148831.1	GIN-41-MGE-S217	0	0	0	0	0	0	0	0	0
NR_148830.1	GIN-41-MGE-S217	0	0	0	0	0	0	0	0	0
NR_148829.1	GIN-41-MGE-S217	0	0	0	0	0	0	0	0	0
NR_148828.1	GIN-41-MGE-S217	0	0	0	0	0	0	0	0	0
NR_148826.1	GIN-41-MGE-S217	0	0	0	0	0	0	0	0	0
NR_148825.1	GIN-41-MGE-S217	0	0	0	0	0	0	0	0	0
NR_148823.1	GIN-41-MGE-S217	0	0	0	0	0	0	0	0	0
NR_148822.1	GIN-41-MGE-S217	0	0	0	0	0	0	0	0	0
NR_148821.1	GIN-41-MGE-S217	0	0	0	0	0	0	0	0	0
NR_148820.1	GIN-41-MGE-S217	0	0	0	0	0	0	0	0	0
NR_148819.1	GIN-41-MGE-S217	0	0	0	0	0	0	0	0	0
NR_148818.1	GIN-41-MGE-S217	0	0	0	0	0	0	0	0	0
NR_148817.1	GIN-41-MGE-S217	0	0	0	0	0	0	0	0	0
NR_148816.1	GIN-41-MGE-S217	0	0	0	0	0	0	0	0	0
NR_148815.1	GIN-41-MGE-S217	0	0	0	0	0	0	0	0	0
NR_148814.1	GIN-41-MGE-S217	0	0	0	0	0	0	0	0	0
NR_148813.1	GIN-41-MGE-S217	0	0	0	0	0	0	0	0	0
NR_148811.1	GIN-41-MGE-S217	0	0	0	0	0	0	0	0	0
NR_148809.1	GIN-41-MGE-S217	0	0	0	0	0	0	0	0	0
NR_148808.1	GIN-41-MGE-S217	0	0	0	0	0	0	0	0	0
NR_148807.1	GIN-41-MGE-S217	0	0	0	0	0	0	0	0	0
NR_148806.1	GIN-41-MGE-S217	0	0	0	0	0	0	0	0	0
NR_148805.1	GIN-41-MGE-S217	0	0	0	0	0	0	0	0	0
NR_148804.1	GIN-41-MGE-S217	0	0	0	0	0	0	0	0	0
NR_148803.1	GIN-41-MGE-S217	0	0	0	0	0	0	0	0	0
NR_148802.1	GIN-41-MGE-S217	0	0	0	0	0	0	0	0	0
NR_148800.1	GIN-41-MGE-S217	0	0	0	0	0	0	0	0	0
NR_148799.1	GIN-41-MGE-S217	0	0	0	0	0	0	0	0	0
NR_148798.1	GIN-41-MGE-S217	0	0	0	0	0	0	0	0	0
NR_148797.1	GIN-41-MGE-S217	0	0	0	0	0	0	0	0	0
NR_148796.1	GIN-41-MGE-S217	0	0	0	0	0	0	0	0	0
NR_148795.1	GIN-41-MGE-S217	0	0	0	0	0	0	0	0	0
NR_148794.1	GIN-41-MGE-S217	0	0	0	0	0	0	0	0	0
NR_148793.1	GIN-41-MGE-S217	0	0	0	0	0	0	0	0	0
NR_148792.1	GIN-41-MGE-S217	0	0	0	0	0	0	0	0	0
NR_148791.1	GIN-41-MGE-S217	0	0	0	0	0	0	0	0	0
NR_148789.1	GIN-41-MGE-S217	0	0	0	0	0	0	0	0	0
NR_148788.1	GIN-41-MGE-S217	0	0	0	0	0	0	0	0	0
NR_148785.1	GIN-41-MGE-S217	0	0	0	0	0	0	0	0	0
NR_148784.1	GIN-41-MGE-S217	0	0	0	0	0	0	0	0	0
NR_148783.1	GIN-41-MGE-S217	0	0	0	0	0	0	0	0	0
NR_148782.1	GIN-41-MGE-S217	0	0	0	0	0	0	0	0	0
NR_148781.1	GIN-41-MGE-S217	0	0	0	0	0	0	0	0	0
NR_148780.1	GIN-41-MGE-S217	0	0	0	0	0	0	0	0	0
NR_148779.1	GIN-41-MGE-S217	0	0	0	0	0	0	0	0	0
NR_148777.1	GIN-41-MGE-S217	0	0	0	0	0	0	0	0	0
NR_148776.1	GIN-41-MGE-S217	0	0	0	0	0	0	0	0	0
NR_148775.1	GIN-41-MGE-S217	0	0	0	0	0	0	0	0	0
NR_148774.1	GIN-41-MGE-S217	0	0	0	0	0	0	0	0	0
NR_148773.1	GIN-41-MGE-S217	0	0	0	0	0	0	0	0	0
NR_148772.1	GIN-41-MGE-S217	0	0	0	0	0	0	0	0	0
NR_148771.1	GIN-41-MGE-S217	0	0	0	0	0	0	0	0	0
NR_148770.1	GIN-41-MGE-S217	0	0	0	0	0	0	0	0	0
NR_148769.1	GIN-41-MGE-S217	0	0	0	0	0	0	0	0	0
NR_148766.1	GIN-41-MGE-S217	0	0	0	0	0	0	0	0	0
NR_148765.1	GIN-41-MGE-S217	0	0	0	0	0	0	0	0	0
NR_148762.1	GIN-41-MGE-S217	0	0	0	0	0	0	0	0	0
NR_148761.1	GIN-41-MGE-S217	0	0	0	0	0	0	0	0	0
NR_148760.1	GIN-41-MGE-S217	0	0	0	0	0	0	0	0	0
NR_148757.1	GIN-41-MGE-S217	0	0	0	0	0	0	0	0	0
NR_148756.1	GIN-41-MGE-S217	0	0	0	0	0	0	0	0	0
NR_148755.1	GIN-41-MGE-S217	0	0	0	0	0	0	0	0	0
NR_148754.1	GIN-41-MGE-S217	0	0	0	0	0	0	0	0	0
NR_148753.1	GIN-41-MGE-S217	0	0	0	0	0	0	0	0	0
NR_148752.1	GIN-41-MGE-S217	0	0	0	0	0	0	0	0	0
NR_109123.1	GIN-41-MGE-S217	0	0	0	0	0	0	0	0	0
NR_148604.2	GIN-41-MGE-S217	0	0	0	0	0	0	0	0	0
NR_148611.2	GIN-41-MGE-S217	0	0	0	0	0	0	0	0	0
NR_148571.2	GIN-41-MGE-S217	0	0	0	0	0	0	0	0	0
NR_148665.1	GIN-41-MGE-S217	0	0	0	0	0	0	0	0	0
NR_148664.1	GIN-41-MGE-S217	0	0	0	0	0	0	0	0	0
NR_148663.1	GIN-41-MGE-S217	0	0	0	0	0	0	0	0	0
NR_148661.1	GIN-41-MGE-S217	0	0	0	0	0	0	0	0	0
NR_148660.1	GIN-41-MGE-S217	0	0	0	0	0	0	0	0	0
NR_148659.1	GIN-41-MGE-S217	0	0	0	0	0	0	0	0	0
NR_148658.1	GIN-41-MGE-S217	0	0	0	0	0	0	0	0	0
NR_148656.1	GIN-41-MGE-S217	0	0	0	0	0	0	0	0	0
NR_148655.1	GIN-41-MGE-S217	0	0	0	0	0	0	0	0	0
NR_148654.1	GIN-41-MGE-S217	0	0	0	0	0	0	0	0	0
NR_148652.1	GIN-41-MGE-S217	0	0	0	0	0	0	0	0	0
NR_148651.1	GIN-41-MGE-S217	0	0	0	0	0	0	0	0	0
NR_148650.1	GIN-41-MGE-S217	0	0	0	0	0	0	0	0	0
NR_148649.1	GIN-41-MGE-S217	0	0	0	0	0	0	0	0	0
NR_148646.1	GIN-41-MGE-S217	0	0	0	0	0	0	0	0	0
NR_148645.1	GIN-41-MGE-S217	0	0	0	0	0	0	0	0	0
NR_148644.1	GIN-41-MGE-S217	0	0	0	0	0	0	0	0	0
NR_148643.1	GIN-41-MGE-S217	0	0	0	0	0	0	0	0	0
NR_148642.1	GIN-41-MGE-S217	0	0	0	0	0	0	0	0	0
NR_148635.1	GIN-41-MGE-S217	0	0	0	0	0	0	0	0	0
NR_148634.1	GIN-41-MGE-S217	0	0	0	0	0	0	0	0	0
NR_148633.1	GIN-41-MGE-S217	0	0	0	0	0	0	0	0	0
NR_148632.1	GIN-41-MGE-S217	0	0	0	0	0	0	0	0	0
NR_148629.1	GIN-41-MGE-S217	0	0	0	0	0	0	0	0	0
NR_148625.1	GIN-41-MGE-S217	0	0	0	0	0	0	0	0	0
NR_148624.1	GIN-41-MGE-S217	0	0	0	0	0	0	0	0	0
NR_148623.1	GIN-41-MGE-S217	0	0	0	0	0	0	0	0	0
NR_148622.1	GIN-41-MGE-S217	0	0	0	0	0	0	0	0	0
NR_148620.1	GIN-41-MGE-S217	0	0	0	0	0	0	0	0	0
NR_148618.1	GIN-41-MGE-S217	0	0	0	0	0	0	0	0	0
NR_148617.1	GIN-41-MGE-S217	0	0	0	0	0	0	0	0	0
NR_148616.1	GIN-41-MGE-S217	0	0	0	0	0	0	0	0	0
NR_148615.1	GIN-41-MGE-S217	0	0	0	0	0	0	0	0	0
NR_148614.1	GIN-41-MGE-S217	0	0	0	0	0	0	0	0	0
NR_148613.1	GIN-41-MGE-S217	0	0	0	0	0	0	0	0	0
NR_148610.1	GIN-41-MGE-S217	0	0	0	0	0	0	0	0	0
NR_148609.1	GIN-41-MGE-S217	0	0	0	0	0	0	0	0	0
NR_148606.1	GIN-41-MGE-S217	0	0	0	0	0	0	0	0	0
NR_148605.1	GIN-41-MGE-S217	0	0	0	0	0	0	0	0	0
NR_148603.1	GIN-41-MGE-S217	0	0	0	0	0	0	0	0	0
NR_148602.1	GIN-41-MGE-S217	0	0	0	0	0	0	0	0	0
NR_148601.1	GIN-41-MGE-S217	0	0	0	0	0	0	0	0	0
NR_148598.1	GIN-41-MGE-S217	0	0	0	0	0	0	0	0	0
NR_148596.1	GIN-41-MGE-S217	0	0	0	0	0	0	0	0	0
NR_148595.1	GIN-41-MGE-S217	0	0	0	0	0	0	0	0	0
NR_148594.1	GIN-41-MGE-S217	0	0	0	0	0	0	0	0	0
NR_148593.1	GIN-41-MGE-S217	0	0	0	0	0	0	0	0	0
NR_148592.1	GIN-41-MGE-S217	0	0	0	0	0	0	0	0	0
NR_148591.1	GIN-41-MGE-S217	0	0	0	0	0	0	0	0	0
NR_148590.1	GIN-41-MGE-S217	0	0	0	0	0	0	0	0	0
NR_148589.1	GIN-41-MGE-S217	1	1	0	0	0	0	0	0	0
NR_148588.1	GIN-41-MGE-S217	0	0	0	0	0	0	0	0	0
NR_148587.1	GIN-41-MGE-S217	0	0	0	0	0	0	0	0	0
NR_148585.1	GIN-41-MGE-S217	0	0	0	0	0	0	0	0	0
NR_148584.1	GIN-41-MGE-S217	0	0	0	0	0	0	0	0	0
NR_148583.1	GIN-41-MGE-S217	0	0	0	0	0	0	0	0	0
NR_148582.1	GIN-41-MGE-S217	0	0	0	0	0	0	0	0	0
NR_148581.1	GIN-41-MGE-S217	0	0	0	0	0	0	0	0	0
NR_148580.1	GIN-41-MGE-S217	0	0	0	0	0	0	0	0	0
NR_148579.1	GIN-41-MGE-S217	0	0	0	0	0	0	0	0	0
NR_148577.1	GIN-41-MGE-S217	0	0	0	0	0	0	0	0	0
NR_148576.1	GIN-41-MGE-S217	0	0	0	0	0	0	0	0	0
NR_148574.1	GIN-41-MGE-S217	0	0	0	0	0	0	0	0	0
NR_148573.1	GIN-41-MGE-S217	0	0	0	0	0	0	0	0	0
NR_148570.1	GIN-41-MGE-S217	0	0	0	0	0	0	0	0	0
NR_148569.1	GIN-41-MGE-S217	0	0	0	0	0	0	0	0	0
NR_148568.1	GIN-41-MGE-S217	0	0	0	0	0	0	0	0	0
NR_148567.1	GIN-41-MGE-S217	0	0	0	0	0	0	0	0	0
NR_148566.1	GIN-41-MGE-S217	0	0	0	0	0	0	0	0	0
NR_148332.1	GIN-41-MGE-S217	0	0	0	0	0	0	0	0	0
NR_148330.1	GIN-41-MGE-S217	0	0	0	0	0	0	0	0	0
NR_148329.1	GIN-41-MGE-S217	0	0	0	0	0	0	0	0	0
NR_148328.1	GIN-41-MGE-S217	0	0	0	0	0	0	0	0	0
NR_148327.1	GIN-41-MGE-S217	0	0	0	0	0	0	0	0	0
NR_148326.1	GIN-41-MGE-S217	0	0	0	0	0	0	0	0	0
NR_148324.1	GIN-41-MGE-S217	0	0	0	0	0	0	0	0	0
NR_148323.1	GIN-41-MGE-S217	0	0	0	0	0	0	0	0	0
NR_148322.1	GIN-41-MGE-S217	0	0	0	0	0	0	0	0	0
NR_148321.1	GIN-41-MGE-S217	0	0	0	0	0	0	0	0	0
NR_148320.1	GIN-41-MGE-S217	0	0	0	0	0	0	0	0	0
NR_148318.1	GIN-41-MGE-S217	0	0	0	0	0	0	0	0	0
NR_148316.1	GIN-41-MGE-S217	0	0	0	0	0	0	0	0	0
NR_148315.1	GIN-41-MGE-S217	0	0	0	0	0	0	0	0	0
NR_148314.1	GIN-41-MGE-S217	0	0	0	0	0	0	0	0	0
NR_148313.1	GIN-41-MGE-S217	0	0	0	0	0	0	0	0	0
NR_148312.1	GIN-41-MGE-S217	0	0	0	0	0	0	0	0	0
NR_148311.1	GIN-41-MGE-S217	0	0	0	0	0	0	0	0	0
NR_148310.1	GIN-41-MGE-S217	0	0	0	0	0	0	0	0	0
NR_148309.1	GIN-41-MGE-S217	0	0	0	0	0	0	0	0	0
NR_148307.1	GIN-41-MGE-S217	0	0	0	0	0	0	0	0	0
NR_148306.1	GIN-41-MGE-S217	0	0	0	0	0	0	0	0	0
NR_148305.1	GIN-41-MGE-S217	0	0	0	0	0	0	0	0	0
NR_148304.1	GIN-41-MGE-S217	0	0	0	0	0	0	0	0	0
NR_148303.1	GIN-41-MGE-S217	0	0	0	0	0	0	0	0	0
NR_148302.1	GIN-41-MGE-S217	0	0	0	0	0	0	0	0	0
NR_148301.1	GIN-41-MGE-S217	0	0	0	0	0	0	0	0	0
NR_148300.1	GIN-41-MGE-S217	0	0	0	0	0	0	0	0	0
NR_148299.1	GIN-41-MGE-S217	0	0	0	0	0	0	0	0	0
NR_148296.1	GIN-41-MGE-S217	0	0	0	0	0	0	0	0	0
NR_148295.1	GIN-41-MGE-S217	0	0	0	0	0	0	0	0	0
NR_148294.1	GIN-41-MGE-S217	0	0	0	0	0	0	0	0	0
NR_148293.1	GIN-41-MGE-S217	0	0	0	0	0	0	0	0	0
NR_148291.1	GIN-41-MGE-S217	0	0	0	0	0	0	0	0	0
NR_148288.1	GIN-41-MGE-S217	0	0	0	0	0	0	0	0	0
NR_148286.1	GIN-41-MGE-S217	0	0	0	0	0	0	0	0	0
NR_148285.1	GIN-41-MGE-S217	0	0	0	0	0	0	0	0	0
NR_148284.1	GIN-41-MGE-S217	0	0	0	0	0	0	0	0	0
NR_148283.1	GIN-41-MGE-S217	0	0	0	0	0	0	0	0	0
NR_148282.1	GIN-41-MGE-S217	0	0	0	0	0	0	0	0	0
NR_148281.1	GIN-41-MGE-S217	0	0	0	0	0	0	0	0	0
NR_148280.1	GIN-41-MGE-S217	0	0	0	0	0	0	0	0	0
NR_148279.1	GIN-41-MGE-S217	0	0	0	0	0	0	0	0	0
NR_148277.1	GIN-41-MGE-S217	0	0	0	0	0	0	0	0	0
NR_148274.1	GIN-41-MGE-S217	0	0	0	0	0	0	0	0	0
NR_148273.1	GIN-41-MGE-S217	0	0	0	0	0	0	0	0	0
NR_148272.1	GIN-41-MGE-S217	0	0	0	0	0	0	0	0	0
NR_148271.1	GIN-41-MGE-S217	0	0	0	0	0	0	0	0	0
NR_148270.1	GIN-41-MGE-S217	0	0	0	0	0	0	0	0	0
NR_148266.1	GIN-41-MGE-S217	0	0	0	0	0	0	0	0	0
NR_148265.1	GIN-41-MGE-S217	0	0	0	0	0	0	0	0	0
NR_148264.1	GIN-41-MGE-S217	0	0	0	0	0	0	0	0	0
NR_148262.1	GIN-41-MGE-S217	0	0	0	0	0	0	0	0	0
NR_148260.1	GIN-41-MGE-S217	0	0	0	0	0	0	0	0	0
NR_148259.1	GIN-41-MGE-S217	0	0	0	0	0	0	0	0	0
NR_148258.1	GIN-41-MGE-S217	0	0	0	0	0	0	0	0	0
NR_148257.1	GIN-41-MGE-S217	0	0	0	0	0	0	0	0	0
NR_148255.1	GIN-41-MGE-S217	0	0	0	0	0	0	0	0	0
NR_148253.1	GIN-41-MGE-S217	0	0	0	0	0	0	0	0	0
NR_148251.1	GIN-41-MGE-S217	0	0	0	0	0	0	0	0	0
NR_148248.1	GIN-41-MGE-S217	0	0	0	0	0	0	0	0	0
NR_148246.1	GIN-41-MGE-S217	0	0	0	0	0	0	0	0	0
NR_148243.1	GIN-41-MGE-S217	0	0	0	0	0	0	0	0	0
NR_147783.1	GIN-41-MGE-S217	0	0	0	0	0	0	0	0	0
NR_147782.1	GIN-41-MGE-S217	0	0	0	0	0	0	0	0	0
NR_147781.1	GIN-41-MGE-S217	0	0	0	0	0	0	0	0	0
NR_147780.1	GIN-41-MGE-S217	0	0	0	0	0	0	0	0	0
NR_147778.1	GIN-41-MGE-S217	0	0	0	0	0	0	0	0	0
NR_147777.1	GIN-41-MGE-S217	0	0	0	0	0	0	0	0	0
NR_147776.1	GIN-41-MGE-S217	0	0	0	0	0	0	0	0	0
NR_147774.1	GIN-41-MGE-S217	0	0	0	0	0	0	0	0	0
NR_147773.1	GIN-41-MGE-S217	0	0	0	0	0	0	0	0	0
NR_147772.1	GIN-41-MGE-S217	0	0	0	0	0	0	0	0	0
NR_147771.1	GIN-41-MGE-S217	0	0	0	0	0	0	0	0	0
NR_147770.1	GIN-41-MGE-S217	0	0	0	0	0	0	0	0	0
NR_147769.1	GIN-41-MGE-S217	0	0	0	0	0	0	0	0	0
NR_147768.1	GIN-41-MGE-S217	0	0	0	0	0	0	0	0	0
NR_147767.1	GIN-41-MGE-S217	0	0	0	0	0	0	0	0	0
NR_147766.1	GIN-41-MGE-S217	0	0	0	0	0	0	0	0	0
NR_147765.1	GIN-41-MGE-S217	0	0	0	0	0	0	0	0	0
NR_147764.1	GIN-41-MGE-S217	0	0	0	0	0	0	0	0	0
NR_147763.1	GIN-41-MGE-S217	0	0	0	0	0	0	0	0	0
NR_147762.1	GIN-41-MGE-S217	0	0	0	0	0	0	0	0	0
NR_147761.1	GIN-41-MGE-S217	0	0	0	0	0	0	0	0	0
NR_147760.1	GIN-41-MGE-S217	0	0	0	0	0	0	0	0	0
NR_147759.1	GIN-41-MGE-S217	0	0	0	0	0	0	0	0	0
NR_147758.1	GIN-41-MGE-S217	0	0	0	0	0	0	0	0	0
NR_147757.1	GIN-41-MGE-S217	0	0	0	0	0	0	0	0	0
NR_147756.1	GIN-41-MGE-S217	0	0	0	0	0	0	0	0	0
NR_147755.1	GIN-41-MGE-S217	0	0	0	0	0	0	0	0	0
NR_147754.1	GIN-41-MGE-S217	0	0	0	0	0	0	0	0	0
NR_147753.1	GIN-41-MGE-S217	0	0	0	0	0	0	0	0	0
NR_147752.1	GIN-41-MGE-S217	0	0	0	0	0	0	0	0	0
NR_147750.1	GIN-41-MGE-S217	0	0	0	0	0	0	0	0	0
NR_147749.1	GIN-41-MGE-S217	0	0	0	0	0	0	0	0	0
NR_147748.1	GIN-41-MGE-S217	0	0	0	0	0	0	0	0	0
NR_147747.1	GIN-41-MGE-S217	0	0	0	0	0	0	0	0	0
NR_147746.1	GIN-41-MGE-S217	0	0	0	0	0	0	0	0	0
NR_147745.1	GIN-41-MGE-S217	0	0	0	0	0	0	0	0	0
NR_147744.1	GIN-41-MGE-S217	0	0	0	0	0	0	0	0	0
NR_147743.1	GIN-41-MGE-S217	0	0	0	0	0	0	0	0	0
NR_147742.1	GIN-41-MGE-S217	0	0	0	0	0	0	0	0	0
NR_147741.1	GIN-41-MGE-S217	0	0	0	0	0	0	0	0	0
NR_147739.1	GIN-41-MGE-S217	0	0	0	0	0	0	0	0	0
NR_147738.1	GIN-41-MGE-S217	0	0	0	0	0	0	0	0	0
NR_147737.1	GIN-41-MGE-S217	0	0	0	0	0	0	0	0	0
NR_147736.1	GIN-41-MGE-S217	0	0	0	0	0	0	0	0	0
NR_147735.1	GIN-41-MGE-S217	0	0	0	0	0	0	0	0	0
NR_147733.1	GIN-41-MGE-S217	0	0	0	0	0	0	0	0	0
NR_147732.1	GIN-41-MGE-S217	0	0	0	0	0	0	0	0	0
NR_147731.1	GIN-41-MGE-S217	0	0	0	0	0	0	0	0	0
NR_147730.1	GIN-41-MGE-S217	0	0	0	0	0	0	0	0	0
NR_147729.1	GIN-41-MGE-S217	0	0	0	0	0	0	0	0	0
NR_147728.1	GIN-41-MGE-S217	0	0	0	0	0	0	0	0	0
NR_147727.1	GIN-41-MGE-S217	0	0	0	0	0	0	0	0	0
NR_147726.1	GIN-41-MGE-S217	0	0	0	0	0	0	0	0	0
NR_147725.1	GIN-41-MGE-S217	0	0	0	0	0	0	0	0	0
NR_147724.1	GIN-41-MGE-S217	0	0	0	0	0	0	0	0	0
NR_147723.1	GIN-41-MGE-S217	0	0	0	0	0	0	0	0	0
NR_147722.1	GIN-41-MGE-S217	0	0	0	0	0	0	0	0	0
NR_147721.1	GIN-41-MGE-S217	0	0	0	0	0	0	0	0	0
NR_147720.1	GIN-41-MGE-S217	0	0	0	0	0	0	0	0	0
NR_147719.1	GIN-41-MGE-S217	0	0	0	0	0	0	0	0	0
NR_147718.1	GIN-41-MGE-S217	0	0	0	0	0	0	0	0	0
NR_147717.1	GIN-41-MGE-S217	0	0	0	0	0	0	0	0	0
NR_147716.1	GIN-41-MGE-S217	0	0	0	0	0	0	0	0	0
NR_147713.1	GIN-41-MGE-S217	0	0	0	0	0	0	0	0	0
NR_147712.1	GIN-41-MGE-S217	0	0	0	0	0	0	0	0	0
NR_147406.1	GIN-41-MGE-S217	0	0	0	0	0	0	0	0	0
NR_147405.1	GIN-41-MGE-S217	0	0	0	0	0	0	0	0	0
NR_147404.1	GIN-41-MGE-S217	1	1	0	0	0	0	0	0	0
NR_147403.1	GIN-41-MGE-S217	0	0	0	0	0	0	0	0	0
NR_147401.1	GIN-41-MGE-S217	0	0	0	0	0	0	0	0	0
NR_147400.1	GIN-41-MGE-S217	0	0	0	0	0	0	0	0	0
NR_147399.1	GIN-41-MGE-S217	0	0	0	0	0	0	0	0	0
NR_147398.1	GIN-41-MGE-S217	0	0	0	0	0	0	0	0	0
NR_147397.1	GIN-41-MGE-S217	0	0	0	0	0	0	0	0	0
NR_147395.1	GIN-41-MGE-S217	0	0	0	0	0	0	0	0	0
NR_147394.1	GIN-41-MGE-S217	0	0	0	0	0	0	0	0	0
NR_147393.1	GIN-41-MGE-S217	0	0	0	0	0	0	0	0	0
NR_147392.1	GIN-41-MGE-S217	0	0	0	0	0	0	0	0	0
NR_147391.1	GIN-41-MGE-S217	0	0	0	0	0	0	0	0	0
NR_147390.1	GIN-41-MGE-S217	0	0	0	0	0	0	0	0	0
NR_147389.1	GIN-41-MGE-S217	0	0	0	0	0	0	0	0	0
NR_147388.1	GIN-41-MGE-S217	0	0	0	0	0	0	0	0	0
NR_147387.1	GIN-41-MGE-S217	0	0	0	0	0	0	0	0	0
NR_147386.1	GIN-41-MGE-S217	0	0	0	0	0	0	0	0	0
NR_147385.1	GIN-41-MGE-S217	0	0	0	0	0	0	0	0	0
NR_147384.1	GIN-41-MGE-S217	0	0	0	0	0	0	0	0	0
NR_147383.1	GIN-41-MGE-S217	0	0	0	0	0	0	0	0	0
NR_147382.1	GIN-41-MGE-S217	0	0	0	0	0	0	0	0	0
NR_147381.1	GIN-41-MGE-S217	34	34	0	0	0	0	0	0	0
NR_147380.1	GIN-41-MGE-S217	0	0	0	0	0	0	0	0	0
NR_147379.1	GIN-41-MGE-S217	0	0	0	0	0	0	0	0	0
NR_147378.1	GIN-41-MGE-S217	0	0	0	0	0	0	0	0	0
NR_147377.1	GIN-41-MGE-S217	0	0	0	0	0	0	0	0	0
NR_147376.1	GIN-41-MGE-S217	0	0	0	0	0	0	0	0	0
NR_147375.1	GIN-41-MGE-S217	0	0	0	0	0	0	0	0	0
NR_147373.1	GIN-41-MGE-S217	0	0	0	0	0	0	0	0	0
NR_147372.1	GIN-41-MGE-S217	0	0	0	0	0	0	0	0	0
NR_147371.1	GIN-41-MGE-S217	0	0	0	0	0	0	0	0	0
NR_147369.1	GIN-41-MGE-S217	0	0	0	0	0	0	0	0	0
NR_147368.1	GIN-41-MGE-S217	0	0	0	0	0	0	0	0	0
NR_146851.1	GIN-41-MGE-S217	0	0	0	0	0	0	0	0	0
NR_146850.1	GIN-41-MGE-S217	0	0	0	0	0	0	0	0	0
NR_146848.1	GIN-41-MGE-S217	0	0	0	0	0	0	0	0	0
NR_146847.1	GIN-41-MGE-S217	0	0	0	0	0	0	0	0	0
NR_146845.1	GIN-41-MGE-S217	0	0	0	0	0	0	0	0	0
NR_146844.1	GIN-41-MGE-S217	0	0	0	0	0	0	0	0	0
NR_146843.1	GIN-41-MGE-S217	0	0	0	0	0	0	0	0	0
NR_146842.1	GIN-41-MGE-S217	0	0	0	0	0	0	0	0	0
NR_146841.1	GIN-41-MGE-S217	0	0	0	0	0	0	0	0	0
NR_146840.1	GIN-41-MGE-S217	0	0	0	0	0	0	0	0	0
NR_146838.1	GIN-41-MGE-S217	0	0	0	0	0	0	0	0	0
NR_146836.1	GIN-41-MGE-S217	0	0	0	0	0	0	0	0	0
NR_146833.1	GIN-41-MGE-S217	0	0	0	0	0	0	0	0	0
NR_146832.1	GIN-41-MGE-S217	0	0	0	0	0	0	0	0	0
NR_146830.1	GIN-41-MGE-S217	0	0	0	0	0	0	0	0	0
NR_146829.1	GIN-41-MGE-S217	0	0	0	0	0	0	0	0	0
NR_146827.1	GIN-41-MGE-S217	0	0	0	0	0	0	0	0	0
NR_146826.1	GIN-41-MGE-S217	0	0	0	0	0	0	0	0	0
NR_146825.1	GIN-41-MGE-S217	0	0	0	0	0	0	0	0	0
NR_146824.1	GIN-41-MGE-S217	0	0	0	0	0	0	0	0	0
NR_146823.1	GIN-41-MGE-S217	0	0	0	0	0	0	0	0	0
NR_146822.1	GIN-41-MGE-S217	0	0	0	0	0	0	0	0	0
NR_146821.1	GIN-41-MGE-S217	0	0	0	0	0	0	0	0	0
NR_146820.1	GIN-41-MGE-S217	0	0	0	0	0	0	0	0	0
NR_146817.1	GIN-41-MGE-S217	0	0	0	0	0	0	0	0	0
NR_146816.1	GIN-41-MGE-S217	0	0	0	0	0	0	0	0	0
NR_146815.1	GIN-41-MGE-S217	0	0	0	0	0	0	0	0	0
NR_146707.1	GIN-41-MGE-S217	0	0	0	0	0	0	0	0	0
NR_146706.1	GIN-41-MGE-S217	0	0	0	0	0	0	0	0	0
NR_146705.1	GIN-41-MGE-S217	0	0	0	0	0	0	0	0	0
NR_146704.1	GIN-41-MGE-S217	0	0	0	0	0	0	0	0	0
NR_146703.1	GIN-41-MGE-S217	0	0	0	0	0	0	0	0	0
NR_146702.1	GIN-41-MGE-S217	0	0	0	0	0	0	0	0	0
NR_146701.1	GIN-41-MGE-S217	0	0	0	0	0	0	0	0	0
NR_146698.1	GIN-41-MGE-S217	0	0	0	0	0	0	0	0	0
NR_146696.1	GIN-41-MGE-S217	0	0	0	0	0	0	0	0	0
NR_146695.1	GIN-41-MGE-S217	0	0	0	0	0	0	0	0	0
NR_146693.1	GIN-41-MGE-S217	0	0	0	0	0	0	0	0	0
NR_146692.1	GIN-41-MGE-S217	0	0	0	0	0	0	0	0	0
NR_146691.1	GIN-41-MGE-S217	0	0	0	0	0	0	0	0	0
NR_146690.1	GIN-41-MGE-S217	0	0	0	0	0	0	0	0	0
NR_146689.1	GIN-41-MGE-S217	0	0	0	0	0	0	0	0	0
NR_146688.1	GIN-41-MGE-S217	0	0	0	0	0	0	0	0	0
NR_146687.1	GIN-41-MGE-S217	0	0	0	0	0	0	0	0	0
NR_146686.1	GIN-41-MGE-S217	0	0	0	0	0	0	0	0	0
NR_146685.1	GIN-41-MGE-S217	0	0	0	0	0	0	0	0	0
NR_146683.1	GIN-41-MGE-S217	0	0	0	0	0	0	0	0	0
NR_146681.1	GIN-41-MGE-S217	0	0	0	0	0	0	0	0	0
NR_146680.1	GIN-41-MGE-S217	0	0	0	0	0	0	0	0	0
NR_146677.1	GIN-41-MGE-S217	0	0	0	0	0	0	0	0	0
NR_146676.1	GIN-41-MGE-S217	0	0	0	0	0	0	0	0	0
NR_146675.1	GIN-41-MGE-S217	0	0	0	0	0	0	0	0	0
NR_146674.1	GIN-41-MGE-S217	0	0	0	0	0	0	0	0	0
NR_146673.1	GIN-41-MGE-S217	0	0	0	0	0	0	0	0	0
NR_146672.1	GIN-41-MGE-S217	0	0	0	0	0	0	0	0	0
NR_146671.1	GIN-41-MGE-S217	0	0	0	0	0	0	0	0	0
NR_146669.1	GIN-41-MGE-S217	0	0	0	0	0	0	0	0	0
NR_146668.1	GIN-41-MGE-S217	0	0	0	0	0	0	0	0	0
NR_146665.1	GIN-41-MGE-S217	0	0	0	0	0	0	0	0	0
NR_146664.1	GIN-41-MGE-S217	0	0	0	0	0	0	0	0	0
NR_146663.1	GIN-41-MGE-S217	0	0	0	0	0	0	0	0	0
NR_146662.1	GIN-41-MGE-S217	0	0	0	0	0	0	0	0	0
NR_146660.1	GIN-41-MGE-S217	0	0	0	0	0	0	0	0	0
NR_146659.1	GIN-41-MGE-S217	0	0	0	0	0	0	0	0	0
NR_108240.1	GIN-41-MGE-S217	0	0	0	0	0	0	0	0	0
NR_146378.1	GIN-41-MGE-S217	0	0	0	0	0	0	0	0	0
NR_146377.1	GIN-41-MGE-S217	0	0	0	0	0	0	0	0	0
NR_146376.1	GIN-41-MGE-S217	0	0	0	0	0	0	0	0	0
NR_146375.1	GIN-41-MGE-S217	0	0	0	0	0	0	0	0	0
NR_146374.1	GIN-41-MGE-S217	0	0	0	0	0	0	0	0	0
NR_146373.1	GIN-41-MGE-S217	0	0	0	0	0	0	0	0	0
NR_146372.1	GIN-41-MGE-S217	0	0	0	0	0	0	0	0	0
NR_146370.1	GIN-41-MGE-S217	0	0	0	0	0	0	0	0	0
NR_146369.1	GIN-41-MGE-S217	0	0	0	0	0	0	0	0	0
NR_146368.1	GIN-41-MGE-S217	0	0	0	0	0	0	0	0	0
NR_146367.1	GIN-41-MGE-S217	0	0	0	0	0	0	0	0	0
NR_146366.1	GIN-41-MGE-S217	0	0	0	0	0	0	0	0	0
NR_146365.1	GIN-41-MGE-S217	0	0	0	0	0	0	0	0	0
NR_146364.1	GIN-41-MGE-S217	0	0	0	0	0	0	0	0	0
NR_146363.1	GIN-41-MGE-S217	0	0	0	0	0	0	0	0	0
NR_146361.1	GIN-41-MGE-S217	0	0	0	0	0	0	0	0	0
NR_146360.1	GIN-41-MGE-S217	0	0	0	0	0	0	0	0	0
NR_146359.1	GIN-41-MGE-S217	0	0	0	0	0	0	0	0	0
NR_146358.1	GIN-41-MGE-S217	0	0	0	0	0	0	0	0	0
NR_146357.1	GIN-41-MGE-S217	0	0	0	0	0	0	0	0	0
NR_146353.1	GIN-41-MGE-S217	0	0	0	0	0	0	0	0	0
NR_146352.1	GIN-41-MGE-S217	0	0	0	0	0	0	0	0	0
NR_146350.1	GIN-41-MGE-S217	0	0	0	0	0	0	0	0	0
NR_146052.1	GIN-41-MGE-S217	0	0	0	0	0	0	0	0	0
NR_146051.1	GIN-41-MGE-S217	0	0	0	0	0	0	0	0	0
NR_146050.1	GIN-41-MGE-S217	0	0	0	0	0	0	0	0	0
NR_146049.1	GIN-41-MGE-S217	0	0	0	0	0	0	0	0	0
NR_146048.1	GIN-41-MGE-S217	0	0	0	0	0	0	0	0	0
NR_146047.1	GIN-41-MGE-S217	0	0	0	0	0	0	0	0	0
NR_146046.1	GIN-41-MGE-S217	0	0	0	0	0	0	0	0	0
NR_146045.1	GIN-41-MGE-S217	0	0	0	0	0	0	0	0	0
NR_146044.1	GIN-41-MGE-S217	0	0	0	0	0	0	0	0	0
NR_146043.1	GIN-41-MGE-S217	0	0	0	0	0	0	0	0	0
NR_146042.1	GIN-41-MGE-S217	0	0	0	0	0	0	0	0	0
NR_146041.1	GIN-41-MGE-S217	0	0	0	0	0	0	0	0	0
NR_146039.1	GIN-41-MGE-S217	0	0	0	0	0	0	0	0	0
NR_146038.1	GIN-41-MGE-S217	0	0	0	0	0	0	0	0	0
NR_146037.1	GIN-41-MGE-S217	0	0	0	0	0	0	0	0	0
NR_146036.1	GIN-41-MGE-S217	0	0	0	0	0	0	0	0	0
NR_146033.1	GIN-41-MGE-S217	0	0	0	0	0	0	0	0	0
NR_146032.1	GIN-41-MGE-S217	0	0	0	0	0	0	0	0	0
NR_146031.1	GIN-41-MGE-S217	0	0	0	0	0	0	0	0	0
NR_146029.1	GIN-41-MGE-S217	0	0	0	0	0	0	0	0	0
NR_146027.1	GIN-41-MGE-S217	0	0	0	0	0	0	0	0	0
NR_146026.1	GIN-41-MGE-S217	0	0	0	0	0	0	0	0	0
NR_146025.1	GIN-41-MGE-S217	0	0	0	0	0	0	0	0	0
NR_146024.1	GIN-41-MGE-S217	0	0	0	0	0	0	0	0	0
NR_146023.1	GIN-41-MGE-S217	0	0	0	0	0	0	0	0	0
NR_146022.1	GIN-41-MGE-S217	0	0	0	0	0	0	0	0	0
NR_146021.1	GIN-41-MGE-S217	0	0	0	0	0	0	0	0	0
NR_146020.1	GIN-41-MGE-S217	0	0	0	0	0	0	0	0	0
NR_146019.1	GIN-41-MGE-S217	0	0	0	0	0	0	0	0	0
NR_146018.1	GIN-41-MGE-S217	0	0	0	0	0	0	0	0	0
NR_146017.1	GIN-41-MGE-S217	0	0	0	0	0	0	0	0	0
NR_146016.1	GIN-41-MGE-S217	0	0	0	0	0	0	0	0	0
NR_146015.1	GIN-41-MGE-S217	0	0	0	0	0	0	0	0	0
NR_146014.1	GIN-41-MGE-S217	0	0	0	0	0	0	0	0	0
NR_146010.1	GIN-41-MGE-S217	0	0	0	0	0	0	0	0	0
NR_146008.1	GIN-41-MGE-S217	0	0	0	0	0	0	0	0	0
NR_146007.1	GIN-41-MGE-S217	0	0	0	0	0	0	0	0	0
NR_146006.1	GIN-41-MGE-S217	0	0	0	0	0	0	0	0	0
NR_146004.1	GIN-41-MGE-S217	0	0	0	0	0	0	0	0	0
NR_146003.1	GIN-41-MGE-S217	0	0	0	0	0	0	0	0	0
NR_145954.1	GIN-41-MGE-S217	0	0	0	0	0	0	0	0	0
NR_145953.1	GIN-41-MGE-S217	0	0	0	0	0	0	0	0	0
NR_145952.1	GIN-41-MGE-S217	0	0	0	0	0	0	0	0	0
NR_145950.1	GIN-41-MGE-S217	0	0	0	0	0	0	0	0	0
NR_145948.1	GIN-41-MGE-S217	0	0	0	0	0	0	0	0	0
NR_145946.1	GIN-41-MGE-S217	0	0	0	0	0	0	0	0	0
NR_145945.1	GIN-41-MGE-S217	0	0	0	0	0	0	0	0	0
NR_145942.1	GIN-41-MGE-S217	0	0	0	0	0	0	0	0	0
NR_145941.1	GIN-41-MGE-S217	0	0	0	0	0	0	0	0	0
NR_145940.1	GIN-41-MGE-S217	0	0	0	0	0	0	0	0	0
NR_145938.1	GIN-41-MGE-S217	0	0	0	0	0	0	0	0	0
NR_145936.1	GIN-41-MGE-S217	0	0	0	0	0	0	0	0	0
NR_145935.1	GIN-41-MGE-S217	0	0	0	0	0	0	0	0	0
NR_145933.1	GIN-41-MGE-S217	0	0	0	0	0	0	0	0	0
NR_145931.1	GIN-41-MGE-S217	0	0	0	0	0	0	0	0	0
NR_145930.1	GIN-41-MGE-S217	0	0	0	0	0	0	0	0	0
NR_145929.1	GIN-41-MGE-S217	0	0	0	0	0	0	0	0	0
NR_145928.1	GIN-41-MGE-S217	0	0	0	0	0	0	0	0	0
NR_145927.1	GIN-41-MGE-S217	0	0	0	0	0	0	0	0	0
NR_145926.1	GIN-41-MGE-S217	0	0	0	0	0	0	0	0	0
NR_145925.1	GIN-41-MGE-S217	0	0	0	0	0	0	0	0	0
NR_145924.1	GIN-41-MGE-S217	0	0	0	0	0	0	0	0	0
NR_145923.1	GIN-41-MGE-S217	0	0	0	0	0	0	0	0	0
NR_145922.1	GIN-41-MGE-S217	0	0	0	0	0	0	0	0	0
NR_145921.1	GIN-41-MGE-S217	0	0	0	0	0	0	0	0	0
NR_145920.1	GIN-41-MGE-S217	0	0	0	0	0	0	0	0	0
NR_145918.1	GIN-41-MGE-S217	0	0	0	0	0	0	0	0	0
NR_145917.1	GIN-41-MGE-S217	0	0	0	0	0	0	0	0	0
NR_145916.1	GIN-41-MGE-S217	0	0	0	0	0	0	0	0	0
NR_145915.1	GIN-41-MGE-S217	0	0	0	0	0	0	0	0	0
NR_145914.1	GIN-41-MGE-S217	0	0	0	0	0	0	0	0	0
NR_145913.1	GIN-41-MGE-S217	0	0	0	0	0	0	0	0	0
NR_145911.1	GIN-41-MGE-S217	0	0	0	0	0	0	0	0	0
NR_145910.1	GIN-41-MGE-S217	0	0	0	0	0	0	0	0	0
NR_145909.1	GIN-41-MGE-S217	0	0	0	0	0	0	0	0	0
NR_145907.1	GIN-41-MGE-S217	0	0	0	0	0	0	0	0	0
NR_145905.1	GIN-41-MGE-S217	0	0	0	0	0	0	0	0	0
NR_145904.1	GIN-41-MGE-S217	0	0	0	0	0	0	0	0	0
NR_145903.1	GIN-41-MGE-S217	0	0	0	0	0	0	0	0	0
NR_145901.1	GIN-41-MGE-S217	0	0	0	0	0	0	0	0	0
NR_145900.1	GIN-41-MGE-S217	0	0	0	0	0	0	0	0	0
NR_145898.1	GIN-41-MGE-S217	0	0	0	0	0	0	0	0	0
NR_145896.1	GIN-41-MGE-S217	0	0	0	0	0	0	0	0	0
NR_145892.1	GIN-41-MGE-S217	0	0	0	0	0	0	0	0	0
NR_145891.1	GIN-41-MGE-S217	0	0	0	0	0	0	0	0	0
NR_145889.1	GIN-41-MGE-S217	0	0	0	0	0	0	0	0	0
NR_145887.1	GIN-41-MGE-S217	0	0	0	0	0	0	0	0	0
NR_145885.1	GIN-41-MGE-S217	0	0	0	0	0	0	0	0	0
NR_145883.1	GIN-41-MGE-S217	0	0	0	0	0	0	0	0	0
NR_145882.1	GIN-41-MGE-S217	0	0	0	0	0	0	0	0	0
NR_145881.1	GIN-41-MGE-S217	0	0	0	0	0	0	0	0	0
NR_145878.1	GIN-41-MGE-S217	0	0	0	0	0	0	0	0	0
NR_145877.1	GIN-41-MGE-S217	0	0	0	0	0	0	0	0	0
NR_145876.1	GIN-41-MGE-S217	0	0	0	0	0	0	0	0	0
NR_145874.1	GIN-41-MGE-S217	0	0	0	0	0	0	0	0	0
NR_145873.1	GIN-41-MGE-S217	0	0	0	0	0	0	0	0	0
NR_145871.1	GIN-41-MGE-S217	0	0	0	0	0	0	0	0	0
NR_145870.1	GIN-41-MGE-S217	0	0	0	0	0	0	0	0	0
NR_145869.1	GIN-41-MGE-S217	0	0	0	0	0	0	0	0	0
NR_145868.1	GIN-41-MGE-S217	0	0	0	0	0	0	0	0	0
NR_145867.1	GIN-41-MGE-S217	0	0	0	0	0	0	0	0	0
NR_145866.1	GIN-41-MGE-S217	0	0	0	0	0	0	0	0	0
NR_145865.1	GIN-41-MGE-S217	0	0	0	0	0	0	0	0	0
NR_145864.1	GIN-41-MGE-S217	0	0	0	0	0	0	0	0	0
NR_145863.1	GIN-41-MGE-S217	0	0	0	0	0	0	0	0	0
NR_145849.1	GIN-41-MGE-S217	0	0	0	0	0	0	0	0	0
NR_145848.1	GIN-41-MGE-S217	0	0	0	0	0	0	0	0	0
NR_145847.1	GIN-41-MGE-S217	0	0	0	0	0	0	0	0	0
NR_145846.1	GIN-41-MGE-S217	0	0	0	0	0	0	0	0	0
NR_145845.1	GIN-41-MGE-S217	0	0	0	0	0	0	0	0	0
NR_145844.1	GIN-41-MGE-S217	0	0	0	0	0	0	0	0	0
NR_145843.1	GIN-41-MGE-S217	0	0	0	0	0	0	0	0	0
NR_145842.1	GIN-41-MGE-S217	0	0	0	0	0	0	0	0	0
NR_145841.1	GIN-41-MGE-S217	0	0	0	0	0	0	0	0	0
NR_109447.1	GIN-41-MGE-S217	0	0	0	0	0	0	0	0	0
NR_108588.1	GIN-41-MGE-S217	0	0	0	0	0	0	0	0	0
NR_144723.2	GIN-41-MGE-S217	0	0	0	0	0	0	0	0	0
NR_145667.1	GIN-41-MGE-S217	0	0	0	0	0	0	0	0	0
NR_145666.1	GIN-41-MGE-S217	0	0	0	0	0	0	0	0	0
NR_145664.1	GIN-41-MGE-S217	0	0	0	0	0	0	0	0	0
NR_145663.1	GIN-41-MGE-S217	0	0	0	0	0	0	0	0	0
NR_145661.1	GIN-41-MGE-S217	0	0	0	0	0	0	0	0	0
NR_145659.1	GIN-41-MGE-S217	0	0	0	0	0	0	0	0	0
NR_145658.1	GIN-41-MGE-S217	0	0	0	0	0	0	0	0	0
NR_145656.1	GIN-41-MGE-S217	0	0	0	0	0	0	0	0	0
NR_145655.1	GIN-41-MGE-S217	0	0	0	0	0	0	0	0	0
NR_145654.1	GIN-41-MGE-S217	0	0	0	0	0	0	0	0	0
NR_145653.1	GIN-41-MGE-S217	0	0	0	0	0	0	0	0	0
NR_145650.1	GIN-41-MGE-S217	0	0	0	0	0	0	0	0	0
NR_145649.1	GIN-41-MGE-S217	0	0	0	0	0	0	0	0	0
NR_145648.1	GIN-41-MGE-S217	0	0	0	0	0	0	0	0	0
NR_145647.1	GIN-41-MGE-S217	0	0	0	0	0	0	0	0	0
NR_145646.1	GIN-41-MGE-S217	0	0	0	0	0	0	0	0	0
NR_145645.1	GIN-41-MGE-S217	0	0	0	0	0	0	0	0	0
NR_145644.1	GIN-41-MGE-S217	0	0	0	0	0	0	0	0	0
NR_145643.1	GIN-41-MGE-S217	0	0	0	0	0	0	0	0	0
NR_145642.1	GIN-41-MGE-S217	0	0	0	0	0	0	0	0	0
NR_145641.1	GIN-41-MGE-S217	0	0	0	0	0	0	0	0	0
NR_145640.1	GIN-41-MGE-S217	0	0	0	0	0	0	0	0	0
NR_145639.1	GIN-41-MGE-S217	0	0	0	0	0	0	0	0	0
NR_145637.1	GIN-41-MGE-S217	0	0	0	0	0	0	0	0	0
NR_145636.1	GIN-41-MGE-S217	0	0	0	0	0	0	0	0	0
NR_145635.1	GIN-41-MGE-S217	0	0	0	0	0	0	0	0	0
NR_145634.1	GIN-41-MGE-S217	0	0	0	0	0	0	0	0	0
NR_145632.1	GIN-41-MGE-S217	0	0	0	0	0	0	0	0	0
NR_145631.1	GIN-41-MGE-S217	0	0	0	0	0	0	0	0	0
NR_145630.1	GIN-41-MGE-S217	0	0	0	0	0	0	0	0	0
NR_145629.1	GIN-41-MGE-S217	0	0	0	0	0	0	0	0	0
NR_145628.1	GIN-41-MGE-S217	0	0	0	0	0	0	0	0	0
NR_145627.1	GIN-41-MGE-S217	0	0	0	0	0	0	0	0	0
NR_145625.1	GIN-41-MGE-S217	0	0	0	0	0	0	0	0	0
NR_145624.1	GIN-41-MGE-S217	0	0	0	0	0	0	0	0	0
NR_145623.1	GIN-41-MGE-S217	0	0	0	0	0	0	0	0	0
NR_145622.1	GIN-41-MGE-S217	0	0	0	0	0	0	0	0	0
NR_145621.1	GIN-41-MGE-S217	0	0	0	0	0	0	0	0	0
NR_145620.1	GIN-41-MGE-S217	0	0	0	0	0	0	0	0	0
NR_145619.1	GIN-41-MGE-S217	0	0	0	0	0	0	0	0	0
NR_145618.1	GIN-41-MGE-S217	0	0	0	0	0	0	0	0	0
NR_145617.1	GIN-41-MGE-S217	0	0	0	0	0	0	0	0	0
NR_145616.1	GIN-41-MGE-S217	0	0	0	0	0	0	0	0	0
NR_145615.1	GIN-41-MGE-S217	0	0	0	0	0	0	0	0	0
NR_145614.1	GIN-41-MGE-S217	0	0	0	0	0	0	0	0	0
NR_145613.1	GIN-41-MGE-S217	0	0	0	0	0	0	0	0	0
NR_145611.1	GIN-41-MGE-S217	0	0	0	0	0	0	0	0	0
NR_145610.1	GIN-41-MGE-S217	0	0	0	0	0	0	0	0	0
NR_145609.1	GIN-41-MGE-S217	0	0	0	0	0	0	0	0	0
NR_145593.1	GIN-41-MGE-S217	0	0	0	0	0	0	0	0	0
NR_145592.1	GIN-41-MGE-S217	0	0	0	0	0	0	0	0	0
NR_145591.1	GIN-41-MGE-S217	0	0	0	0	0	0	0	0	0
NR_145589.1	GIN-41-MGE-S217	0	0	0	0	0	0	0	0	0
NR_145588.1	GIN-41-MGE-S217	0	0	0	0	0	0	0	0	0
NR_145587.1	GIN-41-MGE-S217	0	0	0	0	0	0	0	0	0
NR_145586.1	GIN-41-MGE-S217	0	0	0	0	0	0	0	0	0
NR_145583.1	GIN-41-MGE-S217	0	0	0	0	0	0	0	0	0
NR_145582.1	GIN-41-MGE-S217	0	0	0	0	0	0	0	0	0
NR_145581.1	GIN-41-MGE-S217	0	0	0	0	0	0	0	0	0
NR_145579.1	GIN-41-MGE-S217	0	0	0	0	0	0	0	0	0
NR_145570.1	GIN-41-MGE-S217	0	0	0	0	0	0	0	0	0
NR_145569.1	GIN-41-MGE-S217	0	0	0	0	0	0	0	0	0
NR_145567.1	GIN-41-MGE-S217	0	0	0	0	0	0	0	0	0
NR_145566.1	GIN-41-MGE-S217	0	0	0	0	0	0	0	0	0
NR_145565.1	GIN-41-MGE-S217	0	0	0	0	0	0	0	0	0
NR_145564.1	GIN-41-MGE-S217	0	0	0	0	0	0	0	0	0
NR_145563.1	GIN-41-MGE-S217	0	0	0	0	0	0	0	0	0
NR_145561.1	GIN-41-MGE-S217	0	0	0	0	0	0	0	0	0
NR_145560.1	GIN-41-MGE-S217	0	0	0	0	0	0	0	0	0
NR_145559.1	GIN-41-MGE-S217	0	0	0	0	0	0	0	0	0
NR_145557.1	GIN-41-MGE-S217	0	0	0	0	0	0	0	0	0
NR_145556.1	GIN-41-MGE-S217	0	0	0	0	0	0	0	0	0
NR_145555.1	GIN-41-MGE-S217	0	0	0	0	0	0	0	0	0
NR_145554.1	GIN-41-MGE-S217	0	0	0	0	0	0	0	0	0
NR_145553.1	GIN-41-MGE-S217	0	0	0	0	0	0	0	0	0
NR_145552.1	GIN-41-MGE-S217	0	0	0	0	0	0	0	0	0
NR_145551.1	GIN-41-MGE-S217	0	0	0	0	0	0	0	0	0
NR_145550.1	GIN-41-MGE-S217	0	0	0	0	0	0	0	0	0
NR_145549.1	GIN-41-MGE-S217	0	0	0	0	0	0	0	0	0
NR_145548.1	GIN-41-MGE-S217	0	0	0	0	0	0	0	0	0
NR_145545.1	GIN-41-MGE-S217	0	0	0	0	0	0	0	0	0
NR_145544.1	GIN-41-MGE-S217	0	0	0	0	0	0	0	0	0
NR_145543.1	GIN-41-MGE-S217	0	0	0	0	0	0	0	0	0
NR_145542.1	GIN-41-MGE-S217	0	0	0	0	0	0	0	0	0
NR_145541.1	GIN-41-MGE-S217	0	0	0	0	0	0	0	0	0
NR_145540.1	GIN-41-MGE-S217	0	0	0	0	0	0	0	0	0
NR_145539.1	GIN-41-MGE-S217	0	0	0	0	0	0	0	0	0
NR_145538.1	GIN-41-MGE-S217	0	0	0	0	0	0	0	0	0
NR_145537.1	GIN-41-MGE-S217	0	0	0	0	0	0	0	0	0
NR_145536.1	GIN-41-MGE-S217	0	0	0	0	0	0	0	0	0
NR_145535.1	GIN-41-MGE-S217	0	0	0	0	0	0	0	0	0
NR_145534.1	GIN-41-MGE-S217	0	0	0	0	0	0	0	0	0
NR_145533.1	GIN-41-MGE-S217	0	0	0	0	0	0	0	0	0
NR_145532.1	GIN-41-MGE-S217	0	0	0	0	0	0	0	0	0
NR_145531.1	GIN-41-MGE-S217	0	0	0	0	0	0	0	0	0
NR_145530.1	GIN-41-MGE-S217	0	0	0	0	0	0	0	0	0
NR_145529.1	GIN-41-MGE-S217	0	0	0	0	0	0	0	0	0
NR_145528.1	GIN-41-MGE-S217	0	0	0	0	0	0	0	0	0
NR_144728.2	GIN-41-MGE-S217	0	0	0	0	0	0	0	0	0
NR_144751.1	GIN-41-MGE-S217	0	0	0	0	0	0	0	0	0
NR_144750.1	GIN-41-MGE-S217	62	62	0	0	0	0	0	0	0
NR_144748.1	GIN-41-MGE-S217	0	0	0	0	0	0	0	0	0
NR_144747.1	GIN-41-MGE-S217	0	0	0	0	0	0	0	0	0
NR_144746.1	GIN-41-MGE-S217	0	0	0	0	0	0	0	0	0
NR_144745.1	GIN-41-MGE-S217	0	0	0	0	0	0	0	0	0
NR_144744.1	GIN-41-MGE-S217	7	7	0	0	0	0	0	0	0
NR_144743.1	GIN-41-MGE-S217	0	0	0	0	0	0	0	0	0
NR_144742.1	GIN-41-MGE-S217	0	0	0	0	0	0	0	0	0
NR_144741.1	GIN-41-MGE-S217	0	0	0	0	0	0	0	0	0
NR_144740.1	GIN-41-MGE-S217	0	0	0	0	0	0	0	0	0
NR_144739.1	GIN-41-MGE-S217	0	0	0	0	0	0	0	0	0
NR_144735.1	GIN-41-MGE-S217	0	0	0	0	0	0	0	0	0
NR_144734.1	GIN-41-MGE-S217	0	0	0	0	0	0	0	0	0
NR_144733.1	GIN-41-MGE-S217	0	0	0	0	0	0	0	0	0
NR_144732.1	GIN-41-MGE-S217	0	0	0	0	0	0	0	0	0
NR_144731.1	GIN-41-MGE-S217	0	0	0	0	0	0	0	0	0
NR_144730.1	GIN-41-MGE-S217	0	0	0	0	0	0	0	0	0
NR_144729.1	GIN-41-MGE-S217	0	0	0	0	0	0	0	0	0
NR_144727.1	GIN-41-MGE-S217	1	1	0	0	0	0	0	0	0
NR_144726.1	GIN-41-MGE-S217	0	0	0	0	0	0	0	0	0
NR_144725.1	GIN-41-MGE-S217	0	0	0	0	0	0	0	0	0
NR_144724.1	GIN-41-MGE-S217	0	0	0	0	0	0	0	0	0
NR_144722.1	GIN-41-MGE-S217	0	0	0	0	0	0	0	0	0
NR_144721.1	GIN-41-MGE-S217	0	0	0	0	0	0	0	0	0
NR_144720.1	GIN-41-MGE-S217	0	0	0	0	0	0	0	0	0
NR_144719.1	GIN-41-MGE-S217	0	0	0	0	0	0	0	0	0
NR_144718.1	GIN-41-MGE-S217	0	0	0	0	0	0	0	0	0
NR_144717.1	GIN-41-MGE-S217	0	0	0	0	0	0	0	0	0
NR_144716.1	GIN-41-MGE-S217	0	0	0	0	0	0	0	0	0
NR_144715.1	GIN-41-MGE-S217	0	0	0	0	0	0	0	0	0
NR_144714.1	GIN-41-MGE-S217	0	0	0	0	0	0	0	0	0
NR_144713.1	GIN-41-MGE-S217	0	0	0	0	0	0	0	0	0
NR_144712.1	GIN-41-MGE-S217	0	0	0	0	0	0	0	0	0
NR_144711.1	GIN-41-MGE-S217	0	0	0	0	0	0	0	0	0
NR_144710.1	GIN-41-MGE-S217	0	0	0	0	0	0	0	0	0
NR_144709.1	GIN-41-MGE-S217	0	0	0	0	0	0	0	0	0
NR_144708.1	GIN-41-MGE-S217	0	0	0	0	0	0	0	0	0
NR_144707.1	GIN-41-MGE-S217	0	0	0	0	0	0	0	0	0
NR_144706.1	GIN-41-MGE-S217	0	0	0	0	0	0	0	0	0
NR_144705.1	GIN-41-MGE-S217	0	0	0	0	0	0	0	0	0
NR_144704.1	GIN-41-MGE-S217	0	0	0	0	0	0	0	0	0
NR_144703.1	GIN-41-MGE-S217	0	0	0	0	0	0	0	0	0
NR_144702.1	GIN-41-MGE-S217	0	0	0	0	0	0	0	0	0
NR_144700.1	GIN-41-MGE-S217	0	0	0	0	0	0	0	0	0
NR_144698.1	GIN-41-MGE-S217	0	0	0	0	0	0	0	0	0
NR_144697.1	GIN-41-MGE-S217	0	0	0	0	0	0	0	0	0
NR_144696.1	GIN-41-MGE-S217	0	0	0	0	0	0	0	0	0
NR_144694.1	GIN-41-MGE-S217	0	0	0	0	0	0	0	0	0
NR_144693.1	GIN-41-MGE-S217	0	0	0	0	0	0	0	0	0
NR_144692.1	GIN-41-MGE-S217	0	0	0	0	0	0	0	0	0
NR_144691.1	GIN-41-MGE-S217	0	0	0	0	0	0	0	0	0
NR_144690.1	GIN-41-MGE-S217	0	0	0	0	0	0	0	0	0
NR_144619.1	GIN-41-MGE-S217	0	0	0	0	0	0	0	0	0
NR_144618.1	GIN-41-MGE-S217	0	0	0	0	0	0	0	0	0
NR_144617.1	GIN-41-MGE-S217	0	0	0	0	0	0	0	0	0
NR_144616.1	GIN-41-MGE-S217	0	0	0	0	0	0	0	0	0
NR_144615.1	GIN-41-MGE-S217	0	0	0	0	0	0	0	0	0
NR_144614.1	GIN-41-MGE-S217	0	0	0	0	0	0	0	0	0
NR_144613.1	GIN-41-MGE-S217	0	0	0	0	0	0	0	0	0
NR_144612.1	GIN-41-MGE-S217	0	0	0	0	0	0	0	0	0
NR_144611.1	GIN-41-MGE-S217	0	0	0	0	0	0	0	0	0
NR_144610.1	GIN-41-MGE-S217	0	0	0	0	0	0	0	0	0
NR_144608.1	GIN-41-MGE-S217	0	0	0	0	0	0	0	0	0
NR_144607.1	GIN-41-MGE-S217	0	0	0	0	0	0	0	0	0
NR_144606.1	GIN-41-MGE-S217	0	0	0	0	0	0	0	0	0
NR_144605.1	GIN-41-MGE-S217	0	0	0	0	0	0	0	0	0
NR_144604.1	GIN-41-MGE-S217	0	0	0	0	0	0	0	0	0
NR_144602.1	GIN-41-MGE-S217	0	0	0	0	0	0	0	0	0
NR_144600.1	GIN-41-MGE-S217	0	0	0	0	0	0	0	0	0
NR_144599.1	GIN-41-MGE-S217	0	0	0	0	0	0	0	0	0
NR_144597.1	GIN-41-MGE-S217	0	0	0	0	0	0	0	0	0
NR_144596.1	GIN-41-MGE-S217	0	0	0	0	0	0	0	0	0
NR_144595.1	GIN-41-MGE-S217	0	0	0	0	0	0	0	0	0
NR_144594.1	GIN-41-MGE-S217	0	0	0	0	0	0	0	0	0
NR_144592.1	GIN-41-MGE-S217	0	0	0	0	0	0	0	0	0
NR_144591.1	GIN-41-MGE-S217	0	0	0	0	0	0	0	0	0
NR_144590.1	GIN-41-MGE-S217	0	0	0	0	0	0	0	0	0
NR_144589.1	GIN-41-MGE-S217	0	0	0	0	0	0	0	0	0
NR_144588.1	GIN-41-MGE-S217	0	0	0	0	0	0	0	0	0
NR_144587.1	GIN-41-MGE-S217	0	0	0	0	0	0	0	0	0
NR_144585.1	GIN-41-MGE-S217	0	0	0	0	0	0	0	0	0
NR_144584.1	GIN-41-MGE-S217	0	0	0	0	0	0	0	0	0
NR_144583.1	GIN-41-MGE-S217	0	0	0	0	0	0	0	0	0
NR_144582.1	GIN-41-MGE-S217	0	0	0	0	0	0	0	0	0
NR_144581.1	GIN-41-MGE-S217	0	0	0	0	0	0	0	0	0
NR_144579.1	GIN-41-MGE-S217	0	0	0	0	0	0	0	0	0
NR_144576.1	GIN-41-MGE-S217	0	0	0	0	0	0	0	0	0
NR_144575.1	GIN-41-MGE-S217	0	0	0	0	0	0	0	0	0
NR_144574.1	GIN-41-MGE-S217	0	0	0	0	0	0	0	0	0
NR_144573.1	GIN-41-MGE-S217	0	0	0	0	0	0	0	0	0
NR_144572.1	GIN-41-MGE-S217	0	0	0	0	0	0	0	0	0
NR_144571.1	GIN-41-MGE-S217	0	0	0	0	0	0	0	0	0
NR_144570.1	GIN-41-MGE-S217	0	0	0	0	0	0	0	0	0
NR_137421.1	GIN-41-MGE-S217	0	0	0	0	0	0	0	0	0
NR_137420.1	GIN-41-MGE-S217	0	0	0	0	0	0	0	0	0
NR_137419.1	GIN-41-MGE-S217	0	0	0	0	0	0	0	0	0
NR_137418.1	GIN-41-MGE-S217	0	0	0	0	0	0	0	0	0
NR_137415.1	GIN-41-MGE-S217	0	0	0	0	0	0	0	0	0
NR_137414.1	GIN-41-MGE-S217	0	0	0	0	0	0	0	0	0
NR_137413.1	GIN-41-MGE-S217	0	0	0	0	0	0	0	0	0
NR_137412.1	GIN-41-MGE-S217	0	0	0	0	0	0	0	0	0
NR_137410.1	GIN-41-MGE-S217	0	0	0	0	0	0	0	0	0
NR_137408.1	GIN-41-MGE-S217	0	0	0	0	0	0	0	0	0
NR_137407.1	GIN-41-MGE-S217	0	0	0	0	0	0	0	0	0
NR_137405.1	GIN-41-MGE-S217	0	0	0	0	0	0	0	0	0
NR_137404.1	GIN-41-MGE-S217	0	0	0	0	0	0	0	0	0
NR_137403.1	GIN-41-MGE-S217	0	0	0	0	0	0	0	0	0
NR_137402.1	GIN-41-MGE-S217	0	0	0	0	0	0	0	0	0
NR_137401.1	GIN-41-MGE-S217	0	0	0	0	0	0	0	0	0
NR_137400.1	GIN-41-MGE-S217	0	0	0	0	0	0	0	0	0
NR_137399.1	GIN-41-MGE-S217	0	0	0	0	0	0	0	0	0
NR_137398.1	GIN-41-MGE-S217	0	0	0	0	0	0	0	0	0
NR_137397.1	GIN-41-MGE-S217	0	0	0	0	0	0	0	0	0
NR_137396.1	GIN-41-MGE-S217	0	0	0	0	0	0	0	0	0
NR_137395.1	GIN-41-MGE-S217	0	0	0	0	0	0	0	0	0
NR_137394.1	GIN-41-MGE-S217	0	0	0	0	0	0	0	0	0
NR_137393.1	GIN-41-MGE-S217	0	0	0	0	0	0	0	0	0
NR_137392.1	GIN-41-MGE-S217	0	0	0	0	0	0	0	0	0
NR_137390.1	GIN-41-MGE-S217	0	0	0	0	0	0	0	0	0
NR_137389.1	GIN-41-MGE-S217	0	0	0	0	0	0	0	0	0
NR_137388.1	GIN-41-MGE-S217	0	0	0	0	0	0	0	0	0
NR_137387.1	GIN-41-MGE-S217	0	0	0	0	0	0	0	0	0
NR_137385.1	GIN-41-MGE-S217	0	0	0	0	0	0	0	0	0
NR_137384.1	GIN-41-MGE-S217	0	0	0	0	0	0	0	0	0
NR_137382.1	GIN-41-MGE-S217	0	0	0	0	0	0	0	0	0
NR_137381.1	GIN-41-MGE-S217	0	0	0	0	0	0	0	0	0
NR_137380.1	GIN-41-MGE-S217	0	0	0	0	0	0	0	0	0
NR_137377.1	GIN-41-MGE-S217	0	0	0	0	0	0	0	0	0
NR_137376.1	GIN-41-MGE-S217	0	0	0	0	0	0	0	0	0
NR_137375.1	GIN-41-MGE-S217	0	0	0	0	0	0	0	0	0
NR_137374.1	GIN-41-MGE-S217	0	0	0	0	0	0	0	0	0
NR_137371.1	GIN-41-MGE-S217	0	0	0	0	0	0	0	0	0
NR_137367.1	GIN-41-MGE-S217	0	0	0	0	0	0	0	0	0
NR_137366.1	GIN-41-MGE-S217	0	0	0	0	0	0	0	0	0
NR_137365.1	GIN-41-MGE-S217	0	0	0	0	0	0	0	0	0
NR_137364.1	GIN-41-MGE-S217	0	0	0	0	0	0	0	0	0
NR_137363.1	GIN-41-MGE-S217	0	0	0	0	0	0	0	0	0
NR_137361.1	GIN-41-MGE-S217	0	0	0	0	0	0	0	0	0
NR_137359.1	GIN-41-MGE-S217	0	0	0	0	0	0	0	0	0
NR_137351.1	GIN-41-MGE-S217	0	0	0	0	0	0	0	0	0
NR_137350.1	GIN-41-MGE-S217	0	0	0	0	0	0	0	0	0
NR_137348.1	GIN-41-MGE-S217	0	0	0	0	0	0	0	0	0
NR_137347.1	GIN-41-MGE-S217	0	0	0	0	0	0	0	0	0
NR_137346.1	GIN-41-MGE-S217	0	0	0	0	0	0	0	0	0
NR_137345.1	GIN-41-MGE-S217	0	0	0	0	0	0	0	0	0
NR_137344.1	GIN-41-MGE-S217	0	0	0	0	0	0	0	0	0
NR_137343.1	GIN-41-MGE-S217	0	0	0	0	0	0	0	0	0
NR_137342.1	GIN-41-MGE-S217	0	0	0	0	0	0	0	0	0
NR_137341.1	GIN-41-MGE-S217	0	0	0	0	0	0	0	0	0
NR_137339.1	GIN-41-MGE-S217	0	0	0	0	0	0	0	0	0
NR_137337.1	GIN-41-MGE-S217	0	0	0	0	0	0	0	0	0
NR_137336.1	GIN-41-MGE-S217	0	0	0	0	0	0	0	0	0
NR_137335.1	GIN-41-MGE-S217	0	0	0	0	0	0	0	0	0
NR_137334.1	GIN-41-MGE-S217	0	0	0	0	0	0	0	0	0
NR_137333.1	GIN-41-MGE-S217	0	0	0	0	0	0	0	0	0
NR_137331.1	GIN-41-MGE-S217	0	0	0	0	0	0	0	0	0
NR_137270.1	GIN-41-MGE-S217	0	0	0	0	0	0	0	0	0
NR_137269.1	GIN-41-MGE-S217	0	0	0	0	0	0	0	0	0
NR_137268.1	GIN-41-MGE-S217	0	0	0	0	0	0	0	0	0
NR_137267.1	GIN-41-MGE-S217	0	0	0	0	0	0	0	0	0
NR_137266.1	GIN-41-MGE-S217	0	0	0	0	0	0	0	0	0
NR_137265.1	GIN-41-MGE-S217	0	0	0	0	0	0	0	0	0
NR_137264.1	GIN-41-MGE-S217	0	0	0	0	0	0	0	0	0
NR_137263.1	GIN-41-MGE-S217	0	0	0	0	0	0	0	0	0
NR_137262.1	GIN-41-MGE-S217	0	0	0	0	0	0	0	0	0
NR_137261.1	GIN-41-MGE-S217	0	0	0	0	0	0	0	0	0
NR_137258.1	GIN-41-MGE-S217	0	0	0	0	0	0	0	0	0
NR_137256.1	GIN-41-MGE-S217	0	0	0	0	0	0	0	0	0
NR_137255.1	GIN-41-MGE-S217	0	0	0	0	0	0	0	0	0
NR_137254.1	GIN-41-MGE-S217	0	0	0	0	0	0	0	0	0
NR_137253.1	GIN-41-MGE-S217	0	0	0	0	0	0	0	0	0
NR_137252.1	GIN-41-MGE-S217	0	0	0	0	0	0	0	0	0
NR_137250.1	GIN-41-MGE-S217	0	0	0	0	0	0	0	0	0
NR_137249.1	GIN-41-MGE-S217	0	0	0	0	0	0	0	0	0
NR_137248.1	GIN-41-MGE-S217	0	0	0	0	0	0	0	0	0
NR_137247.1	GIN-41-MGE-S217	0	0	0	0	0	0	0	0	0
NR_137246.1	GIN-41-MGE-S217	0	0	0	0	0	0	0	0	0
NR_137245.1	GIN-41-MGE-S217	0	0	0	0	0	0	0	0	0
NR_137244.1	GIN-41-MGE-S217	0	0	0	0	0	0	0	0	0
NR_137243.1	GIN-41-MGE-S217	0	0	0	0	0	0	0	0	0
NR_137242.1	GIN-41-MGE-S217	0	0	0	0	0	0	0	0	0
NR_137241.1	GIN-41-MGE-S217	0	0	0	0	0	0	0	0	0
NR_137240.1	GIN-41-MGE-S217	0	0	0	0	0	0	0	0	0
NR_137239.1	GIN-41-MGE-S217	0	0	0	0	0	0	0	0	0
NR_137237.1	GIN-41-MGE-S217	0	0	0	0	0	0	0	0	0
NR_137236.1	GIN-41-MGE-S217	0	0	0	0	0	0	0	0	0
NR_137235.1	GIN-41-MGE-S217	0	0	0	0	0	0	0	0	0
NR_137234.1	GIN-41-MGE-S217	0	0	0	0	0	0	0	0	0
NR_137233.1	GIN-41-MGE-S217	0	0	0	0	0	0	0	0	0
NR_137232.1	GIN-41-MGE-S217	0	0	0	0	0	0	0	0	0
NR_137231.1	GIN-41-MGE-S217	0	0	0	0	0	0	0	0	0
NR_137228.1	GIN-41-MGE-S217	0	0	0	0	0	0	0	0	0
NR_137227.1	GIN-41-MGE-S217	0	0	0	0	0	0	0	0	0
NR_137226.1	GIN-41-MGE-S217	0	0	0	0	0	0	0	0	0
NR_137225.1	GIN-41-MGE-S217	0	0	0	0	0	0	0	0	0
NR_137224.1	GIN-41-MGE-S217	0	0	0	0	0	0	0	0	0
NR_137222.1	GIN-41-MGE-S217	0	0	0	0	0	0	0	0	0
NR_137221.1	GIN-41-MGE-S217	0	0	0	0	0	0	0	0	0
NR_137220.1	GIN-41-MGE-S217	0	0	0	0	0	0	0	0	0
NR_137219.1	GIN-41-MGE-S217	0	0	0	0	0	0	0	0	0
NR_137218.1	GIN-41-MGE-S217	0	0	0	0	0	0	0	0	0
NR_137217.1	GIN-41-MGE-S217	0	0	0	0	0	0	0	0	0
NR_137215.1	GIN-41-MGE-S217	0	0	0	0	0	0	0	0	0
NR_137214.1	GIN-41-MGE-S217	0	0	0	0	0	0	0	0	0
NR_137213.1	GIN-41-MGE-S217	0	0	0	0	0	0	0	0	0
NR_137212.1	GIN-41-MGE-S217	0	0	0	0	0	0	0	0	0
NR_137209.1	GIN-41-MGE-S217	0	0	0	0	0	0	0	0	0
NR_137208.1	GIN-41-MGE-S217	0	0	0	0	0	0	0	0	0
NR_137207.1	GIN-41-MGE-S217	0	0	0	0	0	0	0	0	0
NR_137206.1	GIN-41-MGE-S217	0	0	0	0	0	0	0	0	0
NR_137205.1	GIN-41-MGE-S217	0	0	0	0	0	0	0	0	0
NR_136880.1	GIN-41-MGE-S217	0	0	0	0	0	0	0	0	0
NR_136879.1	GIN-41-MGE-S217	0	0	0	0	0	0	0	0	0
NR_136878.1	GIN-41-MGE-S217	0	0	0	0	0	0	0	0	0
NR_136877.1	GIN-41-MGE-S217	0	0	0	0	0	0	0	0	0
NR_136876.1	GIN-41-MGE-S217	0	0	0	0	0	0	0	0	0
NR_136875.1	GIN-41-MGE-S217	0	0	0	0	0	0	0	0	0
NR_136873.1	GIN-41-MGE-S217	0	0	0	0	0	0	0	0	0
NR_136870.1	GIN-41-MGE-S217	0	0	0	0	0	0	0	0	0
NR_136869.1	GIN-41-MGE-S217	0	0	0	0	0	0	0	0	0
NR_136868.1	GIN-41-MGE-S217	0	0	0	0	0	0	0	0	0
NR_136867.1	GIN-41-MGE-S217	0	0	0	0	0	0	0	0	0
NR_136866.1	GIN-41-MGE-S217	0	0	0	0	0	0	0	0	0
NR_136865.1	GIN-41-MGE-S217	0	0	0	0	0	0	0	0	0
NR_136864.1	GIN-41-MGE-S217	0	0	0	0	0	0	0	0	0
NR_136862.1	GIN-41-MGE-S217	0	0	0	0	0	0	0	0	0
NR_136861.1	GIN-41-MGE-S217	0	0	0	0	0	0	0	0	0
NR_136860.1	GIN-41-MGE-S217	0	0	0	0	0	0	0	0	0
NR_136859.1	GIN-41-MGE-S217	0	0	0	0	0	0	0	0	0
NR_136857.1	GIN-41-MGE-S217	0	0	0	0	0	0	0	0	0
NR_136856.1	GIN-41-MGE-S217	0	0	0	0	0	0	0	0	0
NR_136854.1	GIN-41-MGE-S217	0	0	0	0	0	0	0	0	0
NR_136853.1	GIN-41-MGE-S217	0	0	0	0	0	0	0	0	0
NR_136852.1	GIN-41-MGE-S217	0	0	0	0	0	0	0	0	0
NR_136850.1	GIN-41-MGE-S217	0	0	0	0	0	0	0	0	0
NR_136849.1	GIN-41-MGE-S217	0	0	0	0	0	0	0	0	0
NR_136848.1	GIN-41-MGE-S217	0	0	0	0	0	0	0	0	0
NR_136847.1	GIN-41-MGE-S217	0	0	0	0	0	0	0	0	0
NR_136844.1	GIN-41-MGE-S217	0	0	0	0	0	0	0	0	0
NR_136843.1	GIN-41-MGE-S217	0	0	0	0	0	0	0	0	0
NR_136842.1	GIN-41-MGE-S217	0	0	0	0	0	0	0	0	0
NR_136840.1	GIN-41-MGE-S217	0	0	0	0	0	0	0	0	0
NR_136839.1	GIN-41-MGE-S217	0	0	0	0	0	0	0	0	0
NR_136838.1	GIN-41-MGE-S217	0	0	0	0	0	0	0	0	0
NR_136836.1	GIN-41-MGE-S217	0	0	0	0	0	0	0	0	0
NR_136835.1	GIN-41-MGE-S217	0	0	0	0	0	0	0	0	0
NR_136833.1	GIN-41-MGE-S217	0	0	0	0	0	0	0	0	0
NR_136832.1	GIN-41-MGE-S217	0	0	0	0	0	0	0	0	0
NR_136826.1	GIN-41-MGE-S217	0	0	0	0	0	0	0	0	0
NR_136825.1	GIN-41-MGE-S217	0	0	0	0	0	0	0	0	0
NR_136824.1	GIN-41-MGE-S217	0	0	0	0	0	0	0	0	0
NR_136823.1	GIN-41-MGE-S217	0	0	0	0	0	0	0	0	0
NR_136822.1	GIN-41-MGE-S217	0	0	0	0	0	0	0	0	0
NR_136820.1	GIN-41-MGE-S217	0	0	0	0	0	0	0	0	0
NR_136819.1	GIN-41-MGE-S217	0	0	0	0	0	0	0	0	0
NR_136818.1	GIN-41-MGE-S217	0	0	0	0	0	0	0	0	0
NR_136817.1	GIN-41-MGE-S217	0	0	0	0	0	0	0	0	0
NR_136816.1	GIN-41-MGE-S217	0	0	0	0	0	0	0	0	0
NR_136815.1	GIN-41-MGE-S217	0	0	0	0	0	0	0	0	0
NR_136814.1	GIN-41-MGE-S217	0	0	0	0	0	0	0	0	0
NR_136813.1	GIN-41-MGE-S217	0	0	0	0	0	0	0	0	0
NR_136812.1	GIN-41-MGE-S217	0	0	0	0	0	0	0	0	0
NR_136811.1	GIN-41-MGE-S217	0	0	0	0	0	0	0	0	0
NR_136810.1	GIN-41-MGE-S217	0	0	0	0	0	0	0	0	0
NR_136809.1	GIN-41-MGE-S217	0	0	0	0	0	0	0	0	0
NR_136808.1	GIN-41-MGE-S217	0	0	0	0	0	0	0	0	0
NR_136807.1	GIN-41-MGE-S217	0	0	0	0	0	0	0	0	0
NR_136806.1	GIN-41-MGE-S217	0	0	0	0	0	0	0	0	0
NR_136805.1	GIN-41-MGE-S217	0	0	0	0	0	0	0	0	0
NR_136804.1	GIN-41-MGE-S217	0	0	0	0	0	0	0	0	0
NR_136803.1	GIN-41-MGE-S217	0	0	0	0	0	0	0	0	0
NR_136802.1	GIN-41-MGE-S217	0	0	0	0	0	0	0	0	0
NR_136801.1	GIN-41-MGE-S217	0	0	0	0	0	0	0	0	0
NR_136800.1	GIN-41-MGE-S217	0	0	0	0	0	0	0	0	0
NR_136798.1	GIN-41-MGE-S217	0	0	0	0	0	0	0	0	0
NR_136797.1	GIN-41-MGE-S217	0	0	0	0	0	0	0	0	0
NR_136796.1	GIN-41-MGE-S217	0	0	0	0	0	0	0	0	0
NR_136795.1	GIN-41-MGE-S217	0	0	0	0	0	0	0	0	0
NR_136793.1	GIN-41-MGE-S217	0	0	0	0	0	0	0	0	0
NR_136790.1	GIN-41-MGE-S217	0	0	0	0	0	0	0	0	0
NR_136780.1	GIN-41-MGE-S217	0	0	0	0	0	0	0	0	0
NR_136779.1	GIN-41-MGE-S217	0	0	0	0	0	0	0	0	0
NR_136778.1	GIN-41-MGE-S217	0	0	0	0	0	0	0	0	0
NR_136777.1	GIN-41-MGE-S217	0	0	0	0	0	0	0	0	0
NR_136776.1	GIN-41-MGE-S217	0	0	0	0	0	0	0	0	0
NR_136773.1	GIN-41-MGE-S217	0	0	0	0	0	0	0	0	0
NR_136771.1	GIN-41-MGE-S217	0	0	0	0	0	0	0	0	0
NR_136770.1	GIN-41-MGE-S217	0	0	0	0	0	0	0	0	0
NR_136769.1	GIN-41-MGE-S217	0	0	0	0	0	0	0	0	0
NR_136768.1	GIN-41-MGE-S217	0	0	0	0	0	0	0	0	0
NR_136767.1	GIN-41-MGE-S217	0	0	0	0	0	0	0	0	0
NR_136764.1	GIN-41-MGE-S217	0	0	0	0	0	0	0	0	0
NR_136763.1	GIN-41-MGE-S217	0	0	0	0	0	0	0	0	0
NR_109641.1	GIN-41-MGE-S217	0	0	0	0	0	0	0	0	0
NR_136500.1	GIN-41-MGE-S217	0	0	0	0	0	0	0	0	0
NR_136498.1	GIN-41-MGE-S217	0	0	0	0	0	0	0	0	0
NR_136497.1	GIN-41-MGE-S217	0	0	0	0	0	0	0	0	0
NR_136491.1	GIN-41-MGE-S217	0	0	0	0	0	0	0	0	0
NR_136488.1	GIN-41-MGE-S217	0	0	0	0	0	0	0	0	0
NR_136487.1	GIN-41-MGE-S217	0	0	0	0	0	0	0	0	0
NR_136486.1	GIN-41-MGE-S217	0	0	0	0	0	0	0	0	0
NR_136485.1	GIN-41-MGE-S217	0	0	0	0	0	0	0	0	0
NR_136484.1	GIN-41-MGE-S217	0	0	0	0	0	0	0	0	0
NR_136483.1	GIN-41-MGE-S217	0	0	0	0	0	0	0	0	0
NR_136481.1	GIN-41-MGE-S217	0	0	0	0	0	0	0	0	0
NR_136479.1	GIN-41-MGE-S217	0	0	0	0	0	0	0	0	0
NR_136478.1	GIN-41-MGE-S217	0	0	0	0	0	0	0	0	0
NR_136477.1	GIN-41-MGE-S217	0	0	0	0	0	0	0	0	0
NR_136476.1	GIN-41-MGE-S217	0	0	0	0	0	0	0	0	0
NR_136475.1	GIN-41-MGE-S217	0	0	0	0	0	0	0	0	0
NR_136473.1	GIN-41-MGE-S217	0	0	0	0	0	0	0	0	0
NR_136472.1	GIN-41-MGE-S217	140	140	0	0	0	0	0	0	0
NR_136470.1	GIN-41-MGE-S217	0	0	0	0	0	0	0	0	0
NR_136469.1	GIN-41-MGE-S217	0	0	0	0	0	0	0	0	0
NR_136462.1	GIN-41-MGE-S217	0	0	0	0	0	0	0	0	0
NR_136460.1	GIN-41-MGE-S217	0	0	0	0	0	0	0	0	0
NR_136459.1	GIN-41-MGE-S217	0	0	0	0	0	0	0	0	0
NR_136458.1	GIN-41-MGE-S217	0	0	0	0	0	0	0	0	0
NR_136456.1	GIN-41-MGE-S217	0	0	0	0	0	0	0	0	0
NR_136455.1	GIN-41-MGE-S217	0	0	0	0	0	0	0	0	0
NR_136451.1	GIN-41-MGE-S217	0	0	0	0	0	0	0	0	0
NR_136450.1	GIN-41-MGE-S217	0	0	0	0	0	0	0	0	0
NR_136449.1	GIN-41-MGE-S217	0	0	0	0	0	0	0	0	0
NR_136446.1	GIN-41-MGE-S217	0	0	0	0	0	0	0	0	0
NR_136445.1	GIN-41-MGE-S217	0	0	0	0	0	0	0	0	0
NR_136444.1	GIN-41-MGE-S217	0	0	0	0	0	0	0	0	0
NR_136443.1	GIN-41-MGE-S217	0	0	0	0	0	0	0	0	0
NR_136442.1	GIN-41-MGE-S217	0	0	0	0	0	0	0	0	0
NR_136441.1	GIN-41-MGE-S217	0	0	0	0	0	0	0	0	0
NR_136439.1	GIN-41-MGE-S217	0	0	0	0	0	0	0	0	0
NR_136438.1	GIN-41-MGE-S217	0	0	0	0	0	0	0	0	0
NR_136433.1	GIN-41-MGE-S217	0	0	0	0	0	0	0	0	0
NR_136432.1	GIN-41-MGE-S217	0	0	0	0	0	0	0	0	0
NR_136430.1	GIN-41-MGE-S217	0	0	0	0	0	0	0	0	0
NR_136429.1	GIN-41-MGE-S217	0	0	0	0	0	0	0	0	0
NR_136425.1	GIN-41-MGE-S217	0	0	0	0	0	0	0	0	0
NR_136423.1	GIN-41-MGE-S217	0	0	0	0	0	0	0	0	0
NR_136422.1	GIN-41-MGE-S217	0	0	0	0	0	0	0	0	0
NR_136419.1	GIN-41-MGE-S217	0	0	0	0	0	0	0	0	0
NR_135902.1	GIN-41-MGE-S217	0	0	0	0	0	0	0	0	0
NR_135901.1	GIN-41-MGE-S217	0	0	0	0	0	0	0	0	0
NR_135899.1	GIN-41-MGE-S217	0	0	0	0	0	0	0	0	0
NR_135895.1	GIN-41-MGE-S217	0	0	0	0	0	0	0	0	0
NR_135892.1	GIN-41-MGE-S217	0	0	0	0	0	0	0	0	0
NR_135891.1	GIN-41-MGE-S217	0	0	0	0	0	0	0	0	0
NR_135890.1	GIN-41-MGE-S217	0	0	0	0	0	0	0	0	0
NR_135889.1	GIN-41-MGE-S217	0	0	0	0	0	0	0	0	0
NR_135888.1	GIN-41-MGE-S217	0	0	0	0	0	0	0	0	0
NR_135887.1	GIN-41-MGE-S217	0	0	0	0	0	0	0	0	0
NR_135886.1	GIN-41-MGE-S217	0	0	0	0	0	0	0	0	0
NR_135885.1	GIN-41-MGE-S217	0	0	0	0	0	0	0	0	0
NR_135883.1	GIN-41-MGE-S217	0	0	0	0	0	0	0	0	0
NR_135882.1	GIN-41-MGE-S217	0	0	0	0	0	0	0	0	0
NR_135881.1	GIN-41-MGE-S217	0	0	0	0	0	0	0	0	0
NR_135880.1	GIN-41-MGE-S217	0	0	0	0	0	0	0	0	0
NR_135876.1	GIN-41-MGE-S217	0	0	0	0	0	0	0	0	0
NR_135875.1	GIN-41-MGE-S217	0	0	0	0	0	0	0	0	0
NR_135874.1	GIN-41-MGE-S217	0	0	0	0	0	0	0	0	0
NR_135872.1	GIN-41-MGE-S217	0	0	0	0	0	0	0	0	0
NR_135871.1	GIN-41-MGE-S217	0	0	0	0	0	0	0	0	0
NR_135868.1	GIN-41-MGE-S217	0	0	0	0	0	0	0	0	0
NR_135867.1	GIN-41-MGE-S217	0	0	0	0	0	0	0	0	0
NR_135865.1	GIN-41-MGE-S217	0	0	0	0	0	0	0	0	0
NR_135861.1	GIN-41-MGE-S217	0	0	0	0	0	0	0	0	0
NR_135857.1	GIN-41-MGE-S217	0	0	0	0	0	0	0	0	0
NR_135736.1	GIN-41-MGE-S217	0	0	0	0	0	0	0	0	0
NR_135734.1	GIN-41-MGE-S217	0	0	0	0	0	0	0	0	0
NR_135733.1	GIN-41-MGE-S217	0	0	0	0	0	0	0	0	0
NR_135731.1	GIN-41-MGE-S217	0	0	0	0	0	0	0	0	0
NR_135730.1	GIN-41-MGE-S217	0	0	0	0	0	0	0	0	0
NR_135729.1	GIN-41-MGE-S217	0	0	0	0	0	0	0	0	0
NR_135728.1	GIN-41-MGE-S217	0	0	0	0	0	0	0	0	0
NR_135727.1	GIN-41-MGE-S217	0	0	0	0	0	0	0	0	0
NR_135724.1	GIN-41-MGE-S217	0	0	0	0	0	0	0	0	0
NR_135720.1	GIN-41-MGE-S217	0	0	0	0	0	0	0	0	0
NR_135718.1	GIN-41-MGE-S217	0	0	0	0	0	0	0	0	0
NR_135717.1	GIN-41-MGE-S217	0	0	0	0	0	0	0	0	0
NR_135715.1	GIN-41-MGE-S217	0	0	0	0	0	0	0	0	0
NR_135713.1	GIN-41-MGE-S217	0	0	0	0	0	0	0	0	0
NR_135712.1	GIN-41-MGE-S217	0	0	0	0	0	0	0	0	0
NR_135711.1	GIN-41-MGE-S217	0	0	0	0	0	0	0	0	0
NR_135710.1	GIN-41-MGE-S217	0	0	0	0	0	0	0	0	0
NR_135709.1	GIN-41-MGE-S217	0	0	0	0	0	0	0	0	0
NR_135705.1	GIN-41-MGE-S217	0	0	0	0	0	0	0	0	0
NR_135703.1	GIN-41-MGE-S217	0	0	0	0	0	0	0	0	0
NR_135702.1	GIN-41-MGE-S217	0	0	0	0	0	0	0	0	0
NR_135701.1	GIN-41-MGE-S217	0	0	0	0	0	0	0	0	0
NR_135699.1	GIN-41-MGE-S217	0	0	0	0	0	0	0	0	0
NR_135698.1	GIN-41-MGE-S217	0	0	0	0	0	0	0	0	0
NR_135697.1	GIN-41-MGE-S217	0	0	0	0	0	0	0	0	0
NR_135696.1	GIN-41-MGE-S217	0	0	0	0	0	0	0	0	0
NR_109497.1	GIN-41-MGE-S217	0	0	0	0	0	0	0	0	0
NR_109495.1	GIN-41-MGE-S217	0	0	0	0	0	0	0	0	0
NR_109494.1	GIN-41-MGE-S217	0	0	0	0	0	0	0	0	0
NR_109493.1	GIN-41-MGE-S217	0	0	0	0	0	0	0	0	0
NR_109492.1	GIN-41-MGE-S217	0	0	0	0	0	0	0	0	0
NR_108685.1	GIN-41-MGE-S217	0	0	0	0	0	0	0	0	0
NR_135212.1	GIN-41-MGE-S217	0	0	0	0	0	0	0	0	0
NR_135211.1	GIN-41-MGE-S217	0	0	0	0	0	0	0	0	0
NR_135210.1	GIN-41-MGE-S217	0	0	0	0	0	0	0	0	0
NR_135209.1	GIN-41-MGE-S217	0	0	0	0	0	0	0	0	0
NR_135208.1	GIN-41-MGE-S217	0	0	0	0	0	0	0	0	0
NR_134841.1	GIN-41-MGE-S217	0	0	0	0	0	0	0	0	0
NR_134840.1	GIN-41-MGE-S217	0	0	0	0	0	0	0	0	0
NR_134836.1	GIN-41-MGE-S217	0	0	0	0	0	0	0	0	0
NR_134830.1	GIN-41-MGE-S217	0	0	0	0	0	0	0	0	0
NR_134829.1	GIN-41-MGE-S217	0	0	0	0	0	0	0	0	0
NR_134827.1	GIN-41-MGE-S217	0	0	0	0	0	0	0	0	0
NR_134826.1	GIN-41-MGE-S217	0	0	0	0	0	0	0	0	0
NR_134825.1	GIN-41-MGE-S217	0	0	0	0	0	0	0	0	0
NR_134824.1	GIN-41-MGE-S217	0	0	0	0	0	0	0	0	0
NR_134823.1	GIN-41-MGE-S217	0	0	0	0	0	0	0	0	0
NR_134822.1	GIN-41-MGE-S217	0	0	0	0	0	0	0	0	0
NR_134821.1	GIN-41-MGE-S217	0	0	0	0	0	0	0	0	0
NR_134820.1	GIN-41-MGE-S217	0	0	0	0	0	0	0	0	0
NR_134819.1	GIN-41-MGE-S217	0	0	0	0	0	0	0	0	0
NR_134816.1	GIN-41-MGE-S217	0	0	0	0	0	0	0	0	0
NR_134815.1	GIN-41-MGE-S217	0	0	0	0	0	0	0	0	0
NR_134814.1	GIN-41-MGE-S217	0	0	0	0	0	0	0	0	0
NR_134812.1	GIN-41-MGE-S217	0	0	0	0	0	0	0	0	0
NR_134811.1	GIN-41-MGE-S217	0	0	0	0	0	0	0	0	0
NR_134810.1	GIN-41-MGE-S217	0	0	0	0	0	0	0	0	0
NR_134809.1	GIN-41-MGE-S217	0	0	0	0	0	0	0	0	0
NR_134808.1	GIN-41-MGE-S217	0	0	0	0	0	0	0	0	0
NR_134806.1	GIN-41-MGE-S217	0	0	0	0	0	0	0	0	0
NR_134805.1	GIN-41-MGE-S217	0	0	0	0	0	0	0	0	0
NR_134803.1	GIN-41-MGE-S217	0	0	0	0	0	0	0	0	0
NR_134802.1	GIN-41-MGE-S217	0	0	0	0	0	0	0	0	0
NR_134800.1	GIN-41-MGE-S217	0	0	0	0	0	0	0	0	0
NR_134797.1	GIN-41-MGE-S217	0	0	0	0	0	0	0	0	0
NR_134796.1	GIN-41-MGE-S217	0	0	0	0	0	0	0	0	0
NR_134795.1	GIN-41-MGE-S217	0	0	0	0	0	0	0	0	0
NR_134794.1	GIN-41-MGE-S217	0	0	0	0	0	0	0	0	0
NR_134791.1	GIN-41-MGE-S217	0	0	0	0	0	0	0	0	0
NR_134790.1	GIN-41-MGE-S217	0	0	0	0	0	0	0	0	0
NR_134789.1	GIN-41-MGE-S217	0	0	0	0	0	0	0	0	0
NR_134788.1	GIN-41-MGE-S217	0	0	0	0	0	0	0	0	0
NR_134787.1	GIN-41-MGE-S217	0	0	0	0	0	0	0	0	0
NR_134786.1	GIN-41-MGE-S217	0	0	0	0	0	0	0	0	0
NR_134785.1	GIN-41-MGE-S217	0	0	0	0	0	0	0	0	0
NR_134782.1	GIN-41-MGE-S217	0	0	0	0	0	0	0	0	0
NR_134780.1	GIN-41-MGE-S217	0	0	0	0	0	0	0	0	0
NR_134779.1	GIN-41-MGE-S217	0	0	0	0	0	0	0	0	0
NR_134778.1	GIN-41-MGE-S217	0	0	0	0	0	0	0	0	0
NR_134777.1	GIN-41-MGE-S217	0	0	0	0	0	0	0	0	0
NR_134776.1	GIN-41-MGE-S217	0	0	0	0	0	0	0	0	0
NR_134774.1	GIN-41-MGE-S217	0	0	0	0	0	0	0	0	0
NR_134771.1	GIN-41-MGE-S217	0	0	0	0	0	0	0	0	0
NR_134770.1	GIN-41-MGE-S217	0	0	0	0	0	0	0	0	0
NR_134769.1	GIN-41-MGE-S217	0	0	0	0	0	0	0	0	0
NR_134768.1	GIN-41-MGE-S217	0	0	0	0	0	0	0	0	0
NR_134765.1	GIN-41-MGE-S217	0	0	0	0	0	0	0	0	0
NR_134764.1	GIN-41-MGE-S217	0	0	0	0	0	0	0	0	0
NR_134761.1	GIN-41-MGE-S217	0	0	0	0	0	0	0	0	0
NR_134760.1	GIN-41-MGE-S217	0	0	0	0	0	0	0	0	0
NR_134759.1	GIN-41-MGE-S217	0	0	0	0	0	0	0	0	0
NR_134758.1	GIN-41-MGE-S217	0	0	0	0	0	0	0	0	0
NR_134757.1	GIN-41-MGE-S217	0	0	0	0	0	0	0	0	0
NR_134756.1	GIN-41-MGE-S217	0	0	0	0	0	0	0	0	0
NR_134755.1	GIN-41-MGE-S217	0	0	0	0	0	0	0	0	0
NR_134754.1	GIN-41-MGE-S217	0	0	0	0	0	0	0	0	0
NR_134752.1	GIN-41-MGE-S217	0	0	0	0	0	0	0	0	0
NR_134750.1	GIN-41-MGE-S217	0	0	0	0	0	0	0	0	0
NR_134749.1	GIN-41-MGE-S217	0	0	0	0	0	0	0	0	0
NR_134746.1	GIN-41-MGE-S217	0	0	0	0	0	0	0	0	0
NR_134741.1	GIN-41-MGE-S217	0	0	0	0	0	0	0	0	0
NR_134740.1	GIN-41-MGE-S217	0	0	0	0	0	0	0	0	0
NR_134739.1	GIN-41-MGE-S217	0	0	0	0	0	0	0	0	0
NR_134736.1	GIN-41-MGE-S217	0	0	0	0	0	0	0	0	0
NR_134735.1	GIN-41-MGE-S217	0	0	0	0	0	0	0	0	0
NR_134734.1	GIN-41-MGE-S217	0	0	0	0	0	0	0	0	0
NR_134733.1	GIN-41-MGE-S217	0	0	0	0	0	0	0	0	0
NR_134732.1	GIN-41-MGE-S217	0	0	0	0	0	0	0	0	0
NR_134731.1	GIN-41-MGE-S217	0	0	0	0	0	0	0	0	0
NR_134730.1	GIN-41-MGE-S217	0	0	0	0	0	0	0	0	0
NR_134729.1	GIN-41-MGE-S217	0	0	0	0	0	0	0	0	0
NR_134728.1	GIN-41-MGE-S217	0	0	0	0	0	0	0	0	0
NR_134727.1	GIN-41-MGE-S217	0	0	0	0	0	0	0	0	0
NR_134726.1	GIN-41-MGE-S217	0	0	0	0	0	0	0	0	0
NR_134725.1	GIN-41-MGE-S217	0	0	0	0	0	0	0	0	0
NR_134724.1	GIN-41-MGE-S217	0	0	0	0	0	0	0	0	0
NR_134723.1	GIN-41-MGE-S217	0	0	0	0	0	0	0	0	0
NR_134722.1	GIN-41-MGE-S217	0	0	0	0	0	0	0	0	0
NR_134721.1	GIN-41-MGE-S217	0	0	0	0	0	0	0	0	0
NR_134720.1	GIN-41-MGE-S217	0	0	0	0	0	0	0	0	0
NR_134719.1	GIN-41-MGE-S217	0	0	0	0	0	0	0	0	0
NR_134718.1	GIN-41-MGE-S217	0	0	0	0	0	0	0	0	0
NR_134717.1	GIN-41-MGE-S217	0	0	0	0	0	0	0	0	0
NR_134716.1	GIN-41-MGE-S217	0	0	0	0	0	0	0	0	0
NR_134714.1	GIN-41-MGE-S217	0	0	0	0	0	0	0	0	0
NR_134713.1	GIN-41-MGE-S217	0	0	0	0	0	0	0	0	0
NR_134712.1	GIN-41-MGE-S217	0	0	0	0	0	0	0	0	0
NR_134709.1	GIN-41-MGE-S217	0	0	0	0	0	0	0	0	0
NR_134707.1	GIN-41-MGE-S217	0	0	0	0	0	0	0	0	0
NR_134706.1	GIN-41-MGE-S217	0	0	0	0	0	0	0	0	0
NR_134705.1	GIN-41-MGE-S217	0	0	0	0	0	0	0	0	0
NR_134704.1	GIN-41-MGE-S217	0	0	0	0	0	0	0	0	0
NR_134703.1	GIN-41-MGE-S217	0	0	0	0	0	0	0	0	0
NR_134700.1	GIN-41-MGE-S217	0	0	0	0	0	0	0	0	0
NR_134698.1	GIN-41-MGE-S217	0	0	0	0	0	0	0	0	0
NR_134697.1	GIN-41-MGE-S217	0	0	0	0	0	0	0	0	0
NR_134696.1	GIN-41-MGE-S217	0	0	0	0	0	0	0	0	0
NR_134695.1	GIN-41-MGE-S217	0	0	0	0	0	0	0	0	0
NR_134694.1	GIN-41-MGE-S217	0	0	0	0	0	0	0	0	0
NR_134691.1	GIN-41-MGE-S217	0	0	0	0	0	0	0	0	0
NR_134690.1	GIN-41-MGE-S217	0	0	0	0	0	0	0	0	0
NR_134689.1	GIN-41-MGE-S217	0	0	0	0	0	0	0	0	0
NR_134688.1	GIN-41-MGE-S217	0	0	0	0	0	0	0	0	0
NR_134687.1	GIN-41-MGE-S217	0	0	0	0	0	0	0	0	0
NR_134684.1	GIN-41-MGE-S217	0	0	0	0	0	0	0	0	0
NR_109160.1	GIN-41-MGE-S217	0	0	0	0	0	0	0	0	0
NR_134156.2	GIN-41-MGE-S217	0	0	0	0	0	0	0	0	0
NR_134230.1	GIN-41-MGE-S217	0	0	0	0	0	0	0	0	0
NR_134229.1	GIN-41-MGE-S217	0	0	0	0	0	0	0	0	0
NR_134227.1	GIN-41-MGE-S217	0	0	0	0	0	0	0	0	0
NR_134225.1	GIN-41-MGE-S217	0	0	0	0	0	0	0	0	0
NR_134224.1	GIN-41-MGE-S217	0	0	0	0	0	0	0	0	0
NR_134222.1	GIN-41-MGE-S217	0	0	0	0	0	0	0	0	0
NR_134221.1	GIN-41-MGE-S217	0	0	0	0	0	0	0	0	0
NR_134220.1	GIN-41-MGE-S217	0	0	0	0	0	0	0	0	0
NR_134219.1	GIN-41-MGE-S217	0	0	0	0	0	0	0	0	0
NR_134218.1	GIN-41-MGE-S217	0	0	0	0	0	0	0	0	0
NR_134215.1	GIN-41-MGE-S217	0	0	0	0	0	0	0	0	0
NR_134213.1	GIN-41-MGE-S217	0	0	0	0	0	0	0	0	0
NR_134212.1	GIN-41-MGE-S217	0	0	0	0	0	0	0	0	0
NR_134211.1	GIN-41-MGE-S217	0	0	0	0	0	0	0	0	0
NR_134210.1	GIN-41-MGE-S217	0	0	0	0	0	0	0	0	0
NR_134209.1	GIN-41-MGE-S217	0	0	0	0	0	0	0	0	0
NR_134208.1	GIN-41-MGE-S217	0	0	0	0	0	0	0	0	0
NR_134207.1	GIN-41-MGE-S217	0	0	0	0	0	0	0	0	0
NR_134203.1	GIN-41-MGE-S217	0	0	0	0	0	0	0	0	0
NR_134202.1	GIN-41-MGE-S217	0	0	0	0	0	0	0	0	0
NR_134201.1	GIN-41-MGE-S217	0	0	0	0	0	0	0	0	0
NR_134200.1	GIN-41-MGE-S217	0	0	0	0	0	0	0	0	0
NR_134199.1	GIN-41-MGE-S217	0	0	0	0	0	0	0	0	0
NR_134198.1	GIN-41-MGE-S217	0	0	0	0	0	0	0	0	0
NR_134196.1	GIN-41-MGE-S217	0	0	0	0	0	0	0	0	0
NR_134194.1	GIN-41-MGE-S217	0	0	0	0	0	0	0	0	0
NR_134190.1	GIN-41-MGE-S217	0	0	0	0	0	0	0	0	0
NR_134189.1	GIN-41-MGE-S217	0	0	0	0	0	0	0	0	0
NR_134188.1	GIN-41-MGE-S217	0	0	0	0	0	0	0	0	0
NR_134187.1	GIN-41-MGE-S217	0	0	0	0	0	0	0	0	0
NR_134186.1	GIN-41-MGE-S217	0	0	0	0	0	0	0	0	0
NR_134185.1	GIN-41-MGE-S217	0	0	0	0	0	0	0	0	0
NR_134184.1	GIN-41-MGE-S217	0	0	0	0	0	0	0	0	0
NR_134183.1	GIN-41-MGE-S217	0	0	0	0	0	0	0	0	0
NR_134182.1	GIN-41-MGE-S217	0	0	0	0	0	0	0	0	0
NR_134181.1	GIN-41-MGE-S217	0	0	0	0	0	0	0	0	0
NR_134180.1	GIN-41-MGE-S217	0	0	0	0	0	0	0	0	0
NR_134179.1	GIN-41-MGE-S217	0	0	0	0	0	0	0	0	0
NR_134178.1	GIN-41-MGE-S217	0	0	0	0	0	0	0	0	0
NR_134177.1	GIN-41-MGE-S217	0	0	0	0	0	0	0	0	0
NR_134176.1	GIN-41-MGE-S217	0	0	0	0	0	0	0	0	0
NR_134175.1	GIN-41-MGE-S217	0	0	0	0	0	0	0	0	0
NR_134174.1	GIN-41-MGE-S217	0	0	0	0	0	0	0	0	0
NR_134172.1	GIN-41-MGE-S217	0	0	0	0	0	0	0	0	0
NR_134171.1	GIN-41-MGE-S217	0	0	0	0	0	0	0	0	0
NR_134170.1	GIN-41-MGE-S217	0	0	0	0	0	0	0	0	0
NR_134168.1	GIN-41-MGE-S217	0	0	0	0	0	0	0	0	0
NR_134167.1	GIN-41-MGE-S217	0	0	0	0	0	0	0	0	0
NR_134166.1	GIN-41-MGE-S217	0	0	0	0	0	0	0	0	0
NR_134164.1	GIN-41-MGE-S217	0	0	0	0	0	0	0	0	0
NR_134159.1	GIN-41-MGE-S217	0	0	0	0	0	0	0	0	0
NR_134157.1	GIN-41-MGE-S217	0	0	0	0	0	0	0	0	0
NR_134155.1	GIN-41-MGE-S217	0	0	0	0	0	0	0	0	0
NR_134153.1	GIN-41-MGE-S217	0	0	0	0	0	0	0	0	0
NR_134151.1	GIN-41-MGE-S217	0	0	0	0	0	0	0	0	0
NR_134150.1	GIN-41-MGE-S217	0	0	0	0	0	0	0	0	0
NR_134149.1	GIN-41-MGE-S217	0	0	0	0	0	0	0	0	0
NR_134148.1	GIN-41-MGE-S217	0	0	0	0	0	0	0	0	0
NR_134147.1	GIN-41-MGE-S217	0	0	0	0	0	0	0	0	0
NR_134146.1	GIN-41-MGE-S217	0	0	0	0	0	0	0	0	0
NR_134144.1	GIN-41-MGE-S217	0	0	0	0	0	0	0	0	0
NR_134143.1	GIN-41-MGE-S217	0	0	0	0	0	0	0	0	0
NR_134137.1	GIN-41-MGE-S217	0	0	0	0	0	0	0	0	0
NR_134136.1	GIN-41-MGE-S217	0	0	0	0	0	0	0	0	0
NR_134135.1	GIN-41-MGE-S217	0	0	0	0	0	0	0	0	0
NR_134134.1	GIN-41-MGE-S217	0	0	0	0	0	0	0	0	0
NR_134133.1	GIN-41-MGE-S217	0	0	0	0	0	0	0	0	0
NR_134132.1	GIN-41-MGE-S217	0	0	0	0	0	0	0	0	0
NR_134131.1	GIN-41-MGE-S217	0	0	0	0	0	0	0	0	0
NR_134129.1	GIN-41-MGE-S217	0	0	0	0	0	0	0	0	0
NR_134128.1	GIN-41-MGE-S217	0	0	0	0	0	0	0	0	0
NR_134127.1	GIN-41-MGE-S217	0	0	0	0	0	0	0	0	0
NR_134125.1	GIN-41-MGE-S217	0	0	0	0	0	0	0	0	0
NR_134124.1	GIN-41-MGE-S217	0	0	0	0	0	0	0	0	0
NR_134123.1	GIN-41-MGE-S217	0	0	0	0	0	0	0	0	0
NR_134122.1	GIN-41-MGE-S217	0	0	0	0	0	0	0	0	0
NR_134121.1	GIN-41-MGE-S217	0	0	0	0	0	0	0	0	0
NR_134119.1	GIN-41-MGE-S217	0	0	0	0	0	0	0	0	0
NR_134118.1	GIN-41-MGE-S217	0	0	0	0	0	0	0	0	0
NR_134117.1	GIN-41-MGE-S217	0	0	0	0	0	0	0	0	0
NR_134116.1	GIN-41-MGE-S217	0	0	0	0	0	0	0	0	0
NR_134115.1	GIN-41-MGE-S217	0	0	0	0	0	0	0	0	0
NR_134114.1	GIN-41-MGE-S217	0	0	0	0	0	0	0	0	0
NR_134112.1	GIN-41-MGE-S217	0	0	0	0	0	0	0	0	0
NR_134111.1	GIN-41-MGE-S217	0	0	0	0	0	0	0	0	0
NR_134110.1	GIN-41-MGE-S217	0	0	0	0	0	0	0	0	0
NR_134109.1	GIN-41-MGE-S217	0	0	0	0	0	0	0	0	0
NR_134107.1	GIN-41-MGE-S217	0	0	0	0	0	0	0	0	0
NR_134106.1	GIN-41-MGE-S217	0	0	0	0	0	0	0	0	0
NR_134105.1	GIN-41-MGE-S217	0	0	0	0	0	0	0	0	0
NR_134104.1	GIN-41-MGE-S217	0	0	0	0	0	0	0	0	0
NR_134103.1	GIN-41-MGE-S217	0	0	0	0	0	0	0	0	0
NR_134102.1	GIN-41-MGE-S217	0	0	0	0	0	0	0	0	0
NR_134101.1	GIN-41-MGE-S217	0	0	0	0	0	0	0	0	0
NR_134099.1	GIN-41-MGE-S217	0	0	0	0	0	0	0	0	0
NR_134098.1	GIN-41-MGE-S217	0	0	0	0	0	0	0	0	0
NR_134096.1	GIN-41-MGE-S217	0	0	0	0	0	0	0	0	0
NR_134095.1	GIN-41-MGE-S217	0	0	0	0	0	0	0	0	0
NR_134094.1	GIN-41-MGE-S217	0	0	0	0	0	0	0	0	0
NR_134093.1	GIN-41-MGE-S217	0	0	0	0	0	0	0	0	0
NR_134092.1	GIN-41-MGE-S217	0	0	0	0	0	0	0	0	0
NR_134091.1	GIN-41-MGE-S217	0	0	0	0	0	0	0	0	0
NR_134090.1	GIN-41-MGE-S217	0	0	0	0	0	0	0	0	0
NR_134089.1	GIN-41-MGE-S217	0	0	0	0	0	0	0	0	0
NR_134088.1	GIN-41-MGE-S217	0	0	0	0	0	0	0	0	0
NR_134087.1	GIN-41-MGE-S217	0	0	0	0	0	0	0	0	0
NR_134086.1	GIN-41-MGE-S217	0	0	0	0	0	0	0	0	0
NR_134085.1	GIN-41-MGE-S217	0	0	0	0	0	0	0	0	0
NR_134084.1	GIN-41-MGE-S217	0	0	0	0	0	0	0	0	0
NR_134082.1	GIN-41-MGE-S217	0	0	0	0	0	0	0	0	0
NR_134081.1	GIN-41-MGE-S217	0	0	0	0	0	0	0	0	0
NR_134080.1	GIN-41-MGE-S217	92	92	0	0	0	0	0	0	0
NR_134079.1	GIN-41-MGE-S217	0	0	0	0	0	0	0	0	0
NR_134078.1	GIN-41-MGE-S217	0	0	0	0	0	0	0	0	0
NR_134077.1	GIN-41-MGE-S217	0	0	0	0	0	0	0	0	0
NR_134076.1	GIN-41-MGE-S217	0	0	0	0	0	0	0	0	0
NR_134075.1	GIN-41-MGE-S217	0	0	0	0	0	0	0	0	0
NR_134074.1	GIN-41-MGE-S217	0	0	0	0	0	0	0	0	0
NR_134073.1	GIN-41-MGE-S217	0	0	0	0	0	0	0	0	0
NR_134072.1	GIN-41-MGE-S217	0	0	0	0	0	0	0	0	0
NR_134071.1	GIN-41-MGE-S217	0	0	0	0	0	0	0	0	0
NR_134067.1	GIN-41-MGE-S217	0	0	0	0	0	0	0	0	0
NR_134064.1	GIN-41-MGE-S217	0	0	0	0	0	0	0	0	0
NR_134063.1	GIN-41-MGE-S217	0	0	0	0	0	0	0	0	0
NR_134062.1	GIN-41-MGE-S217	0	0	0	0	0	0	0	0	0
NR_134061.1	GIN-41-MGE-S217	0	0	0	0	0	0	0	0	0
NR_134058.1	GIN-41-MGE-S217	0	0	0	0	0	0	0	0	0
NR_134057.1	GIN-41-MGE-S217	0	0	0	0	0	0	0	0	0
NR_134055.1	GIN-41-MGE-S217	0	0	0	0	0	0	0	0	0
NR_134052.1	GIN-41-MGE-S217	0	0	0	0	0	0	0	0	0
NR_134049.1	GIN-41-MGE-S217	0	0	0	0	0	0	0	0	0
NR_134047.1	GIN-41-MGE-S217	0	0	0	0	0	0	0	0	0
NR_134044.1	GIN-41-MGE-S217	0	0	0	0	0	0	0	0	0
NR_134043.1	GIN-41-MGE-S217	0	0	0	0	0	0	0	0	0
NR_134042.1	GIN-41-MGE-S217	0	0	0	0	0	0	0	0	0
NR_134039.1	GIN-41-MGE-S217	0	0	0	0	0	0	0	0	0
NR_134038.1	GIN-41-MGE-S217	0	0	0	0	0	0	0	0	0
NR_134037.1	GIN-41-MGE-S217	0	0	0	0	0	0	0	0	0
NR_134036.1	GIN-41-MGE-S217	0	0	0	0	0	0	0	0	0
NR_134035.1	GIN-41-MGE-S217	0	0	0	0	0	0	0	0	0
NR_134033.1	GIN-41-MGE-S217	0	0	0	0	0	0	0	0	0
NR_134032.1	GIN-41-MGE-S217	0	0	0	0	0	0	0	0	0
NR_134030.1	GIN-41-MGE-S217	0	0	0	0	0	0	0	0	0
NR_134029.1	GIN-41-MGE-S217	0	0	0	0	0	0	0	0	0
NR_134026.1	GIN-41-MGE-S217	0	0	0	0	0	0	0	0	0
NR_134024.1	GIN-41-MGE-S217	0	0	0	0	0	0	0	0	0
NR_134023.1	GIN-41-MGE-S217	0	0	0	0	0	0	0	0	0
NR_134022.1	GIN-41-MGE-S217	0	0	0	0	0	0	0	0	0
NR_134021.1	GIN-41-MGE-S217	0	0	0	0	0	0	0	0	0
NR_134020.1	GIN-41-MGE-S217	0	0	0	0	0	0	0	0	0
NR_134019.1	GIN-41-MGE-S217	0	0	0	0	0	0	0	0	0
NR_134018.1	GIN-41-MGE-S217	0	0	0	0	0	0	0	0	0
NR_134017.1	GIN-41-MGE-S217	0	0	0	0	0	0	0	0	0
NR_134016.1	GIN-41-MGE-S217	0	0	0	0	0	0	0	0	0
NR_134014.1	GIN-41-MGE-S217	0	0	0	0	0	0	0	0	0
NR_134013.1	GIN-41-MGE-S217	0	0	0	0	0	0	0	0	0
NR_134011.1	GIN-41-MGE-S217	0	0	0	0	0	0	0	0	0
NR_134010.1	GIN-41-MGE-S217	0	0	0	0	0	0	0	0	0
NR_134009.1	GIN-41-MGE-S217	0	0	0	0	0	0	0	0	0
NR_134008.1	GIN-41-MGE-S217	0	0	0	0	0	0	0	0	0
NR_134007.1	GIN-41-MGE-S217	0	0	0	0	0	0	0	0	0
NR_134006.1	GIN-41-MGE-S217	0	0	0	0	0	0	0	0	0
NR_134005.1	GIN-41-MGE-S217	0	0	0	0	0	0	0	0	0
NR_134004.1	GIN-41-MGE-S217	0	0	0	0	0	0	0	0	0
NR_134003.1	GIN-41-MGE-S217	0	0	0	0	0	0	0	0	0
NR_134000.1	GIN-41-MGE-S217	0	0	0	0	0	0	0	0	0
NR_133999.1	GIN-41-MGE-S217	0	0	0	0	0	0	0	0	0
NR_133998.1	GIN-41-MGE-S217	0	0	0	0	0	0	0	0	0
NR_133996.1	GIN-41-MGE-S217	0	0	0	0	0	0	0	0	0
NR_133994.1	GIN-41-MGE-S217	0	0	0	0	0	0	0	0	0
NR_133993.1	GIN-41-MGE-S217	0	0	0	0	0	0	0	0	0
NR_133992.1	GIN-41-MGE-S217	0	0	0	0	0	0	0	0	0
NR_133991.1	GIN-41-MGE-S217	0	0	0	0	0	0	0	0	0
NR_133990.1	GIN-41-MGE-S217	0	0	0	0	0	0	0	0	0
NR_133989.1	GIN-41-MGE-S217	0	0	0	0	0	0	0	0	0
NR_133988.1	GIN-41-MGE-S217	0	0	0	0	0	0	0	0	0
NR_133987.1	GIN-41-MGE-S217	0	0	0	0	0	0	0	0	0
NR_133986.1	GIN-41-MGE-S217	0	0	0	0	0	0	0	0	0
NR_133985.1	GIN-41-MGE-S217	0	0	0	0	0	0	0	0	0
NR_133984.1	GIN-41-MGE-S217	0	0	0	0	0	0	0	0	0
NR_133983.1	GIN-41-MGE-S217	0	0	0	0	0	0	0	0	0
NR_133982.1	GIN-41-MGE-S217	0	0	0	0	0	0	0	0	0
NR_133973.1	GIN-41-MGE-S217	0	0	0	0	0	0	0	0	0
NR_133972.1	GIN-41-MGE-S217	0	0	0	0	0	0	0	0	0
NR_133971.1	GIN-41-MGE-S217	0	0	0	0	0	0	0	0	0
NR_133970.1	GIN-41-MGE-S217	0	0	0	0	0	0	0	0	0
NR_133969.1	GIN-41-MGE-S217	0	0	0	0	0	0	0	0	0
NR_133968.1	GIN-41-MGE-S217	0	0	0	0	0	0	0	0	0
NR_133967.1	GIN-41-MGE-S217	0	0	0	0	0	0	0	0	0
NR_133966.1	GIN-41-MGE-S217	0	0	0	0	0	0	0	0	0
NR_133964.1	GIN-41-MGE-S217	0	0	0	0	0	0	0	0	0
NR_133963.1	GIN-41-MGE-S217	0	0	0	0	0	0	0	0	0
NR_133962.1	GIN-41-MGE-S217	0	0	0	0	0	0	0	0	0
NR_133961.1	GIN-41-MGE-S217	0	0	0	0	0	0	0	0	0
NR_133959.1	GIN-41-MGE-S217	0	0	0	0	0	0	0	0	0
NR_133958.1	GIN-41-MGE-S217	0	0	0	0	0	0	0	0	0
NR_133957.1	GIN-41-MGE-S217	0	0	0	0	0	0	0	0	0
NR_133955.1	GIN-41-MGE-S217	0	0	0	0	0	0	0	0	0
NR_133954.1	GIN-41-MGE-S217	0	0	0	0	0	0	0	0	0
NR_133953.1	GIN-41-MGE-S217	0	0	0	0	0	0	0	0	0
NR_133952.1	GIN-41-MGE-S217	0	0	0	0	0	0	0	0	0
NR_133951.1	GIN-41-MGE-S217	0	0	0	0	0	0	0	0	0
NR_133950.1	GIN-41-MGE-S217	0	0	0	0	0	0	0	0	0
NR_109446.1	GIN-41-MGE-S217	0	0	0	0	0	0	0	0	0
NR_109125.1	GIN-41-MGE-S217	0	0	0	0	0	0	0	0	0
NR_108242.1	GIN-41-MGE-S217	0	0	0	0	0	0	0	0	0
NR_108237.1	GIN-41-MGE-S217	0	0	0	0	0	0	0	0	0
NR_133894.1	GIN-41-MGE-S217	0	0	0	0	0	0	0	0	0
NR_133893.1	GIN-41-MGE-S217	0	0	0	0	0	0	0	0	0
NR_133892.1	GIN-41-MGE-S217	0	0	0	0	0	0	0	0	0
NR_133891.1	GIN-41-MGE-S217	0	0	0	0	0	0	0	0	0
NR_133889.1	GIN-41-MGE-S217	0	0	0	0	0	0	0	0	0
NR_133887.1	GIN-41-MGE-S217	0	0	0	0	0	0	0	0	0
NR_133885.1	GIN-41-MGE-S217	0	0	0	0	0	0	0	0	0
NR_133884.1	GIN-41-MGE-S217	0	0	0	0	0	0	0	0	0
NR_133882.1	GIN-41-MGE-S217	0	0	0	0	0	0	0	0	0
NR_133881.1	GIN-41-MGE-S217	0	0	0	0	0	0	0	0	0
NR_133880.1	GIN-41-MGE-S217	0	0	0	0	0	0	0	0	0
NR_133879.1	GIN-41-MGE-S217	0	0	0	0	0	0	0	0	0
NR_133878.1	GIN-41-MGE-S217	0	0	0	0	0	0	0	0	0
NR_133877.1	GIN-41-MGE-S217	0	0	0	0	0	0	0	0	0
NR_133876.1	GIN-41-MGE-S217	0	0	0	0	0	0	0	0	0
NR_133875.1	GIN-41-MGE-S217	0	0	0	0	0	0	0	0	0
NR_133874.1	GIN-41-MGE-S217	0	0	0	0	0	0	0	0	0
NR_133873.1	GIN-41-MGE-S217	0	0	0	0	0	0	0	0	0
NR_133872.1	GIN-41-MGE-S217	0	0	0	0	0	0	0	0	0
NR_133871.1	GIN-41-MGE-S217	0	0	0	0	0	0	0	0	0
NR_133870.1	GIN-41-MGE-S217	0	0	0	0	0	0	0	0	0
NR_133869.1	GIN-41-MGE-S217	0	0	0	0	0	0	0	0	0
NR_133868.1	GIN-41-MGE-S217	0	0	0	0	0	0	0	0	0
NR_133867.1	GIN-41-MGE-S217	0	0	0	0	0	0	0	0	0
NR_133866.1	GIN-41-MGE-S217	0	0	0	0	0	0	0	0	0
NR_133864.1	GIN-41-MGE-S217	0	0	0	0	0	0	0	0	0
NR_133863.1	GIN-41-MGE-S217	0	0	0	0	0	0	0	0	0
NR_133862.1	GIN-41-MGE-S217	0	0	0	0	0	0	0	0	0
NR_133861.1	GIN-41-MGE-S217	0	0	0	0	0	0	0	0	0
NR_133860.1	GIN-41-MGE-S217	0	0	0	0	0	0	0	0	0
NR_133859.1	GIN-41-MGE-S217	0	0	0	0	0	0	0	0	0
NR_133857.1	GIN-41-MGE-S217	0	0	0	0	0	0	0	0	0
NR_133856.1	GIN-41-MGE-S217	0	0	0	0	0	0	0	0	0
NR_133855.1	GIN-41-MGE-S217	0	0	0	0	0	0	0	0	0
NR_133854.1	GIN-41-MGE-S217	0	0	0	0	0	0	0	0	0
NR_133853.1	GIN-41-MGE-S217	0	0	0	0	0	0	0	0	0
NR_133851.1	GIN-41-MGE-S217	0	0	0	0	0	0	0	0	0
NR_133850.1	GIN-41-MGE-S217	0	0	0	0	0	0	0	0	0
NR_133849.1	GIN-41-MGE-S217	0	0	0	0	0	0	0	0	0
NR_133848.1	GIN-41-MGE-S217	0	0	0	0	0	0	0	0	0
NR_133847.1	GIN-41-MGE-S217	0	0	0	0	0	0	0	0	0
NR_133846.1	GIN-41-MGE-S217	0	0	0	0	0	0	0	0	0
NR_133845.1	GIN-41-MGE-S217	0	0	0	0	0	0	0	0	0
NR_133844.1	GIN-41-MGE-S217	0	0	0	0	0	0	0	0	0
NR_133841.1	GIN-41-MGE-S217	0	0	0	0	0	0	0	0	0
NR_133840.1	GIN-41-MGE-S217	0	0	0	0	0	0	0	0	0
NR_133839.1	GIN-41-MGE-S217	0	0	0	0	0	0	0	0	0
NR_133838.1	GIN-41-MGE-S217	0	0	0	0	0	0	0	0	0
NR_133837.1	GIN-41-MGE-S217	0	0	0	0	0	0	0	0	0
NR_133836.1	GIN-41-MGE-S217	0	0	0	0	0	0	0	0	0
NR_133835.1	GIN-41-MGE-S217	0	0	0	0	0	0	0	0	0
NR_133834.1	GIN-41-MGE-S217	0	0	0	0	0	0	0	0	0
NR_133833.1	GIN-41-MGE-S217	0	0	0	0	0	0	0	0	0
NR_133832.1	GIN-41-MGE-S217	0	0	0	0	0	0	0	0	0
NR_133831.1	GIN-41-MGE-S217	0	0	0	0	0	0	0	0	0
NR_133830.1	GIN-41-MGE-S217	0	0	0	0	0	0	0	0	0
NR_133829.1	GIN-41-MGE-S217	0	0	0	0	0	0	0	0	0
NR_133828.1	GIN-41-MGE-S217	0	0	0	0	0	0	0	0	0
NR_133827.1	GIN-41-MGE-S217	0	0	0	0	0	0	0	0	0
NR_133826.1	GIN-41-MGE-S217	0	0	0	0	0	0	0	0	0
NR_133825.1	GIN-41-MGE-S217	0	0	0	0	0	0	0	0	0
NR_133824.1	GIN-41-MGE-S217	0	0	0	0	0	0	0	0	0
NR_133823.1	GIN-41-MGE-S217	0	0	0	0	0	0	0	0	0
NR_133822.1	GIN-41-MGE-S217	0	0	0	0	0	0	0	0	0
NR_133821.1	GIN-41-MGE-S217	0	0	0	0	0	0	0	0	0
NR_133820.1	GIN-41-MGE-S217	0	0	0	0	0	0	0	0	0
NR_133819.1	GIN-41-MGE-S217	0	0	0	0	0	0	0	0	0
NR_133818.1	GIN-41-MGE-S217	0	0	0	0	0	0	0	0	0
NR_133817.1	GIN-41-MGE-S217	0	0	0	0	0	0	0	0	0
NR_133816.1	GIN-41-MGE-S217	0	0	0	0	0	0	0	0	0
NR_133815.1	GIN-41-MGE-S217	0	0	0	0	0	0	0	0	0
NR_133814.1	GIN-41-MGE-S217	0	0	0	0	0	0	0	0	0
NR_133813.1	GIN-41-MGE-S217	0	0	0	0	0	0	0	0	0
NR_133812.1	GIN-41-MGE-S217	0	0	0	0	0	0	0	0	0
NR_133811.1	GIN-41-MGE-S217	0	0	0	0	0	0	0	0	0
NR_133810.1	GIN-41-MGE-S217	0	0	0	0	0	0	0	0	0
NR_133809.1	GIN-41-MGE-S217	0	0	0	0	0	0	0	0	0
NR_133808.1	GIN-41-MGE-S217	0	0	0	0	0	0	0	0	0
NR_133807.1	GIN-41-MGE-S217	0	0	0	0	0	0	0	0	0
NR_133806.1	GIN-41-MGE-S217	0	0	0	0	0	0	0	0	0
NR_133805.1	GIN-41-MGE-S217	0	0	0	0	0	0	0	0	0
NR_133804.1	GIN-41-MGE-S217	0	0	0	0	0	0	0	0	0
NR_133803.1	GIN-41-MGE-S217	0	0	0	0	0	0	0	0	0
NR_133802.1	GIN-41-MGE-S217	0	0	0	0	0	0	0	0	0
NR_133801.1	GIN-41-MGE-S217	0	0	0	0	0	0	0	0	0
NR_133800.1	GIN-41-MGE-S217	0	0	0	0	0	0	0	0	0
NR_133798.1	GIN-41-MGE-S217	0	0	0	0	0	0	0	0	0
NR_133797.1	GIN-41-MGE-S217	0	0	0	0	0	0	0	0	0
NR_133796.1	GIN-41-MGE-S217	0	0	0	0	0	0	0	0	0
NR_133795.1	GIN-41-MGE-S217	0	0	0	0	0	0	0	0	0
NR_133794.1	GIN-41-MGE-S217	0	0	0	0	0	0	0	0	0
NR_133793.1	GIN-41-MGE-S217	0	0	0	0	0	0	0	0	0
NR_133792.1	GIN-41-MGE-S217	0	0	0	0	0	0	0	0	0
NR_133791.1	GIN-41-MGE-S217	0	0	0	0	0	0	0	0	0
NR_133790.1	GIN-41-MGE-S217	0	0	0	0	0	0	0	0	0
NR_133789.1	GIN-41-MGE-S217	0	0	0	0	0	0	0	0	0
NR_133788.1	GIN-41-MGE-S217	0	0	0	0	0	0	0	0	0
NR_133787.1	GIN-41-MGE-S217	0	0	0	0	0	0	0	0	0
NR_133786.1	GIN-41-MGE-S217	0	0	0	0	0	0	0	0	0
NR_133785.1	GIN-41-MGE-S217	0	0	0	0	0	0	0	0	0
NR_133784.1	GIN-41-MGE-S217	0	0	0	0	0	0	0	0	0
NR_133783.1	GIN-41-MGE-S217	0	0	0	0	0	0	0	0	0
NR_133775.1	GIN-41-MGE-S217	0	0	0	0	0	0	0	0	0
NR_133774.1	GIN-41-MGE-S217	0	0	0	0	0	0	0	0	0
NR_133773.1	GIN-41-MGE-S217	0	0	0	0	0	0	0	0	0
NR_133772.1	GIN-41-MGE-S217	0	0	0	0	0	0	0	0	0
NR_133770.1	GIN-41-MGE-S217	0	0	0	0	0	0	0	0	0
NR_133769.1	GIN-41-MGE-S217	0	0	0	0	0	0	0	0	0
NR_133768.1	GIN-41-MGE-S217	0	0	0	0	0	0	0	0	0
NR_133767.1	GIN-41-MGE-S217	0	0	0	0	0	0	0	0	0
NR_133765.1	GIN-41-MGE-S217	0	0	0	0	0	0	0	0	0
NR_133764.1	GIN-41-MGE-S217	0	0	0	0	0	0	0	0	0
NR_133763.1	GIN-41-MGE-S217	0	0	0	0	0	0	0	0	0
NR_133762.1	GIN-41-MGE-S217	0	0	0	0	0	0	0	0	0
NR_133761.1	GIN-41-MGE-S217	0	0	0	0	0	0	0	0	0
NR_133758.1	GIN-41-MGE-S217	0	0	0	0	0	0	0	0	0
NR_133755.1	GIN-41-MGE-S217	0	0	0	0	0	0	0	0	0
NR_133754.1	GIN-41-MGE-S217	0	0	0	0	0	0	0	0	0
NR_133751.1	GIN-41-MGE-S217	0	0	0	0	0	0	0	0	0
NR_133750.1	GIN-41-MGE-S217	0	0	0	0	0	0	0	0	0
NR_133749.1	GIN-41-MGE-S217	0	0	0	0	0	0	0	0	0
NR_133747.1	GIN-41-MGE-S217	0	0	0	0	0	0	0	0	0
NR_133746.1	GIN-41-MGE-S217	0	0	0	0	0	0	0	0	0
NR_133745.1	GIN-41-MGE-S217	0	0	0	0	0	0	0	0	0
NR_133744.1	GIN-41-MGE-S217	0	0	0	0	0	0	0	0	0
NR_133743.1	GIN-41-MGE-S217	0	0	0	0	0	0	0	0	0
NR_133742.1	GIN-41-MGE-S217	0	0	0	0	0	0	0	0	0
NR_133741.1	GIN-41-MGE-S217	0	0	0	0	0	0	0	0	0
NR_133740.1	GIN-41-MGE-S217	0	0	0	0	0	0	0	0	0
NR_133739.1	GIN-41-MGE-S217	0	0	0	0	0	0	0	0	0
NR_133737.1	GIN-41-MGE-S217	0	0	0	0	0	0	0	0	0
NR_133735.1	GIN-41-MGE-S217	0	0	0	0	0	0	0	0	0
NR_133733.1	GIN-41-MGE-S217	0	0	0	0	0	0	0	0	0
NR_133732.1	GIN-41-MGE-S217	0	0	0	0	0	0	0	0	0
NR_133731.1	GIN-41-MGE-S217	0	0	0	0	0	0	0	0	0
NR_133730.1	GIN-41-MGE-S217	0	0	0	0	0	0	0	0	0
NR_133729.1	GIN-41-MGE-S217	0	0	0	0	0	0	0	0	0
NR_133720.1	GIN-41-MGE-S217	0	0	0	0	0	0	0	0	0
NR_133719.1	GIN-41-MGE-S217	0	0	0	0	0	0	0	0	0
NR_133718.1	GIN-41-MGE-S217	0	0	0	0	0	0	0	0	0
NR_133716.1	GIN-41-MGE-S217	0	0	0	0	0	0	0	0	0
NR_133715.1	GIN-41-MGE-S217	0	0	0	0	0	0	0	0	0
NR_133714.1	GIN-41-MGE-S217	0	0	0	0	0	0	0	0	0
NR_133712.1	GIN-41-MGE-S217	0	0	0	0	0	0	0	0	0
NR_133709.1	GIN-41-MGE-S217	0	0	0	0	0	0	0	0	0
NR_133708.1	GIN-41-MGE-S217	0	0	0	0	0	0	0	0	0
NR_133707.1	GIN-41-MGE-S217	0	0	0	0	0	0	0	0	0
NR_133706.1	GIN-41-MGE-S217	0	0	0	0	0	0	0	0	0
NR_133705.1	GIN-41-MGE-S217	0	0	0	0	0	0	0	0	0
NR_133703.1	GIN-41-MGE-S217	0	0	0	0	0	0	0	0	0
NR_133699.1	GIN-41-MGE-S217	0	0	0	0	0	0	0	0	0
NR_133698.1	GIN-41-MGE-S217	0	0	0	0	0	0	0	0	0
NR_133697.1	GIN-41-MGE-S217	0	0	0	0	0	0	0	0	0
NR_133696.1	GIN-41-MGE-S217	0	0	0	0	0	0	0	0	0
NR_133695.1	GIN-41-MGE-S217	0	0	0	0	0	0	0	0	0
NR_133692.1	GIN-41-MGE-S217	0	0	0	0	0	0	0	0	0
NR_133687.1	GIN-41-MGE-S217	0	0	0	0	0	0	0	0	0
NR_133686.1	GIN-41-MGE-S217	0	0	0	0	0	0	0	0	0
NR_133685.1	GIN-41-MGE-S217	0	0	0	0	0	0	0	0	0
NR_109131.1	GIN-41-MGE-S217	0	0	0	0	0	0	0	0	0
NR_109124.1	GIN-41-MGE-S217	0	0	0	0	0	0	0	0	0
NR_117900.2	GIN-41-MGE-S217	0	0	0	0	0	0	0	0	0
NR_118236.2	GIN-41-MGE-S217	0	0	0	0	0	0	0	0	0
NR_133054.1	GIN-41-MGE-S217	0	0	0	0	0	0	0	0	0
NR_133051.1	GIN-41-MGE-S217	0	0	0	0	0	0	0	0	0
NR_133050.1	GIN-41-MGE-S217	0	0	0	0	0	0	0	0	0
NR_133048.1	GIN-41-MGE-S217	0	0	0	0	0	0	0	0	0
NR_133047.1	GIN-41-MGE-S217	0	0	0	0	0	0	0	0	0
NR_133046.1	GIN-41-MGE-S217	0	0	0	0	0	0	0	0	0
NR_133045.1	GIN-41-MGE-S217	0	0	0	0	0	0	0	0	0
NR_133044.1	GIN-41-MGE-S217	0	0	0	0	0	0	0	0	0
NR_133043.1	GIN-41-MGE-S217	0	0	0	0	0	0	0	0	0
NR_133042.1	GIN-41-MGE-S217	0	0	0	0	0	0	0	0	0
NR_133041.1	GIN-41-MGE-S217	0	0	0	0	0	0	0	0	0
NR_133040.1	GIN-41-MGE-S217	0	0	0	0	0	0	0	0	0
NR_133039.1	GIN-41-MGE-S217	0	0	0	0	0	0	0	0	0
NR_133038.1	GIN-41-MGE-S217	0	0	0	0	0	0	0	0	0
NR_133036.1	GIN-41-MGE-S217	0	0	0	0	0	0	0	0	0
NR_133035.1	GIN-41-MGE-S217	0	0	0	0	0	0	0	0	0
NR_133033.1	GIN-41-MGE-S217	0	0	0	0	0	0	0	0	0
NR_133032.1	GIN-41-MGE-S217	0	0	0	0	0	0	0	0	0
NR_133031.1	GIN-41-MGE-S217	0	0	0	0	0	0	0	0	0
NR_133029.1	GIN-41-MGE-S217	0	0	0	0	0	0	0	0	0
NR_133028.1	GIN-41-MGE-S217	0	0	0	0	0	0	0	0	0
NR_133027.1	GIN-41-MGE-S217	145	145	0	0	0	0	0	0	0
NR_133026.1	GIN-41-MGE-S217	0	0	0	0	0	0	0	0	0
NR_133024.1	GIN-41-MGE-S217	0	0	0	0	0	0	0	0	0
NR_133023.1	GIN-41-MGE-S217	0	0	0	0	0	0	0	0	0
NR_133020.1	GIN-41-MGE-S217	0	0	0	0	0	0	0	0	0
NR_133019.1	GIN-41-MGE-S217	0	0	0	0	0	0	0	0	0
NR_133018.1	GIN-41-MGE-S217	0	0	0	0	0	0	0	0	0
NG_042881.1	GIN-41-MGE-S217	0	0	0	0	0	0	0	0	0
NR_118766.2	GIN-41-MGE-S217	0	0	0	0	0	0	0	0	0
NR_132726.1	GIN-41-MGE-S217	0	0	0	0	0	0	0	0	0
NR_132725.1	GIN-41-MGE-S217	0	0	0	0	0	0	0	0	0
NR_132724.1	GIN-41-MGE-S217	0	0	0	0	0	0	0	0	0
NR_132722.1	GIN-41-MGE-S217	0	0	0	0	0	0	0	0	0
NR_132721.1	GIN-41-MGE-S217	0	0	0	0	0	0	0	0	0
NR_132720.1	GIN-41-MGE-S217	0	0	0	0	0	0	0	0	0
NR_132717.1	GIN-41-MGE-S217	0	0	0	0	0	0	0	0	0
NR_132715.1	GIN-41-MGE-S217	0	0	0	0	0	0	0	0	0
NR_132714.1	GIN-41-MGE-S217	0	0	0	0	0	0	0	0	0
NR_132713.1	GIN-41-MGE-S217	0	0	0	0	0	0	0	0	0
NR_132712.1	GIN-41-MGE-S217	0	0	0	0	0	0	0	0	0
NR_132711.1	GIN-41-MGE-S217	0	0	0	0	0	0	0	0	0
NR_132710.1	GIN-41-MGE-S217	0	0	0	0	0	0	0	0	0
NR_132709.1	GIN-41-MGE-S217	0	0	0	0	0	0	0	0	0
NR_132708.1	GIN-41-MGE-S217	0	0	0	0	0	0	0	0	0
NR_132707.1	GIN-41-MGE-S217	0	0	0	0	0	0	0	0	0
NR_132706.1	GIN-41-MGE-S217	0	0	0	0	0	0	0	0	0
NR_132705.1	GIN-41-MGE-S217	0	0	0	0	0	0	0	0	0
NR_132704.1	GIN-41-MGE-S217	0	0	0	0	0	0	0	0	0
NR_132703.1	GIN-41-MGE-S217	0	0	0	0	0	0	0	0	0
NR_132702.1	GIN-41-MGE-S217	0	0	0	0	0	0	0	0	0
NR_132701.1	GIN-41-MGE-S217	0	0	0	0	0	0	0	0	0
NR_132699.1	GIN-41-MGE-S217	0	0	0	0	0	0	0	0	0
NR_132698.1	GIN-41-MGE-S217	0	0	0	0	0	0	0	0	0
NR_132697.1	GIN-41-MGE-S217	0	0	0	0	0	0	0	0	0
NR_132696.1	GIN-41-MGE-S217	0	0	0	0	0	0	0	0	0
NR_132695.1	GIN-41-MGE-S217	0	0	0	0	0	0	0	0	0
NR_132694.1	GIN-41-MGE-S217	0	0	0	0	0	0	0	0	0
NR_132691.1	GIN-41-MGE-S217	0	0	0	0	0	0	0	0	0
NR_132690.1	GIN-41-MGE-S217	0	0	0	0	0	0	0	0	0
NR_132689.1	GIN-41-MGE-S217	0	0	0	0	0	0	0	0	0
NR_132688.1	GIN-41-MGE-S217	0	0	0	0	0	0	0	0	0
NR_132687.1	GIN-41-MGE-S217	0	0	0	0	0	0	0	0	0
NR_132686.1	GIN-41-MGE-S217	0	0	0	0	0	0	0	0	0
NR_132685.1	GIN-41-MGE-S217	0	0	0	0	0	0	0	0	0
NR_132684.1	GIN-41-MGE-S217	0	0	0	0	0	0	0	0	0
NR_132683.1	GIN-41-MGE-S217	0	0	0	0	0	0	0	0	0
NR_132681.1	GIN-41-MGE-S217	0	0	0	0	0	0	0	0	0
NR_132680.1	GIN-41-MGE-S217	0	0	0	0	0	0	0	0	0
NR_132679.1	GIN-41-MGE-S217	0	0	0	0	0	0	0	0	0
NR_132678.1	GIN-41-MGE-S217	0	0	0	0	0	0	0	0	0
NR_132677.1	GIN-41-MGE-S217	0	0	0	0	0	0	0	0	0
NR_132676.1	GIN-41-MGE-S217	0	0	0	0	0	0	0	0	0
NR_132675.1	GIN-41-MGE-S217	0	0	0	0	0	0	0	0	0
NR_132674.1	GIN-41-MGE-S217	0	0	0	0	0	0	0	0	0
NR_132672.1	GIN-41-MGE-S217	0	0	0	0	0	0	0	0	0
NR_132671.1	GIN-41-MGE-S217	0	0	0	0	0	0	0	0	0
NR_132670.1	GIN-41-MGE-S217	0	0	0	0	0	0	0	0	0
NR_132668.1	GIN-41-MGE-S217	0	0	0	0	0	0	0	0	0
NR_132667.1	GIN-41-MGE-S217	0	0	0	0	0	0	0	0	0
NR_132666.1	GIN-41-MGE-S217	0	0	0	0	0	0	0	0	0
NR_132665.1	GIN-41-MGE-S217	0	0	0	0	0	0	0	0	0
NR_132664.1	GIN-41-MGE-S217	0	0	0	0	0	0	0	0	0
NR_132663.1	GIN-41-MGE-S217	0	0	0	0	0	0	0	0	0
NR_132661.1	GIN-41-MGE-S217	0	0	0	0	0	0	0	0	0
NR_108689.1	GIN-41-MGE-S217	0	0	0	0	0	0	0	0	0
NR_132614.1	GIN-41-MGE-S217	0	0	0	0	0	0	0	0	0
NR_132613.1	GIN-41-MGE-S217	0	0	0	0	0	0	0	0	0
NR_132612.1	GIN-41-MGE-S217	0	0	0	0	0	0	0	0	0
NR_132610.1	GIN-41-MGE-S217	0	0	0	0	0	0	0	0	0
NR_132609.1	GIN-41-MGE-S217	0	0	0	0	0	0	0	0	0
NR_132608.1	GIN-41-MGE-S217	0	0	0	0	0	0	0	0	0
NR_132606.1	GIN-41-MGE-S217	0	0	0	0	0	0	0	0	0
NR_132605.1	GIN-41-MGE-S217	0	0	0	0	0	0	0	0	0
NR_132604.1	GIN-41-MGE-S217	0	0	0	0	0	0	0	0	0
NR_132603.1	GIN-41-MGE-S217	0	0	0	0	0	0	0	0	0
NR_132602.1	GIN-41-MGE-S217	0	0	0	0	0	0	0	0	0
NR_132601.1	GIN-41-MGE-S217	0	0	0	0	0	0	0	0	0
NR_132600.1	GIN-41-MGE-S217	0	0	0	0	0	0	0	0	0
NR_132599.1	GIN-41-MGE-S217	0	0	0	0	0	0	0	0	0
NR_132598.1	GIN-41-MGE-S217	0	0	0	0	0	0	0	0	0
NR_132597.1	GIN-41-MGE-S217	0	0	0	0	0	0	0	0	0
NR_132596.1	GIN-41-MGE-S217	0	0	0	0	0	0	0	0	0
NR_132595.1	GIN-41-MGE-S217	0	0	0	0	0	0	0	0	0
NR_132594.1	GIN-41-MGE-S217	0	0	0	0	0	0	0	0	0
NR_132593.1	GIN-41-MGE-S217	0	0	0	0	0	0	0	0	0
NR_132400.1	GIN-41-MGE-S217	0	0	0	0	0	0	0	0	0
NR_132396.1	GIN-41-MGE-S217	0	0	0	0	0	0	0	0	0
NR_132395.1	GIN-41-MGE-S217	0	0	0	0	0	0	0	0	0
NR_132392.1	GIN-41-MGE-S217	0	0	0	0	0	0	0	0	0
NR_132391.1	GIN-41-MGE-S217	0	0	0	0	0	0	0	0	0
NR_132389.1	GIN-41-MGE-S217	0	0	0	0	0	0	0	0	0
NR_132388.1	GIN-41-MGE-S217	0	0	0	0	0	0	0	0	0
NR_132387.1	GIN-41-MGE-S217	0	0	0	0	0	0	0	0	0
NR_132386.1	GIN-41-MGE-S217	0	0	0	0	0	0	0	0	0
NR_117083.1	GIN-41-MGE-S217	0	0	0	0	0	0	0	0	0
NR_117078.1	GIN-41-MGE-S217	0	0	0	0	0	0	0	0	0
NR_132334.1	GIN-41-MGE-S217	0	0	0	0	0	0	0	0	0
NR_132331.1	GIN-41-MGE-S217	0	0	0	0	0	0	0	0	0
NR_132330.1	GIN-41-MGE-S217	0	0	0	0	0	0	0	0	0
NR_132329.1	GIN-41-MGE-S217	0	0	0	0	0	0	0	0	0
NR_132328.1	GIN-41-MGE-S217	0	0	0	0	0	0	0	0	0
NR_132327.1	GIN-41-MGE-S217	0	0	0	0	0	0	0	0	0
NR_132307.1	GIN-41-MGE-S217	0	0	0	0	0	0	0	0	0
NR_132305.1	GIN-41-MGE-S217	0	0	0	0	0	0	0	0	0
NR_132304.1	GIN-41-MGE-S217	0	0	0	0	0	0	0	0	0
NR_132303.1	GIN-41-MGE-S217	0	0	0	0	0	0	0	0	0
NR_132302.1	GIN-41-MGE-S217	0	0	0	0	0	0	0	0	0
NR_132301.1	GIN-41-MGE-S217	0	0	0	0	0	0	0	0	0
NR_132300.1	GIN-41-MGE-S217	0	0	0	0	0	0	0	0	0
NR_132299.1	GIN-41-MGE-S217	0	0	0	0	0	0	0	0	0
NR_132296.1	GIN-41-MGE-S217	0	0	0	0	0	0	0	0	0
NR_132295.1	GIN-41-MGE-S217	0	0	0	0	0	0	0	0	0
NR_132294.1	GIN-41-MGE-S217	0	0	0	0	0	0	0	0	0
NR_132293.1	GIN-41-MGE-S217	0	0	0	0	0	0	0	0	0
NR_132292.1	GIN-41-MGE-S217	0	0	0	0	0	0	0	0	0
NR_132291.1	GIN-41-MGE-S217	0	0	0	0	0	0	0	0	0
NR_132289.1	GIN-41-MGE-S217	0	0	0	0	0	0	0	0	0
NR_132288.1	GIN-41-MGE-S217	0	0	0	0	0	0	0	0	0
NR_132283.1	GIN-41-MGE-S217	0	0	0	0	0	0	0	0	0
NR_132282.1	GIN-41-MGE-S217	0	0	0	0	0	0	0	0	0
NR_109349.1	GIN-41-MGE-S217	0	0	0	0	0	0	0	0	0
NG_042071.1	GIN-41-MGE-S217	0	0	0	0	0	0	0	0	0
NG_041960.1	GIN-41-MGE-S217	0	0	0	0	0	0	0	0	0
NG_041959.1	GIN-41-MGE-S217	0	0	0	0	0	0	0	0	0
NR_029182.3	GIN-41-MGE-S217	0	0	0	0	0	0	0	0	0
NR_044847.4	GIN-41-MGE-S217	0	0	0	0	0	0	0	0	0
NR_108510.2	GIN-41-MGE-S217	0	0	0	0	0	0	0	0	0
NG_041941.1	GIN-41-MGE-S217	0	0	0	0	0	0	0	0	0
NR_117712.2	GIN-41-MGE-S217	0	0	0	0	0	0	0	0	0
NR_126217.3	GIN-41-MGE-S217	0	0	0	0	0	0	0	0	0
NR_126219.2	GIN-41-MGE-S217	0	0	0	0	0	0	0	0	0
NR_126218.2	GIN-41-MGE-S217	0	0	0	0	0	0	0	0	0
NR_126216.2	GIN-41-MGE-S217	0	0	0	0	0	0	0	0	0
NR_126214.2	GIN-41-MGE-S217	0	0	0	0	0	0	0	0	0
NR_126213.2	GIN-41-MGE-S217	0	0	0	0	0	0	0	0	0
NR_126212.2	GIN-41-MGE-S217	0	0	0	0	0	0	0	0	0
NR_126211.2	GIN-41-MGE-S217	0	0	0	0	0	0	0	0	0
NR_126314.1	GIN-41-MGE-S217	0	0	0	0	0	0	0	0	0
NR_126311.1	GIN-41-MGE-S217	0	0	0	0	0	0	0	0	0
NR_126310.1	GIN-41-MGE-S217	0	0	0	0	0	0	0	0	0
NR_126309.1	GIN-41-MGE-S217	0	0	0	0	0	0	0	0	0
NR_126306.1	GIN-41-MGE-S217	0	0	0	0	0	0	0	0	0
NR_126301.1	GIN-41-MGE-S217	0	0	0	0	0	0	0	0	0
NR_126300.1	GIN-41-MGE-S217	0	0	0	0	0	0	0	0	0
NR_126299.1	GIN-41-MGE-S217	0	0	0	0	0	0	0	0	0
NR_126298.1	GIN-41-MGE-S217	0	0	0	0	0	0	0	0	0
NR_126290.1	GIN-41-MGE-S217	0	0	0	0	0	0	0	0	0
NR_126288.1	GIN-41-MGE-S217	0	0	0	0	0	0	0	0	0
NR_126287.1	GIN-41-MGE-S217	0	0	0	0	0	0	0	0	0
NR_126285.1	GIN-41-MGE-S217	0	0	0	0	0	0	0	0	0
NR_126284.1	GIN-41-MGE-S217	0	0	0	0	0	0	0	0	0
NR_126283.1	GIN-41-MGE-S217	0	0	0	0	0	0	0	0	0
NR_126282.1	GIN-41-MGE-S217	0	0	0	0	0	0	0	0	0
NR_126281.1	GIN-41-MGE-S217	0	0	0	0	0	0	0	0	0
NR_126280.1	GIN-41-MGE-S217	0	0	0	0	0	0	0	0	0
NR_126279.1	GIN-41-MGE-S217	0	0	0	0	0	0	0	0	0
NR_126278.1	GIN-41-MGE-S217	0	0	0	0	0	0	0	0	0
NR_126277.1	GIN-41-MGE-S217	0	0	0	0	0	0	0	0	0
NR_126275.1	GIN-41-MGE-S217	0	0	0	0	0	0	0	0	0
NR_126274.1	GIN-41-MGE-S217	0	0	0	0	0	0	0	0	0
NR_126273.1	GIN-41-MGE-S217	0	0	0	0	0	0	0	0	0
NR_126271.1	GIN-41-MGE-S217	0	0	0	0	0	0	0	0	0
NR_126270.1	GIN-41-MGE-S217	0	0	0	0	0	0	0	0	0
NR_126269.1	GIN-41-MGE-S217	0	0	0	0	0	0	0	0	0
NR_126267.1	GIN-41-MGE-S217	0	0	0	0	0	0	0	0	0
NR_126265.1	GIN-41-MGE-S217	0	0	0	0	0	0	0	0	0
NR_126264.1	GIN-41-MGE-S217	0	0	0	0	0	0	0	0	0
NR_126262.1	GIN-41-MGE-S217	0	0	0	0	0	0	0	0	0
NR_126261.1	GIN-41-MGE-S217	0	0	0	0	0	0	0	0	0
NR_126260.1	GIN-41-MGE-S217	0	0	0	0	0	0	0	0	0
NR_126259.1	GIN-41-MGE-S217	0	0	0	0	0	0	0	0	0
NR_126253.1	GIN-41-MGE-S217	0	0	0	0	0	0	0	0	0
NR_126252.1	GIN-41-MGE-S217	0	0	0	0	0	0	0	0	0
NR_126251.1	GIN-41-MGE-S217	0	0	0	0	0	0	0	0	0
NR_126250.1	GIN-41-MGE-S217	0	0	0	0	0	0	0	0	0
NR_126244.1	GIN-41-MGE-S217	0	0	0	0	0	0	0	0	0
NR_126242.1	GIN-41-MGE-S217	0	0	0	0	0	0	0	0	0
NR_126240.1	GIN-41-MGE-S217	0	0	0	0	0	0	0	0	0
NR_126237.1	GIN-41-MGE-S217	0	0	0	0	0	0	0	0	0
NR_126236.1	GIN-41-MGE-S217	0	0	0	0	0	0	0	0	0
NR_126235.1	GIN-41-MGE-S217	0	0	0	0	0	0	0	0	0
NR_126234.1	GIN-41-MGE-S217	0	0	0	0	0	0	0	0	0
NR_126233.1	GIN-41-MGE-S217	0	0	0	0	0	0	0	0	0
NR_126232.1	GIN-41-MGE-S217	0	0	0	0	0	0	0	0	0
NR_126231.1	GIN-41-MGE-S217	0	0	0	0	0	0	0	0	0
NR_126230.1	GIN-41-MGE-S217	0	0	0	0	0	0	0	0	0
NR_126229.1	GIN-41-MGE-S217	0	0	0	0	0	0	0	0	0
NR_126228.1	GIN-41-MGE-S217	0	0	0	0	0	0	0	0	0
NR_126227.1	GIN-41-MGE-S217	0	0	0	0	0	0	0	0	0
NR_126226.1	GIN-41-MGE-S217	0	0	0	0	0	0	0	0	0
NR_126224.1	GIN-41-MGE-S217	0	0	0	0	0	0	0	0	0
NR_126223.1	GIN-41-MGE-S217	0	0	0	0	0	0	0	0	0
NR_126222.1	GIN-41-MGE-S217	0	0	0	0	0	0	0	0	0
NR_126221.1	GIN-41-MGE-S217	0	0	0	0	0	0	0	0	0
NR_126220.1	GIN-41-MGE-S217	0	0	0	0	0	0	0	0	0
NR_126215.1	GIN-41-MGE-S217	0	0	0	0	0	0	0	0	0
NR_126209.1	GIN-41-MGE-S217	0	0	0	0	0	0	0	0	0
NR_126207.1	GIN-41-MGE-S217	0	0	0	0	0	0	0	0	0
NR_126206.1	GIN-41-MGE-S217	0	0	0	0	0	0	0	0	0
NR_126204.1	GIN-41-MGE-S217	0	0	0	0	0	0	0	0	0
NR_126203.1	GIN-41-MGE-S217	0	0	0	0	0	0	0	0	0
NR_126201.1	GIN-41-MGE-S217	0	0	0	0	0	0	0	0	0
NR_126200.1	GIN-41-MGE-S217	0	0	0	0	0	0	0	0	0
NR_126199.1	GIN-41-MGE-S217	0	0	0	0	0	0	0	0	0
NR_126197.1	GIN-41-MGE-S217	0	0	0	0	0	0	0	0	0
NR_126196.1	GIN-41-MGE-S217	0	0	0	0	0	0	0	0	0
NR_126192.1	GIN-41-MGE-S217	0	0	0	0	0	0	0	0	0
NR_126191.1	GIN-41-MGE-S217	0	0	0	0	0	0	0	0	0
NR_126189.1	GIN-41-MGE-S217	0	0	0	0	0	0	0	0	0
NR_126188.1	GIN-41-MGE-S217	0	0	0	0	0	0	0	0	0
NR_126187.1	GIN-41-MGE-S217	0	0	0	0	0	0	0	0	0
NR_126186.1	GIN-41-MGE-S217	0	0	0	0	0	0	0	0	0
NR_126185.1	GIN-41-MGE-S217	0	0	0	0	0	0	0	0	0
NR_126184.1	GIN-41-MGE-S217	0	0	0	0	0	0	0	0	0
NR_126183.1	GIN-41-MGE-S217	0	0	0	0	0	0	0	0	0
NR_126182.1	GIN-41-MGE-S217	0	0	0	0	0	0	0	0	0
NR_126181.1	GIN-41-MGE-S217	0	0	0	0	0	0	0	0	0
NR_126180.1	GIN-41-MGE-S217	0	0	0	0	0	0	0	0	0
NR_126179.1	GIN-41-MGE-S217	0	0	0	0	0	0	0	0	0
NR_126178.1	GIN-41-MGE-S217	0	0	0	0	0	0	0	0	0
NR_126177.1	GIN-41-MGE-S217	0	0	0	0	0	0	0	0	0
NR_126176.1	GIN-41-MGE-S217	0	0	0	0	0	0	0	0	0
NR_126175.1	GIN-41-MGE-S217	0	0	0	0	0	0	0	0	0
NR_126174.1	GIN-41-MGE-S217	0	0	0	0	0	0	0	0	0
NR_126173.1	GIN-41-MGE-S217	0	0	0	0	0	0	0	0	0
NR_126172.1	GIN-41-MGE-S217	0	0	0	0	0	0	0	0	0
NR_126170.1	GIN-41-MGE-S217	0	0	0	0	0	0	0	0	0
NR_125696.2	GIN-41-MGE-S217	0	0	0	0	0	0	0	0	0
NR_115546.2	GIN-41-MGE-S217	0	0	0	0	0	0	0	0	0
NR_125498.2	GIN-41-MGE-S217	0	0	0	0	0	0	0	0	0
NR_125726.1	GIN-41-MGE-S217	0	0	0	0	0	0	0	0	0
NR_125709.1	GIN-41-MGE-S217	0	0	0	0	0	0	0	0	0
NR_125707.1	GIN-41-MGE-S217	0	0	0	0	0	0	0	0	0
NR_125706.1	GIN-41-MGE-S217	0	0	0	0	0	0	0	0	0
NR_125705.1	GIN-41-MGE-S217	0	0	0	0	0	0	0	0	0
NR_125704.1	GIN-41-MGE-S217	0	0	0	0	0	0	0	0	0
NR_125703.1	GIN-41-MGE-S217	0	0	0	0	0	0	0	0	0
NR_125702.1	GIN-41-MGE-S217	0	0	0	0	0	0	0	0	0
NR_125699.1	GIN-41-MGE-S217	0	0	0	0	0	0	0	0	0
NR_125698.1	GIN-41-MGE-S217	0	0	0	0	0	0	0	0	0
NR_125697.1	GIN-41-MGE-S217	0	0	0	0	0	0	0	0	0
NR_125694.1	GIN-41-MGE-S217	0	0	0	0	0	0	0	0	0
NR_125692.1	GIN-41-MGE-S217	0	0	0	0	0	0	0	0	0
NR_125690.1	GIN-41-MGE-S217	0	0	0	0	0	0	0	0	0
NR_125681.1	GIN-41-MGE-S217	0	0	0	0	0	0	0	0	0
NR_125680.1	GIN-41-MGE-S217	0	0	0	0	0	0	0	0	0
NR_125677.1	GIN-41-MGE-S217	0	0	0	0	0	0	0	0	0
NR_125675.1	GIN-41-MGE-S217	0	0	0	0	0	0	0	0	0
NR_125674.1	GIN-41-MGE-S217	0	0	0	0	0	0	0	0	0
NR_125673.1	GIN-41-MGE-S217	0	0	0	0	0	0	0	0	0
NR_125672.1	GIN-41-MGE-S217	0	0	0	0	0	0	0	0	0
NR_125671.1	GIN-41-MGE-S217	0	0	0	0	0	0	0	0	0
NR_125670.1	GIN-41-MGE-S217	0	0	0	0	0	0	0	0	0
NR_125669.1	GIN-41-MGE-S217	0	0	0	0	0	0	0	0	0
NR_125668.1	GIN-41-MGE-S217	0	0	0	0	0	0	0	0	0
NR_125667.1	GIN-41-MGE-S217	0	0	0	0	0	0	0	0	0
NR_125666.1	GIN-41-MGE-S217	0	0	0	0	0	0	0	0	0
NR_125665.1	GIN-41-MGE-S217	0	0	0	0	0	0	0	0	0
NR_125664.1	GIN-41-MGE-S217	0	0	0	0	0	0	0	0	0
NR_125663.1	GIN-41-MGE-S217	0	0	0	0	0	0	0	0	0
NR_125662.1	GIN-41-MGE-S217	0	0	0	0	0	0	0	0	0
NR_125661.1	GIN-41-MGE-S217	0	0	0	0	0	0	0	0	0
NR_125660.1	GIN-41-MGE-S217	0	0	0	0	0	0	0	0	0
NR_125659.1	GIN-41-MGE-S217	0	0	0	0	0	0	0	0	0
NR_125658.1	GIN-41-MGE-S217	0	0	0	0	0	0	0	0	0
NR_125657.1	GIN-41-MGE-S217	0	0	0	0	0	0	0	0	0
NR_125656.1	GIN-41-MGE-S217	0	0	0	0	0	0	0	0	0
NR_125655.1	GIN-41-MGE-S217	0	0	0	0	0	0	0	0	0
NR_125654.1	GIN-41-MGE-S217	0	0	0	0	0	0	0	0	0
NR_125652.1	GIN-41-MGE-S217	0	0	0	0	0	0	0	0	0
NR_125651.1	GIN-41-MGE-S217	0	0	0	0	0	0	0	0	0
NR_125650.1	GIN-41-MGE-S217	0	0	0	0	0	0	0	0	0
NR_125646.1	GIN-41-MGE-S217	0	0	0	0	0	0	0	0	0
NR_125645.1	GIN-41-MGE-S217	0	0	0	0	0	0	0	0	0
NR_125644.1	GIN-41-MGE-S217	0	0	0	0	0	0	0	0	0
NR_125643.1	GIN-41-MGE-S217	0	0	0	0	0	0	0	0	0
NR_125642.1	GIN-41-MGE-S217	0	0	0	0	0	0	0	0	0
NR_125641.1	GIN-41-MGE-S217	0	0	0	0	0	0	0	0	0
NR_125639.1	GIN-41-MGE-S217	0	0	0	0	0	0	0	0	0
NR_125638.1	GIN-41-MGE-S217	0	0	0	0	0	0	0	0	0
NR_125637.1	GIN-41-MGE-S217	0	0	0	0	0	0	0	0	0
NR_125636.1	GIN-41-MGE-S217	0	0	0	0	0	0	0	0	0
NR_125634.1	GIN-41-MGE-S217	0	0	0	0	0	0	0	0	0
NR_125633.1	GIN-41-MGE-S217	0	0	0	0	0	0	0	0	0
NR_125629.1	GIN-41-MGE-S217	0	0	0	0	0	0	0	0	0
NR_125628.1	GIN-41-MGE-S217	0	0	0	0	0	0	0	0	0
NR_125625.1	GIN-41-MGE-S217	0	0	0	0	0	0	0	0	0
NR_125624.1	GIN-41-MGE-S217	0	0	0	0	0	0	0	0	0
NR_125623.1	GIN-41-MGE-S217	0	0	0	0	0	0	0	0	0
NR_125622.1	GIN-41-MGE-S217	0	0	0	0	0	0	0	0	0
NR_125621.1	GIN-41-MGE-S217	0	0	0	0	0	0	0	0	0
NR_125620.1	GIN-41-MGE-S217	0	0	0	0	0	0	0	0	0
NR_125619.1	GIN-41-MGE-S217	0	0	0	0	0	0	0	0	0
NR_125618.1	GIN-41-MGE-S217	0	0	0	0	0	0	0	0	0
NR_125617.1	GIN-41-MGE-S217	0	0	0	0	0	0	0	0	0
NR_125616.1	GIN-41-MGE-S217	0	0	0	0	0	0	0	0	0
NR_125615.1	GIN-41-MGE-S217	0	0	0	0	0	0	0	0	0
NR_125614.1	GIN-41-MGE-S217	0	0	0	0	0	0	0	0	0
NR_125613.1	GIN-41-MGE-S217	0	0	0	0	0	0	0	0	0
NR_125612.1	GIN-41-MGE-S217	0	0	0	0	0	0	0	0	0
NR_125610.1	GIN-41-MGE-S217	0	0	0	0	0	0	0	0	0
NR_125607.1	GIN-41-MGE-S217	0	0	0	0	0	0	0	0	0
NR_125606.1	GIN-41-MGE-S217	0	0	0	0	0	0	0	0	0
NR_125605.1	GIN-41-MGE-S217	0	0	0	0	0	0	0	0	0
NR_125604.1	GIN-41-MGE-S217	0	0	0	0	0	0	0	0	0
NR_125603.1	GIN-41-MGE-S217	0	0	0	0	0	0	0	0	0
NR_125602.1	GIN-41-MGE-S217	0	0	0	0	0	0	0	0	0
NR_125601.1	GIN-41-MGE-S217	0	0	0	0	0	0	0	0	0
NR_125598.1	GIN-41-MGE-S217	0	0	0	0	0	0	0	0	0
NR_125597.1	GIN-41-MGE-S217	0	0	0	0	0	0	0	0	0
NR_125596.1	GIN-41-MGE-S217	0	0	0	0	0	0	0	0	0
NR_125595.1	GIN-41-MGE-S217	0	0	0	0	0	0	0	0	0
NR_125594.1	GIN-41-MGE-S217	0	0	0	0	0	0	0	0	0
NR_125593.1	GIN-41-MGE-S217	0	0	0	0	0	0	0	0	0
NR_125592.1	GIN-41-MGE-S217	0	0	0	0	0	0	0	0	0
NR_125591.1	GIN-41-MGE-S217	0	0	0	0	0	0	0	0	0
NR_125589.1	GIN-41-MGE-S217	0	0	0	0	0	0	0	0	0
NR_125588.1	GIN-41-MGE-S217	0	0	0	0	0	0	0	0	0
NR_125587.1	GIN-41-MGE-S217	0	0	0	0	0	0	0	0	0
NR_125586.1	GIN-41-MGE-S217	0	0	0	0	0	0	0	0	0
NR_125583.1	GIN-41-MGE-S217	0	0	0	0	0	0	0	0	0
NR_125582.1	GIN-41-MGE-S217	0	0	0	0	0	0	0	0	0
NR_125580.1	GIN-41-MGE-S217	0	0	0	0	0	0	0	0	0
NR_125579.1	GIN-41-MGE-S217	0	0	0	0	0	0	0	0	0
NR_125578.1	GIN-41-MGE-S217	0	0	0	0	0	0	0	0	0
NR_125577.1	GIN-41-MGE-S217	0	0	0	0	0	0	0	0	0
NR_125574.1	GIN-41-MGE-S217	0	0	0	0	0	0	0	0	0
NR_125573.1	GIN-41-MGE-S217	0	0	0	0	0	0	0	0	0
NR_125572.1	GIN-41-MGE-S217	0	0	0	0	0	0	0	0	0
NR_125571.1	GIN-41-MGE-S217	16	16	0	0	0	0	0	0	0
NR_125570.1	GIN-41-MGE-S217	112	112	0	0	0	0	0	0	0
NR_125569.1	GIN-41-MGE-S217	0	0	0	0	0	0	0	0	0
NR_125566.1	GIN-41-MGE-S217	0	0	0	0	0	0	0	0	0
NR_125560.1	GIN-41-MGE-S217	0	0	0	0	0	0	0	0	0
NR_125556.1	GIN-41-MGE-S217	0	0	0	0	0	0	0	0	0
NR_125554.1	GIN-41-MGE-S217	0	0	0	0	0	0	0	0	0
NR_125552.1	GIN-41-MGE-S217	0	0	0	0	0	0	0	0	0
NR_125551.1	GIN-41-MGE-S217	0	0	0	0	0	0	0	0	0
NR_125550.1	GIN-41-MGE-S217	0	0	0	0	0	0	0	0	0
NR_125548.1	GIN-41-MGE-S217	0	0	0	0	0	0	0	0	0
NR_125547.1	GIN-41-MGE-S217	0	0	0	0	0	0	0	0	0
NR_125546.1	GIN-41-MGE-S217	0	0	0	0	0	0	0	0	0
NR_125545.1	GIN-41-MGE-S217	0	0	0	0	0	0	0	0	0
NR_125544.1	GIN-41-MGE-S217	0	0	0	0	0	0	0	0	0
NR_125543.1	GIN-41-MGE-S217	0	0	0	0	0	0	0	0	0
NR_125542.1	GIN-41-MGE-S217	0	0	0	0	0	0	0	0	0
NR_125541.1	GIN-41-MGE-S217	0	0	0	0	0	0	0	0	0
NR_125540.1	GIN-41-MGE-S217	0	0	0	0	0	0	0	0	0
NR_125538.1	GIN-41-MGE-S217	0	0	0	0	0	0	0	0	0
NR_125537.1	GIN-41-MGE-S217	0	0	0	0	0	0	0	0	0
NR_125536.1	GIN-41-MGE-S217	0	0	0	0	0	0	0	0	0
NR_125535.1	GIN-41-MGE-S217	0	0	0	0	0	0	0	0	0
NR_125533.1	GIN-41-MGE-S217	0	0	0	0	0	0	0	0	0
NR_125531.1	GIN-41-MGE-S217	0	0	0	0	0	0	0	0	0
NR_125528.1	GIN-41-MGE-S217	0	0	0	0	0	0	0	0	0
NR_125527.1	GIN-41-MGE-S217	0	0	0	0	0	0	0	0	0
NR_125523.1	GIN-41-MGE-S217	0	0	0	0	0	0	0	0	0
NR_125518.1	GIN-41-MGE-S217	0	0	0	0	0	0	0	0	0
NR_125517.1	GIN-41-MGE-S217	0	0	0	0	0	0	0	0	0
NR_125515.1	GIN-41-MGE-S217	0	0	0	0	0	0	0	0	0
NR_125513.1	GIN-41-MGE-S217	0	0	0	0	0	0	0	0	0
NR_125512.1	GIN-41-MGE-S217	0	0	0	0	0	0	0	0	0
NR_125510.1	GIN-41-MGE-S217	0	0	0	0	0	0	0	0	0
NR_125505.1	GIN-41-MGE-S217	0	0	0	0	0	0	0	0	0
NR_125503.1	GIN-41-MGE-S217	0	0	0	0	0	0	0	0	0
NR_125502.1	GIN-41-MGE-S217	0	0	0	0	0	0	0	0	0
NR_125500.1	GIN-41-MGE-S217	0	0	0	0	0	0	0	0	0
NR_125499.1	GIN-41-MGE-S217	0	0	0	0	0	0	0	0	0
NR_125497.1	GIN-41-MGE-S217	0	0	0	0	0	0	0	0	0
NR_125496.1	GIN-41-MGE-S217	0	0	0	0	0	0	0	0	0
NR_125495.1	GIN-41-MGE-S217	0	0	0	0	0	0	0	0	0
NR_125494.1	GIN-41-MGE-S217	0	0	0	0	0	0	0	0	0
NR_125493.1	GIN-41-MGE-S217	0	0	0	0	0	0	0	0	0
NR_125492.1	GIN-41-MGE-S217	0	0	0	0	0	0	0	0	0
NR_125491.1	GIN-41-MGE-S217	0	0	0	0	0	0	0	0	0
NR_125489.1	GIN-41-MGE-S217	0	0	0	0	0	0	0	0	0
NR_125488.1	GIN-41-MGE-S217	0	0	0	0	0	0	0	0	0
NR_125487.1	GIN-41-MGE-S217	0	0	0	0	0	0	0	0	0
NR_125475.1	GIN-41-MGE-S217	0	0	0	0	0	0	0	0	0
NR_125472.1	GIN-41-MGE-S217	0	0	0	0	0	0	0	0	0
NR_125471.1	GIN-41-MGE-S217	0	0	0	0	0	0	0	0	0
NR_125470.1	GIN-41-MGE-S217	0	0	0	0	0	0	0	0	0
NR_125469.1	GIN-41-MGE-S217	0	0	0	0	0	0	0	0	0
NR_125468.1	GIN-41-MGE-S217	0	0	0	0	0	0	0	0	0
NR_125467.1	GIN-41-MGE-S217	0	0	0	0	0	0	0	0	0
NR_125466.1	GIN-41-MGE-S217	0	0	0	0	0	0	0	0	0
NR_125465.1	GIN-41-MGE-S217	0	0	0	0	0	0	0	0	0
NR_125464.1	GIN-41-MGE-S217	0	0	0	0	0	0	0	0	0
NR_125463.1	GIN-41-MGE-S217	0	0	0	0	0	0	0	0	0
NR_125462.1	GIN-41-MGE-S217	0	0	0	0	0	0	0	0	0
NR_125461.1	GIN-41-MGE-S217	0	0	0	0	0	0	0	0	0
NR_125459.1	GIN-41-MGE-S217	0	0	0	0	0	0	0	0	0
NR_125458.1	GIN-41-MGE-S217	0	0	0	0	0	0	0	0	0
NR_125456.1	GIN-41-MGE-S217	0	0	0	0	0	0	0	0	0
NR_125455.1	GIN-41-MGE-S217	0	0	0	0	0	0	0	0	0
NR_125454.1	GIN-41-MGE-S217	0	0	0	0	0	0	0	0	0
NR_125451.1	GIN-41-MGE-S217	0	0	0	0	0	0	0	0	0
NR_125450.1	GIN-41-MGE-S217	0	0	0	0	0	0	0	0	0
NR_125449.1	GIN-41-MGE-S217	0	0	0	0	0	0	0	0	0
NR_119288.2	GIN-41-MGE-S217	0	0	0	0	0	0	0	0	0
NR_118125.1	GIN-41-MGE-S217	0	0	0	0	0	0	0	0	0
NR_114549.1	GIN-41-MGE-S217	0	0	0	0	0	0	0	0	0
NR_109645.1	GIN-41-MGE-S217	0	0	0	0	0	0	0	0	0
NR_109642.1	GIN-41-MGE-S217	0	0	0	0	0	0	0	0	0
NR_109638.1	GIN-41-MGE-S217	0	0	0	0	0	0	0	0	0
NR_109637.1	GIN-41-MGE-S217	0	0	0	0	0	0	0	0	0
NR_109347.1	GIN-41-MGE-S217	0	0	0	0	0	0	0	0	0
NR_122101.1	GIN-41-MGE-S217	0	0	0	0	0	0	0	0	0
NR_122100.1	GIN-41-MGE-S217	0	0	0	0	0	0	0	0	0
NR_122098.1	GIN-41-MGE-S217	0	0	0	0	0	0	0	0	0
NR_122097.1	GIN-41-MGE-S217	0	0	0	0	0	0	0	0	0
NR_122096.1	GIN-41-MGE-S217	0	0	0	0	0	0	0	0	0
NR_122095.1	GIN-41-MGE-S217	0	0	0	0	0	0	0	0	0
NR_122094.1	GIN-41-MGE-S217	0	0	0	0	0	0	0	0	0
NR_122090.1	GIN-41-MGE-S217	0	0	0	0	0	0	0	0	0
NR_122087.1	GIN-41-MGE-S217	0	0	0	0	0	0	0	0	0
NR_122086.1	GIN-41-MGE-S217	0	0	0	0	0	0	0	0	0
NR_122085.1	GIN-41-MGE-S217	0	0	0	0	0	0	0	0	0
NR_122081.1	GIN-41-MGE-S217	0	0	0	0	0	0	0	0	0
NR_108208.1	GIN-41-MGE-S217	0	0	0	0	0	0	0	0	0
NR_121793.1	GIN-41-MGE-S217	0	0	0	0	0	0	0	0	0
NR_121786.1	GIN-41-MGE-S217	0	0	0	0	0	0	0	0	0
NR_121781.1	GIN-41-MGE-S217	0	0	0	0	0	0	0	0	0
NR_121771.1	GIN-41-MGE-S217	0	0	0	0	0	0	0	0	0
NR_121726.1	GIN-41-MGE-S217	0	0	0	0	0	0	0	0	0
NR_044660.3	GIN-41-MGE-S217	0	0	0	0	0	0	0	0	0
NR_119350.1	GIN-41-MGE-S217	0	0	0	0	0	0	0	0	0
NR_119320.1	GIN-41-MGE-S217	0	0	0	0	0	0	0	0	0
NR_119317.1	GIN-41-MGE-S217	0	0	0	0	0	0	0	0	0
NR_119316.1	GIN-41-MGE-S217	0	0	0	0	0	0	0	0	0
NR_119315.1	GIN-41-MGE-S217	0	0	0	0	0	0	0	0	0
NR_119314.1	GIN-41-MGE-S217	0	0	0	0	0	0	0	0	0
NR_119312.1	GIN-41-MGE-S217	0	0	0	0	0	0	0	0	0
NR_119300.1	GIN-41-MGE-S217	0	0	0	0	0	0	0	0	0
NR_119299.1	GIN-41-MGE-S217	0	0	0	0	0	0	0	0	0
NR_119298.1	GIN-41-MGE-S217	0	0	0	0	0	0	0	0	0
NR_119292.1	GIN-41-MGE-S217	0	0	0	0	0	0	0	0	0
NR_119291.1	GIN-41-MGE-S217	0	0	0	0	0	0	0	0	0
NR_119289.1	GIN-41-MGE-S217	0	0	0	0	0	0	0	0	0
NR_119258.1	GIN-41-MGE-S217	0	0	0	0	0	0	0	0	0
NR_119243.1	GIN-41-MGE-S217	0	0	0	0	0	0	0	0	0
NR_119223.1	GIN-41-MGE-S217	0	0	0	0	0	0	0	0	0
NR_119222.1	GIN-41-MGE-S217	0	0	0	0	0	0	0	0	0
NR_119207.1	GIN-41-MGE-S217	0	0	0	0	0	0	0	0	0
NR_119203.1	GIN-41-MGE-S217	0	0	0	0	0	0	0	0	0
NR_119187.1	GIN-41-MGE-S217	0	0	0	0	0	0	0	0	0
NR_119154.1	GIN-41-MGE-S217	0	0	0	0	0	0	0	0	0
NR_119115.1	GIN-41-MGE-S217	0	0	0	0	0	0	0	0	0
NR_119112.1	GIN-41-MGE-S217	0	0	0	0	0	0	0	0	0
NR_119072.1	GIN-41-MGE-S217	0	0	0	0	0	0	0	0	0
NR_119071.1	GIN-41-MGE-S217	0	0	0	0	0	0	0	0	0
NR_119006.1	GIN-41-MGE-S217	0	0	0	0	0	0	0	0	0
NR_119000.1	GIN-41-MGE-S217	0	0	0	0	0	0	0	0	0
NR_118984.1	GIN-41-MGE-S217	0	0	0	0	0	0	0	0	0
NR_118983.1	GIN-41-MGE-S217	0	0	0	0	0	0	0	0	0
NR_118972.1	GIN-41-MGE-S217	0	0	0	0	0	0	0	0	0
NR_118968.1	GIN-41-MGE-S217	0	0	0	0	0	0	0	0	0
NR_118961.1	GIN-41-MGE-S217	0	0	0	0	0	0	0	0	0
NR_118960.1	GIN-41-MGE-S217	0	0	0	0	0	0	0	0	0
NR_118959.1	GIN-41-MGE-S217	0	0	0	0	0	0	0	0	0
NR_118941.1	GIN-41-MGE-S217	0	0	0	0	0	0	0	0	0
NR_118912.1	GIN-41-MGE-S217	0	0	0	0	0	0	0	0	0
NR_118911.1	GIN-41-MGE-S217	0	0	0	0	0	0	0	0	0
NR_118906.1	GIN-41-MGE-S217	0	0	0	0	0	0	0	0	0
NR_118904.1	GIN-41-MGE-S217	0	0	0	0	0	0	0	0	0
NR_118903.1	GIN-41-MGE-S217	0	0	0	0	0	0	0	0	0
NR_118902.1	GIN-41-MGE-S217	0	0	0	0	0	0	0	0	0
NR_118895.1	GIN-41-MGE-S217	0	0	0	0	0	0	0	0	0
NR_118885.1	GIN-41-MGE-S217	0	0	0	0	0	0	0	0	0
NR_118877.1	GIN-41-MGE-S217	0	0	0	0	0	0	0	0	0
NR_118876.1	GIN-41-MGE-S217	0	0	0	0	0	0	0	0	0
NR_118875.1	GIN-41-MGE-S217	0	0	0	0	0	0	0	0	0
NR_118872.1	GIN-41-MGE-S217	0	0	0	0	0	0	0	0	0
NR_118862.1	GIN-41-MGE-S217	0	0	0	0	0	0	0	0	0
NR_118860.1	GIN-41-MGE-S217	0	0	0	0	0	0	0	0	0
NR_118850.1	GIN-41-MGE-S217	0	0	0	0	0	0	0	0	0
NR_118848.1	GIN-41-MGE-S217	0	0	0	0	0	0	0	0	0
NR_118847.1	GIN-41-MGE-S217	0	0	0	0	0	0	0	0	0
NR_118846.1	GIN-41-MGE-S217	0	0	0	0	0	0	0	0	0
NR_118845.1	GIN-41-MGE-S217	0	0	0	0	0	0	0	0	0
NR_118837.1	GIN-41-MGE-S217	0	0	0	0	0	0	0	0	0
NR_118836.1	GIN-41-MGE-S217	0	0	0	0	0	0	0	0	0
NR_118812.1	GIN-41-MGE-S217	0	0	0	0	0	0	0	0	0
NR_118810.1	GIN-41-MGE-S217	0	0	0	0	0	0	0	0	0
NR_118804.1	GIN-41-MGE-S217	0	0	0	0	0	0	0	0	0
NR_118800.1	GIN-41-MGE-S217	0	0	0	0	0	0	0	0	0
NR_118797.1	GIN-41-MGE-S217	0	0	0	0	0	0	0	0	0
NR_118795.1	GIN-41-MGE-S217	0	0	0	0	0	0	0	0	0
NR_118794.1	GIN-41-MGE-S217	0	0	0	0	0	0	0	0	0
NR_118785.1	GIN-41-MGE-S217	0	0	0	0	0	0	0	0	0
NR_118777.1	GIN-41-MGE-S217	0	0	0	0	0	0	0	0	0
NR_118776.1	GIN-41-MGE-S217	0	0	0	0	0	0	0	0	0
NR_118765.1	GIN-41-MGE-S217	0	0	0	0	0	0	0	0	0
NR_118764.1	GIN-41-MGE-S217	0	0	0	0	0	0	0	0	0
NR_118761.1	GIN-41-MGE-S217	0	0	0	0	0	0	0	0	0
NR_118741.1	GIN-41-MGE-S217	0	0	0	0	0	0	0	0	0
NR_118740.1	GIN-41-MGE-S217	0	0	0	0	0	0	0	0	0
NR_118736.1	GIN-41-MGE-S217	0	0	0	0	0	0	0	0	0
NR_118720.1	GIN-41-MGE-S217	0	0	0	0	0	0	0	0	0
NR_118719.1	GIN-41-MGE-S217	0	0	0	0	0	0	0	0	0
NR_118715.1	GIN-41-MGE-S217	0	0	0	0	0	0	0	0	0
NR_118710.1	GIN-41-MGE-S217	0	0	0	0	0	0	0	0	0
NR_118707.1	GIN-41-MGE-S217	0	0	0	0	0	0	0	0	0
NR_118684.1	GIN-41-MGE-S217	0	0	0	0	0	0	0	0	0
NR_118679.1	GIN-41-MGE-S217	0	0	0	0	0	0	0	0	0
NR_118678.1	GIN-41-MGE-S217	0	0	0	0	0	0	0	0	0
NR_118677.1	GIN-41-MGE-S217	0	0	0	0	0	0	0	0	0
NR_118668.1	GIN-41-MGE-S217	0	0	0	0	0	0	0	0	0
NR_118667.1	GIN-41-MGE-S217	0	0	0	0	0	0	0	0	0
NR_118664.1	GIN-41-MGE-S217	0	0	0	0	0	0	0	0	0
NR_118663.1	GIN-41-MGE-S217	0	0	0	0	0	0	0	0	0
NR_118660.1	GIN-41-MGE-S217	0	0	0	0	0	0	0	0	0
NR_118642.1	GIN-41-MGE-S217	0	0	0	0	0	0	0	0	0
NR_118641.1	GIN-41-MGE-S217	0	0	0	0	0	0	0	0	0
NR_118640.1	GIN-41-MGE-S217	0	0	0	0	0	0	0	0	0
NR_118637.1	GIN-41-MGE-S217	0	0	0	0	0	0	0	0	0
NR_118633.1	GIN-41-MGE-S217	0	0	0	0	0	0	0	0	0
NR_118629.1	GIN-41-MGE-S217	0	0	0	0	0	0	0	0	0
NR_118586.1	GIN-41-MGE-S217	0	0	0	0	0	0	0	0	0
NR_118585.1	GIN-41-MGE-S217	0	0	0	0	0	0	0	0	0
NR_118583.1	GIN-41-MGE-S217	0	0	0	0	0	0	0	0	0
NR_118574.1	GIN-41-MGE-S217	0	0	0	0	0	0	0	0	0
NR_118573.1	GIN-41-MGE-S217	0	0	0	0	0	0	0	0	0
NR_118572.1	GIN-41-MGE-S217	0	0	0	0	0	0	0	0	0
NR_118563.1	GIN-41-MGE-S217	0	0	0	0	0	0	0	0	0
NR_118560.1	GIN-41-MGE-S217	0	0	0	0	0	0	0	0	0
NR_118559.1	GIN-41-MGE-S217	0	0	0	0	0	0	0	0	0
NR_118555.1	GIN-41-MGE-S217	0	0	0	0	0	0	0	0	0
NR_118554.1	GIN-41-MGE-S217	0	0	0	0	0	0	0	0	0
NR_118552.1	GIN-41-MGE-S217	0	0	0	0	0	0	0	0	0
NR_118550.1	GIN-41-MGE-S217	0	0	0	0	0	0	0	0	0
NR_118549.1	GIN-41-MGE-S217	0	0	0	0	0	0	0	0	0
NR_118548.1	GIN-41-MGE-S217	0	0	0	0	0	0	0	0	0
NR_118545.1	GIN-41-MGE-S217	0	0	0	0	0	0	0	0	0
NR_118544.1	GIN-41-MGE-S217	0	0	0	0	0	0	0	0	0
NR_118538.1	GIN-41-MGE-S217	0	0	0	0	0	0	0	0	0
NR_118536.1	GIN-41-MGE-S217	0	0	0	0	0	0	0	0	0
NR_118535.1	GIN-41-MGE-S217	0	0	0	0	0	0	0	0	0
NR_118534.1	GIN-41-MGE-S217	0	0	0	0	0	0	0	0	0
NR_118530.1	GIN-41-MGE-S217	0	0	0	0	0	0	0	0	0
NR_118490.1	GIN-41-MGE-S217	0	0	0	0	0	0	0	0	0
NR_118489.1	GIN-41-MGE-S217	0	0	0	0	0	0	0	0	0
NR_118485.1	GIN-41-MGE-S217	0	0	0	0	0	0	0	0	0
NR_118480.1	GIN-41-MGE-S217	0	0	0	0	0	0	0	0	0
NR_118469.1	GIN-41-MGE-S217	0	0	0	0	0	0	0	0	0
NR_118468.1	GIN-41-MGE-S217	0	0	0	0	0	0	0	0	0
NR_118466.1	GIN-41-MGE-S217	0	0	0	0	0	0	0	0	0
NR_118463.1	GIN-41-MGE-S217	0	0	0	0	0	0	0	0	0
NR_118462.1	GIN-41-MGE-S217	0	0	0	0	0	0	0	0	0
NR_118460.1	GIN-41-MGE-S217	0	0	0	0	0	0	0	0	0
NR_118458.1	GIN-41-MGE-S217	0	0	0	0	0	0	0	0	0
NR_118457.1	GIN-41-MGE-S217	0	0	0	0	0	0	0	0	0
NR_118456.1	GIN-41-MGE-S217	0	0	0	0	0	0	0	0	0
NR_118455.1	GIN-41-MGE-S217	0	0	0	0	0	0	0	0	0
NR_118454.1	GIN-41-MGE-S217	0	0	0	0	0	0	0	0	0
NR_118451.1	GIN-41-MGE-S217	0	0	0	0	0	0	0	0	0
NR_118448.1	GIN-41-MGE-S217	0	0	0	0	0	0	0	0	0
NR_118447.1	GIN-41-MGE-S217	0	0	0	0	0	0	0	0	0
NR_118441.1	GIN-41-MGE-S217	0	0	0	0	0	0	0	0	0
NR_118439.1	GIN-41-MGE-S217	0	0	0	0	0	0	0	0	0
NR_118435.1	GIN-41-MGE-S217	0	0	0	0	0	0	0	0	0
NR_118434.1	GIN-41-MGE-S217	0	0	0	0	0	0	0	0	0
NR_118433.1	GIN-41-MGE-S217	0	0	0	0	0	0	0	0	0
NR_118432.1	GIN-41-MGE-S217	0	0	0	0	0	0	0	0	0
NR_118430.1	GIN-41-MGE-S217	0	0	0	0	0	0	0	0	0
NR_118427.1	GIN-41-MGE-S217	0	0	0	0	0	0	0	0	0
NR_118426.1	GIN-41-MGE-S217	0	0	0	0	0	0	0	0	0
NR_118425.1	GIN-41-MGE-S217	0	0	0	0	0	0	0	0	0
NR_118422.1	GIN-41-MGE-S217	0	0	0	0	0	0	0	0	0
NR_118420.1	GIN-41-MGE-S217	0	0	0	0	0	0	0	0	0
NR_118411.1	GIN-41-MGE-S217	0	0	0	0	0	0	0	0	0
NR_118410.1	GIN-41-MGE-S217	0	0	0	0	0	0	0	0	0
NR_118407.1	GIN-41-MGE-S217	0	0	0	0	0	0	0	0	0
NR_118406.1	GIN-41-MGE-S217	0	0	0	0	0	0	0	0	0
NR_118397.1	GIN-41-MGE-S217	0	0	0	0	0	0	0	0	0
NR_118396.1	GIN-41-MGE-S217	0	0	0	0	0	0	0	0	0
NR_118395.1	GIN-41-MGE-S217	0	0	0	0	0	0	0	0	0
NR_118393.1	GIN-41-MGE-S217	0	0	0	0	0	0	0	0	0
NR_118391.1	GIN-41-MGE-S217	0	0	0	0	0	0	0	0	0
NR_118390.1	GIN-41-MGE-S217	0	0	0	0	0	0	0	0	0
NR_118386.1	GIN-41-MGE-S217	0	0	0	0	0	0	0	0	0
NR_118385.1	GIN-41-MGE-S217	0	0	0	0	0	0	0	0	0
NR_118383.1	GIN-41-MGE-S217	0	0	0	0	0	0	0	0	0
NR_118381.1	GIN-41-MGE-S217	0	0	0	0	0	0	0	0	0
NR_118380.1	GIN-41-MGE-S217	0	0	0	0	0	0	0	0	0
NR_118379.1	GIN-41-MGE-S217	0	0	0	0	0	0	0	0	0
NR_118378.1	GIN-41-MGE-S217	0	0	0	0	0	0	0	0	0
NR_118365.1	GIN-41-MGE-S217	0	0	0	0	0	0	0	0	0
NR_118361.1	GIN-41-MGE-S217	0	0	0	0	0	0	0	0	0
NR_118355.1	GIN-41-MGE-S217	0	0	0	0	0	0	0	0	0
NR_118351.1	GIN-41-MGE-S217	0	0	0	0	0	0	0	0	0
NR_118350.1	GIN-41-MGE-S217	0	0	0	0	0	0	0	0	0
NR_118349.1	GIN-41-MGE-S217	0	0	0	0	0	0	0	0	0
NR_118348.1	GIN-41-MGE-S217	0	0	0	0	0	0	0	0	0
NR_118346.1	GIN-41-MGE-S217	0	0	0	0	0	0	0	0	0
NR_118340.1	GIN-41-MGE-S217	0	0	0	0	0	0	0	0	0
NR_118339.1	GIN-41-MGE-S217	0	0	0	0	0	0	0	0	0
NR_118337.1	GIN-41-MGE-S217	0	0	0	0	0	0	0	0	0
NR_118336.1	GIN-41-MGE-S217	0	0	0	0	0	0	0	0	0
NR_118335.1	GIN-41-MGE-S217	0	0	0	0	0	0	0	0	0
NR_118334.1	GIN-41-MGE-S217	0	0	0	0	0	0	0	0	0
NR_118333.1	GIN-41-MGE-S217	0	0	0	0	0	0	0	0	0
NR_118330.1	GIN-41-MGE-S217	0	0	0	0	0	0	0	0	0
NR_118329.1	GIN-41-MGE-S217	0	0	0	0	0	0	0	0	0
NR_118327.1	GIN-41-MGE-S217	0	0	0	0	0	0	0	0	0
NR_118326.1	GIN-41-MGE-S217	0	0	0	0	0	0	0	0	0
NR_118323.1	GIN-41-MGE-S217	0	0	0	0	0	0	0	0	0
NR_118322.1	GIN-41-MGE-S217	0	0	0	0	0	0	0	0	0
NR_118321.1	GIN-41-MGE-S217	0	0	0	0	0	0	0	0	0
NR_118319.1	GIN-41-MGE-S217	0	0	0	0	0	0	0	0	0
NR_118318.1	GIN-41-MGE-S217	0	0	0	0	0	0	0	0	0
NR_118317.1	GIN-41-MGE-S217	0	0	0	0	0	0	0	0	0
NR_118316.1	GIN-41-MGE-S217	6	6	0	0	0	0	0	0	0
NR_118315.1	GIN-41-MGE-S217	0	0	0	0	0	0	0	0	0
NR_118314.1	GIN-41-MGE-S217	0	0	0	0	0	0	0	0	0
NR_118312.1	GIN-41-MGE-S217	0	0	0	0	0	0	0	0	0
NR_118308.1	GIN-41-MGE-S217	0	0	0	0	0	0	0	0	0
NR_118307.1	GIN-41-MGE-S217	0	0	0	0	0	0	0	0	0
NR_118305.1	GIN-41-MGE-S217	0	0	0	0	0	0	0	0	0
NR_118301.1	GIN-41-MGE-S217	0	0	0	0	0	0	0	0	0
NR_118299.1	GIN-41-MGE-S217	0	0	0	0	0	0	0	0	0
NR_118298.1	GIN-41-MGE-S217	0	0	0	0	0	0	0	0	0
NR_118297.1	GIN-41-MGE-S217	0	0	0	0	0	0	0	0	0
NR_118296.1	GIN-41-MGE-S217	0	0	0	0	0	0	0	0	0
NR_118289.1	GIN-41-MGE-S217	0	0	0	0	0	0	0	0	0
NR_118276.1	GIN-41-MGE-S217	0	0	0	0	0	0	0	0	0
NR_118275.1	GIN-41-MGE-S217	0	0	0	0	0	0	0	0	0
NR_118272.1	GIN-41-MGE-S217	0	0	0	0	0	0	0	0	0
NR_118271.1	GIN-41-MGE-S217	0	0	0	0	0	0	0	0	0
NR_118270.1	GIN-41-MGE-S217	0	0	0	0	0	0	0	0	0
NR_118269.1	GIN-41-MGE-S217	0	0	0	0	0	0	0	0	0
NR_118268.1	GIN-41-MGE-S217	0	0	0	0	0	0	0	0	0
NR_118267.1	GIN-41-MGE-S217	0	0	0	0	0	0	0	0	0
NR_118264.1	GIN-41-MGE-S217	0	0	0	0	0	0	0	0	0
NR_118263.1	GIN-41-MGE-S217	0	0	0	0	0	0	0	0	0
NR_118257.1	GIN-41-MGE-S217	0	0	0	0	0	0	0	0	0
NR_118255.1	GIN-41-MGE-S217	0	0	0	0	0	0	0	0	0
NR_118251.1	GIN-41-MGE-S217	0	0	0	0	0	0	0	0	0
NR_118249.1	GIN-41-MGE-S217	0	0	0	0	0	0	0	0	0
NR_118246.1	GIN-41-MGE-S217	0	0	0	0	0	0	0	0	0
NR_118238.1	GIN-41-MGE-S217	0	0	0	0	0	0	0	0	0
NR_118233.1	GIN-41-MGE-S217	0	0	0	0	0	0	0	0	0
NR_118223.1	GIN-41-MGE-S217	0	0	0	0	0	0	0	0	0
NR_118222.1	GIN-41-MGE-S217	0	0	0	0	0	0	0	0	0
NR_118220.1	GIN-41-MGE-S217	0	0	0	0	0	0	0	0	0
NR_118219.1	GIN-41-MGE-S217	0	0	0	0	0	0	0	0	0
NR_118218.1	GIN-41-MGE-S217	0	0	0	0	0	0	0	0	0
NR_118217.1	GIN-41-MGE-S217	0	0	0	0	0	0	0	0	0
NR_118216.1	GIN-41-MGE-S217	0	0	0	0	0	0	0	0	0
NR_118215.1	GIN-41-MGE-S217	0	0	0	0	0	0	0	0	0
NR_118158.1	GIN-41-MGE-S217	0	0	0	0	0	0	0	0	0
NR_118157.1	GIN-41-MGE-S217	0	0	0	0	0	0	0	0	0
NR_118156.1	GIN-41-MGE-S217	0	0	0	0	0	0	0	0	0
NR_118155.1	GIN-41-MGE-S217	0	0	0	0	0	0	0	0	0
NR_118152.1	GIN-41-MGE-S217	0	0	0	0	0	0	0	0	0
NR_118147.1	GIN-41-MGE-S217	0	0	0	0	0	0	0	0	0
NR_118146.1	GIN-41-MGE-S217	0	0	0	0	0	0	0	0	0
NR_118145.1	GIN-41-MGE-S217	0	0	0	0	0	0	0	0	0
NR_118140.1	GIN-41-MGE-S217	0	0	0	0	0	0	0	0	0
NR_118139.1	GIN-41-MGE-S217	0	0	0	0	0	0	0	0	0
NR_118138.1	GIN-41-MGE-S217	0	0	0	0	0	0	0	0	0
NR_118132.1	GIN-41-MGE-S217	0	0	0	0	0	0	0	0	0
NR_118130.1	GIN-41-MGE-S217	0	0	0	0	0	0	0	0	0
NR_118129.1	GIN-41-MGE-S217	0	0	0	0	0	0	0	0	0
NR_118123.1	GIN-41-MGE-S217	0	0	0	0	0	0	0	0	0
NR_118115.1	GIN-41-MGE-S217	0	0	0	0	0	0	0	0	0
NR_118109.1	GIN-41-MGE-S217	0	0	0	0	0	0	0	0	0
NR_118108.1	GIN-41-MGE-S217	0	0	0	0	0	0	0	0	0
NR_118104.1	GIN-41-MGE-S217	0	0	0	0	0	0	0	0	0
NR_118103.1	GIN-41-MGE-S217	0	0	0	0	0	0	0	0	0
NR_118102.1	GIN-41-MGE-S217	0	0	0	0	0	0	0	0	0
NR_118100.1	GIN-41-MGE-S217	0	0	0	0	0	0	0	0	0
NR_118089.1	GIN-41-MGE-S217	0	0	0	0	0	0	0	0	0
NR_118084.1	GIN-41-MGE-S217	0	0	0	0	0	0	0	0	0
NR_118049.1	GIN-41-MGE-S217	0	0	0	0	0	0	0	0	0
NR_118048.1	GIN-41-MGE-S217	0	0	0	0	0	0	0	0	0
NR_118047.1	GIN-41-MGE-S217	0	0	0	0	0	0	0	0	0
NR_118046.1	GIN-41-MGE-S217	0	0	0	0	0	0	0	0	0
NR_118045.1	GIN-41-MGE-S217	0	0	0	0	0	0	0	0	0
NR_118041.1	GIN-41-MGE-S217	0	0	0	0	0	0	0	0	0
NR_118040.1	GIN-41-MGE-S217	0	0	0	0	0	0	0	0	0
NR_118039.1	GIN-41-MGE-S217	0	0	0	0	0	0	0	0	0
NR_118038.1	GIN-41-MGE-S217	0	0	0	0	0	0	0	0	0
NR_118034.1	GIN-41-MGE-S217	0	0	0	0	0	0	0	0	0
NR_118030.1	GIN-41-MGE-S217	0	0	0	0	0	0	0	0	0
NR_118028.1	GIN-41-MGE-S217	0	0	0	0	0	0	0	0	0
NR_118023.1	GIN-41-MGE-S217	0	0	0	0	0	0	0	0	0
NR_118022.1	GIN-41-MGE-S217	0	0	0	0	0	0	0	0	0
NR_118021.1	GIN-41-MGE-S217	0	0	0	0	0	0	0	0	0
NR_118020.1	GIN-41-MGE-S217	0	0	0	0	0	0	0	0	0
NR_118019.1	GIN-41-MGE-S217	0	0	0	0	0	0	0	0	0
NR_118018.1	GIN-41-MGE-S217	0	0	0	0	0	0	0	0	0
NR_118014.1	GIN-41-MGE-S217	0	0	0	0	0	0	0	0	0
NR_118013.1	GIN-41-MGE-S217	0	0	0	0	0	0	0	0	0
NR_118012.1	GIN-41-MGE-S217	0	0	0	0	0	0	0	0	0
NR_118005.1	GIN-41-MGE-S217	0	0	0	0	0	0	0	0	0
NR_118004.1	GIN-41-MGE-S217	0	0	0	0	0	0	0	0	0
NR_118002.1	GIN-41-MGE-S217	0	0	0	0	0	0	0	0	0
NR_118001.1	GIN-41-MGE-S217	0	0	0	0	0	0	0	0	0
NR_118000.1	GIN-41-MGE-S217	0	0	0	0	0	0	0	0	0
NR_117999.1	GIN-41-MGE-S217	0	0	0	0	0	0	0	0	0
NR_117997.1	GIN-41-MGE-S217	0	0	0	0	0	0	0	0	0
NR_117994.1	GIN-41-MGE-S217	0	0	0	0	0	0	0	0	0
NR_117993.1	GIN-41-MGE-S217	0	0	0	0	0	0	0	0	0
NR_117989.1	GIN-41-MGE-S217	0	0	0	0	0	0	0	0	0
NR_117988.1	GIN-41-MGE-S217	0	0	0	0	0	0	0	0	0
NR_117986.1	GIN-41-MGE-S217	0	0	0	0	0	0	0	0	0
NR_117985.1	GIN-41-MGE-S217	0	0	0	0	0	0	0	0	0
NR_117983.1	GIN-41-MGE-S217	0	0	0	0	0	0	0	0	0
NR_117982.1	GIN-41-MGE-S217	0	0	0	0	0	0	0	0	0
NR_117979.1	GIN-41-MGE-S217	0	0	0	0	0	0	0	0	0
NR_117978.1	GIN-41-MGE-S217	0	0	0	0	0	0	0	0	0
NR_117977.1	GIN-41-MGE-S217	0	0	0	0	0	0	0	0	0
NR_117976.1	GIN-41-MGE-S217	0	0	0	0	0	0	0	0	0
NR_117975.1	GIN-41-MGE-S217	0	0	0	0	0	0	0	0	0
NR_117974.1	GIN-41-MGE-S217	0	0	0	0	0	0	0	0	0
NR_117972.1	GIN-41-MGE-S217	0	0	0	0	0	0	0	0	0
NR_117971.1	GIN-41-MGE-S217	0	0	0	0	0	0	0	0	0
NR_117970.1	GIN-41-MGE-S217	0	0	0	0	0	0	0	0	0
NR_117963.1	GIN-41-MGE-S217	0	0	0	0	0	0	0	0	0
NR_117961.1	GIN-41-MGE-S217	0	0	0	0	0	0	0	0	0
NR_117960.1	GIN-41-MGE-S217	0	0	0	0	0	0	0	0	0
NR_117948.1	GIN-41-MGE-S217	0	0	0	0	0	0	0	0	0
NR_117947.1	GIN-41-MGE-S217	0	0	0	0	0	0	0	0	0
NR_117946.1	GIN-41-MGE-S217	0	0	0	0	0	0	0	0	0
NR_117942.1	GIN-41-MGE-S217	0	0	0	0	0	0	0	0	0
NR_117941.1	GIN-41-MGE-S217	0	0	0	0	0	0	0	0	0
NR_117940.1	GIN-41-MGE-S217	0	0	0	0	0	0	0	0	0
NR_117935.1	GIN-41-MGE-S217	0	0	0	0	0	0	0	0	0
NR_117934.1	GIN-41-MGE-S217	0	0	0	0	0	0	0	0	0
NR_117932.1	GIN-41-MGE-S217	0	0	0	0	0	0	0	0	0
NR_117931.1	GIN-41-MGE-S217	0	0	0	0	0	0	0	0	0
NR_117929.1	GIN-41-MGE-S217	0	0	0	0	0	0	0	0	0
NR_117928.1	GIN-41-MGE-S217	0	0	0	0	0	0	0	0	0
NR_117927.1	GIN-41-MGE-S217	0	0	0	0	0	0	0	0	0
NR_117926.1	GIN-41-MGE-S217	0	0	0	0	0	0	0	0	0
NR_117925.1	GIN-41-MGE-S217	0	0	0	0	0	0	0	0	0
NR_117924.1	GIN-41-MGE-S217	0	0	0	0	0	0	0	0	0
NR_117922.1	GIN-41-MGE-S217	0	0	0	0	0	0	0	0	0
NR_117921.1	GIN-41-MGE-S217	0	0	0	0	0	0	0	0	0
NR_117918.1	GIN-41-MGE-S217	0	0	0	0	0	0	0	0	0
NR_117916.1	GIN-41-MGE-S217	0	0	0	0	0	0	0	0	0
NR_117915.1	GIN-41-MGE-S217	0	0	0	0	0	0	0	0	0
NR_117914.1	GIN-41-MGE-S217	0	0	0	0	0	0	0	0	0
NR_117913.1	GIN-41-MGE-S217	0	0	0	0	0	0	0	0	0
NR_117912.1	GIN-41-MGE-S217	0	0	0	0	0	0	0	0	0
NR_117905.1	GIN-41-MGE-S217	0	0	0	0	0	0	0	0	0
NR_117904.1	GIN-41-MGE-S217	0	0	0	0	0	0	0	0	0
NR_117903.1	GIN-41-MGE-S217	0	0	0	0	0	0	0	0	0
NR_117902.1	GIN-41-MGE-S217	0	0	0	0	0	0	0	0	0
NR_117901.1	GIN-41-MGE-S217	0	0	0	0	0	0	0	0	0
NR_117899.1	GIN-41-MGE-S217	0	0	0	0	0	0	0	0	0
NR_117882.1	GIN-41-MGE-S217	0	0	0	0	0	0	0	0	0
NR_117881.1	GIN-41-MGE-S217	0	0	0	0	0	0	0	0	0
NR_117880.1	GIN-41-MGE-S217	0	0	0	0	0	0	0	0	0
NR_117878.1	GIN-41-MGE-S217	0	0	0	0	0	0	0	0	0
NR_117868.1	GIN-41-MGE-S217	0	0	0	0	0	0	0	0	0
NR_117867.1	GIN-41-MGE-S217	0	0	0	0	0	0	0	0	0
NR_117866.1	GIN-41-MGE-S217	0	0	0	0	0	0	0	0	0
NR_117865.1	GIN-41-MGE-S217	0	0	0	0	0	0	0	0	0
NR_117864.1	GIN-41-MGE-S217	0	0	0	0	0	0	0	0	0
NR_117863.1	GIN-41-MGE-S217	0	0	0	0	0	0	0	0	0
NR_117862.1	GIN-41-MGE-S217	0	0	0	0	0	0	0	0	0
NR_117861.1	GIN-41-MGE-S217	0	0	0	0	0	0	0	0	0
NR_117860.1	GIN-41-MGE-S217	0	0	0	0	0	0	0	0	0
NR_117859.1	GIN-41-MGE-S217	0	0	0	0	0	0	0	0	0
NR_117858.1	GIN-41-MGE-S217	0	0	0	0	0	0	0	0	0
NR_117857.1	GIN-41-MGE-S217	0	0	0	0	0	0	0	0	0
NR_117856.1	GIN-41-MGE-S217	0	0	0	0	0	0	0	0	0
NR_117855.1	GIN-41-MGE-S217	0	0	0	0	0	0	0	0	0
NR_117851.1	GIN-41-MGE-S217	0	0	0	0	0	0	0	0	0
NR_117850.1	GIN-41-MGE-S217	0	0	0	0	0	0	0	0	0
NR_117848.1	GIN-41-MGE-S217	0	0	0	0	0	0	0	0	0
NR_117847.1	GIN-41-MGE-S217	0	0	0	0	0	0	0	0	0
NR_117846.1	GIN-41-MGE-S217	0	0	0	0	0	0	0	0	0
NR_117844.1	GIN-41-MGE-S217	0	0	0	0	0	0	0	0	0
NR_117838.1	GIN-41-MGE-S217	0	0	0	0	0	0	0	0	0
NR_117835.1	GIN-41-MGE-S217	0	0	0	0	0	0	0	0	0
NR_117834.1	GIN-41-MGE-S217	0	0	0	0	0	0	0	0	0
NR_117833.1	GIN-41-MGE-S217	0	0	0	0	0	0	0	0	0
NR_117831.1	GIN-41-MGE-S217	0	0	0	0	0	0	0	0	0
NR_117830.1	GIN-41-MGE-S217	0	0	0	0	0	0	0	0	0
NR_117829.1	GIN-41-MGE-S217	0	0	0	0	0	0	0	0	0
NR_117827.1	GIN-41-MGE-S217	0	0	0	0	0	0	0	0	0
NR_117826.1	GIN-41-MGE-S217	0	0	0	0	0	0	0	0	0
NR_117825.1	GIN-41-MGE-S217	0	0	0	0	0	0	0	0	0
NR_117824.1	GIN-41-MGE-S217	0	0	0	0	0	0	0	0	0
NR_117823.1	GIN-41-MGE-S217	0	0	0	0	0	0	0	0	0
NR_117816.1	GIN-41-MGE-S217	0	0	0	0	0	0	0	0	0
NR_117801.1	GIN-41-MGE-S217	0	0	0	0	0	0	0	0	0
NR_117800.1	GIN-41-MGE-S217	0	0	0	0	0	0	0	0	0
NR_117798.1	GIN-41-MGE-S217	0	0	0	0	0	0	0	0	0
NR_117797.1	GIN-41-MGE-S217	0	0	0	0	0	0	0	0	0
NR_117796.1	GIN-41-MGE-S217	0	0	0	0	0	0	0	0	0
NR_117795.1	GIN-41-MGE-S217	0	0	0	0	0	0	0	0	0
NR_117794.1	GIN-41-MGE-S217	0	0	0	0	0	0	0	0	0
NR_117792.1	GIN-41-MGE-S217	0	0	0	0	0	0	0	0	0
NR_117790.1	GIN-41-MGE-S217	0	0	0	0	0	0	0	0	0
NR_117786.1	GIN-41-MGE-S217	0	0	0	0	0	0	0	0	0
NR_117783.1	GIN-41-MGE-S217	0	0	0	0	0	0	0	0	0
NR_117782.1	GIN-41-MGE-S217	0	0	0	0	0	0	0	0	0
NR_117781.1	GIN-41-MGE-S217	0	0	0	0	0	0	0	0	0
NR_117780.1	GIN-41-MGE-S217	0	0	0	0	0	0	0	0	0
NR_117777.1	GIN-41-MGE-S217	0	0	0	0	0	0	0	0	0
NR_117776.1	GIN-41-MGE-S217	0	0	0	0	0	0	0	0	0
NR_117775.1	GIN-41-MGE-S217	0	0	0	0	0	0	0	0	0
NR_117774.1	GIN-41-MGE-S217	0	0	0	0	0	0	0	0	0
NR_117773.1	GIN-41-MGE-S217	0	0	0	0	0	0	0	0	0
NR_117772.1	GIN-41-MGE-S217	0	0	0	0	0	0	0	0	0
NR_117770.1	GIN-41-MGE-S217	0	0	0	0	0	0	0	0	0
NR_117756.1	GIN-41-MGE-S217	0	0	0	0	0	0	0	0	0
NR_117755.1	GIN-41-MGE-S217	0	0	0	0	0	0	0	0	0
NR_117754.1	GIN-41-MGE-S217	0	0	0	0	0	0	0	0	0
NR_117702.1	GIN-41-MGE-S217	0	0	0	0	0	0	0	0	0
NR_117701.1	GIN-41-MGE-S217	0	0	0	0	0	0	0	0	0
NR_117700.1	GIN-41-MGE-S217	0	0	0	0	0	0	0	0	0
NR_117699.1	GIN-41-MGE-S217	0	0	0	0	0	0	0	0	0
NR_117697.1	GIN-41-MGE-S217	0	0	0	0	0	0	0	0	0
NR_117696.1	GIN-41-MGE-S217	0	0	0	0	0	0	0	0	0
NR_117694.1	GIN-41-MGE-S217	0	0	0	0	0	0	0	0	0
NR_117692.1	GIN-41-MGE-S217	0	0	0	0	0	0	0	0	0
NR_117645.1	GIN-41-MGE-S217	0	0	0	0	0	0	0	0	0
NR_117642.1	GIN-41-MGE-S217	0	0	0	0	0	0	0	0	0
NR_117640.1	GIN-41-MGE-S217	0	0	0	0	0	0	0	0	0
NR_117639.1	GIN-41-MGE-S217	0	0	0	0	0	0	0	0	0
NR_117615.1	GIN-41-MGE-S217	0	0	0	0	0	0	0	0	0
NR_117614.1	GIN-41-MGE-S217	0	0	0	0	0	0	0	0	0
NR_117613.1	GIN-41-MGE-S217	0	0	0	0	0	0	0	0	0
NR_117611.1	GIN-41-MGE-S217	0	0	0	0	0	0	0	0	0
NR_117603.1	GIN-41-MGE-S217	0	0	0	0	0	0	0	0	0
NR_117576.1	GIN-41-MGE-S217	0	0	0	0	0	0	0	0	0
NR_117571.1	GIN-41-MGE-S217	0	0	0	0	0	0	0	0	0
NR_117567.1	GIN-41-MGE-S217	0	0	0	0	0	0	0	0	0
NR_117564.1	GIN-41-MGE-S217	0	0	0	0	0	0	0	0	0
NR_117563.1	GIN-41-MGE-S217	0	0	0	0	0	0	0	0	0
NR_117562.1	GIN-41-MGE-S217	0	0	0	0	0	0	0	0	0
NR_117561.1	GIN-41-MGE-S217	0	0	0	0	0	0	0	0	0
NR_117560.1	GIN-41-MGE-S217	0	0	0	0	0	0	0	0	0
NR_117559.1	GIN-41-MGE-S217	0	0	0	0	0	0	0	0	0
NR_117554.1	GIN-41-MGE-S217	0	0	0	0	0	0	0	0	0
NR_117552.1	GIN-41-MGE-S217	0	0	0	0	0	0	0	0	0
NR_117551.1	GIN-41-MGE-S217	0	0	0	0	0	0	0	0	0
NR_117550.1	GIN-41-MGE-S217	0	0	0	0	0	0	0	0	0
NR_117549.1	GIN-41-MGE-S217	0	0	0	0	0	0	0	0	0
NR_117548.1	GIN-41-MGE-S217	0	0	0	0	0	0	0	0	0
NR_117547.1	GIN-41-MGE-S217	0	0	0	0	0	0	0	0	0
NR_117546.1	GIN-41-MGE-S217	0	0	0	0	0	0	0	0	0
NR_117545.1	GIN-41-MGE-S217	0	0	0	0	0	0	0	0	0
NR_117544.1	GIN-41-MGE-S217	0	0	0	0	0	0	0	0	0
NR_117543.1	GIN-41-MGE-S217	0	0	0	0	0	0	0	0	0
NR_117542.1	GIN-41-MGE-S217	0	0	0	0	0	0	0	0	0
NR_117541.1	GIN-41-MGE-S217	0	0	0	0	0	0	0	0	0
NR_117539.1	GIN-41-MGE-S217	0	0	0	0	0	0	0	0	0
NR_117535.1	GIN-41-MGE-S217	0	0	0	0	0	0	0	0	0
NR_117534.1	GIN-41-MGE-S217	0	0	0	0	0	0	0	0	0
NR_117533.1	GIN-41-MGE-S217	0	0	0	0	0	0	0	0	0
NR_117532.1	GIN-41-MGE-S217	0	0	0	0	0	0	0	0	0
NR_117529.1	GIN-41-MGE-S217	0	0	0	0	0	0	0	0	0
NR_117527.1	GIN-41-MGE-S217	0	0	0	0	0	0	0	0	0
NR_117525.1	GIN-41-MGE-S217	0	0	0	0	0	0	0	0	0
NR_117524.1	GIN-41-MGE-S217	0	0	0	0	0	0	0	0	0
NR_117523.1	GIN-41-MGE-S217	0	0	0	0	0	0	0	0	0
NR_117522.1	GIN-41-MGE-S217	0	0	0	0	0	0	0	0	0
NR_117521.1	GIN-41-MGE-S217	0	0	0	0	0	0	0	0	0
NR_117518.1	GIN-41-MGE-S217	0	0	0	0	0	0	0	0	0
NR_117517.1	GIN-41-MGE-S217	0	0	0	0	0	0	0	0	0
NR_117516.1	GIN-41-MGE-S217	0	0	0	0	0	0	0	0	0
NR_117514.1	GIN-41-MGE-S217	0	0	0	0	0	0	0	0	0
NR_117511.1	GIN-41-MGE-S217	0	0	0	0	0	0	0	0	0
NR_117510.1	GIN-41-MGE-S217	0	0	0	0	0	0	0	0	0
NR_117509.1	GIN-41-MGE-S217	0	0	0	0	0	0	0	0	0
NR_117507.1	GIN-41-MGE-S217	0	0	0	0	0	0	0	0	0
NR_117502.1	GIN-41-MGE-S217	0	0	0	0	0	0	0	0	0
NR_117500.1	GIN-41-MGE-S217	0	0	0	0	0	0	0	0	0
NR_117499.1	GIN-41-MGE-S217	0	0	0	0	0	0	0	0	0
NR_117494.1	GIN-41-MGE-S217	0	0	0	0	0	0	0	0	0
NR_117493.1	GIN-41-MGE-S217	0	0	0	0	0	0	0	0	0
NR_117492.1	GIN-41-MGE-S217	0	0	0	0	0	0	0	0	0
NR_117491.1	GIN-41-MGE-S217	0	0	0	0	0	0	0	0	0
NR_117490.1	GIN-41-MGE-S217	0	0	0	0	0	0	0	0	0
NR_117489.1	GIN-41-MGE-S217	0	0	0	0	0	0	0	0	0
NR_117488.1	GIN-41-MGE-S217	0	0	0	0	0	0	0	0	0
NR_117487.1	GIN-41-MGE-S217	0	0	0	0	0	0	0	0	0
NR_117486.1	GIN-41-MGE-S217	0	0	0	0	0	0	0	0	0
NR_117485.1	GIN-41-MGE-S217	0	0	0	0	0	0	0	0	0
NR_117475.1	GIN-41-MGE-S217	0	0	0	0	0	0	0	0	0
NR_117472.1	GIN-41-MGE-S217	0	0	0	0	0	0	0	0	0
NR_117468.1	GIN-41-MGE-S217	0	0	0	0	0	0	0	0	0
NR_117467.1	GIN-41-MGE-S217	0	0	0	0	0	0	0	0	0
NR_117466.1	GIN-41-MGE-S217	0	0	0	0	0	0	0	0	0
NR_117463.1	GIN-41-MGE-S217	0	0	0	0	0	0	0	0	0
NR_117461.1	GIN-41-MGE-S217	0	0	0	0	0	0	0	0	0
NR_117458.1	GIN-41-MGE-S217	0	0	0	0	0	0	0	0	0
NR_117455.1	GIN-41-MGE-S217	0	0	0	0	0	0	0	0	0
NR_117453.1	GIN-41-MGE-S217	0	0	0	0	0	0	0	0	0
NR_117452.1	GIN-41-MGE-S217	0	0	0	0	0	0	0	0	0
NR_117451.1	GIN-41-MGE-S217	0	0	0	0	0	0	0	0	0
NR_117450.1	GIN-41-MGE-S217	0	0	0	0	0	0	0	0	0
NR_117448.1	GIN-41-MGE-S217	0	0	0	0	0	0	0	0	0
NR_117447.1	GIN-41-MGE-S217	0	0	0	0	0	0	0	0	0
NR_117446.1	GIN-41-MGE-S217	0	0	0	0	0	0	0	0	0
NR_117445.1	GIN-41-MGE-S217	0	0	0	0	0	0	0	0	0
NR_117444.1	GIN-41-MGE-S217	0	0	0	0	0	0	0	0	0
NR_117442.1	GIN-41-MGE-S217	0	0	0	0	0	0	0	0	0
NR_117441.1	GIN-41-MGE-S217	0	0	0	0	0	0	0	0	0
NR_117438.1	GIN-41-MGE-S217	0	0	0	0	0	0	0	0	0
NR_117437.1	GIN-41-MGE-S217	0	0	0	0	0	0	0	0	0
NR_117436.1	GIN-41-MGE-S217	0	0	0	0	0	0	0	0	0
NR_117435.1	GIN-41-MGE-S217	0	0	0	0	0	0	0	0	0
NR_117434.1	GIN-41-MGE-S217	0	0	0	0	0	0	0	0	0
NR_117432.1	GIN-41-MGE-S217	0	0	0	0	0	0	0	0	0
NR_117428.1	GIN-41-MGE-S217	0	0	0	0	0	0	0	0	0
NR_117427.1	GIN-41-MGE-S217	0	0	0	0	0	0	0	0	0
NR_117425.1	GIN-41-MGE-S217	0	0	0	0	0	0	0	0	0
NR_117423.1	GIN-41-MGE-S217	0	0	0	0	0	0	0	0	0
NR_117422.1	GIN-41-MGE-S217	0	0	0	0	0	0	0	0	0
NR_117421.1	GIN-41-MGE-S217	0	0	0	0	0	0	0	0	0
NR_117420.1	GIN-41-MGE-S217	0	0	0	0	0	0	0	0	0
NR_117419.1	GIN-41-MGE-S217	0	0	0	0	0	0	0	0	0
NR_117418.1	GIN-41-MGE-S217	0	0	0	0	0	0	0	0	0
NR_117417.1	GIN-41-MGE-S217	0	0	0	0	0	0	0	0	0
NR_117416.1	GIN-41-MGE-S217	0	0	0	0	0	0	0	0	0
NR_117415.1	GIN-41-MGE-S217	0	0	0	0	0	0	0	0	0
NR_117414.1	GIN-41-MGE-S217	0	0	0	0	0	0	0	0	0
NR_117413.1	GIN-41-MGE-S217	0	0	0	0	0	0	0	0	0
NR_117412.1	GIN-41-MGE-S217	0	0	0	0	0	0	0	0	0
NR_117411.1	GIN-41-MGE-S217	0	0	0	0	0	0	0	0	0
NR_117410.1	GIN-41-MGE-S217	0	0	0	0	0	0	0	0	0
NR_117408.1	GIN-41-MGE-S217	0	0	0	0	0	0	0	0	0
NR_117406.1	GIN-41-MGE-S217	0	0	0	0	0	0	0	0	0
NR_117404.1	GIN-41-MGE-S217	0	0	0	0	0	0	0	0	0
NR_117403.1	GIN-41-MGE-S217	0	0	0	0	0	0	0	0	0
NR_117402.1	GIN-41-MGE-S217	0	0	0	0	0	0	0	0	0
NR_117401.1	GIN-41-MGE-S217	0	0	0	0	0	0	0	0	0
NR_117400.1	GIN-41-MGE-S217	0	0	0	0	0	0	0	0	0
NR_117399.1	GIN-41-MGE-S217	0	0	0	0	0	0	0	0	0
NR_117398.1	GIN-41-MGE-S217	0	0	0	0	0	0	0	0	0
NR_117397.1	GIN-41-MGE-S217	0	0	0	0	0	0	0	0	0
NR_117396.1	GIN-41-MGE-S217	0	0	0	0	0	0	0	0	0
NR_117395.1	GIN-41-MGE-S217	0	0	0	0	0	0	0	0	0
NR_117394.1	GIN-41-MGE-S217	0	0	0	0	0	0	0	0	0
NR_117393.1	GIN-41-MGE-S217	0	0	0	0	0	0	0	0	0
NR_117392.1	GIN-41-MGE-S217	0	0	0	0	0	0	0	0	0
NR_117391.1	GIN-41-MGE-S217	0	0	0	0	0	0	0	0	0
NR_117390.1	GIN-41-MGE-S217	0	0	0	0	0	0	0	0	0
NR_117389.1	GIN-41-MGE-S217	0	0	0	0	0	0	0	0	0
NR_117388.1	GIN-41-MGE-S217	0	0	0	0	0	0	0	0	0
NR_117387.1	GIN-41-MGE-S217	0	0	0	0	0	0	0	0	0
NR_117386.1	GIN-41-MGE-S217	0	0	0	0	0	0	0	0	0
NR_117375.1	GIN-41-MGE-S217	0	0	0	0	0	0	0	0	0
NR_117370.1	GIN-41-MGE-S217	0	0	0	0	0	0	0	0	0
NR_117369.1	GIN-41-MGE-S217	0	0	0	0	0	0	0	0	0
NR_117367.1	GIN-41-MGE-S217	0	0	0	0	0	0	0	0	0
NR_117366.1	GIN-41-MGE-S217	0	0	0	0	0	0	0	0	0
NR_117365.1	GIN-41-MGE-S217	0	0	0	0	0	0	0	0	0
NR_117363.1	GIN-41-MGE-S217	0	0	0	0	0	0	0	0	0
NR_117362.1	GIN-41-MGE-S217	0	0	0	0	0	0	0	0	0
NR_117361.1	GIN-41-MGE-S217	0	0	0	0	0	0	0	0	0
NR_117360.1	GIN-41-MGE-S217	0	0	0	0	0	0	0	0	0
NR_117359.1	GIN-41-MGE-S217	0	0	0	0	0	0	0	0	0
NR_117356.1	GIN-41-MGE-S217	0	0	0	0	0	0	0	0	0
NR_117355.1	GIN-41-MGE-S217	0	0	0	0	0	0	0	0	0
NR_117354.1	GIN-41-MGE-S217	0	0	0	0	0	0	0	0	0
NR_117351.1	GIN-41-MGE-S217	0	0	0	0	0	0	0	0	0
NR_117350.1	GIN-41-MGE-S217	0	0	0	0	0	0	0	0	0
NR_117349.1	GIN-41-MGE-S217	0	0	0	0	0	0	0	0	0
NR_117345.1	GIN-41-MGE-S217	0	0	0	0	0	0	0	0	0
NR_117342.1	GIN-41-MGE-S217	0	0	0	0	0	0	0	0	0
NR_117340.1	GIN-41-MGE-S217	0	0	0	0	0	0	0	0	0
NR_117339.1	GIN-41-MGE-S217	0	0	0	0	0	0	0	0	0
NR_117338.1	GIN-41-MGE-S217	0	0	0	0	0	0	0	0	0
NR_117337.1	GIN-41-MGE-S217	0	0	0	0	0	0	0	0	0
NR_117335.1	GIN-41-MGE-S217	0	0	0	0	0	0	0	0	0
NR_117334.1	GIN-41-MGE-S217	0	0	0	0	0	0	0	0	0
NR_117333.1	GIN-41-MGE-S217	0	0	0	0	0	0	0	0	0
NR_117332.1	GIN-41-MGE-S217	0	0	0	0	0	0	0	0	0
NR_117331.1	GIN-41-MGE-S217	0	0	0	0	0	0	0	0	0
NR_117330.1	GIN-41-MGE-S217	0	0	0	0	0	0	0	0	0
NR_117329.1	GIN-41-MGE-S217	0	0	0	0	0	0	0	0	0
NR_117328.1	GIN-41-MGE-S217	0	0	0	0	0	0	0	0	0
NR_117327.1	GIN-41-MGE-S217	0	0	0	0	0	0	0	0	0
NR_117326.1	GIN-41-MGE-S217	0	0	0	0	0	0	0	0	0
NR_117325.1	GIN-41-MGE-S217	0	0	0	0	0	0	0	0	0
NR_117324.1	GIN-41-MGE-S217	0	0	0	0	0	0	0	0	0
NR_117323.1	GIN-41-MGE-S217	0	0	0	0	0	0	0	0	0
NR_117322.1	GIN-41-MGE-S217	0	0	0	0	0	0	0	0	0
NR_117321.1	GIN-41-MGE-S217	0	0	0	0	0	0	0	0	0
NR_117320.1	GIN-41-MGE-S217	0	0	0	0	0	0	0	0	0
NR_117318.1	GIN-41-MGE-S217	0	0	0	0	0	0	0	0	0
NR_117317.1	GIN-41-MGE-S217	0	0	0	0	0	0	0	0	0
NR_117314.1	GIN-41-MGE-S217	0	0	0	0	0	0	0	0	0
NR_117313.1	GIN-41-MGE-S217	0	0	0	0	0	0	0	0	0
NR_117312.1	GIN-41-MGE-S217	0	0	0	0	0	0	0	0	0
NR_117310.1	GIN-41-MGE-S217	0	0	0	0	0	0	0	0	0
NR_117309.1	GIN-41-MGE-S217	0	0	0	0	0	0	0	0	0
NR_117308.1	GIN-41-MGE-S217	0	0	0	0	0	0	0	0	0
NR_117307.1	GIN-41-MGE-S217	0	0	0	0	0	0	0	0	0
NR_117306.1	GIN-41-MGE-S217	0	0	0	0	0	0	0	0	0
NR_117304.1	GIN-41-MGE-S217	0	0	0	0	0	0	0	0	0
NR_117302.1	GIN-41-MGE-S217	0	0	0	0	0	0	0	0	0
NR_117301.1	GIN-41-MGE-S217	0	0	0	0	0	0	0	0	0
NR_117300.1	GIN-41-MGE-S217	0	0	0	0	0	0	0	0	0
NR_117299.1	GIN-41-MGE-S217	0	0	0	0	0	0	0	0	0
NR_117298.1	GIN-41-MGE-S217	0	0	0	0	0	0	0	0	0
NR_117297.1	GIN-41-MGE-S217	0	0	0	0	0	0	0	0	0
NR_117296.1	GIN-41-MGE-S217	0	0	0	0	0	0	0	0	0
NR_117294.1	GIN-41-MGE-S217	0	0	0	0	0	0	0	0	0
NR_117293.1	GIN-41-MGE-S217	0	0	0	0	0	0	0	0	0
NR_117284.1	GIN-41-MGE-S217	0	0	0	0	0	0	0	0	0
NR_117283.1	GIN-41-MGE-S217	0	0	0	0	0	0	0	0	0
NR_117275.1	GIN-41-MGE-S217	0	0	0	0	0	0	0	0	0
NR_117273.1	GIN-41-MGE-S217	0	0	0	0	0	0	0	0	0
NR_117271.1	GIN-41-MGE-S217	0	0	0	0	0	0	0	0	0
NR_117270.1	GIN-41-MGE-S217	0	0	0	0	0	0	0	0	0
NR_117268.1	GIN-41-MGE-S217	0	0	0	0	0	0	0	0	0
NR_117267.1	GIN-41-MGE-S217	0	0	0	0	0	0	0	0	0
NR_117266.1	GIN-41-MGE-S217	0	0	0	0	0	0	0	0	0
NR_117265.1	GIN-41-MGE-S217	0	0	0	0	0	0	0	0	0
NR_117264.1	GIN-41-MGE-S217	0	0	0	0	0	0	0	0	0
NR_117263.1	GIN-41-MGE-S217	0	0	0	0	0	0	0	0	0
NR_117261.1	GIN-41-MGE-S217	0	0	0	0	0	0	0	0	0
NR_117260.1	GIN-41-MGE-S217	0	0	0	0	0	0	0	0	0
NR_117259.1	GIN-41-MGE-S217	0	0	0	0	0	0	0	0	0
NR_117256.1	GIN-41-MGE-S217	0	0	0	0	0	0	0	0	0
NR_117254.1	GIN-41-MGE-S217	0	0	0	0	0	0	0	0	0
NR_117253.1	GIN-41-MGE-S217	0	0	0	0	0	0	0	0	0
NR_117251.1	GIN-41-MGE-S217	0	0	0	0	0	0	0	0	0
NR_117250.1	GIN-41-MGE-S217	0	0	0	0	0	0	0	0	0
NR_117249.1	GIN-41-MGE-S217	0	0	0	0	0	0	0	0	0
NR_117248.1	GIN-41-MGE-S217	0	0	0	0	0	0	0	0	0
NR_117247.1	GIN-41-MGE-S217	0	0	0	0	0	0	0	0	0
NR_117246.1	GIN-41-MGE-S217	0	0	0	0	0	0	0	0	0
NR_117245.1	GIN-41-MGE-S217	0	0	0	0	0	0	0	0	0
NR_117244.1	GIN-41-MGE-S217	0	0	0	0	0	0	0	0	0
NR_117243.1	GIN-41-MGE-S217	0	0	0	0	0	0	0	0	0
NR_117242.1	GIN-41-MGE-S217	0	0	0	0	0	0	0	0	0
NR_117241.1	GIN-41-MGE-S217	0	0	0	0	0	0	0	0	0
NR_117240.1	GIN-41-MGE-S217	0	0	0	0	0	0	0	0	0
NR_117238.1	GIN-41-MGE-S217	0	0	0	0	0	0	0	0	0
NR_117237.1	GIN-41-MGE-S217	0	0	0	0	0	0	0	0	0
NR_117236.1	GIN-41-MGE-S217	0	0	0	0	0	0	0	0	0
NR_117234.1	GIN-41-MGE-S217	0	0	0	0	0	0	0	0	0
NR_117230.1	GIN-41-MGE-S217	0	0	0	0	0	0	0	0	0
NR_117229.1	GIN-41-MGE-S217	0	0	0	0	0	0	0	0	0
NR_117216.1	GIN-41-MGE-S217	0	0	0	0	0	0	0	0	0
NR_117215.1	GIN-41-MGE-S217	0	0	0	0	0	0	0	0	0
NR_117214.1	GIN-41-MGE-S217	0	0	0	0	0	0	0	0	0
NR_117213.1	GIN-41-MGE-S217	0	0	0	0	0	0	0	0	0
NR_117212.1	GIN-41-MGE-S217	0	0	0	0	0	0	0	0	0
NR_117207.1	GIN-41-MGE-S217	0	0	0	0	0	0	0	0	0
NR_117203.1	GIN-41-MGE-S217	0	0	0	0	0	0	0	0	0
NR_117202.1	GIN-41-MGE-S217	0	0	0	0	0	0	0	0	0
NR_117199.1	GIN-41-MGE-S217	0	0	0	0	0	0	0	0	0
NR_117195.1	GIN-41-MGE-S217	0	0	0	0	0	0	0	0	0
NR_117194.1	GIN-41-MGE-S217	0	0	0	0	0	0	0	0	0
NR_117187.1	GIN-41-MGE-S217	0	0	0	0	0	0	0	0	0
NR_117186.1	GIN-41-MGE-S217	0	0	0	0	0	0	0	0	0
NR_117185.1	GIN-41-MGE-S217	0	0	0	0	0	0	0	0	0
NR_117183.1	GIN-41-MGE-S217	0	0	0	0	0	0	0	0	0
NR_117179.1	GIN-41-MGE-S217	0	0	0	0	0	0	0	0	0
NR_117178.1	GIN-41-MGE-S217	0	0	0	0	0	0	0	0	0
NR_117118.1	GIN-41-MGE-S217	0	0	0	0	0	0	0	0	0
NR_117107.1	GIN-41-MGE-S217	0	0	0	0	0	0	0	0	0
NR_117103.1	GIN-41-MGE-S217	0	0	0	0	0	0	0	0	0
NR_117082.1	GIN-41-MGE-S217	0	0	0	0	0	0	0	0	0
NR_117081.1	GIN-41-MGE-S217	0	0	0	0	0	0	0	0	0
NR_117079.1	GIN-41-MGE-S217	0	0	0	0	0	0	0	0	0
NR_117074.1	GIN-41-MGE-S217	0	0	0	0	0	0	0	0	0
NR_117072.1	GIN-41-MGE-S217	0	0	0	0	0	0	0	0	0
NR_117071.1	GIN-41-MGE-S217	0	0	0	0	0	0	0	0	0
NR_117062.1	GIN-41-MGE-S217	0	0	0	0	0	0	0	0	0
NR_117059.1	GIN-41-MGE-S217	0	0	0	0	0	0	0	0	0
NR_117058.1	GIN-41-MGE-S217	0	0	0	0	0	0	0	0	0
NR_117057.1	GIN-41-MGE-S217	0	0	0	0	0	0	0	0	0
NR_117056.1	GIN-41-MGE-S217	0	0	0	0	0	0	0	0	0
NR_117051.1	GIN-41-MGE-S217	0	0	0	0	0	0	0	0	0
NR_117049.1	GIN-41-MGE-S217	0	0	0	0	0	0	0	0	0
NR_117048.1	GIN-41-MGE-S217	0	0	0	0	0	0	0	0	0
NR_117045.1	GIN-41-MGE-S217	0	0	0	0	0	0	0	0	0
NR_117042.1	GIN-41-MGE-S217	0	0	0	0	0	0	0	0	0
NR_117041.1	GIN-41-MGE-S217	0	0	0	0	0	0	0	0	0
NR_117039.1	GIN-41-MGE-S217	0	0	0	0	0	0	0	0	0
NR_117037.1	GIN-41-MGE-S217	0	0	0	0	0	0	0	0	0
NR_117033.1	GIN-41-MGE-S217	0	0	0	0	0	0	0	0	0
NR_117031.1	GIN-41-MGE-S217	0	0	0	0	0	0	0	0	0
NR_117030.1	GIN-41-MGE-S217	0	0	0	0	0	0	0	0	0
NR_117029.1	GIN-41-MGE-S217	0	0	0	0	0	0	0	0	0
NR_117025.1	GIN-41-MGE-S217	0	0	0	0	0	0	0	0	0
NR_117023.1	GIN-41-MGE-S217	0	0	0	0	0	0	0	0	0
NR_117022.1	GIN-41-MGE-S217	0	0	0	0	0	0	0	0	0
NR_117017.1	GIN-41-MGE-S217	0	0	0	0	0	0	0	0	0
NR_117014.1	GIN-41-MGE-S217	0	0	0	0	0	0	0	0	0
NR_117011.1	GIN-41-MGE-S217	0	0	0	0	0	0	0	0	0
NR_117010.1	GIN-41-MGE-S217	0	0	0	0	0	0	0	0	0
NR_117009.1	GIN-41-MGE-S217	0	0	0	0	0	0	0	0	0
NR_117004.1	GIN-41-MGE-S217	0	0	0	0	0	0	0	0	0
NR_117003.1	GIN-41-MGE-S217	0	0	0	0	0	0	0	0	0
NR_117002.1	GIN-41-MGE-S217	0	0	0	0	0	0	0	0	0
NR_117001.1	GIN-41-MGE-S217	0	0	0	0	0	0	0	0	0
NR_116999.1	GIN-41-MGE-S217	0	0	0	0	0	0	0	0	0
NR_116998.1	GIN-41-MGE-S217	0	0	0	0	0	0	0	0	0
NR_116996.1	GIN-41-MGE-S217	0	0	0	0	0	0	0	0	0
NR_116993.1	GIN-41-MGE-S217	0	0	0	0	0	0	0	0	0
NR_116990.1	GIN-41-MGE-S217	0	0	0	0	0	0	0	0	0
NR_116989.1	GIN-41-MGE-S217	0	0	0	0	0	0	0	0	0
NR_116988.1	GIN-41-MGE-S217	0	0	0	0	0	0	0	0	0
NR_116987.1	GIN-41-MGE-S217	0	0	0	0	0	0	0	0	0
NR_116986.1	GIN-41-MGE-S217	0	0	0	0	0	0	0	0	0
NR_116985.1	GIN-41-MGE-S217	0	0	0	0	0	0	0	0	0
NR_116984.1	GIN-41-MGE-S217	0	0	0	0	0	0	0	0	0
NR_116983.1	GIN-41-MGE-S217	0	0	0	0	0	0	0	0	0
NR_116981.1	GIN-41-MGE-S217	0	0	0	0	0	0	0	0	0
NR_116979.1	GIN-41-MGE-S217	0	0	0	0	0	0	0	0	0
NR_116978.1	GIN-41-MGE-S217	0	0	0	0	0	0	0	0	0
NR_116974.1	GIN-41-MGE-S217	0	0	0	0	0	0	0	0	0
NR_116972.1	GIN-41-MGE-S217	0	0	0	0	0	0	0	0	0
NR_116971.1	GIN-41-MGE-S217	0	0	0	0	0	0	0	0	0
NR_116970.1	GIN-41-MGE-S217	0	0	0	0	0	0	0	0	0
NR_116969.1	GIN-41-MGE-S217	0	0	0	0	0	0	0	0	0
NR_116968.1	GIN-41-MGE-S217	0	0	0	0	0	0	0	0	0
NR_116966.1	GIN-41-MGE-S217	0	0	0	0	0	0	0	0	0
NR_116965.1	GIN-41-MGE-S217	0	0	0	0	0	0	0	0	0
NR_116964.1	GIN-41-MGE-S217	0	0	0	0	0	0	0	0	0
NR_116963.1	GIN-41-MGE-S217	0	0	0	0	0	0	0	0	0
NR_116962.1	GIN-41-MGE-S217	0	0	0	0	0	0	0	0	0
NR_116961.1	GIN-41-MGE-S217	0	0	0	0	0	0	0	0	0
NR_116957.1	GIN-41-MGE-S217	0	0	0	0	0	0	0	0	0
NR_116954.1	GIN-41-MGE-S217	0	0	0	0	0	0	0	0	0
NR_116951.1	GIN-41-MGE-S217	0	0	0	0	0	0	0	0	0
NR_116950.1	GIN-41-MGE-S217	0	0	0	0	0	0	0	0	0
NR_116949.1	GIN-41-MGE-S217	0	0	0	0	0	0	0	0	0
NR_116946.1	GIN-41-MGE-S217	0	0	0	0	0	0	0	0	0
NR_116944.1	GIN-41-MGE-S217	0	0	0	0	0	0	0	0	0
NR_116941.1	GIN-41-MGE-S217	0	0	0	0	0	0	0	0	0
NR_116935.1	GIN-41-MGE-S217	0	0	0	0	0	0	0	0	0
NR_116934.1	GIN-41-MGE-S217	0	0	0	0	0	0	0	0	0
NR_116933.1	GIN-41-MGE-S217	0	0	0	0	0	0	0	0	0
NR_116932.1	GIN-41-MGE-S217	0	0	0	0	0	0	0	0	0
NR_116930.1	GIN-41-MGE-S217	0	0	0	0	0	0	0	0	0
NR_116921.1	GIN-41-MGE-S217	0	0	0	0	0	0	0	0	0
NR_116920.1	GIN-41-MGE-S217	0	0	0	0	0	0	0	0	0
NR_116917.1	GIN-41-MGE-S217	0	0	0	0	0	0	0	0	0
NR_116916.1	GIN-41-MGE-S217	0	0	0	0	0	0	0	0	0
NR_116915.1	GIN-41-MGE-S217	0	0	0	0	0	0	0	0	0
NR_116913.1	GIN-41-MGE-S217	0	0	0	0	0	0	0	0	0
NR_116912.1	GIN-41-MGE-S217	0	0	0	0	0	0	0	0	0
NR_116910.1	GIN-41-MGE-S217	0	0	0	0	0	0	0	0	0
NR_116909.1	GIN-41-MGE-S217	0	0	0	0	0	0	0	0	0
NR_116908.1	GIN-41-MGE-S217	0	0	0	0	0	0	0	0	0
NR_116907.1	GIN-41-MGE-S217	0	0	0	0	0	0	0	0	0
NR_116906.1	GIN-41-MGE-S217	0	0	0	0	0	0	0	0	0
NR_116903.1	GIN-41-MGE-S217	0	0	0	0	0	0	0	0	0
NR_116902.1	GIN-41-MGE-S217	0	0	0	0	0	0	0	0	0
NR_116901.1	GIN-41-MGE-S217	0	0	0	0	0	0	0	0	0
NR_116899.1	GIN-41-MGE-S217	0	0	0	0	0	0	0	0	0
NR_116897.1	GIN-41-MGE-S217	0	0	0	0	0	0	0	0	0
NR_116896.1	GIN-41-MGE-S217	0	0	0	0	0	0	0	0	0
NR_116894.1	GIN-41-MGE-S217	0	0	0	0	0	0	0	0	0
NR_116893.1	GIN-41-MGE-S217	0	0	0	0	0	0	0	0	0
NR_116892.1	GIN-41-MGE-S217	0	0	0	0	0	0	0	0	0
NR_116891.1	GIN-41-MGE-S217	0	0	0	0	0	0	0	0	0
NR_116889.1	GIN-41-MGE-S217	0	0	0	0	0	0	0	0	0
NR_116885.1	GIN-41-MGE-S217	0	0	0	0	0	0	0	0	0
NR_116884.1	GIN-41-MGE-S217	0	0	0	0	0	0	0	0	0
NR_116882.1	GIN-41-MGE-S217	0	0	0	0	0	0	0	0	0
NR_116877.1	GIN-41-MGE-S217	0	0	0	0	0	0	0	0	0
NR_116872.1	GIN-41-MGE-S217	0	0	0	0	0	0	0	0	0
NR_116871.1	GIN-41-MGE-S217	0	0	0	0	0	0	0	0	0
NR_116870.1	GIN-41-MGE-S217	0	0	0	0	0	0	0	0	0
NR_116868.1	GIN-41-MGE-S217	0	0	0	0	0	0	0	0	0
NR_116867.1	GIN-41-MGE-S217	0	0	0	0	0	0	0	0	0
NR_116866.1	GIN-41-MGE-S217	0	0	0	0	0	0	0	0	0
NR_116865.1	GIN-41-MGE-S217	0	0	0	0	0	0	0	0	0
NR_116864.1	GIN-41-MGE-S217	0	0	0	0	0	0	0	0	0
NR_116863.1	GIN-41-MGE-S217	0	0	0	0	0	0	0	0	0
NR_116856.1	GIN-41-MGE-S217	0	0	0	0	0	0	0	0	0
NR_116855.1	GIN-41-MGE-S217	0	0	0	0	0	0	0	0	0
NR_116853.1	GIN-41-MGE-S217	0	0	0	0	0	0	0	0	0
NR_116852.1	GIN-41-MGE-S217	0	0	0	0	0	0	0	0	0
NR_116850.1	GIN-41-MGE-S217	0	0	0	0	0	0	0	0	0
NR_116847.1	GIN-41-MGE-S217	0	0	0	0	0	0	0	0	0
NR_116842.1	GIN-41-MGE-S217	0	0	0	0	0	0	0	0	0
NR_116841.1	GIN-41-MGE-S217	0	0	0	0	0	0	0	0	0
NR_116840.1	GIN-41-MGE-S217	0	0	0	0	0	0	0	0	0
NR_116839.1	GIN-41-MGE-S217	0	0	0	0	0	0	0	0	0
NR_116837.1	GIN-41-MGE-S217	0	0	0	0	0	0	0	0	0
NR_116836.1	GIN-41-MGE-S217	0	0	0	0	0	0	0	0	0
NR_116834.1	GIN-41-MGE-S217	0	0	0	0	0	0	0	0	0
NR_116833.1	GIN-41-MGE-S217	0	0	0	0	0	0	0	0	0
NR_116832.1	GIN-41-MGE-S217	0	0	0	0	0	0	0	0	0
NR_116830.1	GIN-41-MGE-S217	0	0	0	0	0	0	0	0	0
NR_116829.1	GIN-41-MGE-S217	0	0	0	0	0	0	0	0	0
NR_116828.1	GIN-41-MGE-S217	0	0	0	0	0	0	0	0	0
NR_116827.1	GIN-41-MGE-S217	0	0	0	0	0	0	0	0	0
NR_116825.1	GIN-41-MGE-S217	0	0	0	0	0	0	0	0	0
NR_116818.1	GIN-41-MGE-S217	0	0	0	0	0	0	0	0	0
NR_116817.1	GIN-41-MGE-S217	0	0	0	0	0	0	0	0	0
NR_116816.1	GIN-41-MGE-S217	0	0	0	0	0	0	0	0	0
NR_116815.1	GIN-41-MGE-S217	0	0	0	0	0	0	0	0	0
NR_116813.1	GIN-41-MGE-S217	0	0	0	0	0	0	0	0	0
NR_116812.1	GIN-41-MGE-S217	0	0	0	0	0	0	0	0	0
NR_116807.1	GIN-41-MGE-S217	0	0	0	0	0	0	0	0	0
NR_116802.1	GIN-41-MGE-S217	0	0	0	0	0	0	0	0	0
NR_116796.1	GIN-41-MGE-S217	0	0	0	0	0	0	0	0	0
NR_116795.1	GIN-41-MGE-S217	0	0	0	0	0	0	0	0	0
NR_116794.1	GIN-41-MGE-S217	0	0	0	0	0	0	0	0	0
NR_116793.1	GIN-41-MGE-S217	0	0	0	0	0	0	0	0	0
NR_116792.1	GIN-41-MGE-S217	0	0	0	0	0	0	0	0	0
NR_116791.1	GIN-41-MGE-S217	0	0	0	0	0	0	0	0	0
NR_116790.1	GIN-41-MGE-S217	0	0	0	0	0	0	0	0	0
NR_116789.1	GIN-41-MGE-S217	0	0	0	0	0	0	0	0	0
NR_116788.1	GIN-41-MGE-S217	0	0	0	0	0	0	0	0	0
NR_116782.1	GIN-41-MGE-S217	0	0	0	0	0	0	0	0	0
NR_116781.1	GIN-41-MGE-S217	0	0	0	0	0	0	0	0	0
NR_116776.1	GIN-41-MGE-S217	0	0	0	0	0	0	0	0	0
NR_116775.1	GIN-41-MGE-S217	0	0	0	0	0	0	0	0	0
NR_116773.1	GIN-41-MGE-S217	0	0	0	0	0	0	0	0	0
NR_116772.1	GIN-41-MGE-S217	0	0	0	0	0	0	0	0	0
NR_116771.1	GIN-41-MGE-S217	0	0	0	0	0	0	0	0	0
NR_116767.1	GIN-41-MGE-S217	0	0	0	0	0	0	0	0	0
NR_116766.1	GIN-41-MGE-S217	0	0	0	0	0	0	0	0	0
NR_116765.1	GIN-41-MGE-S217	0	0	0	0	0	0	0	0	0
NR_116762.1	GIN-41-MGE-S217	0	0	0	0	0	0	0	0	0
NR_116760.1	GIN-41-MGE-S217	0	0	0	0	0	0	0	0	0
NR_116744.1	GIN-41-MGE-S217	0	0	0	0	0	0	0	0	0
NR_116743.1	GIN-41-MGE-S217	0	0	0	0	0	0	0	0	0
NR_116741.1	GIN-41-MGE-S217	0	0	0	0	0	0	0	0	0
NR_116740.1	GIN-41-MGE-S217	0	0	0	0	0	0	0	0	0
NR_116739.1	GIN-41-MGE-S217	0	0	0	0	0	0	0	0	0
NR_116738.1	GIN-41-MGE-S217	0	0	0	0	0	0	0	0	0
NR_116737.1	GIN-41-MGE-S217	0	0	0	0	0	0	0	0	0
NR_116736.1	GIN-41-MGE-S217	0	0	0	0	0	0	0	0	0
NR_116735.1	GIN-41-MGE-S217	0	0	0	0	0	0	0	0	0
NR_116734.1	GIN-41-MGE-S217	0	0	0	0	0	0	0	0	0
NR_116733.1	GIN-41-MGE-S217	0	0	0	0	0	0	0	0	0
NR_116732.1	GIN-41-MGE-S217	0	0	0	0	0	0	0	0	0
NR_116731.1	GIN-41-MGE-S217	0	0	0	0	0	0	0	0	0
NR_116726.1	GIN-41-MGE-S217	0	0	0	0	0	0	0	0	0
NR_116725.1	GIN-41-MGE-S217	0	0	0	0	0	0	0	0	0
NR_116722.1	GIN-41-MGE-S217	0	0	0	0	0	0	0	0	0
NR_116720.1	GIN-41-MGE-S217	0	0	0	0	0	0	0	0	0
NR_116719.1	GIN-41-MGE-S217	0	0	0	0	0	0	0	0	0
NR_116715.1	GIN-41-MGE-S217	0	0	0	0	0	0	0	0	0
NR_116714.1	GIN-41-MGE-S217	0	0	0	0	0	0	0	0	0
NR_116713.1	GIN-41-MGE-S217	0	0	0	0	0	0	0	0	0
NR_116712.1	GIN-41-MGE-S217	0	0	0	0	0	0	0	0	0
NR_116711.1	GIN-41-MGE-S217	0	0	0	0	0	0	0	0	0
NR_116710.1	GIN-41-MGE-S217	0	0	0	0	0	0	0	0	0
NR_116709.1	GIN-41-MGE-S217	0	0	0	0	0	0	0	0	0
NR_116708.1	GIN-41-MGE-S217	0	0	0	0	0	0	0	0	0
NR_116707.1	GIN-41-MGE-S217	0	0	0	0	0	0	0	0	0
NR_116705.1	GIN-41-MGE-S217	0	0	0	0	0	0	0	0	0
NR_116704.1	GIN-41-MGE-S217	0	0	0	0	0	0	0	0	0
NR_116703.1	GIN-41-MGE-S217	0	0	0	0	0	0	0	0	0
NR_116702.1	GIN-41-MGE-S217	0	0	0	0	0	0	0	0	0
NR_116701.1	GIN-41-MGE-S217	0	0	0	0	0	0	0	0	0
NR_116699.1	GIN-41-MGE-S217	0	0	0	0	0	0	0	0	0
NR_116698.1	GIN-41-MGE-S217	0	0	0	0	0	0	0	0	0
NR_116697.1	GIN-41-MGE-S217	0	0	0	0	0	0	0	0	0
NR_116696.1	GIN-41-MGE-S217	0	0	0	0	0	0	0	0	0
NR_116695.1	GIN-41-MGE-S217	0	0	0	0	0	0	0	0	0
NR_116694.1	GIN-41-MGE-S217	0	0	0	0	0	0	0	0	0
NR_116693.1	GIN-41-MGE-S217	0	0	0	0	0	0	0	0	0
NR_116687.1	GIN-41-MGE-S217	0	0	0	0	0	0	0	0	0
NR_116681.1	GIN-41-MGE-S217	0	0	0	0	0	0	0	0	0
NR_116680.1	GIN-41-MGE-S217	0	0	0	0	0	0	0	0	0
NR_116679.1	GIN-41-MGE-S217	0	0	0	0	0	0	0	0	0
NR_116676.1	GIN-41-MGE-S217	0	0	0	0	0	0	0	0	0
NR_116670.1	GIN-41-MGE-S217	0	0	0	0	0	0	0	0	0
NR_116668.1	GIN-41-MGE-S217	0	0	0	0	0	0	0	0	0
NR_116661.1	GIN-41-MGE-S217	0	0	0	0	0	0	0	0	0
NR_116660.1	GIN-41-MGE-S217	0	0	0	0	0	0	0	0	0
NR_116659.1	GIN-41-MGE-S217	0	0	0	0	0	0	0	0	0
NR_116658.1	GIN-41-MGE-S217	0	0	0	0	0	0	0	0	0
NR_116657.1	GIN-41-MGE-S217	0	0	0	0	0	0	0	0	0
NR_116656.1	GIN-41-MGE-S217	0	0	0	0	0	0	0	0	0
NR_116655.1	GIN-41-MGE-S217	0	0	0	0	0	0	0	0	0
NR_116653.1	GIN-41-MGE-S217	0	0	0	0	0	0	0	0	0
NR_116652.1	GIN-41-MGE-S217	0	0	0	0	0	0	0	0	0
NR_116651.1	GIN-41-MGE-S217	0	0	0	0	0	0	0	0	0
NR_116650.1	GIN-41-MGE-S217	0	0	0	0	0	0	0	0	0
NR_116649.1	GIN-41-MGE-S217	0	0	0	0	0	0	0	0	0
NR_116648.1	GIN-41-MGE-S217	0	0	0	0	0	0	0	0	0
NR_116646.1	GIN-41-MGE-S217	0	0	0	0	0	0	0	0	0
NR_116645.1	GIN-41-MGE-S217	0	0	0	0	0	0	0	0	0
NR_116629.1	GIN-41-MGE-S217	0	0	0	0	0	0	0	0	0
NR_116627.1	GIN-41-MGE-S217	0	0	0	0	0	0	0	0	0
NR_116626.1	GIN-41-MGE-S217	0	0	0	0	0	0	0	0	0
NR_116625.1	GIN-41-MGE-S217	0	0	0	0	0	0	0	0	0
NR_116624.1	GIN-41-MGE-S217	0	0	0	0	0	0	0	0	0
NR_116621.1	GIN-41-MGE-S217	0	0	0	0	0	0	0	0	0
NR_116619.1	GIN-41-MGE-S217	0	0	0	0	0	0	0	0	0
NR_116618.1	GIN-41-MGE-S217	0	0	0	0	0	0	0	0	0
NR_116617.1	GIN-41-MGE-S217	0	0	0	0	0	0	0	0	0
NR_116615.1	GIN-41-MGE-S217	0	0	0	0	0	0	0	0	0
NR_116613.1	GIN-41-MGE-S217	0	0	0	0	0	0	0	0	0
NR_116611.1	GIN-41-MGE-S217	0	0	0	0	0	0	0	0	0
NR_116610.1	GIN-41-MGE-S217	0	0	0	0	0	0	0	0	0
NR_116609.1	GIN-41-MGE-S217	0	0	0	0	0	0	0	0	0
NR_116607.1	GIN-41-MGE-S217	0	0	0	0	0	0	0	0	0
NR_116606.1	GIN-41-MGE-S217	0	0	0	0	0	0	0	0	0
NR_116605.1	GIN-41-MGE-S217	0	0	0	0	0	0	0	0	0
NR_116604.1	GIN-41-MGE-S217	0	0	0	0	0	0	0	0	0
NR_116600.1	GIN-41-MGE-S217	0	0	0	0	0	0	0	0	0
NR_116599.1	GIN-41-MGE-S217	0	0	0	0	0	0	0	0	0
NR_116598.1	GIN-41-MGE-S217	0	0	0	0	0	0	0	0	0
NR_116597.1	GIN-41-MGE-S217	0	0	0	0	0	0	0	0	0
NR_116596.1	GIN-41-MGE-S217	0	0	0	0	0	0	0	0	0
NR_116594.1	GIN-41-MGE-S217	0	0	0	0	0	0	0	0	0
NR_116593.1	GIN-41-MGE-S217	0	0	0	0	0	0	0	0	0
NR_116590.1	GIN-41-MGE-S217	0	0	0	0	0	0	0	0	0
NR_116576.1	GIN-41-MGE-S217	0	0	0	0	0	0	0	0	0
NR_116575.1	GIN-41-MGE-S217	0	0	0	0	0	0	0	0	0
NR_116574.1	GIN-41-MGE-S217	0	0	0	0	0	0	0	0	0
NR_116573.1	GIN-41-MGE-S217	0	0	0	0	0	0	0	0	0
NR_116572.1	GIN-41-MGE-S217	0	0	0	0	0	0	0	0	0
NR_116571.1	GIN-41-MGE-S217	0	0	0	0	0	0	0	0	0
NR_116570.1	GIN-41-MGE-S217	0	0	0	0	0	0	0	0	0
NR_116568.1	GIN-41-MGE-S217	0	0	0	0	0	0	0	0	0
NR_116567.1	GIN-41-MGE-S217	0	0	0	0	0	0	0	0	0
NR_116566.1	GIN-41-MGE-S217	0	0	0	0	0	0	0	0	0
NR_116565.1	GIN-41-MGE-S217	0	0	0	0	0	0	0	0	0
NR_116564.1	GIN-41-MGE-S217	0	0	0	0	0	0	0	0	0
NR_116563.1	GIN-41-MGE-S217	0	0	0	0	0	0	0	0	0
NR_116562.1	GIN-41-MGE-S217	0	0	0	0	0	0	0	0	0
NR_116561.1	GIN-41-MGE-S217	0	0	0	0	0	0	0	0	0
NR_116560.1	GIN-41-MGE-S217	0	0	0	0	0	0	0	0	0
NR_116554.1	GIN-41-MGE-S217	0	0	0	0	0	0	0	0	0
NR_116553.1	GIN-41-MGE-S217	0	0	0	0	0	0	0	0	0
NR_116550.1	GIN-41-MGE-S217	0	0	0	0	0	0	0	0	0
NR_116549.1	GIN-41-MGE-S217	0	0	0	0	0	0	0	0	0
NR_116548.1	GIN-41-MGE-S217	0	0	0	0	0	0	0	0	0
NR_116545.1	GIN-41-MGE-S217	0	0	0	0	0	0	0	0	0
NR_116543.1	GIN-41-MGE-S217	0	0	0	0	0	0	0	0	0
NR_116542.1	GIN-41-MGE-S217	0	0	0	0	0	0	0	0	0
NR_116538.1	GIN-41-MGE-S217	0	0	0	0	0	0	0	0	0
NR_116537.1	GIN-41-MGE-S217	0	0	0	0	0	0	0	0	0
NR_116535.1	GIN-41-MGE-S217	0	0	0	0	0	0	0	0	0
NR_116530.1	GIN-41-MGE-S217	0	0	0	0	0	0	0	0	0
NR_116529.1	GIN-41-MGE-S217	0	0	0	0	0	0	0	0	0
NR_116528.1	GIN-41-MGE-S217	0	0	0	0	0	0	0	0	0
NR_116527.1	GIN-41-MGE-S217	0	0	0	0	0	0	0	0	0
NR_116526.1	GIN-41-MGE-S217	0	0	0	0	0	0	0	0	0
NR_116524.1	GIN-41-MGE-S217	0	0	0	0	0	0	0	0	0
NR_116523.1	GIN-41-MGE-S217	0	0	0	0	0	0	0	0	0
NR_116520.1	GIN-41-MGE-S217	0	0	0	0	0	0	0	0	0
NR_116519.1	GIN-41-MGE-S217	0	0	0	0	0	0	0	0	0
NR_116518.1	GIN-41-MGE-S217	0	0	0	0	0	0	0	0	0
NR_116517.1	GIN-41-MGE-S217	0	0	0	0	0	0	0	0	0
NR_116516.1	GIN-41-MGE-S217	0	0	0	0	0	0	0	0	0
NR_116513.1	GIN-41-MGE-S217	0	0	0	0	0	0	0	0	0
NR_116512.1	GIN-41-MGE-S217	0	0	0	0	0	0	0	0	0
NR_116511.1	GIN-41-MGE-S217	0	0	0	0	0	0	0	0	0
NR_116506.1	GIN-41-MGE-S217	0	0	0	0	0	0	0	0	0
NR_116505.1	GIN-41-MGE-S217	0	0	0	0	0	0	0	0	0
NR_116503.1	GIN-41-MGE-S217	0	0	0	0	0	0	0	0	0
NR_116502.1	GIN-41-MGE-S217	0	0	0	0	0	0	0	0	0
NR_116501.1	GIN-41-MGE-S217	0	0	0	0	0	0	0	0	0
NR_116500.1	GIN-41-MGE-S217	0	0	0	0	0	0	0	0	0
NR_116499.1	GIN-41-MGE-S217	0	0	0	0	0	0	0	0	0
NR_116498.1	GIN-41-MGE-S217	0	0	0	0	0	0	0	0	0
NR_116496.1	GIN-41-MGE-S217	0	0	0	0	0	0	0	0	0
NR_116495.1	GIN-41-MGE-S217	0	0	0	0	0	0	0	0	0
NR_116486.1	GIN-41-MGE-S217	0	0	0	0	0	0	0	0	0
NR_116485.1	GIN-41-MGE-S217	0	0	0	0	0	0	0	0	0
NR_116484.1	GIN-41-MGE-S217	0	0	0	0	0	0	0	0	0
NR_116483.1	GIN-41-MGE-S217	0	0	0	0	0	0	0	0	0
NR_116482.1	GIN-41-MGE-S217	0	0	0	0	0	0	0	0	0
NR_116479.1	GIN-41-MGE-S217	0	0	0	0	0	0	0	0	0
NR_116477.1	GIN-41-MGE-S217	0	0	0	0	0	0	0	0	0
NR_116475.1	GIN-41-MGE-S217	0	0	0	0	0	0	0	0	0
NR_116472.1	GIN-41-MGE-S217	0	0	0	0	0	0	0	0	0
NR_116471.1	GIN-41-MGE-S217	0	0	0	0	0	0	0	0	0
NR_116470.1	GIN-41-MGE-S217	0	0	0	0	0	0	0	0	0
NR_116467.1	GIN-41-MGE-S217	0	0	0	0	0	0	0	0	0
NR_116465.1	GIN-41-MGE-S217	0	0	0	0	0	0	0	0	0
NR_116464.1	GIN-41-MGE-S217	0	0	0	0	0	0	0	0	0
NR_116463.1	GIN-41-MGE-S217	0	0	0	0	0	0	0	0	0
NR_116461.1	GIN-41-MGE-S217	0	0	0	0	0	0	0	0	0
NR_116460.1	GIN-41-MGE-S217	0	0	0	0	0	0	0	0	0
NR_116458.1	GIN-41-MGE-S217	0	0	0	0	0	0	0	0	0
NR_116457.1	GIN-41-MGE-S217	0	0	0	0	0	0	0	0	0
NR_116456.1	GIN-41-MGE-S217	0	0	0	0	0	0	0	0	0
NR_116455.1	GIN-41-MGE-S217	0	0	0	0	0	0	0	0	0
NR_116454.1	GIN-41-MGE-S217	0	0	0	0	0	0	0	0	0
NR_116453.1	GIN-41-MGE-S217	0	0	0	0	0	0	0	0	0
NR_116452.1	GIN-41-MGE-S217	0	0	0	0	0	0	0	0	0
NR_116451.1	GIN-41-MGE-S217	0	0	0	0	0	0	0	0	0
NR_116450.1	GIN-41-MGE-S217	0	0	0	0	0	0	0	0	0
NR_116449.1	GIN-41-MGE-S217	0	0	0	0	0	0	0	0	0
NR_116446.1	GIN-41-MGE-S217	0	0	0	0	0	0	0	0	0
NR_116445.1	GIN-41-MGE-S217	0	0	0	0	0	0	0	0	0
NR_116444.1	GIN-41-MGE-S217	0	0	0	0	0	0	0	0	0
NR_116442.1	GIN-41-MGE-S217	0	0	0	0	0	0	0	0	0
NR_116440.1	GIN-41-MGE-S217	0	0	0	0	0	0	0	0	0
NR_116439.1	GIN-41-MGE-S217	0	0	0	0	0	0	0	0	0
NR_116438.1	GIN-41-MGE-S217	0	0	0	0	0	0	0	0	0
NR_116437.1	GIN-41-MGE-S217	0	0	0	0	0	0	0	0	0
NR_116431.1	GIN-41-MGE-S217	0	0	0	0	0	0	0	0	0
NR_116429.1	GIN-41-MGE-S217	0	0	0	0	0	0	0	0	0
NR_116426.1	GIN-41-MGE-S217	0	0	0	0	0	0	0	0	0
NR_116425.1	GIN-41-MGE-S217	0	0	0	0	0	0	0	0	0
NR_116424.1	GIN-41-MGE-S217	0	0	0	0	0	0	0	0	0
NR_116423.1	GIN-41-MGE-S217	0	0	0	0	0	0	0	0	0
NR_116415.1	GIN-41-MGE-S217	0	0	0	0	0	0	0	0	0
NR_116414.1	GIN-41-MGE-S217	0	0	0	0	0	0	0	0	0
NR_116413.1	GIN-41-MGE-S217	0	0	0	0	0	0	0	0	0
NR_116410.1	GIN-41-MGE-S217	0	0	0	0	0	0	0	0	0
NR_116409.1	GIN-41-MGE-S217	0	0	0	0	0	0	0	0	0
NR_116408.1	GIN-41-MGE-S217	0	0	0	0	0	0	0	0	0
NR_116407.1	GIN-41-MGE-S217	0	0	0	0	0	0	0	0	0
NR_116406.1	GIN-41-MGE-S217	0	0	0	0	0	0	0	0	0
NR_116405.1	GIN-41-MGE-S217	0	0	0	0	0	0	0	0	0
NR_116404.1	GIN-41-MGE-S217	0	0	0	0	0	0	0	0	0
NR_116403.1	GIN-41-MGE-S217	0	0	0	0	0	0	0	0	0
NR_116401.1	GIN-41-MGE-S217	0	0	0	0	0	0	0	0	0
NR_116400.1	GIN-41-MGE-S217	0	0	0	0	0	0	0	0	0
NR_116399.1	GIN-41-MGE-S217	0	0	0	0	0	0	0	0	0
NR_116398.1	GIN-41-MGE-S217	0	0	0	0	0	0	0	0	0
NR_116397.1	GIN-41-MGE-S217	0	0	0	0	0	0	0	0	0
NR_116396.1	GIN-41-MGE-S217	0	0	0	0	0	0	0	0	0
NR_116395.1	GIN-41-MGE-S217	0	0	0	0	0	0	0	0	0
NR_116394.1	GIN-41-MGE-S217	0	0	0	0	0	0	0	0	0
NR_116392.1	GIN-41-MGE-S217	0	0	0	0	0	0	0	0	0
NR_116391.1	GIN-41-MGE-S217	0	0	0	0	0	0	0	0	0
NR_116390.1	GIN-41-MGE-S217	0	0	0	0	0	0	0	0	0
NR_116386.1	GIN-41-MGE-S217	0	0	0	0	0	0	0	0	0
NR_116385.1	GIN-41-MGE-S217	0	0	0	0	0	0	0	0	0
NR_116378.1	GIN-41-MGE-S217	0	0	0	0	0	0	0	0	0
NR_116377.1	GIN-41-MGE-S217	0	0	0	0	0	0	0	0	0
NR_116375.1	GIN-41-MGE-S217	0	0	0	0	0	0	0	0	0
NR_116373.1	GIN-41-MGE-S217	0	0	0	0	0	0	0	0	0
NR_116372.1	GIN-41-MGE-S217	0	0	0	0	0	0	0	0	0
NR_116371.1	GIN-41-MGE-S217	0	0	0	0	0	0	0	0	0
NR_116370.1	GIN-41-MGE-S217	0	0	0	0	0	0	0	0	0
NR_116369.1	GIN-41-MGE-S217	0	0	0	0	0	0	0	0	0
NR_116368.1	GIN-41-MGE-S217	0	0	0	0	0	0	0	0	0
NR_116367.1	GIN-41-MGE-S217	0	0	0	0	0	0	0	0	0
NR_116366.1	GIN-41-MGE-S217	0	0	0	0	0	0	0	0	0
NR_116365.1	GIN-41-MGE-S217	0	0	0	0	0	0	0	0	0
NR_116358.1	GIN-41-MGE-S217	0	0	0	0	0	0	0	0	0
NR_116357.1	GIN-41-MGE-S217	0	0	0	0	0	0	0	0	0
NR_116356.1	GIN-41-MGE-S217	0	0	0	0	0	0	0	0	0
NR_116355.1	GIN-41-MGE-S217	0	0	0	0	0	0	0	0	0
NR_116351.1	GIN-41-MGE-S217	0	0	0	0	0	0	0	0	0
NR_116350.1	GIN-41-MGE-S217	0	0	0	0	0	0	0	0	0
NR_116348.1	GIN-41-MGE-S217	0	0	0	0	0	0	0	0	0
NR_116347.1	GIN-41-MGE-S217	0	0	0	0	0	0	0	0	0
NR_116345.1	GIN-41-MGE-S217	0	0	0	0	0	0	0	0	0
NR_116344.1	GIN-41-MGE-S217	0	0	0	0	0	0	0	0	0
NR_116339.1	GIN-41-MGE-S217	0	0	0	0	0	0	0	0	0
NR_116338.1	GIN-41-MGE-S217	0	0	0	0	0	0	0	0	0
NR_116336.1	GIN-41-MGE-S217	0	0	0	0	0	0	0	0	0
NR_116335.1	GIN-41-MGE-S217	0	0	0	0	0	0	0	0	0
NR_116332.1	GIN-41-MGE-S217	0	0	0	0	0	0	0	0	0
NR_116329.1	GIN-41-MGE-S217	0	0	0	0	0	0	0	0	0
NR_116326.1	GIN-41-MGE-S217	0	0	0	0	0	0	0	0	0
NR_116325.1	GIN-41-MGE-S217	0	0	0	0	0	0	0	0	0
NR_116321.1	GIN-41-MGE-S217	0	0	0	0	0	0	0	0	0
NR_116319.1	GIN-41-MGE-S217	0	0	0	0	0	0	0	0	0
NR_116316.1	GIN-41-MGE-S217	0	0	0	0	0	0	0	0	0
NR_116315.1	GIN-41-MGE-S217	0	0	0	0	0	0	0	0	0
NR_116314.1	GIN-41-MGE-S217	0	0	0	0	0	0	0	0	0
NR_116313.1	GIN-41-MGE-S217	0	0	0	0	0	0	0	0	0
NR_116312.1	GIN-41-MGE-S217	0	0	0	0	0	0	0	0	0
NR_116309.1	GIN-41-MGE-S217	0	0	0	0	0	0	0	0	0
NR_116308.1	GIN-41-MGE-S217	0	0	0	0	0	0	0	0	0
NR_116307.1	GIN-41-MGE-S217	0	0	0	0	0	0	0	0	0
NR_116303.1	GIN-41-MGE-S217	0	0	0	0	0	0	0	0	0
NR_116301.1	GIN-41-MGE-S217	0	0	0	0	0	0	0	0	0
NR_116298.1	GIN-41-MGE-S217	0	0	0	0	0	0	0	0	0
NR_116297.1	GIN-41-MGE-S217	0	0	0	0	0	0	0	0	0
NR_116296.1	GIN-41-MGE-S217	0	0	0	0	0	0	0	0	0
NR_116295.1	GIN-41-MGE-S217	0	0	0	0	0	0	0	0	0
NR_116294.1	GIN-41-MGE-S217	0	0	0	0	0	0	0	0	0
NR_116293.1	GIN-41-MGE-S217	0	0	0	0	0	0	0	0	0
NR_116290.1	GIN-41-MGE-S217	0	0	0	0	0	0	0	0	0
NR_116288.1	GIN-41-MGE-S217	0	0	0	0	0	0	0	0	0
NR_116287.1	GIN-41-MGE-S217	0	0	0	0	0	0	0	0	0
NR_116281.1	GIN-41-MGE-S217	0	0	0	0	0	0	0	0	0
NR_116280.1	GIN-41-MGE-S217	0	0	0	0	0	0	0	0	0
NR_116279.1	GIN-41-MGE-S217	0	0	0	0	0	0	0	0	0
NR_116278.1	GIN-41-MGE-S217	0	0	0	0	0	0	0	0	0
NR_116273.1	GIN-41-MGE-S217	0	0	0	0	0	0	0	0	0
NR_116272.1	GIN-41-MGE-S217	0	0	0	0	0	0	0	0	0
NR_116271.1	GIN-41-MGE-S217	0	0	0	0	0	0	0	0	0
NR_116270.1	GIN-41-MGE-S217	0	0	0	0	0	0	0	0	0
NR_116269.1	GIN-41-MGE-S217	0	0	0	0	0	0	0	0	0
NR_116268.1	GIN-41-MGE-S217	0	0	0	0	0	0	0	0	0
NR_116267.1	GIN-41-MGE-S217	0	0	0	0	0	0	0	0	0
NR_116266.1	GIN-41-MGE-S217	0	0	0	0	0	0	0	0	0
NR_116265.1	GIN-41-MGE-S217	0	0	0	0	0	0	0	0	0
NR_116264.1	GIN-41-MGE-S217	0	0	0	0	0	0	0	0	0
NR_116263.1	GIN-41-MGE-S217	0	0	0	0	0	0	0	0	0
NR_116262.1	GIN-41-MGE-S217	0	0	0	0	0	0	0	0	0
NR_116261.1	GIN-41-MGE-S217	0	0	0	0	0	0	0	0	0
NR_116256.1	GIN-41-MGE-S217	0	0	0	0	0	0	0	0	0
NR_116251.1	GIN-41-MGE-S217	0	0	0	0	0	0	0	0	0
NR_116248.1	GIN-41-MGE-S217	0	0	0	0	0	0	0	0	0
NR_116241.1	GIN-41-MGE-S217	0	0	0	0	0	0	0	0	0
NR_116240.1	GIN-41-MGE-S217	0	0	0	0	0	0	0	0	0
NR_116239.1	GIN-41-MGE-S217	0	0	0	0	0	0	0	0	0
NR_116237.1	GIN-41-MGE-S217	0	0	0	0	0	0	0	0	0
NR_116236.1	GIN-41-MGE-S217	0	0	0	0	0	0	0	0	0
NR_116235.1	GIN-41-MGE-S217	0	0	0	0	0	0	0	0	0
NR_116234.1	GIN-41-MGE-S217	0	0	0	0	0	0	0	0	0
NR_116233.1	GIN-41-MGE-S217	0	0	0	0	0	0	0	0	0
NR_116232.1	GIN-41-MGE-S217	0	0	0	0	0	0	0	0	0
NR_116231.1	GIN-41-MGE-S217	0	0	0	0	0	0	0	0	0
NR_116229.1	GIN-41-MGE-S217	0	0	0	0	0	0	0	0	0
NR_116228.1	GIN-41-MGE-S217	0	0	0	0	0	0	0	0	0
NR_116227.1	GIN-41-MGE-S217	0	0	0	0	0	0	0	0	0
NR_116218.1	GIN-41-MGE-S217	0	0	0	0	0	0	0	0	0
NR_116217.1	GIN-41-MGE-S217	0	0	0	0	0	0	0	0	0
NR_116215.1	GIN-41-MGE-S217	0	0	0	0	0	0	0	0	0
NR_116202.1	GIN-41-MGE-S217	0	0	0	0	0	0	0	0	0
NR_116200.1	GIN-41-MGE-S217	0	0	0	0	0	0	0	0	0
NR_116198.1	GIN-41-MGE-S217	0	0	0	0	0	0	0	0	0
NR_116196.1	GIN-41-MGE-S217	0	0	0	0	0	0	0	0	0
NR_116195.1	GIN-41-MGE-S217	0	0	0	0	0	0	0	0	0
NR_116194.1	GIN-41-MGE-S217	0	0	0	0	0	0	0	0	0
NR_116179.1	GIN-41-MGE-S217	0	0	0	0	0	0	0	0	0
NR_116173.1	GIN-41-MGE-S217	0	0	0	0	0	0	0	0	0
NR_116171.1	GIN-41-MGE-S217	0	0	0	0	0	0	0	0	0
NR_116170.1	GIN-41-MGE-S217	0	0	0	0	0	0	0	0	0
NR_116165.1	GIN-41-MGE-S217	0	0	0	0	0	0	0	0	0
NR_116164.1	GIN-41-MGE-S217	0	0	0	0	0	0	0	0	0
NR_116161.1	GIN-41-MGE-S217	0	0	0	0	0	0	0	0	0
NR_116159.1	GIN-41-MGE-S217	0	0	0	0	0	0	0	0	0
NR_116158.1	GIN-41-MGE-S217	0	0	0	0	0	0	0	0	0
NR_116127.1	GIN-41-MGE-S217	0	0	0	0	0	0	0	0	0
NR_116123.1	GIN-41-MGE-S217	0	0	0	0	0	0	0	0	0
NR_116122.1	GIN-41-MGE-S217	0	0	0	0	0	0	0	0	0
NR_116121.1	GIN-41-MGE-S217	0	0	0	0	0	0	0	0	0
NR_116120.1	GIN-41-MGE-S217	0	0	0	0	0	0	0	0	0
NR_116118.1	GIN-41-MGE-S217	0	0	0	0	0	0	0	0	0
NR_116117.1	GIN-41-MGE-S217	0	0	0	0	0	0	0	0	0
NR_116116.1	GIN-41-MGE-S217	0	0	0	0	0	0	0	0	0
NR_116106.1	GIN-41-MGE-S217	0	0	0	0	0	0	0	0	0
NR_116103.1	GIN-41-MGE-S217	0	0	0	0	0	0	0	0	0
NR_116102.1	GIN-41-MGE-S217	0	0	0	0	0	0	0	0	0
NR_116100.1	GIN-41-MGE-S217	0	0	0	0	0	0	0	0	0
NR_116099.1	GIN-41-MGE-S217	0	0	0	0	0	0	0	0	0
NR_116098.1	GIN-41-MGE-S217	0	0	0	0	0	0	0	0	0
NR_116097.1	GIN-41-MGE-S217	0	0	0	0	0	0	0	0	0
NR_116091.1	GIN-41-MGE-S217	0	0	0	0	0	0	0	0	0
NR_116079.1	GIN-41-MGE-S217	0	0	0	0	0	0	0	0	0
NR_116075.1	GIN-41-MGE-S217	0	0	0	0	0	0	0	0	0
NR_116074.1	GIN-41-MGE-S217	0	0	0	0	0	0	0	0	0
NR_116071.1	GIN-41-MGE-S217	0	0	0	0	0	0	0	0	0
NR_116070.1	GIN-41-MGE-S217	0	0	0	0	0	0	0	0	0
NR_116069.1	GIN-41-MGE-S217	0	0	0	0	0	0	0	0	0
NR_116068.1	GIN-41-MGE-S217	0	0	0	0	0	0	0	0	0
NR_116067.1	GIN-41-MGE-S217	0	0	0	0	0	0	0	0	0
NR_116065.1	GIN-41-MGE-S217	0	0	0	0	0	0	0	0	0
NR_116063.1	GIN-41-MGE-S217	0	0	0	0	0	0	0	0	0
NR_116059.1	GIN-41-MGE-S217	0	0	0	0	0	0	0	0	0
NR_116057.1	GIN-41-MGE-S217	0	0	0	0	0	0	0	0	0
NR_116056.1	GIN-41-MGE-S217	0	0	0	0	0	0	0	0	0
NR_116053.1	GIN-41-MGE-S217	0	0	0	0	0	0	0	0	0
NR_116050.1	GIN-41-MGE-S217	0	0	0	0	0	0	0	0	0
NR_116049.1	GIN-41-MGE-S217	0	0	0	0	0	0	0	0	0
NR_116042.1	GIN-41-MGE-S217	0	0	0	0	0	0	0	0	0
NR_116039.1	GIN-41-MGE-S217	0	0	0	0	0	0	0	0	0
NR_116038.1	GIN-41-MGE-S217	0	0	0	0	0	0	0	0	0
NR_116037.1	GIN-41-MGE-S217	0	0	0	0	0	0	0	0	0
NR_116035.1	GIN-41-MGE-S217	0	0	0	0	0	0	0	0	0
NR_116034.1	GIN-41-MGE-S217	0	0	0	0	0	0	0	0	0
NR_116033.1	GIN-41-MGE-S217	0	0	0	0	0	0	0	0	0
NR_116030.1	GIN-41-MGE-S217	0	0	0	0	0	0	0	0	0
NR_116029.1	GIN-41-MGE-S217	0	0	0	0	0	0	0	0	0
NR_116027.1	GIN-41-MGE-S217	0	0	0	0	0	0	0	0	0
NR_116024.1	GIN-41-MGE-S217	0	0	0	0	0	0	0	0	0
NR_116021.1	GIN-41-MGE-S217	0	0	0	0	0	0	0	0	0
NR_116020.1	GIN-41-MGE-S217	0	0	0	0	0	0	0	0	0
NR_116019.1	GIN-41-MGE-S217	0	0	0	0	0	0	0	0	0
NR_116018.1	GIN-41-MGE-S217	0	0	0	0	0	0	0	0	0
NR_116016.1	GIN-41-MGE-S217	0	0	0	0	0	0	0	0	0
NR_116014.1	GIN-41-MGE-S217	0	0	0	0	0	0	0	0	0
NR_116008.1	GIN-41-MGE-S217	0	0	0	0	0	0	0	0	0
NR_116007.1	GIN-41-MGE-S217	0	0	0	0	0	0	0	0	0
NR_116006.1	GIN-41-MGE-S217	0	0	0	0	0	0	0	0	0
NR_116005.1	GIN-41-MGE-S217	0	0	0	0	0	0	0	0	0
NR_116004.1	GIN-41-MGE-S217	0	0	0	0	0	0	0	0	0
NR_116003.1	GIN-41-MGE-S217	0	0	0	0	0	0	0	0	0
NR_116002.1	GIN-41-MGE-S217	0	0	0	0	0	0	0	0	0
NR_115999.1	GIN-41-MGE-S217	0	0	0	0	0	0	0	0	0
NR_115998.1	GIN-41-MGE-S217	0	0	0	0	0	0	0	0	0
NR_115997.1	GIN-41-MGE-S217	0	0	0	0	0	0	0	0	0
NR_115996.1	GIN-41-MGE-S217	0	0	0	0	0	0	0	0	0
NR_115995.1	GIN-41-MGE-S217	0	0	0	0	0	0	0	0	0
NR_115994.1	GIN-41-MGE-S217	0	0	0	0	0	0	0	0	0
NR_115990.1	GIN-41-MGE-S217	0	0	0	0	0	0	0	0	0
NR_115987.1	GIN-41-MGE-S217	0	0	0	0	0	0	0	0	0
NR_115984.1	GIN-41-MGE-S217	0	0	0	0	0	0	0	0	0
NR_115977.1	GIN-41-MGE-S217	0	0	0	0	0	0	0	0	0
NR_115963.1	GIN-41-MGE-S217	0	0	0	0	0	0	0	0	0
NR_115956.1	GIN-41-MGE-S217	0	0	0	0	0	0	0	0	0
NR_115954.1	GIN-41-MGE-S217	0	0	0	0	0	0	0	0	0
NR_115952.1	GIN-41-MGE-S217	0	0	0	0	0	0	0	0	0
NR_115950.1	GIN-41-MGE-S217	0	0	0	0	0	0	0	0	0
NR_115949.1	GIN-41-MGE-S217	0	0	0	0	0	0	0	0	0
NR_115948.1	GIN-41-MGE-S217	0	0	0	0	0	0	0	0	0
NR_115947.1	GIN-41-MGE-S217	0	0	0	0	0	0	0	0	0
NR_115943.1	GIN-41-MGE-S217	0	0	0	0	0	0	0	0	0
NR_115934.1	GIN-41-MGE-S217	0	0	0	0	0	0	0	0	0
NR_115933.1	GIN-41-MGE-S217	0	0	0	0	0	0	0	0	0
NR_115928.1	GIN-41-MGE-S217	0	0	0	0	0	0	0	0	0
NR_115926.1	GIN-41-MGE-S217	0	0	0	0	0	0	0	0	0
NR_115922.1	GIN-41-MGE-S217	0	0	0	0	0	0	0	0	0
NR_115920.1	GIN-41-MGE-S217	0	0	0	0	0	0	0	0	0
NR_115888.1	GIN-41-MGE-S217	0	0	0	0	0	0	0	0	0
NR_115883.1	GIN-41-MGE-S217	0	0	0	0	0	0	0	0	0
NR_115877.1	GIN-41-MGE-S217	0	0	0	0	0	0	0	0	0
NR_115875.1	GIN-41-MGE-S217	0	0	0	0	0	0	0	0	0
NR_115874.1	GIN-41-MGE-S217	0	0	0	0	0	0	0	0	0
NR_115871.1	GIN-41-MGE-S217	0	0	0	0	0	0	0	0	0
NR_115867.1	GIN-41-MGE-S217	0	0	0	0	0	0	0	0	0
NR_115861.1	GIN-41-MGE-S217	0	0	0	0	0	0	0	0	0
NR_115860.1	GIN-41-MGE-S217	0	0	0	0	0	0	0	0	0
NR_115859.1	GIN-41-MGE-S217	0	0	0	0	0	0	0	0	0
NR_115857.1	GIN-41-MGE-S217	0	0	0	0	0	0	0	0	0
NR_115854.1	GIN-41-MGE-S217	0	0	0	0	0	0	0	0	0
NR_115850.1	GIN-41-MGE-S217	0	0	0	0	0	0	0	0	0
NR_115848.1	GIN-41-MGE-S217	0	0	0	0	0	0	0	0	0
NR_115846.1	GIN-41-MGE-S217	0	0	0	0	0	0	0	0	0
NR_115845.1	GIN-41-MGE-S217	0	0	0	0	0	0	0	0	0
NR_115822.1	GIN-41-MGE-S217	0	0	0	0	0	0	0	0	0
NR_115821.1	GIN-41-MGE-S217	0	0	0	0	0	0	0	0	0
NR_115817.1	GIN-41-MGE-S217	0	0	0	0	0	0	0	0	0
NR_115815.1	GIN-41-MGE-S217	0	0	0	0	0	0	0	0	0
NR_115814.1	GIN-41-MGE-S217	0	0	0	0	0	0	0	0	0
NR_115813.1	GIN-41-MGE-S217	0	0	0	0	0	0	0	0	0
NR_115812.1	GIN-41-MGE-S217	0	0	0	0	0	0	0	0	0
NR_115810.1	GIN-41-MGE-S217	0	0	0	0	0	0	0	0	0
NR_115808.1	GIN-41-MGE-S217	0	0	0	0	0	0	0	0	0
NR_115807.1	GIN-41-MGE-S217	0	0	0	0	0	0	0	0	0
NR_115804.1	GIN-41-MGE-S217	0	0	0	0	0	0	0	0	0
NR_115803.1	GIN-41-MGE-S217	0	0	0	0	0	0	0	0	0
NR_115800.1	GIN-41-MGE-S217	0	0	0	0	0	0	0	0	0
NR_115769.1	GIN-41-MGE-S217	0	0	0	0	0	0	0	0	0
NR_115768.1	GIN-41-MGE-S217	0	0	0	0	0	0	0	0	0
NR_115761.1	GIN-41-MGE-S217	0	0	0	0	0	0	0	0	0
NR_115759.1	GIN-41-MGE-S217	0	0	0	0	0	0	0	0	0
NR_115758.1	GIN-41-MGE-S217	0	0	0	0	0	0	0	0	0
NR_115756.1	GIN-41-MGE-S217	0	0	0	0	0	0	0	0	0
NR_115755.1	GIN-41-MGE-S217	0	0	0	0	0	0	0	0	0
NR_115751.1	GIN-41-MGE-S217	0	0	0	0	0	0	0	0	0
NR_115748.1	GIN-41-MGE-S217	0	0	0	0	0	0	0	0	0
NR_115744.1	GIN-41-MGE-S217	0	0	0	0	0	0	0	0	0
NR_115742.1	GIN-41-MGE-S217	0	0	0	0	0	0	0	0	0
NR_115741.1	GIN-41-MGE-S217	0	0	0	0	0	0	0	0	0
NR_115740.1	GIN-41-MGE-S217	0	0	0	0	0	0	0	0	0
NR_115739.1	GIN-41-MGE-S217	0	0	0	0	0	0	0	0	0
NR_115725.1	GIN-41-MGE-S217	0	0	0	0	0	0	0	0	0
NR_115721.1	GIN-41-MGE-S217	0	0	0	0	0	0	0	0	0
NR_115720.1	GIN-41-MGE-S217	0	0	0	0	0	0	0	0	0
NR_115717.1	GIN-41-MGE-S217	0	0	0	0	0	0	0	0	0
NR_115713.1	GIN-41-MGE-S217	0	0	0	0	0	0	0	0	0
NR_115712.1	GIN-41-MGE-S217	0	0	0	0	0	0	0	0	0
NR_115698.1	GIN-41-MGE-S217	0	0	0	0	0	0	0	0	0
NR_115697.1	GIN-41-MGE-S217	0	0	0	0	0	0	0	0	0
NR_115696.1	GIN-41-MGE-S217	0	0	0	0	0	0	0	0	0
NR_115695.1	GIN-41-MGE-S217	0	0	0	0	0	0	0	0	0
NR_115693.1	GIN-41-MGE-S217	0	0	0	0	0	0	0	0	0
NR_115692.1	GIN-41-MGE-S217	0	0	0	0	0	0	0	0	0
NR_115691.1	GIN-41-MGE-S217	0	0	0	0	0	0	0	0	0
NR_115690.1	GIN-41-MGE-S217	0	0	0	0	0	0	0	0	0
NR_115689.1	GIN-41-MGE-S217	0	0	0	0	0	0	0	0	0
NR_115688.1	GIN-41-MGE-S217	0	0	0	0	0	0	0	0	0
NR_115687.1	GIN-41-MGE-S217	0	0	0	0	0	0	0	0	0
NR_115686.1	GIN-41-MGE-S217	0	0	0	0	0	0	0	0	0
NR_115684.1	GIN-41-MGE-S217	0	0	0	0	0	0	0	0	0
NR_115681.1	GIN-41-MGE-S217	0	0	0	0	0	0	0	0	0
NR_115678.1	GIN-41-MGE-S217	0	0	0	0	0	0	0	0	0
NR_115664.1	GIN-41-MGE-S217	0	0	0	0	0	0	0	0	0
NR_115662.1	GIN-41-MGE-S217	0	0	0	0	0	0	0	0	0
NR_115661.1	GIN-41-MGE-S217	0	0	0	0	0	0	0	0	0
NR_115604.1	GIN-41-MGE-S217	0	0	0	0	0	0	0	0	0
NR_115590.1	GIN-41-MGE-S217	0	0	0	0	0	0	0	0	0
NR_115564.1	GIN-41-MGE-S217	0	0	0	0	0	0	0	0	0
NR_115556.1	GIN-41-MGE-S217	0	0	0	0	0	0	0	0	0
NR_115544.1	GIN-41-MGE-S217	0	0	0	0	0	0	0	0	0
NR_115531.1	GIN-41-MGE-S217	0	0	0	0	0	0	0	0	0
NR_115525.1	GIN-41-MGE-S217	0	0	0	0	0	0	0	0	0
NR_115523.1	GIN-41-MGE-S217	0	0	0	0	0	0	0	0	0
NR_115520.1	GIN-41-MGE-S217	0	0	0	0	0	0	0	0	0
NR_115512.1	GIN-41-MGE-S217	0	0	0	0	0	0	0	0	0
NR_115511.1	GIN-41-MGE-S217	0	0	0	0	0	0	0	0	0
NR_115510.1	GIN-41-MGE-S217	0	0	0	0	0	0	0	0	0
NR_115509.1	GIN-41-MGE-S217	0	0	0	0	0	0	0	0	0
NR_115506.1	GIN-41-MGE-S217	0	0	0	0	0	0	0	0	0
NR_115504.1	GIN-41-MGE-S217	0	0	0	0	0	0	0	0	0
NR_115492.1	GIN-41-MGE-S217	0	0	0	0	0	0	0	0	0
NR_115486.1	GIN-41-MGE-S217	0	0	0	0	0	0	0	0	0
NR_115467.1	GIN-41-MGE-S217	0	0	0	0	0	0	0	0	0
NR_115465.1	GIN-41-MGE-S217	0	0	0	0	0	0	0	0	0
NR_115450.1	GIN-41-MGE-S217	0	0	0	0	0	0	0	0	0
NR_115449.1	GIN-41-MGE-S217	0	0	0	0	0	0	0	0	0
NR_115448.1	GIN-41-MGE-S217	0	0	0	0	0	0	0	0	0
NR_115447.1	GIN-41-MGE-S217	0	0	0	0	0	0	0	0	0
NR_115446.1	GIN-41-MGE-S217	0	0	0	0	0	0	0	0	0
NR_115445.1	GIN-41-MGE-S217	0	0	0	0	0	0	0	0	0
NR_115444.1	GIN-41-MGE-S217	0	0	0	0	0	0	0	0	0
NR_115443.1	GIN-41-MGE-S217	0	0	0	0	0	0	0	0	0
NR_115442.1	GIN-41-MGE-S217	0	0	0	0	0	0	0	0	0
NR_115441.1	GIN-41-MGE-S217	0	0	0	0	0	0	0	0	0
NR_115439.1	GIN-41-MGE-S217	0	0	0	0	0	0	0	0	0
NR_115438.1	GIN-41-MGE-S217	0	0	0	0	0	0	0	0	0
NR_115437.1	GIN-41-MGE-S217	0	0	0	0	0	0	0	0	0
NR_115436.1	GIN-41-MGE-S217	0	0	0	0	0	0	0	0	0
NR_115435.1	GIN-41-MGE-S217	0	0	0	0	0	0	0	0	0
NR_115434.1	GIN-41-MGE-S217	0	0	0	0	0	0	0	0	0
NR_115433.1	GIN-41-MGE-S217	0	0	0	0	0	0	0	0	0
NR_115431.1	GIN-41-MGE-S217	0	0	0	0	0	0	0	0	0
NR_115430.1	GIN-41-MGE-S217	0	0	0	0	0	0	0	0	0
NR_115429.1	GIN-41-MGE-S217	0	0	0	0	0	0	0	0	0
NR_115428.1	GIN-41-MGE-S217	0	0	0	0	0	0	0	0	0
NR_115427.1	GIN-41-MGE-S217	0	0	0	0	0	0	0	0	0
NR_115425.1	GIN-41-MGE-S217	0	0	0	0	0	0	0	0	0
NR_115424.1	GIN-41-MGE-S217	0	0	0	0	0	0	0	0	0
NR_115423.1	GIN-41-MGE-S217	0	0	0	0	0	0	0	0	0
NR_115422.1	GIN-41-MGE-S217	0	0	0	0	0	0	0	0	0
NR_115421.1	GIN-41-MGE-S217	0	0	0	0	0	0	0	0	0
NR_115420.1	GIN-41-MGE-S217	0	0	0	0	0	0	0	0	0
NR_115419.1	GIN-41-MGE-S217	0	0	0	0	0	0	0	0	0
NR_115418.1	GIN-41-MGE-S217	0	0	0	0	0	0	0	0	0
NR_115417.1	GIN-41-MGE-S217	0	0	0	0	0	0	0	0	0
NR_115416.1	GIN-41-MGE-S217	0	0	0	0	0	0	0	0	0
NR_115415.1	GIN-41-MGE-S217	0	0	0	0	0	0	0	0	0
NR_115414.1	GIN-41-MGE-S217	0	0	0	0	0	0	0	0	0
NR_115413.1	GIN-41-MGE-S217	0	0	0	0	0	0	0	0	0
NR_115412.1	GIN-41-MGE-S217	0	0	0	0	0	0	0	0	0
NR_115411.1	GIN-41-MGE-S217	0	0	0	0	0	0	0	0	0
NR_115409.1	GIN-41-MGE-S217	0	0	0	0	0	0	0	0	0
NR_115408.1	GIN-41-MGE-S217	0	0	0	0	0	0	0	0	0
NR_115407.1	GIN-41-MGE-S217	0	0	0	0	0	0	0	0	0
NR_115406.1	GIN-41-MGE-S217	0	0	0	0	0	0	0	0	0
NR_115405.1	GIN-41-MGE-S217	0	0	0	0	0	0	0	0	0
NR_115404.1	GIN-41-MGE-S217	0	0	0	0	0	0	0	0	0
NR_115403.1	GIN-41-MGE-S217	0	0	0	0	0	0	0	0	0
NR_115402.1	GIN-41-MGE-S217	0	0	0	0	0	0	0	0	0
NR_115401.1	GIN-41-MGE-S217	0	0	0	0	0	0	0	0	0
NR_115400.1	GIN-41-MGE-S217	0	0	0	0	0	0	0	0	0
NR_115399.1	GIN-41-MGE-S217	0	0	0	0	0	0	0	0	0
NR_115398.1	GIN-41-MGE-S217	0	0	0	0	0	0	0	0	0
NR_115397.1	GIN-41-MGE-S217	0	0	0	0	0	0	0	0	0
NR_115396.1	GIN-41-MGE-S217	0	0	0	0	0	0	0	0	0
NR_115394.1	GIN-41-MGE-S217	0	0	0	0	0	0	0	0	0
NR_115393.1	GIN-41-MGE-S217	0	0	0	0	0	0	0	0	0
NR_115392.1	GIN-41-MGE-S217	0	0	0	0	0	0	0	0	0
NR_115391.1	GIN-41-MGE-S217	0	0	0	0	0	0	0	0	0
NR_115388.1	GIN-41-MGE-S217	0	0	0	0	0	0	0	0	0
NR_115387.1	GIN-41-MGE-S217	0	0	0	0	0	0	0	0	0
NR_115386.1	GIN-41-MGE-S217	0	0	0	0	0	0	0	0	0
NR_115385.1	GIN-41-MGE-S217	0	0	0	0	0	0	0	0	0
NR_115384.1	GIN-41-MGE-S217	0	0	0	0	0	0	0	0	0
NR_115383.1	GIN-41-MGE-S217	0	0	0	0	0	0	0	0	0
NR_115382.1	GIN-41-MGE-S217	0	0	0	0	0	0	0	0	0
NR_115381.1	GIN-41-MGE-S217	0	0	0	0	0	0	0	0	0
NR_115380.1	GIN-41-MGE-S217	0	0	0	0	0	0	0	0	0
NR_115379.1	GIN-41-MGE-S217	0	0	0	0	0	0	0	0	0
NR_115378.1	GIN-41-MGE-S217	0	0	0	0	0	0	0	0	0
NR_115377.1	GIN-41-MGE-S217	0	0	0	0	0	0	0	0	0
NR_115376.1	GIN-41-MGE-S217	0	0	0	0	0	0	0	0	0
NR_115374.1	GIN-41-MGE-S217	0	0	0	0	0	0	0	0	0
NR_115373.1	GIN-41-MGE-S217	0	0	0	0	0	0	0	0	0
NR_115372.1	GIN-41-MGE-S217	0	0	0	0	0	0	0	0	0
NR_115371.1	GIN-41-MGE-S217	0	0	0	0	0	0	0	0	0
NR_115370.1	GIN-41-MGE-S217	0	0	0	0	0	0	0	0	0
NR_115369.1	GIN-41-MGE-S217	0	0	0	0	0	0	0	0	0
NR_115368.1	GIN-41-MGE-S217	0	0	0	0	0	0	0	0	0
NR_115367.1	GIN-41-MGE-S217	0	0	0	0	0	0	0	0	0
NR_115366.1	GIN-41-MGE-S217	0	0	0	0	0	0	0	0	0
NR_115365.1	GIN-41-MGE-S217	0	0	0	0	0	0	0	0	0
NR_115364.1	GIN-41-MGE-S217	0	0	0	0	0	0	0	0	0
NR_115363.1	GIN-41-MGE-S217	0	0	0	0	0	0	0	0	0
NR_115362.1	GIN-41-MGE-S217	0	0	0	0	0	0	0	0	0
NR_115361.1	GIN-41-MGE-S217	0	0	0	0	0	0	0	0	0
NR_115359.1	GIN-41-MGE-S217	0	0	0	0	0	0	0	0	0
NR_115358.1	GIN-41-MGE-S217	0	0	0	0	0	0	0	0	0
NR_115357.1	GIN-41-MGE-S217	0	0	0	0	0	0	0	0	0
NR_115356.1	GIN-41-MGE-S217	0	0	0	0	0	0	0	0	0
NR_115352.1	GIN-41-MGE-S217	0	0	0	0	0	0	0	0	0
NR_115348.1	GIN-41-MGE-S217	0	0	0	0	0	0	0	0	0
NR_115347.1	GIN-41-MGE-S217	0	0	0	0	0	0	0	0	0
NR_115346.1	GIN-41-MGE-S217	0	0	0	0	0	0	0	0	0
NR_115343.1	GIN-41-MGE-S217	0	0	0	0	0	0	0	0	0
NR_115342.1	GIN-41-MGE-S217	0	0	0	0	0	0	0	0	0
NR_115341.1	GIN-41-MGE-S217	0	0	0	0	0	0	0	0	0
NR_115340.1	GIN-41-MGE-S217	0	0	0	0	0	0	0	0	0
NR_115339.1	GIN-41-MGE-S217	0	0	0	0	0	0	0	0	0
NR_115338.1	GIN-41-MGE-S217	0	0	0	0	0	0	0	0	0
NR_115336.1	GIN-41-MGE-S217	0	0	0	0	0	0	0	0	0
NR_115329.1	GIN-41-MGE-S217	0	0	0	0	0	0	0	0	0
NR_115328.1	GIN-41-MGE-S217	0	0	0	0	0	0	0	0	0
NR_115326.1	GIN-41-MGE-S217	0	0	0	0	0	0	0	0	0
NR_115325.1	GIN-41-MGE-S217	0	0	0	0	0	0	0	0	0
NR_115324.1	GIN-41-MGE-S217	0	0	0	0	0	0	0	0	0
NR_115319.1	GIN-41-MGE-S217	0	0	0	0	0	0	0	0	0
NR_115318.1	GIN-41-MGE-S217	0	0	0	0	0	0	0	0	0
NR_115316.1	GIN-41-MGE-S217	0	0	0	0	0	0	0	0	0
NR_115315.1	GIN-41-MGE-S217	0	0	0	0	0	0	0	0	0
NR_115313.1	GIN-41-MGE-S217	0	0	0	0	0	0	0	0	0
NR_115307.1	GIN-41-MGE-S217	0	0	0	0	0	0	0	0	0
NR_115306.1	GIN-41-MGE-S217	0	0	0	0	0	0	0	0	0
NR_115299.1	GIN-41-MGE-S217	0	0	0	0	0	0	0	0	0
NR_115298.1	GIN-41-MGE-S217	0	0	0	0	0	0	0	0	0
NR_115292.1	GIN-41-MGE-S217	0	0	0	0	0	0	0	0	0
NR_115283.1	GIN-41-MGE-S217	0	0	0	0	0	0	0	0	0
NR_115282.1	GIN-41-MGE-S217	0	0	0	0	0	0	0	0	0
NR_115281.1	GIN-41-MGE-S217	0	0	0	0	0	0	0	0	0
NR_115280.1	GIN-41-MGE-S217	0	0	0	0	0	0	0	0	0
NR_115279.1	GIN-41-MGE-S217	0	0	0	0	0	0	0	0	0
NR_115277.1	GIN-41-MGE-S217	0	0	0	0	0	0	0	0	0
NR_115272.1	GIN-41-MGE-S217	0	0	0	0	0	0	0	0	0
NR_115270.1	GIN-41-MGE-S217	0	0	0	0	0	0	0	0	0
NR_115266.1	GIN-41-MGE-S217	0	0	0	0	0	0	0	0	0
NR_115264.1	GIN-41-MGE-S217	0	0	0	0	0	0	0	0	0
NR_115262.1	GIN-41-MGE-S217	0	0	0	0	0	0	0	0	0
NR_115261.1	GIN-41-MGE-S217	0	0	0	0	0	0	0	0	0
NR_115258.1	GIN-41-MGE-S217	0	0	0	0	0	0	0	0	0
NR_115255.1	GIN-41-MGE-S217	0	0	0	0	0	0	0	0	0
NR_115254.1	GIN-41-MGE-S217	0	0	0	0	0	0	0	0	0
NR_115250.1	GIN-41-MGE-S217	0	0	0	0	0	0	0	0	0
NR_115249.1	GIN-41-MGE-S217	0	0	0	0	0	0	0	0	0
NR_115244.1	GIN-41-MGE-S217	0	0	0	0	0	0	0	0	0
NR_115243.1	GIN-41-MGE-S217	0	0	0	0	0	0	0	0	0
NR_115235.1	GIN-41-MGE-S217	0	0	0	0	0	0	0	0	0
NR_115234.1	GIN-41-MGE-S217	0	0	0	0	0	0	0	0	0
NR_115230.1	GIN-41-MGE-S217	0	0	0	0	0	0	0	0	0
NR_115229.1	GIN-41-MGE-S217	0	0	0	0	0	0	0	0	0
NR_115227.1	GIN-41-MGE-S217	0	0	0	0	0	0	0	0	0
NR_115225.1	GIN-41-MGE-S217	0	0	0	0	0	0	0	0	0
NR_115224.1	GIN-41-MGE-S217	0	0	0	0	0	0	0	0	0
NR_115223.1	GIN-41-MGE-S217	0	0	0	0	0	0	0	0	0
NR_115222.1	GIN-41-MGE-S217	0	0	0	0	0	0	0	0	0
NR_115221.1	GIN-41-MGE-S217	0	0	0	0	0	0	0	0	0
NR_115220.1	GIN-41-MGE-S217	0	0	0	0	0	0	0	0	0
NR_115219.1	GIN-41-MGE-S217	0	0	0	0	0	0	0	0	0
NR_115203.1	GIN-41-MGE-S217	0	0	0	0	0	0	0	0	0
NR_115199.1	GIN-41-MGE-S217	0	0	0	0	0	0	0	0	0
NR_115198.1	GIN-41-MGE-S217	0	0	0	0	0	0	0	0	0
NR_115197.1	GIN-41-MGE-S217	0	0	0	0	0	0	0	0	0
NR_115196.1	GIN-41-MGE-S217	0	0	0	0	0	0	0	0	0
NR_115191.1	GIN-41-MGE-S217	0	0	0	0	0	0	0	0	0
NR_115189.1	GIN-41-MGE-S217	0	0	0	0	0	0	0	0	0
NR_115188.1	GIN-41-MGE-S217	0	0	0	0	0	0	0	0	0
NR_115184.1	GIN-41-MGE-S217	0	0	0	0	0	0	0	0	0
NR_115179.1	GIN-41-MGE-S217	0	0	0	0	0	0	0	0	0
NR_115178.1	GIN-41-MGE-S217	0	0	0	0	0	0	0	0	0
NR_115177.1	GIN-41-MGE-S217	0	0	0	0	0	0	0	0	0
NR_115176.1	GIN-41-MGE-S217	0	0	0	0	0	0	0	0	0
NR_115175.1	GIN-41-MGE-S217	0	0	0	0	0	0	0	0	0
NR_115167.1	GIN-41-MGE-S217	0	0	0	0	0	0	0	0	0
NR_115162.1	GIN-41-MGE-S217	0	0	0	0	0	0	0	0	0
NR_115161.1	GIN-41-MGE-S217	0	0	0	0	0	0	0	0	0
NR_115159.1	GIN-41-MGE-S217	0	0	0	0	0	0	0	0	0
NR_115157.1	GIN-41-MGE-S217	0	0	0	0	0	0	0	0	0
NR_115155.1	GIN-41-MGE-S217	0	0	0	0	0	0	0	0	0
NR_115152.1	GIN-41-MGE-S217	0	0	0	0	0	0	0	0	0
NR_115151.1	GIN-41-MGE-S217	0	0	0	0	0	0	0	0	0
NR_115149.1	GIN-41-MGE-S217	0	0	0	0	0	0	0	0	0
NR_115146.1	GIN-41-MGE-S217	0	0	0	0	0	0	0	0	0
NR_115142.1	GIN-41-MGE-S217	0	0	0	0	0	0	0	0	0
NR_115141.1	GIN-41-MGE-S217	0	0	0	0	0	0	0	0	0
NR_115140.1	GIN-41-MGE-S217	0	0	0	0	0	0	0	0	0
NR_115138.1	GIN-41-MGE-S217	0	0	0	0	0	0	0	0	0
NR_115134.1	GIN-41-MGE-S217	0	0	0	0	0	0	0	0	0
NR_115133.1	GIN-41-MGE-S217	0	0	0	0	0	0	0	0	0
NR_115127.1	GIN-41-MGE-S217	0	0	0	0	0	0	0	0	0
NR_115126.1	GIN-41-MGE-S217	0	0	0	0	0	0	0	0	0
NR_115122.1	GIN-41-MGE-S217	0	0	0	0	0	0	0	0	0
NR_115121.1	GIN-41-MGE-S217	0	0	0	0	0	0	0	0	0
NR_115118.1	GIN-41-MGE-S217	0	0	0	0	0	0	0	0	0
NR_115117.1	GIN-41-MGE-S217	0	0	0	0	0	0	0	0	0
NR_115115.1	GIN-41-MGE-S217	0	0	0	0	0	0	0	0	0
NR_115112.1	GIN-41-MGE-S217	0	0	0	0	0	0	0	0	0
NR_115111.1	GIN-41-MGE-S217	0	0	0	0	0	0	0	0	0
NR_115103.1	GIN-41-MGE-S217	0	0	0	0	0	0	0	0	0
NR_115101.1	GIN-41-MGE-S217	0	0	0	0	0	0	0	0	0
NR_115100.1	GIN-41-MGE-S217	0	0	0	0	0	0	0	0	0
NR_115098.1	GIN-41-MGE-S217	0	0	0	0	0	0	0	0	0
NR_115097.1	GIN-41-MGE-S217	0	0	0	0	0	0	0	0	0
NR_115096.1	GIN-41-MGE-S217	0	0	0	0	0	0	0	0	0
NR_115094.1	GIN-41-MGE-S217	0	0	0	0	0	0	0	0	0
NR_115090.1	GIN-41-MGE-S217	0	0	0	0	0	0	0	0	0
NR_115089.1	GIN-41-MGE-S217	0	0	0	0	0	0	0	0	0
NR_115088.1	GIN-41-MGE-S217	0	0	0	0	0	0	0	0	0
NR_115087.1	GIN-41-MGE-S217	0	0	0	0	0	0	0	0	0
NR_115085.1	GIN-41-MGE-S217	0	0	0	0	0	0	0	0	0
NR_115084.1	GIN-41-MGE-S217	0	0	0	0	0	0	0	0	0
NR_115083.1	GIN-41-MGE-S217	0	0	0	0	0	0	0	0	0
NR_115080.1	GIN-41-MGE-S217	0	0	0	0	0	0	0	0	0
NR_115079.1	GIN-41-MGE-S217	0	0	0	0	0	0	0	0	0
NR_115075.1	GIN-41-MGE-S217	0	0	0	0	0	0	0	0	0
NR_115074.1	GIN-41-MGE-S217	0	0	0	0	0	0	0	0	0
NR_115072.1	GIN-41-MGE-S217	0	0	0	0	0	0	0	0	0
NR_115071.1	GIN-41-MGE-S217	0	0	0	0	0	0	0	0	0
NR_115070.1	GIN-41-MGE-S217	0	0	0	0	0	0	0	0	0
NR_115066.1	GIN-41-MGE-S217	0	0	0	0	0	0	0	0	0
NR_115065.1	GIN-41-MGE-S217	0	0	0	0	0	0	0	0	0
NR_115062.1	GIN-41-MGE-S217	0	0	0	0	0	0	0	0	0
NR_115061.1	GIN-41-MGE-S217	0	0	0	0	0	0	0	0	0
NR_115060.1	GIN-41-MGE-S217	0	0	0	0	0	0	0	0	0
NR_115059.1	GIN-41-MGE-S217	0	0	0	0	0	0	0	0	0
NR_115058.1	GIN-41-MGE-S217	0	0	0	0	0	0	0	0	0
NR_115056.1	GIN-41-MGE-S217	0	0	0	0	0	0	0	0	0
NR_115048.1	GIN-41-MGE-S217	0	0	0	0	0	0	0	0	0
NR_115047.1	GIN-41-MGE-S217	0	0	0	0	0	0	0	0	0
NR_115046.1	GIN-41-MGE-S217	0	0	0	0	0	0	0	0	0
NR_115017.1	GIN-41-MGE-S217	0	0	0	0	0	0	0	0	0
NR_115010.1	GIN-41-MGE-S217	0	0	0	0	0	0	0	0	0
NR_115009.1	GIN-41-MGE-S217	0	0	0	0	0	0	0	0	0
NR_115008.1	GIN-41-MGE-S217	0	0	0	0	0	0	0	0	0
NR_115004.1	GIN-41-MGE-S217	0	0	0	0	0	0	0	0	0
NR_114999.1	GIN-41-MGE-S217	0	0	0	0	0	0	0	0	0
NR_114983.1	GIN-41-MGE-S217	0	0	0	0	0	0	0	0	0
NR_114981.1	GIN-41-MGE-S217	0	0	0	0	0	0	0	0	0
NR_114974.1	GIN-41-MGE-S217	0	0	0	0	0	0	0	0	0
NR_114973.1	GIN-41-MGE-S217	0	0	0	0	0	0	0	0	0
NR_114972.1	GIN-41-MGE-S217	0	0	0	0	0	0	0	0	0
NR_114969.1	GIN-41-MGE-S217	0	0	0	0	0	0	0	0	0
NR_114968.1	GIN-41-MGE-S217	0	0	0	0	0	0	0	0	0
NR_114965.1	GIN-41-MGE-S217	0	0	0	0	0	0	0	0	0
NR_114957.1	GIN-41-MGE-S217	0	0	0	0	0	0	0	0	0
NR_114956.1	GIN-41-MGE-S217	0	0	0	0	0	0	0	0	0
NR_114941.1	GIN-41-MGE-S217	0	0	0	0	0	0	0	0	0
NR_114939.1	GIN-41-MGE-S217	0	0	0	0	0	0	0	0	0
NR_114938.1	GIN-41-MGE-S217	0	0	0	0	0	0	0	0	0
NR_114937.1	GIN-41-MGE-S217	0	0	0	0	0	0	0	0	0
NR_114936.1	GIN-41-MGE-S217	0	0	0	0	0	0	0	0	0
NR_114929.1	GIN-41-MGE-S217	0	0	0	0	0	0	0	0	0
NR_114911.1	GIN-41-MGE-S217	0	0	0	0	0	0	0	0	0
NR_114910.1	GIN-41-MGE-S217	0	0	0	0	0	0	0	0	0
NR_114909.1	GIN-41-MGE-S217	0	0	0	0	0	0	0	0	0
NR_114907.1	GIN-41-MGE-S217	0	0	0	0	0	0	0	0	0
NR_114906.1	GIN-41-MGE-S217	0	0	0	0	0	0	0	0	0
NR_114902.1	GIN-41-MGE-S217	0	0	0	0	0	0	0	0	0
NR_114901.1	GIN-41-MGE-S217	0	0	0	0	0	0	0	0	0
NR_114900.1	GIN-41-MGE-S217	0	0	0	0	0	0	0	0	0
NR_114899.1	GIN-41-MGE-S217	0	0	0	0	0	0	0	0	0
NR_114898.1	GIN-41-MGE-S217	0	0	0	0	0	0	0	0	0
NR_114889.1	GIN-41-MGE-S217	0	0	0	0	0	0	0	0	0
NR_114886.1	GIN-41-MGE-S217	0	0	0	0	0	0	0	0	0
NR_114885.1	GIN-41-MGE-S217	0	0	0	0	0	0	0	0	0
NR_114884.1	GIN-41-MGE-S217	0	0	0	0	0	0	0	0	0
NR_114881.1	GIN-41-MGE-S217	0	0	0	0	0	0	0	0	0
NR_114880.1	GIN-41-MGE-S217	0	0	0	0	0	0	0	0	0
NR_114875.1	GIN-41-MGE-S217	0	0	0	0	0	0	0	0	0
NR_114874.1	GIN-41-MGE-S217	0	0	0	0	0	0	0	0	0
NR_114872.1	GIN-41-MGE-S217	0	0	0	0	0	0	0	0	0
NR_114868.1	GIN-41-MGE-S217	0	0	0	0	0	0	0	0	0
NR_114866.1	GIN-41-MGE-S217	0	0	0	0	0	0	0	0	0
NR_114852.1	GIN-41-MGE-S217	0	0	0	0	0	0	0	0	0
NR_114840.1	GIN-41-MGE-S217	0	0	0	0	0	0	0	0	0
NR_114818.1	GIN-41-MGE-S217	0	0	0	0	0	0	0	0	0
NR_114817.1	GIN-41-MGE-S217	0	0	0	0	0	0	0	0	0
NR_114816.1	GIN-41-MGE-S217	0	0	0	0	0	0	0	0	0
NR_114811.1	GIN-41-MGE-S217	0	0	0	0	0	0	0	0	0
NR_114807.1	GIN-41-MGE-S217	0	0	0	0	0	0	0	0	0
NR_114802.1	GIN-41-MGE-S217	0	0	0	0	0	0	0	0	0
NR_114801.1	GIN-41-MGE-S217	0	0	0	0	0	0	0	0	0
NR_114797.1	GIN-41-MGE-S217	0	0	0	0	0	0	0	0	0
NR_114774.1	GIN-41-MGE-S217	0	0	0	0	0	0	0	0	0
NR_114773.1	GIN-41-MGE-S217	0	0	0	0	0	0	0	0	0
NR_114772.1	GIN-41-MGE-S217	0	0	0	0	0	0	0	0	0
NR_114771.1	GIN-41-MGE-S217	0	0	0	0	0	0	0	0	0
NR_114770.1	GIN-41-MGE-S217	0	0	0	0	0	0	0	0	0
NR_114769.1	GIN-41-MGE-S217	0	0	0	0	0	0	0	0	0
NR_114768.1	GIN-41-MGE-S217	0	0	0	0	0	0	0	0	0
NR_114767.1	GIN-41-MGE-S217	0	0	0	0	0	0	0	0	0
NR_114766.1	GIN-41-MGE-S217	0	0	0	0	0	0	0	0	0
NR_114765.1	GIN-41-MGE-S217	0	0	0	0	0	0	0	0	0
NR_114754.1	GIN-41-MGE-S217	0	0	0	0	0	0	0	0	0
NR_114749.1	GIN-41-MGE-S217	0	0	0	0	0	0	0	0	0
NR_114734.1	GIN-41-MGE-S217	0	0	0	0	0	0	0	0	0
NR_114720.1	GIN-41-MGE-S217	0	0	0	0	0	0	0	0	0
NR_114710.1	GIN-41-MGE-S217	0	0	0	0	0	0	0	0	0
NR_114709.1	GIN-41-MGE-S217	0	0	0	0	0	0	0	0	0
NR_114695.1	GIN-41-MGE-S217	0	0	0	0	0	0	0	0	0
NR_114694.1	GIN-41-MGE-S217	0	0	0	0	0	0	0	0	0
NR_114691.1	GIN-41-MGE-S217	0	0	0	0	0	0	0	0	0
NR_114684.1	GIN-41-MGE-S217	0	0	0	0	0	0	0	0	0
NR_114683.1	GIN-41-MGE-S217	0	0	0	0	0	0	0	0	0
NR_114678.1	GIN-41-MGE-S217	0	0	0	0	0	0	0	0	0
NR_114676.1	GIN-41-MGE-S217	0	0	0	0	0	0	0	0	0
NR_114670.1	GIN-41-MGE-S217	0	0	0	0	0	0	0	0	0
NR_114669.1	GIN-41-MGE-S217	0	0	0	0	0	0	0	0	0
NR_114666.1	GIN-41-MGE-S217	0	0	0	0	0	0	0	0	0
NR_114664.1	GIN-41-MGE-S217	0	0	0	0	0	0	0	0	0
NR_114663.1	GIN-41-MGE-S217	0	0	0	0	0	0	0	0	0
NR_114649.1	GIN-41-MGE-S217	0	0	0	0	0	0	0	0	0
NR_114648.1	GIN-41-MGE-S217	0	0	0	0	0	0	0	0	0
NR_114647.1	GIN-41-MGE-S217	0	0	0	0	0	0	0	0	0
NR_114646.1	GIN-41-MGE-S217	0	0	0	0	0	0	0	0	0
NR_114645.1	GIN-41-MGE-S217	0	0	0	0	0	0	0	0	0
NR_114637.1	GIN-41-MGE-S217	0	0	0	0	0	0	0	0	0
NR_114636.1	GIN-41-MGE-S217	0	0	0	0	0	0	0	0	0
NR_114635.1	GIN-41-MGE-S217	0	0	0	0	0	0	0	0	0
NR_114633.1	GIN-41-MGE-S217	0	0	0	0	0	0	0	0	0
NR_114627.1	GIN-41-MGE-S217	0	0	0	0	0	0	0	0	0
NR_114626.1	GIN-41-MGE-S217	0	0	0	0	0	0	0	0	0
NR_114625.1	GIN-41-MGE-S217	0	0	0	0	0	0	0	0	0
NR_114624.1	GIN-41-MGE-S217	0	0	0	0	0	0	0	0	0
NR_114623.1	GIN-41-MGE-S217	0	0	0	0	0	0	0	0	0
NR_114622.1	GIN-41-MGE-S217	0	0	0	0	0	0	0	0	0
NR_114621.1	GIN-41-MGE-S217	0	0	0	0	0	0	0	0	0
NR_114620.1	GIN-41-MGE-S217	0	0	0	0	0	0	0	0	0
NR_114615.1	GIN-41-MGE-S217	0	0	0	0	0	0	0	0	0
NR_114612.1	GIN-41-MGE-S217	0	0	0	0	0	0	0	0	0
NR_114611.1	GIN-41-MGE-S217	0	0	0	0	0	0	0	0	0
NR_114609.1	GIN-41-MGE-S217	0	0	0	0	0	0	0	0	0
NR_114608.1	GIN-41-MGE-S217	0	0	0	0	0	0	0	0	0
NR_114607.1	GIN-41-MGE-S217	0	0	0	0	0	0	0	0	0
NR_114598.1	GIN-41-MGE-S217	0	0	0	0	0	0	0	0	0
NR_114597.1	GIN-41-MGE-S217	0	0	0	0	0	0	0	0	0
NR_114596.1	GIN-41-MGE-S217	0	0	0	0	0	0	0	0	0
NR_114591.1	GIN-41-MGE-S217	0	0	0	0	0	0	0	0	0
NR_114580.1	GIN-41-MGE-S217	0	0	0	0	0	0	0	0	0
NR_114573.1	GIN-41-MGE-S217	0	0	0	0	0	0	0	0	0
NR_114571.1	GIN-41-MGE-S217	0	0	0	0	0	0	0	0	0
NR_114569.1	GIN-41-MGE-S217	0	0	0	0	0	0	0	0	0
NR_114568.1	GIN-41-MGE-S217	0	0	0	0	0	0	0	0	0
NR_114562.1	GIN-41-MGE-S217	0	0	0	0	0	0	0	0	0
NR_114560.1	GIN-41-MGE-S217	0	0	0	0	0	0	0	0	0
NR_114557.1	GIN-41-MGE-S217	0	0	0	0	0	0	0	0	0
NR_114551.1	GIN-41-MGE-S217	0	0	0	0	0	0	0	0	0
NR_114544.1	GIN-41-MGE-S217	0	0	0	0	0	0	0	0	0
NR_114543.1	GIN-41-MGE-S217	0	0	0	0	0	0	0	0	0
NR_114535.1	GIN-41-MGE-S217	0	0	0	0	0	0	0	0	0
NR_114528.1	GIN-41-MGE-S217	0	0	0	0	0	0	0	0	0
NR_114526.1	GIN-41-MGE-S217	0	0	0	0	0	0	0	0	0
NR_114524.1	GIN-41-MGE-S217	0	0	0	0	0	0	0	0	0
NR_114517.1	GIN-41-MGE-S217	0	0	0	0	0	0	0	0	0
NR_114509.1	GIN-41-MGE-S217	0	0	0	0	0	0	0	0	0
NR_114508.1	GIN-41-MGE-S217	0	0	0	0	0	0	0	0	0
NR_114501.1	GIN-41-MGE-S217	0	0	0	0	0	0	0	0	0
NR_114500.1	GIN-41-MGE-S217	0	0	0	0	0	0	0	0	0
NR_114497.1	GIN-41-MGE-S217	0	0	0	0	0	0	0	0	0
NR_114492.1	GIN-41-MGE-S217	0	0	0	0	0	0	0	0	0
NR_114469.1	GIN-41-MGE-S217	0	0	0	0	0	0	0	0	0
NR_114449.1	GIN-41-MGE-S217	0	0	0	0	0	0	0	0	0
NR_114444.1	GIN-41-MGE-S217	0	0	0	0	0	0	0	0	0
NR_114443.1	GIN-41-MGE-S217	0	0	0	0	0	0	0	0	0
NR_114442.1	GIN-41-MGE-S217	0	0	0	0	0	0	0	0	0
NR_114441.1	GIN-41-MGE-S217	0	0	0	0	0	0	0	0	0
NR_114437.1	GIN-41-MGE-S217	0	0	0	0	0	0	0	0	0
NR_114422.1	GIN-41-MGE-S217	0	0	0	0	0	0	0	0	0
NR_114421.1	GIN-41-MGE-S217	0	0	0	0	0	0	0	0	0
NR_114418.1	GIN-41-MGE-S217	0	0	0	0	0	0	0	0	0
NR_114415.1	GIN-41-MGE-S217	0	0	0	0	0	0	0	0	0
NR_114407.1	GIN-41-MGE-S217	0	0	0	0	0	0	0	0	0
NR_114403.1	GIN-41-MGE-S217	0	0	0	0	0	0	0	0	0
NR_114396.1	GIN-41-MGE-S217	0	0	0	0	0	0	0	0	0
NR_114390.1	GIN-41-MGE-S217	0	0	0	0	0	0	0	0	0
NR_114387.1	GIN-41-MGE-S217	0	0	0	0	0	0	0	0	0
NR_114386.1	GIN-41-MGE-S217	0	0	0	0	0	0	0	0	0
NR_114384.1	GIN-41-MGE-S217	0	0	0	0	0	0	0	0	0
NR_114383.1	GIN-41-MGE-S217	0	0	0	0	0	0	0	0	0
NR_114382.1	GIN-41-MGE-S217	0	0	0	0	0	0	0	0	0
NR_114380.1	GIN-41-MGE-S217	0	0	0	0	0	0	0	0	0
NR_114366.1	GIN-41-MGE-S217	0	0	0	0	0	0	0	0	0
NR_114349.1	GIN-41-MGE-S217	0	0	0	0	0	0	0	0	0
NR_114348.1	GIN-41-MGE-S217	0	0	0	0	0	0	0	0	0
NR_114347.1	GIN-41-MGE-S217	0	0	0	0	0	0	0	0	0
NR_114346.1	GIN-41-MGE-S217	0	0	0	0	0	0	0	0	0
NR_114344.1	GIN-41-MGE-S217	0	0	0	0	0	0	0	0	0
NR_114343.1	GIN-41-MGE-S217	0	0	0	0	0	0	0	0	0
NR_114342.1	GIN-41-MGE-S217	0	0	0	0	0	0	0	0	0
NR_114341.1	GIN-41-MGE-S217	0	0	0	0	0	0	0	0	0
NR_114336.1	GIN-41-MGE-S217	0	0	0	0	0	0	0	0	0
NR_114334.1	GIN-41-MGE-S217	0	0	0	0	0	0	0	0	0
NR_114333.1	GIN-41-MGE-S217	0	0	0	0	0	0	0	0	0
NR_114329.1	GIN-41-MGE-S217	0	0	0	0	0	0	0	0	0
NR_114327.1	GIN-41-MGE-S217	0	0	0	0	0	0	0	0	0
NR_114326.1	GIN-41-MGE-S217	0	0	0	0	0	0	0	0	0
NR_114325.1	GIN-41-MGE-S217	0	0	0	0	0	0	0	0	0
NR_114323.1	GIN-41-MGE-S217	0	0	0	0	0	0	0	0	0
NR_114322.1	GIN-41-MGE-S217	0	0	0	0	0	0	0	0	0
NR_114321.1	GIN-41-MGE-S217	0	0	0	0	0	0	0	0	0
NR_114318.1	GIN-41-MGE-S217	0	0	0	0	0	0	0	0	0
NR_114317.1	GIN-41-MGE-S217	0	0	0	0	0	0	0	0	0
NR_114313.1	GIN-41-MGE-S217	0	0	0	0	0	0	0	0	0
NR_114312.1	GIN-41-MGE-S217	0	0	0	0	0	0	0	0	0
NR_114309.1	GIN-41-MGE-S217	0	0	0	0	0	0	0	0	0
NR_114308.1	GIN-41-MGE-S217	0	0	0	0	0	0	0	0	0
NR_114307.1	GIN-41-MGE-S217	0	0	0	0	0	0	0	0	0
NR_114306.1	GIN-41-MGE-S217	0	0	0	0	0	0	0	0	0
NR_113825.1	GIN-41-MGE-S217	0	0	0	0	0	0	0	0	0
NR_113573.1	GIN-41-MGE-S217	0	0	0	0	0	0	0	0	0
NR_113569.1	GIN-41-MGE-S217	0	0	0	0	0	0	0	0	0
NR_113568.1	GIN-41-MGE-S217	0	0	0	0	0	0	0	0	0
NR_113567.1	GIN-41-MGE-S217	0	0	0	0	0	0	0	0	0
NR_113566.1	GIN-41-MGE-S217	0	0	0	0	0	0	0	0	0
NR_113561.1	GIN-41-MGE-S217	0	0	0	0	0	0	0	0	0
NR_113560.1	GIN-41-MGE-S217	0	0	0	0	0	0	0	0	0
NR_113559.1	GIN-41-MGE-S217	0	0	0	0	0	0	0	0	0
NR_113558.1	GIN-41-MGE-S217	0	0	0	0	0	0	0	0	0
NR_113557.1	GIN-41-MGE-S217	0	0	0	0	0	0	0	0	0
NR_113544.1	GIN-41-MGE-S217	0	0	0	0	0	0	0	0	0
NR_113543.1	GIN-41-MGE-S217	0	0	0	0	0	0	0	0	0
NR_113542.1	GIN-41-MGE-S217	0	0	0	0	0	0	0	0	0
NR_113387.1	GIN-41-MGE-S217	0	0	0	0	0	0	0	0	0
NR_113364.1	GIN-41-MGE-S217	0	0	0	0	0	0	0	0	0
NR_113363.1	GIN-41-MGE-S217	0	0	0	0	0	0	0	0	0
NR_113361.1	GIN-41-MGE-S217	0	0	0	0	0	0	0	0	0
NR_113358.1	GIN-41-MGE-S217	0	0	0	0	0	0	0	0	0
NR_113331.1	GIN-41-MGE-S217	0	0	0	0	0	0	0	0	0
NR_113330.1	GIN-41-MGE-S217	0	0	0	0	0	0	0	0	0
NR_113315.1	GIN-41-MGE-S217	0	0	0	0	0	0	0	0	0
NR_113312.1	GIN-41-MGE-S217	0	0	0	0	0	0	0	0	0
NR_113310.1	GIN-41-MGE-S217	0	0	0	0	0	0	0	0	0
NR_113304.1	GIN-41-MGE-S217	0	0	0	0	0	0	0	0	0
NR_113302.1	GIN-41-MGE-S217	0	0	0	0	0	0	0	0	0
NR_113301.1	GIN-41-MGE-S217	0	0	0	0	0	0	0	0	0
NR_113288.1	GIN-41-MGE-S217	0	0	0	0	0	0	0	0	0
NR_113287.1	GIN-41-MGE-S217	0	0	0	0	0	0	0	0	0
NR_113286.1	GIN-41-MGE-S217	0	0	0	0	0	0	0	0	0
NR_113285.1	GIN-41-MGE-S217	0	0	0	0	0	0	0	0	0
NR_113284.1	GIN-41-MGE-S217	0	0	0	0	0	0	0	0	0
NR_113283.1	GIN-41-MGE-S217	0	0	0	0	0	0	0	0	0
NR_113282.1	GIN-41-MGE-S217	0	0	0	0	0	0	0	0	0
NR_113281.1	GIN-41-MGE-S217	0	0	0	0	0	0	0	0	0
NR_113280.1	GIN-41-MGE-S217	0	0	0	0	0	0	0	0	0
NR_113279.1	GIN-41-MGE-S217	0	0	0	0	0	0	0	0	0
NR_113278.1	GIN-41-MGE-S217	0	0	0	0	0	0	0	0	0
NR_113277.1	GIN-41-MGE-S217	0	0	0	0	0	0	0	0	0
NR_113276.1	GIN-41-MGE-S217	0	0	0	0	0	0	0	0	0
NR_113275.1	GIN-41-MGE-S217	0	0	0	0	0	0	0	0	0
NR_113269.1	GIN-41-MGE-S217	0	0	0	0	0	0	0	0	0
NR_113264.1	GIN-41-MGE-S217	0	0	0	0	0	0	0	0	0
NR_113263.1	GIN-41-MGE-S217	0	0	0	0	0	0	0	0	0
NR_113241.1	GIN-41-MGE-S217	0	0	0	0	0	0	0	0	0
NR_113234.1	GIN-41-MGE-S217	0	0	0	0	0	0	0	0	0
NR_113233.1	GIN-41-MGE-S217	0	0	0	0	0	0	0	0	0
NR_113226.1	GIN-41-MGE-S217	0	0	0	0	0	0	0	0	0
NR_113224.1	GIN-41-MGE-S217	0	0	0	0	0	0	0	0	0
NR_113223.1	GIN-41-MGE-S217	0	0	0	0	0	0	0	0	0
NR_113222.1	GIN-41-MGE-S217	0	0	0	0	0	0	0	0	0
NR_113221.1	GIN-41-MGE-S217	0	0	0	0	0	0	0	0	0
NR_113220.1	GIN-41-MGE-S217	0	0	0	0	0	0	0	0	0
NR_113219.1	GIN-41-MGE-S217	0	0	0	0	0	0	0	0	0
NR_113203.1	GIN-41-MGE-S217	0	0	0	0	0	0	0	0	0
NR_113202.1	GIN-41-MGE-S217	0	0	0	0	0	0	0	0	0
NR_113201.1	GIN-41-MGE-S217	0	0	0	0	0	0	0	0	0
NR_113200.1	GIN-41-MGE-S217	0	0	0	0	0	0	0	0	0
NR_113193.1	GIN-41-MGE-S217	0	0	0	0	0	0	0	0	0
NR_113190.1	GIN-41-MGE-S217	0	0	0	0	0	0	0	0	0
NR_113183.1	GIN-41-MGE-S217	0	0	0	0	0	0	0	0	0
NR_113181.1	GIN-41-MGE-S217	0	0	0	0	0	0	0	0	0
NR_113180.1	GIN-41-MGE-S217	0	0	0	0	0	0	0	0	0
NR_113178.1	GIN-41-MGE-S217	0	0	0	0	0	0	0	0	0
NR_113177.1	GIN-41-MGE-S217	0	0	0	0	0	0	0	0	0
NR_113175.1	GIN-41-MGE-S217	0	0	0	0	0	0	0	0	0
NR_113174.1	GIN-41-MGE-S217	0	0	0	0	0	0	0	0	0
NR_113170.1	GIN-41-MGE-S217	0	0	0	0	0	0	0	0	0
NR_113154.1	GIN-41-MGE-S217	0	0	0	0	0	0	0	0	0
NR_113149.1	GIN-41-MGE-S217	0	0	0	0	0	0	0	0	0
NR_113148.1	GIN-41-MGE-S217	0	0	0	0	0	0	0	0	0
NR_113131.1	GIN-41-MGE-S217	0	0	0	0	0	0	0	0	0
NR_113127.1	GIN-41-MGE-S217	0	0	0	0	0	0	0	0	0
NR_113126.1	GIN-41-MGE-S217	0	0	0	0	0	0	0	0	0
NR_113063.1	GIN-41-MGE-S217	0	0	0	0	0	0	0	0	0
NR_113061.1	GIN-41-MGE-S217	0	0	0	0	0	0	0	0	0
NR_113054.1	GIN-41-MGE-S217	0	0	0	0	0	0	0	0	0
NR_113053.1	GIN-41-MGE-S217	0	0	0	0	0	0	0	0	0
NR_113052.1	GIN-41-MGE-S217	0	0	0	0	0	0	0	0	0
NR_113051.1	GIN-41-MGE-S217	0	0	0	0	0	0	0	0	0
NR_113050.1	GIN-41-MGE-S217	0	0	0	0	0	0	0	0	0
NR_113049.1	GIN-41-MGE-S217	0	0	0	0	0	0	0	0	0
NR_113043.1	GIN-41-MGE-S217	0	0	0	0	0	0	0	0	0
NR_113035.1	GIN-41-MGE-S217	0	0	0	0	0	0	0	0	0
NR_113034.1	GIN-41-MGE-S217	0	0	0	0	0	0	0	0	0
NR_113020.1	GIN-41-MGE-S217	0	0	0	0	0	0	0	0	0
NR_113018.1	GIN-41-MGE-S217	0	0	0	0	0	0	0	0	0
NR_113013.1	GIN-41-MGE-S217	0	0	0	0	0	0	0	0	0
NR_113012.1	GIN-41-MGE-S217	0	0	0	0	0	0	0	0	0
NR_113011.1	GIN-41-MGE-S217	0	0	0	0	0	0	0	0	0
NR_113010.1	GIN-41-MGE-S217	0	0	0	0	0	0	0	0	0
NR_113009.1	GIN-41-MGE-S217	0	0	0	0	0	0	0	0	0
NR_113008.1	GIN-41-MGE-S217	0	0	0	0	0	0	0	0	0
NR_113007.1	GIN-41-MGE-S217	0	0	0	0	0	0	0	0	0
NR_113006.1	GIN-41-MGE-S217	0	0	0	0	0	0	0	0	0
NR_112997.1	GIN-41-MGE-S217	0	0	0	0	0	0	0	0	0
NR_112996.1	GIN-41-MGE-S217	0	0	0	0	0	0	0	0	0
NR_112995.1	GIN-41-MGE-S217	0	0	0	0	0	0	0	0	0
NR_112994.1	GIN-41-MGE-S217	0	0	0	0	0	0	0	0	0
NR_112991.1	GIN-41-MGE-S217	0	0	0	0	0	0	0	0	0
NR_112990.1	GIN-41-MGE-S217	0	0	0	0	0	0	0	0	0
NR_112989.1	GIN-41-MGE-S217	0	0	0	0	0	0	0	0	0
NR_112988.1	GIN-41-MGE-S217	0	0	0	0	0	0	0	0	0
NR_112972.1	GIN-41-MGE-S217	0	0	0	0	0	0	0	0	0
NR_112961.1	GIN-41-MGE-S217	0	0	0	0	0	0	0	0	0
NR_112960.1	GIN-41-MGE-S217	0	0	0	0	0	0	0	0	0
NR_112950.1	GIN-41-MGE-S217	0	0	0	0	0	0	0	0	0
NR_112948.1	GIN-41-MGE-S217	0	0	0	0	0	0	0	0	0
NR_112926.1	GIN-41-MGE-S217	0	0	0	0	0	0	0	0	0
NR_112920.1	GIN-41-MGE-S217	0	0	0	0	0	0	0	0	0
NR_112919.1	GIN-41-MGE-S217	0	0	0	0	0	0	0	0	0
NR_112918.1	GIN-41-MGE-S217	0	0	0	0	0	0	0	0	0
NR_112917.1	GIN-41-MGE-S217	0	0	0	0	0	0	0	0	0
NR_112916.1	GIN-41-MGE-S217	0	0	0	0	0	0	0	0	0
NR_112915.1	GIN-41-MGE-S217	0	0	0	0	0	0	0	0	0
NR_112908.1	GIN-41-MGE-S217	0	0	0	0	0	0	0	0	0
NR_112907.1	GIN-41-MGE-S217	0	0	0	0	0	0	0	0	0
NR_112906.1	GIN-41-MGE-S217	0	0	0	0	0	0	0	0	0
NR_112903.1	GIN-41-MGE-S217	0	0	0	0	0	0	0	0	0
NR_112902.1	GIN-41-MGE-S217	0	0	0	0	0	0	0	0	0
NR_112900.1	GIN-41-MGE-S217	0	0	0	0	0	0	0	0	0
NR_112899.1	GIN-41-MGE-S217	0	0	0	0	0	0	0	0	0
NR_112898.1	GIN-41-MGE-S217	0	0	0	0	0	0	0	0	0
NR_112897.1	GIN-41-MGE-S217	0	0	0	0	0	0	0	0	0
NR_112896.1	GIN-41-MGE-S217	0	0	0	0	0	0	0	0	0
NR_112892.1	GIN-41-MGE-S217	0	0	0	0	0	0	0	0	0
NR_112891.1	GIN-41-MGE-S217	0	0	0	0	0	0	0	0	0
NR_112890.1	GIN-41-MGE-S217	0	0	0	0	0	0	0	0	0
NR_112888.1	GIN-41-MGE-S217	0	0	0	0	0	0	0	0	0
NR_112887.1	GIN-41-MGE-S217	0	0	0	0	0	0	0	0	0
NR_112886.1	GIN-41-MGE-S217	0	0	0	0	0	0	0	0	0
NR_112885.1	GIN-41-MGE-S217	0	0	0	0	0	0	0	0	0
NR_112884.1	GIN-41-MGE-S217	0	0	0	0	0	0	0	0	0
NR_112882.1	GIN-41-MGE-S217	0	0	0	0	0	0	0	0	0
NR_112880.1	GIN-41-MGE-S217	0	0	0	0	0	0	0	0	0
NR_112879.1	GIN-41-MGE-S217	0	0	0	0	0	0	0	0	0
NR_112876.1	GIN-41-MGE-S217	0	0	0	0	0	0	0	0	0
NR_112875.1	GIN-41-MGE-S217	0	0	0	0	0	0	0	0	0
NR_112848.1	GIN-41-MGE-S217	0	0	0	0	0	0	0	0	0
NR_112847.1	GIN-41-MGE-S217	0	0	0	0	0	0	0	0	0
NR_112845.1	GIN-41-MGE-S217	0	0	0	0	0	0	0	0	0
NR_112844.1	GIN-41-MGE-S217	0	0	0	0	0	0	0	0	0
NR_112836.1	GIN-41-MGE-S217	0	0	0	0	0	0	0	0	0
NR_112832.1	GIN-41-MGE-S217	0	0	0	0	0	0	0	0	0
NR_112831.1	GIN-41-MGE-S217	0	0	0	0	0	0	0	0	0
NR_112830.1	GIN-41-MGE-S217	0	0	0	0	0	0	0	0	0
NR_112829.1	GIN-41-MGE-S217	0	0	0	0	0	0	0	0	0
NR_112828.1	GIN-41-MGE-S217	0	0	0	0	0	0	0	0	0
NR_112827.1	GIN-41-MGE-S217	0	0	0	0	0	0	0	0	0
NR_112824.1	GIN-41-MGE-S217	0	0	0	0	0	0	0	0	0
NR_112822.1	GIN-41-MGE-S217	0	0	0	0	0	0	0	0	0
NR_112813.1	GIN-41-MGE-S217	0	0	0	0	0	0	0	0	0
NR_112812.1	GIN-41-MGE-S217	0	0	0	0	0	0	0	0	0
NR_112811.1	GIN-41-MGE-S217	0	0	0	0	0	0	0	0	0
NR_112808.1	GIN-41-MGE-S217	0	0	0	0	0	0	0	0	0
NR_112807.1	GIN-41-MGE-S217	0	0	0	0	0	0	0	0	0
NR_112806.1	GIN-41-MGE-S217	0	0	0	0	0	0	0	0	0
NR_112805.1	GIN-41-MGE-S217	0	0	0	0	0	0	0	0	0
NR_112804.1	GIN-41-MGE-S217	0	0	0	0	0	0	0	0	0
NR_112803.1	GIN-41-MGE-S217	0	0	0	0	0	0	0	0	0
NR_112802.1	GIN-41-MGE-S217	0	0	0	0	0	0	0	0	0
NR_112794.1	GIN-41-MGE-S217	0	0	0	0	0	0	0	0	0
NR_112793.1	GIN-41-MGE-S217	0	0	0	0	0	0	0	0	0
NR_112791.1	GIN-41-MGE-S217	0	0	0	0	0	0	0	0	0
NR_112790.1	GIN-41-MGE-S217	0	0	0	0	0	0	0	0	0
NR_112789.1	GIN-41-MGE-S217	0	0	0	0	0	0	0	0	0
NR_112787.1	GIN-41-MGE-S217	0	0	0	0	0	0	0	0	0
NR_112778.1	GIN-41-MGE-S217	0	0	0	0	0	0	0	0	0
NR_112776.1	GIN-41-MGE-S217	0	0	0	0	0	0	0	0	0
NR_112775.1	GIN-41-MGE-S217	0	0	0	0	0	0	0	0	0
NR_112774.1	GIN-41-MGE-S217	0	0	0	0	0	0	0	0	0
NR_112768.1	GIN-41-MGE-S217	0	0	0	0	0	0	0	0	0
NR_112767.1	GIN-41-MGE-S217	0	0	0	0	0	0	0	0	0
NR_112741.1	GIN-41-MGE-S217	0	0	0	0	0	0	0	0	0
NR_112740.1	GIN-41-MGE-S217	0	0	0	0	0	0	0	0	0
NR_112738.1	GIN-41-MGE-S217	0	0	0	0	0	0	0	0	0
NR_112721.1	GIN-41-MGE-S217	0	0	0	0	0	0	0	0	0
NR_112720.1	GIN-41-MGE-S217	0	0	0	0	0	0	0	0	0
NR_112717.1	GIN-41-MGE-S217	0	0	0	0	0	0	0	0	0
NR_112716.1	GIN-41-MGE-S217	0	0	0	0	0	0	0	0	0
NR_112715.1	GIN-41-MGE-S217	0	0	0	0	0	0	0	0	0
NR_112714.1	GIN-41-MGE-S217	0	0	0	0	0	0	0	0	0
NR_112713.1	GIN-41-MGE-S217	0	0	0	0	0	0	0	0	0
NR_112706.1	GIN-41-MGE-S217	0	0	0	0	0	0	0	0	0
NR_112684.1	GIN-41-MGE-S217	0	0	0	0	0	0	0	0	0
NR_112682.1	GIN-41-MGE-S217	0	0	0	0	0	0	0	0	0
NR_112680.1	GIN-41-MGE-S217	0	0	0	0	0	0	0	0	0
NR_112675.1	GIN-41-MGE-S217	0	0	0	0	0	0	0	0	0
NR_112669.1	GIN-41-MGE-S217	0	0	0	0	0	0	0	0	0
NR_112652.1	GIN-41-MGE-S217	0	0	0	0	0	0	0	0	0
NR_112647.1	GIN-41-MGE-S217	0	0	0	0	0	0	0	0	0
NR_112646.1	GIN-41-MGE-S217	0	0	0	0	0	0	0	0	0
NR_112644.1	GIN-41-MGE-S217	0	0	0	0	0	0	0	0	0
NR_112643.1	GIN-41-MGE-S217	0	0	0	0	0	0	0	0	0
NR_112642.1	GIN-41-MGE-S217	0	0	0	0	0	0	0	0	0
NR_112625.1	GIN-41-MGE-S217	0	0	0	0	0	0	0	0	0
NR_112624.1	GIN-41-MGE-S217	0	0	0	0	0	0	0	0	0
NR_112622.1	GIN-41-MGE-S217	0	0	0	0	0	0	0	0	0
NR_112621.1	GIN-41-MGE-S217	0	0	0	0	0	0	0	0	0
NR_112620.1	GIN-41-MGE-S217	0	0	0	0	0	0	0	0	0
NR_112617.1	GIN-41-MGE-S217	0	0	0	0	0	0	0	0	0
NR_112616.1	GIN-41-MGE-S217	0	0	0	0	0	0	0	0	0
NR_112611.1	GIN-41-MGE-S217	0	0	0	0	0	0	0	0	0
NR_112571.1	GIN-41-MGE-S217	0	0	0	0	0	0	0	0	0
NR_112568.1	GIN-41-MGE-S217	0	0	0	0	0	0	0	0	0
NR_112566.1	GIN-41-MGE-S217	0	0	0	0	0	0	0	0	0
NR_112565.1	GIN-41-MGE-S217	0	0	0	0	0	0	0	0	0
NR_112564.1	GIN-41-MGE-S217	0	0	0	0	0	0	0	0	0
NR_112563.1	GIN-41-MGE-S217	0	0	0	0	0	0	0	0	0
NR_112562.1	GIN-41-MGE-S217	0	0	0	0	0	0	0	0	0
NR_112561.1	GIN-41-MGE-S217	0	0	0	0	0	0	0	0	0
NR_112560.1	GIN-41-MGE-S217	0	0	0	0	0	0	0	0	0
NR_112552.1	GIN-41-MGE-S217	0	0	0	0	0	0	0	0	0
NR_112548.1	GIN-41-MGE-S217	0	0	0	0	0	0	0	0	0
NR_112547.1	GIN-41-MGE-S217	0	0	0	0	0	0	0	0	0
NR_112537.1	GIN-41-MGE-S217	0	0	0	0	0	0	0	0	0
NR_112535.1	GIN-41-MGE-S217	0	0	0	0	0	0	0	0	0
NR_112534.1	GIN-41-MGE-S217	0	0	0	0	0	0	0	0	0
NR_112533.1	GIN-41-MGE-S217	0	0	0	0	0	0	0	0	0
NR_112238.1	GIN-41-MGE-S217	0	0	0	0	0	0	0	0	0
NR_112223.1	GIN-41-MGE-S217	0	0	0	0	0	0	0	0	0
NR_112222.1	GIN-41-MGE-S217	0	0	0	0	0	0	0	0	0
NR_112221.1	GIN-41-MGE-S217	0	0	0	0	0	0	0	0	0
NR_112205.1	GIN-41-MGE-S217	0	0	0	0	0	0	0	0	0
NR_112202.1	GIN-41-MGE-S217	0	0	0	0	0	0	0	0	0
NR_112200.1	GIN-41-MGE-S217	0	0	0	0	0	0	0	0	0
NR_112195.1	GIN-41-MGE-S217	0	0	0	0	0	0	0	0	0
NR_112189.1	GIN-41-MGE-S217	0	0	0	0	0	0	0	0	0
NR_112186.1	GIN-41-MGE-S217	0	0	0	0	0	0	0	0	0
NR_112160.1	GIN-41-MGE-S217	0	0	0	0	0	0	0	0	0
NR_112144.1	GIN-41-MGE-S217	0	0	0	0	0	0	0	0	0
NR_112129.1	GIN-41-MGE-S217	0	0	0	0	0	0	0	0	0
NR_112128.1	GIN-41-MGE-S217	0	0	0	0	0	0	0	0	0
NR_112114.1	GIN-41-MGE-S217	0	0	0	0	0	0	0	0	0
NR_112095.1	GIN-41-MGE-S217	0	0	0	0	0	0	0	0	0
NR_112092.1	GIN-41-MGE-S217	0	0	0	0	0	0	0	0	0
NR_112091.1	GIN-41-MGE-S217	0	0	0	0	0	0	0	0	0
NR_112029.1	GIN-41-MGE-S217	0	0	0	0	0	0	0	0	0
NR_112024.1	GIN-41-MGE-S217	0	0	0	0	0	0	0	0	0
NR_109400.1	GIN-41-MGE-S217	0	0	0	0	0	0	0	0	0
NR_109399.1	GIN-41-MGE-S217	0	0	0	0	0	0	0	0	0
NR_109398.1	GIN-41-MGE-S217	0	0	0	0	0	0	0	0	0
NR_109397.1	GIN-41-MGE-S217	0	0	0	0	0	0	0	0	0
NR_109396.1	GIN-41-MGE-S217	0	0	0	0	0	0	0	0	0
NR_109376.1	GIN-41-MGE-S217	0	0	0	0	0	0	0	0	0
NR_108592.1	GIN-41-MGE-S217	0	0	0	0	0	0	0	0	0
NR_108584.1	GIN-41-MGE-S217	0	0	0	0	0	0	0	0	0
NR_108194.1	GIN-41-MGE-S217	0	0	0	0	0	0	0	0	0
NR_104996.1	GIN-41-MGE-S217	0	0	0	0	0	0	0	0	0
NR_104995.1	GIN-41-MGE-S217	0	0	0	0	0	0	0	0	0
NR_044022.2	GIN-41-MGE-S217	0	0	0	0	0	0	0	0	0
NR_044663.2	GIN-41-MGE-S217	0	0	0	0	0	0	0	0	0
NR_044675.2	GIN-41-MGE-S217	0	0	0	0	0	0	0	0	0
NR_044682.2	GIN-41-MGE-S217	0	0	0	0	0	0	0	0	0
NR_037115.2	GIN-41-MGE-S217	0	0	0	0	0	0	0	0	0
NR_109628.1	GIN-41-MGE-S217	0	0	0	0	0	0	0	0	0
NR_109543.1	GIN-41-MGE-S217	0	0	0	0	0	0	0	0	0
NR_109466.1	GIN-41-MGE-S217	0	0	0	0	0	0	0	0	0
NR_109374.1	GIN-41-MGE-S217	0	0	0	0	0	0	0	0	0
NR_109069.1	GIN-41-MGE-S217	0	0	0	0	0	0	0	0	0
NR_108864.1	GIN-41-MGE-S217	0	0	0	0	0	0	0	0	0
NR_108852.1	GIN-41-MGE-S217	0	0	0	0	0	0	0	0	0
NR_108477.1	GIN-41-MGE-S217	0	0	0	0	0	0	0	0	0
NR_108391.1	GIN-41-MGE-S217	0	0	0	0	0	0	0	0	0
NR_108381.1	GIN-41-MGE-S217	0	0	0	0	0	0	0	0	0
NR_108319.1	GIN-41-MGE-S217	0	0	0	0	0	0	0	0	0
NR_108118.1	GIN-41-MGE-S217	0	0	0	0	0	0	0	0	0
NR_108112.1	GIN-41-MGE-S217	0	0	0	0	0	0	0	0	0
NR_108111.1	GIN-41-MGE-S217	0	0	0	0	0	0	0	0	0
NR_104990.1	GIN-41-MGE-S217	0	0	0	0	0	0	0	0	0
NR_104988.1	GIN-41-MGE-S217	0	0	0	0	0	0	0	0	0
NR_104946.1	GIN-41-MGE-S217	0	0	0	0	0	0	0	0	0
NR_104937.1	GIN-41-MGE-S217	0	0	0	0	0	0	0	0	0
NR_104922.1	GIN-41-MGE-S217	0	0	0	0	0	0	0	0	0
NR_104921.1	GIN-41-MGE-S217	0	0	0	0	0	0	0	0	0
NR_104911.1	GIN-41-MGE-S217	0	0	0	0	0	0	0	0	0
NR_104910.1	GIN-41-MGE-S217	0	0	0	0	0	0	0	0	0
NR_104906.1	GIN-41-MGE-S217	0	0	0	0	0	0	0	0	0
NR_104901.1	GIN-41-MGE-S217	50	50	0	0	0	0	0	0	0
NR_104897.1	GIN-41-MGE-S217	0	0	0	0	0	0	0	0	0
NR_104896.1	GIN-41-MGE-S217	0	0	0	0	0	0	0	0	0
NR_104895.1	GIN-41-MGE-S217	0	0	0	0	0	0	0	0	0
NR_104894.1	GIN-41-MGE-S217	0	0	0	0	0	0	0	0	0
NR_104890.1	GIN-41-MGE-S217	0	0	0	0	0	0	0	0	0
NR_104887.1	GIN-41-MGE-S217	0	0	0	0	0	0	0	0	0
NR_104856.1	GIN-41-MGE-S217	0	0	0	0	0	0	0	0	0
NR_104849.1	GIN-41-MGE-S217	0	0	0	0	0	0	0	0	0
NR_104846.1	GIN-41-MGE-S217	0	0	0	0	0	0	0	0	0
NR_104832.1	GIN-41-MGE-S217	0	0	0	0	0	0	0	0	0
NR_104831.1	GIN-41-MGE-S217	0	0	0	0	0	0	0	0	0
NR_104828.1	GIN-41-MGE-S217	0	0	0	0	0	0	0	0	0
NR_104821.1	GIN-41-MGE-S217	0	0	0	0	0	0	0	0	0
NR_104820.1	GIN-41-MGE-S217	0	0	0	0	0	0	0	0	0
NR_104819.1	GIN-41-MGE-S217	0	0	0	0	0	0	0	0	0
NR_104818.1	GIN-41-MGE-S217	0	0	0	0	0	0	0	0	0
NR_104817.1	GIN-41-MGE-S217	0	0	0	0	0	0	0	0	0
NR_104815.1	GIN-41-MGE-S217	0	0	0	0	0	0	0	0	0
NR_104814.1	GIN-41-MGE-S217	0	0	0	0	0	0	0	0	0
NR_104782.1	GIN-41-MGE-S217	0	0	0	0	0	0	0	0	0
NR_104762.1	GIN-41-MGE-S217	0	0	0	0	0	0	0	0	0
NR_104720.1	GIN-41-MGE-S217	0	0	0	0	0	0	0	0	0
NR_104701.1	GIN-41-MGE-S217	0	0	0	0	0	0	0	0	0
NR_104689.1	GIN-41-MGE-S217	0	0	0	0	0	0	0	0	0
NR_104528.1	GIN-41-MGE-S217	0	0	0	0	0	0	0	0	0
NR_104500.1	GIN-41-MGE-S217	0	0	0	0	0	0	0	0	0
NR_103954.1	GIN-41-MGE-S217	0	0	0	0	0	0	0	0	0
NR_103943.1	GIN-41-MGE-S217	0	0	0	0	0	0	0	0	0
NR_103928.1	GIN-41-MGE-S217	0	0	0	0	0	0	0	0	0
NR_102981.1	GIN-41-MGE-S217	0	0	0	0	0	0	0	0	0
NR_102964.1	GIN-41-MGE-S217	0	0	0	0	0	0	0	0	0
NR_102957.1	GIN-41-MGE-S217	0	0	0	0	0	0	0	0	0
NR_102952.1	GIN-41-MGE-S217	0	0	0	0	0	0	0	0	0
NR_102951.1	GIN-41-MGE-S217	0	0	0	0	0	0	0	0	0
NR_102944.1	GIN-41-MGE-S217	0	0	0	0	0	0	0	0	0
NR_102940.1	GIN-41-MGE-S217	0	0	0	0	0	0	0	0	0
NR_102934.1	GIN-41-MGE-S217	0	0	0	0	0	0	0	0	0
NR_102929.1	GIN-41-MGE-S217	0	0	0	0	0	0	0	0	0
NR_102890.1	GIN-41-MGE-S217	0	0	0	0	0	0	0	0	0
NR_102875.1	GIN-41-MGE-S217	0	0	0	0	0	0	0	0	0
NR_102865.1	GIN-41-MGE-S217	0	0	0	0	0	0	0	0	0
NR_102858.1	GIN-41-MGE-S217	0	0	0	0	0	0	0	0	0
NR_102851.1	GIN-41-MGE-S217	0	0	0	0	0	0	0	0	0
NR_102845.1	GIN-41-MGE-S217	0	0	0	0	0	0	0	0	0
NR_102842.1	GIN-41-MGE-S217	0	0	0	0	0	0	0	0	0
NR_102828.1	GIN-41-MGE-S217	0	0	0	0	0	0	0	0	0
NR_102807.1	GIN-41-MGE-S217	0	0	0	0	0	0	0	0	0
NR_102806.1	GIN-41-MGE-S217	0	0	0	0	0	0	0	0	0
NR_102776.1	GIN-41-MGE-S217	0	0	0	0	0	0	0	0	0
NR_102771.1	GIN-41-MGE-S217	0	0	0	0	0	0	0	0	0
NR_102511.1	GIN-41-MGE-S217	0	0	0	0	0	0	0	0	0
NR_102510.1	GIN-41-MGE-S217	0	0	0	0	0	0	0	0	0
NR_102497.1	GIN-41-MGE-S217	0	0	0	0	0	0	0	0	0
NR_102494.1	GIN-41-MGE-S217	0	0	0	0	0	0	0	0	0
NR_102485.1	GIN-41-MGE-S217	0	0	0	0	0	0	0	0	0
NR_102480.1	GIN-41-MGE-S217	0	0	0	0	0	0	0	0	0
NR_102479.1	GIN-41-MGE-S217	0	0	0	0	0	0	0	0	0
NR_102475.1	GIN-41-MGE-S217	0	0	0	0	0	0	0	0	0
NR_102471.1	GIN-41-MGE-S217	0	0	0	0	0	0	0	0	0
NR_102462.1	GIN-41-MGE-S217	0	0	0	0	0	0	0	0	0
NR_102452.1	GIN-41-MGE-S217	0	0	0	0	0	0	0	0	0
NR_102440.1	GIN-41-MGE-S217	0	0	0	0	0	0	0	0	0
NR_102438.1	GIN-41-MGE-S217	0	0	0	0	0	0	0	0	0
NR_074198.1	GIN-41-MGE-S217	0	0	0	0	0	0	0	0	0
NR_074185.1	GIN-41-MGE-S217	0	0	0	0	0	0	0	0	0
NR_074181.1	GIN-41-MGE-S217	0	0	0	0	0	0	0	0	0
NR_074155.1	GIN-41-MGE-S217	0	0	0	0	0	0	0	0	0
NR_074123.1	GIN-41-MGE-S217	0	0	0	0	0	0	0	0	0
NR_074119.1	GIN-41-MGE-S217	0	0	0	0	0	0	0	0	0
NR_074116.1	GIN-41-MGE-S217	0	0	0	0	0	0	0	0	0
NR_074114.1	GIN-41-MGE-S217	0	0	0	0	0	0	0	0	0
NR_074111.1	GIN-41-MGE-S217	0	0	0	0	0	0	0	0	0
NR_074102.1	GIN-41-MGE-S217	0	0	0	0	0	0	0	0	0
NR_074101.1	GIN-41-MGE-S217	0	0	0	0	0	0	0	0	0
NR_074325.2	GIN-41-MGE-S217	0	0	0	0	0	0	0	0	0
NR_043583.2	GIN-41-MGE-S217	0	0	0	0	0	0	0	0	0
NR_029145.2	GIN-41-MGE-S217	0	0	0	0	0	0	0	0	0
NR_075060.1	GIN-41-MGE-S217	0	0	0	0	0	0	0	0	0
NR_075055.1	GIN-41-MGE-S217	0	0	0	0	0	0	0	0	0
NR_075054.1	GIN-41-MGE-S217	0	0	0	0	0	0	0	0	0
NR_075034.1	GIN-41-MGE-S217	0	0	0	0	0	0	0	0	0
NR_075011.1	GIN-41-MGE-S217	0	0	0	0	0	0	0	0	0
NR_075006.1	GIN-41-MGE-S217	0	0	0	0	0	0	0	0	0
NR_074996.1	GIN-41-MGE-S217	0	0	0	0	0	0	0	0	0
NR_074991.1	GIN-41-MGE-S217	0	0	0	0	0	0	0	0	0
NR_074982.1	GIN-41-MGE-S217	0	0	0	0	0	0	0	0	0
NR_074978.1	GIN-41-MGE-S217	0	0	0	0	0	0	0	0	0
NR_074971.1	GIN-41-MGE-S217	0	0	0	0	0	0	0	0	0
NR_074951.1	GIN-41-MGE-S217	0	0	0	0	0	0	0	0	0
NR_074946.1	GIN-41-MGE-S217	0	0	0	0	0	0	0	0	0
NR_074933.1	GIN-41-MGE-S217	0	0	0	0	0	0	0	0	0
NR_074932.1	GIN-41-MGE-S217	0	0	0	0	0	0	0	0	0
NR_074924.1	GIN-41-MGE-S217	0	0	0	0	0	0	0	0	0
NR_074914.1	GIN-41-MGE-S217	0	0	0	0	0	0	0	0	0
NR_074890.1	GIN-41-MGE-S217	0	0	0	0	0	0	0	0	0
NR_074872.1	GIN-41-MGE-S217	0	0	0	0	0	0	0	0	0
NR_074869.1	GIN-41-MGE-S217	0	0	0	0	0	0	0	0	0
NR_074862.1	GIN-41-MGE-S217	0	0	0	0	0	0	0	0	0
NR_074856.1	GIN-41-MGE-S217	0	0	0	0	0	0	0	0	0
NR_074842.1	GIN-41-MGE-S217	0	0	0	0	0	0	0	0	0
NR_074822.1	GIN-41-MGE-S217	0	0	0	0	0	0	0	0	0
NR_074818.1	GIN-41-MGE-S217	0	0	0	0	0	0	0	0	0
NR_074815.1	GIN-41-MGE-S217	0	0	0	0	0	0	0	0	0
NR_074813.1	GIN-41-MGE-S217	0	0	0	0	0	0	0	0	0
NR_074804.1	GIN-41-MGE-S217	0	0	0	0	0	0	0	0	0
NR_074798.1	GIN-41-MGE-S217	0	0	0	0	0	0	0	0	0
NR_074791.1	GIN-41-MGE-S217	0	0	0	0	0	0	0	0	0
NR_074790.1	GIN-41-MGE-S217	0	0	0	0	0	0	0	0	0
NR_074775.1	GIN-41-MGE-S217	0	0	0	0	0	0	0	0	0
NR_074766.1	GIN-41-MGE-S217	0	0	0	0	0	0	0	0	0
NR_074765.1	GIN-41-MGE-S217	0	0	0	0	0	0	0	0	0
NR_074738.1	GIN-41-MGE-S217	0	0	0	0	0	0	0	0	0
NR_074731.1	GIN-41-MGE-S217	0	0	0	0	0	0	0	0	0
NR_074720.1	GIN-41-MGE-S217	0	0	0	0	0	0	0	0	0
NR_074719.1	GIN-41-MGE-S217	0	0	0	0	0	0	0	0	0
NR_074712.1	GIN-41-MGE-S217	0	0	0	0	0	0	0	0	0
NR_074705.1	GIN-41-MGE-S217	0	0	0	0	0	0	0	0	0
NR_074704.1	GIN-41-MGE-S217	0	0	0	0	0	0	0	0	0
NR_074701.1	GIN-41-MGE-S217	0	0	0	0	0	0	0	0	0
NR_074093.1	GIN-41-MGE-S217	0	0	0	0	0	0	0	0	0
NR_074697.1	GIN-41-MGE-S217	0	0	0	0	0	0	0	0	0
NR_074693.1	GIN-41-MGE-S217	0	0	0	0	0	0	0	0	0
NR_074692.1	GIN-41-MGE-S217	0	0	0	0	0	0	0	0	0
NR_074689.1	GIN-41-MGE-S217	0	0	0	0	0	0	0	0	0
NR_074687.1	GIN-41-MGE-S217	0	0	0	0	0	0	0	0	0
NR_074685.1	GIN-41-MGE-S217	0	0	0	0	0	0	0	0	0
NR_074684.1	GIN-41-MGE-S217	0	0	0	0	0	0	0	0	0
NR_074668.1	GIN-41-MGE-S217	0	0	0	0	0	0	0	0	0
NR_074666.1	GIN-41-MGE-S217	0	0	0	0	0	0	0	0	0
NR_074665.1	GIN-41-MGE-S217	0	0	0	0	0	0	0	0	0
NR_074658.1	GIN-41-MGE-S217	0	0	0	0	0	0	0	0	0
NR_074656.1	GIN-41-MGE-S217	0	0	0	0	0	0	0	0	0
NR_074652.1	GIN-41-MGE-S217	0	0	0	0	0	0	0	0	0
NR_074651.1	GIN-41-MGE-S217	0	0	0	0	0	0	0	0	0
NR_074648.1	GIN-41-MGE-S217	0	0	0	0	0	0	0	0	0
NR_074643.1	GIN-41-MGE-S217	0	0	0	0	0	0	0	0	0
NR_074633.1	GIN-41-MGE-S217	0	0	0	0	0	0	0	0	0
NR_074608.1	GIN-41-MGE-S217	0	0	0	0	0	0	0	0	0
NR_074601.1	GIN-41-MGE-S217	0	0	0	0	0	0	0	0	0
NR_074597.1	GIN-41-MGE-S217	0	0	0	0	0	0	0	0	0
NR_074595.1	GIN-41-MGE-S217	0	0	0	0	0	0	0	0	0
NR_074577.1	GIN-41-MGE-S217	0	0	0	0	0	0	0	0	0
NR_074576.1	GIN-41-MGE-S217	0	0	0	0	0	0	0	0	0
NR_074572.1	GIN-41-MGE-S217	0	0	0	0	0	0	0	0	0
NR_074537.1	GIN-41-MGE-S217	0	0	0	0	0	0	0	0	0
NR_074535.1	GIN-41-MGE-S217	0	0	0	0	0	0	0	0	0
NR_074518.1	GIN-41-MGE-S217	0	0	0	0	0	0	0	0	0
NR_074502.1	GIN-41-MGE-S217	0	0	0	0	0	0	0	0	0
NR_074463.1	GIN-41-MGE-S217	0	0	0	0	0	0	0	0	0
NR_074456.1	GIN-41-MGE-S217	0	0	0	0	0	0	0	0	0
NR_074435.1	GIN-41-MGE-S217	0	0	0	0	0	0	0	0	0
NR_074422.1	GIN-41-MGE-S217	0	0	0	0	0	0	0	0	0
NR_074401.1	GIN-41-MGE-S217	0	0	0	0	0	0	0	0	0
NR_074399.1	GIN-41-MGE-S217	0	0	0	0	0	0	0	0	0
NR_074395.1	GIN-41-MGE-S217	0	0	0	0	0	0	0	0	0
NR_074394.1	GIN-41-MGE-S217	0	0	0	0	0	0	0	0	0
NR_074389.1	GIN-41-MGE-S217	0	0	0	0	0	0	0	0	0
NR_074388.1	GIN-41-MGE-S217	0	0	0	0	0	0	0	0	0
NR_074386.1	GIN-41-MGE-S217	0	0	0	0	0	0	0	0	0
NR_074371.1	GIN-41-MGE-S217	0	0	0	0	0	0	0	0	0
NR_074365.1	GIN-41-MGE-S217	0	0	0	0	0	0	0	0	0
NR_074359.1	GIN-41-MGE-S217	0	0	0	0	0	0	0	0	0
NR_074331.1	GIN-41-MGE-S217	0	0	0	0	0	0	0	0	0
NR_074324.1	GIN-41-MGE-S217	0	0	0	0	0	0	0	0	0
NR_074322.1	GIN-41-MGE-S217	0	0	0	0	0	0	0	0	0
NR_074321.1	GIN-41-MGE-S217	0	0	0	0	0	0	0	0	0
NR_074313.1	GIN-41-MGE-S217	0	0	0	0	0	0	0	0	0
NR_074301.1	GIN-41-MGE-S217	0	0	0	0	0	0	0	0	0
NR_074298.1	GIN-41-MGE-S217	0	0	0	0	0	0	0	0	0
NR_074296.1	GIN-41-MGE-S217	0	0	0	0	0	0	0	0	0
NR_074294.1	GIN-41-MGE-S217	0	0	0	0	0	0	0	0	0
NR_074293.1	GIN-41-MGE-S217	0	0	0	0	0	0	0	0	0
NR_074280.1	GIN-41-MGE-S217	0	0	0	0	0	0	0	0	0
NR_074277.1	GIN-41-MGE-S217	0	0	0	0	0	0	0	0	0
NR_074276.1	GIN-41-MGE-S217	0	0	0	0	0	0	0	0	0
NR_074263.1	GIN-41-MGE-S217	0	0	0	0	0	0	0	0	0
NR_074262.1	GIN-41-MGE-S217	0	0	0	0	0	0	0	0	0
NR_074257.1	GIN-41-MGE-S217	0	0	0	0	0	0	0	0	0
NR_074255.1	GIN-41-MGE-S217	0	0	0	0	0	0	0	0	0
NR_074237.1	GIN-41-MGE-S217	0	0	0	0	0	0	0	0	0
NR_074236.1	GIN-41-MGE-S217	0	0	0	0	0	0	0	0	0
NR_074231.1	GIN-41-MGE-S217	0	0	0	0	0	0	0	0	0
NR_074224.1	GIN-41-MGE-S217	0	0	0	0	0	0	0	0	0
NR_074209.1	GIN-41-MGE-S217	0	0	0	0	0	0	0	0	0
NR_074205.1	GIN-41-MGE-S217	0	0	0	0	0	0	0	0	0
NR_044597.2	GIN-41-MGE-S217	0	0	0	0	0	0	0	0	0
NR_044972.1	GIN-41-MGE-S217	0	0	0	0	0	0	0	0	0
NR_044971.1	GIN-41-MGE-S217	0	0	0	0	0	0	0	0	0
NR_044970.1	GIN-41-MGE-S217	0	0	0	0	0	0	0	0	0
NR_044969.1	GIN-41-MGE-S217	0	0	0	0	0	0	0	0	0
NR_044967.1	GIN-41-MGE-S217	0	0	0	0	0	0	0	0	0
NR_044964.1	GIN-41-MGE-S217	0	0	0	0	0	0	0	0	0
NR_044962.1	GIN-41-MGE-S217	0	0	0	0	0	0	0	0	0
NR_044960.1	GIN-41-MGE-S217	0	0	0	0	0	0	0	0	0
NR_044959.1	GIN-41-MGE-S217	0	0	0	0	0	0	0	0	0
NR_044958.1	GIN-41-MGE-S217	0	0	0	0	0	0	0	0	0
NR_044957.1	GIN-41-MGE-S217	0	0	0	0	0	0	0	0	0
NR_044956.1	GIN-41-MGE-S217	0	0	0	0	0	0	0	0	0
NR_044955.1	GIN-41-MGE-S217	0	0	0	0	0	0	0	0	0
NR_044954.1	GIN-41-MGE-S217	0	0	0	0	0	0	0	0	0
NR_044953.1	GIN-41-MGE-S217	0	0	0	0	0	0	0	0	0
NR_044952.1	GIN-41-MGE-S217	0	0	0	0	0	0	0	0	0
NR_044948.1	GIN-41-MGE-S217	0	0	0	0	0	0	0	0	0
NR_044930.1	GIN-41-MGE-S217	0	0	0	0	0	0	0	0	0
NR_044928.1	GIN-41-MGE-S217	0	0	0	0	0	0	0	0	0
NR_044926.1	GIN-41-MGE-S217	0	0	0	0	0	0	0	0	0
NR_044923.1	GIN-41-MGE-S217	0	0	0	0	0	0	0	0	0
NR_044921.1	GIN-41-MGE-S217	0	0	0	0	0	0	0	0	0
NR_044917.1	GIN-41-MGE-S217	0	0	0	0	0	0	0	0	0
NR_044914.1	GIN-41-MGE-S217	0	0	0	0	0	0	0	0	0
NR_044904.1	GIN-41-MGE-S217	0	0	0	0	0	0	0	0	0
NR_044897.1	GIN-41-MGE-S217	0	0	0	0	0	0	0	0	0
NR_044896.1	GIN-41-MGE-S217	0	0	0	0	0	0	0	0	0
NR_044894.1	GIN-41-MGE-S217	0	0	0	0	0	0	0	0	0
NR_044868.1	GIN-41-MGE-S217	0	0	0	0	0	0	0	0	0
NR_044861.1	GIN-41-MGE-S217	0	0	0	0	0	0	0	0	0
NR_044859.1	GIN-41-MGE-S217	0	0	0	0	0	0	0	0	0
NR_044856.1	GIN-41-MGE-S217	0	0	0	0	0	0	0	0	0
NR_044854.1	GIN-41-MGE-S217	0	0	0	0	0	0	0	0	0
NR_044805.1	GIN-41-MGE-S217	0	0	0	0	0	0	0	0	0
NR_044802.1	GIN-41-MGE-S217	0	0	0	0	0	0	0	0	0
NR_044798.1	GIN-41-MGE-S217	0	0	0	0	0	0	0	0	0
NR_044797.1	GIN-41-MGE-S217	0	0	0	0	0	0	0	0	0
NR_044795.1	GIN-41-MGE-S217	0	0	0	0	0	0	0	0	0
NR_044794.1	GIN-41-MGE-S217	0	0	0	0	0	0	0	0	0
NR_044792.1	GIN-41-MGE-S217	0	0	0	0	0	0	0	0	0
NR_044791.1	GIN-41-MGE-S217	0	0	0	0	0	0	0	0	0
NR_044781.1	GIN-41-MGE-S217	0	0	0	0	0	0	0	0	0
NR_044773.1	GIN-41-MGE-S217	0	0	0	0	0	0	0	0	0
NR_044772.1	GIN-41-MGE-S217	0	0	0	0	0	0	0	0	0
NR_044767.1	GIN-41-MGE-S217	0	0	0	0	0	0	0	0	0
NR_044761.1	GIN-41-MGE-S217	0	0	0	0	0	0	0	0	0
NR_044758.1	GIN-41-MGE-S217	0	0	0	0	0	0	0	0	0
NR_044753.1	GIN-41-MGE-S217	0	0	0	0	0	0	0	0	0
NR_044751.1	GIN-41-MGE-S217	0	0	0	0	0	0	0	0	0
NR_044747.1	GIN-41-MGE-S217	0	0	0	0	0	0	0	0	0
NR_044734.1	GIN-41-MGE-S217	0	0	0	0	0	0	0	0	0
NR_044653.1	GIN-41-MGE-S217	0	0	0	0	0	0	0	0	0
NR_044616.1	GIN-41-MGE-S217	0	0	0	0	0	0	0	0	0
NR_044611.1	GIN-41-MGE-S217	0	0	0	0	0	0	0	0	0
NR_044605.1	GIN-41-MGE-S217	0	0	0	0	0	0	0	0	0
NR_044590.1	GIN-41-MGE-S217	0	0	0	0	0	0	0	0	0
NR_044582.1	GIN-41-MGE-S217	0	0	0	0	0	0	0	0	0
NR_044578.1	GIN-41-MGE-S217	0	0	0	0	0	0	0	0	0
NR_044572.1	GIN-41-MGE-S217	0	0	0	0	0	0	0	0	0
NR_044571.1	GIN-41-MGE-S217	0	0	0	0	0	0	0	0	0
NR_044570.1	GIN-41-MGE-S217	0	0	0	0	0	0	0	0	0
NR_044568.1	GIN-41-MGE-S217	0	0	0	0	0	0	0	0	0
NR_044567.1	GIN-41-MGE-S217	0	0	0	0	0	0	0	0	0
NR_044566.1	GIN-41-MGE-S217	0	0	0	0	0	0	0	0	0
NR_044562.1	GIN-41-MGE-S217	0	0	0	0	0	0	0	0	0
NR_044560.1	GIN-41-MGE-S217	0	0	0	0	0	0	0	0	0
NR_044559.1	GIN-41-MGE-S217	0	0	0	0	0	0	0	0	0
NR_044557.1	GIN-41-MGE-S217	0	0	0	0	0	0	0	0	0
NR_044553.1	GIN-41-MGE-S217	0	0	0	0	0	0	0	0	0
NR_044551.1	GIN-41-MGE-S217	0	0	0	0	0	0	0	0	0
NR_044548.1	GIN-41-MGE-S217	0	0	0	0	0	0	0	0	0
NR_044545.1	GIN-41-MGE-S217	0	0	0	0	0	0	0	0	0
NR_044542.1	GIN-41-MGE-S217	0	0	0	0	0	0	0	0	0
NR_044541.1	GIN-41-MGE-S217	0	0	0	0	0	0	0	0	0
NR_044540.1	GIN-41-MGE-S217	0	0	0	0	0	0	0	0	0
NR_044539.1	GIN-41-MGE-S217	0	0	0	0	0	0	0	0	0
NR_044535.1	GIN-41-MGE-S217	0	0	0	0	0	0	0	0	0
NR_044534.1	GIN-41-MGE-S217	0	0	0	0	0	0	0	0	0
NR_044532.1	GIN-41-MGE-S217	0	0	0	0	0	0	0	0	0
NR_044531.1	GIN-41-MGE-S217	0	0	0	0	0	0	0	0	0
NR_044530.1	GIN-41-MGE-S217	0	0	0	0	0	0	0	0	0
NR_044527.1	GIN-41-MGE-S217	0	0	0	0	0	0	0	0	0
NR_044526.1	GIN-41-MGE-S217	0	0	0	0	0	0	0	0	0
NR_044523.1	GIN-41-MGE-S217	0	0	0	0	0	0	0	0	0
NR_044517.1	GIN-41-MGE-S217	0	0	0	0	0	0	0	0	0
NR_044515.1	GIN-41-MGE-S217	0	0	0	0	0	0	0	0	0
NR_044512.1	GIN-41-MGE-S217	0	0	0	0	0	0	0	0	0
NR_044511.1	GIN-41-MGE-S217	0	0	0	0	0	0	0	0	0
NR_044510.1	GIN-41-MGE-S217	0	0	0	0	0	0	0	0	0
NR_044505.1	GIN-41-MGE-S217	0	0	0	0	0	0	0	0	0
NR_044500.1	GIN-41-MGE-S217	0	0	0	0	0	0	0	0	0
NR_044498.1	GIN-41-MGE-S217	0	0	0	0	0	0	0	0	0
NR_044495.1	GIN-41-MGE-S217	0	0	0	0	0	0	0	0	0
NR_044492.1	GIN-41-MGE-S217	0	0	0	0	0	0	0	0	0
NR_044490.1	GIN-41-MGE-S217	0	0	0	0	0	0	0	0	0
NR_044486.1	GIN-41-MGE-S217	0	0	0	0	0	0	0	0	0
NR_044483.1	GIN-41-MGE-S217	0	0	0	0	0	0	0	0	0
NR_044481.1	GIN-41-MGE-S217	0	0	0	0	0	0	0	0	0
NR_044480.1	GIN-41-MGE-S217	0	0	0	0	0	0	0	0	0
NR_044477.1	GIN-41-MGE-S217	0	0	0	0	0	0	0	0	0
NR_044476.1	GIN-41-MGE-S217	0	0	0	0	0	0	0	0	0
NR_044475.1	GIN-41-MGE-S217	0	0	0	0	0	0	0	0	0
NR_044472.1	GIN-41-MGE-S217	0	0	0	0	0	0	0	0	0
NR_044465.1	GIN-41-MGE-S217	0	0	0	0	0	0	0	0	0
NR_044464.1	GIN-41-MGE-S217	0	0	0	0	0	0	0	0	0
NR_044462.1	GIN-41-MGE-S217	0	0	0	0	0	0	0	0	0
NR_044458.1	GIN-41-MGE-S217	0	0	0	0	0	0	0	0	0
NR_044455.1	GIN-41-MGE-S217	0	0	0	0	0	0	0	0	0
NR_044454.1	GIN-41-MGE-S217	0	0	0	0	0	0	0	0	0
NR_044452.1	GIN-41-MGE-S217	0	0	0	0	0	0	0	0	0
NR_044449.1	GIN-41-MGE-S217	0	0	0	0	0	0	0	0	0
NR_044446.1	GIN-41-MGE-S217	0	0	0	0	0	0	0	0	0
NR_044444.1	GIN-41-MGE-S217	0	0	0	0	0	0	0	0	0
NR_044442.1	GIN-41-MGE-S217	0	0	0	0	0	0	0	0	0
NR_044441.1	GIN-41-MGE-S217	0	0	0	0	0	0	0	0	0
NR_044440.1	GIN-41-MGE-S217	0	0	0	0	0	0	0	0	0
NR_044439.1	GIN-41-MGE-S217	0	0	0	0	0	0	0	0	0
NR_044438.1	GIN-41-MGE-S217	0	0	0	0	0	0	0	0	0
NR_044434.1	GIN-41-MGE-S217	0	0	0	0	0	0	0	0	0
NR_044433.1	GIN-41-MGE-S217	0	0	0	0	0	0	0	0	0
NR_044432.1	GIN-41-MGE-S217	0	0	0	0	0	0	0	0	0
NR_044427.1	GIN-41-MGE-S217	0	0	0	0	0	0	0	0	0
NR_044425.1	GIN-41-MGE-S217	0	0	0	0	0	0	0	0	0
NR_044423.1	GIN-41-MGE-S217	0	0	0	0	0	0	0	0	0
NR_044421.1	GIN-41-MGE-S217	0	0	0	0	0	0	0	0	0
NR_044420.1	GIN-41-MGE-S217	0	0	0	0	0	0	0	0	0
NR_044419.1	GIN-41-MGE-S217	0	0	0	0	0	0	0	0	0
NR_044418.1	GIN-41-MGE-S217	0	0	0	0	0	0	0	0	0
NR_044417.1	GIN-41-MGE-S217	0	0	0	0	0	0	0	0	0
NR_044416.1	GIN-41-MGE-S217	0	0	0	0	0	0	0	0	0
NR_044412.1	GIN-41-MGE-S217	0	0	0	0	0	0	0	0	0
NR_044411.1	GIN-41-MGE-S217	0	0	0	0	0	0	0	0	0
NR_044410.1	GIN-41-MGE-S217	0	0	0	0	0	0	0	0	0
NR_044408.1	GIN-41-MGE-S217	0	0	0	0	0	0	0	0	0
NR_044398.1	GIN-41-MGE-S217	0	0	0	0	0	0	0	0	0
NR_044390.1	GIN-41-MGE-S217	0	0	0	0	0	0	0	0	0
NR_044389.1	GIN-41-MGE-S217	0	0	0	0	0	0	0	0	0
NR_044388.1	GIN-41-MGE-S217	0	0	0	0	0	0	0	0	0
NR_044387.1	GIN-41-MGE-S217	0	0	0	0	0	0	0	0	0
NR_044382.1	GIN-41-MGE-S217	0	0	0	0	0	0	0	0	0
NR_044381.1	GIN-41-MGE-S217	0	0	0	0	0	0	0	0	0
NR_044380.1	GIN-41-MGE-S217	0	0	0	0	0	0	0	0	0
NR_044377.1	GIN-41-MGE-S217	0	0	0	0	0	0	0	0	0
NR_044374.1	GIN-41-MGE-S217	0	0	0	0	0	0	0	0	0
NR_044368.1	GIN-41-MGE-S217	0	0	0	0	0	0	0	0	0
NR_044367.1	GIN-41-MGE-S217	0	0	0	0	0	0	0	0	0
NR_044365.1	GIN-41-MGE-S217	0	0	0	0	0	0	0	0	0
NR_044361.1	GIN-41-MGE-S217	0	0	0	0	0	0	0	0	0
NR_044360.1	GIN-41-MGE-S217	0	0	0	0	0	0	0	0	0
NR_044356.1	GIN-41-MGE-S217	0	0	0	0	0	0	0	0	0
NR_044355.1	GIN-41-MGE-S217	0	0	0	0	0	0	0	0	0
NR_044352.1	GIN-41-MGE-S217	0	0	0	0	0	0	0	0	0
NR_044349.1	GIN-41-MGE-S217	0	0	0	0	0	0	0	0	0
NR_044348.1	GIN-41-MGE-S217	0	0	0	0	0	0	0	0	0
NR_044343.1	GIN-41-MGE-S217	0	0	0	0	0	0	0	0	0
NR_044342.1	GIN-41-MGE-S217	0	0	0	0	0	0	0	0	0
NR_044340.1	GIN-41-MGE-S217	0	0	0	0	0	0	0	0	0
NR_044338.1	GIN-41-MGE-S217	0	0	0	0	0	0	0	0	0
NR_044329.1	GIN-41-MGE-S217	0	0	0	0	0	0	0	0	0
NR_044328.1	GIN-41-MGE-S217	0	0	0	0	0	0	0	0	0
NR_044319.1	GIN-41-MGE-S217	0	0	0	0	0	0	0	0	0
NR_044312.1	GIN-41-MGE-S217	0	0	0	0	0	0	0	0	0
NR_044311.1	GIN-41-MGE-S217	0	0	0	0	0	0	0	0	0
NR_044308.1	GIN-41-MGE-S217	0	0	0	0	0	0	0	0	0
NR_044306.1	GIN-41-MGE-S217	0	0	0	0	0	0	0	0	0
NR_044303.1	GIN-41-MGE-S217	0	0	0	0	0	0	0	0	0
NR_044301.1	GIN-41-MGE-S217	0	0	0	0	0	0	0	0	0
NR_044298.1	GIN-41-MGE-S217	0	0	0	0	0	0	0	0	0
NR_044297.1	GIN-41-MGE-S217	0	0	0	0	0	0	0	0	0
NR_044294.1	GIN-41-MGE-S217	0	0	0	0	0	0	0	0	0
NR_044293.1	GIN-41-MGE-S217	0	0	0	0	0	0	0	0	0
NR_044292.1	GIN-41-MGE-S217	0	0	0	0	0	0	0	0	0
NR_044291.1	GIN-41-MGE-S217	0	0	0	0	0	0	0	0	0
NR_044287.1	GIN-41-MGE-S217	0	0	0	0	0	0	0	0	0
NR_044278.1	GIN-41-MGE-S217	0	0	0	0	0	0	0	0	0
NR_044277.1	GIN-41-MGE-S217	0	0	0	0	0	0	0	0	0
NR_044269.1	GIN-41-MGE-S217	0	0	0	0	0	0	0	0	0
NR_044268.1	GIN-41-MGE-S217	0	0	0	0	0	0	0	0	0
NR_044257.1	GIN-41-MGE-S217	0	0	0	0	0	0	0	0	0
NR_044251.1	GIN-41-MGE-S217	0	0	0	0	0	0	0	0	0
NR_044247.1	GIN-41-MGE-S217	0	0	0	0	0	0	0	0	0
NR_044245.1	GIN-41-MGE-S217	0	0	0	0	0	0	0	0	0
NR_044244.1	GIN-41-MGE-S217	0	0	0	0	0	0	0	0	0
NR_044243.1	GIN-41-MGE-S217	0	0	0	0	0	0	0	0	0
NR_044238.1	GIN-41-MGE-S217	0	0	0	0	0	0	0	0	0
NR_044237.1	GIN-41-MGE-S217	0	0	0	0	0	0	0	0	0
NR_044236.1	GIN-41-MGE-S217	0	0	0	0	0	0	0	0	0
NR_044235.1	GIN-41-MGE-S217	0	0	0	0	0	0	0	0	0
NR_044234.1	GIN-41-MGE-S217	0	0	0	0	0	0	0	0	0
NR_044233.1	GIN-41-MGE-S217	0	0	0	0	0	0	0	0	0
NR_044231.1	GIN-41-MGE-S217	0	0	0	0	0	0	0	0	0
NR_044230.1	GIN-41-MGE-S217	0	0	0	0	0	0	0	0	0
NR_044228.1	GIN-41-MGE-S217	0	0	0	0	0	0	0	0	0
NR_044227.1	GIN-41-MGE-S217	0	0	0	0	0	0	0	0	0
NR_044222.1	GIN-41-MGE-S217	0	0	0	0	0	0	0	0	0
NR_044221.1	GIN-41-MGE-S217	0	0	0	0	0	0	0	0	0
NR_044220.1	GIN-41-MGE-S217	0	0	0	0	0	0	0	0	0
NR_044219.1	GIN-41-MGE-S217	0	0	0	0	0	0	0	0	0
NR_044218.1	GIN-41-MGE-S217	0	0	0	0	0	0	0	0	0
NR_044210.1	GIN-41-MGE-S217	0	0	0	0	0	0	0	0	0
NR_044209.1	GIN-41-MGE-S217	0	0	0	0	0	0	0	0	0
NR_044207.1	GIN-41-MGE-S217	0	0	0	0	0	0	0	0	0
NR_044198.1	GIN-41-MGE-S217	0	0	0	0	0	0	0	0	0
NR_044197.1	GIN-41-MGE-S217	0	0	0	0	0	0	0	0	0
NR_044193.1	GIN-41-MGE-S217	0	0	0	0	0	0	0	0	0
NR_044192.1	GIN-41-MGE-S217	0	0	0	0	0	0	0	0	0
NR_044188.1	GIN-41-MGE-S217	0	0	0	0	0	0	0	0	0
NR_044187.1	GIN-41-MGE-S217	0	0	0	0	0	0	0	0	0
NR_044186.1	GIN-41-MGE-S217	0	0	0	0	0	0	0	0	0
NR_044185.1	GIN-41-MGE-S217	0	0	0	0	0	0	0	0	0
NR_044184.1	GIN-41-MGE-S217	0	0	0	0	0	0	0	0	0
NR_044180.1	GIN-41-MGE-S217	0	0	0	0	0	0	0	0	0
NR_044177.1	GIN-41-MGE-S217	0	0	0	0	0	0	0	0	0
NR_044163.1	GIN-41-MGE-S217	0	0	0	0	0	0	0	0	0
NR_044157.1	GIN-41-MGE-S217	0	0	0	0	0	0	0	0	0
NR_044153.1	GIN-41-MGE-S217	0	0	0	0	0	0	0	0	0
NR_044134.1	GIN-41-MGE-S217	0	0	0	0	0	0	0	0	0
NR_044132.1	GIN-41-MGE-S217	0	0	0	0	0	0	0	0	0
NR_044130.1	GIN-41-MGE-S217	0	0	0	0	0	0	0	0	0
NR_044129.1	GIN-41-MGE-S217	0	0	0	0	0	0	0	0	0
NR_044128.1	GIN-41-MGE-S217	0	0	0	0	0	0	0	0	0
NR_044127.1	GIN-41-MGE-S217	0	0	0	0	0	0	0	0	0
NR_044111.1	GIN-41-MGE-S217	0	0	0	0	0	0	0	0	0
NR_044109.1	GIN-41-MGE-S217	0	0	0	0	0	0	0	0	0
NR_044105.1	GIN-41-MGE-S217	0	0	0	0	0	0	0	0	0
NR_044104.1	GIN-41-MGE-S217	0	0	0	0	0	0	0	0	0
NR_044103.1	GIN-41-MGE-S217	0	0	0	0	0	0	0	0	0
NR_044096.1	GIN-41-MGE-S217	0	0	0	0	0	0	0	0	0
NR_044095.1	GIN-41-MGE-S217	0	0	0	0	0	0	0	0	0
NR_044093.1	GIN-41-MGE-S217	0	0	0	0	0	0	0	0	0
NR_044091.1	GIN-41-MGE-S217	0	0	0	0	0	0	0	0	0
NR_044086.1	GIN-41-MGE-S217	0	0	0	0	0	0	0	0	0
NR_044082.1	GIN-41-MGE-S217	0	0	0	0	0	0	0	0	0
NR_044081.1	GIN-41-MGE-S217	0	0	0	0	0	0	0	0	0
NR_044075.1	GIN-41-MGE-S217	0	0	0	0	0	0	0	0	0
NR_044070.1	GIN-41-MGE-S217	0	0	0	0	0	0	0	0	0
NR_044068.1	GIN-41-MGE-S217	0	0	0	0	0	0	0	0	0
NR_044064.1	GIN-41-MGE-S217	0	0	0	0	0	0	0	0	0
NR_044061.1	GIN-41-MGE-S217	0	0	0	0	0	0	0	0	0
NR_044047.1	GIN-41-MGE-S217	0	0	0	0	0	0	0	0	0
NR_044046.1	GIN-41-MGE-S217	0	0	0	0	0	0	0	0	0
NR_044039.1	GIN-41-MGE-S217	0	0	0	0	0	0	0	0	0
NR_044038.1	GIN-41-MGE-S217	0	0	0	0	0	0	0	0	0
NR_044037.1	GIN-41-MGE-S217	0	0	0	0	0	0	0	0	0
NR_044035.1	GIN-41-MGE-S217	0	0	0	0	0	0	0	0	0
NR_044033.1	GIN-41-MGE-S217	0	0	0	0	0	0	0	0	0
NR_044032.1	GIN-41-MGE-S217	0	0	0	0	0	0	0	0	0
NR_044031.1	GIN-41-MGE-S217	0	0	0	0	0	0	0	0	0
NR_044028.1	GIN-41-MGE-S217	0	0	0	0	0	0	0	0	0
NR_044027.1	GIN-41-MGE-S217	0	0	0	0	0	0	0	0	0
NR_044020.1	GIN-41-MGE-S217	0	0	0	0	0	0	0	0	0
NR_044019.1	GIN-41-MGE-S217	0	0	0	0	0	0	0	0	0
NR_044018.1	GIN-41-MGE-S217	0	0	0	0	0	0	0	0	0
NR_044017.1	GIN-41-MGE-S217	0	0	0	0	0	0	0	0	0
NR_044013.1	GIN-41-MGE-S217	0	0	0	0	0	0	0	0	0
NR_044012.1	GIN-41-MGE-S217	0	0	0	0	0	0	0	0	0
NR_044011.1	GIN-41-MGE-S217	0	0	0	0	0	0	0	0	0
NR_044010.1	GIN-41-MGE-S217	0	0	0	0	0	0	0	0	0
NR_044008.1	GIN-41-MGE-S217	0	0	0	0	0	0	0	0	0
NR_044006.1	GIN-41-MGE-S217	0	0	0	0	0	0	0	0	0
NR_044005.1	GIN-41-MGE-S217	0	0	0	0	0	0	0	0	0
NR_044003.1	GIN-41-MGE-S217	0	0	0	0	0	0	0	0	0
NR_044000.1	GIN-41-MGE-S217	0	0	0	0	0	0	0	0	0
NR_043994.1	GIN-41-MGE-S217	0	0	0	0	0	0	0	0	0
NR_043992.1	GIN-41-MGE-S217	0	0	0	0	0	0	0	0	0
NR_043986.1	GIN-41-MGE-S217	0	0	0	0	0	0	0	0	0
NR_043985.1	GIN-41-MGE-S217	0	0	0	0	0	0	0	0	0
NR_043976.1	GIN-41-MGE-S217	0	0	0	0	0	0	0	0	0
NR_043973.1	GIN-41-MGE-S217	0	0	0	0	0	0	0	0	0
NR_043972.1	GIN-41-MGE-S217	0	0	0	0	0	0	0	0	0
NR_043964.1	GIN-41-MGE-S217	0	0	0	0	0	0	0	0	0
NR_043963.1	GIN-41-MGE-S217	0	0	0	0	0	0	0	0	0
NR_043962.1	GIN-41-MGE-S217	0	0	0	0	0	0	0	0	0
NR_043959.1	GIN-41-MGE-S217	0	0	0	0	0	0	0	0	0
NR_043958.1	GIN-41-MGE-S217	0	0	0	0	0	0	0	0	0
NR_043935.1	GIN-41-MGE-S217	0	0	0	0	0	0	0	0	0
NR_043934.1	GIN-41-MGE-S217	0	0	0	0	0	0	0	0	0
NR_043930.1	GIN-41-MGE-S217	0	0	0	0	0	0	0	0	0
NR_043925.1	GIN-41-MGE-S217	0	0	0	0	0	0	0	0	0
NR_043923.1	GIN-41-MGE-S217	0	0	0	0	0	0	0	0	0
NR_043918.1	GIN-41-MGE-S217	0	0	0	0	0	0	0	0	0
NR_043917.1	GIN-41-MGE-S217	0	0	0	0	0	0	0	0	0
NR_043912.1	GIN-41-MGE-S217	0	0	0	0	0	0	0	0	0
NR_043900.1	GIN-41-MGE-S217	0	0	0	0	0	0	0	0	0
NR_043899.1	GIN-41-MGE-S217	0	0	0	0	0	0	0	0	0
NR_043897.1	GIN-41-MGE-S217	0	0	0	0	0	0	0	0	0
NR_043895.1	GIN-41-MGE-S217	0	0	0	0	0	0	0	0	0
NR_043890.1	GIN-41-MGE-S217	0	0	0	0	0	0	0	0	0
NR_043888.1	GIN-41-MGE-S217	0	0	0	0	0	0	0	0	0
NR_043876.1	GIN-41-MGE-S217	0	0	0	0	0	0	0	0	0
NR_043868.1	GIN-41-MGE-S217	0	0	0	0	0	0	0	0	0
NR_043867.1	GIN-41-MGE-S217	0	0	0	0	0	0	0	0	0
NR_043866.1	GIN-41-MGE-S217	0	0	0	0	0	0	0	0	0
NR_043865.1	GIN-41-MGE-S217	0	0	0	0	0	0	0	0	0
NR_043863.1	GIN-41-MGE-S217	0	0	0	0	0	0	0	0	0
NR_043862.1	GIN-41-MGE-S217	0	0	0	0	0	0	0	0	0
NR_043858.1	GIN-41-MGE-S217	0	0	0	0	0	0	0	0	0
NR_043849.1	GIN-41-MGE-S217	0	0	0	0	0	0	0	0	0
NR_043812.1	GIN-41-MGE-S217	0	0	0	0	0	0	0	0	0
NR_043810.1	GIN-41-MGE-S217	0	0	0	0	0	0	0	0	0
NR_043809.1	GIN-41-MGE-S217	0	0	0	0	0	0	0	0	0
NR_043804.1	GIN-41-MGE-S217	0	0	0	0	0	0	0	0	0
NR_043800.1	GIN-41-MGE-S217	0	0	0	0	0	0	0	0	0
NR_043797.1	GIN-41-MGE-S217	0	0	0	0	0	0	0	0	0
NR_043796.1	GIN-41-MGE-S217	0	0	0	0	0	0	0	0	0
NR_043792.1	GIN-41-MGE-S217	0	0	0	0	0	0	0	0	0
NR_043791.1	GIN-41-MGE-S217	0	0	0	0	0	0	0	0	0
NR_043789.1	GIN-41-MGE-S217	0	0	0	0	0	0	0	0	0
NR_043787.1	GIN-41-MGE-S217	0	0	0	0	0	0	0	0	0
NR_043785.1	GIN-41-MGE-S217	0	0	0	0	0	0	0	0	0
NR_043781.1	GIN-41-MGE-S217	0	0	0	0	0	0	0	0	0
NR_043779.1	GIN-41-MGE-S217	0	0	0	0	0	0	0	0	0
NR_043778.1	GIN-41-MGE-S217	0	0	0	0	0	0	0	0	0
NR_043777.1	GIN-41-MGE-S217	0	0	0	0	0	0	0	0	0
NR_043773.1	GIN-41-MGE-S217	0	0	0	0	0	0	0	0	0
NR_043772.1	GIN-41-MGE-S217	0	0	0	0	0	0	0	0	0
NR_043771.1	GIN-41-MGE-S217	0	0	0	0	0	0	0	0	0
NR_043770.1	GIN-41-MGE-S217	0	0	0	0	0	0	0	0	0
NR_043769.1	GIN-41-MGE-S217	0	0	0	0	0	0	0	0	0
NR_043768.1	GIN-41-MGE-S217	0	0	0	0	0	0	0	0	0
NR_043767.1	GIN-41-MGE-S217	0	0	0	0	0	0	0	0	0
NR_043766.1	GIN-41-MGE-S217	0	0	0	0	0	0	0	0	0
NR_043765.1	GIN-41-MGE-S217	0	0	0	0	0	0	0	0	0
NR_043759.1	GIN-41-MGE-S217	0	0	0	0	0	0	0	0	0
NR_043753.1	GIN-41-MGE-S217	0	0	0	0	0	0	0	0	0
NR_043750.1	GIN-41-MGE-S217	0	0	0	0	0	0	0	0	0
NR_043749.1	GIN-41-MGE-S217	0	0	0	0	0	0	0	0	0
NR_043746.1	GIN-41-MGE-S217	0	0	0	0	0	0	0	0	0
NR_043745.1	GIN-41-MGE-S217	0	0	0	0	0	0	0	0	0
NR_043743.1	GIN-41-MGE-S217	0	0	0	0	0	0	0	0	0
NR_043741.1	GIN-41-MGE-S217	0	0	0	0	0	0	0	0	0
NR_043740.1	GIN-41-MGE-S217	0	0	0	0	0	0	0	0	0
NR_043733.1	GIN-41-MGE-S217	0	0	0	0	0	0	0	0	0
NR_043731.1	GIN-41-MGE-S217	0	0	0	0	0	0	0	0	0
NR_043730.1	GIN-41-MGE-S217	0	0	0	0	0	0	0	0	0
NR_043729.1	GIN-41-MGE-S217	0	0	0	0	0	0	0	0	0
NR_043728.1	GIN-41-MGE-S217	0	0	0	0	0	0	0	0	0
NR_043726.1	GIN-41-MGE-S217	0	0	0	0	0	0	0	0	0
NR_043720.1	GIN-41-MGE-S217	0	0	0	0	0	0	0	0	0
NR_043719.1	GIN-41-MGE-S217	0	0	0	0	0	0	0	0	0
NR_043718.1	GIN-41-MGE-S217	0	0	0	0	0	0	0	0	0
NR_043717.1	GIN-41-MGE-S217	0	0	0	0	0	0	0	0	0
NR_043714.1	GIN-41-MGE-S217	0	0	0	0	0	0	0	0	0
NR_043707.1	GIN-41-MGE-S217	0	0	0	0	0	0	0	0	0
NR_043705.1	GIN-41-MGE-S217	0	0	0	0	0	0	0	0	0
NR_043704.1	GIN-41-MGE-S217	0	0	0	0	0	0	0	0	0
NR_043702.1	GIN-41-MGE-S217	0	0	0	0	0	0	0	0	0
NR_043698.1	GIN-41-MGE-S217	0	0	0	0	0	0	0	0	0
NR_043686.1	GIN-41-MGE-S217	0	0	0	0	0	0	0	0	0
NR_043677.1	GIN-41-MGE-S217	0	0	0	0	0	0	0	0	0
NR_043675.1	GIN-41-MGE-S217	0	0	0	0	0	0	0	0	0
NR_043673.1	GIN-41-MGE-S217	0	0	0	0	0	0	0	0	0
NR_043672.1	GIN-41-MGE-S217	0	0	0	0	0	0	0	0	0
NR_043668.1	GIN-41-MGE-S217	0	0	0	0	0	0	0	0	0
NR_043665.1	GIN-41-MGE-S217	0	0	0	0	0	0	0	0	0
NR_043664.1	GIN-41-MGE-S217	0	0	0	0	0	0	0	0	0
NR_043659.1	GIN-41-MGE-S217	0	0	0	0	0	0	0	0	0
NR_043655.1	GIN-41-MGE-S217	0	0	0	0	0	0	0	0	0
NR_043654.1	GIN-41-MGE-S217	0	0	0	0	0	0	0	0	0
NR_043651.1	GIN-41-MGE-S217	0	0	0	0	0	0	0	0	0
NR_043641.1	GIN-41-MGE-S217	0	0	0	0	0	0	0	0	0
NR_043640.1	GIN-41-MGE-S217	0	0	0	0	0	0	0	0	0
NR_043633.1	GIN-41-MGE-S217	0	0	0	0	0	0	0	0	0
NR_043631.1	GIN-41-MGE-S217	0	0	0	0	0	0	0	0	0
NR_043628.1	GIN-41-MGE-S217	0	0	0	0	0	0	0	0	0
NR_043627.1	GIN-41-MGE-S217	0	0	0	0	0	0	0	0	0
NR_043624.1	GIN-41-MGE-S217	0	0	0	0	0	0	0	0	0
NR_043622.1	GIN-41-MGE-S217	0	0	0	0	0	0	0	0	0
NR_043618.1	GIN-41-MGE-S217	0	0	0	0	0	0	0	0	0
NR_043616.1	GIN-41-MGE-S217	0	0	0	0	0	0	0	0	0
NR_043615.1	GIN-41-MGE-S217	0	0	0	0	0	0	0	0	0
NR_043614.1	GIN-41-MGE-S217	0	0	0	0	0	0	0	0	0
NR_043613.1	GIN-41-MGE-S217	0	0	0	0	0	0	0	0	0
NR_043612.1	GIN-41-MGE-S217	0	0	0	0	0	0	0	0	0
NR_043596.1	GIN-41-MGE-S217	0	0	0	0	0	0	0	0	0
NR_043594.1	GIN-41-MGE-S217	0	0	0	0	0	0	0	0	0
NR_043593.1	GIN-41-MGE-S217	0	0	0	0	0	0	0	0	0
NR_043592.1	GIN-41-MGE-S217	0	0	0	0	0	0	0	0	0
NR_043587.1	GIN-41-MGE-S217	0	0	0	0	0	0	0	0	0
NR_043578.1	GIN-41-MGE-S217	0	0	0	0	0	0	0	0	0
NR_043576.1	GIN-41-MGE-S217	0	0	0	0	0	0	0	0	0
NR_043575.1	GIN-41-MGE-S217	0	0	0	0	0	0	0	0	0
NR_043574.1	GIN-41-MGE-S217	0	0	0	0	0	0	0	0	0
NR_043566.1	GIN-41-MGE-S217	0	0	0	0	0	0	0	0	0
NR_043556.1	GIN-41-MGE-S217	0	0	0	0	0	0	0	0	0
NR_043555.1	GIN-41-MGE-S217	0	0	0	0	0	0	0	0	0
NR_043554.1	GIN-41-MGE-S217	0	0	0	0	0	0	0	0	0
NR_043552.1	GIN-41-MGE-S217	0	0	0	0	0	0	0	0	0
NR_043551.1	GIN-41-MGE-S217	0	0	0	0	0	0	0	0	0
NR_043546.1	GIN-41-MGE-S217	0	0	0	0	0	0	0	0	0
NR_043545.1	GIN-41-MGE-S217	0	0	0	0	0	0	0	0	0
NR_043544.1	GIN-41-MGE-S217	0	0	0	0	0	0	0	0	0
NR_043542.1	GIN-41-MGE-S217	0	0	0	0	0	0	0	0	0
NR_043537.1	GIN-41-MGE-S217	0	0	0	0	0	0	0	0	0
NR_043536.1	GIN-41-MGE-S217	0	0	0	0	0	0	0	0	0
NR_043532.1	GIN-41-MGE-S217	0	0	0	0	0	0	0	0	0
NR_043529.1	GIN-41-MGE-S217	0	0	0	0	0	0	0	0	0
NR_043528.1	GIN-41-MGE-S217	0	0	0	0	0	0	0	0	0
NR_043527.1	GIN-41-MGE-S217	0	0	0	0	0	0	0	0	0
NR_043526.1	GIN-41-MGE-S217	0	0	0	0	0	0	0	0	0
NR_043523.1	GIN-41-MGE-S217	0	0	0	0	0	0	0	0	0
NR_043511.1	GIN-41-MGE-S217	0	0	0	0	0	0	0	0	0
NR_043483.1	GIN-41-MGE-S217	0	0	0	0	0	0	0	0	0
NR_043481.1	GIN-41-MGE-S217	0	0	0	0	0	0	0	0	0
NR_043480.1	GIN-41-MGE-S217	0	0	0	0	0	0	0	0	0
NR_043475.1	GIN-41-MGE-S217	0	0	0	0	0	0	0	0	0
NR_043470.1	GIN-41-MGE-S217	0	0	0	0	0	0	0	0	0
NR_043467.1	GIN-41-MGE-S217	0	0	0	0	0	0	0	0	0
NR_043466.1	GIN-41-MGE-S217	0	0	0	0	0	0	0	0	0
NR_043463.1	GIN-41-MGE-S217	0	0	0	0	0	0	0	0	0
NR_043462.1	GIN-41-MGE-S217	0	0	0	0	0	0	0	0	0
NR_043456.1	GIN-41-MGE-S217	0	0	0	0	0	0	0	0	0
NR_043455.1	GIN-41-MGE-S217	0	0	0	0	0	0	0	0	0
NR_043453.1	GIN-41-MGE-S217	0	0	0	0	0	0	0	0	0
NR_043452.1	GIN-41-MGE-S217	0	0	0	0	0	0	0	0	0
NR_043436.1	GIN-41-MGE-S217	0	0	0	0	0	0	0	0	0
NR_043426.1	GIN-41-MGE-S217	0	0	0	0	0	0	0	0	0
NR_043421.1	GIN-41-MGE-S217	0	0	0	0	0	0	0	0	0
NR_043411.1	GIN-41-MGE-S217	0	0	0	0	0	0	0	0	0
NR_043380.1	GIN-41-MGE-S217	0	0	0	0	0	0	0	0	0
NR_043378.1	GIN-41-MGE-S217	0	0	0	0	0	0	0	0	0
NR_043375.1	GIN-41-MGE-S217	0	0	0	0	0	0	0	0	0
NR_043373.1	GIN-41-MGE-S217	0	0	0	0	0	0	0	0	0
NR_043372.1	GIN-41-MGE-S217	0	0	0	0	0	0	0	0	0
NR_043371.1	GIN-41-MGE-S217	0	0	0	0	0	0	0	0	0
NR_043369.1	GIN-41-MGE-S217	0	0	0	0	0	0	0	0	0
NR_043368.1	GIN-41-MGE-S217	0	0	0	0	0	0	0	0	0
NR_043367.1	GIN-41-MGE-S217	0	0	0	0	0	0	0	0	0
NR_043366.1	GIN-41-MGE-S217	0	0	0	0	0	0	0	0	0
NR_043365.1	GIN-41-MGE-S217	0	0	0	0	0	0	0	0	0
NR_043364.1	GIN-41-MGE-S217	0	0	0	0	0	0	0	0	0
NR_043360.1	GIN-41-MGE-S217	0	0	0	0	0	0	0	0	0
NR_043359.1	GIN-41-MGE-S217	0	0	0	0	0	0	0	0	0
NR_043358.1	GIN-41-MGE-S217	0	0	0	0	0	0	0	0	0
NR_043357.1	GIN-41-MGE-S217	0	0	0	0	0	0	0	0	0
NR_043356.1	GIN-41-MGE-S217	0	0	0	0	0	0	0	0	0
NR_043355.1	GIN-41-MGE-S217	0	0	0	0	0	0	0	0	0
NR_043354.1	GIN-41-MGE-S217	0	0	0	0	0	0	0	0	0
NR_043353.1	GIN-41-MGE-S217	0	0	0	0	0	0	0	0	0
NR_043352.1	GIN-41-MGE-S217	0	0	0	0	0	0	0	0	0
NR_043351.1	GIN-41-MGE-S217	0	0	0	0	0	0	0	0	0
NR_043350.1	GIN-41-MGE-S217	0	0	0	0	0	0	0	0	0
NR_043349.1	GIN-41-MGE-S217	0	0	0	0	0	0	0	0	0
NR_043348.1	GIN-41-MGE-S217	0	0	0	0	0	0	0	0	0
NR_043347.1	GIN-41-MGE-S217	0	0	0	0	0	0	0	0	0
NR_043346.1	GIN-41-MGE-S217	0	0	0	0	0	0	0	0	0
NR_043345.1	GIN-41-MGE-S217	0	0	0	0	0	0	0	0	0
NR_043344.1	GIN-41-MGE-S217	0	0	0	0	0	0	0	0	0
NR_043343.1	GIN-41-MGE-S217	0	0	0	0	0	0	0	0	0
NR_043342.1	GIN-41-MGE-S217	0	0	0	0	0	0	0	0	0
NR_043341.1	GIN-41-MGE-S217	0	0	0	0	0	0	0	0	0
NR_043340.1	GIN-41-MGE-S217	0	0	0	0	0	0	0	0	0
NR_043339.1	GIN-41-MGE-S217	0	0	0	0	0	0	0	0	0
NR_043338.1	GIN-41-MGE-S217	0	0	0	0	0	0	0	0	0
NR_043337.1	GIN-41-MGE-S217	0	0	0	0	0	0	0	0	0
NR_043336.1	GIN-41-MGE-S217	0	0	0	0	0	0	0	0	0
NR_043323.1	GIN-41-MGE-S217	0	0	0	0	0	0	0	0	0
NR_043322.1	GIN-41-MGE-S217	0	0	0	0	0	0	0	0	0
NR_043321.1	GIN-41-MGE-S217	0	0	0	0	0	0	0	0	0
NR_043316.1	GIN-41-MGE-S217	0	0	0	0	0	0	0	0	0
NR_043315.1	GIN-41-MGE-S217	0	0	0	0	0	0	0	0	0
NR_043311.1	GIN-41-MGE-S217	0	0	0	0	0	0	0	0	0
NR_043310.1	GIN-41-MGE-S217	0	0	0	0	0	0	0	0	0
NR_043309.1	GIN-41-MGE-S217	0	0	0	0	0	0	0	0	0
NR_043308.1	GIN-41-MGE-S217	0	0	0	0	0	0	0	0	0
NR_043305.1	GIN-41-MGE-S217	0	0	0	0	0	0	0	0	0
NR_043304.1	GIN-41-MGE-S217	0	0	0	0	0	0	0	0	0
NR_043302.1	GIN-41-MGE-S217	0	0	0	0	0	0	0	0	0
NR_043301.1	GIN-41-MGE-S217	0	0	0	0	0	0	0	0	0
NR_043294.1	GIN-41-MGE-S217	0	0	0	0	0	0	0	0	0
NR_043293.1	GIN-41-MGE-S217	0	0	0	0	0	0	0	0	0
NR_043292.1	GIN-41-MGE-S217	0	0	0	0	0	0	0	0	0
NR_043290.1	GIN-41-MGE-S217	0	0	0	0	0	0	0	0	0
NR_043289.1	GIN-41-MGE-S217	0	0	0	0	0	0	0	0	0
NR_043286.1	GIN-41-MGE-S217	0	0	0	0	0	0	0	0	0
NR_043285.1	GIN-41-MGE-S217	0	0	0	0	0	0	0	0	0
NR_043280.1	GIN-41-MGE-S217	0	0	0	0	0	0	0	0	0
NR_043279.1	GIN-41-MGE-S217	0	0	0	0	0	0	0	0	0
NR_043277.1	GIN-41-MGE-S217	0	0	0	0	0	0	0	0	0
NR_043276.1	GIN-41-MGE-S217	0	0	0	0	0	0	0	0	0
NR_043273.1	GIN-41-MGE-S217	0	0	0	0	0	0	0	0	0
NR_043270.1	GIN-41-MGE-S217	0	0	0	0	0	0	0	0	0
NR_043266.1	GIN-41-MGE-S217	0	0	0	0	0	0	0	0	0
NR_043265.1	GIN-41-MGE-S217	0	0	0	0	0	0	0	0	0
NR_043264.1	GIN-41-MGE-S217	0	0	0	0	0	0	0	0	0
NR_043259.1	GIN-41-MGE-S217	0	0	0	0	0	0	0	0	0
NR_043256.1	GIN-41-MGE-S217	0	0	0	0	0	0	0	0	0
NR_043252.1	GIN-41-MGE-S217	0	0	0	0	0	0	0	0	0
NR_043251.1	GIN-41-MGE-S217	0	0	0	0	0	0	0	0	0
NR_043247.1	GIN-41-MGE-S217	0	0	0	0	0	0	0	0	0
NR_043246.1	GIN-41-MGE-S217	0	0	0	0	0	0	0	0	0
NR_043245.1	GIN-41-MGE-S217	0	0	0	0	0	0	0	0	0
NR_043244.1	GIN-41-MGE-S217	0	0	0	0	0	0	0	0	0
NR_043233.1	GIN-41-MGE-S217	0	0	0	0	0	0	0	0	0
NR_043232.1	GIN-41-MGE-S217	0	0	0	0	0	0	0	0	0
NR_043225.1	GIN-41-MGE-S217	0	0	0	0	0	0	0	0	0
NR_043217.1	GIN-41-MGE-S217	0	0	0	0	0	0	0	0	0
NR_043215.1	GIN-41-MGE-S217	0	0	0	0	0	0	0	0	0
NR_043214.1	GIN-41-MGE-S217	0	0	0	0	0	0	0	0	0
NR_043207.1	GIN-41-MGE-S217	0	0	0	0	0	0	0	0	0
NR_043206.1	GIN-41-MGE-S217	0	0	0	0	0	0	0	0	0
NR_043205.1	GIN-41-MGE-S217	0	0	0	0	0	0	0	0	0
NR_043204.1	GIN-41-MGE-S217	0	0	0	0	0	0	0	0	0
NR_043202.1	GIN-41-MGE-S217	0	0	0	0	0	0	0	0	0
NR_043199.1	GIN-41-MGE-S217	0	0	0	0	0	0	0	0	0
NR_043198.1	GIN-41-MGE-S217	0	0	0	0	0	0	0	0	0
NR_043193.1	GIN-41-MGE-S217	0	0	0	0	0	0	0	0	0
NR_043188.1	GIN-41-MGE-S217	0	0	0	0	0	0	0	0	0
NR_043187.1	GIN-41-MGE-S217	0	0	0	0	0	0	0	0	0
NR_043185.1	GIN-41-MGE-S217	0	0	0	0	0	0	0	0	0
NR_043181.1	GIN-41-MGE-S217	0	0	0	0	0	0	0	0	0
NR_043180.1	GIN-41-MGE-S217	0	0	0	0	0	0	0	0	0
NR_043176.1	GIN-41-MGE-S217	0	0	0	0	0	0	0	0	0
NR_043174.1	GIN-41-MGE-S217	0	0	0	0	0	0	0	0	0
NR_043170.1	GIN-41-MGE-S217	0	0	0	0	0	0	0	0	0
NR_043166.1	GIN-41-MGE-S217	0	0	0	0	0	0	0	0	0
NR_043162.1	GIN-41-MGE-S217	0	0	0	0	0	0	0	0	0
NR_043161.1	GIN-41-MGE-S217	0	0	0	0	0	0	0	0	0
NR_043160.1	GIN-41-MGE-S217	0	0	0	0	0	0	0	0	0
NR_043159.1	GIN-41-MGE-S217	0	0	0	0	0	0	0	0	0
NR_043158.1	GIN-41-MGE-S217	0	0	0	0	0	0	0	0	0
NR_043157.1	GIN-41-MGE-S217	0	0	0	0	0	0	0	0	0
NR_043156.1	GIN-41-MGE-S217	0	0	0	0	0	0	0	0	0
NR_043155.1	GIN-41-MGE-S217	0	0	0	0	0	0	0	0	0
NR_043154.1	GIN-41-MGE-S217	0	0	0	0	0	0	0	0	0
NR_043150.1	GIN-41-MGE-S217	0	0	0	0	0	0	0	0	0
NR_043149.1	GIN-41-MGE-S217	0	0	0	0	0	0	0	0	0
NR_043141.1	GIN-41-MGE-S217	0	0	0	0	0	0	0	0	0
NR_043140.1	GIN-41-MGE-S217	0	0	0	0	0	0	0	0	0
NR_043133.1	GIN-41-MGE-S217	0	0	0	0	0	0	0	0	0
NR_043132.1	GIN-41-MGE-S217	0	0	0	0	0	0	0	0	0
NR_043131.1	GIN-41-MGE-S217	0	0	0	0	0	0	0	0	0
NR_043128.1	GIN-41-MGE-S217	0	0	0	0	0	0	0	0	0
NR_043127.1	GIN-41-MGE-S217	0	0	0	0	0	0	0	0	0
NR_043126.1	GIN-41-MGE-S217	0	0	0	0	0	0	0	0	0
NR_043125.1	GIN-41-MGE-S217	0	0	0	0	0	0	0	0	0
NR_043124.1	GIN-41-MGE-S217	0	0	0	0	0	0	0	0	0
NR_043123.1	GIN-41-MGE-S217	0	0	0	0	0	0	0	0	0
NR_043122.1	GIN-41-MGE-S217	0	0	0	0	0	0	0	0	0
NR_043121.1	GIN-41-MGE-S217	0	0	0	0	0	0	0	0	0
NR_043120.1	GIN-41-MGE-S217	0	0	0	0	0	0	0	0	0
NR_043118.1	GIN-41-MGE-S217	0	0	0	0	0	0	0	0	0
NR_043117.1	GIN-41-MGE-S217	0	0	0	0	0	0	0	0	0
NR_043116.1	GIN-41-MGE-S217	0	0	0	0	0	0	0	0	0
NR_043115.1	GIN-41-MGE-S217	0	0	0	0	0	0	0	0	0
NR_043110.1	GIN-41-MGE-S217	0	0	0	0	0	0	0	0	0
NR_043106.1	GIN-41-MGE-S217	0	0	0	0	0	0	0	0	0
NR_043103.1	GIN-41-MGE-S217	0	0	0	0	0	0	0	0	0
NR_043102.1	GIN-41-MGE-S217	0	0	0	0	0	0	0	0	0
NR_043101.1	GIN-41-MGE-S217	0	0	0	0	0	0	0	0	0
NR_043099.1	GIN-41-MGE-S217	0	0	0	0	0	0	0	0	0
NR_043098.1	GIN-41-MGE-S217	0	0	0	0	0	0	0	0	0
NR_043094.1	GIN-41-MGE-S217	0	0	0	0	0	0	0	0	0
NR_043087.1	GIN-41-MGE-S217	0	0	0	0	0	0	0	0	0
NR_043080.1	GIN-41-MGE-S217	0	0	0	0	0	0	0	0	0
NR_043079.1	GIN-41-MGE-S217	0	0	0	0	0	0	0	0	0
NR_043075.1	GIN-41-MGE-S217	0	0	0	0	0	0	0	0	0
NR_043068.1	GIN-41-MGE-S217	0	0	0	0	0	0	0	0	0
NR_043061.1	GIN-41-MGE-S217	0	0	0	0	0	0	0	0	0
NR_043060.1	GIN-41-MGE-S217	0	0	0	0	0	0	0	0	0
NR_043059.1	GIN-41-MGE-S217	0	0	0	0	0	0	0	0	0
NR_043055.1	GIN-41-MGE-S217	0	0	0	0	0	0	0	0	0
NR_043054.1	GIN-41-MGE-S217	0	0	0	0	0	0	0	0	0
NR_043049.1	GIN-41-MGE-S217	0	0	0	0	0	0	0	0	0
NR_043043.1	GIN-41-MGE-S217	0	0	0	0	0	0	0	0	0
NR_043041.1	GIN-41-MGE-S217	0	0	0	0	0	0	0	0	0
NR_043037.1	GIN-41-MGE-S217	0	0	0	0	0	0	0	0	0
NR_043036.1	GIN-41-MGE-S217	0	0	0	0	0	0	0	0	0
NR_043033.1	GIN-41-MGE-S217	0	0	0	0	0	0	0	0	0
NR_043031.1	GIN-41-MGE-S217	0	0	0	0	0	0	0	0	0
NR_043030.1	GIN-41-MGE-S217	0	0	0	0	0	0	0	0	0
NR_043028.1	GIN-41-MGE-S217	0	0	0	0	0	0	0	0	0
NR_043027.1	GIN-41-MGE-S217	0	0	0	0	0	0	0	0	0
NR_043026.1	GIN-41-MGE-S217	0	0	0	0	0	0	0	0	0
NR_043025.1	GIN-41-MGE-S217	0	0	0	0	0	0	0	0	0
NR_043023.1	GIN-41-MGE-S217	0	0	0	0	0	0	0	0	0
NR_043019.1	GIN-41-MGE-S217	0	0	0	0	0	0	0	0	0
NR_043018.1	GIN-41-MGE-S217	0	0	0	0	0	0	0	0	0
NR_043009.1	GIN-41-MGE-S217	0	0	0	0	0	0	0	0	0
NR_043008.1	GIN-41-MGE-S217	0	0	0	0	0	0	0	0	0
NR_043006.1	GIN-41-MGE-S217	0	0	0	0	0	0	0	0	0
NR_043005.1	GIN-41-MGE-S217	0	0	0	0	0	0	0	0	0
NR_043004.1	GIN-41-MGE-S217	0	0	0	0	0	0	0	0	0
NR_042995.1	GIN-41-MGE-S217	0	0	0	0	0	0	0	0	0
NR_042994.1	GIN-41-MGE-S217	0	0	0	0	0	0	0	0	0
NR_042991.1	GIN-41-MGE-S217	0	0	0	0	0	0	0	0	0
NR_042990.1	GIN-41-MGE-S217	0	0	0	0	0	0	0	0	0
NR_042987.1	GIN-41-MGE-S217	0	0	0	0	0	0	0	0	0
NR_042984.1	GIN-41-MGE-S217	0	0	0	0	0	0	0	0	0
NR_042983.1	GIN-41-MGE-S217	0	0	0	0	0	0	0	0	0
NR_042981.1	GIN-41-MGE-S217	0	0	0	0	0	0	0	0	0
NR_042980.1	GIN-41-MGE-S217	0	0	0	0	0	0	0	0	0
NR_042979.1	GIN-41-MGE-S217	0	0	0	0	0	0	0	0	0
NR_042975.1	GIN-41-MGE-S217	0	0	0	0	0	0	0	0	0
NR_042973.1	GIN-41-MGE-S217	0	0	0	0	0	0	0	0	0
NR_042972.1	GIN-41-MGE-S217	0	0	0	0	0	0	0	0	0
NR_042969.1	GIN-41-MGE-S217	0	0	0	0	0	0	0	0	0
NR_042968.1	GIN-41-MGE-S217	0	0	0	0	0	0	0	0	0
NR_042965.1	GIN-41-MGE-S217	0	0	0	0	0	0	0	0	0
NR_042964.1	GIN-41-MGE-S217	0	0	0	0	0	0	0	0	0
NR_042963.1	GIN-41-MGE-S217	0	0	0	0	0	0	0	0	0
NR_042950.1	GIN-41-MGE-S217	0	0	0	0	0	0	0	0	0
NR_042949.1	GIN-41-MGE-S217	0	0	0	0	0	0	0	0	0
NR_042931.1	GIN-41-MGE-S217	0	0	0	0	0	0	0	0	0
NR_042930.1	GIN-41-MGE-S217	0	0	0	0	0	0	0	0	0
NR_042909.1	GIN-41-MGE-S217	0	0	0	0	0	0	0	0	0
NR_042908.1	GIN-41-MGE-S217	0	0	0	0	0	0	0	0	0
NR_042907.1	GIN-41-MGE-S217	0	0	0	0	0	0	0	0	0
NR_042896.1	GIN-41-MGE-S217	0	0	0	0	0	0	0	0	0
NR_042892.1	GIN-41-MGE-S217	0	0	0	0	0	0	0	0	0
NR_042891.1	GIN-41-MGE-S217	0	0	0	0	0	0	0	0	0
NR_042869.1	GIN-41-MGE-S217	0	0	0	0	0	0	0	0	0
NR_042867.1	GIN-41-MGE-S217	0	0	0	0	0	0	0	0	0
NR_042859.1	GIN-41-MGE-S217	0	0	0	0	0	0	0	0	0
NR_042855.1	GIN-41-MGE-S217	0	0	0	0	0	0	0	0	0
NR_042853.1	GIN-41-MGE-S217	0	0	0	0	0	0	0	0	0
NR_042839.1	GIN-41-MGE-S217	0	0	0	0	0	0	0	0	0
NR_042837.1	GIN-41-MGE-S217	0	0	0	0	0	0	0	0	0
NR_042836.1	GIN-41-MGE-S217	0	0	0	0	0	0	0	0	0
NR_042833.1	GIN-41-MGE-S217	0	0	0	0	0	0	0	0	0
NR_042828.1	GIN-41-MGE-S217	0	0	0	0	0	0	0	0	0
NR_042825.1	GIN-41-MGE-S217	0	0	0	0	0	0	0	0	0
NR_042824.1	GIN-41-MGE-S217	0	0	0	0	0	0	0	0	0
NR_042823.1	GIN-41-MGE-S217	0	0	0	0	0	0	0	0	0
NR_042817.1	GIN-41-MGE-S217	0	0	0	0	0	0	0	0	0
NR_042808.1	GIN-41-MGE-S217	0	0	0	0	0	0	0	0	0
NR_042807.1	GIN-41-MGE-S217	0	0	0	0	0	0	0	0	0
NR_042799.1	GIN-41-MGE-S217	0	0	0	0	0	0	0	0	0
NR_042798.1	GIN-41-MGE-S217	0	0	0	0	0	0	0	0	0
NR_042768.1	GIN-41-MGE-S217	0	0	0	0	0	0	0	0	0
NR_042757.1	GIN-41-MGE-S217	0	0	0	0	0	0	0	0	0
NR_042756.1	GIN-41-MGE-S217	0	0	0	0	0	0	0	0	0
NR_042755.1	GIN-41-MGE-S217	0	0	0	0	0	0	0	0	0
NR_042752.1	GIN-41-MGE-S217	0	0	0	0	0	0	0	0	0
NR_042751.1	GIN-41-MGE-S217	0	0	0	0	0	0	0	0	0
NR_042750.1	GIN-41-MGE-S217	0	0	0	0	0	0	0	0	0
NR_042749.1	GIN-41-MGE-S217	0	0	0	0	0	0	0	0	0
NR_042747.1	GIN-41-MGE-S217	0	0	0	0	0	0	0	0	0
NR_042746.1	GIN-41-MGE-S217	0	0	0	0	0	0	0	0	0
NR_042744.1	GIN-41-MGE-S217	0	0	0	0	0	0	0	0	0
NR_042743.1	GIN-41-MGE-S217	0	0	0	0	0	0	0	0	0
NR_042723.1	GIN-41-MGE-S217	0	0	0	0	0	0	0	0	0
NR_042722.1	GIN-41-MGE-S217	0	0	0	0	0	0	0	0	0
NR_042718.1	GIN-41-MGE-S217	0	0	0	0	0	0	0	0	0
NR_042717.1	GIN-41-MGE-S217	0	0	0	0	0	0	0	0	0
NR_042697.1	GIN-41-MGE-S217	0	0	0	0	0	0	0	0	0
NR_042679.1	GIN-41-MGE-S217	0	0	0	0	0	0	0	0	0
NR_042674.1	GIN-41-MGE-S217	0	0	0	0	0	0	0	0	0
NR_042636.1	GIN-41-MGE-S217	0	0	0	0	0	0	0	0	0
NR_042634.1	GIN-41-MGE-S217	0	0	0	0	0	0	0	0	0
NR_042633.1	GIN-41-MGE-S217	0	0	0	0	0	0	0	0	0
NR_042632.1	GIN-41-MGE-S217	0	0	0	0	0	0	0	0	0
NR_042631.1	GIN-41-MGE-S217	0	0	0	0	0	0	0	0	0
NR_042628.1	GIN-41-MGE-S217	0	0	0	0	0	0	0	0	0
NR_042620.1	GIN-41-MGE-S217	0	0	0	0	0	0	0	0	0
NR_042615.1	GIN-41-MGE-S217	0	0	0	0	0	0	0	0	0
NR_042604.1	GIN-41-MGE-S217	0	0	0	0	0	0	0	0	0
NR_042598.1	GIN-41-MGE-S217	0	0	0	0	0	0	0	0	0
NR_042597.1	GIN-41-MGE-S217	0	0	0	0	0	0	0	0	0
NR_042573.1	GIN-41-MGE-S217	0	0	0	0	0	0	0	0	0
NR_042562.1	GIN-41-MGE-S217	0	0	0	0	0	0	0	0	0
NR_042561.1	GIN-41-MGE-S217	0	0	0	0	0	0	0	0	0
NR_042549.1	GIN-41-MGE-S217	0	0	0	0	0	0	0	0	0
NR_042530.1	GIN-41-MGE-S217	0	0	0	0	0	0	0	0	0
NR_042515.1	GIN-41-MGE-S217	0	0	0	0	0	0	0	0	0
NR_042489.1	GIN-41-MGE-S217	0	0	0	0	0	0	0	0	0
NR_042472.1	GIN-41-MGE-S217	0	0	0	0	0	0	0	0	0
NR_042448.1	GIN-41-MGE-S217	0	0	0	0	0	0	0	0	0
NR_042446.1	GIN-41-MGE-S217	0	0	0	0	0	0	0	0	0
NR_042424.1	GIN-41-MGE-S217	0	0	0	0	0	0	0	0	0
NR_042420.1	GIN-41-MGE-S217	0	0	0	0	0	0	0	0	0
NR_042405.1	GIN-41-MGE-S217	0	0	0	0	0	0	0	0	0
NR_042397.1	GIN-41-MGE-S217	0	0	0	0	0	0	0	0	0
NR_042392.1	GIN-41-MGE-S217	0	0	0	0	0	0	0	0	0
NR_042387.1	GIN-41-MGE-S217	0	0	0	0	0	0	0	0	0
NR_042384.1	GIN-41-MGE-S217	0	0	0	0	0	0	0	0	0
NR_042382.1	GIN-41-MGE-S217	0	0	0	0	0	0	0	0	0
NR_042324.1	GIN-41-MGE-S217	0	0	0	0	0	0	0	0	0
NR_042323.1	GIN-41-MGE-S217	0	0	0	0	0	0	0	0	0
NR_042321.1	GIN-41-MGE-S217	0	0	0	0	0	0	0	0	0
NR_042319.1	GIN-41-MGE-S217	0	0	0	0	0	0	0	0	0
NR_042277.1	GIN-41-MGE-S217	0	0	0	0	0	0	0	0	0
NR_042275.1	GIN-41-MGE-S217	0	0	0	0	0	0	0	0	0
NR_042255.1	GIN-41-MGE-S217	0	0	0	0	0	0	0	0	0
NR_042210.1	GIN-41-MGE-S217	0	0	0	0	0	0	0	0	0
NR_042209.1	GIN-41-MGE-S217	0	0	0	0	0	0	0	0	0
NR_042208.1	GIN-41-MGE-S217	0	0	0	0	0	0	0	0	0
NR_042175.1	GIN-41-MGE-S217	0	0	0	0	0	0	0	0	0
NR_042170.1	GIN-41-MGE-S217	0	0	0	0	0	0	0	0	0
NR_042157.1	GIN-41-MGE-S217	0	0	0	0	0	0	0	0	0
NR_042150.1	GIN-41-MGE-S217	0	0	0	0	0	0	0	0	0
NR_042144.1	GIN-41-MGE-S217	0	0	0	0	0	0	0	0	0
NR_042141.1	GIN-41-MGE-S217	0	0	0	0	0	0	0	0	0
NR_042140.1	GIN-41-MGE-S217	0	0	0	0	0	0	0	0	0
NR_042130.1	GIN-41-MGE-S217	0	0	0	0	0	0	0	0	0
NR_042129.1	GIN-41-MGE-S217	0	0	0	0	0	0	0	0	0
NR_042128.1	GIN-41-MGE-S217	0	0	0	0	0	0	0	0	0
NR_042090.1	GIN-41-MGE-S217	0	0	0	0	0	0	0	0	0
NR_042077.1	GIN-41-MGE-S217	0	0	0	0	0	0	0	0	0
NR_042071.1	GIN-41-MGE-S217	0	0	0	0	0	0	0	0	0
NR_042070.1	GIN-41-MGE-S217	0	0	0	0	0	0	0	0	0
NR_042061.1	GIN-41-MGE-S217	0	0	0	0	0	0	0	0	0
NR_042050.1	GIN-41-MGE-S217	0	0	0	0	0	0	0	0	0
NR_042022.1	GIN-41-MGE-S217	0	0	0	0	0	0	0	0	0
NR_042010.1	GIN-41-MGE-S217	0	0	0	0	0	0	0	0	0
NR_041995.1	GIN-41-MGE-S217	0	0	0	0	0	0	0	0	0
NR_041989.1	GIN-41-MGE-S217	0	0	0	0	0	0	0	0	0
NR_041982.1	GIN-41-MGE-S217	0	0	0	0	0	0	0	0	0
NR_041981.1	GIN-41-MGE-S217	0	0	0	0	0	0	0	0	0
NR_041963.1	GIN-41-MGE-S217	0	0	0	0	0	0	0	0	0
NR_041962.1	GIN-41-MGE-S217	0	0	0	0	0	0	0	0	0
NR_041958.1	GIN-41-MGE-S217	0	0	0	0	0	0	0	0	0
NR_041955.1	GIN-41-MGE-S217	0	0	0	0	0	0	0	0	0
NR_041947.1	GIN-41-MGE-S217	0	0	0	0	0	0	0	0	0
NR_041946.1	GIN-41-MGE-S217	0	0	0	0	0	0	0	0	0
NR_041925.1	GIN-41-MGE-S217	0	0	0	0	0	0	0	0	0
NR_041919.1	GIN-41-MGE-S217	0	0	0	0	0	0	0	0	0
NR_041915.1	GIN-41-MGE-S217	0	0	0	0	0	0	0	0	0
NR_041878.1	GIN-41-MGE-S217	0	0	0	0	0	0	0	0	0
NR_041846.1	GIN-41-MGE-S217	0	0	0	0	0	0	0	0	0
NR_041839.1	GIN-41-MGE-S217	0	0	0	0	0	0	0	0	0
NR_041824.1	GIN-41-MGE-S217	0	0	0	0	0	0	0	0	0
NR_041820.1	GIN-41-MGE-S217	0	0	0	0	0	0	0	0	0
NR_041819.1	GIN-41-MGE-S217	0	0	0	0	0	0	0	0	0
NR_041785.1	GIN-41-MGE-S217	0	0	0	0	0	0	0	0	0
NR_041772.1	GIN-41-MGE-S217	0	0	0	0	0	0	0	0	0
NR_041771.1	GIN-41-MGE-S217	0	0	0	0	0	0	0	0	0
NR_041768.1	GIN-41-MGE-S217	0	0	0	0	0	0	0	0	0
NR_041762.1	GIN-41-MGE-S217	0	0	0	0	0	0	0	0	0
NR_041752.1	GIN-41-MGE-S217	0	0	0	0	0	0	0	0	0
NR_041747.1	GIN-41-MGE-S217	0	0	0	0	0	0	0	0	0
NR_041745.1	GIN-41-MGE-S217	0	0	0	0	0	0	0	0	0
NR_041731.1	GIN-41-MGE-S217	0	0	0	0	0	0	0	0	0
NR_041718.1	GIN-41-MGE-S217	0	0	0	0	0	0	0	0	0
NR_041714.1	GIN-41-MGE-S217	0	0	0	0	0	0	0	0	0
NR_041709.1	GIN-41-MGE-S217	0	0	0	0	0	0	0	0	0
NR_041700.1	GIN-41-MGE-S217	0	0	0	0	0	0	0	0	0
NR_041697.1	GIN-41-MGE-S217	0	0	0	0	0	0	0	0	0
NR_041694.1	GIN-41-MGE-S217	0	0	0	0	0	0	0	0	0
NR_041693.1	GIN-41-MGE-S217	0	0	0	0	0	0	0	0	0
NR_041692.1	GIN-41-MGE-S217	0	0	0	0	0	0	0	0	0
NR_041687.1	GIN-41-MGE-S217	0	0	0	0	0	0	0	0	0
NR_041681.1	GIN-41-MGE-S217	0	0	0	0	0	0	0	0	0
NR_041674.1	GIN-41-MGE-S217	0	0	0	0	0	0	0	0	0
NR_041673.1	GIN-41-MGE-S217	0	0	0	0	0	0	0	0	0
NR_041672.1	GIN-41-MGE-S217	0	0	0	0	0	0	0	0	0
NR_041671.1	GIN-41-MGE-S217	0	0	0	0	0	0	0	0	0
NR_041670.1	GIN-41-MGE-S217	0	0	0	0	0	0	0	0	0
NR_041664.1	GIN-41-MGE-S217	0	0	0	0	0	0	0	0	0
NR_041663.1	GIN-41-MGE-S217	0	0	0	0	0	0	0	0	0
NR_041642.1	GIN-41-MGE-S217	0	0	0	0	0	0	0	0	0
NR_041639.1	GIN-41-MGE-S217	0	0	0	0	0	0	0	0	0
NR_041636.1	GIN-41-MGE-S217	0	0	0	0	0	0	0	0	0
NR_041632.1	GIN-41-MGE-S217	0	0	0	0	0	0	0	0	0
NR_041630.1	GIN-41-MGE-S217	0	0	0	0	0	0	0	0	0
NR_041625.1	GIN-41-MGE-S217	0	0	0	0	0	0	0	0	0
NR_041624.1	GIN-41-MGE-S217	0	0	0	0	0	0	0	0	0
NR_041623.1	GIN-41-MGE-S217	0	0	0	0	0	0	0	0	0
NR_041622.1	GIN-41-MGE-S217	0	0	0	0	0	0	0	0	0
NR_041621.1	GIN-41-MGE-S217	0	0	0	0	0	0	0	0	0
NR_041619.1	GIN-41-MGE-S217	0	0	0	0	0	0	0	0	0
NR_041618.1	GIN-41-MGE-S217	0	0	0	0	0	0	0	0	0
NR_041615.1	GIN-41-MGE-S217	0	0	0	0	0	0	0	0	0
NR_041614.1	GIN-41-MGE-S217	0	0	0	0	0	0	0	0	0
NR_041609.1	GIN-41-MGE-S217	0	0	0	0	0	0	0	0	0
NR_041608.1	GIN-41-MGE-S217	0	0	0	0	0	0	0	0	0
NR_041607.1	GIN-41-MGE-S217	0	0	0	0	0	0	0	0	0
NR_041606.1	GIN-41-MGE-S217	0	0	0	0	0	0	0	0	0
NR_041605.1	GIN-41-MGE-S217	0	0	0	0	0	0	0	0	0
NR_041604.1	GIN-41-MGE-S217	0	0	0	0	0	0	0	0	0
NR_041603.1	GIN-41-MGE-S217	0	0	0	0	0	0	0	0	0
NR_041589.1	GIN-41-MGE-S217	0	0	0	0	0	0	0	0	0
NR_041583.1	GIN-41-MGE-S217	0	0	0	0	0	0	0	0	0
NR_041582.1	GIN-41-MGE-S217	0	0	0	0	0	0	0	0	0
NR_041581.1	GIN-41-MGE-S217	0	0	0	0	0	0	0	0	0
NR_041576.1	GIN-41-MGE-S217	0	0	0	0	0	0	0	0	0
NR_041575.1	GIN-41-MGE-S217	0	0	0	0	0	0	0	0	0
NR_041573.1	GIN-41-MGE-S217	0	0	0	0	0	0	0	0	0
NR_041572.1	GIN-41-MGE-S217	0	0	0	0	0	0	0	0	0
NR_041570.1	GIN-41-MGE-S217	0	0	0	0	0	0	0	0	0
NR_041563.1	GIN-41-MGE-S217	0	0	0	0	0	0	0	0	0
NR_041562.1	GIN-41-MGE-S217	0	0	0	0	0	0	0	0	0
NR_041561.1	GIN-41-MGE-S217	0	0	0	0	0	0	0	0	0
NR_041560.1	GIN-41-MGE-S217	0	0	0	0	0	0	0	0	0
NR_041559.1	GIN-41-MGE-S217	0	0	0	0	0	0	0	0	0
NR_041558.1	GIN-41-MGE-S217	0	0	0	0	0	0	0	0	0
NR_041557.1	GIN-41-MGE-S217	0	0	0	0	0	0	0	0	0
NR_041556.1	GIN-41-MGE-S217	0	0	0	0	0	0	0	0	0
NR_041555.1	GIN-41-MGE-S217	0	0	0	0	0	0	0	0	0
NR_041552.1	GIN-41-MGE-S217	0	0	0	0	0	0	0	0	0
NR_041550.1	GIN-41-MGE-S217	0	0	0	0	0	0	0	0	0
NR_041548.1	GIN-41-MGE-S217	0	0	0	0	0	0	0	0	0
NR_041546.1	GIN-41-MGE-S217	0	0	0	0	0	0	0	0	0
NR_041545.1	GIN-41-MGE-S217	0	0	0	0	0	0	0	0	0
NR_041544.1	GIN-41-MGE-S217	0	0	0	0	0	0	0	0	0
NR_041539.1	GIN-41-MGE-S217	0	0	0	0	0	0	0	0	0
NR_041538.1	GIN-41-MGE-S217	0	0	0	0	0	0	0	0	0
NR_041536.1	GIN-41-MGE-S217	0	0	0	0	0	0	0	0	0
NR_041534.1	GIN-41-MGE-S217	0	0	0	0	0	0	0	0	0
NR_041532.1	GIN-41-MGE-S217	0	0	0	0	0	0	0	0	0
NR_041531.1	GIN-41-MGE-S217	0	0	0	0	0	0	0	0	0
NR_041530.1	GIN-41-MGE-S217	0	0	0	0	0	0	0	0	0
NR_041528.1	GIN-41-MGE-S217	0	0	0	0	0	0	0	0	0
NR_041526.1	GIN-41-MGE-S217	0	0	0	0	0	0	0	0	0
NR_041525.1	GIN-41-MGE-S217	0	0	0	0	0	0	0	0	0
NR_041519.1	GIN-41-MGE-S217	0	0	0	0	0	0	0	0	0
NR_041518.1	GIN-41-MGE-S217	0	0	0	0	0	0	0	0	0
NR_041516.1	GIN-41-MGE-S217	0	0	0	0	0	0	0	0	0
NR_041514.1	GIN-41-MGE-S217	0	0	0	0	0	0	0	0	0
NR_041512.1	GIN-41-MGE-S217	0	0	0	0	0	0	0	0	0
NR_041510.1	GIN-41-MGE-S217	0	0	0	0	0	0	0	0	0
NR_041505.1	GIN-41-MGE-S217	0	0	0	0	0	0	0	0	0
NR_041504.1	GIN-41-MGE-S217	0	0	0	0	0	0	0	0	0
NR_041503.1	GIN-41-MGE-S217	0	0	0	0	0	0	0	0	0
NR_041502.1	GIN-41-MGE-S217	0	0	0	0	0	0	0	0	0
NR_041501.1	GIN-41-MGE-S217	0	0	0	0	0	0	0	0	0
NR_041500.1	GIN-41-MGE-S217	0	0	0	0	0	0	0	0	0
NR_041499.1	GIN-41-MGE-S217	0	0	0	0	0	0	0	0	0
NR_041497.1	GIN-41-MGE-S217	0	0	0	0	0	0	0	0	0
NR_041493.1	GIN-41-MGE-S217	0	0	0	0	0	0	0	0	0
NR_041486.1	GIN-41-MGE-S217	0	0	0	0	0	0	0	0	0
NR_041485.1	GIN-41-MGE-S217	0	0	0	0	0	0	0	0	0
NR_041483.1	GIN-41-MGE-S217	0	0	0	0	0	0	0	0	0
NR_041482.1	GIN-41-MGE-S217	0	0	0	0	0	0	0	0	0
NR_041479.1	GIN-41-MGE-S217	0	0	0	0	0	0	0	0	0
NR_041477.1	GIN-41-MGE-S217	0	0	0	0	0	0	0	0	0
NR_041476.1	GIN-41-MGE-S217	0	0	0	0	0	0	0	0	0
NR_041475.1	GIN-41-MGE-S217	0	0	0	0	0	0	0	0	0
NR_041473.1	GIN-41-MGE-S217	0	0	0	0	0	0	0	0	0
NR_041472.1	GIN-41-MGE-S217	0	0	0	0	0	0	0	0	0
NR_041471.1	GIN-41-MGE-S217	0	0	0	0	0	0	0	0	0
NR_041470.1	GIN-41-MGE-S217	0	0	0	0	0	0	0	0	0
NR_041469.1	GIN-41-MGE-S217	0	0	0	0	0	0	0	0	0
NR_041460.1	GIN-41-MGE-S217	0	0	0	0	0	0	0	0	0
NR_041459.1	GIN-41-MGE-S217	0	0	0	0	0	0	0	0	0
NR_041453.1	GIN-41-MGE-S217	0	0	0	0	0	0	0	0	0
NR_041452.1	GIN-41-MGE-S217	0	0	0	0	0	0	0	0	0
NR_041451.1	GIN-41-MGE-S217	0	0	0	0	0	0	0	0	0
NR_041450.1	GIN-41-MGE-S217	0	0	0	0	0	0	0	0	0
NR_041449.1	GIN-41-MGE-S217	0	0	0	0	0	0	0	0	0
NR_041444.1	GIN-41-MGE-S217	0	0	0	0	0	0	0	0	0
NR_041443.1	GIN-41-MGE-S217	0	0	0	0	0	0	0	0	0
NR_041442.1	GIN-41-MGE-S217	0	0	0	0	0	0	0	0	0
NR_041440.1	GIN-41-MGE-S217	0	0	0	0	0	0	0	0	0
NR_041439.1	GIN-41-MGE-S217	0	0	0	0	0	0	0	0	0
NR_041407.1	GIN-41-MGE-S217	0	0	0	0	0	0	0	0	0
NR_041406.1	GIN-41-MGE-S217	0	0	0	0	0	0	0	0	0
NR_041405.1	GIN-41-MGE-S217	0	0	0	0	0	0	0	0	0
NR_041404.1	GIN-41-MGE-S217	0	0	0	0	0	0	0	0	0
NR_041401.1	GIN-41-MGE-S217	0	0	0	0	0	0	0	0	0
NR_041400.1	GIN-41-MGE-S217	0	0	0	0	0	0	0	0	0
NR_041398.1	GIN-41-MGE-S217	0	0	0	0	0	0	0	0	0
NR_041392.1	GIN-41-MGE-S217	0	0	0	0	0	0	0	0	0
NR_041388.1	GIN-41-MGE-S217	0	0	0	0	0	0	0	0	0
NR_041387.1	GIN-41-MGE-S217	0	0	0	0	0	0	0	0	0
NR_041385.1	GIN-41-MGE-S217	0	0	0	0	0	0	0	0	0
NR_041384.1	GIN-41-MGE-S217	0	0	0	0	0	0	0	0	0
NR_041383.1	GIN-41-MGE-S217	0	0	0	0	0	0	0	0	0
NR_041382.1	GIN-41-MGE-S217	0	0	0	0	0	0	0	0	0
NR_041380.1	GIN-41-MGE-S217	0	0	0	0	0	0	0	0	0
NR_041376.1	GIN-41-MGE-S217	0	0	0	0	0	0	0	0	0
NR_041375.1	GIN-41-MGE-S217	0	0	0	0	0	0	0	0	0
NR_041374.1	GIN-41-MGE-S217	0	0	0	0	0	0	0	0	0
NR_041373.1	GIN-41-MGE-S217	0	0	0	0	0	0	0	0	0
NR_041372.1	GIN-41-MGE-S217	0	0	0	0	0	0	0	0	0
NR_041371.1	GIN-41-MGE-S217	0	0	0	0	0	0	0	0	0
NR_041369.1	GIN-41-MGE-S217	0	0	0	0	0	0	0	0	0
NR_041366.1	GIN-41-MGE-S217	0	0	0	0	0	0	0	0	0
NR_041365.1	GIN-41-MGE-S217	0	0	0	0	0	0	0	0	0
NR_041362.1	GIN-41-MGE-S217	0	0	0	0	0	0	0	0	0
NR_041361.1	GIN-41-MGE-S217	0	0	0	0	0	0	0	0	0
NR_041360.1	GIN-41-MGE-S217	0	0	0	0	0	0	0	0	0
NR_041359.1	GIN-41-MGE-S217	0	0	0	0	0	0	0	0	0
NR_041358.1	GIN-41-MGE-S217	0	0	0	0	0	0	0	0	0
NR_041357.1	GIN-41-MGE-S217	0	0	0	0	0	0	0	0	0
NR_041356.1	GIN-41-MGE-S217	0	0	0	0	0	0	0	0	0
NR_041355.1	GIN-41-MGE-S217	0	0	0	0	0	0	0	0	0
NR_041354.1	GIN-41-MGE-S217	0	0	0	0	0	0	0	0	0
NR_041352.1	GIN-41-MGE-S217	0	0	0	0	0	0	0	0	0
NR_041348.1	GIN-41-MGE-S217	0	0	0	0	0	0	0	0	0
NR_041347.1	GIN-41-MGE-S217	0	0	0	0	0	0	0	0	0
NR_041337.1	GIN-41-MGE-S217	0	0	0	0	0	0	0	0	0
NR_041335.1	GIN-41-MGE-S217	0	0	0	0	0	0	0	0	0
NR_041334.1	GIN-41-MGE-S217	0	0	0	0	0	0	0	0	0
NR_041332.1	GIN-41-MGE-S217	0	0	0	0	0	0	0	0	0
NR_041331.1	GIN-41-MGE-S217	0	0	0	0	0	0	0	0	0
NR_041330.1	GIN-41-MGE-S217	0	0	0	0	0	0	0	0	0
NR_041322.1	GIN-41-MGE-S217	0	0	0	0	0	0	0	0	0
NR_041321.1	GIN-41-MGE-S217	0	0	0	0	0	0	0	0	0
NR_041319.1	GIN-41-MGE-S217	0	0	0	0	0	0	0	0	0
NR_041318.1	GIN-41-MGE-S217	0	0	0	0	0	0	0	0	0
NR_041316.1	GIN-41-MGE-S217	0	0	0	0	0	0	0	0	0
NR_041315.1	GIN-41-MGE-S217	0	0	0	0	0	0	0	0	0
NR_041314.1	GIN-41-MGE-S217	0	0	0	0	0	0	0	0	0
NR_041306.1	GIN-41-MGE-S217	0	0	0	0	0	0	0	0	0
NR_041303.1	GIN-41-MGE-S217	0	0	0	0	0	0	0	0	0
NR_041302.1	GIN-41-MGE-S217	0	0	0	0	0	0	0	0	0
NR_041301.1	GIN-41-MGE-S217	0	0	0	0	0	0	0	0	0
NR_041299.1	GIN-41-MGE-S217	0	0	0	0	0	0	0	0	0
NR_041298.1	GIN-41-MGE-S217	0	0	0	0	0	0	0	0	0
NR_041297.1	GIN-41-MGE-S217	0	0	0	0	0	0	0	0	0
NR_041296.1	GIN-41-MGE-S217	0	0	0	0	0	0	0	0	0
NR_041292.1	GIN-41-MGE-S217	0	0	0	0	0	0	0	0	0
NR_041291.1	GIN-41-MGE-S217	0	0	0	0	0	0	0	0	0
NR_041290.1	GIN-41-MGE-S217	0	0	0	0	0	0	0	0	0
NR_041289.1	GIN-41-MGE-S217	0	0	0	0	0	0	0	0	0
NR_041288.1	GIN-41-MGE-S217	0	0	0	0	0	0	0	0	0
NR_041287.1	GIN-41-MGE-S217	0	0	0	0	0	0	0	0	0
NR_041286.1	GIN-41-MGE-S217	0	0	0	0	0	0	0	0	0
NR_041284.1	GIN-41-MGE-S217	0	0	0	0	0	0	0	0	0
NR_041283.1	GIN-41-MGE-S217	0	0	0	0	0	0	0	0	0
NR_041282.1	GIN-41-MGE-S217	0	0	0	0	0	0	0	0	0
NR_041276.1	GIN-41-MGE-S217	0	0	0	0	0	0	0	0	0
NR_041274.1	GIN-41-MGE-S217	0	0	0	0	0	0	0	0	0
NR_041273.1	GIN-41-MGE-S217	0	0	0	0	0	0	0	0	0
NR_041272.1	GIN-41-MGE-S217	0	0	0	0	0	0	0	0	0
NR_041271.1	GIN-41-MGE-S217	0	0	0	0	0	0	0	0	0
NR_041270.1	GIN-41-MGE-S217	0	0	0	0	0	0	0	0	0
NR_041268.1	GIN-41-MGE-S217	0	0	0	0	0	0	0	0	0
NR_041267.1	GIN-41-MGE-S217	0	0	0	0	0	0	0	0	0
NR_041265.1	GIN-41-MGE-S217	0	0	0	0	0	0	0	0	0
NR_041261.1	GIN-41-MGE-S217	0	0	0	0	0	0	0	0	0
NR_041260.1	GIN-41-MGE-S217	0	0	0	0	0	0	0	0	0
NR_041253.1	GIN-41-MGE-S217	0	0	0	0	0	0	0	0	0
NR_041250.1	GIN-41-MGE-S217	0	0	0	0	0	0	0	0	0
NR_041249.1	GIN-41-MGE-S217	0	0	0	0	0	0	0	0	0
NR_041247.1	GIN-41-MGE-S217	0	0	0	0	0	0	0	0	0
NR_041242.1	GIN-41-MGE-S217	0	0	0	0	0	0	0	0	0
NR_041240.1	GIN-41-MGE-S217	0	0	0	0	0	0	0	0	0
NR_041237.1	GIN-41-MGE-S217	0	0	0	0	0	0	0	0	0
NR_041234.1	GIN-41-MGE-S217	0	0	0	0	0	0	0	0	0
NR_041233.1	GIN-41-MGE-S217	0	0	0	0	0	0	0	0	0
NR_041056.1	GIN-41-MGE-S217	0	0	0	0	0	0	0	0	0
NR_041055.1	GIN-41-MGE-S217	0	0	0	0	0	0	0	0	0
NR_041053.1	GIN-41-MGE-S217	0	0	0	0	0	0	0	0	0
NR_041052.1	GIN-41-MGE-S217	0	0	0	0	0	0	0	0	0
NR_041046.1	GIN-41-MGE-S217	0	0	0	0	0	0	0	0	0
NR_041043.1	GIN-41-MGE-S217	0	0	0	0	0	0	0	0	0
NR_041042.1	GIN-41-MGE-S217	0	0	0	0	0	0	0	0	0
NR_041041.1	GIN-41-MGE-S217	0	0	0	0	0	0	0	0	0
NR_041032.1	GIN-41-MGE-S217	0	0	0	0	0	0	0	0	0
NR_041024.1	GIN-41-MGE-S217	0	0	0	0	0	0	0	0	0
NR_041022.1	GIN-41-MGE-S217	0	0	0	0	0	0	0	0	0
NR_041020.1	GIN-41-MGE-S217	0	0	0	0	0	0	0	0	0
NR_041019.1	GIN-41-MGE-S217	0	0	0	0	0	0	0	0	0
NR_041018.1	GIN-41-MGE-S217	0	0	0	0	0	0	0	0	0
NR_041017.1	GIN-41-MGE-S217	0	0	0	0	0	0	0	0	0
NR_041016.1	GIN-41-MGE-S217	0	0	0	0	0	0	0	0	0
NR_041014.1	GIN-41-MGE-S217	0	0	0	0	0	0	0	0	0
NR_041013.1	GIN-41-MGE-S217	0	0	0	0	0	0	0	0	0
NR_041010.1	GIN-41-MGE-S217	0	0	0	0	0	0	0	0	0
NR_041009.1	GIN-41-MGE-S217	0	0	0	0	0	0	0	0	0
NR_041008.1	GIN-41-MGE-S217	0	0	0	0	0	0	0	0	0
NR_041002.1	GIN-41-MGE-S217	0	0	0	0	0	0	0	0	0
NR_041001.1	GIN-41-MGE-S217	0	0	0	0	0	0	0	0	0
NR_041000.1	GIN-41-MGE-S217	0	0	0	0	0	0	0	0	0
NR_040996.1	GIN-41-MGE-S217	0	0	0	0	0	0	0	0	0
NR_040994.1	GIN-41-MGE-S217	0	0	0	0	0	0	0	0	0
NR_040993.1	GIN-41-MGE-S217	0	0	0	0	0	0	0	0	0
NR_040990.1	GIN-41-MGE-S217	0	0	0	0	0	0	0	0	0
NR_040989.1	GIN-41-MGE-S217	0	0	0	0	0	0	0	0	0
NR_040987.1	GIN-41-MGE-S217	0	0	0	0	0	0	0	0	0
NR_040986.1	GIN-41-MGE-S217	0	0	0	0	0	0	0	0	0
NR_040978.1	GIN-41-MGE-S217	0	0	0	0	0	0	0	0	0
NR_040974.1	GIN-41-MGE-S217	0	0	0	0	0	0	0	0	0
NR_040972.1	GIN-41-MGE-S217	0	0	0	0	0	0	0	0	0
NR_040971.1	GIN-41-MGE-S217	0	0	0	0	0	0	0	0	0
NR_040970.1	GIN-41-MGE-S217	0	0	0	0	0	0	0	0	0
NR_040967.1	GIN-41-MGE-S217	0	0	0	0	0	0	0	0	0
NR_040966.1	GIN-41-MGE-S217	0	0	0	0	0	0	0	0	0
NR_040965.1	GIN-41-MGE-S217	0	0	0	0	0	0	0	0	0
NR_040956.1	GIN-41-MGE-S217	0	0	0	0	0	0	0	0	0
NR_040955.1	GIN-41-MGE-S217	0	0	0	0	0	0	0	0	0
NR_040951.1	GIN-41-MGE-S217	0	0	0	0	0	0	0	0	0
NR_040950.1	GIN-41-MGE-S217	0	0	0	0	0	0	0	0	0
NR_040949.1	GIN-41-MGE-S217	0	0	0	0	0	0	0	0	0
NR_040940.1	GIN-41-MGE-S217	0	0	0	0	0	0	0	0	0
NR_040939.1	GIN-41-MGE-S217	0	0	0	0	0	0	0	0	0
NR_040938.1	GIN-41-MGE-S217	0	0	0	0	0	0	0	0	0
NR_040934.1	GIN-41-MGE-S217	0	0	0	0	0	0	0	0	0
NR_040925.1	GIN-41-MGE-S217	0	0	0	0	0	0	0	0	0
NR_040902.1	GIN-41-MGE-S217	0	0	0	0	0	0	0	0	0
NR_040879.1	GIN-41-MGE-S217	0	0	0	0	0	0	0	0	0
NR_040869.1	GIN-41-MGE-S217	0	0	0	0	0	0	0	0	0
NR_040867.1	GIN-41-MGE-S217	0	0	0	0	0	0	0	0	0
NR_040854.1	GIN-41-MGE-S217	0	0	0	0	0	0	0	0	0
NR_040853.1	GIN-41-MGE-S217	0	0	0	0	0	0	0	0	0
NR_040840.1	GIN-41-MGE-S217	0	0	0	0	0	0	0	0	0
NR_040822.1	GIN-41-MGE-S217	0	0	0	0	0	0	0	0	0
NR_040819.1	GIN-41-MGE-S217	0	0	0	0	0	0	0	0	0
NR_036774.1	GIN-41-MGE-S217	0	0	0	0	0	0	0	0	0
NR_029156.1	GIN-41-MGE-S217	0	0	0	0	0	0	0	0	0
NR_044764.1	GIN-41-MGE-S217	0	0	0	0	0	0	0	0	0
NR_044763.1	GIN-41-MGE-S217	0	0	0	0	0	0	0	0	0
NR_044652.1	GIN-41-MGE-S217	0	0	0	0	0	0	0	0	0
NR_044649.1	GIN-41-MGE-S217	0	0	0	0	0	0	0	0	0
NR_044623.1	GIN-41-MGE-S217	0	0	0	0	0	0	0	0	0
NR_044617.1	GIN-41-MGE-S217	0	0	0	0	0	0	0	0	0
NR_044589.1	GIN-41-MGE-S217	0	0	0	0	0	0	0	0	0
NR_044588.1	GIN-41-MGE-S217	0	0	0	0	0	0	0	0	0
NR_044587.1	GIN-41-MGE-S217	0	0	0	0	0	0	0	0	0
NR_044586.1	GIN-41-MGE-S217	0	0	0	0	0	0	0	0	0
NR_044585.1	GIN-41-MGE-S217	0	0	0	0	0	0	0	0	0
NR_044584.1	GIN-41-MGE-S217	0	0	0	0	0	0	0	0	0
NR_044581.1	GIN-41-MGE-S217	0	0	0	0	0	0	0	0	0
NR_044580.1	GIN-41-MGE-S217	0	0	0	0	0	0	0	0	0
NR_044579.1	GIN-41-MGE-S217	0	0	0	0	0	0	0	0	0
NR_044574.1	GIN-41-MGE-S217	0	0	0	0	0	0	0	0	0
NR_044569.1	GIN-41-MGE-S217	0	0	0	0	0	0	0	0	0
NR_044565.1	GIN-41-MGE-S217	0	0	0	0	0	0	0	0	0
NR_044563.1	GIN-41-MGE-S217	0	0	0	0	0	0	0	0	0
NR_044555.1	GIN-41-MGE-S217	0	0	0	0	0	0	0	0	0
NR_044550.1	GIN-41-MGE-S217	0	0	0	0	0	0	0	0	0
NR_044544.1	GIN-41-MGE-S217	0	0	0	0	0	0	0	0	0
NR_044529.1	GIN-41-MGE-S217	0	0	0	0	0	0	0	0	0
NR_044528.1	GIN-41-MGE-S217	0	0	0	0	0	0	0	0	0
NR_044522.1	GIN-41-MGE-S217	0	0	0	0	0	0	0	0	0
NR_044519.1	GIN-41-MGE-S217	0	0	0	0	0	0	0	0	0
NR_044518.1	GIN-41-MGE-S217	0	0	0	0	0	0	0	0	0
NR_044508.1	GIN-41-MGE-S217	0	0	0	0	0	0	0	0	0
NR_044504.1	GIN-41-MGE-S217	0	0	0	0	0	0	0	0	0
NR_044503.1	GIN-41-MGE-S217	0	0	0	0	0	0	0	0	0
NR_044502.1	GIN-41-MGE-S217	0	0	0	0	0	0	0	0	0
NR_044501.1	GIN-41-MGE-S217	0	0	0	0	0	0	0	0	0
NR_044497.1	GIN-41-MGE-S217	0	0	0	0	0	0	0	0	0
NR_044488.1	GIN-41-MGE-S217	0	0	0	0	0	0	0	0	0
NR_044485.1	GIN-41-MGE-S217	0	0	0	0	0	0	0	0	0
NR_044484.1	GIN-41-MGE-S217	0	0	0	0	0	0	0	0	0
NR_044478.1	GIN-41-MGE-S217	0	0	0	0	0	0	0	0	0
NR_044470.1	GIN-41-MGE-S217	0	0	0	0	0	0	0	0	0
NR_044466.1	GIN-41-MGE-S217	0	0	0	0	0	0	0	0	0
NR_044461.1	GIN-41-MGE-S217	0	0	0	0	0	0	0	0	0
NR_044460.1	GIN-41-MGE-S217	0	0	0	0	0	0	0	0	0
NR_044459.1	GIN-41-MGE-S217	0	0	0	0	0	0	0	0	0
NR_044457.1	GIN-41-MGE-S217	0	0	0	0	0	0	0	0	0
NR_044456.1	GIN-41-MGE-S217	0	0	0	0	0	0	0	0	0
NR_044445.1	GIN-41-MGE-S217	0	0	0	0	0	0	0	0	0
NR_044436.1	GIN-41-MGE-S217	0	0	0	0	0	0	0	0	0
NR_044435.1	GIN-41-MGE-S217	0	0	0	0	0	0	0	0	0
NR_044431.1	GIN-41-MGE-S217	0	0	0	0	0	0	0	0	0
NR_044429.1	GIN-41-MGE-S217	0	0	0	0	0	0	0	0	0
NR_044413.1	GIN-41-MGE-S217	0	0	0	0	0	0	0	0	0
NR_044407.1	GIN-41-MGE-S217	0	0	0	0	0	0	0	0	0
NR_044406.1	GIN-41-MGE-S217	0	0	0	0	0	0	0	0	0
NR_044404.1	GIN-41-MGE-S217	0	0	0	0	0	0	0	0	0
NR_044403.1	GIN-41-MGE-S217	0	0	0	0	0	0	0	0	0
NR_044400.1	GIN-41-MGE-S217	0	0	0	0	0	0	0	0	0
NR_044397.1	GIN-41-MGE-S217	0	0	0	0	0	0	0	0	0
NR_044395.1	GIN-41-MGE-S217	0	0	0	0	0	0	0	0	0
NR_044392.1	GIN-41-MGE-S217	0	0	0	0	0	0	0	0	0
NR_044383.1	GIN-41-MGE-S217	0	0	0	0	0	0	0	0	0
NR_044362.1	GIN-41-MGE-S217	0	0	0	0	0	0	0	0	0
NR_044353.1	GIN-41-MGE-S217	0	0	0	0	0	0	0	0	0
NR_044333.1	GIN-41-MGE-S217	0	0	0	0	0	0	0	0	0
NR_044332.1	GIN-41-MGE-S217	0	0	0	0	0	0	0	0	0
NR_044331.1	GIN-41-MGE-S217	0	0	0	0	0	0	0	0	0
NR_044330.1	GIN-41-MGE-S217	0	0	0	0	0	0	0	0	0
NR_044327.1	GIN-41-MGE-S217	0	0	0	0	0	0	0	0	0
NR_044326.1	GIN-41-MGE-S217	0	0	0	0	0	0	0	0	0
NR_044325.1	GIN-41-MGE-S217	0	0	0	0	0	0	0	0	0
NR_044324.1	GIN-41-MGE-S217	0	0	0	0	0	0	0	0	0
NR_044322.1	GIN-41-MGE-S217	0	0	0	0	0	0	0	0	0
NR_044321.1	GIN-41-MGE-S217	0	0	0	0	0	0	0	0	0
NR_044317.1	GIN-41-MGE-S217	0	0	0	0	0	0	0	0	0
NR_044316.1	GIN-41-MGE-S217	0	0	0	0	0	0	0	0	0
NR_044309.1	GIN-41-MGE-S217	0	0	0	0	0	0	0	0	0
NR_044305.1	GIN-41-MGE-S217	0	0	0	0	0	0	0	0	0
NR_044284.1	GIN-41-MGE-S217	0	0	0	0	0	0	0	0	0
NR_044283.1	GIN-41-MGE-S217	0	0	0	0	0	0	0	0	0
NR_044274.1	GIN-41-MGE-S217	0	0	0	0	0	0	0	0	0
NR_044272.1	GIN-41-MGE-S217	0	0	0	0	0	0	0	0	0
NR_044270.1	GIN-41-MGE-S217	0	0	0	0	0	0	0	0	0
NR_044260.1	GIN-41-MGE-S217	0	0	0	0	0	0	0	0	0
NR_044258.1	GIN-41-MGE-S217	0	0	0	0	0	0	0	0	0
NR_044250.1	GIN-41-MGE-S217	0	0	0	0	0	0	0	0	0
NR_044249.1	GIN-41-MGE-S217	0	0	0	0	0	0	0	0	0
NR_044217.1	GIN-41-MGE-S217	0	0	0	0	0	0	0	0	0
NR_044215.1	GIN-41-MGE-S217	0	0	0	0	0	0	0	0	0
NR_044214.1	GIN-41-MGE-S217	0	0	0	0	0	0	0	0	0
NR_044213.1	GIN-41-MGE-S217	0	0	0	0	0	0	0	0	0
NR_044212.1	GIN-41-MGE-S217	0	0	0	0	0	0	0	0	0
NR_044206.1	GIN-41-MGE-S217	0	0	0	0	0	0	0	0	0
NR_044205.1	GIN-41-MGE-S217	0	0	0	0	0	0	0	0	0
NR_044202.1	GIN-41-MGE-S217	0	0	0	0	0	0	0	0	0
NR_044190.1	GIN-41-MGE-S217	0	0	0	0	0	0	0	0	0
NR_044189.1	GIN-41-MGE-S217	0	0	0	0	0	0	0	0	0
NR_044181.1	GIN-41-MGE-S217	0	0	0	0	0	0	0	0	0
NR_044179.1	GIN-41-MGE-S217	0	0	0	0	0	0	0	0	0
NR_044173.1	GIN-41-MGE-S217	0	0	0	0	0	0	0	0	0
NR_044169.1	GIN-41-MGE-S217	0	0	0	0	0	0	0	0	0
NR_044161.1	GIN-41-MGE-S217	0	0	0	0	0	0	0	0	0
NR_044160.1	GIN-41-MGE-S217	0	0	0	0	0	0	0	0	0
NR_044122.1	GIN-41-MGE-S217	0	0	0	0	0	0	0	0	0
NR_044121.1	GIN-41-MGE-S217	0	0	0	0	0	0	0	0	0
NR_044120.1	GIN-41-MGE-S217	0	0	0	0	0	0	0	0	0
NR_044119.1	GIN-41-MGE-S217	0	0	0	0	0	0	0	0	0
NR_044116.1	GIN-41-MGE-S217	0	0	0	0	0	0	0	0	0
NR_044113.1	GIN-41-MGE-S217	0	0	0	0	0	0	0	0	0
NR_044102.1	GIN-41-MGE-S217	0	0	0	0	0	0	0	0	0
NR_044100.1	GIN-41-MGE-S217	0	0	0	0	0	0	0	0	0
NR_044099.1	GIN-41-MGE-S217	0	0	0	0	0	0	0	0	0
NR_044097.1	GIN-41-MGE-S217	0	0	0	0	0	0	0	0	0
NR_044094.1	GIN-41-MGE-S217	0	0	0	0	0	0	0	0	0
NR_044092.1	GIN-41-MGE-S217	0	0	0	0	0	0	0	0	0
NR_044088.1	GIN-41-MGE-S217	0	0	0	0	0	0	0	0	0
NR_044087.1	GIN-41-MGE-S217	0	0	0	0	0	0	0	0	0
NR_044085.1	GIN-41-MGE-S217	0	0	0	0	0	0	0	0	0
NR_044084.1	GIN-41-MGE-S217	0	0	0	0	0	0	0	0	0
NR_044073.1	GIN-41-MGE-S217	0	0	0	0	0	0	0	0	0
NR_044067.1	GIN-41-MGE-S217	0	0	0	0	0	0	0	0	0
NR_044065.1	GIN-41-MGE-S217	0	0	0	0	0	0	0	0	0
NR_044042.1	GIN-41-MGE-S217	0	0	0	0	0	0	0	0	0
NR_044040.1	GIN-41-MGE-S217	0	0	0	0	0	0	0	0	0
NR_044030.1	GIN-41-MGE-S217	0	0	0	0	0	0	0	0	0
NR_044029.1	GIN-41-MGE-S217	0	0	0	0	0	0	0	0	0
NR_044024.1	GIN-41-MGE-S217	0	0	0	0	0	0	0	0	0
NR_044023.1	GIN-41-MGE-S217	0	0	0	0	0	0	0	0	0
NR_044014.1	GIN-41-MGE-S217	0	0	0	0	0	0	0	0	0
NR_044002.1	GIN-41-MGE-S217	0	0	0	0	0	0	0	0	0
NR_044001.1	GIN-41-MGE-S217	0	0	0	0	0	0	0	0	0
NR_043984.1	GIN-41-MGE-S217	0	0	0	0	0	0	0	0	0
NR_043981.1	GIN-41-MGE-S217	0	0	0	0	0	0	0	0	0
NR_043974.1	GIN-41-MGE-S217	0	0	0	0	0	0	0	0	0
NR_043971.1	GIN-41-MGE-S217	0	0	0	0	0	0	0	0	0
NR_043969.1	GIN-41-MGE-S217	0	0	0	0	0	0	0	0	0
NR_043968.1	GIN-41-MGE-S217	0	0	0	0	0	0	0	0	0
NR_043967.1	GIN-41-MGE-S217	0	0	0	0	0	0	0	0	0
NR_043966.1	GIN-41-MGE-S217	0	0	0	0	0	0	0	0	0
NR_043965.1	GIN-41-MGE-S217	0	0	0	0	0	0	0	0	0
NR_043956.1	GIN-41-MGE-S217	0	0	0	0	0	0	0	0	0
NR_043953.1	GIN-41-MGE-S217	0	0	0	0	0	0	0	0	0
NR_043933.1	GIN-41-MGE-S217	0	0	0	0	0	0	0	0	0
NR_043931.1	GIN-41-MGE-S217	0	0	0	0	0	0	0	0	0
NR_043922.1	GIN-41-MGE-S217	0	0	0	0	0	0	0	0	0
NR_043914.1	GIN-41-MGE-S217	0	0	0	0	0	0	0	0	0
NR_043913.1	GIN-41-MGE-S217	0	0	0	0	0	0	0	0	0
NR_043909.1	GIN-41-MGE-S217	0	0	0	0	0	0	0	0	0
NR_043907.1	GIN-41-MGE-S217	0	0	0	0	0	0	0	0	0
NR_043904.1	GIN-41-MGE-S217	0	0	0	0	0	0	0	0	0
NR_043903.1	GIN-41-MGE-S217	0	0	0	0	0	0	0	0	0
NR_043902.1	GIN-41-MGE-S217	0	0	0	0	0	0	0	0	0
NR_043893.1	GIN-41-MGE-S217	0	0	0	0	0	0	0	0	0
NR_043892.1	GIN-41-MGE-S217	0	0	0	0	0	0	0	0	0
NR_043891.1	GIN-41-MGE-S217	0	0	0	0	0	0	0	0	0
NR_043887.1	GIN-41-MGE-S217	0	0	0	0	0	0	0	0	0
NR_043881.1	GIN-41-MGE-S217	0	0	0	0	0	0	0	0	0
NR_043878.1	GIN-41-MGE-S217	0	0	0	0	0	0	0	0	0
NR_043877.1	GIN-41-MGE-S217	0	0	0	0	0	0	0	0	0
NR_043875.1	GIN-41-MGE-S217	0	0	0	0	0	0	0	0	0
NR_043874.1	GIN-41-MGE-S217	0	0	0	0	0	0	0	0	0
NR_043861.1	GIN-41-MGE-S217	0	0	0	0	0	0	0	0	0
NR_043860.1	GIN-41-MGE-S217	0	0	0	0	0	0	0	0	0
NR_043859.1	GIN-41-MGE-S217	0	0	0	0	0	0	0	0	0
NR_043813.1	GIN-41-MGE-S217	0	0	0	0	0	0	0	0	0
NR_043807.1	GIN-41-MGE-S217	0	0	0	0	0	0	0	0	0
NR_043806.1	GIN-41-MGE-S217	0	0	0	0	0	0	0	0	0
NR_043805.1	GIN-41-MGE-S217	0	0	0	0	0	0	0	0	0
NR_043802.1	GIN-41-MGE-S217	0	0	0	0	0	0	0	0	0
NR_043801.1	GIN-41-MGE-S217	0	0	0	0	0	0	0	0	0
NR_043790.1	GIN-41-MGE-S217	0	0	0	0	0	0	0	0	0
NR_043788.1	GIN-41-MGE-S217	0	0	0	0	0	0	0	0	0
NR_043784.1	GIN-41-MGE-S217	0	0	0	0	0	0	0	0	0
NR_043780.1	GIN-41-MGE-S217	0	0	0	0	0	0	0	0	0
NR_043775.1	GIN-41-MGE-S217	0	0	0	0	0	0	0	0	0
NR_043763.1	GIN-41-MGE-S217	0	0	0	0	0	0	0	0	0
NR_043754.1	GIN-41-MGE-S217	0	0	0	0	0	0	0	0	0
NR_043738.1	GIN-41-MGE-S217	0	0	0	0	0	0	0	0	0
NR_043736.1	GIN-41-MGE-S217	0	0	0	0	0	0	0	0	0
NR_043721.1	GIN-41-MGE-S217	0	0	0	0	0	0	0	0	0
NR_043713.1	GIN-41-MGE-S217	0	0	0	0	0	0	0	0	0
NR_043712.1	GIN-41-MGE-S217	0	0	0	0	0	0	0	0	0
NR_043710.1	GIN-41-MGE-S217	0	0	0	0	0	0	0	0	0
NR_043708.1	GIN-41-MGE-S217	0	0	0	0	0	0	0	0	0
NR_043706.1	GIN-41-MGE-S217	0	0	0	0	0	0	0	0	0
NR_043701.1	GIN-41-MGE-S217	0	0	0	0	0	0	0	0	0
NR_043697.1	GIN-41-MGE-S217	0	0	0	0	0	0	0	0	0
NR_043696.1	GIN-41-MGE-S217	0	0	0	0	0	0	0	0	0
NR_043695.1	GIN-41-MGE-S217	0	0	0	0	0	0	0	0	0
NR_043690.1	GIN-41-MGE-S217	0	0	0	0	0	0	0	0	0
NR_043688.1	GIN-41-MGE-S217	0	0	0	0	0	0	0	0	0
NR_043687.1	GIN-41-MGE-S217	0	0	0	0	0	0	0	0	0
NR_043685.1	GIN-41-MGE-S217	0	0	0	0	0	0	0	0	0
NR_043684.1	GIN-41-MGE-S217	0	0	0	0	0	0	0	0	0
NR_043674.1	GIN-41-MGE-S217	0	0	0	0	0	0	0	0	0
NR_043667.1	GIN-41-MGE-S217	0	0	0	0	0	0	0	0	0
NR_043653.1	GIN-41-MGE-S217	0	0	0	0	0	0	0	0	0
NR_043649.1	GIN-41-MGE-S217	0	0	0	0	0	0	0	0	0
NR_043648.1	GIN-41-MGE-S217	0	0	0	0	0	0	0	0	0
NR_043647.1	GIN-41-MGE-S217	0	0	0	0	0	0	0	0	0
NR_043646.1	GIN-41-MGE-S217	0	0	0	0	0	0	0	0	0
NR_043645.1	GIN-41-MGE-S217	0	0	0	0	0	0	0	0	0
NR_043644.1	GIN-41-MGE-S217	0	0	0	0	0	0	0	0	0
NR_043643.1	GIN-41-MGE-S217	0	0	0	0	0	0	0	0	0
NR_043637.1	GIN-41-MGE-S217	0	0	0	0	0	0	0	0	0
NR_043635.1	GIN-41-MGE-S217	0	0	0	0	0	0	0	0	0
NR_043634.1	GIN-41-MGE-S217	0	0	0	0	0	0	0	0	0
NR_043630.1	GIN-41-MGE-S217	0	0	0	0	0	0	0	0	0
NR_043629.1	GIN-41-MGE-S217	0	0	0	0	0	0	0	0	0
NR_043621.1	GIN-41-MGE-S217	0	0	0	0	0	0	0	0	0
NR_043617.1	GIN-41-MGE-S217	0	0	0	0	0	0	0	0	0
NR_043609.1	GIN-41-MGE-S217	0	0	0	0	0	0	0	0	0
NR_043590.1	GIN-41-MGE-S217	0	0	0	0	0	0	0	0	0
NR_043589.1	GIN-41-MGE-S217	0	0	0	0	0	0	0	0	0
NR_043584.1	GIN-41-MGE-S217	0	0	0	0	0	0	0	0	0
NR_043572.1	GIN-41-MGE-S217	0	0	0	0	0	0	0	0	0
NR_043571.1	GIN-41-MGE-S217	0	0	0	0	0	0	0	0	0
NR_043570.1	GIN-41-MGE-S217	0	0	0	0	0	0	0	0	0
NR_043568.1	GIN-41-MGE-S217	0	0	0	0	0	0	0	0	0
NR_043565.1	GIN-41-MGE-S217	0	0	0	0	0	0	0	0	0
NR_043563.1	GIN-41-MGE-S217	0	0	0	0	0	0	0	0	0
NR_043562.1	GIN-41-MGE-S217	0	0	0	0	0	0	0	0	0
NR_043559.1	GIN-41-MGE-S217	0	0	0	0	0	0	0	0	0
NR_043557.1	GIN-41-MGE-S217	0	0	0	0	0	0	0	0	0
NR_043543.1	GIN-41-MGE-S217	0	0	0	0	0	0	0	0	0
NR_043538.1	GIN-41-MGE-S217	0	0	0	0	0	0	0	0	0
NR_043531.1	GIN-41-MGE-S217	0	0	0	0	0	0	0	0	0
NR_043525.1	GIN-41-MGE-S217	0	0	0	0	0	0	0	0	0
NR_043524.1	GIN-41-MGE-S217	0	0	0	0	0	0	0	0	0
NR_043522.1	GIN-41-MGE-S217	0	0	0	0	0	0	0	0	0
NR_043520.1	GIN-41-MGE-S217	0	0	0	0	0	0	0	0	0
NR_043482.1	GIN-41-MGE-S217	0	0	0	0	0	0	0	0	0
NR_043472.1	GIN-41-MGE-S217	0	0	0	0	0	0	0	0	0
NR_043464.1	GIN-41-MGE-S217	0	0	0	0	0	0	0	0	0
NR_043460.1	GIN-41-MGE-S217	0	0	0	0	0	0	0	0	0
NR_043457.1	GIN-41-MGE-S217	0	0	0	0	0	0	0	0	0
NR_043454.1	GIN-41-MGE-S217	0	0	0	0	0	0	0	0	0
NR_043333.1	GIN-41-MGE-S217	0	0	0	0	0	0	0	0	0
NR_043329.1	GIN-41-MGE-S217	0	0	0	0	0	0	0	0	0
NR_043320.1	GIN-41-MGE-S217	0	0	0	0	0	0	0	0	0
NR_043306.1	GIN-41-MGE-S217	0	0	0	0	0	0	0	0	0
NR_043299.1	GIN-41-MGE-S217	0	0	0	0	0	0	0	0	0
NR_043298.1	GIN-41-MGE-S217	0	0	0	0	0	0	0	0	0
NR_043295.1	GIN-41-MGE-S217	0	0	0	0	0	0	0	0	0
NR_043288.1	GIN-41-MGE-S217	0	0	0	0	0	0	0	0	0
NR_043281.1	GIN-41-MGE-S217	0	0	0	0	0	0	0	0	0
NR_043274.1	GIN-41-MGE-S217	0	0	0	0	0	0	0	0	0
NR_043267.1	GIN-41-MGE-S217	0	0	0	0	0	0	0	0	0
NR_043263.1	GIN-41-MGE-S217	0	0	0	0	0	0	0	0	0
NR_043262.1	GIN-41-MGE-S217	0	0	0	0	0	0	0	0	0
NR_043261.1	GIN-41-MGE-S217	0	0	0	0	0	0	0	0	0
NR_043260.1	GIN-41-MGE-S217	0	0	0	0	0	0	0	0	0
NR_043257.1	GIN-41-MGE-S217	0	0	0	0	0	0	0	0	0
NR_043255.1	GIN-41-MGE-S217	0	0	0	0	0	0	0	0	0
NR_043243.1	GIN-41-MGE-S217	0	0	0	0	0	0	0	0	0
NR_043234.1	GIN-41-MGE-S217	0	0	0	0	0	0	0	0	0
NR_043231.1	GIN-41-MGE-S217	0	0	0	0	0	0	0	0	0
NR_043230.1	GIN-41-MGE-S217	0	0	0	0	0	0	0	0	0
NR_043229.1	GIN-41-MGE-S217	0	0	0	0	0	0	0	0	0
NR_043227.1	GIN-41-MGE-S217	0	0	0	0	0	0	0	0	0
NR_043226.1	GIN-41-MGE-S217	0	0	0	0	0	0	0	0	0
NR_043224.1	GIN-41-MGE-S217	1	1	0	0	0	0	0	0	0
NR_043223.1	GIN-41-MGE-S217	0	0	0	0	0	0	0	0	0
NR_043221.1	GIN-41-MGE-S217	0	0	0	0	0	0	0	0	0
NR_043220.1	GIN-41-MGE-S217	0	0	0	0	0	0	0	0	0
NR_043219.1	GIN-41-MGE-S217	0	0	0	0	0	0	0	0	0
NR_043213.1	GIN-41-MGE-S217	0	0	0	0	0	0	0	0	0
NR_043212.1	GIN-41-MGE-S217	0	0	0	0	0	0	0	0	0
NR_043201.1	GIN-41-MGE-S217	0	0	0	0	0	0	0	0	0
NR_043197.1	GIN-41-MGE-S217	0	0	0	0	0	0	0	0	0
NR_043186.1	GIN-41-MGE-S217	0	0	0	0	0	0	0	0	0
NR_043177.1	GIN-41-MGE-S217	0	0	0	0	0	0	0	0	0
NR_043173.1	GIN-41-MGE-S217	0	0	0	0	0	0	0	0	0
NR_043172.1	GIN-41-MGE-S217	0	0	0	0	0	0	0	0	0
NR_043171.1	GIN-41-MGE-S217	0	0	0	0	0	0	0	0	0
NR_043169.1	GIN-41-MGE-S217	0	0	0	0	0	0	0	0	0
NR_043167.1	GIN-41-MGE-S217	0	0	0	0	0	0	0	0	0
NR_043164.1	GIN-41-MGE-S217	0	0	0	0	0	0	0	0	0
NR_043153.1	GIN-41-MGE-S217	0	0	0	0	0	0	0	0	0
NR_043143.1	GIN-41-MGE-S217	0	0	0	0	0	0	0	0	0
NR_043138.1	GIN-41-MGE-S217	0	0	0	0	0	0	0	0	0
NR_043137.1	GIN-41-MGE-S217	0	0	0	0	0	0	0	0	0
NR_043113.1	GIN-41-MGE-S217	0	0	0	0	0	0	0	0	0
NR_043111.1	GIN-41-MGE-S217	0	0	0	0	0	0	0	0	0
NR_043104.1	GIN-41-MGE-S217	0	0	0	0	0	0	0	0	0
NR_043090.1	GIN-41-MGE-S217	0	0	0	0	0	0	0	0	0
NR_043088.1	GIN-41-MGE-S217	0	0	0	0	0	0	0	0	0
NR_043086.1	GIN-41-MGE-S217	0	0	0	0	0	0	0	0	0
NR_043085.1	GIN-41-MGE-S217	0	0	0	0	0	0	0	0	0
NR_043083.1	GIN-41-MGE-S217	0	0	0	0	0	0	0	0	0
NR_043081.1	GIN-41-MGE-S217	0	0	0	0	0	0	0	0	0
NR_043077.1	GIN-41-MGE-S217	0	0	0	0	0	0	0	0	0
NR_043071.1	GIN-41-MGE-S217	0	0	0	0	0	0	0	0	0
NR_043070.1	GIN-41-MGE-S217	0	0	0	0	0	0	0	0	0
NR_043065.1	GIN-41-MGE-S217	0	0	0	0	0	0	0	0	0
NR_043057.1	GIN-41-MGE-S217	0	0	0	0	0	0	0	0	0
NR_043042.1	GIN-41-MGE-S217	0	0	0	0	0	0	0	0	0
NR_043012.1	GIN-41-MGE-S217	0	0	0	0	0	0	0	0	0
NR_043011.1	GIN-41-MGE-S217	0	0	0	0	0	0	0	0	0
NR_043010.1	GIN-41-MGE-S217	0	0	0	0	0	0	0	0	0
NR_042997.1	GIN-41-MGE-S217	0	0	0	0	0	0	0	0	0
NR_042996.1	GIN-41-MGE-S217	0	0	0	0	0	0	0	0	0
NR_042985.1	GIN-41-MGE-S217	0	0	0	0	0	0	0	0	0
NR_042978.1	GIN-41-MGE-S217	0	0	0	0	0	0	0	0	0
NR_042962.1	GIN-41-MGE-S217	0	0	0	0	0	0	0	0	0
NR_042954.1	GIN-41-MGE-S217	0	0	0	0	0	0	0	0	0
NR_042952.1	GIN-41-MGE-S217	0	0	0	0	0	0	0	0	0
NR_042948.1	GIN-41-MGE-S217	0	0	0	0	0	0	0	0	0
NR_042945.1	GIN-41-MGE-S217	0	0	0	0	0	0	0	0	0
NR_042942.1	GIN-41-MGE-S217	0	0	0	0	0	0	0	0	0
NR_042941.1	GIN-41-MGE-S217	0	0	0	0	0	0	0	0	0
NR_042929.1	GIN-41-MGE-S217	0	0	0	0	0	0	0	0	0
NR_042901.1	GIN-41-MGE-S217	0	0	0	0	0	0	0	0	0
NR_042899.1	GIN-41-MGE-S217	0	0	0	0	0	0	0	0	0
NR_042863.1	GIN-41-MGE-S217	0	0	0	0	0	0	0	0	0
NR_042862.1	GIN-41-MGE-S217	0	0	0	0	0	0	0	0	0
NR_042860.1	GIN-41-MGE-S217	0	0	0	0	0	0	0	0	0
NR_042857.1	GIN-41-MGE-S217	0	0	0	0	0	0	0	0	0
NR_042856.1	GIN-41-MGE-S217	0	0	0	0	0	0	0	0	0
NR_042852.1	GIN-41-MGE-S217	0	0	0	0	0	0	0	0	0
NR_042850.1	GIN-41-MGE-S217	0	0	0	0	0	0	0	0	0
NR_042849.1	GIN-41-MGE-S217	0	0	0	0	0	0	0	0	0
NR_042846.1	GIN-41-MGE-S217	0	0	0	0	0	0	0	0	0
NR_042835.1	GIN-41-MGE-S217	0	0	0	0	0	0	0	0	0
NR_042834.1	GIN-41-MGE-S217	0	0	0	0	0	0	0	0	0
NR_042832.1	GIN-41-MGE-S217	0	0	0	0	0	0	0	0	0
NR_042831.1	GIN-41-MGE-S217	0	0	0	0	0	0	0	0	0
NR_042830.1	GIN-41-MGE-S217	0	0	0	0	0	0	0	0	0
NR_042816.1	GIN-41-MGE-S217	0	0	0	0	0	0	0	0	0
NR_042815.1	GIN-41-MGE-S217	0	0	0	0	0	0	0	0	0
NR_042814.1	GIN-41-MGE-S217	0	0	0	0	0	0	0	0	0
NR_042812.1	GIN-41-MGE-S217	0	0	0	0	0	0	0	0	0
NR_042809.1	GIN-41-MGE-S217	0	0	0	0	0	0	0	0	0
NR_042797.1	GIN-41-MGE-S217	0	0	0	0	0	0	0	0	0
NR_042796.1	GIN-41-MGE-S217	0	0	0	0	0	0	0	0	0
NR_042763.1	GIN-41-MGE-S217	0	0	0	0	0	0	0	0	0
NR_042762.1	GIN-41-MGE-S217	0	0	0	0	0	0	0	0	0
NR_042730.1	GIN-41-MGE-S217	0	0	0	0	0	0	0	0	0
NR_042727.1	GIN-41-MGE-S217	0	0	0	0	0	0	0	0	0
NR_042724.1	GIN-41-MGE-S217	0	0	0	0	0	0	0	0	0
NR_042719.1	GIN-41-MGE-S217	0	0	0	0	0	0	0	0	0
NR_041942.1	GIN-41-MGE-S217	0	0	0	0	0	0	0	0	0
NR_041934.1	GIN-41-MGE-S217	0	0	0	0	0	0	0	0	0
NR_041931.1	GIN-41-MGE-S217	0	0	0	0	0	0	0	0	0
NR_041930.1	GIN-41-MGE-S217	0	0	0	0	0	0	0	0	0
NR_041926.1	GIN-41-MGE-S217	0	0	0	0	0	0	0	0	0
NR_041908.1	GIN-41-MGE-S217	0	0	0	0	0	0	0	0	0
NR_041907.1	GIN-41-MGE-S217	0	0	0	0	0	0	0	0	0
NR_041895.1	GIN-41-MGE-S217	0	0	0	0	0	0	0	0	0
NR_041892.1	GIN-41-MGE-S217	0	0	0	0	0	0	0	0	0
NR_041886.1	GIN-41-MGE-S217	0	0	0	0	0	0	0	0	0
NR_041885.1	GIN-41-MGE-S217	0	0	0	0	0	0	0	0	0
NR_041884.1	GIN-41-MGE-S217	0	0	0	0	0	0	0	0	0
NR_041882.1	GIN-41-MGE-S217	0	0	0	0	0	0	0	0	0
NR_041842.1	GIN-41-MGE-S217	0	0	0	0	0	0	0	0	0
NR_041841.1	GIN-41-MGE-S217	0	0	0	0	0	0	0	0	0
NR_041840.1	GIN-41-MGE-S217	0	0	0	0	0	0	0	0	0
NR_041818.1	GIN-41-MGE-S217	0	0	0	0	0	0	0	0	0
NR_041798.1	GIN-41-MGE-S217	0	0	0	0	0	0	0	0	0
NR_041797.1	GIN-41-MGE-S217	0	0	0	0	0	0	0	0	0
NR_041792.1	GIN-41-MGE-S217	0	0	0	0	0	0	0	0	0
NR_037012.2	GIN-41-MGE-S217	0	0	0	0	0	0	0	0	0
NR_037110.1	GIN-41-MGE-S217	0	0	0	0	0	0	0	0	0
NR_037099.1	GIN-41-MGE-S217	0	0	0	0	0	0	0	0	0
NR_037096.1	GIN-41-MGE-S217	0	0	0	0	0	0	0	0	0
NR_037088.1	GIN-41-MGE-S217	0	0	0	0	0	0	0	0	0
NR_037080.1	GIN-41-MGE-S217	0	0	0	0	0	0	0	0	0
NR_037079.1	GIN-41-MGE-S217	0	0	0	0	0	0	0	0	0
NR_037077.1	GIN-41-MGE-S217	0	0	0	0	0	0	0	0	0
NR_037070.1	GIN-41-MGE-S217	0	0	0	0	0	0	0	0	0
NR_037069.1	GIN-41-MGE-S217	0	0	0	0	0	0	0	0	0
NR_037042.1	GIN-41-MGE-S217	0	0	0	0	0	0	0	0	0
NR_037039.1	GIN-41-MGE-S217	0	0	0	0	0	0	0	0	0
NR_037027.1	GIN-41-MGE-S217	0	0	0	0	0	0	0	0	0
NR_037015.1	GIN-41-MGE-S217	0	0	0	0	0	0	0	0	0
NR_036967.1	GIN-41-MGE-S217	0	0	0	0	0	0	0	0	0
NR_036965.1	GIN-41-MGE-S217	0	0	0	0	0	0	0	0	0
NR_036962.1	GIN-41-MGE-S217	0	0	0	0	0	0	0	0	0
NR_036955.1	GIN-41-MGE-S217	0	0	0	0	0	0	0	0	0
NR_036947.1	GIN-41-MGE-S217	0	0	0	0	0	0	0	0	0
NR_036945.1	GIN-41-MGE-S217	0	0	0	0	0	0	0	0	0
NR_036941.1	GIN-41-MGE-S217	0	0	0	0	0	0	0	0	0
NR_036932.1	GIN-41-MGE-S217	0	0	0	0	0	0	0	0	0
NR_036930.1	GIN-41-MGE-S217	0	0	0	0	0	0	0	0	0
NR_036902.1	GIN-41-MGE-S217	0	0	0	0	0	0	0	0	0
NR_036873.1	GIN-41-MGE-S217	0	0	0	0	0	0	0	0	0
NR_036865.1	GIN-41-MGE-S217	0	0	0	0	0	0	0	0	0
NR_036863.1	GIN-41-MGE-S217	0	0	0	0	0	0	0	0	0
NR_036851.1	GIN-41-MGE-S217	0	0	0	0	0	0	0	0	0
NR_036839.1	GIN-41-MGE-S217	0	0	0	0	0	0	0	0	0
NR_036835.1	GIN-41-MGE-S217	0	0	0	0	0	0	0	0	0
NR_036824.1	GIN-41-MGE-S217	0	0	0	0	0	0	0	0	0
NR_036811.1	GIN-41-MGE-S217	0	0	0	0	0	0	0	0	0
NR_036810.1	GIN-41-MGE-S217	0	0	0	0	0	0	0	0	0
NR_036801.1	GIN-41-MGE-S217	0	0	0	0	0	0	0	0	0
NR_036786.1	GIN-41-MGE-S217	0	0	0	0	0	0	0	0	0
NR_036785.1	GIN-41-MGE-S217	0	0	0	0	0	0	0	0	0
NR_036763.1	GIN-41-MGE-S217	0	0	0	0	0	0	0	0	0
NR_029361.1	GIN-41-MGE-S217	0	0	0	0	0	0	0	0	0
NR_029356.1	GIN-41-MGE-S217	0	0	0	0	0	0	0	0	0
NR_029352.1	GIN-41-MGE-S217	0	0	0	0	0	0	0	0	0
NR_029344.1	GIN-41-MGE-S217	0	0	0	0	0	0	0	0	0
NR_029307.1	GIN-41-MGE-S217	0	0	0	0	0	0	0	0	0
NR_029294.1	GIN-41-MGE-S217	0	0	0	0	0	0	0	0	0
NR_029281.1	GIN-41-MGE-S217	0	0	0	0	0	0	0	0	0
NR_029258.1	GIN-41-MGE-S217	0	0	0	0	0	0	0	0	0
NR_029257.1	GIN-41-MGE-S217	0	0	0	0	0	0	0	0	0
NR_029253.1	GIN-41-MGE-S217	0	0	0	0	0	0	0	0	0
NR_029251.1	GIN-41-MGE-S217	0	0	0	0	0	0	0	0	0
NR_029247.1	GIN-41-MGE-S217	0	0	0	0	0	0	0	0	0
NR_029243.1	GIN-41-MGE-S217	0	0	0	0	0	0	0	0	0
NR_029179.1	GIN-41-MGE-S217	0	0	0	0	0	0	0	0	0
NR_029092.1	GIN-41-MGE-S217	0	0	0	0	0	0	0	0	0
NR_029090.1	GIN-41-MGE-S217	0	0	0	0	0	0	0	0	0
NR_029057.1	GIN-41-MGE-S217	0	0	0	0	0	0	0	0	0
NR_029056.1	GIN-41-MGE-S217	0	0	0	0	0	0	0	0	0
NR_029026.1	GIN-41-MGE-S217	0	0	0	0	0	0	0	0	0
NR_028950.1	GIN-41-MGE-S217	0	0	0	0	0	0	0	0	0
NR_028929.1	GIN-41-MGE-S217	0	0	0	0	0	0	0	0	0
NR_028875.1	GIN-41-MGE-S217	0	0	0	0	0	0	0	0	0
NR_028871.1	GIN-41-MGE-S217	0	0	0	0	0	0	0	0	0
NR_028853.1	GIN-41-MGE-S217	0	0	0	0	0	0	0	0	0
NR_028748.1	GIN-41-MGE-S217	0	0	0	0	0	0	0	0	0
NR_028737.1	GIN-41-MGE-S217	0	0	0	0	0	0	0	0	0
NR_028730.1	GIN-41-MGE-S217	0	0	0	0	0	0	0	0	0
NR_028690.1	GIN-41-MGE-S217	0	0	0	0	0	0	0	0	0
NR_028657.1	GIN-41-MGE-S217	0	0	0	0	0	0	0	0	0
NR_028020.1	GIN-41-MGE-S217	0	0	0	0	0	0	0	0	0
NR_028013.1	GIN-41-MGE-S217	0	0	0	0	0	0	0	0	0
NR_028010.1	GIN-41-MGE-S217	0	0	0	0	0	0	0	0	0
NR_028007.1	GIN-41-MGE-S217	0	0	0	0	0	0	0	0	0
NR_027602.1	GIN-41-MGE-S217	0	0	0	0	0	0	0	0	0
NR_027569.1	GIN-41-MGE-S217	0	0	0	0	0	0	0	0	0
NR_027566.1	GIN-41-MGE-S217	0	0	0	0	0	0	0	0	0
NR_027233.1	GIN-41-MGE-S217	0	0	0	0	0	0	0	0	0
NR_027228.1	GIN-41-MGE-S217	0	0	0	0	0	0	0	0	0
NR_027214.1	GIN-41-MGE-S217	0	0	0	0	0	0	0	0	0
NR_027195.1	GIN-41-MGE-S217	0	0	0	0	0	0	0	0	0
NR_024882.1	GIN-41-MGE-S217	0	0	0	0	0	0	0	0	0
NR_025542.1	GIN-41-MGE-S217	0	0	0	0	0	0	0	0	0
NR_025534.1	GIN-41-MGE-S217	0	0	0	0	0	0	0	0	0
NR_025488.1	GIN-41-MGE-S217	0	0	0	0	0	0	0	0	0
NR_025475.1	GIN-41-MGE-S217	0	0	0	0	0	0	0	0	0
NR_025421.1	GIN-41-MGE-S217	0	0	0	0	0	0	0	0	0
NR_025403.1	GIN-41-MGE-S217	0	0	0	0	0	0	0	0	0
NR_025399.1	GIN-41-MGE-S217	0	0	0	0	0	0	0	0	0
NR_025345.1	GIN-41-MGE-S217	0	0	0	0	0	0	0	0	0
NR_025344.1	GIN-41-MGE-S217	0	0	0	0	0	0	0	0	0
NR_025343.1	GIN-41-MGE-S217	0	0	0	0	0	0	0	0	0
NR_025258.1	GIN-41-MGE-S217	0	0	0	0	0	0	0	0	0
NR_025254.1	GIN-41-MGE-S217	0	0	0	0	0	0	0	0	0
NR_025231.1	GIN-41-MGE-S217	0	0	0	0	0	0	0	0	0
NR_025129.1	GIN-41-MGE-S217	0	0	0	0	0	0	0	0	0
NR_025081.1	GIN-41-MGE-S217	0	0	0	0	0	0	0	0	0
NR_024975.1	GIN-41-MGE-S217	0	0	0	0	0	0	0	0	0
NR_024959.1	GIN-41-MGE-S217	0	0	0	0	0	0	0	0	0
NR_024920.1	GIN-41-MGE-S217	0	0	0	0	0	0	0	0	0
NR_024880.1	GIN-41-MGE-S217	0	0	0	0	0	0	0	0	0
NR_024863.1	GIN-41-MGE-S217	0	0	0	0	0	0	0	0	0
NR_024862.1	GIN-41-MGE-S217	0	0	0	0	0	0	0	0	0
NR_024857.1	GIN-41-MGE-S217	0	0	0	0	0	0	0	0	0
NR_024850.1	GIN-41-MGE-S217	0	0	0	0	0	0	0	0	0
NR_024811.1	GIN-41-MGE-S217	0	0	0	0	0	0	0	0	0
NR_024786.1	GIN-41-MGE-S217	0	0	0	0	0	0	0	0	0
NR_024771.1	GIN-41-MGE-S217	0	0	0	0	0	0	0	0	0
NR_024688.1	GIN-41-MGE-S217	0	0	0	0	0	0	0	0	0
NR_024681.1	GIN-41-MGE-S217	0	0	0	0	0	0	0	0	0
NR_026449.1	GIN-41-MGE-S217	0	0	0	0	0	0	0	0	0
NR_026437.1	GIN-41-MGE-S217	0	0	0	0	0	0	0	0	0
NR_026435.1	GIN-41-MGE-S217	0	0	0	0	0	0	0	0	0
NR_026434.1	GIN-41-MGE-S217	0	0	0	0	0	0	0	0	0
NR_026408.1	GIN-41-MGE-S217	0	0	0	0	0	0	0	0	0
NR_026407.1	GIN-41-MGE-S217	0	0	0	0	0	0	0	0	0
NR_026396.1	GIN-41-MGE-S217	0	0	0	0	0	0	0	0	0
NR_026382.1	GIN-41-MGE-S217	0	0	0	0	0	0	0	0	0
NR_026357.1	GIN-41-MGE-S217	0	0	0	0	0	0	0	0	0
NR_026334.1	GIN-41-MGE-S217	0	0	0	0	0	0	0	0	0
NR_026321.1	GIN-41-MGE-S217	0	0	0	0	0	0	0	0	0
NR_026273.1	GIN-41-MGE-S217	0	0	0	0	0	0	0	0	0
NR_026121.1	GIN-41-MGE-S217	0	0	0	0	0	0	0	0	0
NR_026119.1	GIN-41-MGE-S217	0	0	0	0	0	0	0	0	0
NR_026067.1	GIN-41-MGE-S217	0	0	0	0	0	0	0	0	0
NR_026064.1	GIN-41-MGE-S217	0	0	0	0	0	0	0	0	0
NR_026062.1	GIN-41-MGE-S217	0	0	0	0	0	0	0	0	0
NR_026051.1	GIN-41-MGE-S217	0	0	0	0	0	0	0	0	0
NR_026042.1	GIN-41-MGE-S217	0	0	0	0	0	0	0	0	0
NR_026036.1	GIN-41-MGE-S217	0	0	0	0	0	0	0	0	0
NR_026035.1	GIN-41-MGE-S217	0	0	0	0	0	0	0	0	0
NR_026020.1	GIN-41-MGE-S217	0	0	0	0	0	0	0	0	0
NR_025972.1	GIN-41-MGE-S217	0	0	0	0	0	0	0	0	0
NR_025962.1	GIN-41-MGE-S217	0	0	0	0	0	0	0	0	0
NR_025935.1	GIN-41-MGE-S217	0	0	0	0	0	0	0	0	0
NR_025928.1	GIN-41-MGE-S217	0	0	0	0	0	0	0	0	0
NR_025921.1	GIN-41-MGE-S217	0	0	0	0	0	0	0	0	0
NR_025919.1	GIN-41-MGE-S217	0	0	0	0	0	0	0	0	0
NR_025903.1	GIN-41-MGE-S217	1	1	0	0	0	0	0	0	0
NR_025837.1	GIN-41-MGE-S217	0	0	0	0	0	0	0	0	0
NR_025828.1	GIN-41-MGE-S217	0	0	0	0	0	0	0	0	0
NR_025767.1	GIN-41-MGE-S217	0	0	0	0	0	0	0	0	0
NR_025708.1	GIN-41-MGE-S217	0	0	0	0	0	0	0	0	0
NR_119037.2	GIN-41-MGE-S217	0	0	0	0	0	0	0	0	0
NR_118735.2	GIN-41-MGE-S217	0	0	0	0	0	0	0	0	0
NR_118718.2	GIN-41-MGE-S217	0	0	0	0	0	0	0	0	0
NR_115038.2	GIN-41-MGE-S217	0	0	0	0	0	0	0	0	0
NR_114837.2	GIN-41-MGE-S217	0	0	0	0	0	0	0	0	0
NR_114824.2	GIN-41-MGE-S217	0	0	0	0	0	0	0	0	0
NR_114525.2	GIN-41-MGE-S217	0	0	0	0	0	0	0	0	0
NR_113853.2	GIN-41-MGE-S217	0	0	0	0	0	0	0	0	0
NR_160524.1	GIN-41-MGE-S217	0	0	0	0	0	0	0	0	0
NR_159917.1	GIN-41-MGE-S217	0	0	0	0	0	0	0	0	0
NR_159892.1	GIN-41-MGE-S217	0	0	0	0	0	0	0	0	0
NR_159350.1	GIN-41-MGE-S217	0	0	0	0	0	0	0	0	0
NR_159347.1	GIN-41-MGE-S217	0	0	0	0	0	0	0	0	0
NR_159346.1	GIN-41-MGE-S217	0	0	0	0	0	0	0	0	0
NR_159330.1	GIN-41-MGE-S217	0	0	0	0	0	0	0	0	0
NR_159305.1	GIN-41-MGE-S217	0	0	0	0	0	0	0	0	0
NR_159304.1	GIN-41-MGE-S217	0	0	0	0	0	0	0	0	0
NR_159300.1	GIN-41-MGE-S217	0	0	0	0	0	0	0	0	0
NR_159296.1	GIN-41-MGE-S217	0	0	0	0	0	0	0	0	0
NR_159282.1	GIN-41-MGE-S217	0	0	0	0	0	0	0	0	0
NR_159242.1	GIN-41-MGE-S217	0	0	0	0	0	0	0	0	0
NR_159227.1	GIN-41-MGE-S217	0	0	0	0	0	0	0	0	0
NR_159226.1	GIN-41-MGE-S217	0	0	0	0	0	0	0	0	0
NR_159225.1	GIN-41-MGE-S217	0	0	0	0	0	0	0	0	0
NR_159205.1	GIN-41-MGE-S217	0	0	0	0	0	0	0	0	0
NR_159199.1	GIN-41-MGE-S217	0	0	0	0	0	0	0	0	0
NR_159197.1	GIN-41-MGE-S217	0	0	0	0	0	0	0	0	0
NR_159196.1	GIN-41-MGE-S217	0	0	0	0	0	0	0	0	0
NR_159195.1	GIN-41-MGE-S217	0	0	0	0	0	0	0	0	0
NR_159187.1	GIN-41-MGE-S217	0	0	0	0	0	0	0	0	0
NR_159180.1	GIN-41-MGE-S217	0	0	0	0	0	0	0	0	0
NR_159179.1	GIN-41-MGE-S217	0	0	0	0	0	0	0	0	0
NR_159176.1	GIN-41-MGE-S217	0	0	0	0	0	0	0	0	0
NR_159175.1	GIN-41-MGE-S217	0	0	0	0	0	0	0	0	0
NR_159171.1	GIN-41-MGE-S217	0	0	0	0	0	0	0	0	0
NR_159164.1	GIN-41-MGE-S217	0	0	0	0	0	0	0	0	0
NR_159160.1	GIN-41-MGE-S217	0	0	0	0	0	0	0	0	0
NR_159159.1	GIN-41-MGE-S217	0	0	0	0	0	0	0	0	0
NR_159157.1	GIN-41-MGE-S217	0	0	0	0	0	0	0	0	0
NR_159121.1	GIN-41-MGE-S217	0	0	0	0	0	0	0	0	0
NR_159120.1	GIN-41-MGE-S217	0	0	0	0	0	0	0	0	0
NR_159113.1	GIN-41-MGE-S217	0	0	0	0	0	0	0	0	0
NR_159112.1	GIN-41-MGE-S217	0	0	0	0	0	0	0	0	0
NR_159096.1	GIN-41-MGE-S217	0	0	0	0	0	0	0	0	0
NR_159095.1	GIN-41-MGE-S217	0	0	0	0	0	0	0	0	0
NR_159094.1	GIN-41-MGE-S217	0	0	0	0	0	0	0	0	0
NR_159093.1	GIN-41-MGE-S217	0	0	0	0	0	0	0	0	0
NR_159091.1	GIN-41-MGE-S217	0	0	0	0	0	0	0	0	0
NR_159080.1	GIN-41-MGE-S217	0	0	0	0	0	0	0	0	0
NR_159079.1	GIN-41-MGE-S217	0	0	0	0	0	0	0	0	0
NR_159076.1	GIN-41-MGE-S217	0	0	0	0	0	0	0	0	0
NR_158144.1	GIN-41-MGE-S217	0	0	0	0	0	0	0	0	0
NR_158134.1	GIN-41-MGE-S217	0	0	0	0	0	0	0	0	0
NR_158122.1	GIN-41-MGE-S217	0	0	0	0	0	0	0	0	0
NR_158120.1	GIN-41-MGE-S217	0	0	0	0	0	0	0	0	0
NR_158113.1	GIN-41-MGE-S217	0	0	0	0	0	0	0	0	0
NR_158094.1	GIN-41-MGE-S217	0	0	0	0	0	0	0	0	0
NR_158081.1	GIN-41-MGE-S217	0	0	0	0	0	0	0	0	0
NR_158079.1	GIN-41-MGE-S217	0	0	0	0	0	0	0	0	0
NR_158073.1	GIN-41-MGE-S217	0	0	0	0	0	0	0	0	0
NR_158065.1	GIN-41-MGE-S217	0	0	0	0	0	0	0	0	0
NR_158057.1	GIN-41-MGE-S217	0	0	0	0	0	0	0	0	0
NR_158038.1	GIN-41-MGE-S217	0	0	0	0	0	0	0	0	0
NR_158025.1	GIN-41-MGE-S217	0	0	0	0	0	0	0	0	0
NR_158000.1	GIN-41-MGE-S217	0	0	0	0	0	0	0	0	0
NR_157994.1	GIN-41-MGE-S217	0	0	0	0	0	0	0	0	0
NR_157989.1	GIN-41-MGE-S217	0	0	0	0	0	0	0	0	0
NR_157988.1	GIN-41-MGE-S217	0	0	0	0	0	0	0	0	0
NR_157985.1	GIN-41-MGE-S217	0	0	0	0	0	0	0	0	0
NR_157981.1	GIN-41-MGE-S217	0	0	0	0	0	0	0	0	0
NR_157792.1	GIN-41-MGE-S217	0	0	0	0	0	0	0	0	0
NR_157788.1	GIN-41-MGE-S217	0	0	0	0	0	0	0	0	0
NR_157787.1	GIN-41-MGE-S217	0	0	0	0	0	0	0	0	0
NR_157785.1	GIN-41-MGE-S217	0	0	0	0	0	0	0	0	0
NR_157754.1	GIN-41-MGE-S217	0	0	0	0	0	0	0	0	0
NR_157750.1	GIN-41-MGE-S217	0	0	0	0	0	0	0	0	0
NR_157749.1	GIN-41-MGE-S217	0	0	0	0	0	0	0	0	0
NR_157746.1	GIN-41-MGE-S217	0	0	0	0	0	0	0	0	0
NR_157736.1	GIN-41-MGE-S217	0	0	0	0	0	0	0	0	0
NR_157735.1	GIN-41-MGE-S217	0	0	0	0	0	0	0	0	0
NR_157734.1	GIN-41-MGE-S217	0	0	0	0	0	0	0	0	0
NR_157733.1	GIN-41-MGE-S217	0	0	0	0	0	0	0	0	0
NR_157732.1	GIN-41-MGE-S217	0	0	0	0	0	0	0	0	0
NR_157731.1	GIN-41-MGE-S217	0	0	0	0	0	0	0	0	0
NR_157730.1	GIN-41-MGE-S217	0	0	0	0	0	0	0	0	0
NR_157729.1	GIN-41-MGE-S217	0	0	0	0	0	0	0	0	0
NR_157728.1	GIN-41-MGE-S217	0	0	0	0	0	0	0	0	0
NR_157725.1	GIN-41-MGE-S217	0	0	0	0	0	0	0	0	0
NR_157712.1	GIN-41-MGE-S217	0	0	0	0	0	0	0	0	0
NR_157709.1	GIN-41-MGE-S217	0	0	0	0	0	0	0	0	0
NR_157707.1	GIN-41-MGE-S217	0	0	0	0	0	0	0	0	0
NR_157705.1	GIN-41-MGE-S217	0	0	0	0	0	0	0	0	0
NR_157692.1	GIN-41-MGE-S217	0	0	0	0	0	0	0	0	0
NR_157676.1	GIN-41-MGE-S217	0	0	0	0	0	0	0	0	0
NR_157675.1	GIN-41-MGE-S217	0	0	0	0	0	0	0	0	0
NR_157666.1	GIN-41-MGE-S217	0	0	0	0	0	0	0	0	0
NR_157656.1	GIN-41-MGE-S217	0	0	0	0	0	0	0	0	0
NR_157654.1	GIN-41-MGE-S217	0	0	0	0	0	0	0	0	0
NR_157650.1	GIN-41-MGE-S217	0	0	0	0	0	0	0	0	0
NR_157648.1	GIN-41-MGE-S217	0	0	0	0	0	0	0	0	0
NR_157646.1	GIN-41-MGE-S217	0	0	0	0	0	0	0	0	0
NR_157645.1	GIN-41-MGE-S217	0	0	0	0	0	0	0	0	0
NR_157644.1	GIN-41-MGE-S217	0	0	0	0	0	0	0	0	0
NR_157640.1	GIN-41-MGE-S217	0	0	0	0	0	0	0	0	0
NR_157639.1	GIN-41-MGE-S217	0	0	0	0	0	0	0	0	0
NR_157632.1	GIN-41-MGE-S217	0	0	0	0	0	0	0	0	0
NR_157629.1	GIN-41-MGE-S217	0	0	0	0	0	0	0	0	0
NR_157623.1	GIN-41-MGE-S217	0	0	0	0	0	0	0	0	0
NR_157617.1	GIN-41-MGE-S217	0	0	0	0	0	0	0	0	0
NR_157614.1	GIN-41-MGE-S217	0	0	0	0	0	0	0	0	0
NR_157612.1	GIN-41-MGE-S217	0	0	0	0	0	0	0	0	0
NR_157609.1	GIN-41-MGE-S217	0	0	0	0	0	0	0	0	0
NR_157608.1	GIN-41-MGE-S217	0	0	0	0	0	0	0	0	0
NR_157007.1	GIN-41-MGE-S217	0	0	0	0	0	0	0	0	0
NR_157003.1	GIN-41-MGE-S217	0	0	0	0	0	0	0	0	0
NR_156996.1	GIN-41-MGE-S217	0	0	0	0	0	0	0	0	0
NR_156987.1	GIN-41-MGE-S217	0	0	0	0	0	0	0	0	0
NR_156986.1	GIN-41-MGE-S217	0	0	0	0	0	0	0	0	0
NR_156984.1	GIN-41-MGE-S217	0	0	0	0	0	0	0	0	0
NR_156981.1	GIN-41-MGE-S217	0	0	0	0	0	0	0	0	0
NR_156974.1	GIN-41-MGE-S217	0	0	0	0	0	0	0	0	0
NR_156973.1	GIN-41-MGE-S217	0	0	0	0	0	0	0	0	0
NR_156972.1	GIN-41-MGE-S217	0	0	0	0	0	0	0	0	0
NR_156969.1	GIN-41-MGE-S217	0	0	0	0	0	0	0	0	0
NR_156966.1	GIN-41-MGE-S217	0	0	0	0	0	0	0	0	0
NR_156964.1	GIN-41-MGE-S217	0	0	0	0	0	0	0	0	0
NR_156960.1	GIN-41-MGE-S217	0	0	0	0	0	0	0	0	0
NR_156956.1	GIN-41-MGE-S217	0	0	0	0	0	0	0	0	0
NR_156933.1	GIN-41-MGE-S217	0	0	0	0	0	0	0	0	0
NR_156928.1	GIN-41-MGE-S217	0	0	0	0	0	0	0	0	0
NR_156927.1	GIN-41-MGE-S217	0	0	0	0	0	0	0	0	0
NR_156922.1	GIN-41-MGE-S217	0	0	0	0	0	0	0	0	0
NR_156919.1	GIN-41-MGE-S217	0	0	0	0	0	0	0	0	0
NR_156907.1	GIN-41-MGE-S217	0	0	0	0	0	0	0	0	0
NR_156896.1	GIN-41-MGE-S217	0	0	0	0	0	0	0	0	0
NR_156885.1	GIN-41-MGE-S217	0	0	0	0	0	0	0	0	0
NR_156884.1	GIN-41-MGE-S217	0	0	0	0	0	0	0	0	0
NR_156883.1	GIN-41-MGE-S217	0	0	0	0	0	0	0	0	0
NR_156882.1	GIN-41-MGE-S217	0	0	0	0	0	0	0	0	0
NR_156876.1	GIN-41-MGE-S217	0	0	0	0	0	0	0	0	0
NR_156873.1	GIN-41-MGE-S217	0	0	0	0	0	0	0	0	0
NR_156867.1	GIN-41-MGE-S217	0	0	0	0	0	0	0	0	0
NR_156849.1	GIN-41-MGE-S217	0	0	0	0	0	0	0	0	0
NR_156844.1	GIN-41-MGE-S217	0	0	0	0	0	0	0	0	0
NR_156841.1	GIN-41-MGE-S217	0	0	0	0	0	0	0	0	0
NR_156839.1	GIN-41-MGE-S217	0	0	0	0	0	0	0	0	0
NR_156836.1	GIN-41-MGE-S217	0	0	0	0	0	0	0	0	0
NR_156830.1	GIN-41-MGE-S217	0	0	0	0	0	0	0	0	0
NR_156825.1	GIN-41-MGE-S217	0	0	0	0	0	0	0	0	0
NR_156819.1	GIN-41-MGE-S217	0	0	0	0	0	0	0	0	0
NR_156818.1	GIN-41-MGE-S217	0	0	0	0	0	0	0	0	0
NR_156146.1	GIN-41-MGE-S217	0	0	0	0	0	0	0	0	0
NR_156145.1	GIN-41-MGE-S217	0	0	0	0	0	0	0	0	0
NR_156142.1	GIN-41-MGE-S217	0	0	0	0	0	0	0	0	0
NR_156138.1	GIN-41-MGE-S217	0	0	0	0	0	0	0	0	0
NR_156096.1	GIN-41-MGE-S217	0	0	0	0	0	0	0	0	0
NR_156091.1	GIN-41-MGE-S217	0	0	0	0	0	0	0	0	0
NR_156083.1	GIN-41-MGE-S217	0	0	0	0	0	0	0	0	0
NR_156059.1	GIN-41-MGE-S217	0	0	0	0	0	0	0	0	0
NR_156052.1	GIN-41-MGE-S217	0	0	0	0	0	0	0	0	0
NR_156045.1	GIN-41-MGE-S217	0	0	0	0	0	0	0	0	0
NR_156040.1	GIN-41-MGE-S217	0	0	0	0	0	0	0	0	0
NR_156036.1	GIN-41-MGE-S217	0	0	0	0	0	0	0	0	0
NR_156021.1	GIN-41-MGE-S217	0	0	0	0	0	0	0	0	0
NR_156018.1	GIN-41-MGE-S217	0	0	0	0	0	0	0	0	0
NR_114600.3	GIN-41-MGE-S217	0	0	0	0	0	0	0	0	0
NR_024866.2	GIN-41-MGE-S217	0	0	0	0	0	0	0	0	0
NR_153750.1	GIN-41-MGE-S217	0	0	0	0	0	0	0	0	0
NR_153749.1	GIN-41-MGE-S217	0	0	0	0	0	0	0	0	0
NR_153748.1	GIN-41-MGE-S217	0	0	0	0	0	0	0	0	0
NR_153740.1	GIN-41-MGE-S217	0	0	0	0	0	0	0	0	0
NR_153722.1	GIN-41-MGE-S217	0	0	0	0	0	0	0	0	0
NR_153721.1	GIN-41-MGE-S217	0	0	0	0	0	0	0	0	0
NR_153717.1	GIN-41-MGE-S217	0	0	0	0	0	0	0	0	0
NR_153715.1	GIN-41-MGE-S217	0	0	0	0	0	0	0	0	0
NR_153700.1	GIN-41-MGE-S217	0	0	0	0	0	0	0	0	0
NR_153697.1	GIN-41-MGE-S217	0	0	0	0	0	0	0	0	0
NR_153679.1	GIN-41-MGE-S217	0	0	0	0	0	0	0	0	0
NR_153678.1	GIN-41-MGE-S217	0	0	0	0	0	0	0	0	0
NR_153668.1	GIN-41-MGE-S217	0	0	0	0	0	0	0	0	0
NR_152716.1	GIN-41-MGE-S217	0	0	0	0	0	0	0	0	0
NR_152688.1	GIN-41-MGE-S217	0	0	0	0	0	0	0	0	0
NR_152676.1	GIN-41-MGE-S217	0	0	0	0	0	0	0	0	0
NR_152665.1	GIN-41-MGE-S217	0	0	0	0	0	0	0	0	0
NR_152649.1	GIN-41-MGE-S217	0	0	0	0	0	0	0	0	0
NR_152648.1	GIN-41-MGE-S217	0	0	0	0	0	0	0	0	0
NR_152647.1	GIN-41-MGE-S217	0	0	0	0	0	0	0	0	0
NR_152646.1	GIN-41-MGE-S217	0	0	0	0	0	0	0	0	0
NR_152645.1	GIN-41-MGE-S217	0	0	0	0	0	0	0	0	0
NR_152637.1	GIN-41-MGE-S217	0	0	0	0	0	0	0	0	0
NR_152635.1	GIN-41-MGE-S217	0	0	0	0	0	0	0	0	0
NR_152632.1	GIN-41-MGE-S217	0	0	0	0	0	0	0	0	0
NR_152626.1	GIN-41-MGE-S217	0	0	0	0	0	0	0	0	0
NR_152625.1	GIN-41-MGE-S217	0	0	0	0	0	0	0	0	0
NR_152623.1	GIN-41-MGE-S217	0	0	0	0	0	0	0	0	0
NR_152087.1	GIN-41-MGE-S217	0	0	0	0	0	0	0	0	0
NR_152065.1	GIN-41-MGE-S217	0	0	0	0	0	0	0	0	0
NR_152041.1	GIN-41-MGE-S217	0	0	0	0	0	0	0	0	0
NR_152029.1	GIN-41-MGE-S217	0	0	0	0	0	0	0	0	0
NR_152025.1	GIN-41-MGE-S217	0	0	0	0	0	0	0	0	0
NR_152024.1	GIN-41-MGE-S217	0	0	0	0	0	0	0	0	0
NR_152023.1	GIN-41-MGE-S217	0	0	0	0	0	0	0	0	0
NR_152022.1	GIN-41-MGE-S217	0	0	0	0	0	0	0	0	0
NR_152019.1	GIN-41-MGE-S217	0	0	0	0	0	0	0	0	0
NR_152016.1	GIN-41-MGE-S217	0	0	0	0	0	0	0	0	0
NR_152015.1	GIN-41-MGE-S217	0	0	0	0	0	0	0	0	0
NR_152014.1	GIN-41-MGE-S217	0	0	0	0	0	0	0	0	0
NR_152013.1	GIN-41-MGE-S217	0	0	0	0	0	0	0	0	0
NR_152010.1	GIN-41-MGE-S217	0	0	0	0	0	0	0	0	0
NR_152004.1	GIN-41-MGE-S217	0	0	0	0	0	0	0	0	0
NR_152001.1	GIN-41-MGE-S217	0	0	0	0	0	0	0	0	0
NR_151996.1	GIN-41-MGE-S217	0	0	0	0	0	0	0	0	0
NR_151955.1	GIN-41-MGE-S217	0	0	0	0	0	0	0	0	0
NR_151953.1	GIN-41-MGE-S217	0	0	0	0	0	0	0	0	0
NR_151952.1	GIN-41-MGE-S217	0	0	0	0	0	0	0	0	0
NR_151942.1	GIN-41-MGE-S217	0	0	0	0	0	0	0	0	0
NR_151940.1	GIN-41-MGE-S217	0	0	0	0	0	0	0	0	0
NR_151933.1	GIN-41-MGE-S217	0	0	0	0	0	0	0	0	0
NR_151932.1	GIN-41-MGE-S217	0	0	0	0	0	0	0	0	0
NR_151927.1	GIN-41-MGE-S217	0	0	0	0	0	0	0	0	0
NR_151923.1	GIN-41-MGE-S217	0	0	0	0	0	0	0	0	0
NR_151922.1	GIN-41-MGE-S217	0	0	0	0	0	0	0	0	0
NR_151908.1	GIN-41-MGE-S217	0	0	0	0	0	0	0	0	0
NR_151904.1	GIN-41-MGE-S217	0	0	0	0	0	0	0	0	0
NR_151901.1	GIN-41-MGE-S217	0	0	0	0	0	0	0	0	0
NR_151898.1	GIN-41-MGE-S217	0	0	0	0	0	0	0	0	0
NR_151897.1	GIN-41-MGE-S217	0	0	0	0	0	0	0	0	0
NR_151895.1	GIN-41-MGE-S217	0	0	0	0	0	0	0	0	0
NR_151894.1	GIN-41-MGE-S217	0	0	0	0	0	0	0	0	0
NR_151873.1	GIN-41-MGE-S217	0	0	0	0	0	0	0	0	0
NR_151867.1	GIN-41-MGE-S217	0	0	0	0	0	0	0	0	0
NR_151865.1	GIN-41-MGE-S217	0	0	0	0	0	0	0	0	0
NR_151864.1	GIN-41-MGE-S217	0	0	0	0	0	0	0	0	0
NR_151859.1	GIN-41-MGE-S217	0	0	0	0	0	0	0	0	0
NR_075015.2	GIN-41-MGE-S217	0	0	0	0	0	0	0	0	0
NR_074708.2	GIN-41-MGE-S217	0	0	0	0	0	0	0	0	0
NR_044656.2	GIN-41-MGE-S217	0	0	0	0	0	0	0	0	0
NR_074852.2	GIN-41-MGE-S217	0	0	0	0	0	0	0	0	0
NR_074747.2	GIN-41-MGE-S217	0	0	0	0	0	0	0	0	0
NR_074491.2	GIN-41-MGE-S217	0	0	0	0	0	0	0	0	0
NR_041730.2	GIN-41-MGE-S217	0	0	0	0	0	0	0	0	0
NR_042373.2	GIN-41-MGE-S217	0	0	0	0	0	0	0	0	0
NR_029163.2	GIN-41-MGE-S217	0	0	0	0	0	0	0	0	0
NR_102512.2	GIN-41-MGE-S217	0	0	0	0	0	0	0	0	0
NR_102794.2	GIN-41-MGE-S217	0	0	0	0	0	0	0	0	0
NR_075043.2	GIN-41-MGE-S217	0	0	0	0	0	0	0	0	0
NR_075035.2	GIN-41-MGE-S217	0	0	0	0	0	0	0	0	0
NR_118148.2	GIN-41-MGE-S217	0	0	0	0	0	0	0	0	0
NR_108411.2	GIN-41-MGE-S217	0	0	0	0	0	0	0	0	0
NR_103934.2	GIN-41-MGE-S217	0	0	0	0	0	0	0	0	0
NR_044686.3	GIN-41-MGE-S217	0	0	0	0	0	0	0	0	0
NR_109454.2	GIN-41-MGE-S217	0	0	0	0	0	0	0	0	0
NR_109621.2	GIN-41-MGE-S217	0	0	0	0	0	0	0	0	0
NR_044740.3	GIN-41-MGE-S217	0	0	0	0	0	0	0	0	0
NR_118302.2	GIN-41-MGE-S217	0	0	0	0	0	0	0	0	0
NR_118723.2	GIN-41-MGE-S217	0	0	0	0	0	0	0	0	0
NR_118729.2	GIN-41-MGE-S217	0	0	0	0	0	0	0	0	0
NR_132284.2	GIN-41-MGE-S217	0	0	0	0	0	0	0	0	0
NR_126245.2	GIN-41-MGE-S217	0	0	0	0	0	0	0	0	0
NR_121711.2	GIN-41-MGE-S217	0	0	0	0	0	0	0	0	0
NR_132287.2	GIN-41-MGE-S217	0	0	0	0	0	0	0	0	0
NR_134040.2	GIN-41-MGE-S217	0	0	0	0	0	0	0	0	0
NR_121773.2	GIN-41-MGE-S217	0	0	0	0	0	0	0	0	0
NR_121794.2	GIN-41-MGE-S217	0	0	0	0	0	0	0	0	0
NR_025868.2	GIN-41-MGE-S217	0	0	0	0	0	0	0	0	0
NR_025867.2	GIN-41-MGE-S217	0	0	0	0	0	0	0	0	0
NR_025866.2	GIN-41-MGE-S217	0	0	0	0	0	0	0	0	0
NR_025865.2	GIN-41-MGE-S217	0	0	0	0	0	0	0	0	0
NR_025869.2	GIN-41-MGE-S217	0	0	0	0	0	0	0	0	0
NR_025870.2	GIN-41-MGE-S217	0	0	0	0	0	0	0	0	0
NR_025871.2	GIN-41-MGE-S217	0	0	0	0	0	0	0	0	0
NR_026079.2	GIN-41-MGE-S217	0	0	0	0	0	0	0	0	0
NR_024714.2	GIN-41-MGE-S217	0	0	0	0	0	0	0	0	0
NR_029161.2	GIN-41-MGE-S217	0	0	0	0	0	0	0	0	0
NR_044678.2	GIN-41-MGE-S217	0	0	0	0	0	0	0	0	0
NR_040808.2	GIN-41-MGE-S217	0	0	0	0	0	0	0	0	0
NR_040828.2	GIN-41-MGE-S217	0	0	0	0	0	0	0	0	0
NR_041006.2	GIN-41-MGE-S217	0	0	0	0	0	0	0	0	0
NR_041740.2	GIN-41-MGE-S217	0	0	0	0	0	0	0	0	0
NR_044661.2	GIN-41-MGE-S217	0	0	0	0	0	0	0	0	0
NR_044719.2	GIN-41-MGE-S217	0	0	0	0	0	0	0	0	0
NR_044826.2	GIN-41-MGE-S217	0	0	0	0	0	0	0	0	0
NR_074354.2	GIN-41-MGE-S217	0	0	0	0	0	0	0	0	0
NR_074476.2	GIN-41-MGE-S217	0	0	0	0	0	0	0	0	0
NR_074511.2	GIN-41-MGE-S217	0	0	0	0	0	0	0	0	0
NR_074642.2	GIN-41-MGE-S217	0	0	0	0	0	0	0	0	0
NR_074655.2	GIN-41-MGE-S217	0	0	0	0	0	0	0	0	0
NR_074674.2	GIN-41-MGE-S217	0	0	0	0	0	0	0	0	0
NR_074713.2	GIN-41-MGE-S217	0	0	0	0	0	0	0	0	0
NR_074714.2	GIN-41-MGE-S217	0	0	0	0	0	0	0	0	0
NR_074716.2	GIN-41-MGE-S217	0	0	0	0	0	0	0	0	0
NR_074762.2	GIN-41-MGE-S217	0	0	0	0	0	0	0	0	0
NR_074770.2	GIN-41-MGE-S217	0	0	0	0	0	0	0	0	0
NR_074784.2	GIN-41-MGE-S217	0	0	0	0	0	0	0	0	0
NR_074793.2	GIN-41-MGE-S217	0	0	0	0	0	0	0	0	0
NR_074802.2	GIN-41-MGE-S217	0	0	0	0	0	0	0	0	0
NR_074895.2	GIN-41-MGE-S217	0	0	0	0	0	0	0	0	0
NR_074997.2	GIN-41-MGE-S217	0	0	0	0	0	0	0	0	0
NR_075014.2	GIN-41-MGE-S217	0	0	0	0	0	0	0	0	0
NR_075044.2	GIN-41-MGE-S217	0	0	0	0	0	0	0	0	0
NR_075051.2	GIN-41-MGE-S217	0	0	0	0	0	0	0	0	0
NR_102493.2	GIN-41-MGE-S217	0	0	0	0	0	0	0	0	0
NR_102500.2	GIN-41-MGE-S217	0	0	0	0	0	0	0	0	0
NR_102810.2	GIN-41-MGE-S217	0	0	0	0	0	0	0	0	0
NR_102959.2	GIN-41-MGE-S217	0	0	0	0	0	0	0	0	0
NR_109734.2	GIN-41-MGE-S217	0	0	0	0	0	0	0	0	0
NR_112083.2	GIN-41-MGE-S217	0	0	0	0	0	0	0	0	0
NR_112085.2	GIN-41-MGE-S217	0	0	0	0	0	0	0	0	0
NR_112116.2	GIN-41-MGE-S217	0	0	0	0	0	0	0	0	0
NR_112226.2	GIN-41-MGE-S217	0	0	0	0	0	0	0	0	0
NR_115284.2	GIN-41-MGE-S217	0	0	0	0	0	0	0	0	0
NR_115285.2	GIN-41-MGE-S217	0	0	0	0	0	0	0	0	0
NR_115286.2	GIN-41-MGE-S217	0	0	0	0	0	0	0	0	0
NR_115287.2	GIN-41-MGE-S217	0	0	0	0	0	0	0	0	0
NR_115571.2	GIN-41-MGE-S217	0	0	0	0	0	0	0	0	0
NR_116328.2	GIN-41-MGE-S217	0	0	0	0	0	0	0	0	0
NR_117992.2	GIN-41-MGE-S217	0	0	0	0	0	0	0	0	0
NR_118114.2	GIN-41-MGE-S217	0	0	0	0	0	0	0	0	0
NR_118587.2	GIN-41-MGE-S217	0	0	0	0	0	0	0	0	0
NR_118724.2	GIN-41-MGE-S217	0	0	0	0	0	0	0	0	0
NR_118728.2	GIN-41-MGE-S217	0	0	0	0	0	0	0	0	0
NR_118732.2	GIN-41-MGE-S217	0	0	0	0	0	0	0	0	0
NR_118997.2	GIN-41-MGE-S217	0	0	0	0	0	0	0	0	0
NR_119093.2	GIN-41-MGE-S217	0	0	0	0	0	0	0	0	0
NR_121689.2	GIN-41-MGE-S217	0	0	0	0	0	0	0	0	0
NR_121697.2	GIN-41-MGE-S217	0	0	0	0	0	0	0	0	0
NR_121699.2	GIN-41-MGE-S217	0	0	0	0	0	0	0	0	0
NR_121700.2	GIN-41-MGE-S217	0	0	0	0	0	0	0	0	0
NR_121712.2	GIN-41-MGE-S217	0	0	0	0	0	0	0	0	0
NR_121713.2	GIN-41-MGE-S217	0	0	0	0	0	0	0	0	0
NR_121719.2	GIN-41-MGE-S217	0	0	0	0	0	0	0	0	0
NR_121722.2	GIN-41-MGE-S217	0	0	0	0	0	0	0	0	0
NR_121732.2	GIN-41-MGE-S217	0	0	0	0	0	0	0	0	0
NR_121735.2	GIN-41-MGE-S217	0	0	0	0	0	0	0	0	0
NR_121741.2	GIN-41-MGE-S217	0	0	0	0	0	0	0	0	0
NR_121753.2	GIN-41-MGE-S217	0	0	0	0	0	0	0	0	0
NR_122055.2	GIN-41-MGE-S217	0	0	0	0	0	0	0	0	0
NR_125635.2	GIN-41-MGE-S217	0	0	0	0	0	0	0	0	0
NR_133704.2	GIN-41-MGE-S217	0	0	0	0	0	0	0	0	0
NR_126289.2	GIN-41-MGE-S217	0	0	0	0	0	0	0	0	0
NR_132306.2	GIN-41-MGE-S217	0	0	0	0	0	0	0	0	0
NR_133956.2	GIN-41-MGE-S217	0	0	0	0	0	0	0	0	0
NR_134223.2	GIN-41-MGE-S217	0	0	0	0	0	0	0	0	0
NR_134747.2	GIN-41-MGE-S217	0	0	0	0	0	0	0	0	0
NR_134748.2	GIN-41-MGE-S217	0	0	0	0	0	0	0	0	0
NR_134783.2	GIN-41-MGE-S217	0	0	0	0	0	0	0	0	0
NR_135859.2	GIN-41-MGE-S217	0	0	0	0	0	0	0	0	0
NR_136471.2	GIN-41-MGE-S217	0	0	0	0	0	0	0	0	0
NR_137356.2	GIN-41-MGE-S217	0	0	0	0	0	0	0	0	0
NR_137391.2	GIN-41-MGE-S217	0	0	0	0	0	0	0	0	0
NR_136784.2	GIN-41-MGE-S217	0	0	0	0	0	0	0	0	0
NR_136794.2	GIN-41-MGE-S217	0	0	0	0	0	0	0	0	0
NR_145662.2	GIN-41-MGE-S217	0	0	0	0	0	0	0	0	0
NR_145947.2	GIN-41-MGE-S217	0	0	0	0	0	0	0	0	0
NR_148325.2	GIN-41-MGE-S217	0	0	0	0	0	0	0	0	0
NR_043020.2	GIN-41-MGE-S217	0	0	0	0	0	0	0	0	0
NR_043022.2	GIN-41-MGE-S217	0	0	0	0	0	0	0	0	0
NR_149819.1	GIN-41-MGE-S217	0	0	0	0	0	0	0	0	0
NR_149818.1	GIN-41-MGE-S217	0	0	0	0	0	0	0	0	0
NR_149811.1	GIN-41-MGE-S217	0	0	0	0	0	0	0	0	0
NR_149810.1	GIN-41-MGE-S217	0	0	0	0	0	0	0	0	0
NR_149809.1	GIN-41-MGE-S217	0	0	0	0	0	0	0	0	0
NR_149808.1	GIN-41-MGE-S217	0	0	0	0	0	0	0	0	0
NR_149806.1	GIN-41-MGE-S217	0	0	0	0	0	0	0	0	0
NR_149764.1	GIN-41-MGE-S217	0	0	0	0	0	0	0	0	0
NR_149761.1	GIN-41-MGE-S217	0	0	0	0	0	0	0	0	0
NR_149758.1	GIN-41-MGE-S217	0	0	0	0	0	0	0	0	0
NR_149304.1	GIN-41-MGE-S217	0	0	0	0	0	0	0	0	0
NR_149299.1	GIN-41-MGE-S217	0	0	0	0	0	0	0	0	0
NR_149289.1	GIN-41-MGE-S217	0	0	0	0	0	0	0	0	0
NR_149284.1	GIN-41-MGE-S217	0	0	0	0	0	0	0	0	0
NR_149269.1	GIN-41-MGE-S217	0	0	0	0	0	0	0	0	0
NR_149253.1	GIN-41-MGE-S217	0	0	0	0	0	0	0	0	0
NR_149222.1	GIN-41-MGE-S217	0	0	0	0	0	0	0	0	0
NR_149213.1	GIN-41-MGE-S217	0	0	0	0	0	0	0	0	0
NR_149210.1	GIN-41-MGE-S217	0	0	0	0	0	0	0	0	0
NR_149209.1	GIN-41-MGE-S217	0	0	0	0	0	0	0	0	0
NR_149206.1	GIN-41-MGE-S217	0	0	0	0	0	0	0	0	0
NR_149197.1	GIN-41-MGE-S217	0	0	0	0	0	0	0	0	0
NR_149190.1	GIN-41-MGE-S217	0	0	0	0	0	0	0	0	0
NR_042657.2	GIN-41-MGE-S217	0	0	0	0	0	0	0	0	0
NR_119159.2	GIN-41-MGE-S217	0	0	0	0	0	0	0	0	0
NR_119158.2	GIN-41-MGE-S217	0	0	0	0	0	0	0	0	0
NR_117181.2	GIN-41-MGE-S217	0	0	0	0	0	0	0	0	0
NR_117157.2	GIN-41-MGE-S217	0	0	0	0	0	0	0	0	0
NR_116887.2	GIN-41-MGE-S217	0	0	0	0	0	0	0	0	0
NR_114841.2	GIN-41-MGE-S217	0	0	0	0	0	0	0	0	0
NR_112810.2	GIN-41-MGE-S217	0	0	0	0	0	0	0	0	0
NR_042248.2	GIN-41-MGE-S217	0	0	0	0	0	0	0	0	0
NR_041489.2	GIN-41-MGE-S217	0	0	0	0	0	0	0	0	0
NR_029290.2	GIN-41-MGE-S217	0	0	0	0	0	0	0	0	0
NR_029239.3	GIN-41-MGE-S217	0	0	0	0	0	0	0	0	0
NR_108488.2	GIN-41-MGE-S217	0	0	0	0	0	0	0	0	0
NR_042228.2	GIN-41-MGE-S217	0	0	0	0	0	0	0	0	0
NR_148892.1	GIN-41-MGE-S217	0	0	0	0	0	0	0	0	0
NR_148891.1	GIN-41-MGE-S217	0	0	0	0	0	0	0	0	0
NR_148890.1	GIN-41-MGE-S217	0	0	0	0	0	0	0	0	0
NR_148889.1	GIN-41-MGE-S217	0	0	0	0	0	0	0	0	0
NR_148888.1	GIN-41-MGE-S217	0	0	0	0	0	0	0	0	0
NR_148887.1	GIN-41-MGE-S217	0	0	0	0	0	0	0	0	0
NR_148886.1	GIN-41-MGE-S217	0	0	0	0	0	0	0	0	0
NR_148885.1	GIN-41-MGE-S217	0	0	0	0	0	0	0	0	0
NR_148884.1	GIN-41-MGE-S217	0	0	0	0	0	0	0	0	0
NR_148866.1	GIN-41-MGE-S217	0	0	0	0	0	0	0	0	0
NR_148855.1	GIN-41-MGE-S217	0	0	0	0	0	0	0	0	0
NR_148854.1	GIN-41-MGE-S217	0	0	0	0	0	0	0	0	0
NR_148847.1	GIN-41-MGE-S217	0	0	0	0	0	0	0	0	0
NR_148846.1	GIN-41-MGE-S217	0	0	0	0	0	0	0	0	0
NR_148845.1	GIN-41-MGE-S217	0	0	0	0	0	0	0	0	0
NR_148842.1	GIN-41-MGE-S217	0	0	0	0	0	0	0	0	0
NR_148827.1	GIN-41-MGE-S217	0	0	0	0	0	0	0	0	0
NR_148824.1	GIN-41-MGE-S217	0	0	0	0	0	0	0	0	0
NR_148812.1	GIN-41-MGE-S217	0	0	0	0	0	0	0	0	0
NR_148810.1	GIN-41-MGE-S217	0	0	0	0	0	0	0	0	0
NR_148801.1	GIN-41-MGE-S217	0	0	0	0	0	0	0	0	0
NR_148787.1	GIN-41-MGE-S217	0	0	0	0	0	0	0	0	0
NR_148786.1	GIN-41-MGE-S217	0	0	0	0	0	0	0	0	0
NR_148778.1	GIN-41-MGE-S217	0	0	0	0	0	0	0	0	0
NR_148768.1	GIN-41-MGE-S217	0	0	0	0	0	0	0	0	0
NR_148767.1	GIN-41-MGE-S217	0	0	0	0	0	0	0	0	0
NR_148764.1	GIN-41-MGE-S217	0	0	0	0	0	0	0	0	0
NR_148763.1	GIN-41-MGE-S217	0	0	0	0	0	0	0	0	0
NR_148759.1	GIN-41-MGE-S217	0	0	0	0	0	0	0	0	0
NR_148750.1	GIN-41-MGE-S217	0	0	0	0	0	0	0	0	0
NR_148747.1	GIN-41-MGE-S217	0	0	0	0	0	0	0	0	0
NR_148743.1	GIN-41-MGE-S217	0	0	0	0	0	0	0	0	0
NR_148742.1	GIN-41-MGE-S217	0	0	0	0	0	0	0	0	0
NR_148741.1	GIN-41-MGE-S217	0	0	0	0	0	0	0	0	0
NR_148740.1	GIN-41-MGE-S217	0	0	0	0	0	0	0	0	0
NR_148739.1	GIN-41-MGE-S217	0	0	0	0	0	0	0	0	0
NR_148738.1	GIN-41-MGE-S217	0	0	0	0	0	0	0	0	0
NR_148737.1	GIN-41-MGE-S217	0	0	0	0	0	0	0	0	0
NR_148736.1	GIN-41-MGE-S217	0	0	0	0	0	0	0	0	0
NR_148735.1	GIN-41-MGE-S217	0	0	0	0	0	0	0	0	0
NR_148734.1	GIN-41-MGE-S217	0	0	0	0	0	0	0	0	0
NR_148607.2	GIN-41-MGE-S217	0	0	0	0	0	0	0	0	0
NR_148666.1	GIN-41-MGE-S217	0	0	0	0	0	0	0	0	0
NR_148662.1	GIN-41-MGE-S217	0	0	0	0	0	0	0	0	0
NR_148657.1	GIN-41-MGE-S217	0	0	0	0	0	0	0	0	0
NR_148648.1	GIN-41-MGE-S217	0	0	0	0	0	0	0	0	0
NR_148647.1	GIN-41-MGE-S217	0	0	0	0	0	0	0	0	0
NR_148640.1	GIN-41-MGE-S217	0	0	0	0	0	0	0	0	0
NR_148639.1	GIN-41-MGE-S217	0	0	0	0	0	0	0	0	0
NR_148638.1	GIN-41-MGE-S217	0	0	0	0	0	0	0	0	0
NR_148637.1	GIN-41-MGE-S217	0	0	0	0	0	0	0	0	0
NR_148636.1	GIN-41-MGE-S217	0	0	0	0	0	0	0	0	0
NR_148631.1	GIN-41-MGE-S217	0	0	0	0	0	0	0	0	0
NR_148630.1	GIN-41-MGE-S217	0	0	0	0	0	0	0	0	0
NR_148628.1	GIN-41-MGE-S217	0	0	0	0	0	0	0	0	0
NR_148621.1	GIN-41-MGE-S217	0	0	0	0	0	0	0	0	0
NR_148619.1	GIN-41-MGE-S217	0	0	0	0	0	0	0	0	0
NR_148612.1	GIN-41-MGE-S217	0	0	0	0	0	0	0	0	0
NR_148608.1	GIN-41-MGE-S217	0	0	0	0	0	0	0	0	0
NR_148586.1	GIN-41-MGE-S217	0	0	0	0	0	0	0	0	0
NR_148575.1	GIN-41-MGE-S217	0	0	0	0	0	0	0	0	0
NR_148572.1	GIN-41-MGE-S217	0	0	0	0	0	0	0	0	0
NR_148335.1	GIN-41-MGE-S217	0	0	0	0	0	0	0	0	0
NR_148334.1	GIN-41-MGE-S217	0	0	0	0	0	0	0	0	0
NR_148333.1	GIN-41-MGE-S217	0	0	0	0	0	0	0	0	0
NR_148331.1	GIN-41-MGE-S217	0	0	0	0	0	0	0	0	0
NR_148319.1	GIN-41-MGE-S217	0	0	0	0	0	0	0	0	0
NR_148317.1	GIN-41-MGE-S217	0	0	0	0	0	0	0	0	0
NR_148308.1	GIN-41-MGE-S217	0	0	0	0	0	0	0	0	0
NR_148298.1	GIN-41-MGE-S217	0	0	0	0	0	0	0	0	0
NR_148297.1	GIN-41-MGE-S217	0	0	0	0	0	0	0	0	0
NR_148290.1	GIN-41-MGE-S217	0	0	0	0	0	0	0	0	0
NR_148278.1	GIN-41-MGE-S217	0	0	0	0	0	0	0	0	0
NR_148276.1	GIN-41-MGE-S217	0	0	0	0	0	0	0	0	0
NR_148268.1	GIN-41-MGE-S217	0	0	0	0	0	0	0	0	0
NR_148267.1	GIN-41-MGE-S217	0	0	0	0	0	0	0	0	0
NR_148256.1	GIN-41-MGE-S217	0	0	0	0	0	0	0	0	0
NR_148254.1	GIN-41-MGE-S217	0	0	0	0	0	0	0	0	0
NR_148252.1	GIN-41-MGE-S217	0	0	0	0	0	0	0	0	0
NR_148247.1	GIN-41-MGE-S217	0	0	0	0	0	0	0	0	0
NR_148244.1	GIN-41-MGE-S217	0	0	0	0	0	0	0	0	0
NR_147751.1	GIN-41-MGE-S217	0	0	0	0	0	0	0	0	0
NR_147396.1	GIN-41-MGE-S217	0	0	0	0	0	0	0	0	0
NR_146852.1	GIN-41-MGE-S217	0	0	0	0	0	0	0	0	0
NR_146846.1	GIN-41-MGE-S217	0	0	0	0	0	0	0	0	0
NR_146835.1	GIN-41-MGE-S217	0	0	0	0	0	0	0	0	0
NR_146834.1	GIN-41-MGE-S217	0	0	0	0	0	0	0	0	0
NR_146831.1	GIN-41-MGE-S217	0	0	0	0	0	0	0	0	0
NR_146828.1	GIN-41-MGE-S217	0	0	0	0	0	0	0	0	0
NR_104945.2	GIN-41-MGE-S217	0	0	0	0	0	0	0	0	0
NR_146709.1	GIN-41-MGE-S217	0	0	0	0	0	0	0	0	0
NR_146700.1	GIN-41-MGE-S217	0	0	0	0	0	0	0	0	0
NR_146699.1	GIN-41-MGE-S217	0	0	0	0	0	0	0	0	0
NR_146697.1	GIN-41-MGE-S217	0	0	0	0	0	0	0	0	0
NR_146694.1	GIN-41-MGE-S217	0	0	0	0	0	0	0	0	0
NR_146684.1	GIN-41-MGE-S217	0	0	0	0	0	0	0	0	0
NR_146678.1	GIN-41-MGE-S217	0	0	0	0	0	0	0	0	0
NR_146670.1	GIN-41-MGE-S217	0	0	0	0	0	0	0	0	0
NR_146658.1	GIN-41-MGE-S217	0	0	0	0	0	0	0	0	0
NR_146355.1	GIN-41-MGE-S217	0	0	0	0	0	0	0	0	0
NR_146354.1	GIN-41-MGE-S217	0	0	0	0	0	0	0	0	0
NR_146351.1	GIN-41-MGE-S217	0	0	0	0	0	0	0	0	0
NR_146349.1	GIN-41-MGE-S217	0	0	0	0	0	0	0	0	0
NR_146040.1	GIN-41-MGE-S217	0	0	0	0	0	0	0	0	0
NR_146030.1	GIN-41-MGE-S217	0	0	0	0	0	0	0	0	0
NR_146011.1	GIN-41-MGE-S217	0	0	0	0	0	0	0	0	0
NR_145951.1	GIN-41-MGE-S217	0	0	0	0	0	0	0	0	0
NR_145949.1	GIN-41-MGE-S217	0	0	0	0	0	0	0	0	0
NR_145939.1	GIN-41-MGE-S217	0	0	0	0	0	0	0	0	0
NR_145937.1	GIN-41-MGE-S217	0	0	0	0	0	0	0	0	0
NR_145932.1	GIN-41-MGE-S217	0	0	0	0	0	0	0	0	0
NR_145912.1	GIN-41-MGE-S217	0	0	0	0	0	0	0	0	0
NR_145908.1	GIN-41-MGE-S217	0	0	0	0	0	0	0	0	0
NR_145906.1	GIN-41-MGE-S217	0	0	0	0	0	0	0	0	0
NR_145902.1	GIN-41-MGE-S217	0	0	0	0	0	0	0	0	0
NR_145897.1	GIN-41-MGE-S217	0	0	0	0	0	0	0	0	0
NR_145894.1	GIN-41-MGE-S217	0	0	0	0	0	0	0	0	0
NR_145893.1	GIN-41-MGE-S217	0	0	0	0	0	0	0	0	0
NR_145890.1	GIN-41-MGE-S217	0	0	0	0	0	0	0	0	0
NR_145884.1	GIN-41-MGE-S217	0	0	0	0	0	0	0	0	0
NR_145879.1	GIN-41-MGE-S217	0	0	0	0	0	0	0	0	0
NR_145862.1	GIN-41-MGE-S217	0	0	0	0	0	0	0	0	0
NR_145861.1	GIN-41-MGE-S217	0	0	0	0	0	0	0	0	0
NR_145860.1	GIN-41-MGE-S217	0	0	0	0	0	0	0	0	0
NR_145859.1	GIN-41-MGE-S217	0	0	0	0	0	0	0	0	0
NR_145850.1	GIN-41-MGE-S217	0	0	0	0	0	0	0	0	0
NR_145660.1	GIN-41-MGE-S217	0	0	0	0	0	0	0	0	0
NR_145657.1	GIN-41-MGE-S217	0	0	0	0	0	0	0	0	0
NR_145651.1	GIN-41-MGE-S217	0	0	0	0	0	0	0	0	0
NR_145626.1	GIN-41-MGE-S217	0	0	0	0	0	0	0	0	0
NR_145612.1	GIN-41-MGE-S217	0	0	0	0	0	0	0	0	0
NR_145606.1	GIN-41-MGE-S217	0	0	0	0	0	0	0	0	0
NR_145605.1	GIN-41-MGE-S217	0	0	0	0	0	0	0	0	0
NR_145604.1	GIN-41-MGE-S217	0	0	0	0	0	0	0	0	0
NR_145603.1	GIN-41-MGE-S217	0	0	0	0	0	0	0	0	0
NR_145602.1	GIN-41-MGE-S217	0	0	0	0	0	0	0	0	0
NR_145601.1	GIN-41-MGE-S217	0	0	0	0	0	0	0	0	0
NR_145600.1	GIN-41-MGE-S217	0	0	0	0	0	0	0	0	0
NR_145599.1	GIN-41-MGE-S217	0	0	0	0	0	0	0	0	0
NR_145598.1	GIN-41-MGE-S217	0	0	0	0	0	0	0	0	0
NR_145597.1	GIN-41-MGE-S217	0	0	0	0	0	0	0	0	0
NR_145596.1	GIN-41-MGE-S217	0	0	0	0	0	0	0	0	0
NR_145595.1	GIN-41-MGE-S217	0	0	0	0	0	0	0	0	0
NR_145594.1	GIN-41-MGE-S217	0	0	0	0	0	0	0	0	0
NR_145590.1	GIN-41-MGE-S217	0	0	0	0	0	0	0	0	0
NR_145584.1	GIN-41-MGE-S217	0	0	0	0	0	0	0	0	0
NR_145568.1	GIN-41-MGE-S217	0	0	0	0	0	0	0	0	0
NR_145562.1	GIN-41-MGE-S217	0	0	0	0	0	0	0	0	0
NR_144749.1	GIN-41-MGE-S217	0	0	0	0	0	0	0	0	0
NR_144737.1	GIN-41-MGE-S217	0	0	0	0	0	0	0	0	0
NR_144601.1	GIN-41-MGE-S217	0	0	0	0	0	0	0	0	0
NR_144593.1	GIN-41-MGE-S217	0	0	0	0	0	0	0	0	0
NR_144586.1	GIN-41-MGE-S217	0	0	0	0	0	0	0	0	0
NR_144580.1	GIN-41-MGE-S217	0	0	0	0	0	0	0	0	0
NR_144577.1	GIN-41-MGE-S217	0	0	0	0	0	0	0	0	0
NR_137411.1	GIN-41-MGE-S217	0	0	0	0	0	0	0	0	0
NR_137409.1	GIN-41-MGE-S217	0	0	0	0	0	0	0	0	0
NR_137406.1	GIN-41-MGE-S217	0	0	0	0	0	0	0	0	0
NR_137383.1	GIN-41-MGE-S217	0	0	0	0	0	0	0	0	0
NR_137378.1	GIN-41-MGE-S217	0	0	0	0	0	0	0	0	0
NR_137373.1	GIN-41-MGE-S217	0	0	0	0	0	0	0	0	0
NR_137372.1	GIN-41-MGE-S217	0	0	0	0	0	0	0	0	0
NR_137370.1	GIN-41-MGE-S217	0	0	0	0	0	0	0	0	0
NR_137369.1	GIN-41-MGE-S217	0	0	0	0	0	0	0	0	0
NR_137368.1	GIN-41-MGE-S217	0	0	0	0	0	0	0	0	0
NR_137362.1	GIN-41-MGE-S217	0	0	0	0	0	0	0	0	0
NR_137358.1	GIN-41-MGE-S217	0	0	0	0	0	0	0	0	0
NR_137357.1	GIN-41-MGE-S217	0	0	0	0	0	0	0	0	0
NR_137340.1	GIN-41-MGE-S217	0	0	0	0	0	0	0	0	0
NR_137338.1	GIN-41-MGE-S217	0	0	0	0	0	0	0	0	0
NR_137273.1	GIN-41-MGE-S217	0	0	0	0	0	0	0	0	0
NR_137272.1	GIN-41-MGE-S217	0	0	0	0	0	0	0	0	0
NR_137271.1	GIN-41-MGE-S217	0	0	0	0	0	0	0	0	0
NR_137260.1	GIN-41-MGE-S217	0	0	0	0	0	0	0	0	0
NR_137259.1	GIN-41-MGE-S217	0	0	0	0	0	0	0	0	0
NR_137257.1	GIN-41-MGE-S217	0	0	0	0	0	0	0	0	0
NR_137251.1	GIN-41-MGE-S217	0	0	0	0	0	0	0	0	0
NR_137230.1	GIN-41-MGE-S217	0	0	0	0	0	0	0	0	0
NR_137229.1	GIN-41-MGE-S217	0	0	0	0	0	0	0	0	0
NR_137216.1	GIN-41-MGE-S217	0	0	0	0	0	0	0	0	0
NR_137204.1	GIN-41-MGE-S217	0	0	0	0	0	0	0	0	0
NR_136874.1	GIN-41-MGE-S217	0	0	0	0	0	0	0	0	0
NR_136858.1	GIN-41-MGE-S217	0	0	0	0	0	0	0	0	0
NR_136855.1	GIN-41-MGE-S217	0	0	0	0	0	0	0	0	0
NR_136846.1	GIN-41-MGE-S217	0	0	0	0	0	0	0	0	0
NR_136845.1	GIN-41-MGE-S217	0	0	0	0	0	0	0	0	0
NR_136841.1	GIN-41-MGE-S217	0	0	0	0	0	0	0	0	0
NR_136837.1	GIN-41-MGE-S217	0	0	0	0	0	0	0	0	0
NR_136834.1	GIN-41-MGE-S217	0	0	0	0	0	0	0	0	0
NR_136831.1	GIN-41-MGE-S217	0	0	0	0	0	0	0	0	0
NR_136829.1	GIN-41-MGE-S217	0	0	0	0	0	0	0	0	0
NR_136799.1	GIN-41-MGE-S217	0	0	0	0	0	0	0	0	0
NR_136791.1	GIN-41-MGE-S217	0	0	0	0	0	0	0	0	0
NR_136788.1	GIN-41-MGE-S217	0	0	0	0	0	0	0	0	0
NR_136787.1	GIN-41-MGE-S217	0	0	0	0	0	0	0	0	0
NR_136781.1	GIN-41-MGE-S217	0	0	0	0	0	0	0	0	0
NR_136766.1	GIN-41-MGE-S217	0	0	0	0	0	0	0	0	0
NR_136499.1	GIN-41-MGE-S217	0	0	0	0	0	0	0	0	0
NR_136496.1	GIN-41-MGE-S217	0	0	0	0	0	0	0	0	0
NR_136495.1	GIN-41-MGE-S217	0	0	0	0	0	0	0	0	0
NR_136494.1	GIN-41-MGE-S217	0	0	0	0	0	0	0	0	0
NR_136493.1	GIN-41-MGE-S217	0	0	0	0	0	0	0	0	0
NR_136492.1	GIN-41-MGE-S217	0	0	0	0	0	0	0	0	0
NR_136490.1	GIN-41-MGE-S217	0	0	0	0	0	0	0	0	0
NR_136489.1	GIN-41-MGE-S217	0	0	0	0	0	0	0	0	0
NR_136468.1	GIN-41-MGE-S217	0	0	0	0	0	0	0	0	0
NR_136467.1	GIN-41-MGE-S217	0	0	0	0	0	0	0	0	0
NR_136466.1	GIN-41-MGE-S217	0	0	0	0	0	0	0	0	0
NR_136465.1	GIN-41-MGE-S217	0	0	0	0	0	0	0	0	0
NR_136463.1	GIN-41-MGE-S217	0	0	0	0	0	0	0	0	0
NR_136457.1	GIN-41-MGE-S217	0	0	0	0	0	0	0	0	0
NR_136454.1	GIN-41-MGE-S217	0	0	0	0	0	0	0	0	0
NR_136453.1	GIN-41-MGE-S217	0	0	0	0	0	0	0	0	0
NR_136448.1	GIN-41-MGE-S217	0	0	0	0	0	0	0	0	0
NR_136447.1	GIN-41-MGE-S217	0	0	0	0	0	0	0	0	0
NR_136440.1	GIN-41-MGE-S217	0	0	0	0	0	0	0	0	0
NR_136437.1	GIN-41-MGE-S217	0	0	0	0	0	0	0	0	0
NR_136436.1	GIN-41-MGE-S217	0	0	0	0	0	0	0	0	0
NR_136435.1	GIN-41-MGE-S217	0	0	0	0	0	0	0	0	0
NR_136431.1	GIN-41-MGE-S217	0	0	0	0	0	0	0	0	0
NR_136428.1	GIN-41-MGE-S217	0	0	0	0	0	0	0	0	0
NR_136427.1	GIN-41-MGE-S217	0	0	0	0	0	0	0	0	0
NR_136426.1	GIN-41-MGE-S217	0	0	0	0	0	0	0	0	0
NR_136424.1	GIN-41-MGE-S217	0	0	0	0	0	0	0	0	0
NR_136421.1	GIN-41-MGE-S217	0	0	0	0	0	0	0	0	0
NR_136418.1	GIN-41-MGE-S217	0	0	0	0	0	0	0	0	0
NR_109496.1	GIN-41-MGE-S217	0	0	0	0	0	0	0	0	0
NR_135900.1	GIN-41-MGE-S217	0	0	0	0	0	0	0	0	0
NR_135894.1	GIN-41-MGE-S217	0	0	0	0	0	0	0	0	0
NR_135893.1	GIN-41-MGE-S217	0	0	0	0	0	0	0	0	0
NR_135884.1	GIN-41-MGE-S217	0	0	0	0	0	0	0	0	0
NR_135879.1	GIN-41-MGE-S217	0	0	0	0	0	0	0	0	0
NR_135878.1	GIN-41-MGE-S217	0	0	0	0	0	0	0	0	0
NR_135877.1	GIN-41-MGE-S217	0	0	0	0	0	0	0	0	0
NR_135869.1	GIN-41-MGE-S217	0	0	0	0	0	0	0	0	0
NR_135866.1	GIN-41-MGE-S217	0	0	0	0	0	0	0	0	0
NR_135863.1	GIN-41-MGE-S217	0	0	0	0	0	0	0	0	0
NR_135862.1	GIN-41-MGE-S217	0	0	0	0	0	0	0	0	0
NR_135860.1	GIN-41-MGE-S217	0	0	0	0	0	0	0	0	0
NR_135858.1	GIN-41-MGE-S217	0	0	0	0	0	0	0	0	0
NR_135735.1	GIN-41-MGE-S217	0	0	0	0	0	0	0	0	0
NR_135726.1	GIN-41-MGE-S217	0	0	0	0	0	0	0	0	0
NR_135725.1	GIN-41-MGE-S217	0	0	0	0	0	0	0	0	0
NR_135723.1	GIN-41-MGE-S217	0	0	0	0	0	0	0	0	0
NR_135722.1	GIN-41-MGE-S217	0	0	0	0	0	0	0	0	0
NR_135721.1	GIN-41-MGE-S217	0	0	0	0	0	0	0	0	0
NR_135716.1	GIN-41-MGE-S217	0	0	0	0	0	0	0	0	0
NR_135714.1	GIN-41-MGE-S217	0	0	0	0	0	0	0	0	0
NR_135708.1	GIN-41-MGE-S217	0	0	0	0	0	0	0	0	0
NR_135707.1	GIN-41-MGE-S217	0	0	0	0	0	0	0	0	0
NR_135706.1	GIN-41-MGE-S217	0	0	0	0	0	0	0	0	0
NR_135704.1	GIN-41-MGE-S217	0	0	0	0	0	0	0	0	0
NR_135700.1	GIN-41-MGE-S217	0	0	0	0	0	0	0	0	0
NR_134831.1	GIN-41-MGE-S217	0	0	0	0	0	0	0	0	0
NR_134818.1	GIN-41-MGE-S217	0	0	0	0	0	0	0	0	0
NR_134817.1	GIN-41-MGE-S217	0	0	0	0	0	0	0	0	0
NR_134807.1	GIN-41-MGE-S217	0	0	0	0	0	0	0	0	0
NR_134804.1	GIN-41-MGE-S217	0	0	0	0	0	0	0	0	0
NR_134801.1	GIN-41-MGE-S217	0	0	0	0	0	0	0	0	0
NR_134793.1	GIN-41-MGE-S217	0	0	0	0	0	0	0	0	0
NR_134792.1	GIN-41-MGE-S217	0	0	0	0	0	0	0	0	0
NR_134784.1	GIN-41-MGE-S217	0	0	0	0	0	0	0	0	0
NR_134775.1	GIN-41-MGE-S217	0	0	0	0	0	0	0	0	0
NR_134773.1	GIN-41-MGE-S217	0	0	0	0	0	0	0	0	0
NR_134772.1	GIN-41-MGE-S217	0	0	0	0	0	0	0	0	0
NR_134767.1	GIN-41-MGE-S217	0	0	0	0	0	0	0	0	0
NR_134766.1	GIN-41-MGE-S217	0	0	0	0	0	0	0	0	0
NR_134738.1	GIN-41-MGE-S217	0	0	0	0	0	0	0	0	0
NR_134737.1	GIN-41-MGE-S217	0	0	0	0	0	0	0	0	0
NR_134711.1	GIN-41-MGE-S217	0	0	0	0	0	0	0	0	0
NR_134710.1	GIN-41-MGE-S217	0	0	0	0	0	0	0	0	0
NR_134692.1	GIN-41-MGE-S217	0	0	0	0	0	0	0	0	0
NR_134685.1	GIN-41-MGE-S217	0	0	0	0	0	0	0	0	0
NR_114681.2	GIN-41-MGE-S217	0	0	0	0	0	0	0	0	0
NR_134232.1	GIN-41-MGE-S217	0	0	0	0	0	0	0	0	0
NR_134231.1	GIN-41-MGE-S217	0	0	0	0	0	0	0	0	0
NR_134228.1	GIN-41-MGE-S217	0	0	0	0	0	0	0	0	0
NR_134214.1	GIN-41-MGE-S217	0	0	0	0	0	0	0	0	0
NR_134206.1	GIN-41-MGE-S217	0	0	0	0	0	0	0	0	0
NR_134205.1	GIN-41-MGE-S217	0	0	0	0	0	0	0	0	0
NR_134204.1	GIN-41-MGE-S217	0	0	0	0	0	0	0	0	0
NR_134197.1	GIN-41-MGE-S217	0	0	0	0	0	0	0	0	0
NR_134195.1	GIN-41-MGE-S217	0	0	0	0	0	0	0	0	0
NR_134193.1	GIN-41-MGE-S217	0	0	0	0	0	0	0	0	0
NR_134192.1	GIN-41-MGE-S217	0	0	0	0	0	0	0	0	0
NR_134191.1	GIN-41-MGE-S217	0	0	0	0	0	0	0	0	0
NR_134173.1	GIN-41-MGE-S217	0	0	0	0	0	0	0	0	0
NR_134169.1	GIN-41-MGE-S217	0	0	0	0	0	0	0	0	0
NR_134165.1	GIN-41-MGE-S217	0	0	0	0	0	0	0	0	0
NR_134163.1	GIN-41-MGE-S217	0	0	0	0	0	0	0	0	0
NR_134162.1	GIN-41-MGE-S217	0	0	0	0	0	0	0	0	0
NR_134161.1	GIN-41-MGE-S217	0	0	0	0	0	0	0	0	0
NR_134160.1	GIN-41-MGE-S217	0	0	0	0	0	0	0	0	0
NR_134158.1	GIN-41-MGE-S217	0	0	0	0	0	0	0	0	0
NR_134145.1	GIN-41-MGE-S217	0	0	0	0	0	0	0	0	0
NR_134138.1	GIN-41-MGE-S217	0	0	0	0	0	0	0	0	0
NR_134130.1	GIN-41-MGE-S217	0	0	0	0	0	0	0	0	0
NR_134120.1	GIN-41-MGE-S217	0	0	0	0	0	0	0	0	0
NR_134100.1	GIN-41-MGE-S217	0	0	0	0	0	0	0	0	0
NR_134070.1	GIN-41-MGE-S217	0	0	0	0	0	0	0	0	0
NR_134069.1	GIN-41-MGE-S217	0	0	0	0	0	0	0	0	0
NR_134068.1	GIN-41-MGE-S217	0	0	0	0	0	0	0	0	0
NR_134048.1	GIN-41-MGE-S217	0	0	0	0	0	0	0	0	0
NR_134046.1	GIN-41-MGE-S217	0	0	0	0	0	0	0	0	0
NR_134045.1	GIN-41-MGE-S217	0	0	0	0	0	0	0	0	0
NR_134041.1	GIN-41-MGE-S217	0	0	0	0	0	0	0	0	0
NR_134031.1	GIN-41-MGE-S217	0	0	0	0	0	0	0	0	0
NR_134015.1	GIN-41-MGE-S217	0	0	0	0	0	0	0	0	0
NR_134012.1	GIN-41-MGE-S217	0	0	0	0	0	0	0	0	0
NR_134002.1	GIN-41-MGE-S217	0	0	0	0	0	0	0	0	0
NR_134001.1	GIN-41-MGE-S217	0	0	0	0	0	0	0	0	0
NR_133997.1	GIN-41-MGE-S217	0	0	0	0	0	0	0	0	0
NR_133995.1	GIN-41-MGE-S217	0	0	0	0	0	0	0	0	0
NR_133981.1	GIN-41-MGE-S217	0	0	0	0	0	0	0	0	0
NR_133965.1	GIN-41-MGE-S217	0	0	0	0	0	0	0	0	0
NR_133949.1	GIN-41-MGE-S217	0	0	0	0	0	0	0	0	0
NR_109294.1	GIN-41-MGE-S217	0	0	0	0	0	0	0	0	0
NR_133904.1	GIN-41-MGE-S217	0	0	0	0	0	0	0	0	0
NR_133903.1	GIN-41-MGE-S217	0	0	0	0	0	0	0	0	0
NR_133890.1	GIN-41-MGE-S217	0	0	0	0	0	0	0	0	0
NR_133886.1	GIN-41-MGE-S217	0	0	0	0	0	0	0	0	0
NR_133865.1	GIN-41-MGE-S217	0	0	0	0	0	0	0	0	0
NR_133858.1	GIN-41-MGE-S217	0	0	0	0	0	0	0	0	0
NR_133799.1	GIN-41-MGE-S217	0	0	0	0	0	0	0	0	0
NR_133777.1	GIN-41-MGE-S217	0	0	0	0	0	0	0	0	0
NR_133766.1	GIN-41-MGE-S217	0	0	0	0	0	0	0	0	0
NR_133727.1	GIN-41-MGE-S217	0	0	0	0	0	0	0	0	0
NR_133726.1	GIN-41-MGE-S217	0	0	0	0	0	0	0	0	0
NR_133725.1	GIN-41-MGE-S217	0	0	0	0	0	0	0	0	0
NR_133724.1	GIN-41-MGE-S217	0	0	0	0	0	0	0	0	0
NR_133723.1	GIN-41-MGE-S217	0	0	0	0	0	0	0	0	0
NR_133722.1	GIN-41-MGE-S217	0	0	0	0	0	0	0	0	0
NR_133721.1	GIN-41-MGE-S217	0	0	0	0	0	0	0	0	0
NR_133717.1	GIN-41-MGE-S217	0	0	0	0	0	0	0	0	0
NR_133713.1	GIN-41-MGE-S217	0	0	0	0	0	0	0	0	0
NR_133710.1	GIN-41-MGE-S217	0	0	0	0	0	0	0	0	0
NR_133700.1	GIN-41-MGE-S217	0	0	0	0	0	0	0	0	0
NR_133694.1	GIN-41-MGE-S217	0	0	0	0	0	0	0	0	0
NR_133691.1	GIN-41-MGE-S217	0	0	0	0	0	0	0	0	0
NR_133690.1	GIN-41-MGE-S217	0	0	0	0	0	0	0	0	0
NR_133689.1	GIN-41-MGE-S217	0	0	0	0	0	0	0	0	0
NR_133688.1	GIN-41-MGE-S217	0	0	0	0	0	0	0	0	0
NR_117747.2	GIN-41-MGE-S217	0	0	0	0	0	0	0	0	0
NR_117746.2	GIN-41-MGE-S217	0	0	0	0	0	0	0	0	0
NR_117745.2	GIN-41-MGE-S217	0	0	0	0	0	0	0	0	0
NR_117733.2	GIN-41-MGE-S217	0	0	0	0	0	0	0	0	0
NR_117732.2	GIN-41-MGE-S217	0	0	0	0	0	0	0	0	0
NR_117731.2	GIN-41-MGE-S217	0	0	0	0	0	0	0	0	0
NR_117730.2	GIN-41-MGE-S217	0	0	0	0	0	0	0	0	0
NR_117729.2	GIN-41-MGE-S217	0	0	0	0	0	0	0	0	0
NR_117728.2	GIN-41-MGE-S217	0	0	0	0	0	0	0	0	0
NR_117727.2	GIN-41-MGE-S217	0	0	0	0	0	0	0	0	0
NR_117726.2	GIN-41-MGE-S217	0	0	0	0	0	0	0	0	0
NR_117725.2	GIN-41-MGE-S217	0	0	0	0	0	0	0	0	0
NR_117724.2	GIN-41-MGE-S217	0	0	0	0	0	0	0	0	0
NR_117723.2	GIN-41-MGE-S217	0	0	0	0	0	0	0	0	0
NR_117722.2	GIN-41-MGE-S217	0	0	0	0	0	0	0	0	0
NR_117721.2	GIN-41-MGE-S217	0	0	0	0	0	0	0	0	0
NR_117720.2	GIN-41-MGE-S217	0	0	0	0	0	0	0	0	0
NR_117139.2	GIN-41-MGE-S217	0	0	0	0	0	0	0	0	0
NR_117138.2	GIN-41-MGE-S217	0	0	0	0	0	0	0	0	0
NR_117136.2	GIN-41-MGE-S217	0	0	0	0	0	0	0	0	0
NR_117135.2	GIN-41-MGE-S217	0	0	0	0	0	0	0	0	0
NR_117134.2	GIN-41-MGE-S217	0	0	0	0	0	0	0	0	0
NR_117133.2	GIN-41-MGE-S217	0	0	0	0	0	0	0	0	0
NR_117132.2	GIN-41-MGE-S217	0	0	0	0	0	0	0	0	0
NR_133053.1	GIN-41-MGE-S217	0	0	0	0	0	0	0	0	0
NR_133052.1	GIN-41-MGE-S217	0	0	0	0	0	0	0	0	0
NR_133049.1	GIN-41-MGE-S217	0	0	0	0	0	0	0	0	0
NR_133037.1	GIN-41-MGE-S217	0	0	0	0	0	0	0	0	0
NR_133021.1	GIN-41-MGE-S217	0	0	0	0	0	0	0	0	0
NG_042884.1	GIN-41-MGE-S217	0	0	0	0	0	0	0	0	0
NG_042883.1	GIN-41-MGE-S217	0	0	0	0	0	0	0	0	0
NR_041748.2	GIN-41-MGE-S217	0	0	0	0	0	0	0	0	0
NG_042882.1	GIN-41-MGE-S217	0	0	0	0	0	0	0	0	0
NR_115314.2	GIN-41-MGE-S217	0	0	0	0	0	0	0	0	0
NG_042880.1	GIN-41-MGE-S217	0	0	0	0	0	0	0	0	0
NR_114604.2	GIN-41-MGE-S217	0	0	0	0	0	0	0	0	0
NR_132723.1	GIN-41-MGE-S217	0	0	0	0	0	0	0	0	0
NR_132719.1	GIN-41-MGE-S217	0	0	0	0	0	0	0	0	0
NR_132718.1	GIN-41-MGE-S217	0	0	0	0	0	0	0	0	0
NR_132716.1	GIN-41-MGE-S217	0	0	0	0	0	0	0	0	0
NR_132692.1	GIN-41-MGE-S217	0	0	0	0	0	0	0	0	0
NR_132673.1	GIN-41-MGE-S217	0	0	0	0	0	0	0	0	0
NR_132662.1	GIN-41-MGE-S217	0	0	0	0	0	0	0	0	0
NR_132611.1	GIN-41-MGE-S217	0	0	0	0	0	0	0	0	0
NR_132592.1	GIN-41-MGE-S217	0	0	0	0	0	0	0	0	0
NR_132591.1	GIN-41-MGE-S217	0	0	0	0	0	0	0	0	0
NR_132590.1	GIN-41-MGE-S217	0	0	0	0	0	0	0	0	0
NR_132394.1	GIN-41-MGE-S217	0	0	0	0	0	0	0	0	0
NR_132390.1	GIN-41-MGE-S217	0	0	0	0	0	0	0	0	0
NR_132335.1	GIN-41-MGE-S217	0	0	0	0	0	0	0	0	0
NR_132333.1	GIN-41-MGE-S217	0	0	0	0	0	0	0	0	0
NR_132332.1	GIN-41-MGE-S217	0	0	0	0	0	0	0	0	0
NR_132298.1	GIN-41-MGE-S217	0	0	0	0	0	0	0	0	0
NR_132285.1	GIN-41-MGE-S217	0	0	0	0	0	0	0	0	0
NR_102767.2	GIN-41-MGE-S217	0	0	0	0	0	0	0	0	0
NR_131771.1	GIN-41-MGE-S217	0	0	0	0	0	0	0	0	0
NR_102768.2	GIN-41-MGE-S217	0	0	0	0	0	0	0	0	0
NR_115102.2	GIN-41-MGE-S217	0	0	0	0	0	0	0	0	0
NR_037064.2	GIN-41-MGE-S217	0	0	0	0	0	0	0	0	0
NR_126323.1	GIN-41-MGE-S217	0	0	0	0	0	0	0	0	0
NR_126322.1	GIN-41-MGE-S217	0	0	0	0	0	0	0	0	0
NR_126321.1	GIN-41-MGE-S217	0	0	0	0	0	0	0	0	0
NR_126320.1	GIN-41-MGE-S217	0	0	0	0	0	0	0	0	0
NR_126319.1	GIN-41-MGE-S217	0	0	0	0	0	0	0	0	0
NR_126318.1	GIN-41-MGE-S217	0	0	0	0	0	0	0	0	0
NR_126317.1	GIN-41-MGE-S217	0	0	0	0	0	0	0	0	0
NR_126316.1	GIN-41-MGE-S217	0	0	0	0	0	0	0	0	0
NR_126312.1	GIN-41-MGE-S217	0	0	0	0	0	0	0	0	0
NR_126305.1	GIN-41-MGE-S217	0	0	0	0	0	0	0	0	0
NR_126304.1	GIN-41-MGE-S217	0	0	0	0	0	0	0	0	0
NR_126303.1	GIN-41-MGE-S217	0	0	0	0	0	0	0	0	0
NR_126297.1	GIN-41-MGE-S217	0	0	0	0	0	0	0	0	0
NR_126295.1	GIN-41-MGE-S217	0	0	0	0	0	0	0	0	0
NR_126291.1	GIN-41-MGE-S217	0	0	0	0	0	0	0	0	0
NR_126286.1	GIN-41-MGE-S217	0	0	0	0	0	0	0	0	0
NR_126276.1	GIN-41-MGE-S217	0	0	0	0	0	0	0	0	0
NR_126272.1	GIN-41-MGE-S217	0	0	0	0	0	0	0	0	0
NR_126263.1	GIN-41-MGE-S217	0	0	0	0	0	0	0	0	0
NR_126258.1	GIN-41-MGE-S217	0	0	0	0	0	0	0	0	0
NR_126257.1	GIN-41-MGE-S217	0	0	0	0	0	0	0	0	0
NR_126256.1	GIN-41-MGE-S217	0	0	0	0	0	0	0	0	0
NR_126254.1	GIN-41-MGE-S217	0	0	0	0	0	0	0	0	0
NR_126246.1	GIN-41-MGE-S217	0	0	0	0	0	0	0	0	0
NR_126243.1	GIN-41-MGE-S217	0	0	0	0	0	0	0	0	0
NR_126241.1	GIN-41-MGE-S217	0	0	0	0	0	0	0	0	0
NR_126238.1	GIN-41-MGE-S217	0	0	0	0	0	0	0	0	0
NR_126208.1	GIN-41-MGE-S217	0	0	0	0	0	0	0	0	0
NR_126205.1	GIN-41-MGE-S217	0	0	0	0	0	0	0	0	0
NR_126198.1	GIN-41-MGE-S217	0	0	0	0	0	0	0	0	0
NR_126195.1	GIN-41-MGE-S217	0	0	0	0	0	0	0	0	0
NR_126194.1	GIN-41-MGE-S217	0	0	0	0	0	0	0	0	0
NR_126190.1	GIN-41-MGE-S217	0	0	0	0	0	0	0	0	0
NR_126171.1	GIN-41-MGE-S217	0	0	0	0	0	0	0	0	0
NR_029364.2	GIN-41-MGE-S217	0	0	0	0	0	0	0	0	0
NR_117738.2	GIN-41-MGE-S217	0	0	0	0	0	0	0	0	0
NR_117737.2	GIN-41-MGE-S217	0	0	0	0	0	0	0	0	0
NR_117736.2	GIN-41-MGE-S217	0	0	0	0	0	0	0	0	0
NR_117690.2	GIN-41-MGE-S217	0	0	0	0	0	0	0	0	0
NR_117689.2	GIN-41-MGE-S217	0	0	0	0	0	0	0	0	0
NR_117688.2	GIN-41-MGE-S217	0	0	0	0	0	0	0	0	0
NR_117687.2	GIN-41-MGE-S217	0	0	0	0	0	0	0	0	0
NR_043977.2	GIN-41-MGE-S217	0	0	0	0	0	0	0	0	0
NR_029336.2	GIN-41-MGE-S217	0	0	0	0	0	0	0	0	0
NR_025774.2	GIN-41-MGE-S217	0	0	0	0	0	0	0	0	0
NR_104559.2	GIN-41-MGE-S217	0	0	0	0	0	0	0	0	0
NR_037054.2	GIN-41-MGE-S217	0	0	0	0	0	0	0	0	0
NR_116991.2	GIN-41-MGE-S217	0	0	0	0	0	0	0	0	0
NR_114785.2	GIN-41-MGE-S217	0	0	0	0	0	0	0	0	0
NR_114779.2	GIN-41-MGE-S217	0	0	0	0	0	0	0	0	0
NR_114777.2	GIN-41-MGE-S217	0	0	0	0	0	0	0	0	0
NR_114788.2	GIN-41-MGE-S217	0	0	0	0	0	0	0	0	0
NR_114783.2	GIN-41-MGE-S217	0	0	0	0	0	0	0	0	0
NR_114784.2	GIN-41-MGE-S217	0	0	0	0	0	0	0	0	0
NR_114787.2	GIN-41-MGE-S217	0	0	0	0	0	0	0	0	0
NR_114786.2	GIN-41-MGE-S217	0	0	0	0	0	0	0	0	0
NR_114778.2	GIN-41-MGE-S217	0	0	0	0	0	0	0	0	0
NR_114781.2	GIN-41-MGE-S217	0	0	0	0	0	0	0	0	0
NR_114780.2	GIN-41-MGE-S217	0	0	0	0	0	0	0	0	0
NR_125812.1	GIN-41-MGE-S217	0	0	0	0	0	0	0	0	0
NR_125811.1	GIN-41-MGE-S217	0	0	0	0	0	0	0	0	0
NR_117646.2	GIN-41-MGE-S217	0	0	0	0	0	0	0	0	0
NR_115042.2	GIN-41-MGE-S217	0	0	0	0	0	0	0	0	0
NR_125714.1	GIN-41-MGE-S217	0	0	0	0	0	0	0	0	0
NR_125713.1	GIN-41-MGE-S217	0	0	0	0	0	0	0	0	0
NR_125712.1	GIN-41-MGE-S217	0	0	0	0	0	0	0	0	0
NR_125711.1	GIN-41-MGE-S217	0	0	0	0	0	0	0	0	0
NR_125710.1	GIN-41-MGE-S217	0	0	0	0	0	0	0	0	0
NR_125700.1	GIN-41-MGE-S217	0	0	0	0	0	0	0	0	0
NR_125695.1	GIN-41-MGE-S217	0	0	0	0	0	0	0	0	0
NR_125693.1	GIN-41-MGE-S217	0	0	0	0	0	0	0	0	0
NR_125689.1	GIN-41-MGE-S217	0	0	0	0	0	0	0	0	0
NR_125688.1	GIN-41-MGE-S217	0	0	0	0	0	0	0	0	0
NR_125687.1	GIN-41-MGE-S217	0	0	0	0	0	0	0	0	0
NR_125686.1	GIN-41-MGE-S217	0	0	0	0	0	0	0	0	0
NR_125685.1	GIN-41-MGE-S217	0	0	0	0	0	0	0	0	0
NR_125684.1	GIN-41-MGE-S217	0	0	0	0	0	0	0	0	0
NR_125683.1	GIN-41-MGE-S217	0	0	0	0	0	0	0	0	0
NR_125682.1	GIN-41-MGE-S217	0	0	0	0	0	0	0	0	0
NR_125679.1	GIN-41-MGE-S217	0	0	0	0	0	0	0	0	0
NR_125678.1	GIN-41-MGE-S217	0	0	0	0	0	0	0	0	0
NR_125676.1	GIN-41-MGE-S217	0	0	0	0	0	0	0	0	0
NR_125653.1	GIN-41-MGE-S217	0	0	0	0	0	0	0	0	0
NR_125649.1	GIN-41-MGE-S217	0	0	0	0	0	0	0	0	0
NR_125631.1	GIN-41-MGE-S217	0	0	0	0	0	0	0	0	0
NR_125626.1	GIN-41-MGE-S217	0	0	0	0	0	0	0	0	0
NR_125611.1	GIN-41-MGE-S217	0	0	0	0	0	0	0	0	0
NR_125599.1	GIN-41-MGE-S217	0	0	0	0	0	0	0	0	0
NR_125585.1	GIN-41-MGE-S217	0	0	0	0	0	0	0	0	0
NR_125581.1	GIN-41-MGE-S217	0	0	0	0	0	0	0	0	0
NR_125576.1	GIN-41-MGE-S217	0	0	0	0	0	0	0	0	0
NR_125568.1	GIN-41-MGE-S217	0	0	0	0	0	0	0	0	0
NR_125567.1	GIN-41-MGE-S217	0	0	0	0	0	0	0	0	0
NR_125564.1	GIN-41-MGE-S217	0	0	0	0	0	0	0	0	0
NR_125559.1	GIN-41-MGE-S217	0	0	0	0	0	0	0	0	0
NR_125558.1	GIN-41-MGE-S217	0	0	0	0	0	0	0	0	0
NR_125553.1	GIN-41-MGE-S217	0	0	0	0	0	0	0	0	0
NR_125539.1	GIN-41-MGE-S217	0	0	0	0	0	0	0	0	0
NR_125534.1	GIN-41-MGE-S217	0	0	0	0	0	0	0	0	0
NR_125532.1	GIN-41-MGE-S217	0	0	0	0	0	0	0	0	0
NR_125530.1	GIN-41-MGE-S217	0	0	0	0	0	0	0	0	0
NR_125529.1	GIN-41-MGE-S217	0	0	0	0	0	0	0	0	0
NR_125526.1	GIN-41-MGE-S217	0	0	0	0	0	0	0	0	0
NR_125525.1	GIN-41-MGE-S217	0	0	0	0	0	0	0	0	0
NR_125524.1	GIN-41-MGE-S217	0	0	0	0	0	0	0	0	0
NR_125522.1	GIN-41-MGE-S217	0	0	0	0	0	0	0	0	0
NR_125521.1	GIN-41-MGE-S217	0	0	0	0	0	0	0	0	0
NR_125520.1	GIN-41-MGE-S217	0	0	0	0	0	0	0	0	0
NR_125519.1	GIN-41-MGE-S217	0	0	0	0	0	0	0	0	0
NR_125516.1	GIN-41-MGE-S217	0	0	0	0	0	0	0	0	0
NR_125514.1	GIN-41-MGE-S217	0	0	0	0	0	0	0	0	0
NR_125509.1	GIN-41-MGE-S217	0	0	0	0	0	0	0	0	0
NR_125508.1	GIN-41-MGE-S217	0	0	0	0	0	0	0	0	0
NR_125507.1	GIN-41-MGE-S217	0	0	0	0	0	0	0	0	0
NR_125506.1	GIN-41-MGE-S217	0	0	0	0	0	0	0	0	0
NR_125504.1	GIN-41-MGE-S217	0	0	0	0	0	0	0	0	0
NR_125501.1	GIN-41-MGE-S217	0	0	0	0	0	0	0	0	0
NR_125490.1	GIN-41-MGE-S217	0	0	0	0	0	0	0	0	0
NR_125485.1	GIN-41-MGE-S217	0	0	0	0	0	0	0	0	0
NR_125482.1	GIN-41-MGE-S217	0	0	0	0	0	0	0	0	0
NR_125481.1	GIN-41-MGE-S217	0	0	0	0	0	0	0	0	0
NR_125480.1	GIN-41-MGE-S217	0	0	0	0	0	0	0	0	0
NR_125460.1	GIN-41-MGE-S217	0	0	0	0	0	0	0	0	0
NR_125453.1	GIN-41-MGE-S217	0	0	0	0	0	0	0	0	0
NR_125452.1	GIN-41-MGE-S217	0	0	0	0	0	0	0	0	0
NR_125448.1	GIN-41-MGE-S217	0	0	0	0	0	0	0	0	0
NR_125447.1	GIN-41-MGE-S217	0	0	0	0	0	0	0	0	0
NR_125446.1	GIN-41-MGE-S217	0	0	0	0	0	0	0	0	0
NR_125445.1	GIN-41-MGE-S217	0	0	0	0	0	0	0	0	0
NR_125444.1	GIN-41-MGE-S217	0	0	0	0	0	0	0	0	0
NR_125443.1	GIN-41-MGE-S217	0	0	0	0	0	0	0	0	0
NR_125442.1	GIN-41-MGE-S217	0	0	0	0	0	0	0	0	0
NR_116992.1	GIN-41-MGE-S217	0	0	0	0	0	0	0	0	0
NR_114887.2	GIN-41-MGE-S217	0	0	0	0	0	0	0	0	0
NR_122103.1	GIN-41-MGE-S217	0	0	0	0	0	0	0	0	0
NR_122102.1	GIN-41-MGE-S217	0	0	0	0	0	0	0	0	0
NR_122093.1	GIN-41-MGE-S217	0	0	0	0	0	0	0	0	0
NR_122089.1	GIN-41-MGE-S217	0	0	0	0	0	0	0	0	0
NR_122083.1	GIN-41-MGE-S217	0	0	0	0	0	0	0	0	0
NR_122068.1	GIN-41-MGE-S217	0	0	0	0	0	0	0	0	0
NR_122067.1	GIN-41-MGE-S217	0	0	0	0	0	0	0	0	0
NR_122066.1	GIN-41-MGE-S217	0	0	0	0	0	0	0	0	0
NR_122065.1	GIN-41-MGE-S217	0	0	0	0	0	0	0	0	0
NR_122064.1	GIN-41-MGE-S217	0	0	0	0	0	0	0	0	0
NR_122063.1	GIN-41-MGE-S217	0	0	0	0	0	0	0	0	0
NR_122062.1	GIN-41-MGE-S217	0	0	0	0	0	0	0	0	0
NR_122061.1	GIN-41-MGE-S217	0	0	0	0	0	0	0	0	0
NR_122060.1	GIN-41-MGE-S217	0	0	0	0	0	0	0	0	0
NR_122059.1	GIN-41-MGE-S217	0	0	0	0	0	0	0	0	0
NR_122057.1	GIN-41-MGE-S217	0	0	0	0	0	0	0	0	0
NR_122056.1	GIN-41-MGE-S217	0	0	0	0	0	0	0	0	0
NR_122054.1	GIN-41-MGE-S217	0	0	0	0	0	0	0	0	0
NR_122053.1	GIN-41-MGE-S217	0	0	0	0	0	0	0	0	0
NR_122052.1	GIN-41-MGE-S217	0	0	0	0	0	0	0	0	0
NR_122051.1	GIN-41-MGE-S217	0	0	0	0	0	0	0	0	0
NR_122050.1	GIN-41-MGE-S217	0	0	0	0	0	0	0	0	0
NR_121797.1	GIN-41-MGE-S217	0	0	0	0	0	0	0	0	0
NR_121782.1	GIN-41-MGE-S217	0	0	0	0	0	0	0	0	0
NR_121761.1	GIN-41-MGE-S217	0	0	0	0	0	0	0	0	0
NR_121758.1	GIN-41-MGE-S217	0	0	0	0	0	0	0	0	0
NR_121745.1	GIN-41-MGE-S217	0	0	0	0	0	0	0	0	0
NR_121742.1	GIN-41-MGE-S217	0	0	0	0	0	0	0	0	0
NR_121740.1	GIN-41-MGE-S217	0	0	0	0	0	0	0	0	0
NR_121739.1	GIN-41-MGE-S217	0	0	0	0	0	0	0	0	0
NR_121738.1	GIN-41-MGE-S217	0	0	0	0	0	0	0	0	0
NR_121737.1	GIN-41-MGE-S217	0	0	0	0	0	0	0	0	0
NR_121736.1	GIN-41-MGE-S217	0	0	0	0	0	0	0	0	0
NR_121734.1	GIN-41-MGE-S217	0	0	0	0	0	0	0	0	0
NR_121733.1	GIN-41-MGE-S217	0	0	0	0	0	0	0	0	0
NR_121731.1	GIN-41-MGE-S217	0	0	0	0	0	0	0	0	0
NR_121730.1	GIN-41-MGE-S217	0	0	0	0	0	0	0	0	0
NR_121729.1	GIN-41-MGE-S217	0	0	0	0	0	0	0	0	0
NR_121727.1	GIN-41-MGE-S217	0	0	0	0	0	0	0	0	0
NR_121725.1	GIN-41-MGE-S217	0	0	0	0	0	0	0	0	0
NR_121724.1	GIN-41-MGE-S217	0	0	0	0	0	0	0	0	0
NR_121723.1	GIN-41-MGE-S217	0	0	0	0	0	0	0	0	0
NR_121721.1	GIN-41-MGE-S217	0	0	0	0	0	0	0	0	0
NR_121718.1	GIN-41-MGE-S217	0	0	0	0	0	0	0	0	0
NR_121717.1	GIN-41-MGE-S217	0	0	0	0	0	0	0	0	0
NR_121716.1	GIN-41-MGE-S217	0	0	0	0	0	0	0	0	0
NR_121714.1	GIN-41-MGE-S217	0	0	0	0	0	0	0	0	0
NR_121710.1	GIN-41-MGE-S217	0	0	0	0	0	0	0	0	0
NR_121709.1	GIN-41-MGE-S217	0	0	0	0	0	0	0	0	0
NR_121708.1	GIN-41-MGE-S217	0	0	0	0	0	0	0	0	0
NR_121706.1	GIN-41-MGE-S217	0	0	0	0	0	0	0	0	0
NR_121704.1	GIN-41-MGE-S217	0	0	0	0	0	0	0	0	0
NR_121703.1	GIN-41-MGE-S217	0	0	0	0	0	0	0	0	0
NR_121702.1	GIN-41-MGE-S217	0	0	0	0	0	0	0	0	0
NR_121701.1	GIN-41-MGE-S217	0	0	0	0	0	0	0	0	0
NR_121698.1	GIN-41-MGE-S217	0	0	0	0	0	0	0	0	0
NR_121696.1	GIN-41-MGE-S217	0	0	0	0	0	0	0	0	0
NR_121695.1	GIN-41-MGE-S217	0	0	0	0	0	0	0	0	0
NR_121691.1	GIN-41-MGE-S217	0	0	0	0	0	0	0	0	0
NR_121690.1	GIN-41-MGE-S217	0	0	0	0	0	0	0	0	0
NR_121688.1	GIN-41-MGE-S217	0	0	0	0	0	0	0	0	0
NR_121687.1	GIN-41-MGE-S217	0	0	0	0	0	0	0	0	0
NR_121686.1	GIN-41-MGE-S217	0	0	0	0	0	0	0	0	0
NR_121685.1	GIN-41-MGE-S217	0	0	0	0	0	0	0	0	0
NR_121684.1	GIN-41-MGE-S217	0	0	0	0	0	0	0	0	0
NR_121678.1	GIN-41-MGE-S217	0	0	0	0	0	0	0	0	0
NR_121591.1	GIN-41-MGE-S217	0	0	0	0	0	0	0	0	0
NR_075062.2	GIN-41-MGE-S217	0	0	0	0	0	0	0	0	0
NR_119372.1	GIN-41-MGE-S217	0	0	0	0	0	0	0	0	0
NR_119371.1	GIN-41-MGE-S217	0	0	0	0	0	0	0	0	0
NR_119369.1	GIN-41-MGE-S217	0	0	0	0	0	0	0	0	0
NR_119368.1	GIN-41-MGE-S217	0	0	0	0	0	0	0	0	0
NR_119367.1	GIN-41-MGE-S217	0	0	0	0	0	0	0	0	0
NR_119366.1	GIN-41-MGE-S217	0	0	0	0	0	0	0	0	0
NR_119365.1	GIN-41-MGE-S217	0	0	0	0	0	0	0	0	0
NR_119364.1	GIN-41-MGE-S217	0	0	0	0	0	0	0	0	0
NR_119363.1	GIN-41-MGE-S217	0	0	0	0	0	0	0	0	0
NR_119362.1	GIN-41-MGE-S217	0	0	0	0	0	0	0	0	0
NR_119361.1	GIN-41-MGE-S217	0	0	0	0	0	0	0	0	0
NR_119360.1	GIN-41-MGE-S217	0	0	0	0	0	0	0	0	0
NR_119359.1	GIN-41-MGE-S217	0	0	0	0	0	0	0	0	0
NR_119358.1	GIN-41-MGE-S217	0	0	0	0	0	0	0	0	0
NR_119357.1	GIN-41-MGE-S217	0	0	0	0	0	0	0	0	0
NR_119356.1	GIN-41-MGE-S217	0	0	0	0	0	0	0	0	0
NR_119355.1	GIN-41-MGE-S217	0	0	0	0	0	0	0	0	0
NR_119354.1	GIN-41-MGE-S217	0	0	0	0	0	0	0	0	0
NR_119353.1	GIN-41-MGE-S217	0	0	0	0	0	0	0	0	0
NR_119352.1	GIN-41-MGE-S217	0	0	0	0	0	0	0	0	0
NR_119351.1	GIN-41-MGE-S217	0	0	0	0	0	0	0	0	0
NR_119349.1	GIN-41-MGE-S217	0	0	0	0	0	0	0	0	0
NR_119348.1	GIN-41-MGE-S217	0	0	0	0	0	0	0	0	0
NR_119347.1	GIN-41-MGE-S217	0	0	0	0	0	0	0	0	0
NR_119346.1	GIN-41-MGE-S217	0	0	0	0	0	0	0	0	0
NR_119345.1	GIN-41-MGE-S217	0	0	0	0	0	0	0	0	0
NR_119344.1	GIN-41-MGE-S217	0	0	0	0	0	0	0	0	0
NR_119343.1	GIN-41-MGE-S217	0	0	0	0	0	0	0	0	0
NR_119342.1	GIN-41-MGE-S217	0	0	0	0	0	0	0	0	0
NR_119341.1	GIN-41-MGE-S217	0	0	0	0	0	0	0	0	0
NR_119340.1	GIN-41-MGE-S217	0	0	0	0	0	0	0	0	0
NR_119337.1	GIN-41-MGE-S217	0	0	0	0	0	0	0	0	0
NR_119336.1	GIN-41-MGE-S217	0	0	0	0	0	0	0	0	0
NR_119335.1	GIN-41-MGE-S217	0	0	0	0	0	0	0	0	0
NR_119334.1	GIN-41-MGE-S217	0	0	0	0	0	0	0	0	0
NR_119333.1	GIN-41-MGE-S217	0	0	0	0	0	0	0	0	0
NR_119332.1	GIN-41-MGE-S217	0	0	0	0	0	0	0	0	0
NR_119331.1	GIN-41-MGE-S217	0	0	0	0	0	0	0	0	0
NR_119330.1	GIN-41-MGE-S217	0	0	0	0	0	0	0	0	0
NR_119329.1	GIN-41-MGE-S217	0	0	0	0	0	0	0	0	0
NR_119328.1	GIN-41-MGE-S217	0	0	0	0	0	0	0	0	0
NR_119327.1	GIN-41-MGE-S217	0	0	0	0	0	0	0	0	0
NR_119326.1	GIN-41-MGE-S217	0	0	0	0	0	0	0	0	0
NR_119325.1	GIN-41-MGE-S217	0	0	0	0	0	0	0	0	0
NR_119324.1	GIN-41-MGE-S217	0	0	0	0	0	0	0	0	0
NR_119323.1	GIN-41-MGE-S217	0	0	0	0	0	0	0	0	0
NR_119322.1	GIN-41-MGE-S217	0	0	0	0	0	0	0	0	0
NR_119319.1	GIN-41-MGE-S217	0	0	0	0	0	0	0	0	0
NR_119318.1	GIN-41-MGE-S217	0	0	0	0	0	0	0	0	0
NR_119313.1	GIN-41-MGE-S217	0	0	0	0	0	0	0	0	0
NR_119311.1	GIN-41-MGE-S217	0	0	0	0	0	0	0	0	0
NR_119310.1	GIN-41-MGE-S217	0	0	0	0	0	0	0	0	0
NR_119308.1	GIN-41-MGE-S217	0	0	0	0	0	0	0	0	0
NR_119307.1	GIN-41-MGE-S217	0	0	0	0	0	0	0	0	0
NR_119306.1	GIN-41-MGE-S217	0	0	0	0	0	0	0	0	0
NR_119305.1	GIN-41-MGE-S217	0	0	0	0	0	0	0	0	0
NR_119304.1	GIN-41-MGE-S217	0	0	0	0	0	0	0	0	0
NR_119303.1	GIN-41-MGE-S217	0	0	0	0	0	0	0	0	0
NR_119302.1	GIN-41-MGE-S217	0	0	0	0	0	0	0	0	0
NR_119297.1	GIN-41-MGE-S217	0	0	0	0	0	0	0	0	0
NR_119296.1	GIN-41-MGE-S217	0	0	0	0	0	0	0	0	0
NR_119295.1	GIN-41-MGE-S217	0	0	0	0	0	0	0	0	0
NR_119294.1	GIN-41-MGE-S217	0	0	0	0	0	0	0	0	0
NR_119293.1	GIN-41-MGE-S217	0	0	0	0	0	0	0	0	0
NR_119290.1	GIN-41-MGE-S217	0	0	0	0	0	0	0	0	0
NR_119287.1	GIN-41-MGE-S217	0	0	0	0	0	0	0	0	0
NR_119286.1	GIN-41-MGE-S217	0	0	0	0	0	0	0	0	0
NR_119285.1	GIN-41-MGE-S217	0	0	0	0	0	0	0	0	0
NR_119284.1	GIN-41-MGE-S217	0	0	0	0	0	0	0	0	0
NR_119283.1	GIN-41-MGE-S217	0	0	0	0	0	0	0	0	0
NR_119282.1	GIN-41-MGE-S217	0	0	0	0	0	0	0	0	0
NR_119281.1	GIN-41-MGE-S217	0	0	0	0	0	0	0	0	0
NR_119280.1	GIN-41-MGE-S217	0	0	0	0	0	0	0	0	0
NR_119279.1	GIN-41-MGE-S217	0	0	0	0	0	0	0	0	0
NR_119278.1	GIN-41-MGE-S217	0	0	0	0	0	0	0	0	0
NR_119277.1	GIN-41-MGE-S217	0	0	0	0	0	0	0	0	0
NR_119276.1	GIN-41-MGE-S217	0	0	0	0	0	0	0	0	0
NR_119274.1	GIN-41-MGE-S217	0	0	0	0	0	0	0	0	0
NR_119273.1	GIN-41-MGE-S217	0	0	0	0	0	0	0	0	0
NR_119272.1	GIN-41-MGE-S217	0	0	0	0	0	0	0	0	0
NR_119271.1	GIN-41-MGE-S217	0	0	0	0	0	0	0	0	0
NR_119270.1	GIN-41-MGE-S217	0	0	0	0	0	0	0	0	0
NR_119269.1	GIN-41-MGE-S217	0	0	0	0	0	0	0	0	0
NR_119268.1	GIN-41-MGE-S217	0	0	0	0	0	0	0	0	0
NR_119267.1	GIN-41-MGE-S217	0	0	0	0	0	0	0	0	0
NR_119266.1	GIN-41-MGE-S217	0	0	0	0	0	0	0	0	0
NR_119265.1	GIN-41-MGE-S217	0	0	0	0	0	0	0	0	0
NR_119264.1	GIN-41-MGE-S217	0	0	0	0	0	0	0	0	0
NR_119262.1	GIN-41-MGE-S217	0	0	0	0	0	0	0	0	0
NR_119261.1	GIN-41-MGE-S217	0	0	0	0	0	0	0	0	0
NR_119260.1	GIN-41-MGE-S217	0	0	0	0	0	0	0	0	0
NR_119259.1	GIN-41-MGE-S217	0	0	0	0	0	0	0	0	0
NR_119257.1	GIN-41-MGE-S217	0	0	0	0	0	0	0	0	0
NR_119256.1	GIN-41-MGE-S217	0	0	0	0	0	0	0	0	0
NR_119255.1	GIN-41-MGE-S217	0	0	0	0	0	0	0	0	0
NR_119254.1	GIN-41-MGE-S217	0	0	0	0	0	0	0	0	0
NR_119253.1	GIN-41-MGE-S217	0	0	0	0	0	0	0	0	0
NR_119252.1	GIN-41-MGE-S217	0	0	0	0	0	0	0	0	0
NR_119251.1	GIN-41-MGE-S217	0	0	0	0	0	0	0	0	0
NR_119250.1	GIN-41-MGE-S217	0	0	0	0	0	0	0	0	0
NR_119248.1	GIN-41-MGE-S217	0	0	0	0	0	0	0	0	0
NR_119247.1	GIN-41-MGE-S217	0	0	0	0	0	0	0	0	0
NR_119246.1	GIN-41-MGE-S217	0	0	0	0	0	0	0	0	0
NR_119244.1	GIN-41-MGE-S217	0	0	0	0	0	0	0	0	0
NR_119242.1	GIN-41-MGE-S217	0	0	0	0	0	0	0	0	0
NR_119241.1	GIN-41-MGE-S217	0	0	0	0	0	0	0	0	0
NR_119240.1	GIN-41-MGE-S217	0	0	0	0	0	0	0	0	0
NR_119239.1	GIN-41-MGE-S217	0	0	0	0	0	0	0	0	0
NR_119238.1	GIN-41-MGE-S217	0	0	0	0	0	0	0	0	0
NR_119231.1	GIN-41-MGE-S217	0	0	0	0	0	0	0	0	0
NR_119230.1	GIN-41-MGE-S217	0	0	0	0	0	0	0	0	0
NR_119229.1	GIN-41-MGE-S217	0	0	0	0	0	0	0	0	0
NR_119228.1	GIN-41-MGE-S217	0	0	0	0	0	0	0	0	0
NR_119227.1	GIN-41-MGE-S217	0	0	0	0	0	0	0	0	0
NR_119226.1	GIN-41-MGE-S217	0	0	0	0	0	0	0	0	0
NR_119225.1	GIN-41-MGE-S217	0	0	0	0	0	0	0	0	0
NR_119224.1	GIN-41-MGE-S217	0	0	0	0	0	0	0	0	0
NR_119221.1	GIN-41-MGE-S217	0	0	0	0	0	0	0	0	0
NR_119220.1	GIN-41-MGE-S217	0	0	0	0	0	0	0	0	0
NR_119219.1	GIN-41-MGE-S217	0	0	0	0	0	0	0	0	0
NR_119218.1	GIN-41-MGE-S217	0	0	0	0	0	0	0	0	0
NR_119217.1	GIN-41-MGE-S217	0	0	0	0	0	0	0	0	0
NR_119216.1	GIN-41-MGE-S217	0	0	0	0	0	0	0	0	0
NR_119214.1	GIN-41-MGE-S217	0	0	0	0	0	0	0	0	0
NR_119213.1	GIN-41-MGE-S217	0	0	0	0	0	0	0	0	0
NR_119212.1	GIN-41-MGE-S217	0	0	0	0	0	0	0	0	0
NR_119211.1	GIN-41-MGE-S217	0	0	0	0	0	0	0	0	0
NR_119210.1	GIN-41-MGE-S217	0	0	0	0	0	0	0	0	0
NR_119209.1	GIN-41-MGE-S217	0	0	0	0	0	0	0	0	0
NR_119208.1	GIN-41-MGE-S217	0	0	0	0	0	0	0	0	0
NR_119206.1	GIN-41-MGE-S217	0	0	0	0	0	0	0	0	0
NR_119205.1	GIN-41-MGE-S217	0	0	0	0	0	0	0	0	0
NR_119204.1	GIN-41-MGE-S217	0	0	0	0	0	0	0	0	0
NR_119197.1	GIN-41-MGE-S217	0	0	0	0	0	0	0	0	0
NR_119196.1	GIN-41-MGE-S217	0	0	0	0	0	0	0	0	0
NR_119195.1	GIN-41-MGE-S217	0	0	0	0	0	0	0	0	0
NR_119194.1	GIN-41-MGE-S217	0	0	0	0	0	0	0	0	0
NR_119193.1	GIN-41-MGE-S217	0	0	0	0	0	0	0	0	0
NR_119192.1	GIN-41-MGE-S217	0	0	0	0	0	0	0	0	0
NR_119191.1	GIN-41-MGE-S217	0	0	0	0	0	0	0	0	0
NR_119190.1	GIN-41-MGE-S217	0	0	0	0	0	0	0	0	0
NR_119189.1	GIN-41-MGE-S217	0	0	0	0	0	0	0	0	0
NR_119188.1	GIN-41-MGE-S217	0	0	0	0	0	0	0	0	0
NR_119186.1	GIN-41-MGE-S217	0	0	0	0	0	0	0	0	0
NR_119184.1	GIN-41-MGE-S217	0	0	0	0	0	0	0	0	0
NR_119182.1	GIN-41-MGE-S217	0	0	0	0	0	0	0	0	0
NR_119181.1	GIN-41-MGE-S217	0	0	0	0	0	0	0	0	0
NR_119180.1	GIN-41-MGE-S217	0	0	0	0	0	0	0	0	0
NR_119179.1	GIN-41-MGE-S217	0	0	0	0	0	0	0	0	0
NR_119178.1	GIN-41-MGE-S217	0	0	0	0	0	0	0	0	0
NR_119177.1	GIN-41-MGE-S217	0	0	0	0	0	0	0	0	0
NR_119176.1	GIN-41-MGE-S217	0	0	0	0	0	0	0	0	0
NR_119175.1	GIN-41-MGE-S217	0	0	0	0	0	0	0	0	0
NR_119174.1	GIN-41-MGE-S217	0	0	0	0	0	0	0	0	0
NR_119173.1	GIN-41-MGE-S217	0	0	0	0	0	0	0	0	0
NR_119172.1	GIN-41-MGE-S217	0	0	0	0	0	0	0	0	0
NR_119171.1	GIN-41-MGE-S217	0	0	0	0	0	0	0	0	0
NR_119170.1	GIN-41-MGE-S217	0	0	0	0	0	0	0	0	0
NR_119169.1	GIN-41-MGE-S217	0	0	0	0	0	0	0	0	0
NR_119168.1	GIN-41-MGE-S217	0	0	0	0	0	0	0	0	0
NR_119167.1	GIN-41-MGE-S217	0	0	0	0	0	0	0	0	0
NR_119166.1	GIN-41-MGE-S217	0	0	0	0	0	0	0	0	0
NR_119165.1	GIN-41-MGE-S217	0	0	0	0	0	0	0	0	0
NR_119164.1	GIN-41-MGE-S217	0	0	0	0	0	0	0	0	0
NR_119163.1	GIN-41-MGE-S217	0	0	0	0	0	0	0	0	0
NR_119162.1	GIN-41-MGE-S217	0	0	0	0	0	0	0	0	0
NR_119161.1	GIN-41-MGE-S217	0	0	0	0	0	0	0	0	0
NR_119160.1	GIN-41-MGE-S217	0	0	0	0	0	0	0	0	0
NR_119156.1	GIN-41-MGE-S217	0	0	0	0	0	0	0	0	0
NR_119155.1	GIN-41-MGE-S217	0	0	0	0	0	0	0	0	0
NR_119153.1	GIN-41-MGE-S217	0	0	0	0	0	0	0	0	0
NR_119152.1	GIN-41-MGE-S217	0	0	0	0	0	0	0	0	0
NR_119151.1	GIN-41-MGE-S217	0	0	0	0	0	0	0	0	0
NR_119150.1	GIN-41-MGE-S217	0	0	0	0	0	0	0	0	0
NR_119149.1	GIN-41-MGE-S217	0	0	0	0	0	0	0	0	0
NR_119148.1	GIN-41-MGE-S217	0	0	0	0	0	0	0	0	0
NR_119147.1	GIN-41-MGE-S217	0	0	0	0	0	0	0	0	0
NR_119143.1	GIN-41-MGE-S217	0	0	0	0	0	0	0	0	0
NR_119142.1	GIN-41-MGE-S217	0	0	0	0	0	0	0	0	0
NR_119141.1	GIN-41-MGE-S217	0	0	0	0	0	0	0	0	0
NR_119140.1	GIN-41-MGE-S217	0	0	0	0	0	0	0	0	0
NR_119139.1	GIN-41-MGE-S217	0	0	0	0	0	0	0	0	0
NR_119138.1	GIN-41-MGE-S217	0	0	0	0	0	0	0	0	0
NR_119137.1	GIN-41-MGE-S217	0	0	0	0	0	0	0	0	0
NR_119136.1	GIN-41-MGE-S217	0	0	0	0	0	0	0	0	0
NR_119135.1	GIN-41-MGE-S217	0	0	0	0	0	0	0	0	0
NR_119134.1	GIN-41-MGE-S217	0	0	0	0	0	0	0	0	0
NR_119133.1	GIN-41-MGE-S217	0	0	0	0	0	0	0	0	0
NR_119132.1	GIN-41-MGE-S217	0	0	0	0	0	0	0	0	0
NR_119131.1	GIN-41-MGE-S217	0	0	0	0	0	0	0	0	0
NR_119130.1	GIN-41-MGE-S217	0	0	0	0	0	0	0	0	0
NR_119129.1	GIN-41-MGE-S217	0	0	0	0	0	0	0	0	0
NR_119128.1	GIN-41-MGE-S217	0	0	0	0	0	0	0	0	0
NR_119127.1	GIN-41-MGE-S217	0	0	0	0	0	0	0	0	0
NR_119126.1	GIN-41-MGE-S217	0	0	0	0	0	0	0	0	0
NR_119125.1	GIN-41-MGE-S217	0	0	0	0	0	0	0	0	0
NR_119124.1	GIN-41-MGE-S217	0	0	0	0	0	0	0	0	0
NR_119123.1	GIN-41-MGE-S217	0	0	0	0	0	0	0	0	0
NR_119122.1	GIN-41-MGE-S217	0	0	0	0	0	0	0	0	0
NR_119121.1	GIN-41-MGE-S217	0	0	0	0	0	0	0	0	0
NR_119120.1	GIN-41-MGE-S217	0	0	0	0	0	0	0	0	0
NR_119119.1	GIN-41-MGE-S217	0	0	0	0	0	0	0	0	0
NR_119118.1	GIN-41-MGE-S217	0	0	0	0	0	0	0	0	0
NR_119117.1	GIN-41-MGE-S217	0	0	0	0	0	0	0	0	0
NR_119116.1	GIN-41-MGE-S217	0	0	0	0	0	0	0	0	0
NR_119114.1	GIN-41-MGE-S217	0	0	0	0	0	0	0	0	0
NR_119113.1	GIN-41-MGE-S217	0	0	0	0	0	0	0	0	0
NR_119111.1	GIN-41-MGE-S217	0	0	0	0	0	0	0	0	0
NR_119109.1	GIN-41-MGE-S217	0	0	0	0	0	0	0	0	0
NR_119108.1	GIN-41-MGE-S217	0	0	0	0	0	0	0	0	0
NR_119107.1	GIN-41-MGE-S217	0	0	0	0	0	0	0	0	0
NR_119106.1	GIN-41-MGE-S217	0	0	0	0	0	0	0	0	0
NR_119105.1	GIN-41-MGE-S217	0	0	0	0	0	0	0	0	0
NR_119104.1	GIN-41-MGE-S217	0	0	0	0	0	0	0	0	0
NR_119103.1	GIN-41-MGE-S217	0	0	0	0	0	0	0	0	0
NR_119102.1	GIN-41-MGE-S217	0	0	0	0	0	0	0	0	0
NR_119101.1	GIN-41-MGE-S217	0	0	0	0	0	0	0	0	0
NR_119099.1	GIN-41-MGE-S217	0	0	0	0	0	0	0	0	0
NR_119098.1	GIN-41-MGE-S217	0	0	0	0	0	0	0	0	0
NR_119097.1	GIN-41-MGE-S217	0	0	0	0	0	0	0	0	0
NR_119096.1	GIN-41-MGE-S217	0	0	0	0	0	0	0	0	0
NR_119095.1	GIN-41-MGE-S217	0	0	0	0	0	0	0	0	0
NR_119094.1	GIN-41-MGE-S217	0	0	0	0	0	0	0	0	0
NR_119092.1	GIN-41-MGE-S217	0	0	0	0	0	0	0	0	0
NR_119091.1	GIN-41-MGE-S217	0	0	0	0	0	0	0	0	0
NR_119090.1	GIN-41-MGE-S217	0	0	0	0	0	0	0	0	0
NR_119089.1	GIN-41-MGE-S217	0	0	0	0	0	0	0	0	0
NR_119088.1	GIN-41-MGE-S217	0	0	0	0	0	0	0	0	0
NR_119087.1	GIN-41-MGE-S217	0	0	0	0	0	0	0	0	0
NR_119086.1	GIN-41-MGE-S217	0	0	0	0	0	0	0	0	0
NR_119085.1	GIN-41-MGE-S217	0	0	0	0	0	0	0	0	0
NR_119084.1	GIN-41-MGE-S217	0	0	0	0	0	0	0	0	0
NR_119083.1	GIN-41-MGE-S217	0	0	0	0	0	0	0	0	0
NR_119082.1	GIN-41-MGE-S217	0	0	0	0	0	0	0	0	0
NR_119081.1	GIN-41-MGE-S217	0	0	0	0	0	0	0	0	0
NR_119080.1	GIN-41-MGE-S217	0	0	0	0	0	0	0	0	0
NR_119079.1	GIN-41-MGE-S217	0	0	0	0	0	0	0	0	0
NR_119078.1	GIN-41-MGE-S217	0	0	0	0	0	0	0	0	0
NR_119077.1	GIN-41-MGE-S217	0	0	0	0	0	0	0	0	0
NR_119076.1	GIN-41-MGE-S217	0	0	0	0	0	0	0	0	0
NR_119075.1	GIN-41-MGE-S217	0	0	0	0	0	0	0	0	0
NR_119074.1	GIN-41-MGE-S217	0	0	0	0	0	0	0	0	0
NR_119073.1	GIN-41-MGE-S217	0	0	0	0	0	0	0	0	0
NR_119067.1	GIN-41-MGE-S217	0	0	0	0	0	0	0	0	0
NR_119066.1	GIN-41-MGE-S217	0	0	0	0	0	0	0	0	0
NR_119065.1	GIN-41-MGE-S217	0	0	0	0	0	0	0	0	0
NR_119064.1	GIN-41-MGE-S217	0	0	0	0	0	0	0	0	0
NR_119063.1	GIN-41-MGE-S217	0	0	0	0	0	0	0	0	0
NR_119062.1	GIN-41-MGE-S217	0	0	0	0	0	0	0	0	0
NR_119061.1	GIN-41-MGE-S217	0	0	0	0	0	0	0	0	0
NR_119060.1	GIN-41-MGE-S217	0	0	0	0	0	0	0	0	0
NR_119059.1	GIN-41-MGE-S217	0	0	0	0	0	0	0	0	0
NR_119058.1	GIN-41-MGE-S217	0	0	0	0	0	0	0	0	0
NR_119056.1	GIN-41-MGE-S217	0	0	0	0	0	0	0	0	0
NR_119055.1	GIN-41-MGE-S217	0	0	0	0	0	0	0	0	0
NR_119054.1	GIN-41-MGE-S217	0	0	0	0	0	0	0	0	0
NR_119053.1	GIN-41-MGE-S217	0	0	0	0	0	0	0	0	0
NR_119052.1	GIN-41-MGE-S217	0	0	0	0	0	0	0	0	0
NR_119051.1	GIN-41-MGE-S217	0	0	0	0	0	0	0	0	0
NR_119050.1	GIN-41-MGE-S217	0	0	0	0	0	0	0	0	0
NR_119049.1	GIN-41-MGE-S217	0	0	0	0	0	0	0	0	0
NR_119048.1	GIN-41-MGE-S217	0	0	0	0	0	0	0	0	0
NR_119047.1	GIN-41-MGE-S217	0	0	0	0	0	0	0	0	0
NR_119046.1	GIN-41-MGE-S217	0	0	0	0	0	0	0	0	0
NR_119045.1	GIN-41-MGE-S217	0	0	0	0	0	0	0	0	0
NR_119044.1	GIN-41-MGE-S217	0	0	0	0	0	0	0	0	0
NR_119043.1	GIN-41-MGE-S217	0	0	0	0	0	0	0	0	0
NR_119042.1	GIN-41-MGE-S217	0	0	0	0	0	0	0	0	0
NR_119041.1	GIN-41-MGE-S217	0	0	0	0	0	0	0	0	0
NR_119040.1	GIN-41-MGE-S217	0	0	0	0	0	0	0	0	0
NR_119039.1	GIN-41-MGE-S217	0	0	0	0	0	0	0	0	0
NR_119038.1	GIN-41-MGE-S217	0	0	0	0	0	0	0	0	0
NR_119036.1	GIN-41-MGE-S217	0	0	0	0	0	0	0	0	0
NR_119035.1	GIN-41-MGE-S217	0	0	0	0	0	0	0	0	0
NR_119034.1	GIN-41-MGE-S217	0	0	0	0	0	0	0	0	0
NR_119032.1	GIN-41-MGE-S217	0	0	0	0	0	0	0	0	0
NR_119031.1	GIN-41-MGE-S217	0	0	0	0	0	0	0	0	0
NR_119030.1	GIN-41-MGE-S217	0	0	0	0	0	0	0	0	0
NR_119029.1	GIN-41-MGE-S217	0	0	0	0	0	0	0	0	0
NR_119028.1	GIN-41-MGE-S217	0	0	0	0	0	0	0	0	0
NR_119027.1	GIN-41-MGE-S217	0	0	0	0	0	0	0	0	0
NR_119026.1	GIN-41-MGE-S217	0	0	0	0	0	0	0	0	0
NR_119025.1	GIN-41-MGE-S217	0	0	0	0	0	0	0	0	0
NR_119024.1	GIN-41-MGE-S217	0	0	0	0	0	0	0	0	0
NR_119023.1	GIN-41-MGE-S217	0	0	0	0	0	0	0	0	0
NR_119022.1	GIN-41-MGE-S217	0	0	0	0	0	0	0	0	0
NR_119021.1	GIN-41-MGE-S217	0	0	0	0	0	0	0	0	0
NR_119020.1	GIN-41-MGE-S217	0	0	0	0	0	0	0	0	0
NR_119019.1	GIN-41-MGE-S217	0	0	0	0	0	0	0	0	0
NR_119018.1	GIN-41-MGE-S217	0	0	0	0	0	0	0	0	0
NR_119017.1	GIN-41-MGE-S217	0	0	0	0	0	0	0	0	0
NR_119016.1	GIN-41-MGE-S217	0	0	0	0	0	0	0	0	0
NR_119014.1	GIN-41-MGE-S217	0	0	0	0	0	0	0	0	0
NR_119013.1	GIN-41-MGE-S217	0	0	0	0	0	0	0	0	0
NR_119007.1	GIN-41-MGE-S217	0	0	0	0	0	0	0	0	0
NR_119005.1	GIN-41-MGE-S217	0	0	0	0	0	0	0	0	0
NR_119004.1	GIN-41-MGE-S217	0	0	0	0	0	0	0	0	0
NR_119003.1	GIN-41-MGE-S217	0	0	0	0	0	0	0	0	0
NR_119002.1	GIN-41-MGE-S217	0	0	0	0	0	0	0	0	0
NR_119001.1	GIN-41-MGE-S217	0	0	0	0	0	0	0	0	0
NR_118999.1	GIN-41-MGE-S217	0	0	0	0	0	0	0	0	0
NR_118998.1	GIN-41-MGE-S217	0	0	0	0	0	0	0	0	0
NR_118996.1	GIN-41-MGE-S217	0	0	0	0	0	0	0	0	0
NR_118995.1	GIN-41-MGE-S217	0	0	0	0	0	0	0	0	0
NR_118993.1	GIN-41-MGE-S217	0	0	0	0	0	0	0	0	0
NR_118992.1	GIN-41-MGE-S217	0	0	0	0	0	0	0	0	0
NR_118991.1	GIN-41-MGE-S217	0	0	0	0	0	0	0	0	0
NR_118990.1	GIN-41-MGE-S217	0	0	0	0	0	0	0	0	0
NR_118989.1	GIN-41-MGE-S217	0	0	0	0	0	0	0	0	0
NR_118988.1	GIN-41-MGE-S217	0	0	0	0	0	0	0	0	0
NR_118987.1	GIN-41-MGE-S217	0	0	0	0	0	0	0	0	0
NR_118985.1	GIN-41-MGE-S217	0	0	0	0	0	0	0	0	0
NR_118982.1	GIN-41-MGE-S217	0	0	0	0	0	0	0	0	0
NR_118981.1	GIN-41-MGE-S217	0	0	0	0	0	0	0	0	0
NR_118971.1	GIN-41-MGE-S217	0	0	0	0	0	0	0	0	0
NR_118970.1	GIN-41-MGE-S217	0	0	0	0	0	0	0	0	0
NR_118969.1	GIN-41-MGE-S217	0	0	0	0	0	0	0	0	0
NR_118965.1	GIN-41-MGE-S217	0	0	0	0	0	0	0	0	0
NR_118963.1	GIN-41-MGE-S217	0	0	0	0	0	0	0	0	0
NR_118957.1	GIN-41-MGE-S217	0	0	0	0	0	0	0	0	0
NR_118956.1	GIN-41-MGE-S217	0	0	0	0	0	0	0	0	0
NR_118952.1	GIN-41-MGE-S217	0	0	0	0	0	0	0	0	0
NR_118947.1	GIN-41-MGE-S217	0	0	0	0	0	0	0	0	0
NR_118946.1	GIN-41-MGE-S217	0	0	0	0	0	0	0	0	0
NR_118945.1	GIN-41-MGE-S217	0	0	0	0	0	0	0	0	0
NR_118944.1	GIN-41-MGE-S217	0	0	0	0	0	0	0	0	0
NR_118943.1	GIN-41-MGE-S217	0	0	0	0	0	0	0	0	0
NR_118942.1	GIN-41-MGE-S217	0	0	0	0	0	0	0	0	0
NR_118939.1	GIN-41-MGE-S217	0	0	0	0	0	0	0	0	0
NR_118938.1	GIN-41-MGE-S217	0	0	0	0	0	0	0	0	0
NR_118937.1	GIN-41-MGE-S217	0	0	0	0	0	0	0	0	0
NR_118935.1	GIN-41-MGE-S217	0	0	0	0	0	0	0	0	0
NR_118934.1	GIN-41-MGE-S217	0	0	0	0	0	0	0	0	0
NR_118933.1	GIN-41-MGE-S217	0	0	0	0	0	0	0	0	0
NR_118932.1	GIN-41-MGE-S217	0	0	0	0	0	0	0	0	0
NR_118931.1	GIN-41-MGE-S217	0	0	0	0	0	0	0	0	0
NR_118930.1	GIN-41-MGE-S217	0	0	0	0	0	0	0	0	0
NR_118928.1	GIN-41-MGE-S217	0	0	0	0	0	0	0	0	0
NR_118927.1	GIN-41-MGE-S217	0	0	0	0	0	0	0	0	0
NR_118925.1	GIN-41-MGE-S217	0	0	0	0	0	0	0	0	0
NR_118924.1	GIN-41-MGE-S217	0	0	0	0	0	0	0	0	0
NR_118923.1	GIN-41-MGE-S217	0	0	0	0	0	0	0	0	0
NR_118922.1	GIN-41-MGE-S217	0	0	0	0	0	0	0	0	0
NR_118921.1	GIN-41-MGE-S217	0	0	0	0	0	0	0	0	0
NR_118920.1	GIN-41-MGE-S217	0	0	0	0	0	0	0	0	0
NR_118919.1	GIN-41-MGE-S217	0	0	0	0	0	0	0	0	0
NR_118918.1	GIN-41-MGE-S217	0	0	0	0	0	0	0	0	0
NR_118917.1	GIN-41-MGE-S217	0	0	0	0	0	0	0	0	0
NR_118916.1	GIN-41-MGE-S217	0	0	0	0	0	0	0	0	0
NR_118915.1	GIN-41-MGE-S217	0	0	0	0	0	0	0	0	0
NR_118914.1	GIN-41-MGE-S217	0	0	0	0	0	0	0	0	0
NR_118910.1	GIN-41-MGE-S217	0	0	0	0	0	0	0	0	0
NR_118909.1	GIN-41-MGE-S217	0	0	0	0	0	0	0	0	0
NR_118908.1	GIN-41-MGE-S217	0	0	0	0	0	0	0	0	0
NR_118907.1	GIN-41-MGE-S217	0	0	0	0	0	0	0	0	0
NR_118905.1	GIN-41-MGE-S217	0	0	0	0	0	0	0	0	0
NR_118900.1	GIN-41-MGE-S217	0	0	0	0	0	0	0	0	0
NR_118899.1	GIN-41-MGE-S217	0	0	0	0	0	0	0	0	0
NR_118898.1	GIN-41-MGE-S217	0	0	0	0	0	0	0	0	0
NR_118894.1	GIN-41-MGE-S217	0	0	0	0	0	0	0	0	0
NR_118893.1	GIN-41-MGE-S217	0	0	0	0	0	0	0	0	0
NR_118892.1	GIN-41-MGE-S217	0	0	0	0	0	0	0	0	0
NR_118891.1	GIN-41-MGE-S217	0	0	0	0	0	0	0	0	0
NR_118890.1	GIN-41-MGE-S217	0	0	0	0	0	0	0	0	0
NR_118889.1	GIN-41-MGE-S217	0	0	0	0	0	0	0	0	0
NR_118888.1	GIN-41-MGE-S217	0	0	0	0	0	0	0	0	0
NR_118887.1	GIN-41-MGE-S217	0	0	0	0	0	0	0	0	0
NR_118886.1	GIN-41-MGE-S217	0	0	0	0	0	0	0	0	0
NR_118884.1	GIN-41-MGE-S217	0	0	0	0	0	0	0	0	0
NR_118883.1	GIN-41-MGE-S217	0	0	0	0	0	0	0	0	0
NR_118882.1	GIN-41-MGE-S217	0	0	0	0	0	0	0	0	0
NR_118881.1	GIN-41-MGE-S217	0	0	0	0	0	0	0	0	0
NR_118880.1	GIN-41-MGE-S217	0	0	0	0	0	0	0	0	0
NR_118879.1	GIN-41-MGE-S217	0	0	0	0	0	0	0	0	0
NR_118878.1	GIN-41-MGE-S217	0	0	0	0	0	0	0	0	0
NR_118874.1	GIN-41-MGE-S217	0	0	0	0	0	0	0	0	0
NR_118871.1	GIN-41-MGE-S217	0	0	0	0	0	0	0	0	0
NR_118870.1	GIN-41-MGE-S217	0	0	0	0	0	0	0	0	0
NR_118869.1	GIN-41-MGE-S217	0	0	0	0	0	0	0	0	0
NR_118868.1	GIN-41-MGE-S217	0	0	0	0	0	0	0	0	0
NR_118867.1	GIN-41-MGE-S217	0	0	0	0	0	0	0	0	0
NR_118866.1	GIN-41-MGE-S217	0	0	0	0	0	0	0	0	0
NR_118865.1	GIN-41-MGE-S217	0	0	0	0	0	0	0	0	0
NR_118864.1	GIN-41-MGE-S217	0	0	0	0	0	0	0	0	0
NR_118863.1	GIN-41-MGE-S217	0	0	0	0	0	0	0	0	0
NR_118861.1	GIN-41-MGE-S217	0	0	0	0	0	0	0	0	0
NR_118859.1	GIN-41-MGE-S217	0	0	0	0	0	0	0	0	0
NR_118858.1	GIN-41-MGE-S217	0	0	0	0	0	0	0	0	0
NR_118857.1	GIN-41-MGE-S217	0	0	0	0	0	0	0	0	0
NR_118856.1	GIN-41-MGE-S217	0	0	0	0	0	0	0	0	0
NR_118855.1	GIN-41-MGE-S217	0	0	0	0	0	0	0	0	0
NR_118854.1	GIN-41-MGE-S217	0	0	0	0	0	0	0	0	0
NR_118853.1	GIN-41-MGE-S217	0	0	0	0	0	0	0	0	0
NR_118852.1	GIN-41-MGE-S217	0	0	0	0	0	0	0	0	0
NR_118851.1	GIN-41-MGE-S217	0	0	0	0	0	0	0	0	0
NR_118844.1	GIN-41-MGE-S217	0	0	0	0	0	0	0	0	0
NR_118843.1	GIN-41-MGE-S217	0	0	0	0	0	0	0	0	0
NR_118842.1	GIN-41-MGE-S217	0	0	0	0	0	0	0	0	0
NR_118841.1	GIN-41-MGE-S217	0	0	0	0	0	0	0	0	0
NR_118840.1	GIN-41-MGE-S217	0	0	0	0	0	0	0	0	0
NR_118839.1	GIN-41-MGE-S217	0	0	0	0	0	0	0	0	0
NR_118834.1	GIN-41-MGE-S217	0	0	0	0	0	0	0	0	0
NR_118831.1	GIN-41-MGE-S217	0	0	0	0	0	0	0	0	0
NR_118830.1	GIN-41-MGE-S217	0	0	0	0	0	0	0	0	0
NR_118828.1	GIN-41-MGE-S217	0	0	0	0	0	0	0	0	0
NR_118827.1	GIN-41-MGE-S217	0	0	0	0	0	0	0	0	0
NR_118826.1	GIN-41-MGE-S217	0	0	0	0	0	0	0	0	0
NR_118825.1	GIN-41-MGE-S217	0	0	0	0	0	0	0	0	0
NR_118824.1	GIN-41-MGE-S217	0	0	0	0	0	0	0	0	0
NR_118823.1	GIN-41-MGE-S217	0	0	0	0	0	0	0	0	0
NR_118822.1	GIN-41-MGE-S217	0	0	0	0	0	0	0	0	0
NR_118821.1	GIN-41-MGE-S217	0	0	0	0	0	0	0	0	0
NR_118820.1	GIN-41-MGE-S217	0	0	0	0	0	0	0	0	0
NR_118819.1	GIN-41-MGE-S217	0	0	0	0	0	0	0	0	0
NR_118818.1	GIN-41-MGE-S217	0	0	0	0	0	0	0	0	0
NR_118817.1	GIN-41-MGE-S217	0	0	0	0	0	0	0	0	0
NR_118816.1	GIN-41-MGE-S217	0	0	0	0	0	0	0	0	0
NR_118815.1	GIN-41-MGE-S217	0	0	0	0	0	0	0	0	0
NR_118814.1	GIN-41-MGE-S217	0	0	0	0	0	0	0	0	0
NR_118813.1	GIN-41-MGE-S217	0	0	0	0	0	0	0	0	0
NR_118809.1	GIN-41-MGE-S217	0	0	0	0	0	0	0	0	0
NR_118808.1	GIN-41-MGE-S217	0	0	0	0	0	0	0	0	0
NR_118806.1	GIN-41-MGE-S217	0	0	0	0	0	0	0	0	0
NR_118803.1	GIN-41-MGE-S217	0	0	0	0	0	0	0	0	0
NR_118802.1	GIN-41-MGE-S217	0	0	0	0	0	0	0	0	0
NR_118801.1	GIN-41-MGE-S217	0	0	0	0	0	0	0	0	0
NR_118799.1	GIN-41-MGE-S217	0	0	0	0	0	0	0	0	0
NR_118798.1	GIN-41-MGE-S217	0	0	0	0	0	0	0	0	0
NR_118796.1	GIN-41-MGE-S217	0	0	0	0	0	0	0	0	0
NR_118793.1	GIN-41-MGE-S217	0	0	0	0	0	0	0	0	0
NR_118792.1	GIN-41-MGE-S217	0	0	0	0	0	0	0	0	0
NR_118790.1	GIN-41-MGE-S217	0	0	0	0	0	0	0	0	0
NR_118789.1	GIN-41-MGE-S217	0	0	0	0	0	0	0	0	0
NR_118784.1	GIN-41-MGE-S217	0	0	0	0	0	0	0	0	0
NR_118782.1	GIN-41-MGE-S217	0	0	0	0	0	0	0	0	0
NR_118781.1	GIN-41-MGE-S217	0	0	0	0	0	0	0	0	0
NR_118780.1	GIN-41-MGE-S217	0	0	0	0	0	0	0	0	0
NR_118779.1	GIN-41-MGE-S217	0	0	0	0	0	0	0	0	0
NR_118778.1	GIN-41-MGE-S217	0	0	0	0	0	0	0	0	0
NR_118775.1	GIN-41-MGE-S217	0	0	0	0	0	0	0	0	0
NR_118774.1	GIN-41-MGE-S217	0	0	0	0	0	0	0	0	0
NR_118773.1	GIN-41-MGE-S217	0	0	0	0	0	0	0	0	0
NR_118771.1	GIN-41-MGE-S217	0	0	0	0	0	0	0	0	0
NR_118770.1	GIN-41-MGE-S217	0	0	0	0	0	0	0	0	0
NR_118769.1	GIN-41-MGE-S217	0	0	0	0	0	0	0	0	0
NR_118768.1	GIN-41-MGE-S217	0	0	0	0	0	0	0	0	0
NR_118763.1	GIN-41-MGE-S217	0	0	0	0	0	0	0	0	0
NR_118762.1	GIN-41-MGE-S217	0	0	0	0	0	0	0	0	0
NR_118760.1	GIN-41-MGE-S217	0	0	0	0	0	0	0	0	0
NR_118759.1	GIN-41-MGE-S217	0	0	0	0	0	0	0	0	0
NR_118758.1	GIN-41-MGE-S217	0	0	0	0	0	0	0	0	0
NR_118757.1	GIN-41-MGE-S217	0	0	0	0	0	0	0	0	0
NR_118755.1	GIN-41-MGE-S217	0	0	0	0	0	0	0	0	0
NR_118754.1	GIN-41-MGE-S217	0	0	0	0	0	0	0	0	0
NR_118753.1	GIN-41-MGE-S217	0	0	0	0	0	0	0	0	0
NR_118752.1	GIN-41-MGE-S217	0	0	0	0	0	0	0	0	0
NR_118751.1	GIN-41-MGE-S217	0	0	0	0	0	0	0	0	0
NR_118750.1	GIN-41-MGE-S217	0	0	0	0	0	0	0	0	0
NR_118749.1	GIN-41-MGE-S217	0	0	0	0	0	0	0	0	0
NR_118748.1	GIN-41-MGE-S217	0	0	0	0	0	0	0	0	0
NR_118747.1	GIN-41-MGE-S217	0	0	0	0	0	0	0	0	0
NR_118746.1	GIN-41-MGE-S217	0	0	0	0	0	0	0	0	0
NR_118745.1	GIN-41-MGE-S217	0	0	0	0	0	0	0	0	0
NR_118744.1	GIN-41-MGE-S217	0	0	0	0	0	0	0	0	0
NR_118743.1	GIN-41-MGE-S217	0	0	0	0	0	0	0	0	0
NR_118742.1	GIN-41-MGE-S217	0	0	0	0	0	0	0	0	0
NR_118739.1	GIN-41-MGE-S217	0	0	0	0	0	0	0	0	0
NR_118738.1	GIN-41-MGE-S217	0	0	0	0	0	0	0	0	0
NR_118731.1	GIN-41-MGE-S217	0	0	0	0	0	0	0	0	0
NR_118730.1	GIN-41-MGE-S217	0	0	0	0	0	0	0	0	0
NR_118727.1	GIN-41-MGE-S217	0	0	0	0	0	0	0	0	0
NR_118725.1	GIN-41-MGE-S217	0	0	0	0	0	0	0	0	0
NR_118722.1	GIN-41-MGE-S217	0	0	0	0	0	0	0	0	0
NR_118717.1	GIN-41-MGE-S217	0	0	0	0	0	0	0	0	0
NR_118714.1	GIN-41-MGE-S217	0	0	0	0	0	0	0	0	0
NR_118713.1	GIN-41-MGE-S217	0	0	0	0	0	0	0	0	0
NR_118712.1	GIN-41-MGE-S217	0	0	0	0	0	0	0	0	0
NR_118709.1	GIN-41-MGE-S217	0	0	0	0	0	0	0	0	0
NR_118708.1	GIN-41-MGE-S217	0	0	0	0	0	0	0	0	0
NR_118706.1	GIN-41-MGE-S217	0	0	0	0	0	0	0	0	0
NR_118705.1	GIN-41-MGE-S217	0	0	0	0	0	0	0	0	0
NR_118704.1	GIN-41-MGE-S217	0	0	0	0	0	0	0	0	0
NR_118703.1	GIN-41-MGE-S217	0	0	0	0	0	0	0	0	0
NR_118702.1	GIN-41-MGE-S217	0	0	0	0	0	0	0	0	0
NR_118701.1	GIN-41-MGE-S217	0	0	0	0	0	0	0	0	0
NR_118700.1	GIN-41-MGE-S217	0	0	0	0	0	0	0	0	0
NR_118697.1	GIN-41-MGE-S217	0	0	0	0	0	0	0	0	0
NR_118696.1	GIN-41-MGE-S217	0	0	0	0	0	0	0	0	0
NR_118695.1	GIN-41-MGE-S217	0	0	0	0	0	0	0	0	0
NR_118694.1	GIN-41-MGE-S217	0	0	0	0	0	0	0	0	0
NR_118692.1	GIN-41-MGE-S217	0	0	0	0	0	0	0	0	0
NR_118691.1	GIN-41-MGE-S217	0	0	0	0	0	0	0	0	0
NR_118690.1	GIN-41-MGE-S217	0	0	0	0	0	0	0	0	0
NR_118689.1	GIN-41-MGE-S217	0	0	0	0	0	0	0	0	0
NR_118688.1	GIN-41-MGE-S217	0	0	0	0	0	0	0	0	0
NR_118687.1	GIN-41-MGE-S217	0	0	0	0	0	0	0	0	0
NR_118686.1	GIN-41-MGE-S217	0	0	0	0	0	0	0	0	0
NR_118685.1	GIN-41-MGE-S217	0	0	0	0	0	0	0	0	0
NR_118683.1	GIN-41-MGE-S217	0	0	0	0	0	0	0	0	0
NR_118682.1	GIN-41-MGE-S217	0	0	0	0	0	0	0	0	0
NR_118681.1	GIN-41-MGE-S217	0	0	0	0	0	0	0	0	0
NR_118680.1	GIN-41-MGE-S217	0	0	0	0	0	0	0	0	0
NR_118676.1	GIN-41-MGE-S217	0	0	0	0	0	0	0	0	0
NR_118675.1	GIN-41-MGE-S217	0	0	0	0	0	0	0	0	0
NR_118674.1	GIN-41-MGE-S217	0	0	0	0	0	0	0	0	0
NR_118671.1	GIN-41-MGE-S217	0	0	0	0	0	0	0	0	0
NR_118670.1	GIN-41-MGE-S217	0	0	0	0	0	0	0	0	0
NR_118669.1	GIN-41-MGE-S217	0	0	0	0	0	0	0	0	0
NR_118666.1	GIN-41-MGE-S217	0	0	0	0	0	0	0	0	0
NR_118665.1	GIN-41-MGE-S217	0	0	0	0	0	0	0	0	0
NR_118662.1	GIN-41-MGE-S217	0	0	0	0	0	0	0	0	0
NR_118659.1	GIN-41-MGE-S217	0	0	0	0	0	0	0	0	0
NR_118658.1	GIN-41-MGE-S217	0	0	0	0	0	0	0	0	0
NR_118657.1	GIN-41-MGE-S217	0	0	0	0	0	0	0	0	0
NR_118656.1	GIN-41-MGE-S217	0	0	0	0	0	0	0	0	0
NR_118655.1	GIN-41-MGE-S217	0	0	0	0	0	0	0	0	0
NR_118654.1	GIN-41-MGE-S217	0	0	0	0	0	0	0	0	0
NR_118653.1	GIN-41-MGE-S217	0	0	0	0	0	0	0	0	0
NR_118652.1	GIN-41-MGE-S217	0	0	0	0	0	0	0	0	0
NR_118651.1	GIN-41-MGE-S217	0	0	0	0	0	0	0	0	0
NR_118650.1	GIN-41-MGE-S217	0	0	0	0	0	0	0	0	0
NR_118648.1	GIN-41-MGE-S217	0	0	0	0	0	0	0	0	0
NR_118647.1	GIN-41-MGE-S217	0	0	0	0	0	0	0	0	0
NR_118646.1	GIN-41-MGE-S217	0	0	0	0	0	0	0	0	0
NR_118645.1	GIN-41-MGE-S217	0	0	0	0	0	0	0	0	0
NR_118643.1	GIN-41-MGE-S217	0	0	0	0	0	0	0	0	0
NR_118639.1	GIN-41-MGE-S217	0	0	0	0	0	0	0	0	0
NR_118638.1	GIN-41-MGE-S217	0	0	0	0	0	0	0	0	0
NR_118635.1	GIN-41-MGE-S217	0	0	0	0	0	0	0	0	0
NR_118634.1	GIN-41-MGE-S217	0	0	0	0	0	0	0	0	0
NR_118632.1	GIN-41-MGE-S217	0	0	0	0	0	0	0	0	0
NR_118631.1	GIN-41-MGE-S217	0	0	0	0	0	0	0	0	0
NR_118630.1	GIN-41-MGE-S217	0	0	0	0	0	0	0	0	0
NR_118626.1	GIN-41-MGE-S217	0	0	0	0	0	0	0	0	0
NR_118625.1	GIN-41-MGE-S217	0	0	0	0	0	0	0	0	0
NR_118624.1	GIN-41-MGE-S217	0	0	0	0	0	0	0	0	0
NR_118623.1	GIN-41-MGE-S217	0	0	0	0	0	0	0	0	0
NR_118622.1	GIN-41-MGE-S217	0	0	0	0	0	0	0	0	0
NR_118621.1	GIN-41-MGE-S217	0	0	0	0	0	0	0	0	0
NR_118620.1	GIN-41-MGE-S217	0	0	0	0	0	0	0	0	0
NR_118619.1	GIN-41-MGE-S217	0	0	0	0	0	0	0	0	0
NR_118618.1	GIN-41-MGE-S217	0	0	0	0	0	0	0	0	0
NR_118617.1	GIN-41-MGE-S217	0	0	0	0	0	0	0	0	0
NR_118615.1	GIN-41-MGE-S217	0	0	0	0	0	0	0	0	0
NR_118614.1	GIN-41-MGE-S217	0	0	0	0	0	0	0	0	0
NR_118613.1	GIN-41-MGE-S217	0	0	0	0	0	0	0	0	0
NR_118612.1	GIN-41-MGE-S217	0	0	0	0	0	0	0	0	0
NR_118611.1	GIN-41-MGE-S217	0	0	0	0	0	0	0	0	0
NR_118610.1	GIN-41-MGE-S217	0	0	0	0	0	0	0	0	0
NR_118609.1	GIN-41-MGE-S217	0	0	0	0	0	0	0	0	0
NR_118608.1	GIN-41-MGE-S217	0	0	0	0	0	0	0	0	0
NR_118607.1	GIN-41-MGE-S217	0	0	0	0	0	0	0	0	0
NR_118606.1	GIN-41-MGE-S217	0	0	0	0	0	0	0	0	0
NR_118605.1	GIN-41-MGE-S217	0	0	0	0	0	0	0	0	0
NR_118604.1	GIN-41-MGE-S217	0	0	0	0	0	0	0	0	0
NR_118603.1	GIN-41-MGE-S217	0	0	0	0	0	0	0	0	0
NR_118602.1	GIN-41-MGE-S217	0	0	0	0	0	0	0	0	0
NR_118601.1	GIN-41-MGE-S217	0	0	0	0	0	0	0	0	0
NR_118600.1	GIN-41-MGE-S217	0	0	0	0	0	0	0	0	0
NR_118599.1	GIN-41-MGE-S217	0	0	0	0	0	0	0	0	0
NR_118598.1	GIN-41-MGE-S217	0	0	0	0	0	0	0	0	0
NR_118597.1	GIN-41-MGE-S217	0	0	0	0	0	0	0	0	0
NR_118596.1	GIN-41-MGE-S217	0	0	0	0	0	0	0	0	0
NR_118595.1	GIN-41-MGE-S217	0	0	0	0	0	0	0	0	0
NR_118594.1	GIN-41-MGE-S217	0	0	0	0	0	0	0	0	0
NR_118592.1	GIN-41-MGE-S217	0	0	0	0	0	0	0	0	0
NR_118589.1	GIN-41-MGE-S217	0	0	0	0	0	0	0	0	0
NR_118588.1	GIN-41-MGE-S217	0	0	0	0	0	0	0	0	0
NR_118584.1	GIN-41-MGE-S217	0	0	0	0	0	0	0	0	0
NR_118582.1	GIN-41-MGE-S217	0	0	0	0	0	0	0	0	0
NR_118581.1	GIN-41-MGE-S217	0	0	0	0	0	0	0	0	0
NR_118580.1	GIN-41-MGE-S217	0	0	0	0	0	0	0	0	0
NR_118579.1	GIN-41-MGE-S217	0	0	0	0	0	0	0	0	0
NR_118578.1	GIN-41-MGE-S217	0	0	0	0	0	0	0	0	0
NR_118577.1	GIN-41-MGE-S217	0	0	0	0	0	0	0	0	0
NR_118576.1	GIN-41-MGE-S217	0	0	0	0	0	0	0	0	0
NR_118575.1	GIN-41-MGE-S217	0	0	0	0	0	0	0	0	0
NR_118571.1	GIN-41-MGE-S217	0	0	0	0	0	0	0	0	0
NR_118570.1	GIN-41-MGE-S217	0	0	0	0	0	0	0	0	0
NR_118569.1	GIN-41-MGE-S217	0	0	0	0	0	0	0	0	0
NR_118568.1	GIN-41-MGE-S217	0	0	0	0	0	0	0	0	0
NR_118567.1	GIN-41-MGE-S217	0	0	0	0	0	0	0	0	0
NR_118564.1	GIN-41-MGE-S217	0	0	0	0	0	0	0	0	0
NR_118561.1	GIN-41-MGE-S217	0	0	0	0	0	0	0	0	0
NR_118558.1	GIN-41-MGE-S217	0	0	0	0	0	0	0	0	0
NR_118557.1	GIN-41-MGE-S217	0	0	0	0	0	0	0	0	0
NR_118556.1	GIN-41-MGE-S217	0	0	0	0	0	0	0	0	0
NR_118553.1	GIN-41-MGE-S217	0	0	0	0	0	0	0	0	0
NR_118551.1	GIN-41-MGE-S217	0	0	0	0	0	0	0	0	0
NR_118547.1	GIN-41-MGE-S217	0	0	0	0	0	0	0	0	0
NR_118543.1	GIN-41-MGE-S217	0	0	0	0	0	0	0	0	0
NR_118542.1	GIN-41-MGE-S217	0	0	0	0	0	0	0	0	0
NR_118541.1	GIN-41-MGE-S217	0	0	0	0	0	0	0	0	0
NR_118540.1	GIN-41-MGE-S217	0	0	0	0	0	0	0	0	0
NR_118537.1	GIN-41-MGE-S217	0	0	0	0	0	0	0	0	0
NR_118531.1	GIN-41-MGE-S217	0	0	0	0	0	0	0	0	0
NR_118528.1	GIN-41-MGE-S217	0	0	0	0	0	0	0	0	0
NR_118527.1	GIN-41-MGE-S217	0	0	0	0	0	0	0	0	0
NR_118526.1	GIN-41-MGE-S217	0	0	0	0	0	0	0	0	0
NR_118524.1	GIN-41-MGE-S217	0	0	0	0	0	0	0	0	0
NR_118523.1	GIN-41-MGE-S217	0	0	0	0	0	0	0	0	0
NR_118522.1	GIN-41-MGE-S217	0	0	0	0	0	0	0	0	0
NR_118521.1	GIN-41-MGE-S217	0	0	0	0	0	0	0	0	0
NR_118520.1	GIN-41-MGE-S217	0	0	0	0	0	0	0	0	0
NR_118519.1	GIN-41-MGE-S217	0	0	0	0	0	0	0	0	0
NR_118518.1	GIN-41-MGE-S217	0	0	0	0	0	0	0	0	0
NR_118517.1	GIN-41-MGE-S217	0	0	0	0	0	0	0	0	0
NR_118516.1	GIN-41-MGE-S217	0	0	0	0	0	0	0	0	0
NR_118515.1	GIN-41-MGE-S217	0	0	0	0	0	0	0	0	0
NR_118514.1	GIN-41-MGE-S217	0	0	0	0	0	0	0	0	0
NR_118513.1	GIN-41-MGE-S217	0	0	0	0	0	0	0	0	0
NR_118512.1	GIN-41-MGE-S217	0	0	0	0	0	0	0	0	0
NR_118511.1	GIN-41-MGE-S217	0	0	0	0	0	0	0	0	0
NR_118510.1	GIN-41-MGE-S217	0	0	0	0	0	0	0	0	0
NR_118488.1	GIN-41-MGE-S217	0	0	0	0	0	0	0	0	0
NR_118487.1	GIN-41-MGE-S217	0	0	0	0	0	0	0	0	0
NR_118484.1	GIN-41-MGE-S217	0	0	0	0	0	0	0	0	0
NR_118483.1	GIN-41-MGE-S217	0	0	0	0	0	0	0	0	0
NR_118482.1	GIN-41-MGE-S217	0	0	0	0	0	0	0	0	0
NR_118481.1	GIN-41-MGE-S217	0	0	0	0	0	0	0	0	0
NR_118479.1	GIN-41-MGE-S217	0	0	0	0	0	0	0	0	0
NR_118478.1	GIN-41-MGE-S217	0	0	0	0	0	0	0	0	0
NR_118477.1	GIN-41-MGE-S217	0	0	0	0	0	0	0	0	0
NR_118476.1	GIN-41-MGE-S217	0	0	0	0	0	0	0	0	0
NR_118475.1	GIN-41-MGE-S217	0	0	0	0	0	0	0	0	0
NR_118474.1	GIN-41-MGE-S217	0	0	0	0	0	0	0	0	0
NR_118473.1	GIN-41-MGE-S217	0	0	0	0	0	0	0	0	0
NR_118472.1	GIN-41-MGE-S217	0	0	0	0	0	0	0	0	0
NR_118470.1	GIN-41-MGE-S217	0	0	0	0	0	0	0	0	0
NR_118467.1	GIN-41-MGE-S217	0	0	0	0	0	0	0	0	0
NR_118465.1	GIN-41-MGE-S217	0	0	0	0	0	0	0	0	0
NR_118459.1	GIN-41-MGE-S217	0	0	0	0	0	0	0	0	0
NR_118453.1	GIN-41-MGE-S217	0	0	0	0	0	0	0	0	0
NR_118452.1	GIN-41-MGE-S217	0	0	0	0	0	0	0	0	0
NR_118450.1	GIN-41-MGE-S217	0	0	0	0	0	0	0	0	0
NR_118449.1	GIN-41-MGE-S217	0	0	0	0	0	0	0	0	0
NR_118443.1	GIN-41-MGE-S217	0	0	0	0	0	0	0	0	0
NR_118436.1	GIN-41-MGE-S217	0	0	0	0	0	0	0	0	0
NR_118431.1	GIN-41-MGE-S217	0	0	0	0	0	0	0	0	0
NR_118429.1	GIN-41-MGE-S217	0	0	0	0	0	0	0	0	0
NR_118428.1	GIN-41-MGE-S217	0	0	0	0	0	0	0	0	0
NR_118424.1	GIN-41-MGE-S217	0	0	0	0	0	0	0	0	0
NR_118423.1	GIN-41-MGE-S217	0	0	0	0	0	0	0	0	0
NR_118421.1	GIN-41-MGE-S217	0	0	0	0	0	0	0	0	0
NR_118409.1	GIN-41-MGE-S217	0	0	0	0	0	0	0	0	0
NR_118408.1	GIN-41-MGE-S217	0	0	0	0	0	0	0	0	0
NR_118403.1	GIN-41-MGE-S217	0	0	0	0	0	0	0	0	0
NR_118402.1	GIN-41-MGE-S217	0	0	0	0	0	0	0	0	0
NR_118401.1	GIN-41-MGE-S217	0	0	0	0	0	0	0	0	0
NR_118400.1	GIN-41-MGE-S217	0	0	0	0	0	0	0	0	0
NR_118399.1	GIN-41-MGE-S217	0	0	0	0	0	0	0	0	0
NR_118398.1	GIN-41-MGE-S217	0	0	0	0	0	0	0	0	0
NR_118394.1	GIN-41-MGE-S217	0	0	0	0	0	0	0	0	0
NR_118389.1	GIN-41-MGE-S217	0	0	0	0	0	0	0	0	0
NR_118388.1	GIN-41-MGE-S217	0	0	0	0	0	0	0	0	0
NR_118387.1	GIN-41-MGE-S217	0	0	0	0	0	0	0	0	0
NR_118384.1	GIN-41-MGE-S217	0	0	0	0	0	0	0	0	0
NR_118377.1	GIN-41-MGE-S217	0	0	0	0	0	0	0	0	0
NR_118364.1	GIN-41-MGE-S217	0	0	0	0	0	0	0	0	0
NR_118363.1	GIN-41-MGE-S217	0	0	0	0	0	0	0	0	0
NR_118362.1	GIN-41-MGE-S217	0	0	0	0	0	0	0	0	0
NR_118360.1	GIN-41-MGE-S217	0	0	0	0	0	0	0	0	0
NR_118359.1	GIN-41-MGE-S217	0	0	0	0	0	0	0	0	0
NR_118358.1	GIN-41-MGE-S217	0	0	0	0	0	0	0	0	0
NR_118357.1	GIN-41-MGE-S217	0	0	0	0	0	0	0	0	0
NR_118356.1	GIN-41-MGE-S217	0	0	0	0	0	0	0	0	0
NR_118354.1	GIN-41-MGE-S217	0	0	0	0	0	0	0	0	0
NR_118353.1	GIN-41-MGE-S217	0	0	0	0	0	0	0	0	0
NR_118352.1	GIN-41-MGE-S217	0	0	0	0	0	0	0	0	0
NR_118347.1	GIN-41-MGE-S217	0	0	0	0	0	0	0	0	0
NR_118343.1	GIN-41-MGE-S217	0	0	0	0	0	0	0	0	0
NR_118342.1	GIN-41-MGE-S217	0	0	0	0	0	0	0	0	0
NR_118341.1	GIN-41-MGE-S217	0	0	0	0	0	0	0	0	0
NR_118332.1	GIN-41-MGE-S217	0	0	0	0	0	0	0	0	0
NR_118331.1	GIN-41-MGE-S217	0	0	0	0	0	0	0	0	0
NR_118328.1	GIN-41-MGE-S217	0	0	0	0	0	0	0	0	0
NR_118325.1	GIN-41-MGE-S217	0	0	0	0	0	0	0	0	0
NR_118324.1	GIN-41-MGE-S217	0	0	0	0	0	0	0	0	0
NR_118320.1	GIN-41-MGE-S217	0	0	0	0	0	0	0	0	0
NR_118306.1	GIN-41-MGE-S217	0	0	0	0	0	0	0	0	0
NR_118304.1	GIN-41-MGE-S217	0	0	0	0	0	0	0	0	0
NR_118303.1	GIN-41-MGE-S217	0	0	0	0	0	0	0	0	0
NR_118300.1	GIN-41-MGE-S217	0	0	0	0	0	0	0	0	0
NR_118295.1	GIN-41-MGE-S217	0	0	0	0	0	0	0	0	0
NR_118294.1	GIN-41-MGE-S217	0	0	0	0	0	0	0	0	0
NR_118293.1	GIN-41-MGE-S217	0	0	0	0	0	0	0	0	0
NR_118292.1	GIN-41-MGE-S217	0	0	0	0	0	0	0	0	0
NR_118291.1	GIN-41-MGE-S217	0	0	0	0	0	0	0	0	0
NR_118288.1	GIN-41-MGE-S217	0	0	0	0	0	0	0	0	0
NR_118287.1	GIN-41-MGE-S217	0	0	0	0	0	0	0	0	0
NR_118286.1	GIN-41-MGE-S217	0	0	0	0	0	0	0	0	0
NR_118285.1	GIN-41-MGE-S217	0	0	0	0	0	0	0	0	0
NR_118284.1	GIN-41-MGE-S217	0	0	0	0	0	0	0	0	0
NR_118283.1	GIN-41-MGE-S217	0	0	0	0	0	0	0	0	0
NR_118282.1	GIN-41-MGE-S217	0	0	0	0	0	0	0	0	0
NR_118281.1	GIN-41-MGE-S217	0	0	0	0	0	0	0	0	0
NR_118280.1	GIN-41-MGE-S217	0	0	0	0	0	0	0	0	0
NR_118279.1	GIN-41-MGE-S217	0	0	0	0	0	0	0	0	0
NR_118278.1	GIN-41-MGE-S217	0	0	0	0	0	0	0	0	0
NR_118277.1	GIN-41-MGE-S217	0	0	0	0	0	0	0	0	0
NR_118274.1	GIN-41-MGE-S217	0	0	0	0	0	0	0	0	0
NR_118273.1	GIN-41-MGE-S217	0	0	0	0	0	0	0	0	0
NR_118262.1	GIN-41-MGE-S217	0	0	0	0	0	0	0	0	0
NR_118261.1	GIN-41-MGE-S217	0	0	0	0	0	0	0	0	0
NR_118260.1	GIN-41-MGE-S217	0	0	0	0	0	0	0	0	0
NR_118259.1	GIN-41-MGE-S217	0	0	0	0	0	0	0	0	0
NR_118258.1	GIN-41-MGE-S217	0	0	0	0	0	0	0	0	0
NR_118256.1	GIN-41-MGE-S217	0	0	0	0	0	0	0	0	0
NR_118248.1	GIN-41-MGE-S217	0	0	0	0	0	0	0	0	0
NR_118247.1	GIN-41-MGE-S217	0	0	0	0	0	0	0	0	0
NR_118244.1	GIN-41-MGE-S217	0	0	0	0	0	0	0	0	0
NR_118243.1	GIN-41-MGE-S217	0	0	0	0	0	0	0	0	0
NR_118241.1	GIN-41-MGE-S217	0	0	0	0	0	0	0	0	0
NR_118239.1	GIN-41-MGE-S217	0	0	0	0	0	0	0	0	0
NR_118237.1	GIN-41-MGE-S217	0	0	0	0	0	0	0	0	0
NR_118235.1	GIN-41-MGE-S217	0	0	0	0	0	0	0	0	0
NR_118234.1	GIN-41-MGE-S217	0	0	0	0	0	0	0	0	0
NR_118231.1	GIN-41-MGE-S217	0	0	0	0	0	0	0	0	0
NR_118230.1	GIN-41-MGE-S217	0	0	0	0	0	0	0	0	0
NR_118228.1	GIN-41-MGE-S217	0	0	0	0	0	0	0	0	0
NR_118227.1	GIN-41-MGE-S217	0	0	0	0	0	0	0	0	0
NR_118226.1	GIN-41-MGE-S217	0	0	0	0	0	0	0	0	0
NR_118225.1	GIN-41-MGE-S217	0	0	0	0	0	0	0	0	0
NR_118224.1	GIN-41-MGE-S217	0	0	0	0	0	0	0	0	0
NR_118221.1	GIN-41-MGE-S217	0	0	0	0	0	0	0	0	0
NR_118214.1	GIN-41-MGE-S217	0	0	0	0	0	0	0	0	0
NR_118213.1	GIN-41-MGE-S217	0	0	0	0	0	0	0	0	0
NR_118212.1	GIN-41-MGE-S217	0	0	0	0	0	0	0	0	0
NR_118211.1	GIN-41-MGE-S217	0	0	0	0	0	0	0	0	0
NR_118210.1	GIN-41-MGE-S217	0	0	0	0	0	0	0	0	0
NR_118209.1	GIN-41-MGE-S217	0	0	0	0	0	0	0	0	0
NR_118208.1	GIN-41-MGE-S217	0	0	0	0	0	0	0	0	0
NR_118207.1	GIN-41-MGE-S217	0	0	0	0	0	0	0	0	0
NR_118206.1	GIN-41-MGE-S217	0	0	0	0	0	0	0	0	0
NR_118205.1	GIN-41-MGE-S217	0	0	0	0	0	0	0	0	0
NR_118204.1	GIN-41-MGE-S217	0	0	0	0	0	0	0	0	0
NR_118203.1	GIN-41-MGE-S217	0	0	0	0	0	0	0	0	0
NR_118202.1	GIN-41-MGE-S217	0	0	0	0	0	0	0	0	0
NR_118201.1	GIN-41-MGE-S217	0	0	0	0	0	0	0	0	0
NR_118200.1	GIN-41-MGE-S217	0	0	0	0	0	0	0	0	0
NR_118199.1	GIN-41-MGE-S217	0	0	0	0	0	0	0	0	0
NR_118198.1	GIN-41-MGE-S217	0	0	0	0	0	0	0	0	0
NR_118197.1	GIN-41-MGE-S217	0	0	0	0	0	0	0	0	0
NR_118196.1	GIN-41-MGE-S217	0	0	0	0	0	0	0	0	0
NR_118195.1	GIN-41-MGE-S217	0	0	0	0	0	0	0	0	0
NR_118194.1	GIN-41-MGE-S217	0	0	0	0	0	0	0	0	0
NR_118193.1	GIN-41-MGE-S217	0	0	0	0	0	0	0	0	0
NR_118192.1	GIN-41-MGE-S217	0	0	0	0	0	0	0	0	0
NR_118191.1	GIN-41-MGE-S217	0	0	0	0	0	0	0	0	0
NR_118190.1	GIN-41-MGE-S217	0	0	0	0	0	0	0	0	0
NR_118189.1	GIN-41-MGE-S217	0	0	0	0	0	0	0	0	0
NR_118188.1	GIN-41-MGE-S217	0	0	0	0	0	0	0	0	0
NR_118187.1	GIN-41-MGE-S217	0	0	0	0	0	0	0	0	0
NR_118186.1	GIN-41-MGE-S217	0	0	0	0	0	0	0	0	0
NR_118185.1	GIN-41-MGE-S217	0	0	0	0	0	0	0	0	0
NR_118184.1	GIN-41-MGE-S217	0	0	0	0	0	0	0	0	0
NR_118183.1	GIN-41-MGE-S217	0	0	0	0	0	0	0	0	0
NR_118182.1	GIN-41-MGE-S217	0	0	0	0	0	0	0	0	0
NR_118181.1	GIN-41-MGE-S217	0	0	0	0	0	0	0	0	0
NR_118180.1	GIN-41-MGE-S217	0	0	0	0	0	0	0	0	0
NR_118179.1	GIN-41-MGE-S217	0	0	0	0	0	0	0	0	0
NR_118176.1	GIN-41-MGE-S217	0	0	0	0	0	0	0	0	0
NR_118175.1	GIN-41-MGE-S217	0	0	0	0	0	0	0	0	0
NR_118174.1	GIN-41-MGE-S217	0	0	0	0	0	0	0	0	0
NR_118173.1	GIN-41-MGE-S217	0	0	0	0	0	0	0	0	0
NR_118172.1	GIN-41-MGE-S217	0	0	0	0	0	0	0	0	0
NR_118171.1	GIN-41-MGE-S217	0	0	0	0	0	0	0	0	0
NR_118170.1	GIN-41-MGE-S217	0	0	0	0	0	0	0	0	0
NR_118169.1	GIN-41-MGE-S217	0	0	0	0	0	0	0	0	0
NR_118168.1	GIN-41-MGE-S217	0	0	0	0	0	0	0	0	0
NR_118167.1	GIN-41-MGE-S217	0	0	0	0	0	0	0	0	0
NR_118166.1	GIN-41-MGE-S217	0	0	0	0	0	0	0	0	0
NR_118165.1	GIN-41-MGE-S217	0	0	0	0	0	0	0	0	0
NR_118164.1	GIN-41-MGE-S217	0	0	0	0	0	0	0	0	0
NR_118163.1	GIN-41-MGE-S217	0	0	0	0	0	0	0	0	0
NR_118162.1	GIN-41-MGE-S217	0	0	0	0	0	0	0	0	0
NR_118161.1	GIN-41-MGE-S217	0	0	0	0	0	0	0	0	0
NR_118160.1	GIN-41-MGE-S217	0	0	0	0	0	0	0	0	0
NR_118159.1	GIN-41-MGE-S217	0	0	0	0	0	0	0	0	0
NR_118154.1	GIN-41-MGE-S217	0	0	0	0	0	0	0	0	0
NR_118153.1	GIN-41-MGE-S217	0	0	0	0	0	0	0	0	0
NR_118151.1	GIN-41-MGE-S217	0	0	0	0	0	0	0	0	0
NR_118144.1	GIN-41-MGE-S217	0	0	0	0	0	0	0	0	0
NR_118143.1	GIN-41-MGE-S217	0	0	0	0	0	0	0	0	0
NR_118142.1	GIN-41-MGE-S217	0	0	0	0	0	0	0	0	0
NR_118134.1	GIN-41-MGE-S217	0	0	0	0	0	0	0	0	0
NR_118133.1	GIN-41-MGE-S217	0	0	0	0	0	0	0	0	0
NR_118127.1	GIN-41-MGE-S217	0	0	0	0	0	0	0	0	0
NR_118126.1	GIN-41-MGE-S217	0	0	0	0	0	0	0	0	0
NR_118122.1	GIN-41-MGE-S217	0	0	0	0	0	0	0	0	0
NR_118121.1	GIN-41-MGE-S217	0	0	0	0	0	0	0	0	0
NR_118120.1	GIN-41-MGE-S217	0	0	0	0	0	0	0	0	0
NR_118117.1	GIN-41-MGE-S217	0	0	0	0	0	0	0	0	0
NR_118116.1	GIN-41-MGE-S217	0	0	0	0	0	0	0	0	0
NR_118112.1	GIN-41-MGE-S217	0	0	0	0	0	0	0	0	0
NR_118111.1	GIN-41-MGE-S217	0	0	0	0	0	0	0	0	0
NR_118110.1	GIN-41-MGE-S217	0	0	0	0	0	0	0	0	0
NR_118107.1	GIN-41-MGE-S217	0	0	0	0	0	0	0	0	0
NR_118106.1	GIN-41-MGE-S217	0	0	0	0	0	0	0	0	0
NR_118105.1	GIN-41-MGE-S217	0	0	0	0	0	0	0	0	0
NR_118099.1	GIN-41-MGE-S217	0	0	0	0	0	0	0	0	0
NR_118097.1	GIN-41-MGE-S217	0	0	0	0	0	0	0	0	0
NR_118096.1	GIN-41-MGE-S217	0	0	0	0	0	0	0	0	0
NR_118095.1	GIN-41-MGE-S217	0	0	0	0	0	0	0	0	0
NR_118094.1	GIN-41-MGE-S217	0	0	0	0	0	0	0	0	0
NR_118093.1	GIN-41-MGE-S217	0	0	0	0	0	0	0	0	0
NR_118092.1	GIN-41-MGE-S217	0	0	0	0	0	0	0	0	0
NR_118091.1	GIN-41-MGE-S217	0	0	0	0	0	0	0	0	0
NR_118088.1	GIN-41-MGE-S217	0	0	0	0	0	0	0	0	0
NR_118087.1	GIN-41-MGE-S217	0	0	0	0	0	0	0	0	0
NR_118086.1	GIN-41-MGE-S217	0	0	0	0	0	0	0	0	0
NR_118085.1	GIN-41-MGE-S217	0	0	0	0	0	0	0	0	0
NR_118083.1	GIN-41-MGE-S217	0	0	0	0	0	0	0	0	0
NR_118082.1	GIN-41-MGE-S217	0	0	0	0	0	0	0	0	0
NR_118081.1	GIN-41-MGE-S217	0	0	0	0	0	0	0	0	0
NR_118080.1	GIN-41-MGE-S217	0	0	0	0	0	0	0	0	0
NR_118079.1	GIN-41-MGE-S217	0	0	0	0	0	0	0	0	0
NR_118078.1	GIN-41-MGE-S217	0	0	0	0	0	0	0	0	0
NR_118077.1	GIN-41-MGE-S217	0	0	0	0	0	0	0	0	0
NR_118076.1	GIN-41-MGE-S217	0	0	0	0	0	0	0	0	0
NR_118075.1	GIN-41-MGE-S217	0	0	0	0	0	0	0	0	0
NR_118074.1	GIN-41-MGE-S217	0	0	0	0	0	0	0	0	0
NR_118073.1	GIN-41-MGE-S217	0	0	0	0	0	0	0	0	0
NR_118072.1	GIN-41-MGE-S217	0	0	0	0	0	0	0	0	0
NR_118071.1	GIN-41-MGE-S217	0	0	0	0	0	0	0	0	0
NR_118070.1	GIN-41-MGE-S217	0	0	0	0	0	0	0	0	0
NR_118069.1	GIN-41-MGE-S217	0	0	0	0	0	0	0	0	0
NR_118068.1	GIN-41-MGE-S217	0	0	0	0	0	0	0	0	0
NR_118067.1	GIN-41-MGE-S217	0	0	0	0	0	0	0	0	0
NR_118065.1	GIN-41-MGE-S217	0	0	0	0	0	0	0	0	0
NR_118064.1	GIN-41-MGE-S217	0	0	0	0	0	0	0	0	0
NR_118063.1	GIN-41-MGE-S217	0	0	0	0	0	0	0	0	0
NR_118062.1	GIN-41-MGE-S217	0	0	0	0	0	0	0	0	0
NR_118061.1	GIN-41-MGE-S217	0	0	0	0	0	0	0	0	0
NR_118060.1	GIN-41-MGE-S217	0	0	0	0	0	0	0	0	0
NR_118059.1	GIN-41-MGE-S217	0	0	0	0	0	0	0	0	0
NR_118058.1	GIN-41-MGE-S217	0	0	0	0	0	0	0	0	0
NR_118057.1	GIN-41-MGE-S217	0	0	0	0	0	0	0	0	0
NR_118056.1	GIN-41-MGE-S217	0	0	0	0	0	0	0	0	0
NR_118055.1	GIN-41-MGE-S217	0	0	0	0	0	0	0	0	0
NR_118054.1	GIN-41-MGE-S217	0	0	0	0	0	0	0	0	0
NR_118053.1	GIN-41-MGE-S217	0	0	0	0	0	0	0	0	0
NR_118052.1	GIN-41-MGE-S217	0	0	0	0	0	0	0	0	0
NR_118051.1	GIN-41-MGE-S217	0	0	0	0	0	0	0	0	0
NR_118050.1	GIN-41-MGE-S217	0	0	0	0	0	0	0	0	0
NR_118044.1	GIN-41-MGE-S217	0	0	0	0	0	0	0	0	0
NR_118043.1	GIN-41-MGE-S217	0	0	0	0	0	0	0	0	0
NR_118042.1	GIN-41-MGE-S217	0	0	0	0	0	0	0	0	0
NR_118037.1	GIN-41-MGE-S217	0	0	0	0	0	0	0	0	0
NR_118036.1	GIN-41-MGE-S217	0	0	0	0	0	0	0	0	0
NR_118035.1	GIN-41-MGE-S217	0	0	0	0	0	0	0	0	0
NR_118033.1	GIN-41-MGE-S217	0	0	0	0	0	0	0	0	0
NR_118029.1	GIN-41-MGE-S217	0	0	0	0	0	0	0	0	0
NR_118027.1	GIN-41-MGE-S217	0	0	0	0	0	0	0	0	0
NR_118026.1	GIN-41-MGE-S217	0	0	0	0	0	0	0	0	0
NR_118025.1	GIN-41-MGE-S217	0	0	0	0	0	0	0	0	0
NR_118017.1	GIN-41-MGE-S217	0	0	0	0	0	0	0	0	0
NR_118016.1	GIN-41-MGE-S217	0	0	0	0	0	0	0	0	0
NR_118015.1	GIN-41-MGE-S217	0	0	0	0	0	0	0	0	0
NR_118011.1	GIN-41-MGE-S217	0	0	0	0	0	0	0	0	0
NR_118010.1	GIN-41-MGE-S217	0	0	0	0	0	0	0	0	0
NR_118009.1	GIN-41-MGE-S217	0	0	0	0	0	0	0	0	0
NR_118008.1	GIN-41-MGE-S217	0	0	0	0	0	0	0	0	0
NR_118007.1	GIN-41-MGE-S217	0	0	0	0	0	0	0	0	0
NR_118006.1	GIN-41-MGE-S217	0	0	0	0	0	0	0	0	0
NR_118003.1	GIN-41-MGE-S217	0	0	0	0	0	0	0	0	0
NR_117995.1	GIN-41-MGE-S217	0	0	0	0	0	0	0	0	0
NR_117991.1	GIN-41-MGE-S217	0	0	0	0	0	0	0	0	0
NR_117990.1	GIN-41-MGE-S217	0	0	0	0	0	0	0	0	0
NR_117984.1	GIN-41-MGE-S217	0	0	0	0	0	0	0	0	0
NR_117981.1	GIN-41-MGE-S217	0	0	0	0	0	0	0	0	0
NR_117980.1	GIN-41-MGE-S217	0	0	0	0	0	0	0	0	0
NR_117969.1	GIN-41-MGE-S217	0	0	0	0	0	0	0	0	0
NR_117959.1	GIN-41-MGE-S217	0	0	0	0	0	0	0	0	0
NR_117958.1	GIN-41-MGE-S217	0	0	0	0	0	0	0	0	0
NR_117957.1	GIN-41-MGE-S217	0	0	0	0	0	0	0	0	0
NR_117956.1	GIN-41-MGE-S217	0	0	0	0	0	0	0	0	0
NR_117955.1	GIN-41-MGE-S217	0	0	0	0	0	0	0	0	0
NR_117952.1	GIN-41-MGE-S217	0	0	0	0	0	0	0	0	0
NR_117951.1	GIN-41-MGE-S217	0	0	0	0	0	0	0	0	0
NR_117945.1	GIN-41-MGE-S217	0	0	0	0	0	0	0	0	0
NR_117944.1	GIN-41-MGE-S217	0	0	0	0	0	0	0	0	0
NR_117937.1	GIN-41-MGE-S217	0	0	0	0	0	0	0	0	0
NR_117930.1	GIN-41-MGE-S217	0	0	0	0	0	0	0	0	0
NR_117923.1	GIN-41-MGE-S217	0	0	0	0	0	0	0	0	0
NR_117919.1	GIN-41-MGE-S217	0	0	0	0	0	0	0	0	0
NR_117911.1	GIN-41-MGE-S217	0	0	0	0	0	0	0	0	0
NR_117910.1	GIN-41-MGE-S217	0	0	0	0	0	0	0	0	0
NR_117909.1	GIN-41-MGE-S217	0	0	0	0	0	0	0	0	0
NR_117908.1	GIN-41-MGE-S217	0	0	0	0	0	0	0	0	0
NR_117907.1	GIN-41-MGE-S217	0	0	0	0	0	0	0	0	0
NR_117906.1	GIN-41-MGE-S217	0	0	0	0	0	0	0	0	0
NR_117898.1	GIN-41-MGE-S217	0	0	0	0	0	0	0	0	0
NR_117897.1	GIN-41-MGE-S217	0	0	0	0	0	0	0	0	0
NR_117896.1	GIN-41-MGE-S217	0	0	0	0	0	0	0	0	0
NR_117895.1	GIN-41-MGE-S217	0	0	0	0	0	0	0	0	0
NR_117893.1	GIN-41-MGE-S217	0	0	0	0	0	0	0	0	0
NR_117892.1	GIN-41-MGE-S217	0	0	0	0	0	0	0	0	0
NR_117891.1	GIN-41-MGE-S217	0	0	0	0	0	0	0	0	0
NR_117890.1	GIN-41-MGE-S217	0	0	0	0	0	0	0	0	0
NR_117889.1	GIN-41-MGE-S217	0	0	0	0	0	0	0	0	0
NR_117888.1	GIN-41-MGE-S217	0	0	0	0	0	0	0	0	0
NR_117887.1	GIN-41-MGE-S217	0	0	0	0	0	0	0	0	0
NR_117886.1	GIN-41-MGE-S217	0	0	0	0	0	0	0	0	0
NR_117885.1	GIN-41-MGE-S217	0	0	0	0	0	0	0	0	0
NR_117884.1	GIN-41-MGE-S217	0	0	0	0	0	0	0	0	0
NR_117883.1	GIN-41-MGE-S217	0	0	0	0	0	0	0	0	0
NR_117879.1	GIN-41-MGE-S217	0	0	0	0	0	0	0	0	0
NR_117877.1	GIN-41-MGE-S217	0	0	0	0	0	0	0	0	0
NR_117876.1	GIN-41-MGE-S217	0	0	0	0	0	0	0	0	0
NR_117875.1	GIN-41-MGE-S217	0	0	0	0	0	0	0	0	0
NR_117874.1	GIN-41-MGE-S217	0	0	0	0	0	0	0	0	0
NR_117873.1	GIN-41-MGE-S217	0	0	0	0	0	0	0	0	0
NR_117872.1	GIN-41-MGE-S217	0	0	0	0	0	0	0	0	0
NR_117871.1	GIN-41-MGE-S217	0	0	0	0	0	0	0	0	0
NR_117870.1	GIN-41-MGE-S217	0	0	0	0	0	0	0	0	0
NR_117869.1	GIN-41-MGE-S217	0	0	0	0	0	0	0	0	0
NR_117853.1	GIN-41-MGE-S217	0	0	0	0	0	0	0	0	0
NR_117852.1	GIN-41-MGE-S217	0	0	0	0	0	0	0	0	0
NR_117849.1	GIN-41-MGE-S217	0	0	0	0	0	0	0	0	0
NR_117843.1	GIN-41-MGE-S217	0	0	0	0	0	0	0	0	0
NR_117842.1	GIN-41-MGE-S217	0	0	0	0	0	0	0	0	0
NR_117840.1	GIN-41-MGE-S217	0	0	0	0	0	0	0	0	0
NR_117839.1	GIN-41-MGE-S217	0	0	0	0	0	0	0	0	0
NR_117836.1	GIN-41-MGE-S217	0	0	0	0	0	0	0	0	0
NR_117832.1	GIN-41-MGE-S217	0	0	0	0	0	0	0	0	0
NR_117828.1	GIN-41-MGE-S217	0	0	0	0	0	0	0	0	0
NR_117822.1	GIN-41-MGE-S217	0	0	0	0	0	0	0	0	0
NR_117821.1	GIN-41-MGE-S217	0	0	0	0	0	0	0	0	0
NR_117820.1	GIN-41-MGE-S217	0	0	0	0	0	0	0	0	0
NR_117818.1	GIN-41-MGE-S217	0	0	0	0	0	0	0	0	0
NR_117817.1	GIN-41-MGE-S217	0	0	0	0	0	0	0	0	0
NR_117812.1	GIN-41-MGE-S217	0	0	0	0	0	0	0	0	0
NR_117811.1	GIN-41-MGE-S217	0	0	0	0	0	0	0	0	0
NR_117802.1	GIN-41-MGE-S217	0	0	0	0	0	0	0	0	0
NR_117799.1	GIN-41-MGE-S217	0	0	0	0	0	0	0	0	0
NR_117793.1	GIN-41-MGE-S217	0	0	0	0	0	0	0	0	0
NR_117791.1	GIN-41-MGE-S217	0	0	0	0	0	0	0	0	0
NR_117789.1	GIN-41-MGE-S217	0	0	0	0	0	0	0	0	0
NR_117788.1	GIN-41-MGE-S217	0	0	0	0	0	0	0	0	0
NR_117785.1	GIN-41-MGE-S217	0	0	0	0	0	0	0	0	0
NR_117784.1	GIN-41-MGE-S217	0	0	0	0	0	0	0	0	0
NR_117779.1	GIN-41-MGE-S217	0	0	0	0	0	0	0	0	0
NR_117778.1	GIN-41-MGE-S217	0	0	0	0	0	0	0	0	0
NR_117771.1	GIN-41-MGE-S217	0	0	0	0	0	0	0	0	0
NR_117769.1	GIN-41-MGE-S217	0	0	0	0	0	0	0	0	0
NR_117768.1	GIN-41-MGE-S217	0	0	0	0	0	0	0	0	0
NR_117767.1	GIN-41-MGE-S217	0	0	0	0	0	0	0	0	0
NR_117766.1	GIN-41-MGE-S217	0	0	0	0	0	0	0	0	0
NR_117765.1	GIN-41-MGE-S217	0	0	0	0	0	0	0	0	0
NR_117764.1	GIN-41-MGE-S217	0	0	0	0	0	0	0	0	0
NR_117763.1	GIN-41-MGE-S217	0	0	0	0	0	0	0	0	0
NR_117762.1	GIN-41-MGE-S217	0	0	0	0	0	0	0	0	0
NR_117761.1	GIN-41-MGE-S217	0	0	0	0	0	0	0	0	0
NR_117760.1	GIN-41-MGE-S217	0	0	0	0	0	0	0	0	0
NR_117759.1	GIN-41-MGE-S217	0	0	0	0	0	0	0	0	0
NR_117758.1	GIN-41-MGE-S217	0	0	0	0	0	0	0	0	0
NR_117753.1	GIN-41-MGE-S217	0	0	0	0	0	0	0	0	0
NR_117752.1	GIN-41-MGE-S217	0	0	0	0	0	0	0	0	0
NR_117751.1	GIN-41-MGE-S217	0	0	0	0	0	0	0	0	0
NR_117750.1	GIN-41-MGE-S217	0	0	0	0	0	0	0	0	0
NR_117748.1	GIN-41-MGE-S217	0	0	0	0	0	0	0	0	0
NR_117744.1	GIN-41-MGE-S217	0	0	0	0	0	0	0	0	0
NR_117743.1	GIN-41-MGE-S217	0	0	0	0	0	0	0	0	0
NR_117742.1	GIN-41-MGE-S217	0	0	0	0	0	0	0	0	0
NR_117741.1	GIN-41-MGE-S217	0	0	0	0	0	0	0	0	0
NR_117740.1	GIN-41-MGE-S217	0	0	0	0	0	0	0	0	0
NR_117739.1	GIN-41-MGE-S217	0	0	0	0	0	0	0	0	0
NR_117735.1	GIN-41-MGE-S217	0	0	0	0	0	0	0	0	0
NR_117734.1	GIN-41-MGE-S217	10	10	0	0	0	0	0	0	0
NR_117719.1	GIN-41-MGE-S217	0	0	0	0	0	0	0	0	0
NR_117718.1	GIN-41-MGE-S217	0	0	0	0	0	0	0	0	0
NR_117717.1	GIN-41-MGE-S217	0	0	0	0	0	0	0	0	0
NR_117716.1	GIN-41-MGE-S217	0	0	0	0	0	0	0	0	0
NR_117715.1	GIN-41-MGE-S217	0	0	0	0	0	0	0	0	0
NR_117714.1	GIN-41-MGE-S217	0	0	0	0	0	0	0	0	0
NR_117713.1	GIN-41-MGE-S217	0	0	0	0	0	0	0	0	0
NR_117711.1	GIN-41-MGE-S217	0	0	0	0	0	0	0	0	0
NR_117709.1	GIN-41-MGE-S217	0	0	0	0	0	0	0	0	0
NR_117708.1	GIN-41-MGE-S217	0	0	0	0	0	0	0	0	0
NR_117707.1	GIN-41-MGE-S217	0	0	0	0	0	0	0	0	0
NR_117706.1	GIN-41-MGE-S217	0	0	0	0	0	0	0	0	0
NR_117704.1	GIN-41-MGE-S217	0	0	0	0	0	0	0	0	0
NR_117703.1	GIN-41-MGE-S217	0	0	0	0	0	0	0	0	0
NR_117698.1	GIN-41-MGE-S217	0	0	0	0	0	0	0	0	0
NR_117693.1	GIN-41-MGE-S217	0	0	0	0	0	0	0	0	0
NR_117691.1	GIN-41-MGE-S217	0	0	0	0	0	0	0	0	0
NR_117686.1	GIN-41-MGE-S217	0	0	0	0	0	0	0	0	0
NR_117685.1	GIN-41-MGE-S217	0	0	0	0	0	0	0	0	0
NR_117684.1	GIN-41-MGE-S217	0	0	0	0	0	0	0	0	0
NR_117683.1	GIN-41-MGE-S217	0	0	0	0	0	0	0	0	0
NR_117682.1	GIN-41-MGE-S217	0	0	0	0	0	0	0	0	0
NR_117681.1	GIN-41-MGE-S217	0	0	0	0	0	0	0	0	0
NR_117680.1	GIN-41-MGE-S217	0	0	0	0	0	0	0	0	0
NR_117679.1	GIN-41-MGE-S217	0	0	0	0	0	0	0	0	0
NR_117678.1	GIN-41-MGE-S217	0	0	0	0	0	0	0	0	0
NR_117677.1	GIN-41-MGE-S217	0	0	0	0	0	0	0	0	0
NR_117676.1	GIN-41-MGE-S217	0	0	0	0	0	0	0	0	0
NR_117675.1	GIN-41-MGE-S217	0	0	0	0	0	0	0	0	0
NR_117674.1	GIN-41-MGE-S217	0	0	0	0	0	0	0	0	0
NR_117673.1	GIN-41-MGE-S217	0	0	0	0	0	0	0	0	0
NR_117672.1	GIN-41-MGE-S217	0	0	0	0	0	0	0	0	0
NR_117671.1	GIN-41-MGE-S217	0	0	0	0	0	0	0	0	0
NR_117670.1	GIN-41-MGE-S217	0	0	0	0	0	0	0	0	0
NR_117669.1	GIN-41-MGE-S217	0	0	0	0	0	0	0	0	0
NR_117668.1	GIN-41-MGE-S217	0	0	0	0	0	0	0	0	0
NR_117667.1	GIN-41-MGE-S217	0	0	0	0	0	0	0	0	0
NR_117666.1	GIN-41-MGE-S217	0	0	0	0	0	0	0	0	0
NR_117665.1	GIN-41-MGE-S217	0	0	0	0	0	0	0	0	0
NR_117664.1	GIN-41-MGE-S217	0	0	0	0	0	0	0	0	0
NR_117663.1	GIN-41-MGE-S217	0	0	0	0	0	0	0	0	0
NR_117662.1	GIN-41-MGE-S217	0	0	0	0	0	0	0	0	0
NR_117661.1	GIN-41-MGE-S217	0	0	0	0	0	0	0	0	0
NR_117660.1	GIN-41-MGE-S217	0	0	0	0	0	0	0	0	0
NR_117659.1	GIN-41-MGE-S217	0	0	0	0	0	0	0	0	0
NR_117658.1	GIN-41-MGE-S217	0	0	0	0	0	0	0	0	0
NR_117657.1	GIN-41-MGE-S217	0	0	0	0	0	0	0	0	0
NR_117656.1	GIN-41-MGE-S217	0	0	0	0	0	0	0	0	0
NR_117655.1	GIN-41-MGE-S217	0	0	0	0	0	0	0	0	0
NR_117654.1	GIN-41-MGE-S217	0	0	0	0	0	0	0	0	0
NR_117653.1	GIN-41-MGE-S217	0	0	0	0	0	0	0	0	0
NR_117652.1	GIN-41-MGE-S217	0	0	0	0	0	0	0	0	0
NR_117651.1	GIN-41-MGE-S217	0	0	0	0	0	0	0	0	0
NR_117649.1	GIN-41-MGE-S217	0	0	0	0	0	0	0	0	0
NR_117648.1	GIN-41-MGE-S217	0	0	0	0	0	0	0	0	0
NR_117644.1	GIN-41-MGE-S217	0	0	0	0	0	0	0	0	0
NR_117643.1	GIN-41-MGE-S217	0	0	0	0	0	0	0	0	0
NR_117641.1	GIN-41-MGE-S217	0	0	0	0	0	0	0	0	0
NR_117638.1	GIN-41-MGE-S217	0	0	0	0	0	0	0	0	0
NR_117637.1	GIN-41-MGE-S217	0	0	0	0	0	0	0	0	0
NR_117636.1	GIN-41-MGE-S217	0	0	0	0	0	0	0	0	0
NR_117635.1	GIN-41-MGE-S217	0	0	0	0	0	0	0	0	0
NR_117634.1	GIN-41-MGE-S217	0	0	0	0	0	0	0	0	0
NR_117633.1	GIN-41-MGE-S217	0	0	0	0	0	0	0	0	0
NR_117632.1	GIN-41-MGE-S217	0	0	0	0	0	0	0	0	0
NR_117631.1	GIN-41-MGE-S217	0	0	0	0	0	0	0	0	0
NR_117630.1	GIN-41-MGE-S217	0	0	0	0	0	0	0	0	0
NR_117629.1	GIN-41-MGE-S217	0	0	0	0	0	0	0	0	0
NR_117628.1	GIN-41-MGE-S217	0	0	0	0	0	0	0	0	0
NR_117626.1	GIN-41-MGE-S217	0	0	0	0	0	0	0	0	0
NR_117625.1	GIN-41-MGE-S217	0	0	0	0	0	0	0	0	0
NR_117624.1	GIN-41-MGE-S217	0	0	0	0	0	0	0	0	0
NR_117623.1	GIN-41-MGE-S217	0	0	0	0	0	0	0	0	0
NR_117622.1	GIN-41-MGE-S217	0	0	0	0	0	0	0	0	0
NR_117621.1	GIN-41-MGE-S217	0	0	0	0	0	0	0	0	0
NR_117620.1	GIN-41-MGE-S217	0	0	0	0	0	0	0	0	0
NR_117619.1	GIN-41-MGE-S217	0	0	0	0	0	0	0	0	0
NR_117618.1	GIN-41-MGE-S217	0	0	0	0	0	0	0	0	0
NR_117617.1	GIN-41-MGE-S217	0	0	0	0	0	0	0	0	0
NR_117616.1	GIN-41-MGE-S217	0	0	0	0	0	0	0	0	0
NR_117612.1	GIN-41-MGE-S217	0	0	0	0	0	0	0	0	0
NR_117610.1	GIN-41-MGE-S217	0	0	0	0	0	0	0	0	0
NR_117609.1	GIN-41-MGE-S217	0	0	0	0	0	0	0	0	0
NR_117608.1	GIN-41-MGE-S217	0	0	0	0	0	0	0	0	0
NR_117607.1	GIN-41-MGE-S217	0	0	0	0	0	0	0	0	0
NR_117606.1	GIN-41-MGE-S217	0	0	0	0	0	0	0	0	0
NR_117605.1	GIN-41-MGE-S217	0	0	0	0	0	0	0	0	0
NR_117604.1	GIN-41-MGE-S217	0	0	0	0	0	0	0	0	0
NR_117602.1	GIN-41-MGE-S217	0	0	0	0	0	0	0	0	0
NR_117601.1	GIN-41-MGE-S217	0	0	0	0	0	0	0	0	0
NR_117600.1	GIN-41-MGE-S217	0	0	0	0	0	0	0	0	0
NR_117599.1	GIN-41-MGE-S217	0	0	0	0	0	0	0	0	0
NR_117598.1	GIN-41-MGE-S217	0	0	0	0	0	0	0	0	0
NR_117597.1	GIN-41-MGE-S217	0	0	0	0	0	0	0	0	0
NR_117596.1	GIN-41-MGE-S217	0	0	0	0	0	0	0	0	0
NR_117595.1	GIN-41-MGE-S217	0	0	0	0	0	0	0	0	0
NR_117594.1	GIN-41-MGE-S217	0	0	0	0	0	0	0	0	0
NR_117593.1	GIN-41-MGE-S217	0	0	0	0	0	0	0	0	0
NR_117592.1	GIN-41-MGE-S217	0	0	0	0	0	0	0	0	0
NR_117591.1	GIN-41-MGE-S217	0	0	0	0	0	0	0	0	0
NR_117590.1	GIN-41-MGE-S217	0	0	0	0	0	0	0	0	0
NR_117589.1	GIN-41-MGE-S217	0	0	0	0	0	0	0	0	0
NR_117588.1	GIN-41-MGE-S217	0	0	0	0	0	0	0	0	0
NR_117587.1	GIN-41-MGE-S217	0	0	0	0	0	0	0	0	0
NR_117586.1	GIN-41-MGE-S217	0	0	0	0	0	0	0	0	0
NR_117585.1	GIN-41-MGE-S217	0	0	0	0	0	0	0	0	0
NR_117584.1	GIN-41-MGE-S217	0	0	0	0	0	0	0	0	0
NR_117583.1	GIN-41-MGE-S217	0	0	0	0	0	0	0	0	0
NR_117582.1	GIN-41-MGE-S217	0	0	0	0	0	0	0	0	0
NR_117581.1	GIN-41-MGE-S217	0	0	0	0	0	0	0	0	0
NR_117580.1	GIN-41-MGE-S217	0	0	0	0	0	0	0	0	0
NR_117579.1	GIN-41-MGE-S217	0	0	0	0	0	0	0	0	0
NR_117578.1	GIN-41-MGE-S217	0	0	0	0	0	0	0	0	0
NR_117575.1	GIN-41-MGE-S217	0	0	0	0	0	0	0	0	0
NR_117574.1	GIN-41-MGE-S217	0	0	0	0	0	0	0	0	0
NR_117573.1	GIN-41-MGE-S217	0	0	0	0	0	0	0	0	0
NR_117570.1	GIN-41-MGE-S217	0	0	0	0	0	0	0	0	0
NR_117569.1	GIN-41-MGE-S217	0	0	0	0	0	0	0	0	0
NR_117568.1	GIN-41-MGE-S217	0	0	0	0	0	0	0	0	0
NR_117566.1	GIN-41-MGE-S217	0	0	0	0	0	0	0	0	0
NR_117565.1	GIN-41-MGE-S217	0	0	0	0	0	0	0	0	0
NR_117556.1	GIN-41-MGE-S217	0	0	0	0	0	0	0	0	0
NR_117555.1	GIN-41-MGE-S217	0	0	0	0	0	0	0	0	0
NR_117553.1	GIN-41-MGE-S217	0	0	0	0	0	0	0	0	0
NR_117540.1	GIN-41-MGE-S217	0	0	0	0	0	0	0	0	0
NR_117538.1	GIN-41-MGE-S217	0	0	0	0	0	0	0	0	0
NR_117537.1	GIN-41-MGE-S217	0	0	0	0	0	0	0	0	0
NR_117536.1	GIN-41-MGE-S217	0	0	0	0	0	0	0	0	0
NR_117531.1	GIN-41-MGE-S217	0	0	0	0	0	0	0	0	0
NR_117530.1	GIN-41-MGE-S217	0	0	0	0	0	0	0	0	0
NR_117526.1	GIN-41-MGE-S217	0	0	0	0	0	0	0	0	0
NR_117520.1	GIN-41-MGE-S217	0	0	0	0	0	0	0	0	0
NR_117519.1	GIN-41-MGE-S217	0	0	0	0	0	0	0	0	0
NR_117515.1	GIN-41-MGE-S217	0	0	0	0	0	0	0	0	0
NR_117513.1	GIN-41-MGE-S217	0	0	0	0	0	0	0	0	0
NR_117512.1	GIN-41-MGE-S217	0	0	0	0	0	0	0	0	0
NR_117508.1	GIN-41-MGE-S217	0	0	0	0	0	0	0	0	0
NR_117506.1	GIN-41-MGE-S217	0	0	0	0	0	0	0	0	0
NR_117505.1	GIN-41-MGE-S217	0	0	0	0	0	0	0	0	0
NR_117504.1	GIN-41-MGE-S217	0	0	0	0	0	0	0	0	0
NR_117503.1	GIN-41-MGE-S217	0	0	0	0	0	0	0	0	0
NR_117498.1	GIN-41-MGE-S217	0	0	0	0	0	0	0	0	0
NR_117497.1	GIN-41-MGE-S217	0	0	0	0	0	0	0	0	0
NR_117496.1	GIN-41-MGE-S217	0	0	0	0	0	0	0	0	0
NR_117495.1	GIN-41-MGE-S217	0	0	0	0	0	0	0	0	0
NR_117484.1	GIN-41-MGE-S217	0	0	0	0	0	0	0	0	0
NR_117483.1	GIN-41-MGE-S217	0	0	0	0	0	0	0	0	0
NR_117482.1	GIN-41-MGE-S217	0	0	0	0	0	0	0	0	0
NR_117481.1	GIN-41-MGE-S217	0	0	0	0	0	0	0	0	0
NR_117480.1	GIN-41-MGE-S217	0	0	0	0	0	0	0	0	0
NR_117479.1	GIN-41-MGE-S217	0	0	0	0	0	0	0	0	0
NR_117478.1	GIN-41-MGE-S217	0	0	0	0	0	0	0	0	0
NR_117477.1	GIN-41-MGE-S217	0	0	0	0	0	0	0	0	0
NR_117476.1	GIN-41-MGE-S217	0	0	0	0	0	0	0	0	0
NR_117474.1	GIN-41-MGE-S217	0	0	0	0	0	0	0	0	0
NR_117471.1	GIN-41-MGE-S217	0	0	0	0	0	0	0	0	0
NR_117470.1	GIN-41-MGE-S217	0	0	0	0	0	0	0	0	0
NR_117469.1	GIN-41-MGE-S217	0	0	0	0	0	0	0	0	0
NR_117462.1	GIN-41-MGE-S217	0	0	0	0	0	0	0	0	0
NR_117460.1	GIN-41-MGE-S217	0	0	0	0	0	0	0	0	0
NR_117459.1	GIN-41-MGE-S217	0	0	0	0	0	0	0	0	0
NR_117457.1	GIN-41-MGE-S217	0	0	0	0	0	0	0	0	0
NR_117456.1	GIN-41-MGE-S217	0	0	0	0	0	0	0	0	0
NR_117449.1	GIN-41-MGE-S217	0	0	0	0	0	0	0	0	0
NR_117443.1	GIN-41-MGE-S217	0	0	0	0	0	0	0	0	0
NR_117439.1	GIN-41-MGE-S217	0	0	0	0	0	0	0	0	0
NR_117433.1	GIN-41-MGE-S217	0	0	0	0	0	0	0	0	0
NR_117430.1	GIN-41-MGE-S217	0	0	0	0	0	0	0	0	0
NR_117429.1	GIN-41-MGE-S217	0	0	0	0	0	0	0	0	0
NR_117426.1	GIN-41-MGE-S217	0	0	0	0	0	0	0	0	0
NR_117424.1	GIN-41-MGE-S217	0	0	0	0	0	0	0	0	0
NR_117409.1	GIN-41-MGE-S217	0	0	0	0	0	0	0	0	0
NR_117405.1	GIN-41-MGE-S217	0	0	0	0	0	0	0	0	0
NR_117385.1	GIN-41-MGE-S217	0	0	0	0	0	0	0	0	0
NR_117384.1	GIN-41-MGE-S217	0	0	0	0	0	0	0	0	0
NR_117382.1	GIN-41-MGE-S217	0	0	0	0	0	0	0	0	0
NR_117381.1	GIN-41-MGE-S217	0	0	0	0	0	0	0	0	0
NR_117380.1	GIN-41-MGE-S217	0	0	0	0	0	0	0	0	0
NR_117379.1	GIN-41-MGE-S217	0	0	0	0	0	0	0	0	0
NR_117378.1	GIN-41-MGE-S217	0	0	0	0	0	0	0	0	0
NR_117377.1	GIN-41-MGE-S217	0	0	0	0	0	0	0	0	0
NR_117376.1	GIN-41-MGE-S217	0	0	0	0	0	0	0	0	0
NR_117374.1	GIN-41-MGE-S217	0	0	0	0	0	0	0	0	0
NR_117372.1	GIN-41-MGE-S217	0	0	0	0	0	0	0	0	0
NR_117371.1	GIN-41-MGE-S217	0	0	0	0	0	0	0	0	0
NR_117368.1	GIN-41-MGE-S217	0	0	0	0	0	0	0	0	0
NR_117364.1	GIN-41-MGE-S217	0	0	0	0	0	0	0	0	0
NR_117358.1	GIN-41-MGE-S217	0	0	0	0	0	0	0	0	0
NR_117357.1	GIN-41-MGE-S217	0	0	0	0	0	0	0	0	0
NR_117353.1	GIN-41-MGE-S217	0	0	0	0	0	0	0	0	0
NR_117348.1	GIN-41-MGE-S217	0	0	0	0	0	0	0	0	0
NR_117347.1	GIN-41-MGE-S217	0	0	0	0	0	0	0	0	0
NR_117346.1	GIN-41-MGE-S217	0	0	0	0	0	0	0	0	0
NR_117344.1	GIN-41-MGE-S217	0	0	0	0	0	0	0	0	0
NR_117343.1	GIN-41-MGE-S217	0	0	0	0	0	0	0	0	0
NR_117341.1	GIN-41-MGE-S217	0	0	0	0	0	0	0	0	0
NR_117336.1	GIN-41-MGE-S217	0	0	0	0	0	0	0	0	0
NR_117319.1	GIN-41-MGE-S217	0	0	0	0	0	0	0	0	0
NR_117316.1	GIN-41-MGE-S217	0	0	0	0	0	0	0	0	0
NR_117315.1	GIN-41-MGE-S217	0	0	0	0	0	0	0	0	0
NR_117311.1	GIN-41-MGE-S217	0	0	0	0	0	0	0	0	0
NR_117305.1	GIN-41-MGE-S217	0	0	0	0	0	0	0	0	0
NR_117303.1	GIN-41-MGE-S217	0	0	0	0	0	0	0	0	0
NR_117295.1	GIN-41-MGE-S217	0	0	0	0	0	0	0	0	0
NR_117292.1	GIN-41-MGE-S217	0	0	0	0	0	0	0	0	0
NR_117291.1	GIN-41-MGE-S217	0	0	0	0	0	0	0	0	0
NR_117289.1	GIN-41-MGE-S217	0	0	0	0	0	0	0	0	0
NR_117288.1	GIN-41-MGE-S217	0	0	0	0	0	0	0	0	0
NR_117287.1	GIN-41-MGE-S217	0	0	0	0	0	0	0	0	0
NR_117276.1	GIN-41-MGE-S217	0	0	0	0	0	0	0	0	0
NR_117274.1	GIN-41-MGE-S217	0	0	0	0	0	0	0	0	0
NR_117269.1	GIN-41-MGE-S217	0	0	0	0	0	0	0	0	0
NR_117258.1	GIN-41-MGE-S217	0	0	0	0	0	0	0	0	0
NR_117257.1	GIN-41-MGE-S217	0	0	0	0	0	0	0	0	0
NR_117239.1	GIN-41-MGE-S217	0	0	0	0	0	0	0	0	0
NR_117235.1	GIN-41-MGE-S217	0	0	0	0	0	0	0	0	0
NR_117233.1	GIN-41-MGE-S217	0	0	0	0	0	0	0	0	0
NR_117227.1	GIN-41-MGE-S217	0	0	0	0	0	0	0	0	0
NR_117226.1	GIN-41-MGE-S217	0	0	0	0	0	0	0	0	0
NR_117225.1	GIN-41-MGE-S217	0	0	0	0	0	0	0	0	0
NR_117224.1	GIN-41-MGE-S217	0	0	0	0	0	0	0	0	0
NR_117223.1	GIN-41-MGE-S217	0	0	0	0	0	0	0	0	0
NR_117222.1	GIN-41-MGE-S217	0	0	0	0	0	0	0	0	0
NR_117221.1	GIN-41-MGE-S217	0	0	0	0	0	0	0	0	0
NR_117220.1	GIN-41-MGE-S217	0	0	0	0	0	0	0	0	0
NR_117219.1	GIN-41-MGE-S217	0	0	0	0	0	0	0	0	0
NR_117218.1	GIN-41-MGE-S217	0	0	0	0	0	0	0	0	0
NR_117217.1	GIN-41-MGE-S217	0	0	0	0	0	0	0	0	0
NR_117211.1	GIN-41-MGE-S217	0	0	0	0	0	0	0	0	0
NR_117210.1	GIN-41-MGE-S217	0	0	0	0	0	0	0	0	0
NR_117209.1	GIN-41-MGE-S217	0	0	0	0	0	0	0	0	0
NR_117206.1	GIN-41-MGE-S217	0	0	0	0	0	0	0	0	0
NR_117205.1	GIN-41-MGE-S217	0	0	0	0	0	0	0	0	0
NR_117201.1	GIN-41-MGE-S217	0	0	0	0	0	0	0	0	0
NR_117200.1	GIN-41-MGE-S217	0	0	0	0	0	0	0	0	0
NR_117198.1	GIN-41-MGE-S217	0	0	0	0	0	0	0	0	0
NR_117197.1	GIN-41-MGE-S217	0	0	0	0	0	0	0	0	0
NR_117196.1	GIN-41-MGE-S217	0	0	0	0	0	0	0	0	0
NR_117193.1	GIN-41-MGE-S217	0	0	0	0	0	0	0	0	0
NR_117192.1	GIN-41-MGE-S217	0	0	0	0	0	0	0	0	0
NR_117191.1	GIN-41-MGE-S217	0	0	0	0	0	0	0	0	0
NR_117190.1	GIN-41-MGE-S217	0	0	0	0	0	0	0	0	0
NR_117189.1	GIN-41-MGE-S217	0	0	0	0	0	0	0	0	0
NR_117188.1	GIN-41-MGE-S217	0	0	0	0	0	0	0	0	0
NR_117182.1	GIN-41-MGE-S217	0	0	0	0	0	0	0	0	0
NR_117180.1	GIN-41-MGE-S217	0	0	0	0	0	0	0	0	0
NR_117177.1	GIN-41-MGE-S217	0	0	0	0	0	0	0	0	0
NR_117176.1	GIN-41-MGE-S217	0	0	0	0	0	0	0	0	0
NR_117175.1	GIN-41-MGE-S217	0	0	0	0	0	0	0	0	0
NR_117174.1	GIN-41-MGE-S217	0	0	0	0	0	0	0	0	0
NR_117173.1	GIN-41-MGE-S217	0	0	0	0	0	0	0	0	0
NR_117172.1	GIN-41-MGE-S217	0	0	0	0	0	0	0	0	0
NR_117171.1	GIN-41-MGE-S217	0	0	0	0	0	0	0	0	0
NR_117169.1	GIN-41-MGE-S217	0	0	0	0	0	0	0	0	0
NR_117168.1	GIN-41-MGE-S217	0	0	0	0	0	0	0	0	0
NR_117167.1	GIN-41-MGE-S217	0	0	0	0	0	0	0	0	0
NR_117166.1	GIN-41-MGE-S217	0	0	0	0	0	0	0	0	0
NR_117165.1	GIN-41-MGE-S217	0	0	0	0	0	0	0	0	0
NR_117164.1	GIN-41-MGE-S217	0	0	0	0	0	0	0	0	0
NR_117163.1	GIN-41-MGE-S217	0	0	0	0	0	0	0	0	0
NR_117162.1	GIN-41-MGE-S217	0	0	0	0	0	0	0	0	0
NR_117161.1	GIN-41-MGE-S217	0	0	0	0	0	0	0	0	0
NR_117160.1	GIN-41-MGE-S217	0	0	0	0	0	0	0	0	0
NR_117159.1	GIN-41-MGE-S217	0	0	0	0	0	0	0	0	0
NR_117158.1	GIN-41-MGE-S217	0	0	0	0	0	0	0	0	0
NR_117156.1	GIN-41-MGE-S217	0	0	0	0	0	0	0	0	0
NR_117155.1	GIN-41-MGE-S217	0	0	0	0	0	0	0	0	0
NR_117154.1	GIN-41-MGE-S217	0	0	0	0	0	0	0	0	0
NR_117153.1	GIN-41-MGE-S217	0	0	0	0	0	0	0	0	0
NR_117152.1	GIN-41-MGE-S217	0	0	0	0	0	0	0	0	0
NR_117151.1	GIN-41-MGE-S217	0	0	0	0	0	0	0	0	0
NR_117150.1	GIN-41-MGE-S217	0	0	0	0	0	0	0	0	0
NR_117147.1	GIN-41-MGE-S217	0	0	0	0	0	0	0	0	0
NR_117146.1	GIN-41-MGE-S217	0	0	0	0	0	0	0	0	0
NR_117145.1	GIN-41-MGE-S217	0	0	0	0	0	0	0	0	0
NR_117144.1	GIN-41-MGE-S217	0	0	0	0	0	0	0	0	0
NR_117143.1	GIN-41-MGE-S217	0	0	0	0	0	0	0	0	0
NR_117142.1	GIN-41-MGE-S217	0	0	0	0	0	0	0	0	0
NR_117141.1	GIN-41-MGE-S217	0	0	0	0	0	0	0	0	0
NR_117140.1	GIN-41-MGE-S217	0	0	0	0	0	0	0	0	0
NR_117137.1	GIN-41-MGE-S217	0	0	0	0	0	0	0	0	0
NR_117131.1	GIN-41-MGE-S217	0	0	0	0	0	0	0	0	0
NR_117130.1	GIN-41-MGE-S217	0	0	0	0	0	0	0	0	0
NR_117129.1	GIN-41-MGE-S217	0	0	0	0	0	0	0	0	0
NR_117128.1	GIN-41-MGE-S217	0	0	0	0	0	0	0	0	0
NR_117127.1	GIN-41-MGE-S217	0	0	0	0	0	0	0	0	0
NR_117126.1	GIN-41-MGE-S217	0	0	0	0	0	0	0	0	0
NR_117125.1	GIN-41-MGE-S217	0	0	0	0	0	0	0	0	0
NR_117124.1	GIN-41-MGE-S217	0	0	0	0	0	0	0	0	0
NR_117123.1	GIN-41-MGE-S217	0	0	0	0	0	0	0	0	0
NR_117122.1	GIN-41-MGE-S217	0	0	0	0	0	0	0	0	0
NR_117121.1	GIN-41-MGE-S217	0	0	0	0	0	0	0	0	0
NR_117119.1	GIN-41-MGE-S217	0	0	0	0	0	0	0	0	0
NR_117117.1	GIN-41-MGE-S217	0	0	0	0	0	0	0	0	0
NR_117116.1	GIN-41-MGE-S217	0	0	0	0	0	0	0	0	0
NR_117115.1	GIN-41-MGE-S217	0	0	0	0	0	0	0	0	0
NR_117113.1	GIN-41-MGE-S217	0	0	0	0	0	0	0	0	0
NR_117111.1	GIN-41-MGE-S217	0	0	0	0	0	0	0	0	0
NR_117110.1	GIN-41-MGE-S217	0	0	0	0	0	0	0	0	0
NR_117109.1	GIN-41-MGE-S217	0	0	0	0	0	0	0	0	0
NR_117108.1	GIN-41-MGE-S217	0	0	0	0	0	0	0	0	0
NR_117105.1	GIN-41-MGE-S217	0	0	0	0	0	0	0	0	0
NR_117104.1	GIN-41-MGE-S217	0	0	0	0	0	0	0	0	0
NR_117080.1	GIN-41-MGE-S217	0	0	0	0	0	0	0	0	0
NR_117077.1	GIN-41-MGE-S217	0	0	0	0	0	0	0	0	0
NR_117076.1	GIN-41-MGE-S217	0	0	0	0	0	0	0	0	0
NR_117075.1	GIN-41-MGE-S217	0	0	0	0	0	0	0	0	0
NR_117073.1	GIN-41-MGE-S217	0	0	0	0	0	0	0	0	0
NR_117070.1	GIN-41-MGE-S217	0	0	0	0	0	0	0	0	0
NR_117069.1	GIN-41-MGE-S217	0	0	0	0	0	0	0	0	0
NR_117068.1	GIN-41-MGE-S217	0	0	0	0	0	0	0	0	0
NR_117067.1	GIN-41-MGE-S217	0	0	0	0	0	0	0	0	0
NR_117066.1	GIN-41-MGE-S217	0	0	0	0	0	0	0	0	0
NR_117065.1	GIN-41-MGE-S217	0	0	0	0	0	0	0	0	0
NR_117064.1	GIN-41-MGE-S217	0	0	0	0	0	0	0	0	0
NR_117063.1	GIN-41-MGE-S217	0	0	0	0	0	0	0	0	0
NR_117061.1	GIN-41-MGE-S217	0	0	0	0	0	0	0	0	0
NR_117060.1	GIN-41-MGE-S217	0	0	0	0	0	0	0	0	0
NR_117052.1	GIN-41-MGE-S217	0	0	0	0	0	0	0	0	0
NR_117046.1	GIN-41-MGE-S217	0	0	0	0	0	0	0	0	0
NR_117044.1	GIN-41-MGE-S217	0	0	0	0	0	0	0	0	0
NR_117043.1	GIN-41-MGE-S217	0	0	0	0	0	0	0	0	0
NR_117040.1	GIN-41-MGE-S217	0	0	0	0	0	0	0	0	0
NR_117036.1	GIN-41-MGE-S217	0	0	0	0	0	0	0	0	0
NR_117035.1	GIN-41-MGE-S217	0	0	0	0	0	0	0	0	0
NR_117034.1	GIN-41-MGE-S217	0	0	0	0	0	0	0	0	0
NR_117032.1	GIN-41-MGE-S217	0	0	0	0	0	0	0	0	0
NR_117027.1	GIN-41-MGE-S217	0	0	0	0	0	0	0	0	0
NR_117026.1	GIN-41-MGE-S217	0	0	0	0	0	0	0	0	0
NR_117021.1	GIN-41-MGE-S217	0	0	0	0	0	0	0	0	0
NR_117020.1	GIN-41-MGE-S217	0	0	0	0	0	0	0	0	0
NR_117019.1	GIN-41-MGE-S217	0	0	0	0	0	0	0	0	0
NR_117018.1	GIN-41-MGE-S217	0	0	0	0	0	0	0	0	0
NR_117016.1	GIN-41-MGE-S217	0	0	0	0	0	0	0	0	0
NR_117013.1	GIN-41-MGE-S217	0	0	0	0	0	0	0	0	0
NR_117012.1	GIN-41-MGE-S217	0	0	0	0	0	0	0	0	0
NR_117008.1	GIN-41-MGE-S217	0	0	0	0	0	0	0	0	0
NR_117007.1	GIN-41-MGE-S217	0	0	0	0	0	0	0	0	0
NR_117006.1	GIN-41-MGE-S217	0	0	0	0	0	0	0	0	0
NR_117005.1	GIN-41-MGE-S217	0	0	0	0	0	0	0	0	0
NR_117000.1	GIN-41-MGE-S217	0	0	0	0	0	0	0	0	0
NR_116997.1	GIN-41-MGE-S217	0	0	0	0	0	0	0	0	0
NR_116995.1	GIN-41-MGE-S217	0	0	0	0	0	0	0	0	0
NR_116994.1	GIN-41-MGE-S217	0	0	0	0	0	0	0	0	0
NR_116982.1	GIN-41-MGE-S217	0	0	0	0	0	0	0	0	0
NR_116980.1	GIN-41-MGE-S217	0	0	0	0	0	0	0	0	0
NR_116977.1	GIN-41-MGE-S217	0	0	0	0	0	0	0	0	0
NR_116976.1	GIN-41-MGE-S217	0	0	0	0	0	0	0	0	0
NR_116973.1	GIN-41-MGE-S217	0	0	0	0	0	0	0	0	0
NR_116967.1	GIN-41-MGE-S217	0	0	0	0	0	0	0	0	0
NR_116959.1	GIN-41-MGE-S217	0	0	0	0	0	0	0	0	0
NR_116958.1	GIN-41-MGE-S217	0	0	0	0	0	0	0	0	0
NR_116956.1	GIN-41-MGE-S217	0	0	0	0	0	0	0	0	0
NR_116955.1	GIN-41-MGE-S217	0	0	0	0	0	0	0	0	0
NR_116953.1	GIN-41-MGE-S217	0	0	0	0	0	0	0	0	0
NR_116952.1	GIN-41-MGE-S217	0	0	0	0	0	0	0	0	0
NR_116948.1	GIN-41-MGE-S217	0	0	0	0	0	0	0	0	0
NR_116947.1	GIN-41-MGE-S217	0	0	0	0	0	0	0	0	0
NR_116945.1	GIN-41-MGE-S217	0	0	0	0	0	0	0	0	0
NR_116942.1	GIN-41-MGE-S217	0	0	0	0	0	0	0	0	0
NR_116940.1	GIN-41-MGE-S217	0	0	0	0	0	0	0	0	0
NR_116939.1	GIN-41-MGE-S217	0	0	0	0	0	0	0	0	0
NR_116938.1	GIN-41-MGE-S217	0	0	0	0	0	0	0	0	0
NR_116937.1	GIN-41-MGE-S217	0	0	0	0	0	0	0	0	0
NR_116931.1	GIN-41-MGE-S217	0	0	0	0	0	0	0	0	0
NR_116929.1	GIN-41-MGE-S217	0	0	0	0	0	0	0	0	0
NR_116928.1	GIN-41-MGE-S217	0	0	0	0	0	0	0	0	0
NR_116927.1	GIN-41-MGE-S217	0	0	0	0	0	0	0	0	0
NR_116926.1	GIN-41-MGE-S217	0	0	0	0	0	0	0	0	0
NR_116925.1	GIN-41-MGE-S217	0	0	0	0	0	0	0	0	0
NR_116924.1	GIN-41-MGE-S217	0	0	0	0	0	0	0	0	0
NR_116923.1	GIN-41-MGE-S217	0	0	0	0	0	0	0	0	0
NR_116922.1	GIN-41-MGE-S217	0	0	0	0	0	0	0	0	0
NR_116918.1	GIN-41-MGE-S217	0	0	0	0	0	0	0	0	0
NR_116914.1	GIN-41-MGE-S217	0	0	0	0	0	0	0	0	0
NR_116911.1	GIN-41-MGE-S217	0	0	0	0	0	0	0	0	0
NR_116905.1	GIN-41-MGE-S217	0	0	0	0	0	0	0	0	0
NR_116904.1	GIN-41-MGE-S217	0	0	0	0	0	0	0	0	0
NR_116900.1	GIN-41-MGE-S217	0	0	0	0	0	0	0	0	0
NR_116898.1	GIN-41-MGE-S217	0	0	0	0	0	0	0	0	0
NR_116895.1	GIN-41-MGE-S217	0	0	0	0	0	0	0	0	0
NR_116890.1	GIN-41-MGE-S217	0	0	0	0	0	0	0	0	0
NR_116880.1	GIN-41-MGE-S217	0	0	0	0	0	0	0	0	0
NR_116879.1	GIN-41-MGE-S217	0	0	0	0	0	0	0	0	0
NR_116878.1	GIN-41-MGE-S217	0	0	0	0	0	0	0	0	0
NR_116875.1	GIN-41-MGE-S217	0	0	0	0	0	0	0	0	0
NR_116874.1	GIN-41-MGE-S217	0	0	0	0	0	0	0	0	0
NR_116869.1	GIN-41-MGE-S217	0	0	0	0	0	0	0	0	0
NR_116862.1	GIN-41-MGE-S217	0	0	0	0	0	0	0	0	0
NR_116861.1	GIN-41-MGE-S217	0	0	0	0	0	0	0	0	0
NR_116860.1	GIN-41-MGE-S217	3	3	0	0	0	0	0	0	0
NR_116859.1	GIN-41-MGE-S217	0	0	0	0	0	0	0	0	0
NR_116857.1	GIN-41-MGE-S217	0	0	0	0	0	0	0	0	0
NR_116848.1	GIN-41-MGE-S217	0	0	0	0	0	0	0	0	0
NR_116846.1	GIN-41-MGE-S217	0	0	0	0	0	0	0	0	0
NR_116845.1	GIN-41-MGE-S217	0	0	0	0	0	0	0	0	0
NR_116844.1	GIN-41-MGE-S217	0	0	0	0	0	0	0	0	0
NR_116843.1	GIN-41-MGE-S217	0	0	0	0	0	0	0	0	0
NR_116835.1	GIN-41-MGE-S217	0	0	0	0	0	0	0	0	0
NR_116824.1	GIN-41-MGE-S217	0	0	0	0	0	0	0	0	0
NR_116823.1	GIN-41-MGE-S217	0	0	0	0	0	0	0	0	0
NR_116821.1	GIN-41-MGE-S217	0	0	0	0	0	0	0	0	0
NR_116820.1	GIN-41-MGE-S217	0	0	0	0	0	0	0	0	0
NR_116819.1	GIN-41-MGE-S217	0	0	0	0	0	0	0	0	0
NR_116814.1	GIN-41-MGE-S217	0	0	0	0	0	0	0	0	0
NR_116811.1	GIN-41-MGE-S217	0	0	0	0	0	0	0	0	0
NR_116810.1	GIN-41-MGE-S217	0	0	0	0	0	0	0	0	0
NR_116809.1	GIN-41-MGE-S217	0	0	0	0	0	0	0	0	0
NR_116808.1	GIN-41-MGE-S217	0	0	0	0	0	0	0	0	0
NR_116806.1	GIN-41-MGE-S217	0	0	0	0	0	0	0	0	0
NR_116805.1	GIN-41-MGE-S217	0	0	0	0	0	0	0	0	0
NR_116801.1	GIN-41-MGE-S217	0	0	0	0	0	0	0	0	0
NR_116800.1	GIN-41-MGE-S217	0	0	0	0	0	0	0	0	0
NR_116799.1	GIN-41-MGE-S217	0	0	0	0	0	0	0	0	0
NR_116798.1	GIN-41-MGE-S217	0	0	0	0	0	0	0	0	0
NR_116797.1	GIN-41-MGE-S217	0	0	0	0	0	0	0	0	0
NR_116787.1	GIN-41-MGE-S217	0	0	0	0	0	0	0	0	0
NR_116786.1	GIN-41-MGE-S217	0	0	0	0	0	0	0	0	0
NR_116785.1	GIN-41-MGE-S217	0	0	0	0	0	0	0	0	0
NR_116784.1	GIN-41-MGE-S217	0	0	0	0	0	0	0	0	0
NR_116783.1	GIN-41-MGE-S217	0	0	0	0	0	0	0	0	0
NR_116780.1	GIN-41-MGE-S217	0	0	0	0	0	0	0	0	0
NR_116779.1	GIN-41-MGE-S217	0	0	0	0	0	0	0	0	0
NR_116778.1	GIN-41-MGE-S217	0	0	0	0	0	0	0	0	0
NR_116777.1	GIN-41-MGE-S217	0	0	0	0	0	0	0	0	0
NR_116774.1	GIN-41-MGE-S217	0	0	0	0	0	0	0	0	0
NR_116770.1	GIN-41-MGE-S217	0	0	0	0	0	0	0	0	0
NR_116768.1	GIN-41-MGE-S217	0	0	0	0	0	0	0	0	0
NR_116763.1	GIN-41-MGE-S217	0	0	0	0	0	0	0	0	0
NR_116759.1	GIN-41-MGE-S217	0	0	0	0	0	0	0	0	0
NR_116758.1	GIN-41-MGE-S217	0	0	0	0	0	0	0	0	0
NR_116756.1	GIN-41-MGE-S217	0	0	0	0	0	0	0	0	0
NR_116755.1	GIN-41-MGE-S217	0	0	0	0	0	0	0	0	0
NR_116754.1	GIN-41-MGE-S217	0	0	0	0	0	0	0	0	0
NR_116753.1	GIN-41-MGE-S217	0	0	0	0	0	0	0	0	0
NR_116752.1	GIN-41-MGE-S217	0	0	0	0	0	0	0	0	0
NR_116751.1	GIN-41-MGE-S217	0	0	0	0	0	0	0	0	0
NR_116750.1	GIN-41-MGE-S217	0	0	0	0	0	0	0	0	0
NR_116749.1	GIN-41-MGE-S217	0	0	0	0	0	0	0	0	0
NR_116748.1	GIN-41-MGE-S217	0	0	0	0	0	0	0	0	0
NR_116746.1	GIN-41-MGE-S217	0	0	0	0	0	0	0	0	0
NR_116729.1	GIN-41-MGE-S217	0	0	0	0	0	0	0	0	0
NR_116728.1	GIN-41-MGE-S217	0	0	0	0	0	0	0	0	0
NR_116727.1	GIN-41-MGE-S217	0	0	0	0	0	0	0	0	0
NR_116723.1	GIN-41-MGE-S217	0	0	0	0	0	0	0	0	0
NR_116721.1	GIN-41-MGE-S217	0	0	0	0	0	0	0	0	0
NR_116718.1	GIN-41-MGE-S217	0	0	0	0	0	0	0	0	0
NR_116716.1	GIN-41-MGE-S217	0	0	0	0	0	0	0	0	0
NR_116706.1	GIN-41-MGE-S217	0	0	0	0	0	0	0	0	0
NR_116700.1	GIN-41-MGE-S217	0	0	0	0	0	0	0	0	0
NR_116692.1	GIN-41-MGE-S217	0	0	0	0	0	0	0	0	0
NR_116691.1	GIN-41-MGE-S217	0	0	0	0	0	0	0	0	0
NR_116690.1	GIN-41-MGE-S217	0	0	0	0	0	0	0	0	0
NR_116689.1	GIN-41-MGE-S217	0	0	0	0	0	0	0	0	0
NR_116688.1	GIN-41-MGE-S217	0	0	0	0	0	0	0	0	0
NR_116686.1	GIN-41-MGE-S217	0	0	0	0	0	0	0	0	0
NR_116685.1	GIN-41-MGE-S217	0	0	0	0	0	0	0	0	0
NR_116684.1	GIN-41-MGE-S217	0	0	0	0	0	0	0	0	0
NR_116683.1	GIN-41-MGE-S217	0	0	0	0	0	0	0	0	0
NR_116682.1	GIN-41-MGE-S217	0	0	0	0	0	0	0	0	0
NR_116678.1	GIN-41-MGE-S217	0	0	0	0	0	0	0	0	0
NR_116677.1	GIN-41-MGE-S217	0	0	0	0	0	0	0	0	0
NR_116674.1	GIN-41-MGE-S217	0	0	0	0	0	0	0	0	0
NR_116673.1	GIN-41-MGE-S217	0	0	0	0	0	0	0	0	0
NR_116672.1	GIN-41-MGE-S217	0	0	0	0	0	0	0	0	0
NR_116671.1	GIN-41-MGE-S217	0	0	0	0	0	0	0	0	0
NR_116669.1	GIN-41-MGE-S217	0	0	0	0	0	0	0	0	0
NR_116662.1	GIN-41-MGE-S217	0	0	0	0	0	0	0	0	0
NR_116654.1	GIN-41-MGE-S217	0	0	0	0	0	0	0	0	0
NR_116647.1	GIN-41-MGE-S217	0	0	0	0	0	0	0	0	0
NR_116644.1	GIN-41-MGE-S217	0	0	0	0	0	0	0	0	0
NR_116643.1	GIN-41-MGE-S217	0	0	0	0	0	0	0	0	0
NR_116642.1	GIN-41-MGE-S217	0	0	0	0	0	0	0	0	0
NR_116641.1	GIN-41-MGE-S217	0	0	0	0	0	0	0	0	0
NR_116640.1	GIN-41-MGE-S217	0	0	0	0	0	0	0	0	0
NR_116639.1	GIN-41-MGE-S217	0	0	0	0	0	0	0	0	0
NR_116638.1	GIN-41-MGE-S217	0	0	0	0	0	0	0	0	0
NR_116637.1	GIN-41-MGE-S217	0	0	0	0	0	0	0	0	0
NR_116636.1	GIN-41-MGE-S217	0	0	0	0	0	0	0	0	0
NR_116635.1	GIN-41-MGE-S217	0	0	0	0	0	0	0	0	0
NR_116634.1	GIN-41-MGE-S217	0	0	0	0	0	0	0	0	0
NR_116633.1	GIN-41-MGE-S217	0	0	0	0	0	0	0	0	0
NR_116632.1	GIN-41-MGE-S217	0	0	0	0	0	0	0	0	0
NR_116631.1	GIN-41-MGE-S217	0	0	0	0	0	0	0	0	0
NR_116630.1	GIN-41-MGE-S217	0	0	0	0	0	0	0	0	0
NR_116628.1	GIN-41-MGE-S217	0	0	0	0	0	0	0	0	0
NR_116616.1	GIN-41-MGE-S217	0	0	0	0	0	0	0	0	0
NR_116608.1	GIN-41-MGE-S217	0	0	0	0	0	0	0	0	0
NR_116603.1	GIN-41-MGE-S217	0	0	0	0	0	0	0	0	0
NR_116602.1	GIN-41-MGE-S217	0	0	0	0	0	0	0	0	0
NR_116595.1	GIN-41-MGE-S217	0	0	0	0	0	0	0	0	0
NR_116592.1	GIN-41-MGE-S217	0	0	0	0	0	0	0	0	0
NR_116591.1	GIN-41-MGE-S217	0	0	0	0	0	0	0	0	0
NR_116589.1	GIN-41-MGE-S217	0	0	0	0	0	0	0	0	0
NR_116588.1	GIN-41-MGE-S217	0	0	0	0	0	0	0	0	0
NR_116587.1	GIN-41-MGE-S217	0	0	0	0	0	0	0	0	0
NR_116586.1	GIN-41-MGE-S217	0	0	0	0	0	0	0	0	0
NR_116585.1	GIN-41-MGE-S217	0	0	0	0	0	0	0	0	0
NR_116584.1	GIN-41-MGE-S217	0	0	0	0	0	0	0	0	0
NR_116583.1	GIN-41-MGE-S217	0	0	0	0	0	0	0	0	0
NR_116581.1	GIN-41-MGE-S217	0	0	0	0	0	0	0	0	0
NR_116580.1	GIN-41-MGE-S217	0	0	0	0	0	0	0	0	0
NR_116579.1	GIN-41-MGE-S217	0	0	0	0	0	0	0	0	0
NR_116578.1	GIN-41-MGE-S217	0	0	0	0	0	0	0	0	0
NR_116577.1	GIN-41-MGE-S217	0	0	0	0	0	0	0	0	0
NR_116569.1	GIN-41-MGE-S217	0	0	0	0	0	0	0	0	0
NR_116558.1	GIN-41-MGE-S217	0	0	0	0	0	0	0	0	0
NR_116557.1	GIN-41-MGE-S217	0	0	0	0	0	0	0	0	0
NR_116556.1	GIN-41-MGE-S217	0	0	0	0	0	0	0	0	0
NR_116555.1	GIN-41-MGE-S217	0	0	0	0	0	0	0	0	0
NR_116551.1	GIN-41-MGE-S217	0	0	0	0	0	0	0	0	0
NR_116547.1	GIN-41-MGE-S217	0	0	0	0	0	0	0	0	0
NR_116546.1	GIN-41-MGE-S217	0	0	0	0	0	0	0	0	0
NR_116540.1	GIN-41-MGE-S217	0	0	0	0	0	0	0	0	0
NR_116536.1	GIN-41-MGE-S217	0	0	0	0	0	0	0	0	0
NR_116534.1	GIN-41-MGE-S217	0	0	0	0	0	0	0	0	0
NR_116533.1	GIN-41-MGE-S217	0	0	0	0	0	0	0	0	0
NR_116532.1	GIN-41-MGE-S217	0	0	0	0	0	0	0	0	0
NR_116531.1	GIN-41-MGE-S217	0	0	0	0	0	0	0	0	0
NR_116525.1	GIN-41-MGE-S217	0	0	0	0	0	0	0	0	0
NR_116510.1	GIN-41-MGE-S217	0	0	0	0	0	0	0	0	0
NR_116509.1	GIN-41-MGE-S217	0	0	0	0	0	0	0	0	0
NR_116508.1	GIN-41-MGE-S217	0	0	0	0	0	0	0	0	0
NR_116507.1	GIN-41-MGE-S217	0	0	0	0	0	0	0	0	0
NR_116494.1	GIN-41-MGE-S217	0	0	0	0	0	0	0	0	0
NR_116489.1	GIN-41-MGE-S217	0	0	0	0	0	0	0	0	0
NR_116488.1	GIN-41-MGE-S217	0	0	0	0	0	0	0	0	0
NR_116487.1	GIN-41-MGE-S217	0	0	0	0	0	0	0	0	0
NR_116480.1	GIN-41-MGE-S217	0	0	0	0	0	0	0	0	0
NR_116478.1	GIN-41-MGE-S217	0	0	0	0	0	0	0	0	0
NR_116476.1	GIN-41-MGE-S217	0	0	0	0	0	0	0	0	0
NR_116473.1	GIN-41-MGE-S217	0	0	0	0	0	0	0	0	0
NR_116469.1	GIN-41-MGE-S217	0	0	0	0	0	0	0	0	0
NR_116468.1	GIN-41-MGE-S217	0	0	0	0	0	0	0	0	0
NR_116462.1	GIN-41-MGE-S217	0	0	0	0	0	0	0	0	0
NR_116459.1	GIN-41-MGE-S217	0	0	0	0	0	0	0	0	0
NR_116448.1	GIN-41-MGE-S217	0	0	0	0	0	0	0	0	0
NR_116447.1	GIN-41-MGE-S217	0	0	0	0	0	0	0	0	0
NR_116441.1	GIN-41-MGE-S217	0	0	0	0	0	0	0	0	0
NR_116436.1	GIN-41-MGE-S217	0	0	0	0	0	0	0	0	0
NR_116435.1	GIN-41-MGE-S217	0	0	0	0	0	0	0	0	0
NR_116434.1	GIN-41-MGE-S217	0	0	0	0	0	0	0	0	0
NR_116433.1	GIN-41-MGE-S217	0	0	0	0	0	0	0	0	0
NR_116430.1	GIN-41-MGE-S217	0	0	0	0	0	0	0	0	0
NR_116422.1	GIN-41-MGE-S217	0	0	0	0	0	0	0	0	0
NR_116421.1	GIN-41-MGE-S217	0	0	0	0	0	0	0	0	0
NR_116420.1	GIN-41-MGE-S217	0	0	0	0	0	0	0	0	0
NR_116419.1	GIN-41-MGE-S217	0	0	0	0	0	0	0	0	0
NR_116418.1	GIN-41-MGE-S217	0	0	0	0	0	0	0	0	0
NR_116417.1	GIN-41-MGE-S217	0	0	0	0	0	0	0	0	0
NR_116416.1	GIN-41-MGE-S217	0	0	0	0	0	0	0	0	0
NR_116393.1	GIN-41-MGE-S217	0	0	0	0	0	0	0	0	0
NR_116387.1	GIN-41-MGE-S217	0	0	0	0	0	0	0	0	0
NR_116383.1	GIN-41-MGE-S217	0	0	0	0	0	0	0	0	0
NR_116382.1	GIN-41-MGE-S217	0	0	0	0	0	0	0	0	0
NR_116381.1	GIN-41-MGE-S217	0	0	0	0	0	0	0	0	0
NR_116380.1	GIN-41-MGE-S217	0	0	0	0	0	0	0	0	0
NR_116379.1	GIN-41-MGE-S217	0	0	0	0	0	0	0	0	0
NR_116376.1	GIN-41-MGE-S217	0	0	0	0	0	0	0	0	0
NR_116364.1	GIN-41-MGE-S217	0	0	0	0	0	0	0	0	0
NR_116363.1	GIN-41-MGE-S217	0	0	0	0	0	0	0	0	0
NR_116362.1	GIN-41-MGE-S217	0	0	0	0	0	0	0	0	0
NR_116352.1	GIN-41-MGE-S217	0	0	0	0	0	0	0	0	0
NR_116349.1	GIN-41-MGE-S217	0	0	0	0	0	0	0	0	0
NR_116346.1	GIN-41-MGE-S217	0	0	0	0	0	0	0	0	0
NR_116341.1	GIN-41-MGE-S217	0	0	0	0	0	0	0	0	0
NR_116337.1	GIN-41-MGE-S217	0	0	0	0	0	0	0	0	0
NR_116334.1	GIN-41-MGE-S217	0	0	0	0	0	0	0	0	0
NR_116333.1	GIN-41-MGE-S217	0	0	0	0	0	0	0	0	0
NR_116331.1	GIN-41-MGE-S217	0	0	0	0	0	0	0	0	0
NR_116327.1	GIN-41-MGE-S217	0	0	0	0	0	0	0	0	0
NR_116324.1	GIN-41-MGE-S217	0	0	0	0	0	0	0	0	0
NR_116322.1	GIN-41-MGE-S217	0	0	0	0	0	0	0	0	0
NR_116320.1	GIN-41-MGE-S217	0	0	0	0	0	0	0	0	0
NR_116311.1	GIN-41-MGE-S217	0	0	0	0	0	0	0	0	0
NR_116305.1	GIN-41-MGE-S217	0	0	0	0	0	0	0	0	0
NR_116302.1	GIN-41-MGE-S217	0	0	0	0	0	0	0	0	0
NR_116300.1	GIN-41-MGE-S217	0	0	0	0	0	0	0	0	0
NR_116299.1	GIN-41-MGE-S217	0	0	0	0	0	0	0	0	0
NR_116292.1	GIN-41-MGE-S217	0	0	0	0	0	0	0	0	0
NR_116291.1	GIN-41-MGE-S217	0	0	0	0	0	0	0	0	0
NR_116284.1	GIN-41-MGE-S217	0	0	0	0	0	0	0	0	0
NR_116283.1	GIN-41-MGE-S217	0	0	0	0	0	0	0	0	0
NR_116282.1	GIN-41-MGE-S217	0	0	0	0	0	0	0	0	0
NR_116277.1	GIN-41-MGE-S217	0	0	0	0	0	0	0	0	0
NR_116275.1	GIN-41-MGE-S217	0	0	0	0	0	0	0	0	0
NR_116260.1	GIN-41-MGE-S217	0	0	0	0	0	0	0	0	0
NR_116259.1	GIN-41-MGE-S217	0	0	0	0	0	0	0	0	0
NR_116258.1	GIN-41-MGE-S217	0	0	0	0	0	0	0	0	0
NR_116257.1	GIN-41-MGE-S217	0	0	0	0	0	0	0	0	0
NR_116255.1	GIN-41-MGE-S217	0	0	0	0	0	0	0	0	0
NR_116254.1	GIN-41-MGE-S217	0	0	0	0	0	0	0	0	0
NR_116252.1	GIN-41-MGE-S217	0	0	0	0	0	0	0	0	0
NR_116250.1	GIN-41-MGE-S217	0	0	0	0	0	0	0	0	0
NR_116249.1	GIN-41-MGE-S217	0	0	0	0	0	0	0	0	0
NR_116247.1	GIN-41-MGE-S217	0	0	0	0	0	0	0	0	0
NR_116246.1	GIN-41-MGE-S217	0	0	0	0	0	0	0	0	0
NR_116245.1	GIN-41-MGE-S217	0	0	0	0	0	0	0	0	0
NR_116244.1	GIN-41-MGE-S217	0	0	0	0	0	0	0	0	0
NR_116243.1	GIN-41-MGE-S217	0	0	0	0	0	0	0	0	0
NR_116242.1	GIN-41-MGE-S217	0	0	0	0	0	0	0	0	0
NR_116230.1	GIN-41-MGE-S217	0	0	0	0	0	0	0	0	0
NR_116226.1	GIN-41-MGE-S217	0	0	0	0	0	0	0	0	0
NR_116225.1	GIN-41-MGE-S217	0	0	0	0	0	0	0	0	0
NR_116224.1	GIN-41-MGE-S217	0	0	0	0	0	0	0	0	0
NR_116223.1	GIN-41-MGE-S217	0	0	0	0	0	0	0	0	0
NR_116222.1	GIN-41-MGE-S217	0	0	0	0	0	0	0	0	0
NR_116221.1	GIN-41-MGE-S217	0	0	0	0	0	0	0	0	0
NR_116220.1	GIN-41-MGE-S217	0	0	0	0	0	0	0	0	0
NR_116219.1	GIN-41-MGE-S217	0	0	0	0	0	0	0	0	0
NR_116214.1	GIN-41-MGE-S217	0	0	0	0	0	0	0	0	0
NR_116213.1	GIN-41-MGE-S217	0	0	0	0	0	0	0	0	0
NR_116212.1	GIN-41-MGE-S217	0	0	0	0	0	0	0	0	0
NR_116211.1	GIN-41-MGE-S217	0	0	0	0	0	0	0	0	0
NR_116210.1	GIN-41-MGE-S217	0	0	0	0	0	0	0	0	0
NR_116209.1	GIN-41-MGE-S217	0	0	0	0	0	0	0	0	0
NR_116208.1	GIN-41-MGE-S217	0	0	0	0	0	0	0	0	0
NR_116207.1	GIN-41-MGE-S217	0	0	0	0	0	0	0	0	0
NR_116206.1	GIN-41-MGE-S217	0	0	0	0	0	0	0	0	0
NR_116205.1	GIN-41-MGE-S217	0	0	0	0	0	0	0	0	0
NR_116204.1	GIN-41-MGE-S217	0	0	0	0	0	0	0	0	0
NR_116203.1	GIN-41-MGE-S217	0	0	0	0	0	0	0	0	0
NR_116201.1	GIN-41-MGE-S217	0	0	0	0	0	0	0	0	0
NR_116199.1	GIN-41-MGE-S217	0	0	0	0	0	0	0	0	0
NR_116197.1	GIN-41-MGE-S217	0	0	0	0	0	0	0	0	0
NR_116193.1	GIN-41-MGE-S217	0	0	0	0	0	0	0	0	0
NR_116192.1	GIN-41-MGE-S217	0	0	0	0	0	0	0	0	0
NR_116191.1	GIN-41-MGE-S217	0	0	0	0	0	0	0	0	0
NR_116190.1	GIN-41-MGE-S217	0	0	0	0	0	0	0	0	0
NR_116189.1	GIN-41-MGE-S217	0	0	0	0	0	0	0	0	0
NR_116188.1	GIN-41-MGE-S217	0	0	0	0	0	0	0	0	0
NR_116187.1	GIN-41-MGE-S217	0	0	0	0	0	0	0	0	0
NR_116186.1	GIN-41-MGE-S217	0	0	0	0	0	0	0	0	0
NR_116185.1	GIN-41-MGE-S217	0	0	0	0	0	0	0	0	0
NR_116183.1	GIN-41-MGE-S217	0	0	0	0	0	0	0	0	0
NR_116181.1	GIN-41-MGE-S217	0	0	0	0	0	0	0	0	0
NR_116180.1	GIN-41-MGE-S217	0	0	0	0	0	0	0	0	0
NR_116177.1	GIN-41-MGE-S217	0	0	0	0	0	0	0	0	0
NR_116176.1	GIN-41-MGE-S217	0	0	0	0	0	0	0	0	0
NR_116175.1	GIN-41-MGE-S217	0	0	0	0	0	0	0	0	0
NR_116172.1	GIN-41-MGE-S217	0	0	0	0	0	0	0	0	0
NR_116169.1	GIN-41-MGE-S217	0	0	0	0	0	0	0	0	0
NR_116168.1	GIN-41-MGE-S217	0	0	0	0	0	0	0	0	0
NR_116167.1	GIN-41-MGE-S217	1	1	0	0	0	0	0	0	0
NR_116166.1	GIN-41-MGE-S217	0	0	0	0	0	0	0	0	0
NR_116163.1	GIN-41-MGE-S217	0	0	0	0	0	0	0	0	0
NR_116162.1	GIN-41-MGE-S217	0	0	0	0	0	0	0	0	0
NR_116160.1	GIN-41-MGE-S217	0	0	0	0	0	0	0	0	0
NR_116157.1	GIN-41-MGE-S217	0	0	0	0	0	0	0	0	0
NR_116156.1	GIN-41-MGE-S217	0	0	0	0	0	0	0	0	0
NR_116155.1	GIN-41-MGE-S217	0	0	0	0	0	0	0	0	0
NR_116154.1	GIN-41-MGE-S217	0	0	0	0	0	0	0	0	0
NR_116153.1	GIN-41-MGE-S217	0	0	0	0	0	0	0	0	0
NR_116152.1	GIN-41-MGE-S217	0	0	0	0	0	0	0	0	0
NR_116151.1	GIN-41-MGE-S217	0	0	0	0	0	0	0	0	0
NR_116150.1	GIN-41-MGE-S217	0	0	0	0	0	0	0	0	0
NR_116149.1	GIN-41-MGE-S217	0	0	0	0	0	0	0	0	0
NR_116148.1	GIN-41-MGE-S217	0	0	0	0	0	0	0	0	0
NR_116147.1	GIN-41-MGE-S217	0	0	0	0	0	0	0	0	0
NR_116146.1	GIN-41-MGE-S217	0	0	0	0	0	0	0	0	0
NR_116145.1	GIN-41-MGE-S217	0	0	0	0	0	0	0	0	0
NR_116144.1	GIN-41-MGE-S217	0	0	0	0	0	0	0	0	0
NR_116143.1	GIN-41-MGE-S217	0	0	0	0	0	0	0	0	0
NR_116142.1	GIN-41-MGE-S217	0	0	0	0	0	0	0	0	0
NR_116141.1	GIN-41-MGE-S217	0	0	0	0	0	0	0	0	0
NR_116140.1	GIN-41-MGE-S217	0	0	0	0	0	0	0	0	0
NR_116139.1	GIN-41-MGE-S217	0	0	0	0	0	0	0	0	0
NR_116138.1	GIN-41-MGE-S217	0	0	0	0	0	0	0	0	0
NR_116137.1	GIN-41-MGE-S217	0	0	0	0	0	0	0	0	0
NR_116136.1	GIN-41-MGE-S217	0	0	0	0	0	0	0	0	0
NR_116135.1	GIN-41-MGE-S217	0	0	0	0	0	0	0	0	0
NR_116134.1	GIN-41-MGE-S217	0	0	0	0	0	0	0	0	0
NR_116133.1	GIN-41-MGE-S217	0	0	0	0	0	0	0	0	0
NR_116132.1	GIN-41-MGE-S217	0	0	0	0	0	0	0	0	0
NR_116131.1	GIN-41-MGE-S217	0	0	0	0	0	0	0	0	0
NR_116130.1	GIN-41-MGE-S217	0	0	0	0	0	0	0	0	0
NR_116129.1	GIN-41-MGE-S217	0	0	0	0	0	0	0	0	0
NR_116128.1	GIN-41-MGE-S217	0	0	0	0	0	0	0	0	0
NR_116126.1	GIN-41-MGE-S217	0	0	0	0	0	0	0	0	0
NR_116125.1	GIN-41-MGE-S217	0	0	0	0	0	0	0	0	0
NR_116124.1	GIN-41-MGE-S217	0	0	0	0	0	0	0	0	0
NR_116119.1	GIN-41-MGE-S217	0	0	0	0	0	0	0	0	0
NR_116115.1	GIN-41-MGE-S217	0	0	0	0	0	0	0	0	0
NR_116114.1	GIN-41-MGE-S217	0	0	0	0	0	0	0	0	0
NR_116113.1	GIN-41-MGE-S217	0	0	0	0	0	0	0	0	0
NR_116112.1	GIN-41-MGE-S217	0	0	0	0	0	0	0	0	0
NR_116111.1	GIN-41-MGE-S217	0	0	0	0	0	0	0	0	0
NR_116110.1	GIN-41-MGE-S217	0	0	0	0	0	0	0	0	0
NR_116109.1	GIN-41-MGE-S217	0	0	0	0	0	0	0	0	0
NR_116107.1	GIN-41-MGE-S217	0	0	0	0	0	0	0	0	0
NR_116105.1	GIN-41-MGE-S217	0	0	0	0	0	0	0	0	0
NR_116096.1	GIN-41-MGE-S217	0	0	0	0	0	0	0	0	0
NR_116095.1	GIN-41-MGE-S217	0	0	0	0	0	0	0	0	0
NR_116094.1	GIN-41-MGE-S217	0	0	0	0	0	0	0	0	0
NR_116093.1	GIN-41-MGE-S217	0	0	0	0	0	0	0	0	0
NR_116092.1	GIN-41-MGE-S217	0	0	0	0	0	0	0	0	0
NR_116090.1	GIN-41-MGE-S217	0	0	0	0	0	0	0	0	0
NR_116089.1	GIN-41-MGE-S217	0	0	0	0	0	0	0	0	0
NR_116078.1	GIN-41-MGE-S217	0	0	0	0	0	0	0	0	0
NR_116077.1	GIN-41-MGE-S217	0	0	0	0	0	0	0	0	0
NR_116076.1	GIN-41-MGE-S217	0	0	0	0	0	0	0	0	0
NR_116073.1	GIN-41-MGE-S217	0	0	0	0	0	0	0	0	0
NR_116072.1	GIN-41-MGE-S217	0	0	0	0	0	0	0	0	0
NR_116066.1	GIN-41-MGE-S217	0	0	0	0	0	0	0	0	0
NR_116064.1	GIN-41-MGE-S217	0	0	0	0	0	0	0	0	0
NR_116062.1	GIN-41-MGE-S217	0	0	0	0	0	0	0	0	0
NR_116061.1	GIN-41-MGE-S217	0	0	0	0	0	0	0	0	0
NR_116060.1	GIN-41-MGE-S217	0	0	0	0	0	0	0	0	0
NR_116058.1	GIN-41-MGE-S217	0	0	0	0	0	0	0	0	0
NR_116055.1	GIN-41-MGE-S217	0	0	0	0	0	0	0	0	0
NR_116052.1	GIN-41-MGE-S217	0	0	0	0	0	0	0	0	0
NR_116051.1	GIN-41-MGE-S217	0	0	0	0	0	0	0	0	0
NR_116048.1	GIN-41-MGE-S217	0	0	0	0	0	0	0	0	0
NR_116047.1	GIN-41-MGE-S217	0	0	0	0	0	0	0	0	0
NR_116046.1	GIN-41-MGE-S217	0	0	0	0	0	0	0	0	0
NR_116045.1	GIN-41-MGE-S217	0	0	0	0	0	0	0	0	0
NR_116044.1	GIN-41-MGE-S217	0	0	0	0	0	0	0	0	0
NR_116041.1	GIN-41-MGE-S217	0	0	0	0	0	0	0	0	0
NR_116040.1	GIN-41-MGE-S217	0	0	0	0	0	0	0	0	0
NR_116032.1	GIN-41-MGE-S217	0	0	0	0	0	0	0	0	0
NR_116031.1	GIN-41-MGE-S217	0	0	0	0	0	0	0	0	0
NR_116026.1	GIN-41-MGE-S217	0	0	0	0	0	0	0	0	0
NR_116025.1	GIN-41-MGE-S217	0	0	0	0	0	0	0	0	0
NR_116023.1	GIN-41-MGE-S217	0	0	0	0	0	0	0	0	0
NR_116022.1	GIN-41-MGE-S217	0	0	0	0	0	0	0	0	0
NR_116017.1	GIN-41-MGE-S217	0	0	0	0	0	0	0	0	0
NR_116015.1	GIN-41-MGE-S217	0	0	0	0	0	0	0	0	0
NR_116012.1	GIN-41-MGE-S217	0	0	0	0	0	0	0	0	0
NR_116011.1	GIN-41-MGE-S217	0	0	0	0	0	0	0	0	0
NR_116010.1	GIN-41-MGE-S217	0	0	0	0	0	0	0	0	0
NR_116001.1	GIN-41-MGE-S217	0	0	0	0	0	0	0	0	0
NR_115993.1	GIN-41-MGE-S217	0	0	0	0	0	0	0	0	0
NR_115992.1	GIN-41-MGE-S217	0	0	0	0	0	0	0	0	0
NR_115991.1	GIN-41-MGE-S217	0	0	0	0	0	0	0	0	0
NR_115988.1	GIN-41-MGE-S217	0	0	0	0	0	0	0	0	0
NR_115985.1	GIN-41-MGE-S217	0	0	0	0	0	0	0	0	0
NR_115982.1	GIN-41-MGE-S217	0	0	0	0	0	0	0	0	0
NR_115981.1	GIN-41-MGE-S217	0	0	0	0	0	0	0	0	0
NR_115980.1	GIN-41-MGE-S217	0	0	0	0	0	0	0	0	0
NR_115979.1	GIN-41-MGE-S217	0	0	0	0	0	0	0	0	0
NR_115978.1	GIN-41-MGE-S217	0	0	0	0	0	0	0	0	0
NR_115976.1	GIN-41-MGE-S217	0	0	0	0	0	0	0	0	0
NR_115975.1	GIN-41-MGE-S217	0	0	0	0	0	0	0	0	0
NR_115974.1	GIN-41-MGE-S217	0	0	0	0	0	0	0	0	0
NR_115973.1	GIN-41-MGE-S217	0	0	0	0	0	0	0	0	0
NR_115972.1	GIN-41-MGE-S217	0	0	0	0	0	0	0	0	0
NR_115971.1	GIN-41-MGE-S217	0	0	0	0	0	0	0	0	0
NR_115970.1	GIN-41-MGE-S217	0	0	0	0	0	0	0	0	0
NR_115969.1	GIN-41-MGE-S217	0	0	0	0	0	0	0	0	0
NR_115968.1	GIN-41-MGE-S217	0	0	0	0	0	0	0	0	0
NR_115967.1	GIN-41-MGE-S217	0	0	0	0	0	0	0	0	0
NR_115966.1	GIN-41-MGE-S217	0	0	0	0	0	0	0	0	0
NR_115965.1	GIN-41-MGE-S217	0	0	0	0	0	0	0	0	0
NR_115964.1	GIN-41-MGE-S217	0	0	0	0	0	0	0	0	0
NR_115962.1	GIN-41-MGE-S217	0	0	0	0	0	0	0	0	0
NR_115961.1	GIN-41-MGE-S217	0	0	0	0	0	0	0	0	0
NR_115959.1	GIN-41-MGE-S217	0	0	0	0	0	0	0	0	0
NR_115958.1	GIN-41-MGE-S217	0	0	0	0	0	0	0	0	0
NR_115957.1	GIN-41-MGE-S217	0	0	0	0	0	0	0	0	0
NR_115955.1	GIN-41-MGE-S217	0	0	0	0	0	0	0	0	0
NR_115942.1	GIN-41-MGE-S217	0	0	0	0	0	0	0	0	0
NR_115939.1	GIN-41-MGE-S217	0	0	0	0	0	0	0	0	0
NR_115936.1	GIN-41-MGE-S217	0	0	0	0	0	0	0	0	0
NR_115932.1	GIN-41-MGE-S217	0	0	0	0	0	0	0	0	0
NR_115931.1	GIN-41-MGE-S217	0	0	0	0	0	0	0	0	0
NR_115930.1	GIN-41-MGE-S217	0	0	0	0	0	0	0	0	0
NR_115929.1	GIN-41-MGE-S217	0	0	0	0	0	0	0	0	0
NR_115924.1	GIN-41-MGE-S217	0	0	0	0	0	0	0	0	0
NR_115923.1	GIN-41-MGE-S217	0	0	0	0	0	0	0	0	0
NR_115919.1	GIN-41-MGE-S217	0	0	0	0	0	0	0	0	0
NR_115918.1	GIN-41-MGE-S217	0	0	0	0	0	0	0	0	0
NR_115917.1	GIN-41-MGE-S217	0	0	0	0	0	0	0	0	0
NR_115916.1	GIN-41-MGE-S217	0	0	0	0	0	0	0	0	0
NR_115915.1	GIN-41-MGE-S217	0	0	0	0	0	0	0	0	0
NR_115914.1	GIN-41-MGE-S217	0	0	0	0	0	0	0	0	0
NR_115913.1	GIN-41-MGE-S217	0	0	0	0	0	0	0	0	0
NR_115912.1	GIN-41-MGE-S217	0	0	0	0	0	0	0	0	0
NR_115911.1	GIN-41-MGE-S217	0	0	0	0	0	0	0	0	0
NR_115910.1	GIN-41-MGE-S217	0	0	0	0	0	0	0	0	0
NR_115909.1	GIN-41-MGE-S217	0	0	0	0	0	0	0	0	0
NR_115908.1	GIN-41-MGE-S217	0	0	0	0	0	0	0	0	0
NR_115907.1	GIN-41-MGE-S217	0	0	0	0	0	0	0	0	0
NR_115906.1	GIN-41-MGE-S217	0	0	0	0	0	0	0	0	0
NR_115905.1	GIN-41-MGE-S217	0	0	0	0	0	0	0	0	0
NR_115904.1	GIN-41-MGE-S217	0	0	0	0	0	0	0	0	0
NR_115903.1	GIN-41-MGE-S217	0	0	0	0	0	0	0	0	0
NR_115902.1	GIN-41-MGE-S217	0	0	0	0	0	0	0	0	0
NR_115901.1	GIN-41-MGE-S217	0	0	0	0	0	0	0	0	0
NR_115900.1	GIN-41-MGE-S217	0	0	0	0	0	0	0	0	0
NR_115899.1	GIN-41-MGE-S217	0	0	0	0	0	0	0	0	0
NR_115898.1	GIN-41-MGE-S217	0	0	0	0	0	0	0	0	0
NR_115897.1	GIN-41-MGE-S217	0	0	0	0	0	0	0	0	0
NR_115896.1	GIN-41-MGE-S217	0	0	0	0	0	0	0	0	0
NR_115895.1	GIN-41-MGE-S217	0	0	0	0	0	0	0	0	0
NR_115894.1	GIN-41-MGE-S217	0	0	0	0	0	0	0	0	0
NR_115893.1	GIN-41-MGE-S217	0	0	0	0	0	0	0	0	0
NR_115892.1	GIN-41-MGE-S217	0	0	0	0	0	0	0	0	0
NR_115891.1	GIN-41-MGE-S217	0	0	0	0	0	0	0	0	0
NR_115890.1	GIN-41-MGE-S217	0	0	0	0	0	0	0	0	0
NR_115889.1	GIN-41-MGE-S217	0	0	0	0	0	0	0	0	0
NR_115887.1	GIN-41-MGE-S217	0	0	0	0	0	0	0	0	0
NR_115886.1	GIN-41-MGE-S217	0	0	0	0	0	0	0	0	0
NR_115885.1	GIN-41-MGE-S217	0	0	0	0	0	0	0	0	0
NR_115882.1	GIN-41-MGE-S217	0	0	0	0	0	0	0	0	0
NR_115881.1	GIN-41-MGE-S217	0	0	0	0	0	0	0	0	0
NR_115880.1	GIN-41-MGE-S217	0	0	0	0	0	0	0	0	0
NR_115879.1	GIN-41-MGE-S217	0	0	0	0	0	0	0	0	0
NR_115878.1	GIN-41-MGE-S217	0	0	0	0	0	0	0	0	0
NR_115876.1	GIN-41-MGE-S217	0	0	0	0	0	0	0	0	0
NR_115873.1	GIN-41-MGE-S217	0	0	0	0	0	0	0	0	0
NR_115872.1	GIN-41-MGE-S217	0	0	0	0	0	0	0	0	0
NR_115869.1	GIN-41-MGE-S217	0	0	0	0	0	0	0	0	0
NR_115866.1	GIN-41-MGE-S217	0	0	0	0	0	0	0	0	0
NR_115864.1	GIN-41-MGE-S217	0	0	0	0	0	0	0	0	0
NR_115863.1	GIN-41-MGE-S217	0	0	0	0	0	0	0	0	0
NR_115862.1	GIN-41-MGE-S217	0	0	0	0	0	0	0	0	0
NR_115858.1	GIN-41-MGE-S217	0	0	0	0	0	0	0	0	0
NR_115856.1	GIN-41-MGE-S217	0	0	0	0	0	0	0	0	0
NR_115855.1	GIN-41-MGE-S217	0	0	0	0	0	0	0	0	0
NR_115853.1	GIN-41-MGE-S217	0	0	0	0	0	0	0	0	0
NR_115852.1	GIN-41-MGE-S217	0	0	0	0	0	0	0	0	0
NR_115851.1	GIN-41-MGE-S217	0	0	0	0	0	0	0	0	0
NR_115849.1	GIN-41-MGE-S217	0	0	0	0	0	0	0	0	0
NR_115844.1	GIN-41-MGE-S217	0	0	0	0	0	0	0	0	0
NR_115843.1	GIN-41-MGE-S217	0	0	0	0	0	0	0	0	0
NR_115842.1	GIN-41-MGE-S217	0	0	0	0	0	0	0	0	0
NR_115841.1	GIN-41-MGE-S217	0	0	0	0	0	0	0	0	0
NR_115840.1	GIN-41-MGE-S217	0	0	0	0	0	0	0	0	0
NR_115839.1	GIN-41-MGE-S217	0	0	0	0	0	0	0	0	0
NR_115838.1	GIN-41-MGE-S217	0	0	0	0	0	0	0	0	0
NR_115837.1	GIN-41-MGE-S217	0	0	0	0	0	0	0	0	0
NR_115836.1	GIN-41-MGE-S217	0	0	0	0	0	0	0	0	0
NR_115835.1	GIN-41-MGE-S217	0	0	0	0	0	0	0	0	0
NR_115834.1	GIN-41-MGE-S217	0	0	0	0	0	0	0	0	0
NR_115833.1	GIN-41-MGE-S217	0	0	0	0	0	0	0	0	0
NR_115832.1	GIN-41-MGE-S217	0	0	0	0	0	0	0	0	0
NR_115831.1	GIN-41-MGE-S217	0	0	0	0	0	0	0	0	0
NR_115830.1	GIN-41-MGE-S217	0	0	0	0	0	0	0	0	0
NR_115829.1	GIN-41-MGE-S217	0	0	0	0	0	0	0	0	0
NR_115828.1	GIN-41-MGE-S217	0	0	0	0	0	0	0	0	0
NR_115827.1	GIN-41-MGE-S217	0	0	0	0	0	0	0	0	0
NR_115826.1	GIN-41-MGE-S217	0	0	0	0	0	0	0	0	0
NR_115825.1	GIN-41-MGE-S217	0	0	0	0	0	0	0	0	0
NR_115824.1	GIN-41-MGE-S217	0	0	0	0	0	0	0	0	0
NR_115823.1	GIN-41-MGE-S217	0	0	0	0	0	0	0	0	0
NR_115820.1	GIN-41-MGE-S217	0	0	0	0	0	0	0	0	0
NR_115818.1	GIN-41-MGE-S217	0	0	0	0	0	0	0	0	0
NR_115809.1	GIN-41-MGE-S217	0	0	0	0	0	0	0	0	0
NR_115806.1	GIN-41-MGE-S217	0	0	0	0	0	0	0	0	0
NR_115805.1	GIN-41-MGE-S217	0	0	0	0	0	0	0	0	0
NR_115802.1	GIN-41-MGE-S217	0	0	0	0	0	0	0	0	0
NR_115801.1	GIN-41-MGE-S217	0	0	0	0	0	0	0	0	0
NR_115798.1	GIN-41-MGE-S217	0	0	0	0	0	0	0	0	0
NR_115797.1	GIN-41-MGE-S217	0	0	0	0	0	0	0	0	0
NR_115796.1	GIN-41-MGE-S217	0	0	0	0	0	0	0	0	0
NR_115795.1	GIN-41-MGE-S217	0	0	0	0	0	0	0	0	0
NR_115794.1	GIN-41-MGE-S217	0	0	0	0	0	0	0	0	0
NR_115793.1	GIN-41-MGE-S217	0	0	0	0	0	0	0	0	0
NR_115792.1	GIN-41-MGE-S217	0	0	0	0	0	0	0	0	0
NR_115791.1	GIN-41-MGE-S217	0	0	0	0	0	0	0	0	0
NR_115790.1	GIN-41-MGE-S217	0	0	0	0	0	0	0	0	0
NR_115789.1	GIN-41-MGE-S217	0	0	0	0	0	0	0	0	0
NR_115788.1	GIN-41-MGE-S217	0	0	0	0	0	0	0	0	0
NR_115787.1	GIN-41-MGE-S217	0	0	0	0	0	0	0	0	0
NR_115786.1	GIN-41-MGE-S217	0	0	0	0	0	0	0	0	0
NR_115785.1	GIN-41-MGE-S217	0	0	0	0	0	0	0	0	0
NR_115784.1	GIN-41-MGE-S217	0	0	0	0	0	0	0	0	0
NR_115783.1	GIN-41-MGE-S217	0	0	0	0	0	0	0	0	0
NR_115782.1	GIN-41-MGE-S217	0	0	0	0	0	0	0	0	0
NR_115781.1	GIN-41-MGE-S217	0	0	0	0	0	0	0	0	0
NR_115780.1	GIN-41-MGE-S217	0	0	0	0	0	0	0	0	0
NR_115779.1	GIN-41-MGE-S217	0	0	0	0	0	0	0	0	0
NR_115778.1	GIN-41-MGE-S217	0	0	0	0	0	0	0	0	0
NR_115777.1	GIN-41-MGE-S217	0	0	0	0	0	0	0	0	0
NR_115776.1	GIN-41-MGE-S217	0	0	0	0	0	0	0	0	0
NR_115774.1	GIN-41-MGE-S217	0	0	0	0	0	0	0	0	0
NR_115773.1	GIN-41-MGE-S217	0	0	0	0	0	0	0	0	0
NR_115772.1	GIN-41-MGE-S217	0	0	0	0	0	0	0	0	0
NR_115770.1	GIN-41-MGE-S217	0	0	0	0	0	0	0	0	0
NR_115767.1	GIN-41-MGE-S217	0	0	0	0	0	0	0	0	0
NR_115766.1	GIN-41-MGE-S217	0	0	0	0	0	0	0	0	0
NR_115765.1	GIN-41-MGE-S217	0	0	0	0	0	0	0	0	0
NR_115764.1	GIN-41-MGE-S217	0	0	0	0	0	0	0	0	0
NR_115763.1	GIN-41-MGE-S217	0	0	0	0	0	0	0	0	0
NR_115762.1	GIN-41-MGE-S217	0	0	0	0	0	0	0	0	0
NR_115760.1	GIN-41-MGE-S217	0	0	0	0	0	0	0	0	0
NR_115757.1	GIN-41-MGE-S217	0	0	0	0	0	0	0	0	0
NR_115752.1	GIN-41-MGE-S217	0	0	0	0	0	0	0	0	0
NR_115750.1	GIN-41-MGE-S217	0	0	0	0	0	0	0	0	0
NR_115746.1	GIN-41-MGE-S217	0	0	0	0	0	0	0	0	0
NR_115743.1	GIN-41-MGE-S217	0	0	0	0	0	0	0	0	0
NR_115738.1	GIN-41-MGE-S217	0	0	0	0	0	0	0	0	0
NR_115737.1	GIN-41-MGE-S217	0	0	0	0	0	0	0	0	0
NR_115736.1	GIN-41-MGE-S217	0	0	0	0	0	0	0	0	0
NR_115735.1	GIN-41-MGE-S217	0	0	0	0	0	0	0	0	0
NR_115734.1	GIN-41-MGE-S217	0	0	0	0	0	0	0	0	0
NR_115733.1	GIN-41-MGE-S217	0	0	0	0	0	0	0	0	0
NR_115732.1	GIN-41-MGE-S217	0	0	0	0	0	0	0	0	0
NR_115731.1	GIN-41-MGE-S217	0	0	0	0	0	0	0	0	0
NR_115730.1	GIN-41-MGE-S217	0	0	0	0	0	0	0	0	0
NR_115729.1	GIN-41-MGE-S217	0	0	0	0	0	0	0	0	0
NR_115728.1	GIN-41-MGE-S217	0	0	0	0	0	0	0	0	0
NR_115724.1	GIN-41-MGE-S217	0	0	0	0	0	0	0	0	0
NR_115723.1	GIN-41-MGE-S217	0	0	0	0	0	0	0	0	0
NR_115722.1	GIN-41-MGE-S217	0	0	0	0	0	0	0	0	0
NR_115719.1	GIN-41-MGE-S217	0	0	0	0	0	0	0	0	0
NR_115718.1	GIN-41-MGE-S217	0	0	0	0	0	0	0	0	0
NR_115716.1	GIN-41-MGE-S217	0	0	0	0	0	0	0	0	0
NR_115715.1	GIN-41-MGE-S217	0	0	0	0	0	0	0	0	0
NR_115714.1	GIN-41-MGE-S217	0	0	0	0	0	0	0	0	0
NR_115711.1	GIN-41-MGE-S217	0	0	0	0	0	0	0	0	0
NR_115710.1	GIN-41-MGE-S217	0	0	0	0	0	0	0	0	0
NR_115708.1	GIN-41-MGE-S217	0	0	0	0	0	0	0	0	0
NR_115707.1	GIN-41-MGE-S217	0	0	0	0	0	0	0	0	0
NR_115705.1	GIN-41-MGE-S217	0	0	0	0	0	0	0	0	0
NR_115704.1	GIN-41-MGE-S217	0	0	0	0	0	0	0	0	0
NR_115703.1	GIN-41-MGE-S217	0	0	0	0	0	0	0	0	0
NR_115702.1	GIN-41-MGE-S217	0	0	0	0	0	0	0	0	0
NR_115701.1	GIN-41-MGE-S217	0	0	0	0	0	0	0	0	0
NR_115700.1	GIN-41-MGE-S217	0	0	0	0	0	0	0	0	0
NR_115694.1	GIN-41-MGE-S217	0	0	0	0	0	0	0	0	0
NR_115685.1	GIN-41-MGE-S217	0	0	0	0	0	0	0	0	0
NR_115680.1	GIN-41-MGE-S217	0	0	0	0	0	0	0	0	0
NR_115679.1	GIN-41-MGE-S217	0	0	0	0	0	0	0	0	0
NR_115677.1	GIN-41-MGE-S217	0	0	0	0	0	0	0	0	0
NR_115676.1	GIN-41-MGE-S217	0	0	0	0	0	0	0	0	0
NR_115675.1	GIN-41-MGE-S217	0	0	0	0	0	0	0	0	0
NR_115674.1	GIN-41-MGE-S217	0	0	0	0	0	0	0	0	0
NR_115673.1	GIN-41-MGE-S217	0	0	0	0	0	0	0	0	0
NR_115672.1	GIN-41-MGE-S217	0	0	0	0	0	0	0	0	0
NR_115671.1	GIN-41-MGE-S217	0	0	0	0	0	0	0	0	0
NR_115669.1	GIN-41-MGE-S217	0	0	0	0	0	0	0	0	0
NR_115668.1	GIN-41-MGE-S217	0	0	0	0	0	0	0	0	0
NR_115667.1	GIN-41-MGE-S217	0	0	0	0	0	0	0	0	0
NR_115666.1	GIN-41-MGE-S217	0	0	0	0	0	0	0	0	0
NR_115665.1	GIN-41-MGE-S217	0	0	0	0	0	0	0	0	0
NR_115663.1	GIN-41-MGE-S217	0	0	0	0	0	0	0	0	0
NR_115660.1	GIN-41-MGE-S217	0	0	0	0	0	0	0	0	0
NR_115657.1	GIN-41-MGE-S217	0	0	0	0	0	0	0	0	0
NR_115655.1	GIN-41-MGE-S217	0	0	0	0	0	0	0	0	0
NR_115654.1	GIN-41-MGE-S217	0	0	0	0	0	0	0	0	0
NR_115652.1	GIN-41-MGE-S217	0	0	0	0	0	0	0	0	0
NR_115651.1	GIN-41-MGE-S217	0	0	0	0	0	0	0	0	0
NR_115650.1	GIN-41-MGE-S217	0	0	0	0	0	0	0	0	0
NR_115649.1	GIN-41-MGE-S217	0	0	0	0	0	0	0	0	0
NR_115648.1	GIN-41-MGE-S217	0	0	0	0	0	0	0	0	0
NR_115647.1	GIN-41-MGE-S217	0	0	0	0	0	0	0	0	0
NR_115646.1	GIN-41-MGE-S217	0	0	0	0	0	0	0	0	0
NR_115645.1	GIN-41-MGE-S217	0	0	0	0	0	0	0	0	0
NR_115644.1	GIN-41-MGE-S217	0	0	0	0	0	0	0	0	0
NR_115643.1	GIN-41-MGE-S217	0	0	0	0	0	0	0	0	0
NR_115642.1	GIN-41-MGE-S217	0	0	0	0	0	0	0	0	0
NR_115641.1	GIN-41-MGE-S217	0	0	0	0	0	0	0	0	0
NR_115640.1	GIN-41-MGE-S217	0	0	0	0	0	0	0	0	0
NR_115639.1	GIN-41-MGE-S217	0	0	0	0	0	0	0	0	0
NR_115638.1	GIN-41-MGE-S217	0	0	0	0	0	0	0	0	0
NR_115637.1	GIN-41-MGE-S217	0	0	0	0	0	0	0	0	0
NR_115636.1	GIN-41-MGE-S217	0	0	0	0	0	0	0	0	0
NR_115635.1	GIN-41-MGE-S217	0	0	0	0	0	0	0	0	0
NR_115634.1	GIN-41-MGE-S217	0	0	0	0	0	0	0	0	0
NR_115633.1	GIN-41-MGE-S217	0	0	0	0	0	0	0	0	0
NR_115632.1	GIN-41-MGE-S217	0	0	0	0	0	0	0	0	0
NR_115631.1	GIN-41-MGE-S217	0	0	0	0	0	0	0	0	0
NR_115630.1	GIN-41-MGE-S217	0	0	0	0	0	0	0	0	0
NR_115629.1	GIN-41-MGE-S217	0	0	0	0	0	0	0	0	0
NR_115628.1	GIN-41-MGE-S217	0	0	0	0	0	0	0	0	0
NR_115627.1	GIN-41-MGE-S217	0	0	0	0	0	0	0	0	0
NR_115626.1	GIN-41-MGE-S217	0	0	0	0	0	0	0	0	0
NR_115625.1	GIN-41-MGE-S217	0	0	0	0	0	0	0	0	0
NR_115624.1	GIN-41-MGE-S217	0	0	0	0	0	0	0	0	0
NR_115623.1	GIN-41-MGE-S217	0	0	0	0	0	0	0	0	0
NR_115622.1	GIN-41-MGE-S217	0	0	0	0	0	0	0	0	0
NR_115621.1	GIN-41-MGE-S217	0	0	0	0	0	0	0	0	0
NR_115620.1	GIN-41-MGE-S217	0	0	0	0	0	0	0	0	0
NR_115619.1	GIN-41-MGE-S217	0	0	0	0	0	0	0	0	0
NR_115618.1	GIN-41-MGE-S217	0	0	0	0	0	0	0	0	0
NR_115617.1	GIN-41-MGE-S217	0	0	0	0	0	0	0	0	0
NR_115616.1	GIN-41-MGE-S217	0	0	0	0	0	0	0	0	0
NR_115615.1	GIN-41-MGE-S217	0	0	0	0	0	0	0	0	0
NR_115613.1	GIN-41-MGE-S217	0	0	0	0	0	0	0	0	0
NR_115612.1	GIN-41-MGE-S217	0	0	0	0	0	0	0	0	0
NR_115611.1	GIN-41-MGE-S217	0	0	0	0	0	0	0	0	0
NR_115610.1	GIN-41-MGE-S217	0	0	0	0	0	0	0	0	0
NR_115609.1	GIN-41-MGE-S217	0	0	0	0	0	0	0	0	0
NR_115608.1	GIN-41-MGE-S217	0	0	0	0	0	0	0	0	0
NR_115606.1	GIN-41-MGE-S217	0	0	0	0	0	0	0	0	0
NR_115602.1	GIN-41-MGE-S217	0	0	0	0	0	0	0	0	0
NR_115601.1	GIN-41-MGE-S217	0	0	0	0	0	0	0	0	0
NR_115600.1	GIN-41-MGE-S217	0	0	0	0	0	0	0	0	0
NR_115599.1	GIN-41-MGE-S217	0	0	0	0	0	0	0	0	0
NR_115598.1	GIN-41-MGE-S217	0	0	0	0	0	0	0	0	0
NR_115597.1	GIN-41-MGE-S217	0	0	0	0	0	0	0	0	0
NR_115596.1	GIN-41-MGE-S217	0	0	0	0	0	0	0	0	0
NR_115595.1	GIN-41-MGE-S217	0	0	0	0	0	0	0	0	0
NR_115594.1	GIN-41-MGE-S217	0	0	0	0	0	0	0	0	0
NR_115593.1	GIN-41-MGE-S217	0	0	0	0	0	0	0	0	0
NR_115592.1	GIN-41-MGE-S217	0	0	0	0	0	0	0	0	0
NR_115591.1	GIN-41-MGE-S217	0	0	0	0	0	0	0	0	0
NR_115589.1	GIN-41-MGE-S217	0	0	0	0	0	0	0	0	0
NR_115588.1	GIN-41-MGE-S217	0	0	0	0	0	0	0	0	0
NR_115587.1	GIN-41-MGE-S217	0	0	0	0	0	0	0	0	0
NR_115586.1	GIN-41-MGE-S217	0	0	0	0	0	0	0	0	0
NR_115585.1	GIN-41-MGE-S217	0	0	0	0	0	0	0	0	0
NR_115584.1	GIN-41-MGE-S217	0	0	0	0	0	0	0	0	0
NR_115583.1	GIN-41-MGE-S217	0	0	0	0	0	0	0	0	0
NR_115578.1	GIN-41-MGE-S217	0	0	0	0	0	0	0	0	0
NR_115577.1	GIN-41-MGE-S217	0	0	0	0	0	0	0	0	0
NR_115575.1	GIN-41-MGE-S217	0	0	0	0	0	0	0	0	0
NR_115574.1	GIN-41-MGE-S217	0	0	0	0	0	0	0	0	0
NR_115573.1	GIN-41-MGE-S217	0	0	0	0	0	0	0	0	0
NR_115572.1	GIN-41-MGE-S217	0	0	0	0	0	0	0	0	0
NR_115570.1	GIN-41-MGE-S217	0	0	0	0	0	0	0	0	0
NR_115569.1	GIN-41-MGE-S217	0	0	0	0	0	0	0	0	0
NR_115568.1	GIN-41-MGE-S217	0	0	0	0	0	0	0	0	0
NR_115567.1	GIN-41-MGE-S217	0	0	0	0	0	0	0	0	0
NR_115566.1	GIN-41-MGE-S217	0	0	0	0	0	0	0	0	0
NR_115565.1	GIN-41-MGE-S217	0	0	0	0	0	0	0	0	0
NR_115563.1	GIN-41-MGE-S217	0	0	0	0	0	0	0	0	0
NR_115562.1	GIN-41-MGE-S217	0	0	0	0	0	0	0	0	0
NR_115561.1	GIN-41-MGE-S217	0	0	0	0	0	0	0	0	0
NR_115560.1	GIN-41-MGE-S217	0	0	0	0	0	0	0	0	0
NR_115559.1	GIN-41-MGE-S217	0	0	0	0	0	0	0	0	0
NR_115558.1	GIN-41-MGE-S217	0	0	0	0	0	0	0	0	0
NR_115557.1	GIN-41-MGE-S217	0	0	0	0	0	0	0	0	0
NR_115555.1	GIN-41-MGE-S217	0	0	0	0	0	0	0	0	0
NR_115554.1	GIN-41-MGE-S217	0	0	0	0	0	0	0	0	0
NR_115553.1	GIN-41-MGE-S217	0	0	0	0	0	0	0	0	0
NR_115552.1	GIN-41-MGE-S217	0	0	0	0	0	0	0	0	0
NR_115551.1	GIN-41-MGE-S217	0	0	0	0	0	0	0	0	0
NR_115550.1	GIN-41-MGE-S217	0	0	0	0	0	0	0	0	0
NR_115549.1	GIN-41-MGE-S217	0	0	0	0	0	0	0	0	0
NR_115548.1	GIN-41-MGE-S217	0	0	0	0	0	0	0	0	0
NR_115547.1	GIN-41-MGE-S217	0	0	0	0	0	0	0	0	0
NR_115543.1	GIN-41-MGE-S217	0	0	0	0	0	0	0	0	0
NR_115542.1	GIN-41-MGE-S217	0	0	0	0	0	0	0	0	0
NR_115541.1	GIN-41-MGE-S217	0	0	0	0	0	0	0	0	0
NR_115540.1	GIN-41-MGE-S217	0	0	0	0	0	0	0	0	0
NR_115539.1	GIN-41-MGE-S217	0	0	0	0	0	0	0	0	0
NR_115538.1	GIN-41-MGE-S217	0	0	0	0	0	0	0	0	0
NR_115537.1	GIN-41-MGE-S217	0	0	0	0	0	0	0	0	0
NR_115536.1	GIN-41-MGE-S217	0	0	0	0	0	0	0	0	0
NR_115535.1	GIN-41-MGE-S217	0	0	0	0	0	0	0	0	0
NR_115530.1	GIN-41-MGE-S217	0	0	0	0	0	0	0	0	0
NR_115529.1	GIN-41-MGE-S217	0	0	0	0	0	0	0	0	0
NR_115528.1	GIN-41-MGE-S217	0	0	0	0	0	0	0	0	0
NR_115526.1	GIN-41-MGE-S217	0	0	0	0	0	0	0	0	0
NR_115524.1	GIN-41-MGE-S217	0	0	0	0	0	0	0	0	0
NR_115522.1	GIN-41-MGE-S217	0	0	0	0	0	0	0	0	0
NR_115521.1	GIN-41-MGE-S217	0	0	0	0	0	0	0	0	0
NR_115519.1	GIN-41-MGE-S217	0	0	0	0	0	0	0	0	0
NR_115518.1	GIN-41-MGE-S217	0	0	0	0	0	0	0	0	0
NR_115517.1	GIN-41-MGE-S217	0	0	0	0	0	0	0	0	0
NR_115516.1	GIN-41-MGE-S217	0	0	0	0	0	0	0	0	0
NR_115515.1	GIN-41-MGE-S217	0	0	0	0	0	0	0	0	0
NR_115513.1	GIN-41-MGE-S217	0	0	0	0	0	0	0	0	0
NR_115508.1	GIN-41-MGE-S217	0	0	0	0	0	0	0	0	0
NR_115507.1	GIN-41-MGE-S217	0	0	0	0	0	0	0	0	0
NR_115505.1	GIN-41-MGE-S217	0	0	0	0	0	0	0	0	0
NR_115503.1	GIN-41-MGE-S217	0	0	0	0	0	0	0	0	0
NR_115502.1	GIN-41-MGE-S217	0	0	0	0	0	0	0	0	0
NR_115498.1	GIN-41-MGE-S217	0	0	0	0	0	0	0	0	0
NR_115497.1	GIN-41-MGE-S217	0	0	0	0	0	0	0	0	0
NR_115496.1	GIN-41-MGE-S217	0	0	0	0	0	0	0	0	0
NR_115495.1	GIN-41-MGE-S217	0	0	0	0	0	0	0	0	0
NR_115494.1	GIN-41-MGE-S217	0	0	0	0	0	0	0	0	0
NR_115493.1	GIN-41-MGE-S217	0	0	0	0	0	0	0	0	0
NR_115491.1	GIN-41-MGE-S217	0	0	0	0	0	0	0	0	0
NR_115490.1	GIN-41-MGE-S217	0	0	0	0	0	0	0	0	0
NR_115489.1	GIN-41-MGE-S217	0	0	0	0	0	0	0	0	0
NR_115485.1	GIN-41-MGE-S217	0	0	0	0	0	0	0	0	0
NR_115484.1	GIN-41-MGE-S217	0	0	0	0	0	0	0	0	0
NR_115483.1	GIN-41-MGE-S217	0	0	0	0	0	0	0	0	0
NR_115482.1	GIN-41-MGE-S217	0	0	0	0	0	0	0	0	0
NR_115481.1	GIN-41-MGE-S217	0	0	0	0	0	0	0	0	0
NR_115480.1	GIN-41-MGE-S217	0	0	0	0	0	0	0	0	0
NR_115479.1	GIN-41-MGE-S217	0	0	0	0	0	0	0	0	0
NR_115478.1	GIN-41-MGE-S217	0	0	0	0	0	0	0	0	0
NR_115477.1	GIN-41-MGE-S217	0	0	0	0	0	0	0	0	0
NR_115476.1	GIN-41-MGE-S217	0	0	0	0	0	0	0	0	0
NR_115475.1	GIN-41-MGE-S217	0	0	0	0	0	0	0	0	0
NR_115474.1	GIN-41-MGE-S217	0	0	0	0	0	0	0	0	0
NR_115473.1	GIN-41-MGE-S217	0	0	0	0	0	0	0	0	0
NR_115472.1	GIN-41-MGE-S217	0	0	0	0	0	0	0	0	0
NR_115471.1	GIN-41-MGE-S217	0	0	0	0	0	0	0	0	0
NR_115470.1	GIN-41-MGE-S217	0	0	0	0	0	0	0	0	0
NR_115469.1	GIN-41-MGE-S217	0	0	0	0	0	0	0	0	0
NR_115468.1	GIN-41-MGE-S217	0	0	0	0	0	0	0	0	0
NR_115466.1	GIN-41-MGE-S217	0	0	0	0	0	0	0	0	0
NR_115464.1	GIN-41-MGE-S217	0	0	0	0	0	0	0	0	0
NR_115463.1	GIN-41-MGE-S217	0	0	0	0	0	0	0	0	0
NR_115462.1	GIN-41-MGE-S217	0	0	0	0	0	0	0	0	0
NR_115461.1	GIN-41-MGE-S217	0	0	0	0	0	0	0	0	0
NR_115460.1	GIN-41-MGE-S217	0	0	0	0	0	0	0	0	0
NR_115459.1	GIN-41-MGE-S217	0	0	0	0	0	0	0	0	0
NR_115456.1	GIN-41-MGE-S217	0	0	0	0	0	0	0	0	0
NR_115454.1	GIN-41-MGE-S217	0	0	0	0	0	0	0	0	0
NR_115453.1	GIN-41-MGE-S217	0	0	0	0	0	0	0	0	0
NR_115452.1	GIN-41-MGE-S217	0	0	0	0	0	0	0	0	0
NR_115451.1	GIN-41-MGE-S217	0	0	0	0	0	0	0	0	0
NR_115432.1	GIN-41-MGE-S217	0	0	0	0	0	0	0	0	0
NR_115426.1	GIN-41-MGE-S217	0	0	0	0	0	0	0	0	0
NR_115395.1	GIN-41-MGE-S217	0	0	0	0	0	0	0	0	0
NR_115355.1	GIN-41-MGE-S217	0	0	0	0	0	0	0	0	0
NR_115354.1	GIN-41-MGE-S217	0	0	0	0	0	0	0	0	0
NR_115353.1	GIN-41-MGE-S217	0	0	0	0	0	0	0	0	0
NR_115351.1	GIN-41-MGE-S217	0	0	0	0	0	0	0	0	0
NR_115350.1	GIN-41-MGE-S217	0	0	0	0	0	0	0	0	0
NR_115349.1	GIN-41-MGE-S217	0	0	0	0	0	0	0	0	0
NR_115344.1	GIN-41-MGE-S217	0	0	0	0	0	0	0	0	0
NR_115334.1	GIN-41-MGE-S217	0	0	0	0	0	0	0	0	0
NR_115332.1	GIN-41-MGE-S217	0	0	0	0	0	0	0	0	0
NR_115331.1	GIN-41-MGE-S217	0	0	0	0	0	0	0	0	0
NR_115330.1	GIN-41-MGE-S217	0	0	0	0	0	0	0	0	0
NR_115327.1	GIN-41-MGE-S217	0	0	0	0	0	0	0	0	0
NR_115323.1	GIN-41-MGE-S217	0	0	0	0	0	0	0	0	0
NR_115321.1	GIN-41-MGE-S217	0	0	0	0	0	0	0	0	0
NR_115320.1	GIN-41-MGE-S217	0	0	0	0	0	0	0	0	0
NR_115317.1	GIN-41-MGE-S217	0	0	0	0	0	0	0	0	0
NR_115312.1	GIN-41-MGE-S217	0	0	0	0	0	0	0	0	0
NR_115311.1	GIN-41-MGE-S217	0	0	0	0	0	0	0	0	0
NR_115310.1	GIN-41-MGE-S217	0	0	0	0	0	0	0	0	0
NR_115309.1	GIN-41-MGE-S217	0	0	0	0	0	0	0	0	0
NR_115304.1	GIN-41-MGE-S217	0	0	0	0	0	0	0	0	0
NR_115303.1	GIN-41-MGE-S217	0	0	0	0	0	0	0	0	0
NR_115302.1	GIN-41-MGE-S217	0	0	0	0	0	0	0	0	0
NR_115301.1	GIN-41-MGE-S217	0	0	0	0	0	0	0	0	0
NR_115300.1	GIN-41-MGE-S217	0	0	0	0	0	0	0	0	0
NR_115297.1	GIN-41-MGE-S217	0	0	0	0	0	0	0	0	0
NR_115296.1	GIN-41-MGE-S217	0	0	0	0	0	0	0	0	0
NR_115294.1	GIN-41-MGE-S217	0	0	0	0	0	0	0	0	0
NR_115293.1	GIN-41-MGE-S217	0	0	0	0	0	0	0	0	0
NR_115291.1	GIN-41-MGE-S217	0	0	0	0	0	0	0	0	0
NR_115290.1	GIN-41-MGE-S217	0	0	0	0	0	0	0	0	0
NR_115289.1	GIN-41-MGE-S217	0	0	0	0	0	0	0	0	0
NR_115288.1	GIN-41-MGE-S217	0	0	0	0	0	0	0	0	0
NR_115278.1	GIN-41-MGE-S217	0	0	0	0	0	0	0	0	0
NR_115276.1	GIN-41-MGE-S217	0	0	0	0	0	0	0	0	0
NR_115275.1	GIN-41-MGE-S217	0	0	0	0	0	0	0	0	0
NR_115274.1	GIN-41-MGE-S217	0	0	0	0	0	0	0	0	0
NR_115268.1	GIN-41-MGE-S217	0	0	0	0	0	0	0	0	0
NR_115265.1	GIN-41-MGE-S217	0	0	0	0	0	0	0	0	0
NR_115260.1	GIN-41-MGE-S217	0	0	0	0	0	0	0	0	0
NR_115259.1	GIN-41-MGE-S217	0	0	0	0	0	0	0	0	0
NR_115253.1	GIN-41-MGE-S217	0	0	0	0	0	0	0	0	0
NR_115252.1	GIN-41-MGE-S217	0	0	0	0	0	0	0	0	0
NR_115251.1	GIN-41-MGE-S217	0	0	0	0	0	0	0	0	0
NR_115248.1	GIN-41-MGE-S217	0	0	0	0	0	0	0	0	0
NR_115242.1	GIN-41-MGE-S217	0	0	0	0	0	0	0	0	0
NR_115241.1	GIN-41-MGE-S217	0	0	0	0	0	0	0	0	0
NR_115240.1	GIN-41-MGE-S217	0	0	0	0	0	0	0	0	0
NR_115239.1	GIN-41-MGE-S217	0	0	0	0	0	0	0	0	0
NR_115238.1	GIN-41-MGE-S217	0	0	0	0	0	0	0	0	0
NR_115237.1	GIN-41-MGE-S217	0	0	0	0	0	0	0	0	0
NR_115236.1	GIN-41-MGE-S217	0	0	0	0	0	0	0	0	0
NR_115233.1	GIN-41-MGE-S217	0	0	0	0	0	0	0	0	0
NR_115232.1	GIN-41-MGE-S217	0	0	0	0	0	0	0	0	0
NR_115231.1	GIN-41-MGE-S217	0	0	0	0	0	0	0	0	0
NR_115228.1	GIN-41-MGE-S217	0	0	0	0	0	0	0	0	0
NR_115218.1	GIN-41-MGE-S217	0	0	0	0	0	0	0	0	0
NR_115217.1	GIN-41-MGE-S217	0	0	0	0	0	0	0	0	0
NR_115216.1	GIN-41-MGE-S217	0	0	0	0	0	0	0	0	0
NR_115215.1	GIN-41-MGE-S217	0	0	0	0	0	0	0	0	0
NR_115214.1	GIN-41-MGE-S217	0	0	0	0	0	0	0	0	0
NR_115213.1	GIN-41-MGE-S217	0	0	0	0	0	0	0	0	0
NR_115212.1	GIN-41-MGE-S217	0	0	0	0	0	0	0	0	0
NR_115209.1	GIN-41-MGE-S217	0	0	0	0	0	0	0	0	0
NR_115207.1	GIN-41-MGE-S217	0	0	0	0	0	0	0	0	0
NR_115206.1	GIN-41-MGE-S217	0	0	0	0	0	0	0	0	0
NR_115205.1	GIN-41-MGE-S217	0	0	0	0	0	0	0	0	0
NR_115204.1	GIN-41-MGE-S217	0	0	0	0	0	0	0	0	0
NR_115201.1	GIN-41-MGE-S217	0	0	0	0	0	0	0	0	0
NR_115200.1	GIN-41-MGE-S217	0	0	0	0	0	0	0	0	0
NR_115194.1	GIN-41-MGE-S217	0	0	0	0	0	0	0	0	0
NR_115192.1	GIN-41-MGE-S217	0	0	0	0	0	0	0	0	0
NR_115190.1	GIN-41-MGE-S217	0	0	0	0	0	0	0	0	0
NR_115187.1	GIN-41-MGE-S217	0	0	0	0	0	0	0	0	0
NR_115186.1	GIN-41-MGE-S217	0	0	0	0	0	0	0	0	0
NR_115185.1	GIN-41-MGE-S217	0	0	0	0	0	0	0	0	0
NR_115183.1	GIN-41-MGE-S217	0	0	0	0	0	0	0	0	0
NR_115181.1	GIN-41-MGE-S217	0	0	0	0	0	0	0	0	0
NR_115180.1	GIN-41-MGE-S217	0	0	0	0	0	0	0	0	0
NR_115174.1	GIN-41-MGE-S217	0	0	0	0	0	0	0	0	0
NR_115173.1	GIN-41-MGE-S217	0	0	0	0	0	0	0	0	0
NR_115166.1	GIN-41-MGE-S217	0	0	0	0	0	0	0	0	0
NR_115165.1	GIN-41-MGE-S217	0	0	0	0	0	0	0	0	0
NR_115164.1	GIN-41-MGE-S217	0	0	0	0	0	0	0	0	0
NR_115163.1	GIN-41-MGE-S217	0	0	0	0	0	0	0	0	0
NR_115160.1	GIN-41-MGE-S217	0	0	0	0	0	0	0	0	0
NR_115156.1	GIN-41-MGE-S217	0	0	0	0	0	0	0	0	0
NR_115154.1	GIN-41-MGE-S217	0	0	0	0	0	0	0	0	0
NR_115153.1	GIN-41-MGE-S217	0	0	0	0	0	0	0	0	0
NR_115148.1	GIN-41-MGE-S217	0	0	0	0	0	0	0	0	0
NR_115147.1	GIN-41-MGE-S217	0	0	0	0	0	0	0	0	0
NR_115143.1	GIN-41-MGE-S217	0	0	0	0	0	0	0	0	0
NR_115139.1	GIN-41-MGE-S217	0	0	0	0	0	0	0	0	0
NR_115137.1	GIN-41-MGE-S217	0	0	0	0	0	0	0	0	0
NR_115136.1	GIN-41-MGE-S217	0	0	0	0	0	0	0	0	0
NR_115135.1	GIN-41-MGE-S217	0	0	0	0	0	0	0	0	0
NR_115132.1	GIN-41-MGE-S217	0	0	0	0	0	0	0	0	0
NR_115131.1	GIN-41-MGE-S217	0	0	0	0	0	0	0	0	0
NR_115130.1	GIN-41-MGE-S217	0	0	0	0	0	0	0	0	0
NR_115129.1	GIN-41-MGE-S217	0	0	0	0	0	0	0	0	0
NR_115128.1	GIN-41-MGE-S217	0	0	0	0	0	0	0	0	0
NR_115124.1	GIN-41-MGE-S217	0	0	0	0	0	0	0	0	0
NR_115120.1	GIN-41-MGE-S217	0	0	0	0	0	0	0	0	0
NR_115119.1	GIN-41-MGE-S217	0	0	0	0	0	0	0	0	0
NR_115114.1	GIN-41-MGE-S217	0	0	0	0	0	0	0	0	0
NR_115113.1	GIN-41-MGE-S217	0	0	0	0	0	0	0	0	0
NR_115110.1	GIN-41-MGE-S217	0	0	0	0	0	0	0	0	0
NR_115109.1	GIN-41-MGE-S217	0	0	0	0	0	0	0	0	0
NR_115107.1	GIN-41-MGE-S217	0	0	0	0	0	0	0	0	0
NR_115106.1	GIN-41-MGE-S217	0	0	0	0	0	0	0	0	0
NR_115105.1	GIN-41-MGE-S217	0	0	0	0	0	0	0	0	0
NR_115104.1	GIN-41-MGE-S217	0	0	0	0	0	0	0	0	0
NR_115092.1	GIN-41-MGE-S217	0	0	0	0	0	0	0	0	0
NR_115091.1	GIN-41-MGE-S217	0	0	0	0	0	0	0	0	0
NR_115086.1	GIN-41-MGE-S217	0	0	0	0	0	0	0	0	0
NR_115082.1	GIN-41-MGE-S217	0	0	0	0	0	0	0	0	0
NR_115081.1	GIN-41-MGE-S217	0	0	0	0	0	0	0	0	0
NR_115078.1	GIN-41-MGE-S217	0	0	0	0	0	0	0	0	0
NR_115077.1	GIN-41-MGE-S217	0	0	0	0	0	0	0	0	0
NR_115076.1	GIN-41-MGE-S217	0	0	0	0	0	0	0	0	0
NR_115069.1	GIN-41-MGE-S217	0	0	0	0	0	0	0	0	0
NR_115064.1	GIN-41-MGE-S217	0	0	0	0	0	0	0	0	0
NR_115063.1	GIN-41-MGE-S217	0	0	0	0	0	0	0	0	0
NR_115055.1	GIN-41-MGE-S217	0	0	0	0	0	0	0	0	0
NR_115054.1	GIN-41-MGE-S217	0	0	0	0	0	0	0	0	0
NR_115053.1	GIN-41-MGE-S217	0	0	0	0	0	0	0	0	0
NR_115052.1	GIN-41-MGE-S217	0	0	0	0	0	0	0	0	0
NR_115051.1	GIN-41-MGE-S217	0	0	0	0	0	0	0	0	0
NR_115050.1	GIN-41-MGE-S217	0	0	0	0	0	0	0	0	0
NR_115049.1	GIN-41-MGE-S217	0	0	0	0	0	0	0	0	0
NR_115041.1	GIN-41-MGE-S217	0	0	0	0	0	0	0	0	0
NR_115040.1	GIN-41-MGE-S217	0	0	0	0	0	0	0	0	0
NR_115039.1	GIN-41-MGE-S217	0	0	0	0	0	0	0	0	0
NR_115037.1	GIN-41-MGE-S217	0	0	0	0	0	0	0	0	0
NR_115036.1	GIN-41-MGE-S217	0	0	0	0	0	0	0	0	0
NR_115035.1	GIN-41-MGE-S217	0	0	0	0	0	0	0	0	0
NR_115034.1	GIN-41-MGE-S217	0	0	0	0	0	0	0	0	0
NR_115033.1	GIN-41-MGE-S217	0	0	0	0	0	0	0	0	0
NR_115032.1	GIN-41-MGE-S217	0	0	0	0	0	0	0	0	0
NR_115031.1	GIN-41-MGE-S217	0	0	0	0	0	0	0	0	0
NR_115030.1	GIN-41-MGE-S217	0	0	0	0	0	0	0	0	0
NR_115029.1	GIN-41-MGE-S217	0	0	0	0	0	0	0	0	0
NR_115028.1	GIN-41-MGE-S217	0	0	0	0	0	0	0	0	0
NR_115027.1	GIN-41-MGE-S217	0	0	0	0	0	0	0	0	0
NR_115026.1	GIN-41-MGE-S217	0	0	0	0	0	0	0	0	0
NR_115025.1	GIN-41-MGE-S217	0	0	0	0	0	0	0	0	0
NR_115024.1	GIN-41-MGE-S217	0	0	0	0	0	0	0	0	0
NR_115023.1	GIN-41-MGE-S217	0	0	0	0	0	0	0	0	0
NR_115022.1	GIN-41-MGE-S217	0	0	0	0	0	0	0	0	0
NR_115021.1	GIN-41-MGE-S217	0	0	0	0	0	0	0	0	0
NR_115020.1	GIN-41-MGE-S217	0	0	0	0	0	0	0	0	0
NR_115019.1	GIN-41-MGE-S217	0	0	0	0	0	0	0	0	0
NR_115018.1	GIN-41-MGE-S217	0	0	0	0	0	0	0	0	0
NR_115015.1	GIN-41-MGE-S217	0	0	0	0	0	0	0	0	0
NR_115014.1	GIN-41-MGE-S217	0	0	0	0	0	0	0	0	0
NR_115012.1	GIN-41-MGE-S217	0	0	0	0	0	0	0	0	0
NR_115011.1	GIN-41-MGE-S217	0	0	0	0	0	0	0	0	0
NR_115007.1	GIN-41-MGE-S217	0	0	0	0	0	0	0	0	0
NR_115005.1	GIN-41-MGE-S217	0	0	0	0	0	0	0	0	0
NR_114995.1	GIN-41-MGE-S217	0	0	0	0	0	0	0	0	0
NR_114994.1	GIN-41-MGE-S217	0	0	0	0	0	0	0	0	0
NR_114993.1	GIN-41-MGE-S217	0	0	0	0	0	0	0	0	0
NR_114992.1	GIN-41-MGE-S217	0	0	0	0	0	0	0	0	0
NR_114991.1	GIN-41-MGE-S217	0	0	0	0	0	0	0	0	0
NR_114990.1	GIN-41-MGE-S217	0	0	0	0	0	0	0	0	0
NR_114989.1	GIN-41-MGE-S217	0	0	0	0	0	0	0	0	0
NR_114988.1	GIN-41-MGE-S217	0	0	0	0	0	0	0	0	0
NR_114987.1	GIN-41-MGE-S217	0	0	0	0	0	0	0	0	0
NR_114986.1	GIN-41-MGE-S217	0	0	0	0	0	0	0	0	0
NR_114985.1	GIN-41-MGE-S217	0	0	0	0	0	0	0	0	0
NR_114984.1	GIN-41-MGE-S217	0	0	0	0	0	0	0	0	0
NR_114982.1	GIN-41-MGE-S217	0	0	0	0	0	0	0	0	0
NR_114975.1	GIN-41-MGE-S217	0	0	0	0	0	0	0	0	0
NR_114967.1	GIN-41-MGE-S217	0	0	0	0	0	0	0	0	0
NR_114966.1	GIN-41-MGE-S217	0	0	0	0	0	0	0	0	0
NR_114964.1	GIN-41-MGE-S217	0	0	0	0	0	0	0	0	0
NR_114963.1	GIN-41-MGE-S217	0	0	0	0	0	0	0	0	0
NR_114961.1	GIN-41-MGE-S217	0	0	0	0	0	0	0	0	0
NR_114960.1	GIN-41-MGE-S217	0	0	0	0	0	0	0	0	0
NR_114959.1	GIN-41-MGE-S217	0	0	0	0	0	0	0	0	0
NR_114958.1	GIN-41-MGE-S217	0	0	0	0	0	0	0	0	0
NR_114955.1	GIN-41-MGE-S217	0	0	0	0	0	0	0	0	0
NR_114954.1	GIN-41-MGE-S217	0	0	0	0	0	0	0	0	0
NR_114953.1	GIN-41-MGE-S217	0	0	0	0	0	0	0	0	0
NR_114944.1	GIN-41-MGE-S217	0	0	0	0	0	0	0	0	0
NR_114943.1	GIN-41-MGE-S217	0	0	0	0	0	0	0	0	0
NR_114942.1	GIN-41-MGE-S217	0	0	0	0	0	0	0	0	0
NR_114940.1	GIN-41-MGE-S217	0	0	0	0	0	0	0	0	0
NR_114935.1	GIN-41-MGE-S217	0	0	0	0	0	0	0	0	0
NR_114934.1	GIN-41-MGE-S217	0	0	0	0	0	0	0	0	0
NR_114933.1	GIN-41-MGE-S217	0	0	0	0	0	0	0	0	0
NR_114932.1	GIN-41-MGE-S217	0	0	0	0	0	0	0	0	0
NR_114931.1	GIN-41-MGE-S217	0	0	0	0	0	0	0	0	0
NR_114930.1	GIN-41-MGE-S217	0	0	0	0	0	0	0	0	0
NR_114928.1	GIN-41-MGE-S217	0	0	0	0	0	0	0	0	0
NR_114927.1	GIN-41-MGE-S217	0	0	0	0	0	0	0	0	0
NR_114925.1	GIN-41-MGE-S217	0	0	0	0	0	0	0	0	0
NR_114924.1	GIN-41-MGE-S217	0	0	0	0	0	0	0	0	0
NR_114923.1	GIN-41-MGE-S217	0	0	0	0	0	0	0	0	0
NR_114922.1	GIN-41-MGE-S217	0	0	0	0	0	0	0	0	0
NR_114921.1	GIN-41-MGE-S217	0	0	0	0	0	0	0	0	0
NR_114920.1	GIN-41-MGE-S217	0	0	0	0	0	0	0	0	0
NR_114918.1	GIN-41-MGE-S217	0	0	0	0	0	0	0	0	0
NR_114917.1	GIN-41-MGE-S217	0	0	0	0	0	0	0	0	0
NR_114914.1	GIN-41-MGE-S217	0	0	0	0	0	0	0	0	0
NR_114913.1	GIN-41-MGE-S217	0	0	0	0	0	0	0	0	0
NR_114905.1	GIN-41-MGE-S217	0	0	0	0	0	0	0	0	0
NR_114904.1	GIN-41-MGE-S217	0	0	0	0	0	0	0	0	0
NR_114903.1	GIN-41-MGE-S217	0	0	0	0	0	0	0	0	0
NR_114896.1	GIN-41-MGE-S217	0	0	0	0	0	0	0	0	0
NR_114895.1	GIN-41-MGE-S217	0	0	0	0	0	0	0	0	0
NR_114894.1	GIN-41-MGE-S217	0	0	0	0	0	0	0	0	0
NR_114893.1	GIN-41-MGE-S217	0	0	0	0	0	0	0	0	0
NR_114892.1	GIN-41-MGE-S217	0	0	0	0	0	0	0	0	0
NR_114891.1	GIN-41-MGE-S217	0	0	0	0	0	0	0	0	0
NR_114890.1	GIN-41-MGE-S217	0	0	0	0	0	0	0	0	0
NR_114888.1	GIN-41-MGE-S217	0	0	0	0	0	0	0	0	0
NR_114883.1	GIN-41-MGE-S217	0	0	0	0	0	0	0	0	0
NR_114882.1	GIN-41-MGE-S217	0	0	0	0	0	0	0	0	0
NR_114879.1	GIN-41-MGE-S217	0	0	0	0	0	0	0	0	0
NR_114878.1	GIN-41-MGE-S217	0	0	0	0	0	0	0	0	0
NR_114877.1	GIN-41-MGE-S217	0	0	0	0	0	0	0	0	0
NR_114876.1	GIN-41-MGE-S217	0	0	0	0	0	0	0	0	0
NR_114873.1	GIN-41-MGE-S217	0	0	0	0	0	0	0	0	0
NR_114871.1	GIN-41-MGE-S217	0	0	0	0	0	0	0	0	0
NR_114870.1	GIN-41-MGE-S217	0	0	0	0	0	0	0	0	0
NR_114869.1	GIN-41-MGE-S217	0	0	0	0	0	0	0	0	0
NR_114867.1	GIN-41-MGE-S217	0	0	0	0	0	0	0	0	0
NR_114865.1	GIN-41-MGE-S217	0	0	0	0	0	0	0	0	0
NR_114864.1	GIN-41-MGE-S217	0	0	0	0	0	0	0	0	0
NR_114862.1	GIN-41-MGE-S217	0	0	0	0	0	0	0	0	0
NR_114861.1	GIN-41-MGE-S217	0	0	0	0	0	0	0	0	0
NR_114860.1	GIN-41-MGE-S217	0	0	0	0	0	0	0	0	0
NR_114859.1	GIN-41-MGE-S217	0	0	0	0	0	0	0	0	0
NR_114858.1	GIN-41-MGE-S217	0	0	0	0	0	0	0	0	0
NR_114857.1	GIN-41-MGE-S217	0	0	0	0	0	0	0	0	0
NR_114856.1	GIN-41-MGE-S217	0	0	0	0	0	0	0	0	0
NR_114855.1	GIN-41-MGE-S217	0	0	0	0	0	0	0	0	0
NR_114854.1	GIN-41-MGE-S217	0	0	0	0	0	0	0	0	0
NR_114853.1	GIN-41-MGE-S217	0	0	0	0	0	0	0	0	0
NR_114851.1	GIN-41-MGE-S217	0	0	0	0	0	0	0	0	0
NR_114850.1	GIN-41-MGE-S217	0	0	0	0	0	0	0	0	0
NR_114849.1	GIN-41-MGE-S217	0	0	0	0	0	0	0	0	0
NR_114846.1	GIN-41-MGE-S217	0	0	0	0	0	0	0	0	0
NR_114845.1	GIN-41-MGE-S217	0	0	0	0	0	0	0	0	0
NR_114843.1	GIN-41-MGE-S217	0	0	0	0	0	0	0	0	0
NR_114842.1	GIN-41-MGE-S217	0	0	0	0	0	0	0	0	0
NR_114839.1	GIN-41-MGE-S217	0	0	0	0	0	0	0	0	0
NR_114838.1	GIN-41-MGE-S217	0	0	0	0	0	0	0	0	0
NR_114836.1	GIN-41-MGE-S217	0	0	0	0	0	0	0	0	0
NR_114835.1	GIN-41-MGE-S217	0	0	0	0	0	0	0	0	0
NR_114834.1	GIN-41-MGE-S217	0	0	0	0	0	0	0	0	0
NR_114833.1	GIN-41-MGE-S217	0	0	0	0	0	0	0	0	0
NR_114832.1	GIN-41-MGE-S217	0	0	0	0	0	0	0	0	0
NR_114831.1	GIN-41-MGE-S217	0	0	0	0	0	0	0	0	0
NR_114830.1	GIN-41-MGE-S217	0	0	0	0	0	0	0	0	0
NR_114829.1	GIN-41-MGE-S217	0	0	0	0	0	0	0	0	0
NR_114828.1	GIN-41-MGE-S217	0	0	0	0	0	0	0	0	0
NR_114827.1	GIN-41-MGE-S217	0	0	0	0	0	0	0	0	0
NR_114826.1	GIN-41-MGE-S217	0	0	0	0	0	0	0	0	0
NR_114825.1	GIN-41-MGE-S217	0	0	0	0	0	0	0	0	0
NR_114823.1	GIN-41-MGE-S217	0	0	0	0	0	0	0	0	0
NR_114822.1	GIN-41-MGE-S217	0	0	0	0	0	0	0	0	0
NR_114821.1	GIN-41-MGE-S217	0	0	0	0	0	0	0	0	0
NR_114820.1	GIN-41-MGE-S217	0	0	0	0	0	0	0	0	0
NR_114819.1	GIN-41-MGE-S217	0	0	0	0	0	0	0	0	0
NR_114815.1	GIN-41-MGE-S217	0	0	0	0	0	0	0	0	0
NR_114814.1	GIN-41-MGE-S217	0	0	0	0	0	0	0	0	0
NR_114813.1	GIN-41-MGE-S217	0	0	0	0	0	0	0	0	0
NR_114812.1	GIN-41-MGE-S217	0	0	0	0	0	0	0	0	0
NR_114810.1	GIN-41-MGE-S217	0	0	0	0	0	0	0	0	0
NR_114809.1	GIN-41-MGE-S217	0	0	0	0	0	0	0	0	0
NR_114808.1	GIN-41-MGE-S217	0	0	0	0	0	0	0	0	0
NR_114806.1	GIN-41-MGE-S217	0	0	0	0	0	0	0	0	0
NR_114805.1	GIN-41-MGE-S217	0	0	0	0	0	0	0	0	0
NR_114804.1	GIN-41-MGE-S217	0	0	0	0	0	0	0	0	0
NR_114800.1	GIN-41-MGE-S217	0	0	0	0	0	0	0	0	0
NR_114799.1	GIN-41-MGE-S217	0	0	0	0	0	0	0	0	0
NR_114798.1	GIN-41-MGE-S217	0	0	0	0	0	0	0	0	0
NR_114795.1	GIN-41-MGE-S217	0	0	0	0	0	0	0	0	0
NR_114794.1	GIN-41-MGE-S217	0	0	0	0	0	0	0	0	0
NR_114793.1	GIN-41-MGE-S217	0	0	0	0	0	0	0	0	0
NR_114792.1	GIN-41-MGE-S217	0	0	0	0	0	0	0	0	0
NR_114791.1	GIN-41-MGE-S217	0	0	0	0	0	0	0	0	0
NR_114789.1	GIN-41-MGE-S217	6	6	0	0	0	0	0	0	0
NR_114782.1	GIN-41-MGE-S217	0	0	0	0	0	0	0	0	0
NR_114764.1	GIN-41-MGE-S217	0	0	0	0	0	0	0	0	0
NR_114762.1	GIN-41-MGE-S217	0	0	0	0	0	0	0	0	0
NR_114758.1	GIN-41-MGE-S217	0	0	0	0	0	0	0	0	0
NR_114757.1	GIN-41-MGE-S217	0	0	0	0	0	0	0	0	0
NR_114756.1	GIN-41-MGE-S217	0	0	0	0	0	0	0	0	0
NR_114755.1	GIN-41-MGE-S217	0	0	0	0	0	0	0	0	0
NR_114752.1	GIN-41-MGE-S217	0	0	0	0	0	0	0	0	0
NR_114751.1	GIN-41-MGE-S217	0	0	0	0	0	0	0	0	0
NR_114750.1	GIN-41-MGE-S217	0	0	0	0	0	0	0	0	0
NR_114748.1	GIN-41-MGE-S217	0	0	0	0	0	0	0	0	0
NR_114747.1	GIN-41-MGE-S217	0	0	0	0	0	0	0	0	0
NR_114746.1	GIN-41-MGE-S217	0	0	0	0	0	0	0	0	0
NR_114745.1	GIN-41-MGE-S217	0	0	0	0	0	0	0	0	0
NR_114744.1	GIN-41-MGE-S217	0	0	0	0	0	0	0	0	0
NR_114743.1	GIN-41-MGE-S217	0	0	0	0	0	0	0	0	0
NR_114742.1	GIN-41-MGE-S217	0	0	0	0	0	0	0	0	0
NR_114741.1	GIN-41-MGE-S217	0	0	0	0	0	0	0	0	0
NR_114740.1	GIN-41-MGE-S217	0	0	0	0	0	0	0	0	0
NR_114739.1	GIN-41-MGE-S217	0	0	0	0	0	0	0	0	0
NR_114738.1	GIN-41-MGE-S217	0	0	0	0	0	0	0	0	0
NR_114737.1	GIN-41-MGE-S217	0	0	0	0	0	0	0	0	0
NR_114736.1	GIN-41-MGE-S217	0	0	0	0	0	0	0	0	0
NR_114735.1	GIN-41-MGE-S217	0	0	0	0	0	0	0	0	0
NR_114733.1	GIN-41-MGE-S217	0	0	0	0	0	0	0	0	0
NR_114732.1	GIN-41-MGE-S217	0	0	0	0	0	0	0	0	0
NR_114730.1	GIN-41-MGE-S217	0	0	0	0	0	0	0	0	0
NR_114729.1	GIN-41-MGE-S217	0	0	0	0	0	0	0	0	0
NR_114728.1	GIN-41-MGE-S217	0	0	0	0	0	0	0	0	0
NR_114727.1	GIN-41-MGE-S217	0	0	0	0	0	0	0	0	0
NR_114726.1	GIN-41-MGE-S217	0	0	0	0	0	0	0	0	0
NR_114725.1	GIN-41-MGE-S217	0	0	0	0	0	0	0	0	0
NR_114724.1	GIN-41-MGE-S217	0	0	0	0	0	0	0	0	0
NR_114723.1	GIN-41-MGE-S217	0	0	0	0	0	0	0	0	0
NR_114722.1	GIN-41-MGE-S217	0	0	0	0	0	0	0	0	0
NR_114719.1	GIN-41-MGE-S217	0	0	0	0	0	0	0	0	0
NR_114718.1	GIN-41-MGE-S217	0	0	0	0	0	0	0	0	0
NR_114716.1	GIN-41-MGE-S217	0	0	0	0	0	0	0	0	0
NR_114715.1	GIN-41-MGE-S217	0	0	0	0	0	0	0	0	0
NR_114714.1	GIN-41-MGE-S217	0	0	0	0	0	0	0	0	0
NR_114712.1	GIN-41-MGE-S217	0	0	0	0	0	0	0	0	0
NR_114711.1	GIN-41-MGE-S217	0	0	0	0	0	0	0	0	0
NR_114708.1	GIN-41-MGE-S217	0	0	0	0	0	0	0	0	0
NR_114707.1	GIN-41-MGE-S217	0	0	0	0	0	0	0	0	0
NR_114706.1	GIN-41-MGE-S217	0	0	0	0	0	0	0	0	0
NR_114705.1	GIN-41-MGE-S217	0	0	0	0	0	0	0	0	0
NR_114704.1	GIN-41-MGE-S217	0	0	0	0	0	0	0	0	0
NR_114703.1	GIN-41-MGE-S217	0	0	0	0	0	0	0	0	0
NR_114702.1	GIN-41-MGE-S217	0	0	0	0	0	0	0	0	0
NR_114701.1	GIN-41-MGE-S217	0	0	0	0	0	0	0	0	0
NR_114699.1	GIN-41-MGE-S217	0	0	0	0	0	0	0	0	0
NR_114698.1	GIN-41-MGE-S217	0	0	0	0	0	0	0	0	0
NR_114697.1	GIN-41-MGE-S217	0	0	0	0	0	0	0	0	0
NR_114696.1	GIN-41-MGE-S217	0	0	0	0	0	0	0	0	0
NR_114693.1	GIN-41-MGE-S217	0	0	0	0	0	0	0	0	0
NR_114692.1	GIN-41-MGE-S217	0	0	0	0	0	0	0	0	0
NR_114690.1	GIN-41-MGE-S217	0	0	0	0	0	0	0	0	0
NR_114689.1	GIN-41-MGE-S217	0	0	0	0	0	0	0	0	0
NR_114687.1	GIN-41-MGE-S217	0	0	0	0	0	0	0	0	0
NR_114686.1	GIN-41-MGE-S217	0	0	0	0	0	0	0	0	0
NR_114685.1	GIN-41-MGE-S217	0	0	0	0	0	0	0	0	0
NR_114680.1	GIN-41-MGE-S217	0	0	0	0	0	0	0	0	0
NR_114679.1	GIN-41-MGE-S217	0	0	0	0	0	0	0	0	0
NR_114677.1	GIN-41-MGE-S217	0	0	0	0	0	0	0	0	0
NR_114675.1	GIN-41-MGE-S217	0	0	0	0	0	0	0	0	0
NR_114674.1	GIN-41-MGE-S217	0	0	0	0	0	0	0	0	0
NR_114673.1	GIN-41-MGE-S217	0	0	0	0	0	0	0	0	0
NR_114672.1	GIN-41-MGE-S217	0	0	0	0	0	0	0	0	0
NR_114671.1	GIN-41-MGE-S217	0	0	0	0	0	0	0	0	0
NR_114668.1	GIN-41-MGE-S217	0	0	0	0	0	0	0	0	0
NR_114667.1	GIN-41-MGE-S217	0	0	0	0	0	0	0	0	0
NR_114665.1	GIN-41-MGE-S217	0	0	0	0	0	0	0	0	0
NR_114662.1	GIN-41-MGE-S217	0	0	0	0	0	0	0	0	0
NR_114661.1	GIN-41-MGE-S217	0	0	0	0	0	0	0	0	0
NR_114659.1	GIN-41-MGE-S217	0	0	0	0	0	0	0	0	0
NR_114658.1	GIN-41-MGE-S217	0	0	0	0	0	0	0	0	0
NR_114656.1	GIN-41-MGE-S217	0	0	0	0	0	0	0	0	0
NR_114655.1	GIN-41-MGE-S217	0	0	0	0	0	0	0	0	0
NR_114650.1	GIN-41-MGE-S217	0	0	0	0	0	0	0	0	0
NR_114644.1	GIN-41-MGE-S217	0	0	0	0	0	0	0	0	0
NR_114643.1	GIN-41-MGE-S217	0	0	0	0	0	0	0	0	0
NR_114642.1	GIN-41-MGE-S217	0	0	0	0	0	0	0	0	0
NR_114641.1	GIN-41-MGE-S217	0	0	0	0	0	0	0	0	0
NR_114640.1	GIN-41-MGE-S217	0	0	0	0	0	0	0	0	0
NR_114639.1	GIN-41-MGE-S217	0	0	0	0	0	0	0	0	0
NR_114638.1	GIN-41-MGE-S217	0	0	0	0	0	0	0	0	0
NR_114634.1	GIN-41-MGE-S217	0	0	0	0	0	0	0	0	0
NR_114632.1	GIN-41-MGE-S217	0	0	0	0	0	0	0	0	0
NR_114631.1	GIN-41-MGE-S217	0	0	0	0	0	0	0	0	0
NR_114630.1	GIN-41-MGE-S217	0	0	0	0	0	0	0	0	0
NR_114629.1	GIN-41-MGE-S217	0	0	0	0	0	0	0	0	0
NR_114628.1	GIN-41-MGE-S217	0	0	0	0	0	0	0	0	0
NR_114619.1	GIN-41-MGE-S217	0	0	0	0	0	0	0	0	0
NR_114618.1	GIN-41-MGE-S217	0	0	0	0	0	0	0	0	0
NR_114617.1	GIN-41-MGE-S217	0	0	0	0	0	0	0	0	0
NR_114616.1	GIN-41-MGE-S217	0	0	0	0	0	0	0	0	0
NR_114614.1	GIN-41-MGE-S217	0	0	0	0	0	0	0	0	0
NR_114613.1	GIN-41-MGE-S217	0	0	0	0	0	0	0	0	0
NR_114610.1	GIN-41-MGE-S217	0	0	0	0	0	0	0	0	0
NR_114606.1	GIN-41-MGE-S217	0	0	0	0	0	0	0	0	0
NR_114605.1	GIN-41-MGE-S217	0	0	0	0	0	0	0	0	0
NR_114602.1	GIN-41-MGE-S217	0	0	0	0	0	0	0	0	0
NR_114599.1	GIN-41-MGE-S217	0	0	0	0	0	0	0	0	0
NR_114595.1	GIN-41-MGE-S217	0	0	0	0	0	0	0	0	0
NR_114589.1	GIN-41-MGE-S217	0	0	0	0	0	0	0	0	0
NR_114588.1	GIN-41-MGE-S217	0	0	0	0	0	0	0	0	0
NR_114587.1	GIN-41-MGE-S217	0	0	0	0	0	0	0	0	0
NR_114586.1	GIN-41-MGE-S217	0	0	0	0	0	0	0	0	0
NR_114585.1	GIN-41-MGE-S217	0	0	0	0	0	0	0	0	0
NR_114584.1	GIN-41-MGE-S217	0	0	0	0	0	0	0	0	0
NR_114583.1	GIN-41-MGE-S217	0	0	0	0	0	0	0	0	0
NR_114582.1	GIN-41-MGE-S217	0	0	0	0	0	0	0	0	0
NR_114581.1	GIN-41-MGE-S217	0	0	0	0	0	0	0	0	0
NR_114579.1	GIN-41-MGE-S217	0	0	0	0	0	0	0	0	0
NR_114578.1	GIN-41-MGE-S217	0	0	0	0	0	0	0	0	0
NR_114577.1	GIN-41-MGE-S217	0	0	0	0	0	0	0	0	0
NR_114576.1	GIN-41-MGE-S217	0	0	0	0	0	0	0	0	0
NR_114575.1	GIN-41-MGE-S217	0	0	0	0	0	0	0	0	0
NR_114574.1	GIN-41-MGE-S217	0	0	0	0	0	0	0	0	0
NR_114572.1	GIN-41-MGE-S217	0	0	0	0	0	0	0	0	0
NR_114567.1	GIN-41-MGE-S217	0	0	0	0	0	0	0	0	0
NR_114566.1	GIN-41-MGE-S217	0	0	0	0	0	0	0	0	0
NR_114565.1	GIN-41-MGE-S217	0	0	0	0	0	0	0	0	0
NR_114564.1	GIN-41-MGE-S217	0	0	0	0	0	0	0	0	0
NR_114563.1	GIN-41-MGE-S217	0	0	0	0	0	0	0	0	0
NR_114561.1	GIN-41-MGE-S217	0	0	0	0	0	0	0	0	0
NR_114558.1	GIN-41-MGE-S217	0	0	0	0	0	0	0	0	0
NR_114556.1	GIN-41-MGE-S217	0	0	0	0	0	0	0	0	0
NR_114555.1	GIN-41-MGE-S217	0	0	0	0	0	0	0	0	0
NR_114554.1	GIN-41-MGE-S217	0	0	0	0	0	0	0	0	0
NR_114553.1	GIN-41-MGE-S217	0	0	0	0	0	0	0	0	0
NR_114552.1	GIN-41-MGE-S217	0	0	0	0	0	0	0	0	0
NR_114550.1	GIN-41-MGE-S217	0	0	0	0	0	0	0	0	0
NR_114548.1	GIN-41-MGE-S217	0	0	0	0	0	0	0	0	0
NR_114547.1	GIN-41-MGE-S217	0	0	0	0	0	0	0	0	0
NR_114546.1	GIN-41-MGE-S217	0	0	0	0	0	0	0	0	0
NR_114545.1	GIN-41-MGE-S217	0	0	0	0	0	0	0	0	0
NR_114542.1	GIN-41-MGE-S217	0	0	0	0	0	0	0	0	0
NR_114541.1	GIN-41-MGE-S217	0	0	0	0	0	0	0	0	0
NR_114540.1	GIN-41-MGE-S217	0	0	0	0	0	0	0	0	0
NR_114539.1	GIN-41-MGE-S217	0	0	0	0	0	0	0	0	0
NR_114538.1	GIN-41-MGE-S217	0	0	0	0	0	0	0	0	0
NR_114537.1	GIN-41-MGE-S217	0	0	0	0	0	0	0	0	0
NR_114536.1	GIN-41-MGE-S217	0	0	0	0	0	0	0	0	0
NR_114533.1	GIN-41-MGE-S217	0	0	0	0	0	0	0	0	0
NR_114532.1	GIN-41-MGE-S217	0	0	0	0	0	0	0	0	0
NR_114531.1	GIN-41-MGE-S217	0	0	0	0	0	0	0	0	0
NR_114530.1	GIN-41-MGE-S217	0	0	0	0	0	0	0	0	0
NR_114529.1	GIN-41-MGE-S217	0	0	0	0	0	0	0	0	0
NR_114527.1	GIN-41-MGE-S217	0	0	0	0	0	0	0	0	0
NR_114523.1	GIN-41-MGE-S217	0	0	0	0	0	0	0	0	0
NR_114522.1	GIN-41-MGE-S217	0	0	0	0	0	0	0	0	0
NR_114521.1	GIN-41-MGE-S217	0	0	0	0	0	0	0	0	0
NR_114520.1	GIN-41-MGE-S217	0	0	0	0	0	0	0	0	0
NR_114519.1	GIN-41-MGE-S217	0	0	0	0	0	0	0	0	0
NR_114518.1	GIN-41-MGE-S217	0	0	0	0	0	0	0	0	0
NR_114515.1	GIN-41-MGE-S217	0	0	0	0	0	0	0	0	0
NR_114514.1	GIN-41-MGE-S217	0	0	0	0	0	0	0	0	0
NR_114511.1	GIN-41-MGE-S217	0	0	0	0	0	0	0	0	0
NR_114510.1	GIN-41-MGE-S217	0	0	0	0	0	0	0	0	0
NR_114507.1	GIN-41-MGE-S217	0	0	0	0	0	0	0	0	0
NR_114506.1	GIN-41-MGE-S217	0	0	0	0	0	0	0	0	0
NR_114505.1	GIN-41-MGE-S217	0	0	0	0	0	0	0	0	0
NR_114504.1	GIN-41-MGE-S217	0	0	0	0	0	0	0	0	0
NR_114503.1	GIN-41-MGE-S217	0	0	0	0	0	0	0	0	0
NR_114502.1	GIN-41-MGE-S217	0	0	0	0	0	0	0	0	0
NR_114499.1	GIN-41-MGE-S217	0	0	0	0	0	0	0	0	0
NR_114498.1	GIN-41-MGE-S217	0	0	0	0	0	0	0	0	0
NR_114496.1	GIN-41-MGE-S217	0	0	0	0	0	0	0	0	0
NR_114495.1	GIN-41-MGE-S217	0	0	0	0	0	0	0	0	0
NR_114494.1	GIN-41-MGE-S217	0	0	0	0	0	0	0	0	0
NR_114493.1	GIN-41-MGE-S217	0	0	0	0	0	0	0	0	0
NR_114491.1	GIN-41-MGE-S217	0	0	0	0	0	0	0	0	0
NR_114482.1	GIN-41-MGE-S217	0	0	0	0	0	0	0	0	0
NR_114481.1	GIN-41-MGE-S217	0	0	0	0	0	0	0	0	0
NR_114480.1	GIN-41-MGE-S217	0	0	0	0	0	0	0	0	0
NR_114479.1	GIN-41-MGE-S217	0	0	0	0	0	0	0	0	0
NR_114478.1	GIN-41-MGE-S217	0	0	0	0	0	0	0	0	0
NR_114477.1	GIN-41-MGE-S217	0	0	0	0	0	0	0	0	0
NR_114476.1	GIN-41-MGE-S217	0	0	0	0	0	0	0	0	0
NR_114475.1	GIN-41-MGE-S217	0	0	0	0	0	0	0	0	0
NR_114474.1	GIN-41-MGE-S217	0	0	0	0	0	0	0	0	0
NR_114473.1	GIN-41-MGE-S217	0	0	0	0	0	0	0	0	0
NR_114472.1	GIN-41-MGE-S217	0	0	0	0	0	0	0	0	0
NR_114471.1	GIN-41-MGE-S217	0	0	0	0	0	0	0	0	0
NR_114470.1	GIN-41-MGE-S217	0	0	0	0	0	0	0	0	0
NR_114468.1	GIN-41-MGE-S217	0	0	0	0	0	0	0	0	0
NR_114467.1	GIN-41-MGE-S217	0	0	0	0	0	0	0	0	0
NR_114466.1	GIN-41-MGE-S217	0	0	0	0	0	0	0	0	0
NR_114465.1	GIN-41-MGE-S217	0	0	0	0	0	0	0	0	0
NR_114464.1	GIN-41-MGE-S217	0	0	0	0	0	0	0	0	0
NR_114463.1	GIN-41-MGE-S217	0	0	0	0	0	0	0	0	0
NR_114462.1	GIN-41-MGE-S217	0	0	0	0	0	0	0	0	0
NR_114461.1	GIN-41-MGE-S217	0	0	0	0	0	0	0	0	0
NR_114460.1	GIN-41-MGE-S217	0	0	0	0	0	0	0	0	0
NR_114459.1	GIN-41-MGE-S217	0	0	0	0	0	0	0	0	0
NR_114458.1	GIN-41-MGE-S217	0	0	0	0	0	0	0	0	0
NR_114457.1	GIN-41-MGE-S217	0	0	0	0	0	0	0	0	0
NR_114456.1	GIN-41-MGE-S217	0	0	0	0	0	0	0	0	0
NR_114455.1	GIN-41-MGE-S217	0	0	0	0	0	0	0	0	0
NR_114453.1	GIN-41-MGE-S217	0	0	0	0	0	0	0	0	0
NR_114452.1	GIN-41-MGE-S217	0	0	0	0	0	0	0	0	0
NR_114451.1	GIN-41-MGE-S217	0	0	0	0	0	0	0	0	0
NR_114448.1	GIN-41-MGE-S217	0	0	0	0	0	0	0	0	0
NR_114447.1	GIN-41-MGE-S217	0	0	0	0	0	0	0	0	0
NR_114440.1	GIN-41-MGE-S217	0	0	0	0	0	0	0	0	0
NR_114439.1	GIN-41-MGE-S217	0	0	0	0	0	0	0	0	0
NR_114438.1	GIN-41-MGE-S217	0	0	0	0	0	0	0	0	0
NR_114436.1	GIN-41-MGE-S217	0	0	0	0	0	0	0	0	0
NR_114435.1	GIN-41-MGE-S217	0	0	0	0	0	0	0	0	0
NR_114434.1	GIN-41-MGE-S217	0	0	0	0	0	0	0	0	0
NR_114433.1	GIN-41-MGE-S217	0	0	0	0	0	0	0	0	0
NR_114432.1	GIN-41-MGE-S217	0	0	0	0	0	0	0	0	0
NR_114431.1	GIN-41-MGE-S217	0	0	0	0	0	0	0	0	0
NR_114430.1	GIN-41-MGE-S217	0	0	0	0	0	0	0	0	0
NR_114429.1	GIN-41-MGE-S217	0	0	0	0	0	0	0	0	0
NR_114428.1	GIN-41-MGE-S217	0	0	0	0	0	0	0	0	0
NR_114427.1	GIN-41-MGE-S217	0	0	0	0	0	0	0	0	0
NR_114426.1	GIN-41-MGE-S217	0	0	0	0	0	0	0	0	0
NR_114425.1	GIN-41-MGE-S217	0	0	0	0	0	0	0	0	0
NR_114424.1	GIN-41-MGE-S217	0	0	0	0	0	0	0	0	0
NR_114423.1	GIN-41-MGE-S217	0	0	0	0	0	0	0	0	0
NR_114419.1	GIN-41-MGE-S217	0	0	0	0	0	0	0	0	0
NR_114416.1	GIN-41-MGE-S217	0	0	0	0	0	0	0	0	0
NR_114414.1	GIN-41-MGE-S217	0	0	0	0	0	0	0	0	0
NR_114413.1	GIN-41-MGE-S217	0	0	0	0	0	0	0	0	0
NR_114412.1	GIN-41-MGE-S217	0	0	0	0	0	0	0	0	0
NR_114411.1	GIN-41-MGE-S217	0	0	0	0	0	0	0	0	0
NR_114410.1	GIN-41-MGE-S217	0	0	0	0	0	0	0	0	0
NR_114409.1	GIN-41-MGE-S217	0	0	0	0	0	0	0	0	0
NR_114408.1	GIN-41-MGE-S217	0	0	0	0	0	0	0	0	0
NR_114406.1	GIN-41-MGE-S217	0	0	0	0	0	0	0	0	0
NR_114405.1	GIN-41-MGE-S217	0	0	0	0	0	0	0	0	0
NR_114404.1	GIN-41-MGE-S217	0	0	0	0	0	0	0	0	0
NR_114401.1	GIN-41-MGE-S217	0	0	0	0	0	0	0	0	0
NR_114400.1	GIN-41-MGE-S217	0	0	0	0	0	0	0	0	0
NR_114399.1	GIN-41-MGE-S217	0	0	0	0	0	0	0	0	0
NR_114397.1	GIN-41-MGE-S217	0	0	0	0	0	0	0	0	0
NR_114395.1	GIN-41-MGE-S217	0	0	0	0	0	0	0	0	0
NR_114394.1	GIN-41-MGE-S217	0	0	0	0	0	0	0	0	0
NR_114393.1	GIN-41-MGE-S217	0	0	0	0	0	0	0	0	0
NR_114392.1	GIN-41-MGE-S217	0	0	0	0	0	0	0	0	0
NR_114389.1	GIN-41-MGE-S217	0	0	0	0	0	0	0	0	0
NR_114381.1	GIN-41-MGE-S217	0	0	0	0	0	0	0	0	0
NR_114354.1	GIN-41-MGE-S217	0	0	0	0	0	0	0	0	0
NR_114353.1	GIN-41-MGE-S217	0	0	0	0	0	0	0	0	0
NR_114352.1	GIN-41-MGE-S217	0	0	0	0	0	0	0	0	0
NR_114345.1	GIN-41-MGE-S217	0	0	0	0	0	0	0	0	0
NR_114340.1	GIN-41-MGE-S217	0	0	0	0	0	0	0	0	0
NR_114338.1	GIN-41-MGE-S217	0	0	0	0	0	0	0	0	0
NR_114337.1	GIN-41-MGE-S217	0	0	0	0	0	0	0	0	0
NR_114332.1	GIN-41-MGE-S217	0	0	0	0	0	0	0	0	0
NR_114331.1	GIN-41-MGE-S217	0	0	0	0	0	0	0	0	0
NR_114330.1	GIN-41-MGE-S217	0	0	0	0	0	0	0	0	0
NR_114324.1	GIN-41-MGE-S217	0	0	0	0	0	0	0	0	0
NR_114320.1	GIN-41-MGE-S217	0	0	0	0	0	0	0	0	0
NR_114319.1	GIN-41-MGE-S217	0	0	0	0	0	0	0	0	0
NR_114316.1	GIN-41-MGE-S217	0	0	0	0	0	0	0	0	0
NR_114315.1	GIN-41-MGE-S217	0	0	0	0	0	0	0	0	0
NR_114314.1	GIN-41-MGE-S217	0	0	0	0	0	0	0	0	0
NR_114311.1	GIN-41-MGE-S217	0	0	0	0	0	0	0	0	0
NR_114310.1	GIN-41-MGE-S217	0	0	0	0	0	0	0	0	0
NR_114305.1	GIN-41-MGE-S217	0	0	0	0	0	0	0	0	0
NR_114304.1	GIN-41-MGE-S217	0	0	0	0	0	0	0	0	0
NR_114303.1	GIN-41-MGE-S217	0	0	0	0	0	0	0	0	0
NR_114302.1	GIN-41-MGE-S217	0	0	0	0	0	0	0	0	0
NR_114301.1	GIN-41-MGE-S217	0	0	0	0	0	0	0	0	0
NR_114300.1	GIN-41-MGE-S217	0	0	0	0	0	0	0	0	0
NR_114299.1	GIN-41-MGE-S217	0	0	0	0	0	0	0	0	0
NR_114298.1	GIN-41-MGE-S217	0	0	0	0	0	0	0	0	0
NR_114297.1	GIN-41-MGE-S217	0	0	0	0	0	0	0	0	0
NR_114296.1	GIN-41-MGE-S217	0	0	0	0	0	0	0	0	0
NR_114295.1	GIN-41-MGE-S217	0	0	0	0	0	0	0	0	0
NR_114294.1	GIN-41-MGE-S217	0	0	0	0	0	0	0	0	0
NR_114293.1	GIN-41-MGE-S217	0	0	0	0	0	0	0	0	0
NR_114292.1	GIN-41-MGE-S217	0	0	0	0	0	0	0	0	0
NR_114291.1	GIN-41-MGE-S217	0	0	0	0	0	0	0	0	0
NR_114290.1	GIN-41-MGE-S217	0	0	0	0	0	0	0	0	0
NR_114289.1	GIN-41-MGE-S217	0	0	0	0	0	0	0	0	0
NR_114288.1	GIN-41-MGE-S217	0	0	0	0	0	0	0	0	0
NR_114287.1	GIN-41-MGE-S217	0	0	0	0	0	0	0	0	0
NR_114286.1	GIN-41-MGE-S217	0	0	0	0	0	0	0	0	0
NR_114285.1	GIN-41-MGE-S217	0	0	0	0	0	0	0	0	0
NR_114284.1	GIN-41-MGE-S217	0	0	0	0	0	0	0	0	0
NR_114283.1	GIN-41-MGE-S217	0	0	0	0	0	0	0	0	0
NR_114282.1	GIN-41-MGE-S217	0	0	0	0	0	0	0	0	0
NR_114281.1	GIN-41-MGE-S217	0	0	0	0	0	0	0	0	0
NR_114280.1	GIN-41-MGE-S217	0	0	0	0	0	0	0	0	0
NR_114279.1	GIN-41-MGE-S217	0	0	0	0	0	0	0	0	0
NR_114278.1	GIN-41-MGE-S217	0	0	0	0	0	0	0	0	0
NR_114277.1	GIN-41-MGE-S217	0	0	0	0	0	0	0	0	0
NR_114276.1	GIN-41-MGE-S217	0	0	0	0	0	0	0	0	0
NR_114275.1	GIN-41-MGE-S217	0	0	0	0	0	0	0	0	0
NR_114274.1	GIN-41-MGE-S217	0	0	0	0	0	0	0	0	0
NR_114273.1	GIN-41-MGE-S217	0	0	0	0	0	0	0	0	0
NR_114272.1	GIN-41-MGE-S217	0	0	0	0	0	0	0	0	0
NR_114270.1	GIN-41-MGE-S217	0	0	0	0	0	0	0	0	0
NR_114269.1	GIN-41-MGE-S217	0	0	0	0	0	0	0	0	0
NR_114268.1	GIN-41-MGE-S217	0	0	0	0	0	0	0	0	0
NR_114267.1	GIN-41-MGE-S217	0	0	0	0	0	0	0	0	0
NR_114266.1	GIN-41-MGE-S217	0	0	0	0	0	0	0	0	0
NR_114265.1	GIN-41-MGE-S217	0	0	0	0	0	0	0	0	0
NR_114264.1	GIN-41-MGE-S217	0	0	0	0	0	0	0	0	0
NR_114263.1	GIN-41-MGE-S217	0	0	0	0	0	0	0	0	0
NR_114262.1	GIN-41-MGE-S217	0	0	0	0	0	0	0	0	0
NR_114261.1	GIN-41-MGE-S217	0	0	0	0	0	0	0	0	0
NR_114260.1	GIN-41-MGE-S217	0	0	0	0	0	0	0	0	0
NR_114259.1	GIN-41-MGE-S217	0	0	0	0	0	0	0	0	0
NR_114258.1	GIN-41-MGE-S217	0	0	0	0	0	0	0	0	0
NR_114257.1	GIN-41-MGE-S217	0	0	0	0	0	0	0	0	0
NR_114256.1	GIN-41-MGE-S217	0	0	0	0	0	0	0	0	0
NR_114255.1	GIN-41-MGE-S217	0	0	0	0	0	0	0	0	0
NR_114254.1	GIN-41-MGE-S217	0	0	0	0	0	0	0	0	0
NR_114253.1	GIN-41-MGE-S217	0	0	0	0	0	0	0	0	0
NR_114252.1	GIN-41-MGE-S217	0	0	0	0	0	0	0	0	0
NR_114250.1	GIN-41-MGE-S217	0	0	0	0	0	0	0	0	0
NR_114249.1	GIN-41-MGE-S217	0	0	0	0	0	0	0	0	0
NR_114248.1	GIN-41-MGE-S217	0	0	0	0	0	0	0	0	0
NR_114247.1	GIN-41-MGE-S217	0	0	0	0	0	0	0	0	0
NR_114246.1	GIN-41-MGE-S217	0	0	0	0	0	0	0	0	0
NR_114245.1	GIN-41-MGE-S217	0	0	0	0	0	0	0	0	0
NR_114244.1	GIN-41-MGE-S217	0	0	0	0	0	0	0	0	0
NR_114243.1	GIN-41-MGE-S217	0	0	0	0	0	0	0	0	0
NR_114242.1	GIN-41-MGE-S217	0	0	0	0	0	0	0	0	0
NR_114241.1	GIN-41-MGE-S217	0	0	0	0	0	0	0	0	0
NR_114240.1	GIN-41-MGE-S217	0	0	0	0	0	0	0	0	0
NR_114239.1	GIN-41-MGE-S217	0	0	0	0	0	0	0	0	0
NR_114238.1	GIN-41-MGE-S217	0	0	0	0	0	0	0	0	0
NR_114237.1	GIN-41-MGE-S217	0	0	0	0	0	0	0	0	0
NR_114236.1	GIN-41-MGE-S217	0	0	0	0	0	0	0	0	0
NR_114235.1	GIN-41-MGE-S217	0	0	0	0	0	0	0	0	0
NR_114234.1	GIN-41-MGE-S217	0	0	0	0	0	0	0	0	0
NR_114233.1	GIN-41-MGE-S217	0	0	0	0	0	0	0	0	0
NR_114232.1	GIN-41-MGE-S217	0	0	0	0	0	0	0	0	0
NR_114231.1	GIN-41-MGE-S217	0	0	0	0	0	0	0	0	0
NR_114230.1	GIN-41-MGE-S217	0	0	0	0	0	0	0	0	0
NR_114229.1	GIN-41-MGE-S217	0	0	0	0	0	0	0	0	0
NR_114228.1	GIN-41-MGE-S217	0	0	0	0	0	0	0	0	0
NR_114227.1	GIN-41-MGE-S217	0	0	0	0	0	0	0	0	0
NR_114226.1	GIN-41-MGE-S217	0	0	0	0	0	0	0	0	0
NR_114225.1	GIN-41-MGE-S217	0	0	0	0	0	0	0	0	0
NR_114224.1	GIN-41-MGE-S217	0	0	0	0	0	0	0	0	0
NR_114223.1	GIN-41-MGE-S217	0	0	0	0	0	0	0	0	0
NR_114222.1	GIN-41-MGE-S217	0	0	0	0	0	0	0	0	0
NR_114221.1	GIN-41-MGE-S217	0	0	0	0	0	0	0	0	0
NR_114220.1	GIN-41-MGE-S217	0	0	0	0	0	0	0	0	0
NR_114219.1	GIN-41-MGE-S217	0	0	0	0	0	0	0	0	0
NR_114218.1	GIN-41-MGE-S217	0	0	0	0	0	0	0	0	0
NR_114217.1	GIN-41-MGE-S217	0	0	0	0	0	0	0	0	0
NR_114216.1	GIN-41-MGE-S217	0	0	0	0	0	0	0	0	0
NR_114215.1	GIN-41-MGE-S217	0	0	0	0	0	0	0	0	0
NR_114214.1	GIN-41-MGE-S217	0	0	0	0	0	0	0	0	0
NR_114213.1	GIN-41-MGE-S217	0	0	0	0	0	0	0	0	0
NR_114211.1	GIN-41-MGE-S217	0	0	0	0	0	0	0	0	0
NR_114210.1	GIN-41-MGE-S217	0	0	0	0	0	0	0	0	0
NR_114209.1	GIN-41-MGE-S217	0	0	0	0	0	0	0	0	0
NR_114208.1	GIN-41-MGE-S217	0	0	0	0	0	0	0	0	0
NR_114207.1	GIN-41-MGE-S217	0	0	0	0	0	0	0	0	0
NR_114206.1	GIN-41-MGE-S217	0	0	0	0	0	0	0	0	0
NR_114205.1	GIN-41-MGE-S217	0	0	0	0	0	0	0	0	0
NR_114204.1	GIN-41-MGE-S217	0	0	0	0	0	0	0	0	0
NR_114203.1	GIN-41-MGE-S217	0	0	0	0	0	0	0	0	0
NR_114202.1	GIN-41-MGE-S217	0	0	0	0	0	0	0	0	0
NR_114201.1	GIN-41-MGE-S217	0	0	0	0	0	0	0	0	0
NR_114200.1	GIN-41-MGE-S217	0	0	0	0	0	0	0	0	0
NR_114199.1	GIN-41-MGE-S217	0	0	0	0	0	0	0	0	0
NR_114198.1	GIN-41-MGE-S217	0	0	0	0	0	0	0	0	0
NR_114197.1	GIN-41-MGE-S217	0	0	0	0	0	0	0	0	0
NR_114196.1	GIN-41-MGE-S217	0	0	0	0	0	0	0	0	0
NR_114195.1	GIN-41-MGE-S217	0	0	0	0	0	0	0	0	0
NR_114194.1	GIN-41-MGE-S217	0	0	0	0	0	0	0	0	0
NR_114193.1	GIN-41-MGE-S217	0	0	0	0	0	0	0	0	0
NR_114192.1	GIN-41-MGE-S217	0	0	0	0	0	0	0	0	0
NR_114191.1	GIN-41-MGE-S217	0	0	0	0	0	0	0	0	0
NR_114190.1	GIN-41-MGE-S217	0	0	0	0	0	0	0	0	0
NR_114189.1	GIN-41-MGE-S217	0	0	0	0	0	0	0	0	0
NR_114188.1	GIN-41-MGE-S217	0	0	0	0	0	0	0	0	0
NR_114187.1	GIN-41-MGE-S217	0	0	0	0	0	0	0	0	0
NR_114186.1	GIN-41-MGE-S217	0	0	0	0	0	0	0	0	0
NR_114185.1	GIN-41-MGE-S217	0	0	0	0	0	0	0	0	0
NR_114184.1	GIN-41-MGE-S217	0	0	0	0	0	0	0	0	0
NR_114183.1	GIN-41-MGE-S217	0	0	0	0	0	0	0	0	0
NR_114182.1	GIN-41-MGE-S217	0	0	0	0	0	0	0	0	0
NR_114181.1	GIN-41-MGE-S217	0	0	0	0	0	0	0	0	0
NR_114180.1	GIN-41-MGE-S217	0	0	0	0	0	0	0	0	0
NR_114179.1	GIN-41-MGE-S217	0	0	0	0	0	0	0	0	0
NR_114178.1	GIN-41-MGE-S217	0	0	0	0	0	0	0	0	0
NR_114177.1	GIN-41-MGE-S217	0	0	0	0	0	0	0	0	0
NR_114176.1	GIN-41-MGE-S217	0	0	0	0	0	0	0	0	0
NR_114175.1	GIN-41-MGE-S217	0	0	0	0	0	0	0	0	0
NR_114173.1	GIN-41-MGE-S217	0	0	0	0	0	0	0	0	0
NR_114172.1	GIN-41-MGE-S217	0	0	0	0	0	0	0	0	0
NR_114171.1	GIN-41-MGE-S217	0	0	0	0	0	0	0	0	0
NR_114170.1	GIN-41-MGE-S217	0	0	0	0	0	0	0	0	0
NR_114169.1	GIN-41-MGE-S217	0	0	0	0	0	0	0	0	0
NR_114168.1	GIN-41-MGE-S217	0	0	0	0	0	0	0	0	0
NR_114167.1	GIN-41-MGE-S217	0	0	0	0	0	0	0	0	0
NR_114166.1	GIN-41-MGE-S217	0	0	0	0	0	0	0	0	0
NR_114165.1	GIN-41-MGE-S217	0	0	0	0	0	0	0	0	0
NR_114164.1	GIN-41-MGE-S217	0	0	0	0	0	0	0	0	0
NR_114163.1	GIN-41-MGE-S217	0	0	0	0	0	0	0	0	0
NR_114162.1	GIN-41-MGE-S217	0	0	0	0	0	0	0	0	0
NR_114161.1	GIN-41-MGE-S217	0	0	0	0	0	0	0	0	0
NR_114160.1	GIN-41-MGE-S217	0	0	0	0	0	0	0	0	0
NR_114159.1	GIN-41-MGE-S217	0	0	0	0	0	0	0	0	0
NR_114158.1	GIN-41-MGE-S217	0	0	0	0	0	0	0	0	0
NR_114157.1	GIN-41-MGE-S217	0	0	0	0	0	0	0	0	0
NR_114156.1	GIN-41-MGE-S217	0	0	0	0	0	0	0	0	0
NR_114155.1	GIN-41-MGE-S217	0	0	0	0	0	0	0	0	0
NR_114154.1	GIN-41-MGE-S217	0	0	0	0	0	0	0	0	0
NR_114153.1	GIN-41-MGE-S217	0	0	0	0	0	0	0	0	0
NR_114152.1	GIN-41-MGE-S217	0	0	0	0	0	0	0	0	0
NR_114147.1	GIN-41-MGE-S217	0	0	0	0	0	0	0	0	0
NR_114146.1	GIN-41-MGE-S217	0	0	0	0	0	0	0	0	0
NR_114145.1	GIN-41-MGE-S217	0	0	0	0	0	0	0	0	0
NR_114144.1	GIN-41-MGE-S217	0	0	0	0	0	0	0	0	0
NR_114143.1	GIN-41-MGE-S217	0	0	0	0	0	0	0	0	0
NR_114142.1	GIN-41-MGE-S217	0	0	0	0	0	0	0	0	0
NR_114141.1	GIN-41-MGE-S217	0	0	0	0	0	0	0	0	0
NR_114140.1	GIN-41-MGE-S217	0	0	0	0	0	0	0	0	0
NR_114139.1	GIN-41-MGE-S217	0	0	0	0	0	0	0	0	0
NR_114138.1	GIN-41-MGE-S217	0	0	0	0	0	0	0	0	0
NR_114137.1	GIN-41-MGE-S217	0	0	0	0	0	0	0	0	0
NR_114136.1	GIN-41-MGE-S217	0	0	0	0	0	0	0	0	0
NR_114135.1	GIN-41-MGE-S217	0	0	0	0	0	0	0	0	0
NR_114134.1	GIN-41-MGE-S217	0	0	0	0	0	0	0	0	0
NR_114133.1	GIN-41-MGE-S217	0	0	0	0	0	0	0	0	0
NR_114132.1	GIN-41-MGE-S217	0	0	0	0	0	0	0	0	0
NR_114131.1	GIN-41-MGE-S217	0	0	0	0	0	0	0	0	0
NR_114130.1	GIN-41-MGE-S217	0	0	0	0	0	0	0	0	0
NR_114129.1	GIN-41-MGE-S217	0	0	0	0	0	0	0	0	0
NR_114128.1	GIN-41-MGE-S217	0	0	0	0	0	0	0	0	0
NR_114127.1	GIN-41-MGE-S217	0	0	0	0	0	0	0	0	0
NR_114126.1	GIN-41-MGE-S217	0	0	0	0	0	0	0	0	0
NR_114125.1	GIN-41-MGE-S217	0	0	0	0	0	0	0	0	0
NR_114124.1	GIN-41-MGE-S217	0	0	0	0	0	0	0	0	0
NR_114123.1	GIN-41-MGE-S217	0	0	0	0	0	0	0	0	0
NR_114122.1	GIN-41-MGE-S217	0	0	0	0	0	0	0	0	0
NR_114121.1	GIN-41-MGE-S217	0	0	0	0	0	0	0	0	0
NR_114120.1	GIN-41-MGE-S217	0	0	0	0	0	0	0	0	0
NR_114119.1	GIN-41-MGE-S217	0	0	0	0	0	0	0	0	0
NR_114118.1	GIN-41-MGE-S217	0	0	0	0	0	0	0	0	0
NR_114117.1	GIN-41-MGE-S217	0	0	0	0	0	0	0	0	0
NR_114116.1	GIN-41-MGE-S217	0	0	0	0	0	0	0	0	0
NR_114115.1	GIN-41-MGE-S217	0	0	0	0	0	0	0	0	0
NR_114114.1	GIN-41-MGE-S217	0	0	0	0	0	0	0	0	0
NR_114113.1	GIN-41-MGE-S217	0	0	0	0	0	0	0	0	0
NR_114112.1	GIN-41-MGE-S217	0	0	0	0	0	0	0	0	0
NR_114111.1	GIN-41-MGE-S217	0	0	0	0	0	0	0	0	0
NR_114110.1	GIN-41-MGE-S217	0	0	0	0	0	0	0	0	0
NR_114109.1	GIN-41-MGE-S217	0	0	0	0	0	0	0	0	0
NR_114108.1	GIN-41-MGE-S217	0	0	0	0	0	0	0	0	0
NR_114107.1	GIN-41-MGE-S217	0	0	0	0	0	0	0	0	0
NR_114106.1	GIN-41-MGE-S217	0	0	0	0	0	0	0	0	0
NR_114105.1	GIN-41-MGE-S217	0	0	0	0	0	0	0	0	0
NR_114104.1	GIN-41-MGE-S217	0	0	0	0	0	0	0	0	0
NR_114103.1	GIN-41-MGE-S217	0	0	0	0	0	0	0	0	0
NR_114102.1	GIN-41-MGE-S217	0	0	0	0	0	0	0	0	0
NR_114101.1	GIN-41-MGE-S217	0	0	0	0	0	0	0	0	0
NR_114100.1	GIN-41-MGE-S217	0	0	0	0	0	0	0	0	0
NR_114099.1	GIN-41-MGE-S217	0	0	0	0	0	0	0	0	0
NR_114098.1	GIN-41-MGE-S217	0	0	0	0	0	0	0	0	0
NR_114097.1	GIN-41-MGE-S217	0	0	0	0	0	0	0	0	0
NR_114092.1	GIN-41-MGE-S217	0	0	0	0	0	0	0	0	0
NR_114091.1	GIN-41-MGE-S217	0	0	0	0	0	0	0	0	0
NR_114090.1	GIN-41-MGE-S217	0	0	0	0	0	0	0	0	0
NR_114089.1	GIN-41-MGE-S217	0	0	0	0	0	0	0	0	0
NR_114088.1	GIN-41-MGE-S217	0	0	0	0	0	0	0	0	0
NR_114087.1	GIN-41-MGE-S217	0	0	0	0	0	0	0	0	0
NR_114084.1	GIN-41-MGE-S217	0	0	0	0	0	0	0	0	0
NR_114083.1	GIN-41-MGE-S217	0	0	0	0	0	0	0	0	0
NR_114082.1	GIN-41-MGE-S217	0	0	0	0	0	0	0	0	0
NR_114081.1	GIN-41-MGE-S217	0	0	0	0	0	0	0	0	0
NR_114080.1	GIN-41-MGE-S217	0	0	0	0	0	0	0	0	0
NR_114079.1	GIN-41-MGE-S217	0	0	0	0	0	0	0	0	0
NR_114078.1	GIN-41-MGE-S217	0	0	0	0	0	0	0	0	0
NR_114077.1	GIN-41-MGE-S217	0	0	0	0	0	0	0	0	0
NR_114076.1	GIN-41-MGE-S217	0	0	0	0	0	0	0	0	0
NR_114075.1	GIN-41-MGE-S217	0	0	0	0	0	0	0	0	0
NR_114074.1	GIN-41-MGE-S217	0	0	0	0	0	0	0	0	0
NR_114073.1	GIN-41-MGE-S217	0	0	0	0	0	0	0	0	0
NR_114072.1	GIN-41-MGE-S217	0	0	0	0	0	0	0	0	0
NR_114071.1	GIN-41-MGE-S217	0	0	0	0	0	0	0	0	0
NR_114070.1	GIN-41-MGE-S217	0	0	0	0	0	0	0	0	0
NR_114069.1	GIN-41-MGE-S217	0	0	0	0	0	0	0	0	0
NR_114068.1	GIN-41-MGE-S217	0	0	0	0	0	0	0	0	0
NR_114067.1	GIN-41-MGE-S217	0	0	0	0	0	0	0	0	0
NR_114065.1	GIN-41-MGE-S217	0	0	0	0	0	0	0	0	0
NR_114064.1	GIN-41-MGE-S217	0	0	0	0	0	0	0	0	0
NR_114063.1	GIN-41-MGE-S217	0	0	0	0	0	0	0	0	0
NR_114062.1	GIN-41-MGE-S217	0	0	0	0	0	0	0	0	0
NR_114061.1	GIN-41-MGE-S217	0	0	0	0	0	0	0	0	0
NR_114060.1	GIN-41-MGE-S217	0	0	0	0	0	0	0	0	0
NR_114059.1	GIN-41-MGE-S217	0	0	0	0	0	0	0	0	0
NR_114058.1	GIN-41-MGE-S217	0	0	0	0	0	0	0	0	0
NR_114057.1	GIN-41-MGE-S217	0	0	0	0	0	0	0	0	0
NR_114056.1	GIN-41-MGE-S217	0	0	0	0	0	0	0	0	0
NR_114055.1	GIN-41-MGE-S217	0	0	0	0	0	0	0	0	0
NR_114054.1	GIN-41-MGE-S217	0	0	0	0	0	0	0	0	0
NR_114053.1	GIN-41-MGE-S217	0	0	0	0	0	0	0	0	0
NR_114052.1	GIN-41-MGE-S217	0	0	0	0	0	0	0	0	0
NR_114051.1	GIN-41-MGE-S217	0	0	0	0	0	0	0	0	0
NR_114050.1	GIN-41-MGE-S217	0	0	0	0	0	0	0	0	0
NR_114049.1	GIN-41-MGE-S217	0	0	0	0	0	0	0	0	0
NR_114048.1	GIN-41-MGE-S217	0	0	0	0	0	0	0	0	0
NR_114047.1	GIN-41-MGE-S217	0	0	0	0	0	0	0	0	0
NR_114046.1	GIN-41-MGE-S217	0	0	0	0	0	0	0	0	0
NR_114045.1	GIN-41-MGE-S217	0	0	0	0	0	0	0	0	0
NR_114044.1	GIN-41-MGE-S217	0	0	0	0	0	0	0	0	0
NR_114043.1	GIN-41-MGE-S217	0	0	0	0	0	0	0	0	0
NR_114042.1	GIN-41-MGE-S217	2	2	0	0	0	0	0	0	0
NR_114041.1	GIN-41-MGE-S217	0	0	0	0	0	0	0	0	0
NR_114040.1	GIN-41-MGE-S217	0	0	0	0	0	0	0	0	0
NR_114039.1	GIN-41-MGE-S217	0	0	0	0	0	0	0	0	0
NR_114038.1	GIN-41-MGE-S217	0	0	0	0	0	0	0	0	0
NR_114037.1	GIN-41-MGE-S217	0	0	0	0	0	0	0	0	0
NR_114036.1	GIN-41-MGE-S217	0	0	0	0	0	0	0	0	0
NR_114035.1	GIN-41-MGE-S217	0	0	0	0	0	0	0	0	0
NR_114034.1	GIN-41-MGE-S217	0	0	0	0	0	0	0	0	0
NR_114033.1	GIN-41-MGE-S217	0	0	0	0	0	0	0	0	0
NR_114032.1	GIN-41-MGE-S217	0	0	0	0	0	0	0	0	0
NR_114031.1	GIN-41-MGE-S217	0	0	0	0	0	0	0	0	0
NR_114030.1	GIN-41-MGE-S217	0	0	0	0	0	0	0	0	0
NR_114029.1	GIN-41-MGE-S217	0	0	0	0	0	0	0	0	0
NR_114028.1	GIN-41-MGE-S217	0	0	0	0	0	0	0	0	0
NR_114027.1	GIN-41-MGE-S217	0	0	0	0	0	0	0	0	0
NR_114026.1	GIN-41-MGE-S217	0	0	0	0	0	0	0	0	0
NR_114025.1	GIN-41-MGE-S217	0	0	0	0	0	0	0	0	0
NR_114023.1	GIN-41-MGE-S217	0	0	0	0	0	0	0	0	0
NR_114022.1	GIN-41-MGE-S217	0	0	0	0	0	0	0	0	0
NR_114021.1	GIN-41-MGE-S217	0	0	0	0	0	0	0	0	0
NR_114020.1	GIN-41-MGE-S217	0	0	0	0	0	0	0	0	0
NR_114019.1	GIN-41-MGE-S217	0	0	0	0	0	0	0	0	0
NR_114018.1	GIN-41-MGE-S217	0	0	0	0	0	0	0	0	0
NR_114017.1	GIN-41-MGE-S217	0	0	0	0	0	0	0	0	0
NR_114016.1	GIN-41-MGE-S217	0	0	0	0	0	0	0	0	0
NR_114015.1	GIN-41-MGE-S217	0	0	0	0	0	0	0	0	0
NR_114014.1	GIN-41-MGE-S217	0	0	0	0	0	0	0	0	0
NR_114013.1	GIN-41-MGE-S217	0	0	0	0	0	0	0	0	0
NR_114012.1	GIN-41-MGE-S217	0	0	0	0	0	0	0	0	0
NR_114011.1	GIN-41-MGE-S217	0	0	0	0	0	0	0	0	0
NR_114010.1	GIN-41-MGE-S217	0	0	0	0	0	0	0	0	0
NR_114009.1	GIN-41-MGE-S217	0	0	0	0	0	0	0	0	0
NR_114008.1	GIN-41-MGE-S217	0	0	0	0	0	0	0	0	0
NR_114007.1	GIN-41-MGE-S217	0	0	0	0	0	0	0	0	0
NR_114006.1	GIN-41-MGE-S217	0	0	0	0	0	0	0	0	0
NR_114005.1	GIN-41-MGE-S217	0	0	0	0	0	0	0	0	0
NR_114004.1	GIN-41-MGE-S217	0	0	0	0	0	0	0	0	0
NR_114003.1	GIN-41-MGE-S217	0	0	0	0	0	0	0	0	0
NR_114002.1	GIN-41-MGE-S217	0	0	0	0	0	0	0	0	0
NR_114001.1	GIN-41-MGE-S217	0	0	0	0	0	0	0	0	0
NR_114000.1	GIN-41-MGE-S217	0	0	0	0	0	0	0	0	0
NR_113998.1	GIN-41-MGE-S217	0	0	0	0	0	0	0	0	0
NR_113997.1	GIN-41-MGE-S217	0	0	0	0	0	0	0	0	0
NR_113996.1	GIN-41-MGE-S217	0	0	0	0	0	0	0	0	0
NR_113994.1	GIN-41-MGE-S217	0	0	0	0	0	0	0	0	0
NR_113993.1	GIN-41-MGE-S217	0	0	0	0	0	0	0	0	0
NR_113991.1	GIN-41-MGE-S217	0	0	0	0	0	0	0	0	0
NR_113990.1	GIN-41-MGE-S217	0	0	0	0	0	0	0	0	0
NR_113988.1	GIN-41-MGE-S217	0	0	0	0	0	0	0	0	0
NR_113987.1	GIN-41-MGE-S217	0	0	0	0	0	0	0	0	0
NR_113985.1	GIN-41-MGE-S217	0	0	0	0	0	0	0	0	0
NR_113984.1	GIN-41-MGE-S217	0	0	0	0	0	0	0	0	0
NR_113983.1	GIN-41-MGE-S217	0	0	0	0	0	0	0	0	0
NR_113982.1	GIN-41-MGE-S217	0	0	0	0	0	0	0	0	0
NR_113981.1	GIN-41-MGE-S217	0	0	0	0	0	0	0	0	0
NR_113980.1	GIN-41-MGE-S217	0	0	0	0	0	0	0	0	0
NR_113979.1	GIN-41-MGE-S217	0	0	0	0	0	0	0	0	0
NR_113978.1	GIN-41-MGE-S217	0	0	0	0	0	0	0	0	0
NR_113977.1	GIN-41-MGE-S217	0	0	0	0	0	0	0	0	0
NR_113976.1	GIN-41-MGE-S217	0	0	0	0	0	0	0	0	0
NR_113975.1	GIN-41-MGE-S217	0	0	0	0	0	0	0	0	0
NR_113974.1	GIN-41-MGE-S217	0	0	0	0	0	0	0	0	0
NR_113973.1	GIN-41-MGE-S217	0	0	0	0	0	0	0	0	0
NR_113972.1	GIN-41-MGE-S217	0	0	0	0	0	0	0	0	0
NR_113971.1	GIN-41-MGE-S217	0	0	0	0	0	0	0	0	0
NR_113970.1	GIN-41-MGE-S217	0	0	0	0	0	0	0	0	0
NR_113968.1	GIN-41-MGE-S217	0	0	0	0	0	0	0	0	0
NR_113967.1	GIN-41-MGE-S217	0	0	0	0	0	0	0	0	0
NR_113965.1	GIN-41-MGE-S217	0	0	0	0	0	0	0	0	0
NR_113964.1	GIN-41-MGE-S217	0	0	0	0	0	0	0	0	0
NR_113963.1	GIN-41-MGE-S217	0	0	0	0	0	0	0	0	0
NR_113962.1	GIN-41-MGE-S217	0	0	0	0	0	0	0	0	0
NR_113961.1	GIN-41-MGE-S217	0	0	0	0	0	0	0	0	0
NR_113960.1	GIN-41-MGE-S217	0	0	0	0	0	0	0	0	0
NR_113959.1	GIN-41-MGE-S217	0	0	0	0	0	0	0	0	0
NR_113958.1	GIN-41-MGE-S217	0	0	0	0	0	0	0	0	0
NR_113957.1	GIN-41-MGE-S217	0	0	0	0	0	0	0	0	0
NR_113956.1	GIN-41-MGE-S217	0	0	0	0	0	0	0	0	0
NR_113955.1	GIN-41-MGE-S217	0	0	0	0	0	0	0	0	0
NR_113954.1	GIN-41-MGE-S217	0	0	0	0	0	0	0	0	0
NR_113953.1	GIN-41-MGE-S217	0	0	0	0	0	0	0	0	0
NR_113952.1	GIN-41-MGE-S217	0	0	0	0	0	0	0	0	0
NR_113951.1	GIN-41-MGE-S217	0	0	0	0	0	0	0	0	0
NR_113950.1	GIN-41-MGE-S217	0	0	0	0	0	0	0	0	0
NR_113949.1	GIN-41-MGE-S217	0	0	0	0	0	0	0	0	0
NR_113948.1	GIN-41-MGE-S217	0	0	0	0	0	0	0	0	0
NR_113947.1	GIN-41-MGE-S217	0	0	0	0	0	0	0	0	0
NR_113946.1	GIN-41-MGE-S217	0	0	0	0	0	0	0	0	0
NR_113945.1	GIN-41-MGE-S217	0	0	0	0	0	0	0	0	0
NR_113944.1	GIN-41-MGE-S217	0	0	0	0	0	0	0	0	0
NR_113943.1	GIN-41-MGE-S217	0	0	0	0	0	0	0	0	0
NR_113942.1	GIN-41-MGE-S217	0	0	0	0	0	0	0	0	0
NR_113941.1	GIN-41-MGE-S217	0	0	0	0	0	0	0	0	0
NR_113940.1	GIN-41-MGE-S217	0	0	0	0	0	0	0	0	0
NR_113939.1	GIN-41-MGE-S217	0	0	0	0	0	0	0	0	0
NR_113938.1	GIN-41-MGE-S217	0	0	0	0	0	0	0	0	0
NR_113937.1	GIN-41-MGE-S217	0	0	0	0	0	0	0	0	0
NR_113936.1	GIN-41-MGE-S217	0	0	0	0	0	0	0	0	0
NR_113935.1	GIN-41-MGE-S217	0	0	0	0	0	0	0	0	0
NR_113934.1	GIN-41-MGE-S217	0	0	0	0	0	0	0	0	0
NR_113933.1	GIN-41-MGE-S217	0	0	0	0	0	0	0	0	0
NR_113932.1	GIN-41-MGE-S217	0	0	0	0	0	0	0	0	0
NR_113931.1	GIN-41-MGE-S217	0	0	0	0	0	0	0	0	0
NR_113930.1	GIN-41-MGE-S217	0	0	0	0	0	0	0	0	0
NR_113929.1	GIN-41-MGE-S217	0	0	0	0	0	0	0	0	0
NR_113928.1	GIN-41-MGE-S217	0	0	0	0	0	0	0	0	0
NR_113927.1	GIN-41-MGE-S217	0	0	0	0	0	0	0	0	0
NR_113926.1	GIN-41-MGE-S217	0	0	0	0	0	0	0	0	0
NR_113925.1	GIN-41-MGE-S217	0	0	0	0	0	0	0	0	0
NR_113924.1	GIN-41-MGE-S217	0	0	0	0	0	0	0	0	0
NR_113923.1	GIN-41-MGE-S217	0	0	0	0	0	0	0	0	0
NR_113922.1	GIN-41-MGE-S217	0	0	0	0	0	0	0	0	0
NR_113921.1	GIN-41-MGE-S217	0	0	0	0	0	0	0	0	0
NR_113920.1	GIN-41-MGE-S217	0	0	0	0	0	0	0	0	0
NR_113919.1	GIN-41-MGE-S217	0	0	0	0	0	0	0	0	0
NR_113918.1	GIN-41-MGE-S217	0	0	0	0	0	0	0	0	0
NR_113917.1	GIN-41-MGE-S217	0	0	0	0	0	0	0	0	0
NR_113916.1	GIN-41-MGE-S217	0	0	0	0	0	0	0	0	0
NR_113915.1	GIN-41-MGE-S217	0	0	0	0	0	0	0	0	0
NR_113914.1	GIN-41-MGE-S217	0	0	0	0	0	0	0	0	0
NR_113913.1	GIN-41-MGE-S217	0	0	0	0	0	0	0	0	0
NR_113912.1	GIN-41-MGE-S217	0	0	0	0	0	0	0	0	0
NR_113911.1	GIN-41-MGE-S217	0	0	0	0	0	0	0	0	0
NR_113910.1	GIN-41-MGE-S217	0	0	0	0	0	0	0	0	0
NR_113909.1	GIN-41-MGE-S217	0	0	0	0	0	0	0	0	0
NR_113908.1	GIN-41-MGE-S217	0	0	0	0	0	0	0	0	0
NR_113907.1	GIN-41-MGE-S217	0	0	0	0	0	0	0	0	0
NR_113906.1	GIN-41-MGE-S217	0	0	0	0	0	0	0	0	0
NR_113905.1	GIN-41-MGE-S217	0	0	0	0	0	0	0	0	0
NR_113904.1	GIN-41-MGE-S217	0	0	0	0	0	0	0	0	0
NR_113903.1	GIN-41-MGE-S217	0	0	0	0	0	0	0	0	0
NR_113902.1	GIN-41-MGE-S217	0	0	0	0	0	0	0	0	0
NR_113901.1	GIN-41-MGE-S217	0	0	0	0	0	0	0	0	0
NR_113900.1	GIN-41-MGE-S217	0	0	0	0	0	0	0	0	0
NR_113899.1	GIN-41-MGE-S217	0	0	0	0	0	0	0	0	0
NR_113898.1	GIN-41-MGE-S217	0	0	0	0	0	0	0	0	0
NR_113897.1	GIN-41-MGE-S217	0	0	0	0	0	0	0	0	0
NR_113896.1	GIN-41-MGE-S217	0	0	0	0	0	0	0	0	0
NR_113895.1	GIN-41-MGE-S217	0	0	0	0	0	0	0	0	0
NR_113894.1	GIN-41-MGE-S217	0	0	0	0	0	0	0	0	0
NR_113893.1	GIN-41-MGE-S217	0	0	0	0	0	0	0	0	0
NR_113892.1	GIN-41-MGE-S217	0	0	0	0	0	0	0	0	0
NR_113891.1	GIN-41-MGE-S217	0	0	0	0	0	0	0	0	0
NR_113890.1	GIN-41-MGE-S217	0	0	0	0	0	0	0	0	0
NR_113889.1	GIN-41-MGE-S217	0	0	0	0	0	0	0	0	0
NR_113888.1	GIN-41-MGE-S217	0	0	0	0	0	0	0	0	0
NR_113887.1	GIN-41-MGE-S217	0	0	0	0	0	0	0	0	0
NR_113886.1	GIN-41-MGE-S217	0	0	0	0	0	0	0	0	0
NR_113885.1	GIN-41-MGE-S217	0	0	0	0	0	0	0	0	0
NR_113884.1	GIN-41-MGE-S217	0	0	0	0	0	0	0	0	0
NR_113883.1	GIN-41-MGE-S217	0	0	0	0	0	0	0	0	0
NR_113882.1	GIN-41-MGE-S217	0	0	0	0	0	0	0	0	0
NR_113881.1	GIN-41-MGE-S217	0	0	0	0	0	0	0	0	0
NR_113880.1	GIN-41-MGE-S217	0	0	0	0	0	0	0	0	0
NR_113879.1	GIN-41-MGE-S217	0	0	0	0	0	0	0	0	0
NR_113878.1	GIN-41-MGE-S217	0	0	0	0	0	0	0	0	0
NR_113877.1	GIN-41-MGE-S217	0	0	0	0	0	0	0	0	0
NR_113876.1	GIN-41-MGE-S217	0	0	0	0	0	0	0	0	0
NR_113875.1	GIN-41-MGE-S217	0	0	0	0	0	0	0	0	0
NR_113874.1	GIN-41-MGE-S217	0	0	0	0	0	0	0	0	0
NR_113873.1	GIN-41-MGE-S217	0	0	0	0	0	0	0	0	0
NR_113872.1	GIN-41-MGE-S217	0	0	0	0	0	0	0	0	0
NR_113871.1	GIN-41-MGE-S217	0	0	0	0	0	0	0	0	0
NR_113870.1	GIN-41-MGE-S217	0	0	0	0	0	0	0	0	0
NR_113868.1	GIN-41-MGE-S217	0	0	0	0	0	0	0	0	0
NR_113867.1	GIN-41-MGE-S217	0	0	0	0	0	0	0	0	0
NR_113866.1	GIN-41-MGE-S217	0	0	0	0	0	0	0	0	0
NR_113865.1	GIN-41-MGE-S217	0	0	0	0	0	0	0	0	0
NR_113864.1	GIN-41-MGE-S217	0	0	0	0	0	0	0	0	0
NR_113863.1	GIN-41-MGE-S217	0	0	0	0	0	0	0	0	0
NR_113862.1	GIN-41-MGE-S217	0	0	0	0	0	0	0	0	0
NR_113860.1	GIN-41-MGE-S217	0	0	0	0	0	0	0	0	0
NR_113859.1	GIN-41-MGE-S217	0	0	0	0	0	0	0	0	0
NR_113858.1	GIN-41-MGE-S217	0	0	0	0	0	0	0	0	0
NR_113857.1	GIN-41-MGE-S217	0	0	0	0	0	0	0	0	0
NR_113856.1	GIN-41-MGE-S217	0	0	0	0	0	0	0	0	0
NR_113855.1	GIN-41-MGE-S217	0	0	0	0	0	0	0	0	0
NR_113854.1	GIN-41-MGE-S217	0	0	0	0	0	0	0	0	0
NR_113852.1	GIN-41-MGE-S217	0	0	0	0	0	0	0	0	0
NR_113851.1	GIN-41-MGE-S217	0	0	0	0	0	0	0	0	0
NR_113850.1	GIN-41-MGE-S217	0	0	0	0	0	0	0	0	0
NR_113849.1	GIN-41-MGE-S217	0	0	0	0	0	0	0	0	0
NR_113848.1	GIN-41-MGE-S217	0	0	0	0	0	0	0	0	0
NR_113847.1	GIN-41-MGE-S217	0	0	0	0	0	0	0	0	0
NR_113846.1	GIN-41-MGE-S217	0	0	0	0	0	0	0	0	0
NR_113845.1	GIN-41-MGE-S217	0	0	0	0	0	0	0	0	0
NR_113844.1	GIN-41-MGE-S217	0	0	0	0	0	0	0	0	0
NR_113843.1	GIN-41-MGE-S217	0	0	0	0	0	0	0	0	0
NR_113842.1	GIN-41-MGE-S217	0	0	0	0	0	0	0	0	0
NR_113841.1	GIN-41-MGE-S217	0	0	0	0	0	0	0	0	0
NR_113840.1	GIN-41-MGE-S217	0	0	0	0	0	0	0	0	0
NR_113839.1	GIN-41-MGE-S217	0	0	0	0	0	0	0	0	0
NR_113838.1	GIN-41-MGE-S217	0	0	0	0	0	0	0	0	0
NR_113837.1	GIN-41-MGE-S217	0	0	0	0	0	0	0	0	0
NR_113836.1	GIN-41-MGE-S217	0	0	0	0	0	0	0	0	0
NR_113835.1	GIN-41-MGE-S217	0	0	0	0	0	0	0	0	0
NR_113834.1	GIN-41-MGE-S217	0	0	0	0	0	0	0	0	0
NR_113833.1	GIN-41-MGE-S217	0	0	0	0	0	0	0	0	0
NR_113832.1	GIN-41-MGE-S217	0	0	0	0	0	0	0	0	0
NR_113831.1	GIN-41-MGE-S217	0	0	0	0	0	0	0	0	0
NR_113830.1	GIN-41-MGE-S217	0	0	0	0	0	0	0	0	0
NR_113829.1	GIN-41-MGE-S217	0	0	0	0	0	0	0	0	0
NR_113828.1	GIN-41-MGE-S217	0	0	0	0	0	0	0	0	0
NR_113827.1	GIN-41-MGE-S217	0	0	0	0	0	0	0	0	0
NR_113826.1	GIN-41-MGE-S217	0	0	0	0	0	0	0	0	0
NR_113824.1	GIN-41-MGE-S217	0	0	0	0	0	0	0	0	0
NR_113815.1	GIN-41-MGE-S217	0	0	0	0	0	0	0	0	0
NR_113814.1	GIN-41-MGE-S217	0	0	0	0	0	0	0	0	0
NR_113813.1	GIN-41-MGE-S217	0	0	0	0	0	0	0	0	0
NR_113810.1	GIN-41-MGE-S217	0	0	0	0	0	0	0	0	0
NR_113809.1	GIN-41-MGE-S217	0	0	0	0	0	0	0	0	0
NR_113807.1	GIN-41-MGE-S217	0	0	0	0	0	0	0	0	0
NR_113806.1	GIN-41-MGE-S217	0	0	0	0	0	0	0	0	0
NR_113805.1	GIN-41-MGE-S217	0	0	0	0	0	0	0	0	0
NR_113804.1	GIN-41-MGE-S217	0	0	0	0	0	0	0	0	0
NR_113803.1	GIN-41-MGE-S217	0	0	0	0	0	0	0	0	0
NR_113802.1	GIN-41-MGE-S217	0	0	0	0	0	0	0	0	0
NR_113801.1	GIN-41-MGE-S217	0	0	0	0	0	0	0	0	0
NR_113799.1	GIN-41-MGE-S217	0	0	0	0	0	0	0	0	0
NR_113798.1	GIN-41-MGE-S217	0	0	0	0	0	0	0	0	0
NR_113797.1	GIN-41-MGE-S217	0	0	0	0	0	0	0	0	0
NR_113796.1	GIN-41-MGE-S217	0	0	0	0	0	0	0	0	0
NR_113795.1	GIN-41-MGE-S217	0	0	0	0	0	0	0	0	0
NR_113794.1	GIN-41-MGE-S217	0	0	0	0	0	0	0	0	0
NR_113793.1	GIN-41-MGE-S217	0	0	0	0	0	0	0	0	0
NR_113792.1	GIN-41-MGE-S217	0	0	0	0	0	0	0	0	0
NR_113791.1	GIN-41-MGE-S217	0	0	0	0	0	0	0	0	0
NR_113790.1	GIN-41-MGE-S217	0	0	0	0	0	0	0	0	0
NR_113789.1	GIN-41-MGE-S217	0	0	0	0	0	0	0	0	0
NR_113788.1	GIN-41-MGE-S217	0	0	0	0	0	0	0	0	0
NR_113787.1	GIN-41-MGE-S217	0	0	0	0	0	0	0	0	0
NR_113786.1	GIN-41-MGE-S217	0	0	0	0	0	0	0	0	0
NR_113785.1	GIN-41-MGE-S217	0	0	0	0	0	0	0	0	0
NR_113784.1	GIN-41-MGE-S217	0	0	0	0	0	0	0	0	0
NR_113783.1	GIN-41-MGE-S217	0	0	0	0	0	0	0	0	0
NR_113782.1	GIN-41-MGE-S217	0	0	0	0	0	0	0	0	0
NR_113781.1	GIN-41-MGE-S217	0	0	0	0	0	0	0	0	0
NR_113780.1	GIN-41-MGE-S217	0	0	0	0	0	0	0	0	0
NR_113779.1	GIN-41-MGE-S217	0	0	0	0	0	0	0	0	0
NR_113778.1	GIN-41-MGE-S217	0	0	0	0	0	0	0	0	0
NR_113775.1	GIN-41-MGE-S217	0	0	0	0	0	0	0	0	0
NR_113774.1	GIN-41-MGE-S217	0	0	0	0	0	0	0	0	0
NR_113773.1	GIN-41-MGE-S217	0	0	0	0	0	0	0	0	0
NR_113772.1	GIN-41-MGE-S217	0	0	0	0	0	0	0	0	0
NR_113771.1	GIN-41-MGE-S217	0	0	0	0	0	0	0	0	0
NR_113770.1	GIN-41-MGE-S217	0	0	0	0	0	0	0	0	0
NR_113769.1	GIN-41-MGE-S217	0	0	0	0	0	0	0	0	0
NR_113768.1	GIN-41-MGE-S217	0	0	0	0	0	0	0	0	0
NR_113767.1	GIN-41-MGE-S217	0	0	0	0	0	0	0	0	0
NR_113766.1	GIN-41-MGE-S217	0	0	0	0	0	0	0	0	0
NR_113765.1	GIN-41-MGE-S217	0	0	0	0	0	0	0	0	0
NR_113764.1	GIN-41-MGE-S217	0	0	0	0	0	0	0	0	0
NR_113763.1	GIN-41-MGE-S217	0	0	0	0	0	0	0	0	0
NR_113762.1	GIN-41-MGE-S217	0	0	0	0	0	0	0	0	0
NR_113761.1	GIN-41-MGE-S217	0	0	0	0	0	0	0	0	0
NR_113760.1	GIN-41-MGE-S217	0	0	0	0	0	0	0	0	0
NR_113759.1	GIN-41-MGE-S217	0	0	0	0	0	0	0	0	0
NR_113758.1	GIN-41-MGE-S217	0	0	0	0	0	0	0	0	0
NR_113757.1	GIN-41-MGE-S217	0	0	0	0	0	0	0	0	0
NR_113756.1	GIN-41-MGE-S217	0	0	0	0	0	0	0	0	0
NR_113755.1	GIN-41-MGE-S217	0	0	0	0	0	0	0	0	0
NR_113754.1	GIN-41-MGE-S217	0	0	0	0	0	0	0	0	0
NR_113753.1	GIN-41-MGE-S217	0	0	0	0	0	0	0	0	0
NR_113752.1	GIN-41-MGE-S217	0	0	0	0	0	0	0	0	0
NR_113751.1	GIN-41-MGE-S217	0	0	0	0	0	0	0	0	0
NR_113750.1	GIN-41-MGE-S217	0	0	0	0	0	0	0	0	0
NR_113749.1	GIN-41-MGE-S217	0	0	0	0	0	0	0	0	0
NR_113748.1	GIN-41-MGE-S217	0	0	0	0	0	0	0	0	0
NR_113747.1	GIN-41-MGE-S217	0	0	0	0	0	0	0	0	0
NR_113746.1	GIN-41-MGE-S217	0	0	0	0	0	0	0	0	0
NR_113745.1	GIN-41-MGE-S217	0	0	0	0	0	0	0	0	0
NR_113744.1	GIN-41-MGE-S217	0	0	0	0	0	0	0	0	0
NR_113743.1	GIN-41-MGE-S217	0	0	0	0	0	0	0	0	0
NR_113742.1	GIN-41-MGE-S217	0	0	0	0	0	0	0	0	0
NR_113741.1	GIN-41-MGE-S217	0	0	0	0	0	0	0	0	0
NR_113740.1	GIN-41-MGE-S217	0	0	0	0	0	0	0	0	0
NR_113739.1	GIN-41-MGE-S217	0	0	0	0	0	0	0	0	0
NR_113738.1	GIN-41-MGE-S217	0	0	0	0	0	0	0	0	0
NR_113737.1	GIN-41-MGE-S217	0	0	0	0	0	0	0	0	0
NR_113736.1	GIN-41-MGE-S217	0	0	0	0	0	0	0	0	0
NR_113735.1	GIN-41-MGE-S217	0	0	0	0	0	0	0	0	0
NR_113734.1	GIN-41-MGE-S217	0	0	0	0	0	0	0	0	0
NR_113733.1	GIN-41-MGE-S217	0	0	0	0	0	0	0	0	0
NR_113732.1	GIN-41-MGE-S217	0	0	0	0	0	0	0	0	0
NR_113731.1	GIN-41-MGE-S217	0	0	0	0	0	0	0	0	0
NR_113730.1	GIN-41-MGE-S217	0	0	0	0	0	0	0	0	0
NR_113729.1	GIN-41-MGE-S217	0	0	0	0	0	0	0	0	0
NR_113728.1	GIN-41-MGE-S217	0	0	0	0	0	0	0	0	0
NR_113727.1	GIN-41-MGE-S217	0	0	0	0	0	0	0	0	0
NR_113726.1	GIN-41-MGE-S217	0	0	0	0	0	0	0	0	0
NR_113725.1	GIN-41-MGE-S217	0	0	0	0	0	0	0	0	0
NR_113724.1	GIN-41-MGE-S217	0	0	0	0	0	0	0	0	0
NR_113723.1	GIN-41-MGE-S217	0	0	0	0	0	0	0	0	0
NR_113722.1	GIN-41-MGE-S217	0	0	0	0	0	0	0	0	0
NR_113721.1	GIN-41-MGE-S217	0	0	0	0	0	0	0	0	0
NR_113720.1	GIN-41-MGE-S217	0	0	0	0	0	0	0	0	0
NR_113719.1	GIN-41-MGE-S217	0	0	0	0	0	0	0	0	0
NR_113718.1	GIN-41-MGE-S217	0	0	0	0	0	0	0	0	0
NR_113717.1	GIN-41-MGE-S217	0	0	0	0	0	0	0	0	0
NR_113716.1	GIN-41-MGE-S217	0	0	0	0	0	0	0	0	0
NR_113715.1	GIN-41-MGE-S217	0	0	0	0	0	0	0	0	0
NR_113714.1	GIN-41-MGE-S217	0	0	0	0	0	0	0	0	0
NR_113713.1	GIN-41-MGE-S217	0	0	0	0	0	0	0	0	0
NR_113712.1	GIN-41-MGE-S217	0	0	0	0	0	0	0	0	0
NR_113711.1	GIN-41-MGE-S217	0	0	0	0	0	0	0	0	0
NR_113710.1	GIN-41-MGE-S217	0	0	0	0	0	0	0	0	0
NR_113709.1	GIN-41-MGE-S217	0	0	0	0	0	0	0	0	0
NR_113708.1	GIN-41-MGE-S217	0	0	0	0	0	0	0	0	0
NR_113707.1	GIN-41-MGE-S217	0	0	0	0	0	0	0	0	0
NR_113706.1	GIN-41-MGE-S217	0	0	0	0	0	0	0	0	0
NR_113705.1	GIN-41-MGE-S217	0	0	0	0	0	0	0	0	0
NR_113704.1	GIN-41-MGE-S217	0	0	0	0	0	0	0	0	0
NR_113703.1	GIN-41-MGE-S217	0	0	0	0	0	0	0	0	0
NR_113702.1	GIN-41-MGE-S217	0	0	0	0	0	0	0	0	0
NR_113701.1	GIN-41-MGE-S217	0	0	0	0	0	0	0	0	0
NR_113700.1	GIN-41-MGE-S217	0	0	0	0	0	0	0	0	0
NR_113699.1	GIN-41-MGE-S217	0	0	0	0	0	0	0	0	0
NR_113698.1	GIN-41-MGE-S217	0	0	0	0	0	0	0	0	0
NR_113697.1	GIN-41-MGE-S217	0	0	0	0	0	0	0	0	0
NR_113696.1	GIN-41-MGE-S217	0	0	0	0	0	0	0	0	0
NR_113695.1	GIN-41-MGE-S217	0	0	0	0	0	0	0	0	0
NR_113694.1	GIN-41-MGE-S217	0	0	0	0	0	0	0	0	0
NR_113693.1	GIN-41-MGE-S217	0	0	0	0	0	0	0	0	0
NR_113690.1	GIN-41-MGE-S217	0	0	0	0	0	0	0	0	0
NR_113688.1	GIN-41-MGE-S217	0	0	0	0	0	0	0	0	0
NR_113686.1	GIN-41-MGE-S217	0	0	0	0	0	0	0	0	0
NR_113684.1	GIN-41-MGE-S217	0	0	0	0	0	0	0	0	0
NR_113680.1	GIN-41-MGE-S217	0	0	0	0	0	0	0	0	0
NR_113679.1	GIN-41-MGE-S217	0	0	0	0	0	0	0	0	0
NR_113678.1	GIN-41-MGE-S217	0	0	0	0	0	0	0	0	0
NR_113675.1	GIN-41-MGE-S217	0	0	0	0	0	0	0	0	0
NR_113673.1	GIN-41-MGE-S217	0	0	0	0	0	0	0	0	0
NR_113672.1	GIN-41-MGE-S217	0	0	0	0	0	0	0	0	0
NR_113671.1	GIN-41-MGE-S217	0	0	0	0	0	0	0	0	0
NR_113670.1	GIN-41-MGE-S217	0	0	0	0	0	0	0	0	0
NR_113669.1	GIN-41-MGE-S217	0	0	0	0	0	0	0	0	0
NR_113668.1	GIN-41-MGE-S217	0	0	0	0	0	0	0	0	0
NR_113667.1	GIN-41-MGE-S217	0	0	0	0	0	0	0	0	0
NR_113666.1	GIN-41-MGE-S217	0	0	0	0	0	0	0	0	0
NR_113665.1	GIN-41-MGE-S217	0	0	0	0	0	0	0	0	0
NR_113664.1	GIN-41-MGE-S217	0	0	0	0	0	0	0	0	0
NR_113663.1	GIN-41-MGE-S217	0	0	0	0	0	0	0	0	0
NR_113662.1	GIN-41-MGE-S217	0	0	0	0	0	0	0	0	0
NR_113661.1	GIN-41-MGE-S217	0	0	0	0	0	0	0	0	0
NR_113660.1	GIN-41-MGE-S217	0	0	0	0	0	0	0	0	0
NR_113659.1	GIN-41-MGE-S217	0	0	0	0	0	0	0	0	0
NR_113658.1	GIN-41-MGE-S217	0	0	0	0	0	0	0	0	0
NR_113657.1	GIN-41-MGE-S217	0	0	0	0	0	0	0	0	0
NR_113656.1	GIN-41-MGE-S217	0	0	0	0	0	0	0	0	0
NR_113655.1	GIN-41-MGE-S217	0	0	0	0	0	0	0	0	0
NR_113654.1	GIN-41-MGE-S217	0	0	0	0	0	0	0	0	0
NR_113652.1	GIN-41-MGE-S217	0	0	0	0	0	0	0	0	0
NR_113651.1	GIN-41-MGE-S217	0	0	0	0	0	0	0	0	0
NR_113649.1	GIN-41-MGE-S217	0	0	0	0	0	0	0	0	0
NR_113648.1	GIN-41-MGE-S217	0	0	0	0	0	0	0	0	0
NR_113647.1	GIN-41-MGE-S217	0	0	0	0	0	0	0	0	0
NR_113646.1	GIN-41-MGE-S217	0	0	0	0	0	0	0	0	0
NR_113645.1	GIN-41-MGE-S217	0	0	0	0	0	0	0	0	0
NR_113644.1	GIN-41-MGE-S217	0	0	0	0	0	0	0	0	0
NR_113643.1	GIN-41-MGE-S217	0	0	0	0	0	0	0	0	0
NR_113642.1	GIN-41-MGE-S217	0	0	0	0	0	0	0	0	0
NR_113641.1	GIN-41-MGE-S217	0	0	0	0	0	0	0	0	0
NR_113639.1	GIN-41-MGE-S217	0	0	0	0	0	0	0	0	0
NR_113638.1	GIN-41-MGE-S217	0	0	0	0	0	0	0	0	0
NR_113637.1	GIN-41-MGE-S217	0	0	0	0	0	0	0	0	0
NR_113636.1	GIN-41-MGE-S217	0	0	0	0	0	0	0	0	0
NR_113635.1	GIN-41-MGE-S217	0	0	0	0	0	0	0	0	0
NR_113634.1	GIN-41-MGE-S217	0	0	0	0	0	0	0	0	0
NR_113633.1	GIN-41-MGE-S217	0	0	0	0	0	0	0	0	0
NR_113632.1	GIN-41-MGE-S217	0	0	0	0	0	0	0	0	0
NR_113631.1	GIN-41-MGE-S217	0	0	0	0	0	0	0	0	0
NR_113630.1	GIN-41-MGE-S217	0	0	0	0	0	0	0	0	0
NR_113629.1	GIN-41-MGE-S217	0	0	0	0	0	0	0	0	0
NR_113628.1	GIN-41-MGE-S217	0	0	0	0	0	0	0	0	0
NR_113627.1	GIN-41-MGE-S217	0	0	0	0	0	0	0	0	0
NR_113626.1	GIN-41-MGE-S217	0	0	0	0	0	0	0	0	0
NR_113625.1	GIN-41-MGE-S217	0	0	0	0	0	0	0	0	0
NR_113624.1	GIN-41-MGE-S217	0	0	0	0	0	0	0	0	0
NR_113623.1	GIN-41-MGE-S217	0	0	0	0	0	0	0	0	0
NR_113622.1	GIN-41-MGE-S217	0	0	0	0	0	0	0	0	0
NR_113621.1	GIN-41-MGE-S217	0	0	0	0	0	0	0	0	0
NR_113620.1	GIN-41-MGE-S217	0	0	0	0	0	0	0	0	0
NR_113619.1	GIN-41-MGE-S217	0	0	0	0	0	0	0	0	0
NR_113618.1	GIN-41-MGE-S217	0	0	0	0	0	0	0	0	0
NR_113617.1	GIN-41-MGE-S217	0	0	0	0	0	0	0	0	0
NR_113616.1	GIN-41-MGE-S217	0	0	0	0	0	0	0	0	0
NR_113615.1	GIN-41-MGE-S217	0	0	0	0	0	0	0	0	0
NR_113614.1	GIN-41-MGE-S217	0	0	0	0	0	0	0	0	0
NR_113613.1	GIN-41-MGE-S217	0	0	0	0	0	0	0	0	0
NR_113612.1	GIN-41-MGE-S217	0	0	0	0	0	0	0	0	0
NR_113611.1	GIN-41-MGE-S217	0	0	0	0	0	0	0	0	0
NR_113610.1	GIN-41-MGE-S217	0	0	0	0	0	0	0	0	0
NR_113609.1	GIN-41-MGE-S217	0	0	0	0	0	0	0	0	0
NR_113608.1	GIN-41-MGE-S217	0	0	0	0	0	0	0	0	0
NR_113607.1	GIN-41-MGE-S217	0	0	0	0	0	0	0	0	0
NR_113606.1	GIN-41-MGE-S217	0	0	0	0	0	0	0	0	0
NR_113605.1	GIN-41-MGE-S217	0	0	0	0	0	0	0	0	0
NR_113604.1	GIN-41-MGE-S217	0	0	0	0	0	0	0	0	0
NR_113603.1	GIN-41-MGE-S217	0	0	0	0	0	0	0	0	0
NR_113602.1	GIN-41-MGE-S217	0	0	0	0	0	0	0	0	0
NR_113601.1	GIN-41-MGE-S217	0	0	0	0	0	0	0	0	0
NR_113600.1	GIN-41-MGE-S217	0	0	0	0	0	0	0	0	0
NR_113599.1	GIN-41-MGE-S217	0	0	0	0	0	0	0	0	0
NR_113598.1	GIN-41-MGE-S217	0	0	0	0	0	0	0	0	0
NR_113597.1	GIN-41-MGE-S217	0	0	0	0	0	0	0	0	0
NR_113596.1	GIN-41-MGE-S217	0	0	0	0	0	0	0	0	0
NR_113595.1	GIN-41-MGE-S217	0	0	0	0	0	0	0	0	0
NR_113594.1	GIN-41-MGE-S217	0	0	0	0	0	0	0	0	0
NR_113593.1	GIN-41-MGE-S217	0	0	0	0	0	0	0	0	0
NR_113592.1	GIN-41-MGE-S217	0	0	0	0	0	0	0	0	0
NR_113591.1	GIN-41-MGE-S217	0	0	0	0	0	0	0	0	0
NR_113590.1	GIN-41-MGE-S217	0	0	0	0	0	0	0	0	0
NR_113589.1	GIN-41-MGE-S217	0	0	0	0	0	0	0	0	0
NR_113588.1	GIN-41-MGE-S217	0	0	0	0	0	0	0	0	0
NR_113587.1	GIN-41-MGE-S217	0	0	0	0	0	0	0	0	0
NR_113586.1	GIN-41-MGE-S217	0	0	0	0	0	0	0	0	0
NR_113585.1	GIN-41-MGE-S217	0	0	0	0	0	0	0	0	0
NR_113584.1	GIN-41-MGE-S217	0	0	0	0	0	0	0	0	0
NR_113583.1	GIN-41-MGE-S217	0	0	0	0	0	0	0	0	0
NR_113582.1	GIN-41-MGE-S217	0	0	0	0	0	0	0	0	0
NR_113581.1	GIN-41-MGE-S217	0	0	0	0	0	0	0	0	0
NR_113580.1	GIN-41-MGE-S217	0	0	0	0	0	0	0	0	0
NR_113579.1	GIN-41-MGE-S217	0	0	0	0	0	0	0	0	0
NR_113578.1	GIN-41-MGE-S217	0	0	0	0	0	0	0	0	0
NR_113577.1	GIN-41-MGE-S217	0	0	0	0	0	0	0	0	0
NR_113576.1	GIN-41-MGE-S217	0	0	0	0	0	0	0	0	0
NR_113575.1	GIN-41-MGE-S217	0	0	0	0	0	0	0	0	0
NR_113574.1	GIN-41-MGE-S217	0	0	0	0	0	0	0	0	0
NR_113570.1	GIN-41-MGE-S217	0	0	0	0	0	0	0	0	0
NR_113565.1	GIN-41-MGE-S217	0	0	0	0	0	0	0	0	0
NR_113564.1	GIN-41-MGE-S217	0	0	0	0	0	0	0	0	0
NR_113563.1	GIN-41-MGE-S217	0	0	0	0	0	0	0	0	0
NR_113562.1	GIN-41-MGE-S217	0	0	0	0	0	0	0	0	0
NR_113556.1	GIN-41-MGE-S217	0	0	0	0	0	0	0	0	0
NR_113555.1	GIN-41-MGE-S217	0	0	0	0	0	0	0	0	0
NR_113554.1	GIN-41-MGE-S217	0	0	0	0	0	0	0	0	0
NR_113553.1	GIN-41-MGE-S217	0	0	0	0	0	0	0	0	0
NR_113552.1	GIN-41-MGE-S217	0	0	0	0	0	0	0	0	0
NR_113551.1	GIN-41-MGE-S217	0	0	0	0	0	0	0	0	0
NR_113550.1	GIN-41-MGE-S217	0	0	0	0	0	0	0	0	0
NR_113549.1	GIN-41-MGE-S217	0	0	0	0	0	0	0	0	0
NR_113548.1	GIN-41-MGE-S217	0	0	0	0	0	0	0	0	0
NR_113547.1	GIN-41-MGE-S217	0	0	0	0	0	0	0	0	0
NR_113546.1	GIN-41-MGE-S217	0	0	0	0	0	0	0	0	0
NR_113545.1	GIN-41-MGE-S217	0	0	0	0	0	0	0	0	0
NR_113411.1	GIN-41-MGE-S217	109	109	0	0	0	0	0	0	0
NR_113408.1	GIN-41-MGE-S217	0	0	0	0	0	0	0	0	0
NR_113407.1	GIN-41-MGE-S217	0	0	0	0	0	0	0	0	0
NR_113406.1	GIN-41-MGE-S217	0	0	0	0	0	0	0	0	0
NR_113405.1	GIN-41-MGE-S217	0	0	0	0	0	0	0	0	0
NR_113404.1	GIN-41-MGE-S217	0	0	0	0	0	0	0	0	0
NR_113403.1	GIN-41-MGE-S217	0	0	0	0	0	0	0	0	0
NR_113402.1	GIN-41-MGE-S217	0	0	0	0	0	0	0	0	0
NR_113401.1	GIN-41-MGE-S217	0	0	0	0	0	0	0	0	0
NR_113400.1	GIN-41-MGE-S217	0	0	0	0	0	0	0	0	0
NR_113399.1	GIN-41-MGE-S217	0	0	0	0	0	0	0	0	0
NR_113398.1	GIN-41-MGE-S217	0	0	0	0	0	0	0	0	0
NR_113397.1	GIN-41-MGE-S217	0	0	0	0	0	0	0	0	0
NR_113396.1	GIN-41-MGE-S217	0	0	0	0	0	0	0	0	0
NR_113395.1	GIN-41-MGE-S217	0	0	0	0	0	0	0	0	0
NR_113394.1	GIN-41-MGE-S217	0	0	0	0	0	0	0	0	0
NR_113393.1	GIN-41-MGE-S217	0	0	0	0	0	0	0	0	0
NR_113392.1	GIN-41-MGE-S217	0	0	0	0	0	0	0	0	0
NR_113391.1	GIN-41-MGE-S217	0	0	0	0	0	0	0	0	0
NR_113390.1	GIN-41-MGE-S217	0	0	0	0	0	0	0	0	0
NR_113389.1	GIN-41-MGE-S217	0	0	0	0	0	0	0	0	0
NR_113388.1	GIN-41-MGE-S217	0	0	0	0	0	0	0	0	0
NR_113386.1	GIN-41-MGE-S217	0	0	0	0	0	0	0	0	0
NR_113385.1	GIN-41-MGE-S217	0	0	0	0	0	0	0	0	0
NR_113384.1	GIN-41-MGE-S217	62	62	0	0	0	0	0	0	0
NR_113383.1	GIN-41-MGE-S217	0	0	0	0	0	0	0	0	0
NR_113382.1	GIN-41-MGE-S217	0	0	0	0	0	0	0	0	0
NR_113381.1	GIN-41-MGE-S217	0	0	0	0	0	0	0	0	0
NR_113380.1	GIN-41-MGE-S217	0	0	0	0	0	0	0	0	0
NR_113379.1	GIN-41-MGE-S217	0	0	0	0	0	0	0	0	0
NR_113378.1	GIN-41-MGE-S217	0	0	0	0	0	0	0	0	0
NR_113377.1	GIN-41-MGE-S217	0	0	0	0	0	0	0	0	0
NR_113376.1	GIN-41-MGE-S217	0	0	0	0	0	0	0	0	0
NR_113375.1	GIN-41-MGE-S217	0	0	0	0	0	0	0	0	0
NR_113374.1	GIN-41-MGE-S217	0	0	0	0	0	0	0	0	0
NR_113373.1	GIN-41-MGE-S217	0	0	0	0	0	0	0	0	0
NR_113372.1	GIN-41-MGE-S217	0	0	0	0	0	0	0	0	0
NR_113371.1	GIN-41-MGE-S217	0	0	0	0	0	0	0	0	0
NR_113368.1	GIN-41-MGE-S217	0	0	0	0	0	0	0	0	0
NR_113367.1	GIN-41-MGE-S217	0	0	0	0	0	0	0	0	0
NR_113366.1	GIN-41-MGE-S217	0	0	0	0	0	0	0	0	0
NR_113360.1	GIN-41-MGE-S217	0	0	0	0	0	0	0	0	0
NR_113359.1	GIN-41-MGE-S217	0	0	0	0	0	0	0	0	0
NR_113357.1	GIN-41-MGE-S217	0	0	0	0	0	0	0	0	0
NR_113356.1	GIN-41-MGE-S217	0	0	0	0	0	0	0	0	0
NR_113355.1	GIN-41-MGE-S217	0	0	0	0	0	0	0	0	0
NR_113354.1	GIN-41-MGE-S217	0	0	0	0	0	0	0	0	0
NR_113353.1	GIN-41-MGE-S217	0	0	0	0	0	0	0	0	0
NR_113352.1	GIN-41-MGE-S217	0	0	0	0	0	0	0	0	0
NR_113351.1	GIN-41-MGE-S217	0	0	0	0	0	0	0	0	0
NR_113350.1	GIN-41-MGE-S217	0	0	0	0	0	0	0	0	0
NR_113349.1	GIN-41-MGE-S217	0	0	0	0	0	0	0	0	0
NR_113348.1	GIN-41-MGE-S217	0	0	0	0	0	0	0	0	0
NR_113347.1	GIN-41-MGE-S217	0	0	0	0	0	0	0	0	0
NR_113346.1	GIN-41-MGE-S217	0	0	0	0	0	0	0	0	0
NR_113345.1	GIN-41-MGE-S217	0	0	0	0	0	0	0	0	0
NR_113344.1	GIN-41-MGE-S217	0	0	0	0	0	0	0	0	0
NR_113343.1	GIN-41-MGE-S217	0	0	0	0	0	0	0	0	0
NR_113342.1	GIN-41-MGE-S217	0	0	0	0	0	0	0	0	0
NR_113341.1	GIN-41-MGE-S217	0	0	0	0	0	0	0	0	0
NR_113340.1	GIN-41-MGE-S217	0	0	0	0	0	0	0	0	0
NR_113329.1	GIN-41-MGE-S217	0	0	0	0	0	0	0	0	0
NR_113328.1	GIN-41-MGE-S217	0	0	0	0	0	0	0	0	0
NR_113327.1	GIN-41-MGE-S217	0	0	0	0	0	0	0	0	0
NR_113326.1	GIN-41-MGE-S217	0	0	0	0	0	0	0	0	0
NR_113325.1	GIN-41-MGE-S217	0	0	0	0	0	0	0	0	0
NR_113324.1	GIN-41-MGE-S217	0	0	0	0	0	0	0	0	0
NR_113323.1	GIN-41-MGE-S217	0	0	0	0	0	0	0	0	0
NR_113322.1	GIN-41-MGE-S217	0	0	0	0	0	0	0	0	0
NR_113321.1	GIN-41-MGE-S217	0	0	0	0	0	0	0	0	0
NR_113320.1	GIN-41-MGE-S217	0	0	0	0	0	0	0	0	0
NR_113319.1	GIN-41-MGE-S217	0	0	0	0	0	0	0	0	0
NR_113318.1	GIN-41-MGE-S217	0	0	0	0	0	0	0	0	0
NR_113317.1	GIN-41-MGE-S217	0	0	0	0	0	0	0	0	0
NR_113316.1	GIN-41-MGE-S217	0	0	0	0	0	0	0	0	0
NR_113314.1	GIN-41-MGE-S217	0	0	0	0	0	0	0	0	0
NR_113313.1	GIN-41-MGE-S217	0	0	0	0	0	0	0	0	0
NR_113311.1	GIN-41-MGE-S217	0	0	0	0	0	0	0	0	0
NR_113309.1	GIN-41-MGE-S217	0	0	0	0	0	0	0	0	0
NR_113308.1	GIN-41-MGE-S217	0	0	0	0	0	0	0	0	0
NR_113307.1	GIN-41-MGE-S217	0	0	0	0	0	0	0	0	0
NR_113306.1	GIN-41-MGE-S217	0	0	0	0	0	0	0	0	0
NR_113305.1	GIN-41-MGE-S217	0	0	0	0	0	0	0	0	0
NR_113299.1	GIN-41-MGE-S217	0	0	0	0	0	0	0	0	0
NR_113296.1	GIN-41-MGE-S217	0	0	0	0	0	0	0	0	0
NR_113293.1	GIN-41-MGE-S217	0	0	0	0	0	0	0	0	0
NR_113274.1	GIN-41-MGE-S217	21	21	0	0	0	0	0	0	0
NR_113273.1	GIN-41-MGE-S217	0	0	0	0	0	0	0	0	0
NR_113272.1	GIN-41-MGE-S217	0	0	0	0	0	0	0	0	0
NR_113271.1	GIN-41-MGE-S217	0	0	0	0	0	0	0	0	0
NR_113270.1	GIN-41-MGE-S217	1	1	0	0	0	0	0	0	0
NR_113268.1	GIN-41-MGE-S217	0	0	0	0	0	0	0	0	0
NR_113267.1	GIN-41-MGE-S217	0	0	0	0	0	0	0	0	0
NR_113266.1	GIN-41-MGE-S217	0	0	0	0	0	0	0	0	0
NR_113265.1	GIN-41-MGE-S217	0	0	0	0	0	0	0	0	0
NR_113262.1	GIN-41-MGE-S217	0	0	0	0	0	0	0	0	0
NR_113261.1	GIN-41-MGE-S217	0	0	0	0	0	0	0	0	0
NR_113260.1	GIN-41-MGE-S217	0	0	0	0	0	0	0	0	0
NR_113258.1	GIN-41-MGE-S217	0	0	0	0	0	0	0	0	0
NR_113257.1	GIN-41-MGE-S217	0	0	0	0	0	0	0	0	0
NR_113256.1	GIN-41-MGE-S217	0	0	0	0	0	0	0	0	0
NR_113255.1	GIN-41-MGE-S217	0	0	0	0	0	0	0	0	0
NR_113254.1	GIN-41-MGE-S217	0	0	0	0	0	0	0	0	0
NR_113253.1	GIN-41-MGE-S217	0	0	0	0	0	0	0	0	0
NR_113252.1	GIN-41-MGE-S217	0	0	0	0	0	0	0	0	0
NR_113251.1	GIN-41-MGE-S217	0	0	0	0	0	0	0	0	0
NR_113250.1	GIN-41-MGE-S217	0	0	0	0	0	0	0	0	0
NR_113249.1	GIN-41-MGE-S217	0	0	0	0	0	0	0	0	0
NR_113248.1	GIN-41-MGE-S217	0	0	0	0	0	0	0	0	0
NR_113247.1	GIN-41-MGE-S217	0	0	0	0	0	0	0	0	0
NR_113246.1	GIN-41-MGE-S217	0	0	0	0	0	0	0	0	0
NR_113245.1	GIN-41-MGE-S217	0	0	0	0	0	0	0	0	0
NR_113244.1	GIN-41-MGE-S217	0	0	0	0	0	0	0	0	0
NR_113243.1	GIN-41-MGE-S217	0	0	0	0	0	0	0	0	0
NR_113242.1	GIN-41-MGE-S217	0	0	0	0	0	0	0	0	0
NR_113240.1	GIN-41-MGE-S217	0	0	0	0	0	0	0	0	0
NR_113239.1	GIN-41-MGE-S217	0	0	0	0	0	0	0	0	0
NR_113238.1	GIN-41-MGE-S217	0	0	0	0	0	0	0	0	0
NR_113237.1	GIN-41-MGE-S217	0	0	0	0	0	0	0	0	0
NR_113236.1	GIN-41-MGE-S217	0	0	0	0	0	0	0	0	0
NR_113235.1	GIN-41-MGE-S217	0	0	0	0	0	0	0	0	0
NR_113232.1	GIN-41-MGE-S217	0	0	0	0	0	0	0	0	0
NR_113231.1	GIN-41-MGE-S217	36	36	0	0	0	0	0	0	0
NR_113230.1	GIN-41-MGE-S217	0	0	0	0	0	0	0	0	0
NR_113229.1	GIN-41-MGE-S217	0	0	0	0	0	0	0	0	0
NR_113228.1	GIN-41-MGE-S217	0	0	0	0	0	0	0	0	0
NR_113227.1	GIN-41-MGE-S217	0	0	0	0	0	0	0	0	0
NR_113225.1	GIN-41-MGE-S217	0	0	0	0	0	0	0	0	0
NR_113210.1	GIN-41-MGE-S217	0	0	0	0	0	0	0	0	0
NR_113209.1	GIN-41-MGE-S217	0	0	0	0	0	0	0	0	0
NR_113208.1	GIN-41-MGE-S217	0	0	0	0	0	0	0	0	0
NR_113207.1	GIN-41-MGE-S217	0	0	0	0	0	0	0	0	0
NR_113206.1	GIN-41-MGE-S217	0	0	0	0	0	0	0	0	0
NR_113205.1	GIN-41-MGE-S217	0	0	0	0	0	0	0	0	0
NR_113204.1	GIN-41-MGE-S217	1	1	0	0	0	0	0	0	0
NR_113199.1	GIN-41-MGE-S217	0	0	0	0	0	0	0	0	0
NR_113198.1	GIN-41-MGE-S217	0	0	0	0	0	0	0	0	0
NR_113197.1	GIN-41-MGE-S217	0	0	0	0	0	0	0	0	0
NR_113196.1	GIN-41-MGE-S217	0	0	0	0	0	0	0	0	0
NR_113192.1	GIN-41-MGE-S217	0	0	0	0	0	0	0	0	0
NR_113189.1	GIN-41-MGE-S217	0	0	0	0	0	0	0	0	0
NR_113188.1	GIN-41-MGE-S217	0	0	0	0	0	0	0	0	0
NR_113187.1	GIN-41-MGE-S217	0	0	0	0	0	0	0	0	0
NR_113186.1	GIN-41-MGE-S217	0	0	0	0	0	0	0	0	0
NR_113185.1	GIN-41-MGE-S217	0	0	0	0	0	0	0	0	0
NR_113182.1	GIN-41-MGE-S217	0	0	0	0	0	0	0	0	0
NR_113176.1	GIN-41-MGE-S217	0	0	0	0	0	0	0	0	0
NR_113173.1	GIN-41-MGE-S217	0	0	0	0	0	0	0	0	0
NR_113172.1	GIN-41-MGE-S217	0	0	0	0	0	0	0	0	0
NR_113171.1	GIN-41-MGE-S217	0	0	0	0	0	0	0	0	0
NR_113169.1	GIN-41-MGE-S217	0	0	0	0	0	0	0	0	0
NR_113168.1	GIN-41-MGE-S217	0	0	0	0	0	0	0	0	0
NR_113167.1	GIN-41-MGE-S217	0	0	0	0	0	0	0	0	0
NR_113166.1	GIN-41-MGE-S217	0	0	0	0	0	0	0	0	0
NR_113165.1	GIN-41-MGE-S217	1	1	0	0	0	0	0	0	0
NR_113164.1	GIN-41-MGE-S217	0	0	0	0	0	0	0	0	0
NR_113163.1	GIN-41-MGE-S217	0	0	0	0	0	0	0	0	0
NR_113162.1	GIN-41-MGE-S217	0	0	0	0	0	0	0	0	0
NR_113161.1	GIN-41-MGE-S217	0	0	0	0	0	0	0	0	0
NR_113158.1	GIN-41-MGE-S217	0	0	0	0	0	0	0	0	0
NR_113156.1	GIN-41-MGE-S217	0	0	0	0	0	0	0	0	0
NR_113155.1	GIN-41-MGE-S217	0	0	0	0	0	0	0	0	0
NR_113153.1	GIN-41-MGE-S217	0	0	0	0	0	0	0	0	0
NR_113152.1	GIN-41-MGE-S217	0	0	0	0	0	0	0	0	0
NR_113151.1	GIN-41-MGE-S217	0	0	0	0	0	0	0	0	0
NR_113150.1	GIN-41-MGE-S217	0	0	0	0	0	0	0	0	0
NR_113147.1	GIN-41-MGE-S217	0	0	0	0	0	0	0	0	0
NR_113146.1	GIN-41-MGE-S217	0	0	0	0	0	0	0	0	0
NR_113145.1	GIN-41-MGE-S217	0	0	0	0	0	0	0	0	0
NR_113144.1	GIN-41-MGE-S217	0	0	0	0	0	0	0	0	0
NR_113143.1	GIN-41-MGE-S217	0	0	0	0	0	0	0	0	0
NR_113142.1	GIN-41-MGE-S217	0	0	0	0	0	0	0	0	0
NR_113141.1	GIN-41-MGE-S217	0	0	0	0	0	0	0	0	0
NR_113140.1	GIN-41-MGE-S217	0	0	0	0	0	0	0	0	0
NR_113138.1	GIN-41-MGE-S217	0	0	0	0	0	0	0	0	0
NR_113137.1	GIN-41-MGE-S217	0	0	0	0	0	0	0	0	0
NR_113136.1	GIN-41-MGE-S217	0	0	0	0	0	0	0	0	0
NR_113135.1	GIN-41-MGE-S217	0	0	0	0	0	0	0	0	0
NR_113134.1	GIN-41-MGE-S217	0	0	0	0	0	0	0	0	0
NR_113133.1	GIN-41-MGE-S217	0	0	0	0	0	0	0	0	0
NR_113132.1	GIN-41-MGE-S217	0	0	0	0	0	0	0	0	0
NR_113130.1	GIN-41-MGE-S217	0	0	0	0	0	0	0	0	0
NR_113129.1	GIN-41-MGE-S217	0	0	0	0	0	0	0	0	0
NR_113128.1	GIN-41-MGE-S217	0	0	0	0	0	0	0	0	0
NR_113125.1	GIN-41-MGE-S217	0	0	0	0	0	0	0	0	0
NR_113124.1	GIN-41-MGE-S217	0	0	0	0	0	0	0	0	0
NR_113123.1	GIN-41-MGE-S217	0	0	0	0	0	0	0	0	0
NR_113122.1	GIN-41-MGE-S217	0	0	0	0	0	0	0	0	0
NR_113121.1	GIN-41-MGE-S217	0	0	0	0	0	0	0	0	0
NR_113120.1	GIN-41-MGE-S217	0	0	0	0	0	0	0	0	0
NR_113119.1	GIN-41-MGE-S217	0	0	0	0	0	0	0	0	0
NR_113118.1	GIN-41-MGE-S217	0	0	0	0	0	0	0	0	0
NR_113117.1	GIN-41-MGE-S217	0	0	0	0	0	0	0	0	0
NR_113116.1	GIN-41-MGE-S217	0	0	0	0	0	0	0	0	0
NR_113115.1	GIN-41-MGE-S217	0	0	0	0	0	0	0	0	0
NR_113114.1	GIN-41-MGE-S217	0	0	0	0	0	0	0	0	0
NR_113113.1	GIN-41-MGE-S217	0	0	0	0	0	0	0	0	0
NR_113112.1	GIN-41-MGE-S217	0	0	0	0	0	0	0	0	0
NR_113111.1	GIN-41-MGE-S217	0	0	0	0	0	0	0	0	0
NR_113110.1	GIN-41-MGE-S217	0	0	0	0	0	0	0	0	0
NR_113109.1	GIN-41-MGE-S217	0	0	0	0	0	0	0	0	0
NR_113108.1	GIN-41-MGE-S217	0	0	0	0	0	0	0	0	0
NR_113107.1	GIN-41-MGE-S217	0	0	0	0	0	0	0	0	0
NR_113106.1	GIN-41-MGE-S217	0	0	0	0	0	0	0	0	0
NR_113105.1	GIN-41-MGE-S217	0	0	0	0	0	0	0	0	0
NR_113104.1	GIN-41-MGE-S217	0	0	0	0	0	0	0	0	0
NR_113103.1	GIN-41-MGE-S217	0	0	0	0	0	0	0	0	0
NR_113102.1	GIN-41-MGE-S217	0	0	0	0	0	0	0	0	0
NR_113101.1	GIN-41-MGE-S217	0	0	0	0	0	0	0	0	0
NR_113100.1	GIN-41-MGE-S217	0	0	0	0	0	0	0	0	0
NR_113099.1	GIN-41-MGE-S217	0	0	0	0	0	0	0	0	0
NR_113098.1	GIN-41-MGE-S217	0	0	0	0	0	0	0	0	0
NR_113097.1	GIN-41-MGE-S217	1	1	0	0	0	0	0	0	0
NR_113096.1	GIN-41-MGE-S217	0	0	0	0	0	0	0	0	0
NR_113095.1	GIN-41-MGE-S217	0	0	0	0	0	0	0	0	0
NR_113094.1	GIN-41-MGE-S217	2	2	0	0	0	0	0	0	0
NR_113093.1	GIN-41-MGE-S217	0	0	0	0	0	0	0	0	0
NR_113092.1	GIN-41-MGE-S217	0	0	0	0	0	0	0	0	0
NR_113091.1	GIN-41-MGE-S217	0	0	0	0	0	0	0	0	0
NR_113090.1	GIN-41-MGE-S217	0	0	0	0	0	0	0	0	0
NR_113089.1	GIN-41-MGE-S217	0	0	0	0	0	0	0	0	0
NR_113088.1	GIN-41-MGE-S217	0	0	0	0	0	0	0	0	0
NR_113087.1	GIN-41-MGE-S217	0	0	0	0	0	0	0	0	0
NR_113086.1	GIN-41-MGE-S217	0	0	0	0	0	0	0	0	0
NR_113085.1	GIN-41-MGE-S217	0	0	0	0	0	0	0	0	0
NR_113084.1	GIN-41-MGE-S217	0	0	0	0	0	0	0	0	0
NR_113083.1	GIN-41-MGE-S217	0	0	0	0	0	0	0	0	0
NR_113082.1	GIN-41-MGE-S217	0	0	0	0	0	0	0	0	0
NR_113081.1	GIN-41-MGE-S217	0	0	0	0	0	0	0	0	0
NR_113080.1	GIN-41-MGE-S217	0	0	0	0	0	0	0	0	0
NR_113079.1	GIN-41-MGE-S217	0	0	0	0	0	0	0	0	0
NR_113078.1	GIN-41-MGE-S217	0	0	0	0	0	0	0	0	0
NR_113077.1	GIN-41-MGE-S217	0	0	0	0	0	0	0	0	0
NR_113076.1	GIN-41-MGE-S217	0	0	0	0	0	0	0	0	0
NR_113075.1	GIN-41-MGE-S217	0	0	0	0	0	0	0	0	0
NR_113074.1	GIN-41-MGE-S217	0	0	0	0	0	0	0	0	0
NR_113073.1	GIN-41-MGE-S217	0	0	0	0	0	0	0	0	0
NR_113072.1	GIN-41-MGE-S217	0	0	0	0	0	0	0	0	0
NR_113070.1	GIN-41-MGE-S217	0	0	0	0	0	0	0	0	0
NR_113069.1	GIN-41-MGE-S217	0	0	0	0	0	0	0	0	0
NR_113068.1	GIN-41-MGE-S217	0	0	0	0	0	0	0	0	0
NR_113067.1	GIN-41-MGE-S217	0	0	0	0	0	0	0	0	0
NR_113066.1	GIN-41-MGE-S217	0	0	0	0	0	0	0	0	0
NR_113065.1	GIN-41-MGE-S217	0	0	0	0	0	0	0	0	0
NR_113062.1	GIN-41-MGE-S217	0	0	0	0	0	0	0	0	0
NR_113060.1	GIN-41-MGE-S217	0	0	0	0	0	0	0	0	0
NR_113059.1	GIN-41-MGE-S217	0	0	0	0	0	0	0	0	0
NR_113058.1	GIN-41-MGE-S217	0	0	0	0	0	0	0	0	0
NR_113048.1	GIN-41-MGE-S217	0	0	0	0	0	0	0	0	0
NR_113047.1	GIN-41-MGE-S217	0	0	0	0	0	0	0	0	0
NR_113046.1	GIN-41-MGE-S217	0	0	0	0	0	0	0	0	0
NR_113042.1	GIN-41-MGE-S217	0	0	0	0	0	0	0	0	0
NR_113041.1	GIN-41-MGE-S217	0	0	0	0	0	0	0	0	0
NR_113040.1	GIN-41-MGE-S217	0	0	0	0	0	0	0	0	0
NR_113039.1	GIN-41-MGE-S217	0	0	0	0	0	0	0	0	0
NR_113037.1	GIN-41-MGE-S217	0	0	0	0	0	0	0	0	0
NR_113036.1	GIN-41-MGE-S217	0	0	0	0	0	0	0	0	0
NR_113033.1	GIN-41-MGE-S217	0	0	0	0	0	0	0	0	0
NR_113032.1	GIN-41-MGE-S217	0	0	0	0	0	0	0	0	0
NR_113031.1	GIN-41-MGE-S217	0	0	0	0	0	0	0	0	0
NR_113030.1	GIN-41-MGE-S217	0	0	0	0	0	0	0	0	0
NR_113029.1	GIN-41-MGE-S217	0	0	0	0	0	0	0	0	0
NR_113028.1	GIN-41-MGE-S217	0	0	0	0	0	0	0	0	0
NR_113027.1	GIN-41-MGE-S217	0	0	0	0	0	0	0	0	0
NR_113026.1	GIN-41-MGE-S217	0	0	0	0	0	0	0	0	0
NR_113025.1	GIN-41-MGE-S217	0	0	0	0	0	0	0	0	0
NR_113024.1	GIN-41-MGE-S217	0	0	0	0	0	0	0	0	0
NR_113023.1	GIN-41-MGE-S217	0	0	0	0	0	0	0	0	0
NR_113022.1	GIN-41-MGE-S217	0	0	0	0	0	0	0	0	0
NR_113021.1	GIN-41-MGE-S217	0	0	0	0	0	0	0	0	0
NR_113019.1	GIN-41-MGE-S217	0	0	0	0	0	0	0	0	0
NR_113014.1	GIN-41-MGE-S217	0	0	0	0	0	0	0	0	0
NR_113005.1	GIN-41-MGE-S217	0	0	0	0	0	0	0	0	0
NR_113004.1	GIN-41-MGE-S217	0	0	0	0	0	0	0	0	0
NR_113003.1	GIN-41-MGE-S217	0	0	0	0	0	0	0	0	0
NR_113000.1	GIN-41-MGE-S217	0	0	0	0	0	0	0	0	0
NR_112999.1	GIN-41-MGE-S217	0	0	0	0	0	0	0	0	0
NR_112993.1	GIN-41-MGE-S217	0	0	0	0	0	0	0	0	0
NR_112992.1	GIN-41-MGE-S217	0	0	0	0	0	0	0	0	0
NR_112986.1	GIN-41-MGE-S217	0	0	0	0	0	0	0	0	0
NR_112985.1	GIN-41-MGE-S217	0	0	0	0	0	0	0	0	0
NR_112984.1	GIN-41-MGE-S217	0	0	0	0	0	0	0	0	0
NR_112983.1	GIN-41-MGE-S217	0	0	0	0	0	0	0	0	0
NR_112980.1	GIN-41-MGE-S217	0	0	0	0	0	0	0	0	0
NR_112979.1	GIN-41-MGE-S217	0	0	0	0	0	0	0	0	0
NR_112978.1	GIN-41-MGE-S217	0	0	0	0	0	0	0	0	0
NR_112977.1	GIN-41-MGE-S217	0	0	0	0	0	0	0	0	0
NR_112976.1	GIN-41-MGE-S217	0	0	0	0	0	0	0	0	0
NR_112975.1	GIN-41-MGE-S217	0	0	0	0	0	0	0	0	0
NR_112974.1	GIN-41-MGE-S217	0	0	0	0	0	0	0	0	0
NR_112973.1	GIN-41-MGE-S217	0	0	0	0	0	0	0	0	0
NR_112971.1	GIN-41-MGE-S217	0	0	0	0	0	0	0	0	0
NR_112970.1	GIN-41-MGE-S217	0	0	0	0	0	0	0	0	0
NR_112969.1	GIN-41-MGE-S217	0	0	0	0	0	0	0	0	0
NR_112968.1	GIN-41-MGE-S217	0	0	0	0	0	0	0	0	0
NR_112967.1	GIN-41-MGE-S217	0	0	0	0	0	0	0	0	0
NR_112966.1	GIN-41-MGE-S217	0	0	0	0	0	0	0	0	0
NR_112965.1	GIN-41-MGE-S217	0	0	0	0	0	0	0	0	0
NR_112964.1	GIN-41-MGE-S217	0	0	0	0	0	0	0	0	0
NR_112963.1	GIN-41-MGE-S217	0	0	0	0	0	0	0	0	0
NR_112962.1	GIN-41-MGE-S217	0	0	0	0	0	0	0	0	0
NR_112959.1	GIN-41-MGE-S217	0	0	0	0	0	0	0	0	0
NR_112958.1	GIN-41-MGE-S217	0	0	0	0	0	0	0	0	0
NR_112957.1	GIN-41-MGE-S217	0	0	0	0	0	0	0	0	0
NR_112956.1	GIN-41-MGE-S217	0	0	0	0	0	0	0	0	0
NR_112955.1	GIN-41-MGE-S217	0	0	0	0	0	0	0	0	0
NR_112954.1	GIN-41-MGE-S217	0	0	0	0	0	0	0	0	0
NR_112953.1	GIN-41-MGE-S217	0	0	0	0	0	0	0	0	0
NR_112952.1	GIN-41-MGE-S217	0	0	0	0	0	0	0	0	0
NR_112951.1	GIN-41-MGE-S217	0	0	0	0	0	0	0	0	0
NR_112949.1	GIN-41-MGE-S217	0	0	0	0	0	0	0	0	0
NR_112947.1	GIN-41-MGE-S217	1	1	0	0	0	0	0	0	0
NR_112945.1	GIN-41-MGE-S217	0	0	0	0	0	0	0	0	0
NR_112944.1	GIN-41-MGE-S217	0	0	0	0	0	0	0	0	0
NR_112943.1	GIN-41-MGE-S217	2	2	0	0	0	0	0	0	0
NR_112942.1	GIN-41-MGE-S217	0	0	0	0	0	0	0	0	0
NR_112941.1	GIN-41-MGE-S217	0	0	0	0	0	0	0	0	0
NR_112940.1	GIN-41-MGE-S217	0	0	0	0	0	0	0	0	0
NR_112939.1	GIN-41-MGE-S217	0	0	0	0	0	0	0	0	0
NR_112937.1	GIN-41-MGE-S217	0	0	0	0	0	0	0	0	0
NR_112936.1	GIN-41-MGE-S217	0	0	0	0	0	0	0	0	0
NR_112935.1	GIN-41-MGE-S217	0	0	0	0	0	0	0	0	0
NR_112934.1	GIN-41-MGE-S217	0	0	0	0	0	0	0	0	0
NR_112933.1	GIN-41-MGE-S217	0	0	0	0	0	0	0	0	0
NR_112932.1	GIN-41-MGE-S217	0	0	0	0	0	0	0	0	0
NR_112931.1	GIN-41-MGE-S217	0	0	0	0	0	0	0	0	0
NR_112930.1	GIN-41-MGE-S217	0	0	0	0	0	0	0	0	0
NR_112929.1	GIN-41-MGE-S217	0	0	0	0	0	0	0	0	0
NR_112928.1	GIN-41-MGE-S217	0	0	0	0	0	0	0	0	0
NR_112927.1	GIN-41-MGE-S217	0	0	0	0	0	0	0	0	0
NR_112925.1	GIN-41-MGE-S217	0	0	0	0	0	0	0	0	0
NR_112924.1	GIN-41-MGE-S217	0	0	0	0	0	0	0	0	0
NR_112923.1	GIN-41-MGE-S217	0	0	0	0	0	0	0	0	0
NR_112914.1	GIN-41-MGE-S217	0	0	0	0	0	0	0	0	0
NR_112913.1	GIN-41-MGE-S217	0	0	0	0	0	0	0	0	0
NR_112912.1	GIN-41-MGE-S217	0	0	0	0	0	0	0	0	0
NR_112909.1	GIN-41-MGE-S217	0	0	0	0	0	0	0	0	0
NR_112905.1	GIN-41-MGE-S217	0	0	0	0	0	0	0	0	0
NR_112904.1	GIN-41-MGE-S217	0	0	0	0	0	0	0	0	0
NR_112901.1	GIN-41-MGE-S217	19	19	0	0	0	0	0	0	0
NR_112895.1	GIN-41-MGE-S217	0	0	0	0	0	0	0	0	0
NR_112894.1	GIN-41-MGE-S217	0	0	0	0	0	0	0	0	0
NR_112893.1	GIN-41-MGE-S217	0	0	0	0	0	0	0	0	0
NR_112881.1	GIN-41-MGE-S217	0	0	0	0	0	0	0	0	0
NR_112878.1	GIN-41-MGE-S217	0	0	0	0	0	0	0	0	0
NR_112843.1	GIN-41-MGE-S217	0	0	0	0	0	0	0	0	0
NR_112842.1	GIN-41-MGE-S217	0	0	0	0	0	0	0	0	0
NR_112841.1	GIN-41-MGE-S217	0	0	0	0	0	0	0	0	0
NR_112840.1	GIN-41-MGE-S217	0	0	0	0	0	0	0	0	0
NR_112839.1	GIN-41-MGE-S217	0	0	0	0	0	0	0	0	0
NR_112838.1	GIN-41-MGE-S217	0	0	0	0	0	0	0	0	0
NR_112837.1	GIN-41-MGE-S217	0	0	0	0	0	0	0	0	0
NR_112835.1	GIN-41-MGE-S217	0	0	0	0	0	0	0	0	0
NR_112834.1	GIN-41-MGE-S217	0	0	0	0	0	0	0	0	0
NR_112833.1	GIN-41-MGE-S217	0	0	0	0	0	0	0	0	0
NR_112826.1	GIN-41-MGE-S217	0	0	0	0	0	0	0	0	0
NR_112825.1	GIN-41-MGE-S217	0	0	0	0	0	0	0	0	0
NR_112823.1	GIN-41-MGE-S217	0	0	0	0	0	0	0	0	0
NR_112820.1	GIN-41-MGE-S217	0	0	0	0	0	0	0	0	0
NR_112819.1	GIN-41-MGE-S217	0	0	0	0	0	0	0	0	0
NR_112818.1	GIN-41-MGE-S217	0	0	0	0	0	0	0	0	0
NR_112817.1	GIN-41-MGE-S217	0	0	0	0	0	0	0	0	0
NR_112816.1	GIN-41-MGE-S217	0	0	0	0	0	0	0	0	0
NR_112815.1	GIN-41-MGE-S217	0	0	0	0	0	0	0	0	0
NR_112814.1	GIN-41-MGE-S217	0	0	0	0	0	0	0	0	0
NR_112801.1	GIN-41-MGE-S217	0	0	0	0	0	0	0	0	0
NR_112800.1	GIN-41-MGE-S217	0	0	0	0	0	0	0	0	0
NR_112798.1	GIN-41-MGE-S217	0	0	0	0	0	0	0	0	0
NR_112792.1	GIN-41-MGE-S217	0	0	0	0	0	0	0	0	0
NR_112784.1	GIN-41-MGE-S217	0	0	0	0	0	0	0	0	0
NR_112783.1	GIN-41-MGE-S217	0	0	0	0	0	0	0	0	0
NR_112782.1	GIN-41-MGE-S217	0	0	0	0	0	0	0	0	0
NR_112781.1	GIN-41-MGE-S217	0	0	0	0	0	0	0	0	0
NR_112780.1	GIN-41-MGE-S217	0	0	0	0	0	0	0	0	0
NR_112773.1	GIN-41-MGE-S217	0	0	0	0	0	0	0	0	0
NR_112772.1	GIN-41-MGE-S217	0	0	0	0	0	0	0	0	0
NR_112771.1	GIN-41-MGE-S217	0	0	0	0	0	0	0	0	0
NR_112770.1	GIN-41-MGE-S217	0	0	0	0	0	0	0	0	0
NR_112769.1	GIN-41-MGE-S217	0	0	0	0	0	0	0	0	0
NR_112762.1	GIN-41-MGE-S217	0	0	0	0	0	0	0	0	0
NR_112761.1	GIN-41-MGE-S217	0	0	0	0	0	0	0	0	0
NR_112760.1	GIN-41-MGE-S217	0	0	0	0	0	0	0	0	0
NR_112750.1	GIN-41-MGE-S217	0	0	0	0	0	0	0	0	0
NR_112748.1	GIN-41-MGE-S217	0	0	0	0	0	0	0	0	0
NR_112747.1	GIN-41-MGE-S217	0	0	0	0	0	0	0	0	0
NR_112746.1	GIN-41-MGE-S217	0	0	0	0	0	0	0	0	0
NR_112745.1	GIN-41-MGE-S217	0	0	0	0	0	0	0	0	0
NR_112744.1	GIN-41-MGE-S217	0	0	0	0	0	0	0	0	0
NR_112742.1	GIN-41-MGE-S217	0	0	0	0	0	0	0	0	0
NR_112737.1	GIN-41-MGE-S217	0	0	0	0	0	0	0	0	0
NR_112736.1	GIN-41-MGE-S217	0	0	0	0	0	0	0	0	0
NR_112735.1	GIN-41-MGE-S217	0	0	0	0	0	0	0	0	0
NR_112734.1	GIN-41-MGE-S217	0	0	0	0	0	0	0	0	0
NR_112733.1	GIN-41-MGE-S217	0	0	0	0	0	0	0	0	0
NR_112732.1	GIN-41-MGE-S217	0	0	0	0	0	0	0	0	0
NR_112731.1	GIN-41-MGE-S217	0	0	0	0	0	0	0	0	0
NR_112730.1	GIN-41-MGE-S217	0	0	0	0	0	0	0	0	0
NR_112729.1	GIN-41-MGE-S217	0	0	0	0	0	0	0	0	0
NR_112728.1	GIN-41-MGE-S217	0	0	0	0	0	0	0	0	0
NR_112727.1	GIN-41-MGE-S217	0	0	0	0	0	0	0	0	0
NR_112725.1	GIN-41-MGE-S217	0	0	0	0	0	0	0	0	0
NR_112724.1	GIN-41-MGE-S217	0	0	0	0	0	0	0	0	0
NR_112723.1	GIN-41-MGE-S217	0	0	0	0	0	0	0	0	0
NR_112719.1	GIN-41-MGE-S217	0	0	0	0	0	0	0	0	0
NR_112718.1	GIN-41-MGE-S217	0	0	0	0	0	0	0	0	0
NR_112705.1	GIN-41-MGE-S217	0	0	0	0	0	0	0	0	0
NR_112704.1	GIN-41-MGE-S217	0	0	0	0	0	0	0	0	0
NR_112702.1	GIN-41-MGE-S217	0	0	0	0	0	0	0	0	0
NR_112701.1	GIN-41-MGE-S217	0	0	0	0	0	0	0	0	0
NR_112700.1	GIN-41-MGE-S217	0	0	0	0	0	0	0	0	0
NR_112698.1	GIN-41-MGE-S217	0	0	0	0	0	0	0	0	0
NR_112697.1	GIN-41-MGE-S217	0	0	0	0	0	0	0	0	0
NR_112696.1	GIN-41-MGE-S217	0	0	0	0	0	0	0	0	0
NR_112695.1	GIN-41-MGE-S217	0	0	0	0	0	0	0	0	0
NR_112688.1	GIN-41-MGE-S217	0	0	0	0	0	0	0	0	0
NR_112687.1	GIN-41-MGE-S217	0	0	0	0	0	0	0	0	0
NR_112686.1	GIN-41-MGE-S217	0	0	0	0	0	0	0	0	0
NR_112685.1	GIN-41-MGE-S217	0	0	0	0	0	0	0	0	0
NR_112683.1	GIN-41-MGE-S217	0	0	0	0	0	0	0	0	0
NR_112681.1	GIN-41-MGE-S217	0	0	0	0	0	0	0	0	0
NR_112677.1	GIN-41-MGE-S217	0	0	0	0	0	0	0	0	0
NR_112676.1	GIN-41-MGE-S217	0	0	0	0	0	0	0	0	0
NR_112674.1	GIN-41-MGE-S217	0	0	0	0	0	0	0	0	0
NR_112672.1	GIN-41-MGE-S217	0	0	0	0	0	0	0	0	0
NR_112671.1	GIN-41-MGE-S217	0	0	0	0	0	0	0	0	0
NR_112670.1	GIN-41-MGE-S217	0	0	0	0	0	0	0	0	0
NR_112667.1	GIN-41-MGE-S217	0	0	0	0	0	0	0	0	0
NR_112666.1	GIN-41-MGE-S217	0	0	0	0	0	0	0	0	0
NR_112665.1	GIN-41-MGE-S217	0	0	0	0	0	0	0	0	0
NR_112664.1	GIN-41-MGE-S217	0	0	0	0	0	0	0	0	0
NR_112662.1	GIN-41-MGE-S217	0	0	0	0	0	0	0	0	0
NR_112661.1	GIN-41-MGE-S217	0	0	0	0	0	0	0	0	0
NR_112660.1	GIN-41-MGE-S217	0	0	0	0	0	0	0	0	0
NR_112659.1	GIN-41-MGE-S217	0	0	0	0	0	0	0	0	0
NR_112658.1	GIN-41-MGE-S217	0	0	0	0	0	0	0	0	0
NR_112657.1	GIN-41-MGE-S217	0	0	0	0	0	0	0	0	0
NR_112656.1	GIN-41-MGE-S217	0	0	0	0	0	0	0	0	0
NR_112654.1	GIN-41-MGE-S217	0	0	0	0	0	0	0	0	0
NR_112653.1	GIN-41-MGE-S217	0	0	0	0	0	0	0	0	0
NR_112651.1	GIN-41-MGE-S217	0	0	0	0	0	0	0	0	0
NR_112650.1	GIN-41-MGE-S217	0	0	0	0	0	0	0	0	0
NR_112649.1	GIN-41-MGE-S217	0	0	0	0	0	0	0	0	0
NR_112641.1	GIN-41-MGE-S217	0	0	0	0	0	0	0	0	0
NR_112640.1	GIN-41-MGE-S217	0	0	0	0	0	0	0	0	0
NR_112639.1	GIN-41-MGE-S217	0	0	0	0	0	0	0	0	0
NR_112638.1	GIN-41-MGE-S217	0	0	0	0	0	0	0	0	0
NR_112637.1	GIN-41-MGE-S217	0	0	0	0	0	0	0	0	0
NR_112634.1	GIN-41-MGE-S217	0	0	0	0	0	0	0	0	0
NR_112633.1	GIN-41-MGE-S217	0	0	0	0	0	0	0	0	0
NR_112630.1	GIN-41-MGE-S217	0	0	0	0	0	0	0	0	0
NR_112629.1	GIN-41-MGE-S217	0	0	0	0	0	0	0	0	0
NR_112628.1	GIN-41-MGE-S217	0	0	0	0	0	0	0	0	0
NR_112627.1	GIN-41-MGE-S217	0	0	0	0	0	0	0	0	0
NR_112626.1	GIN-41-MGE-S217	0	0	0	0	0	0	0	0	0
NR_112623.1	GIN-41-MGE-S217	0	0	0	0	0	0	0	0	0
NR_112619.1	GIN-41-MGE-S217	0	0	0	0	0	0	0	0	0
NR_112615.1	GIN-41-MGE-S217	0	0	0	0	0	0	0	0	0
NR_112614.1	GIN-41-MGE-S217	0	0	0	0	0	0	0	0	0
NR_112613.1	GIN-41-MGE-S217	0	0	0	0	0	0	0	0	0
NR_112612.1	GIN-41-MGE-S217	0	0	0	0	0	0	0	0	0
NR_112610.1	GIN-41-MGE-S217	0	0	0	0	0	0	0	0	0
NR_112609.1	GIN-41-MGE-S217	0	0	0	0	0	0	0	0	0
NR_112608.1	GIN-41-MGE-S217	0	0	0	0	0	0	0	0	0
NR_112607.1	GIN-41-MGE-S217	0	0	0	0	0	0	0	0	0
NR_112606.1	GIN-41-MGE-S217	0	0	0	0	0	0	0	0	0
NR_112605.1	GIN-41-MGE-S217	0	0	0	0	0	0	0	0	0
NR_112604.1	GIN-41-MGE-S217	0	0	0	0	0	0	0	0	0
NR_112603.1	GIN-41-MGE-S217	0	0	0	0	0	0	0	0	0
NR_112602.1	GIN-41-MGE-S217	0	0	0	0	0	0	0	0	0
NR_112601.1	GIN-41-MGE-S217	0	0	0	0	0	0	0	0	0
NR_112600.1	GIN-41-MGE-S217	0	0	0	0	0	0	0	0	0
NR_112599.1	GIN-41-MGE-S217	0	0	0	0	0	0	0	0	0
NR_112598.1	GIN-41-MGE-S217	0	0	0	0	0	0	0	0	0
NR_112596.1	GIN-41-MGE-S217	0	0	0	0	0	0	0	0	0
NR_112595.1	GIN-41-MGE-S217	0	0	0	0	0	0	0	0	0
NR_112594.1	GIN-41-MGE-S217	0	0	0	0	0	0	0	0	0
NR_112592.1	GIN-41-MGE-S217	0	0	0	0	0	0	0	0	0
NR_112591.1	GIN-41-MGE-S217	0	0	0	0	0	0	0	0	0
NR_112590.1	GIN-41-MGE-S217	0	0	0	0	0	0	0	0	0
NR_112589.1	GIN-41-MGE-S217	0	0	0	0	0	0	0	0	0
NR_112588.1	GIN-41-MGE-S217	0	0	0	0	0	0	0	0	0
NR_112587.1	GIN-41-MGE-S217	0	0	0	0	0	0	0	0	0
NR_112586.1	GIN-41-MGE-S217	0	0	0	0	0	0	0	0	0
NR_112585.1	GIN-41-MGE-S217	0	0	0	0	0	0	0	0	0
NR_112584.1	GIN-41-MGE-S217	0	0	0	0	0	0	0	0	0
NR_112583.1	GIN-41-MGE-S217	0	0	0	0	0	0	0	0	0
NR_112582.1	GIN-41-MGE-S217	0	0	0	0	0	0	0	0	0
NR_112581.1	GIN-41-MGE-S217	0	0	0	0	0	0	0	0	0
NR_112580.1	GIN-41-MGE-S217	0	0	0	0	0	0	0	0	0
NR_112579.1	GIN-41-MGE-S217	0	0	0	0	0	0	0	0	0
NR_112578.1	GIN-41-MGE-S217	0	0	0	0	0	0	0	0	0
NR_112577.1	GIN-41-MGE-S217	0	0	0	0	0	0	0	0	0
NR_112576.1	GIN-41-MGE-S217	0	0	0	0	0	0	0	0	0
NR_112575.1	GIN-41-MGE-S217	0	0	0	0	0	0	0	0	0
NR_112574.1	GIN-41-MGE-S217	0	0	0	0	0	0	0	0	0
NR_112573.1	GIN-41-MGE-S217	0	0	0	0	0	0	0	0	0
NR_112572.1	GIN-41-MGE-S217	0	0	0	0	0	0	0	0	0
NR_112570.1	GIN-41-MGE-S217	0	0	0	0	0	0	0	0	0
NR_112569.1	GIN-41-MGE-S217	0	0	0	0	0	0	0	0	0
NR_112567.1	GIN-41-MGE-S217	0	0	0	0	0	0	0	0	0
NR_112559.1	GIN-41-MGE-S217	0	0	0	0	0	0	0	0	0
NR_112558.1	GIN-41-MGE-S217	1	1	0	0	0	0	0	0	0
NR_112557.1	GIN-41-MGE-S217	0	0	0	0	0	0	0	0	0
NR_112556.1	GIN-41-MGE-S217	0	0	0	0	0	0	0	0	0
NR_112555.1	GIN-41-MGE-S217	0	0	0	0	0	0	0	0	0
NR_112554.1	GIN-41-MGE-S217	0	0	0	0	0	0	0	0	0
NR_112551.1	GIN-41-MGE-S217	0	0	0	0	0	0	0	0	0
NR_112550.1	GIN-41-MGE-S217	0	0	0	0	0	0	0	0	0
NR_112549.1	GIN-41-MGE-S217	0	0	0	0	0	0	0	0	0
NR_112546.1	GIN-41-MGE-S217	0	0	0	0	0	0	0	0	0
NR_112545.1	GIN-41-MGE-S217	0	0	0	0	0	0	0	0	0
NR_112544.1	GIN-41-MGE-S217	0	0	0	0	0	0	0	0	0
NR_112543.1	GIN-41-MGE-S217	0	0	0	0	0	0	0	0	0
NR_112542.1	GIN-41-MGE-S217	0	0	0	0	0	0	0	0	0
NR_112539.1	GIN-41-MGE-S217	0	0	0	0	0	0	0	0	0
NR_112538.1	GIN-41-MGE-S217	0	0	0	0	0	0	0	0	0
NR_112536.1	GIN-41-MGE-S217	0	0	0	0	0	0	0	0	0
NR_112532.1	GIN-41-MGE-S217	0	0	0	0	0	0	0	0	0
NR_112531.1	GIN-41-MGE-S217	0	0	0	0	0	0	0	0	0
NR_112530.1	GIN-41-MGE-S217	0	0	0	0	0	0	0	0	0
NR_112529.1	GIN-41-MGE-S217	0	0	0	0	0	0	0	0	0
NR_112528.1	GIN-41-MGE-S217	0	0	0	0	0	0	0	0	0
NR_112527.1	GIN-41-MGE-S217	0	0	0	0	0	0	0	0	0
NR_112526.1	GIN-41-MGE-S217	0	0	0	0	0	0	0	0	0
NR_112525.1	GIN-41-MGE-S217	0	0	0	0	0	0	0	0	0
NR_112524.1	GIN-41-MGE-S217	0	0	0	0	0	0	0	0	0
NR_112523.1	GIN-41-MGE-S217	0	0	0	0	0	0	0	0	0
NR_112522.1	GIN-41-MGE-S217	0	0	0	0	0	0	0	0	0
NR_112521.1	GIN-41-MGE-S217	0	0	0	0	0	0	0	0	0
NR_112520.1	GIN-41-MGE-S217	0	0	0	0	0	0	0	0	0
NR_112519.1	GIN-41-MGE-S217	0	0	0	0	0	0	0	0	0
NR_112518.1	GIN-41-MGE-S217	0	0	0	0	0	0	0	0	0
NR_112517.1	GIN-41-MGE-S217	0	0	0	0	0	0	0	0	0
NR_112516.1	GIN-41-MGE-S217	0	0	0	0	0	0	0	0	0
NR_112515.1	GIN-41-MGE-S217	0	0	0	0	0	0	0	0	0
NR_112514.1	GIN-41-MGE-S217	0	0	0	0	0	0	0	0	0
NR_112513.1	GIN-41-MGE-S217	0	0	0	0	0	0	0	0	0
NR_112512.1	GIN-41-MGE-S217	0	0	0	0	0	0	0	0	0
NR_112511.1	GIN-41-MGE-S217	0	0	0	0	0	0	0	0	0
NR_112510.1	GIN-41-MGE-S217	0	0	0	0	0	0	0	0	0
NR_112509.1	GIN-41-MGE-S217	0	0	0	0	0	0	0	0	0
NR_112508.1	GIN-41-MGE-S217	0	0	0	0	0	0	0	0	0
NR_112507.1	GIN-41-MGE-S217	0	0	0	0	0	0	0	0	0
NR_112506.1	GIN-41-MGE-S217	0	0	0	0	0	0	0	0	0
NR_112505.1	GIN-41-MGE-S217	0	0	0	0	0	0	0	0	0
NR_112504.1	GIN-41-MGE-S217	0	0	0	0	0	0	0	0	0
NR_112503.1	GIN-41-MGE-S217	0	0	0	0	0	0	0	0	0
NR_112501.1	GIN-41-MGE-S217	0	0	0	0	0	0	0	0	0
NR_112500.1	GIN-41-MGE-S217	0	0	0	0	0	0	0	0	0
NR_112499.1	GIN-41-MGE-S217	0	0	0	0	0	0	0	0	0
NR_112498.1	GIN-41-MGE-S217	0	0	0	0	0	0	0	0	0
NR_112497.1	GIN-41-MGE-S217	0	0	0	0	0	0	0	0	0
NR_112496.1	GIN-41-MGE-S217	0	0	0	0	0	0	0	0	0
NR_112495.1	GIN-41-MGE-S217	0	0	0	0	0	0	0	0	0
NR_112494.1	GIN-41-MGE-S217	0	0	0	0	0	0	0	0	0
NR_112493.1	GIN-41-MGE-S217	0	0	0	0	0	0	0	0	0
NR_112492.1	GIN-41-MGE-S217	0	0	0	0	0	0	0	0	0
NR_112491.1	GIN-41-MGE-S217	0	0	0	0	0	0	0	0	0
NR_112490.1	GIN-41-MGE-S217	0	0	0	0	0	0	0	0	0
NR_112489.1	GIN-41-MGE-S217	0	0	0	0	0	0	0	0	0
NR_112488.1	GIN-41-MGE-S217	0	0	0	0	0	0	0	0	0
NR_112487.1	GIN-41-MGE-S217	0	0	0	0	0	0	0	0	0
NR_112486.1	GIN-41-MGE-S217	0	0	0	0	0	0	0	0	0
NR_112485.1	GIN-41-MGE-S217	0	0	0	0	0	0	0	0	0
NR_112484.1	GIN-41-MGE-S217	0	0	0	0	0	0	0	0	0
NR_112483.1	GIN-41-MGE-S217	0	0	0	0	0	0	0	0	0
NR_112482.1	GIN-41-MGE-S217	0	0	0	0	0	0	0	0	0
NR_112481.1	GIN-41-MGE-S217	0	0	0	0	0	0	0	0	0
NR_112480.1	GIN-41-MGE-S217	0	0	0	0	0	0	0	0	0
NR_112478.1	GIN-41-MGE-S217	0	0	0	0	0	0	0	0	0
NR_112477.1	GIN-41-MGE-S217	0	0	0	0	0	0	0	0	0
NR_112476.1	GIN-41-MGE-S217	0	0	0	0	0	0	0	0	0
NR_112475.1	GIN-41-MGE-S217	0	0	0	0	0	0	0	0	0
NR_112474.1	GIN-41-MGE-S217	0	0	0	0	0	0	0	0	0
NR_112473.1	GIN-41-MGE-S217	0	0	0	0	0	0	0	0	0
NR_112472.1	GIN-41-MGE-S217	0	0	0	0	0	0	0	0	0
NR_112471.1	GIN-41-MGE-S217	0	0	0	0	0	0	0	0	0
NR_112470.1	GIN-41-MGE-S217	0	0	0	0	0	0	0	0	0
NR_112469.1	GIN-41-MGE-S217	0	0	0	0	0	0	0	0	0
NR_112468.1	GIN-41-MGE-S217	0	0	0	0	0	0	0	0	0
NR_112467.1	GIN-41-MGE-S217	0	0	0	0	0	0	0	0	0
NR_112466.1	GIN-41-MGE-S217	0	0	0	0	0	0	0	0	0
NR_112465.1	GIN-41-MGE-S217	0	0	0	0	0	0	0	0	0
NR_112464.1	GIN-41-MGE-S217	0	0	0	0	0	0	0	0	0
NR_112463.1	GIN-41-MGE-S217	0	0	0	0	0	0	0	0	0
NR_112462.1	GIN-41-MGE-S217	0	0	0	0	0	0	0	0	0
NR_112461.1	GIN-41-MGE-S217	0	0	0	0	0	0	0	0	0
NR_112460.1	GIN-41-MGE-S217	0	0	0	0	0	0	0	0	0
NR_112459.1	GIN-41-MGE-S217	0	0	0	0	0	0	0	0	0
NR_112458.1	GIN-41-MGE-S217	0	0	0	0	0	0	0	0	0
NR_112455.1	GIN-41-MGE-S217	0	0	0	0	0	0	0	0	0
NR_112454.1	GIN-41-MGE-S217	0	0	0	0	0	0	0	0	0
NR_112453.1	GIN-41-MGE-S217	0	0	0	0	0	0	0	0	0
NR_112452.1	GIN-41-MGE-S217	0	0	0	0	0	0	0	0	0
NR_112451.1	GIN-41-MGE-S217	0	0	0	0	0	0	0	0	0
NR_112450.1	GIN-41-MGE-S217	0	0	0	0	0	0	0	0	0
NR_112449.1	GIN-41-MGE-S217	0	0	0	0	0	0	0	0	0
NR_112448.1	GIN-41-MGE-S217	0	0	0	0	0	0	0	0	0
NR_112447.1	GIN-41-MGE-S217	0	0	0	0	0	0	0	0	0
NR_112446.1	GIN-41-MGE-S217	0	0	0	0	0	0	0	0	0
NR_112445.1	GIN-41-MGE-S217	0	0	0	0	0	0	0	0	0
NR_112444.1	GIN-41-MGE-S217	0	0	0	0	0	0	0	0	0
NR_112443.1	GIN-41-MGE-S217	0	0	0	0	0	0	0	0	0
NR_112442.1	GIN-41-MGE-S217	0	0	0	0	0	0	0	0	0
NR_112441.1	GIN-41-MGE-S217	0	0	0	0	0	0	0	0	0
NR_112440.1	GIN-41-MGE-S217	0	0	0	0	0	0	0	0	0
NR_112439.1	GIN-41-MGE-S217	0	0	0	0	0	0	0	0	0
NR_112438.1	GIN-41-MGE-S217	0	0	0	0	0	0	0	0	0
NR_112437.1	GIN-41-MGE-S217	0	0	0	0	0	0	0	0	0
NR_112436.1	GIN-41-MGE-S217	0	0	0	0	0	0	0	0	0
NR_112435.1	GIN-41-MGE-S217	0	0	0	0	0	0	0	0	0
NR_112434.1	GIN-41-MGE-S217	0	0	0	0	0	0	0	0	0
NR_112433.1	GIN-41-MGE-S217	0	0	0	0	0	0	0	0	0
NR_112432.1	GIN-41-MGE-S217	0	0	0	0	0	0	0	0	0
NR_112431.1	GIN-41-MGE-S217	0	0	0	0	0	0	0	0	0
NR_112430.1	GIN-41-MGE-S217	0	0	0	0	0	0	0	0	0
NR_112429.1	GIN-41-MGE-S217	0	0	0	0	0	0	0	0	0
NR_112428.1	GIN-41-MGE-S217	0	0	0	0	0	0	0	0	0
NR_112427.1	GIN-41-MGE-S217	0	0	0	0	0	0	0	0	0
NR_112426.1	GIN-41-MGE-S217	0	0	0	0	0	0	0	0	0
NR_112425.1	GIN-41-MGE-S217	0	0	0	0	0	0	0	0	0
NR_112424.1	GIN-41-MGE-S217	0	0	0	0	0	0	0	0	0
NR_112423.1	GIN-41-MGE-S217	0	0	0	0	0	0	0	0	0
NR_112422.1	GIN-41-MGE-S217	0	0	0	0	0	0	0	0	0
NR_112421.1	GIN-41-MGE-S217	0	0	0	0	0	0	0	0	0
NR_112420.1	GIN-41-MGE-S217	0	0	0	0	0	0	0	0	0
NR_112419.1	GIN-41-MGE-S217	0	0	0	0	0	0	0	0	0
NR_112418.1	GIN-41-MGE-S217	0	0	0	0	0	0	0	0	0
NR_112416.1	GIN-41-MGE-S217	0	0	0	0	0	0	0	0	0
NR_112415.1	GIN-41-MGE-S217	0	0	0	0	0	0	0	0	0
NR_112414.1	GIN-41-MGE-S217	0	0	0	0	0	0	0	0	0
NR_112413.1	GIN-41-MGE-S217	0	0	0	0	0	0	0	0	0
NR_112412.1	GIN-41-MGE-S217	0	0	0	0	0	0	0	0	0
NR_112411.1	GIN-41-MGE-S217	0	0	0	0	0	0	0	0	0
NR_112410.1	GIN-41-MGE-S217	0	0	0	0	0	0	0	0	0
NR_112409.1	GIN-41-MGE-S217	0	0	0	0	0	0	0	0	0
NR_112407.1	GIN-41-MGE-S217	0	0	0	0	0	0	0	0	0
NR_112405.1	GIN-41-MGE-S217	0	0	0	0	0	0	0	0	0
NR_112404.1	GIN-41-MGE-S217	0	0	0	0	0	0	0	0	0
NR_112403.1	GIN-41-MGE-S217	0	0	0	0	0	0	0	0	0
NR_112402.1	GIN-41-MGE-S217	0	0	0	0	0	0	0	0	0
NR_112401.1	GIN-41-MGE-S217	0	0	0	0	0	0	0	0	0
NR_112400.1	GIN-41-MGE-S217	0	0	0	0	0	0	0	0	0
NR_112399.1	GIN-41-MGE-S217	0	0	0	0	0	0	0	0	0
NR_112398.1	GIN-41-MGE-S217	0	0	0	0	0	0	0	0	0
NR_112397.1	GIN-41-MGE-S217	0	0	0	0	0	0	0	0	0
NR_112396.1	GIN-41-MGE-S217	0	0	0	0	0	0	0	0	0
NR_112395.1	GIN-41-MGE-S217	0	0	0	0	0	0	0	0	0
NR_112394.1	GIN-41-MGE-S217	0	0	0	0	0	0	0	0	0
NR_112393.1	GIN-41-MGE-S217	0	0	0	0	0	0	0	0	0
NR_112392.1	GIN-41-MGE-S217	0	0	0	0	0	0	0	0	0
NR_112391.1	GIN-41-MGE-S217	0	0	0	0	0	0	0	0	0
NR_112390.1	GIN-41-MGE-S217	0	0	0	0	0	0	0	0	0
NR_112389.1	GIN-41-MGE-S217	0	0	0	0	0	0	0	0	0
NR_112388.1	GIN-41-MGE-S217	0	0	0	0	0	0	0	0	0
NR_112387.1	GIN-41-MGE-S217	0	0	0	0	0	0	0	0	0
NR_112386.1	GIN-41-MGE-S217	0	0	0	0	0	0	0	0	0
NR_112385.1	GIN-41-MGE-S217	0	0	0	0	0	0	0	0	0
NR_112383.1	GIN-41-MGE-S217	0	0	0	0	0	0	0	0	0
NR_112382.1	GIN-41-MGE-S217	0	0	0	0	0	0	0	0	0
NR_112381.1	GIN-41-MGE-S217	0	0	0	0	0	0	0	0	0
NR_112380.1	GIN-41-MGE-S217	0	0	0	0	0	0	0	0	0
NR_112379.1	GIN-41-MGE-S217	0	0	0	0	0	0	0	0	0
NR_112378.1	GIN-41-MGE-S217	0	0	0	0	0	0	0	0	0
NR_112377.1	GIN-41-MGE-S217	0	0	0	0	0	0	0	0	0
NR_112376.1	GIN-41-MGE-S217	0	0	0	0	0	0	0	0	0
NR_112375.1	GIN-41-MGE-S217	0	0	0	0	0	0	0	0	0
NR_112374.1	GIN-41-MGE-S217	0	0	0	0	0	0	0	0	0
NR_112373.1	GIN-41-MGE-S217	0	0	0	0	0	0	0	0	0
NR_112372.1	GIN-41-MGE-S217	0	0	0	0	0	0	0	0	0
NR_112371.1	GIN-41-MGE-S217	0	0	0	0	0	0	0	0	0
NR_112370.1	GIN-41-MGE-S217	0	0	0	0	0	0	0	0	0
NR_112369.1	GIN-41-MGE-S217	0	0	0	0	0	0	0	0	0
NR_112368.1	GIN-41-MGE-S217	0	0	0	0	0	0	0	0	0
NR_112367.1	GIN-41-MGE-S217	0	0	0	0	0	0	0	0	0
NR_112366.1	GIN-41-MGE-S217	0	0	0	0	0	0	0	0	0
NR_112365.1	GIN-41-MGE-S217	0	0	0	0	0	0	0	0	0
NR_112364.1	GIN-41-MGE-S217	0	0	0	0	0	0	0	0	0
NR_112363.1	GIN-41-MGE-S217	0	0	0	0	0	0	0	0	0
NR_112362.1	GIN-41-MGE-S217	0	0	0	0	0	0	0	0	0
NR_112361.1	GIN-41-MGE-S217	0	0	0	0	0	0	0	0	0
NR_112360.1	GIN-41-MGE-S217	0	0	0	0	0	0	0	0	0
NR_112359.1	GIN-41-MGE-S217	0	0	0	0	0	0	0	0	0
NR_112358.1	GIN-41-MGE-S217	0	0	0	0	0	0	0	0	0
NR_112357.1	GIN-41-MGE-S217	0	0	0	0	0	0	0	0	0
NR_112356.1	GIN-41-MGE-S217	0	0	0	0	0	0	0	0	0
NR_112355.1	GIN-41-MGE-S217	0	0	0	0	0	0	0	0	0
NR_112354.1	GIN-41-MGE-S217	0	0	0	0	0	0	0	0	0
NR_112353.1	GIN-41-MGE-S217	0	0	0	0	0	0	0	0	0
NR_112352.1	GIN-41-MGE-S217	0	0	0	0	0	0	0	0	0
NR_112351.1	GIN-41-MGE-S217	0	0	0	0	0	0	0	0	0
NR_112350.1	GIN-41-MGE-S217	0	0	0	0	0	0	0	0	0
NR_112349.1	GIN-41-MGE-S217	0	0	0	0	0	0	0	0	0
NR_112348.1	GIN-41-MGE-S217	0	0	0	0	0	0	0	0	0
NR_112347.1	GIN-41-MGE-S217	0	0	0	0	0	0	0	0	0
NR_112346.1	GIN-41-MGE-S217	0	0	0	0	0	0	0	0	0
NR_112345.1	GIN-41-MGE-S217	0	0	0	0	0	0	0	0	0
NR_112344.1	GIN-41-MGE-S217	0	0	0	0	0	0	0	0	0
NR_112343.1	GIN-41-MGE-S217	0	0	0	0	0	0	0	0	0
NR_112341.1	GIN-41-MGE-S217	0	0	0	0	0	0	0	0	0
NR_112340.1	GIN-41-MGE-S217	0	0	0	0	0	0	0	0	0
NR_112339.1	GIN-41-MGE-S217	0	0	0	0	0	0	0	0	0
NR_112338.1	GIN-41-MGE-S217	0	0	0	0	0	0	0	0	0
NR_112337.1	GIN-41-MGE-S217	0	0	0	0	0	0	0	0	0
NR_112336.1	GIN-41-MGE-S217	0	0	0	0	0	0	0	0	0
NR_112335.1	GIN-41-MGE-S217	0	0	0	0	0	0	0	0	0
NR_112334.1	GIN-41-MGE-S217	0	0	0	0	0	0	0	0	0
NR_112333.1	GIN-41-MGE-S217	0	0	0	0	0	0	0	0	0
NR_112332.1	GIN-41-MGE-S217	0	0	0	0	0	0	0	0	0
NR_112331.1	GIN-41-MGE-S217	0	0	0	0	0	0	0	0	0
NR_112330.1	GIN-41-MGE-S217	0	0	0	0	0	0	0	0	0
NR_112329.1	GIN-41-MGE-S217	0	0	0	0	0	0	0	0	0
NR_112328.1	GIN-41-MGE-S217	0	0	0	0	0	0	0	0	0
NR_112327.1	GIN-41-MGE-S217	0	0	0	0	0	0	0	0	0
NR_112326.1	GIN-41-MGE-S217	0	0	0	0	0	0	0	0	0
NR_112325.1	GIN-41-MGE-S217	0	0	0	0	0	0	0	0	0
NR_112324.1	GIN-41-MGE-S217	0	0	0	0	0	0	0	0	0
NR_112323.1	GIN-41-MGE-S217	0	0	0	0	0	0	0	0	0
NR_112322.1	GIN-41-MGE-S217	0	0	0	0	0	0	0	0	0
NR_112321.1	GIN-41-MGE-S217	0	0	0	0	0	0	0	0	0
NR_112320.1	GIN-41-MGE-S217	0	0	0	0	0	0	0	0	0
NR_112319.1	GIN-41-MGE-S217	0	0	0	0	0	0	0	0	0
NR_112318.1	GIN-41-MGE-S217	0	0	0	0	0	0	0	0	0
NR_112317.1	GIN-41-MGE-S217	0	0	0	0	0	0	0	0	0
NR_112316.1	GIN-41-MGE-S217	0	0	0	0	0	0	0	0	0
NR_112315.1	GIN-41-MGE-S217	0	0	0	0	0	0	0	0	0
NR_112314.1	GIN-41-MGE-S217	0	0	0	0	0	0	0	0	0
NR_112313.1	GIN-41-MGE-S217	0	0	0	0	0	0	0	0	0
NR_112312.1	GIN-41-MGE-S217	0	0	0	0	0	0	0	0	0
NR_112311.1	GIN-41-MGE-S217	0	0	0	0	0	0	0	0	0
NR_112310.1	GIN-41-MGE-S217	0	0	0	0	0	0	0	0	0
NR_112309.1	GIN-41-MGE-S217	0	0	0	0	0	0	0	0	0
NR_112308.1	GIN-41-MGE-S217	0	0	0	0	0	0	0	0	0
NR_112307.1	GIN-41-MGE-S217	0	0	0	0	0	0	0	0	0
NR_112306.1	GIN-41-MGE-S217	0	0	0	0	0	0	0	0	0
NR_112305.1	GIN-41-MGE-S217	0	0	0	0	0	0	0	0	0
NR_112304.1	GIN-41-MGE-S217	0	0	0	0	0	0	0	0	0
NR_112303.1	GIN-41-MGE-S217	0	0	0	0	0	0	0	0	0
NR_112302.1	GIN-41-MGE-S217	0	0	0	0	0	0	0	0	0
NR_112301.1	GIN-41-MGE-S217	0	0	0	0	0	0	0	0	0
NR_112300.1	GIN-41-MGE-S217	0	0	0	0	0	0	0	0	0
NR_112299.1	GIN-41-MGE-S217	0	0	0	0	0	0	0	0	0
NR_112298.1	GIN-41-MGE-S217	0	0	0	0	0	0	0	0	0
NR_112297.1	GIN-41-MGE-S217	0	0	0	0	0	0	0	0	0
NR_112296.1	GIN-41-MGE-S217	0	0	0	0	0	0	0	0	0
NR_112295.1	GIN-41-MGE-S217	0	0	0	0	0	0	0	0	0
NR_112294.1	GIN-41-MGE-S217	0	0	0	0	0	0	0	0	0
NR_112293.1	GIN-41-MGE-S217	0	0	0	0	0	0	0	0	0
NR_112292.1	GIN-41-MGE-S217	0	0	0	0	0	0	0	0	0
NR_112291.1	GIN-41-MGE-S217	0	0	0	0	0	0	0	0	0
NR_112290.1	GIN-41-MGE-S217	0	0	0	0	0	0	0	0	0
NR_112289.1	GIN-41-MGE-S217	0	0	0	0	0	0	0	0	0
NR_112288.1	GIN-41-MGE-S217	0	0	0	0	0	0	0	0	0
NR_112287.1	GIN-41-MGE-S217	0	0	0	0	0	0	0	0	0
NR_112286.1	GIN-41-MGE-S217	0	0	0	0	0	0	0	0	0
NR_112284.1	GIN-41-MGE-S217	0	0	0	0	0	0	0	0	0
NR_112283.1	GIN-41-MGE-S217	0	0	0	0	0	0	0	0	0
NR_112282.1	GIN-41-MGE-S217	0	0	0	0	0	0	0	0	0
NR_112281.1	GIN-41-MGE-S217	0	0	0	0	0	0	0	0	0
NR_112280.1	GIN-41-MGE-S217	0	0	0	0	0	0	0	0	0
NR_112279.1	GIN-41-MGE-S217	0	0	0	0	0	0	0	0	0
NR_112278.1	GIN-41-MGE-S217	0	0	0	0	0	0	0	0	0
NR_112277.1	GIN-41-MGE-S217	0	0	0	0	0	0	0	0	0
NR_112276.1	GIN-41-MGE-S217	0	0	0	0	0	0	0	0	0
NR_112275.1	GIN-41-MGE-S217	0	0	0	0	0	0	0	0	0
NR_112274.1	GIN-41-MGE-S217	0	0	0	0	0	0	0	0	0
NR_112272.1	GIN-41-MGE-S217	0	0	0	0	0	0	0	0	0
NR_112271.1	GIN-41-MGE-S217	0	0	0	0	0	0	0	0	0
NR_112270.1	GIN-41-MGE-S217	0	0	0	0	0	0	0	0	0
NR_112269.1	GIN-41-MGE-S217	0	0	0	0	0	0	0	0	0
NR_112268.1	GIN-41-MGE-S217	0	0	0	0	0	0	0	0	0
NR_112267.1	GIN-41-MGE-S217	0	0	0	0	0	0	0	0	0
NR_112266.1	GIN-41-MGE-S217	0	0	0	0	0	0	0	0	0
NR_112265.1	GIN-41-MGE-S217	0	0	0	0	0	0	0	0	0
NR_112264.1	GIN-41-MGE-S217	0	0	0	0	0	0	0	0	0
NR_112263.1	GIN-41-MGE-S217	0	0	0	0	0	0	0	0	0
NR_112262.1	GIN-41-MGE-S217	0	0	0	0	0	0	0	0	0
NR_112261.1	GIN-41-MGE-S217	0	0	0	0	0	0	0	0	0
NR_112260.1	GIN-41-MGE-S217	0	0	0	0	0	0	0	0	0
NR_112259.1	GIN-41-MGE-S217	0	0	0	0	0	0	0	0	0
NR_112258.1	GIN-41-MGE-S217	0	0	0	0	0	0	0	0	0
NR_112257.1	GIN-41-MGE-S217	0	0	0	0	0	0	0	0	0
NR_112256.1	GIN-41-MGE-S217	0	0	0	0	0	0	0	0	0
NR_112255.1	GIN-41-MGE-S217	0	0	0	0	0	0	0	0	0
NR_112254.1	GIN-41-MGE-S217	0	0	0	0	0	0	0	0	0
NR_112253.1	GIN-41-MGE-S217	0	0	0	0	0	0	0	0	0
NR_112252.1	GIN-41-MGE-S217	0	0	0	0	0	0	0	0	0
NR_112251.1	GIN-41-MGE-S217	0	0	0	0	0	0	0	0	0
NR_112250.1	GIN-41-MGE-S217	0	0	0	0	0	0	0	0	0
NR_112249.1	GIN-41-MGE-S217	0	0	0	0	0	0	0	0	0
NR_112248.1	GIN-41-MGE-S217	0	0	0	0	0	0	0	0	0
NR_112247.1	GIN-41-MGE-S217	0	0	0	0	0	0	0	0	0
NR_112246.1	GIN-41-MGE-S217	0	0	0	0	0	0	0	0	0
NR_112245.1	GIN-41-MGE-S217	0	0	0	0	0	0	0	0	0
NR_112244.1	GIN-41-MGE-S217	0	0	0	0	0	0	0	0	0
NR_112242.1	GIN-41-MGE-S217	0	0	0	0	0	0	0	0	0
NR_112241.1	GIN-41-MGE-S217	0	0	0	0	0	0	0	0	0
NR_112240.1	GIN-41-MGE-S217	0	0	0	0	0	0	0	0	0
NR_112239.1	GIN-41-MGE-S217	0	0	0	0	0	0	0	0	0
NR_112237.1	GIN-41-MGE-S217	0	0	0	0	0	0	0	0	0
NR_112236.1	GIN-41-MGE-S217	0	0	0	0	0	0	0	0	0
NR_112235.1	GIN-41-MGE-S217	0	0	0	0	0	0	0	0	0
NR_112234.1	GIN-41-MGE-S217	0	0	0	0	0	0	0	0	0
NR_112233.1	GIN-41-MGE-S217	0	0	0	0	0	0	0	0	0
NR_112232.1	GIN-41-MGE-S217	0	0	0	0	0	0	0	0	0
NR_112231.1	GIN-41-MGE-S217	0	0	0	0	0	0	0	0	0
NR_112230.1	GIN-41-MGE-S217	0	0	0	0	0	0	0	0	0
NR_112228.1	GIN-41-MGE-S217	0	0	0	0	0	0	0	0	0
NR_112225.1	GIN-41-MGE-S217	0	0	0	0	0	0	0	0	0
NR_112224.1	GIN-41-MGE-S217	0	0	0	0	0	0	0	0	0
NR_112220.1	GIN-41-MGE-S217	0	0	0	0	0	0	0	0	0
NR_112219.1	GIN-41-MGE-S217	0	0	0	0	0	0	0	0	0
NR_112218.1	GIN-41-MGE-S217	0	0	0	0	0	0	0	0	0
NR_112217.1	GIN-41-MGE-S217	0	0	0	0	0	0	0	0	0
NR_112216.1	GIN-41-MGE-S217	0	0	0	0	0	0	0	0	0
NR_112215.1	GIN-41-MGE-S217	0	0	0	0	0	0	0	0	0
NR_112214.1	GIN-41-MGE-S217	0	0	0	0	0	0	0	0	0
NR_112213.1	GIN-41-MGE-S217	0	0	0	0	0	0	0	0	0
NR_112212.1	GIN-41-MGE-S217	0	0	0	0	0	0	0	0	0
NR_112211.1	GIN-41-MGE-S217	0	0	0	0	0	0	0	0	0
NR_112210.1	GIN-41-MGE-S217	0	0	0	0	0	0	0	0	0
NR_112209.1	GIN-41-MGE-S217	0	0	0	0	0	0	0	0	0
NR_112208.1	GIN-41-MGE-S217	0	0	0	0	0	0	0	0	0
NR_112204.1	GIN-41-MGE-S217	0	0	0	0	0	0	0	0	0
NR_112203.1	GIN-41-MGE-S217	0	0	0	0	0	0	0	0	0
NR_112201.1	GIN-41-MGE-S217	0	0	0	0	0	0	0	0	0
NR_112197.1	GIN-41-MGE-S217	0	0	0	0	0	0	0	0	0
NR_112196.1	GIN-41-MGE-S217	0	0	0	0	0	0	0	0	0
NR_112193.1	GIN-41-MGE-S217	0	0	0	0	0	0	0	0	0
NR_112192.1	GIN-41-MGE-S217	0	0	0	0	0	0	0	0	0
NR_112191.1	GIN-41-MGE-S217	0	0	0	0	0	0	0	0	0
NR_112190.1	GIN-41-MGE-S217	0	0	0	0	0	0	0	0	0
NR_112188.1	GIN-41-MGE-S217	0	0	0	0	0	0	0	0	0
NR_112187.1	GIN-41-MGE-S217	0	0	0	0	0	0	0	0	0
NR_112185.1	GIN-41-MGE-S217	0	0	0	0	0	0	0	0	0
NR_112184.1	GIN-41-MGE-S217	0	0	0	0	0	0	0	0	0
NR_112183.1	GIN-41-MGE-S217	0	0	0	0	0	0	0	0	0
NR_112182.1	GIN-41-MGE-S217	0	0	0	0	0	0	0	0	0
NR_112181.1	GIN-41-MGE-S217	0	0	0	0	0	0	0	0	0
NR_112180.1	GIN-41-MGE-S217	0	0	0	0	0	0	0	0	0
NR_112179.1	GIN-41-MGE-S217	0	0	0	0	0	0	0	0	0
NR_112178.1	GIN-41-MGE-S217	0	0	0	0	0	0	0	0	0
NR_112177.1	GIN-41-MGE-S217	0	0	0	0	0	0	0	0	0
NR_112176.1	GIN-41-MGE-S217	0	0	0	0	0	0	0	0	0
NR_112175.1	GIN-41-MGE-S217	0	0	0	0	0	0	0	0	0
NR_112174.1	GIN-41-MGE-S217	0	0	0	0	0	0	0	0	0
NR_112173.1	GIN-41-MGE-S217	0	0	0	0	0	0	0	0	0
NR_112172.1	GIN-41-MGE-S217	0	0	0	0	0	0	0	0	0
NR_112171.1	GIN-41-MGE-S217	0	0	0	0	0	0	0	0	0
NR_112170.1	GIN-41-MGE-S217	0	0	0	0	0	0	0	0	0
NR_112169.1	GIN-41-MGE-S217	0	0	0	0	0	0	0	0	0
NR_112168.1	GIN-41-MGE-S217	0	0	0	0	0	0	0	0	0
NR_112166.1	GIN-41-MGE-S217	0	0	0	0	0	0	0	0	0
NR_112165.1	GIN-41-MGE-S217	0	0	0	0	0	0	0	0	0
NR_112164.1	GIN-41-MGE-S217	0	0	0	0	0	0	0	0	0
NR_112163.1	GIN-41-MGE-S217	0	0	0	0	0	0	0	0	0
NR_112162.1	GIN-41-MGE-S217	0	0	0	0	0	0	0	0	0
NR_112161.1	GIN-41-MGE-S217	0	0	0	0	0	0	0	0	0
NR_112159.1	GIN-41-MGE-S217	0	0	0	0	0	0	0	0	0
NR_112156.1	GIN-41-MGE-S217	0	0	0	0	0	0	0	0	0
NR_112155.1	GIN-41-MGE-S217	0	0	0	0	0	0	0	0	0
NR_112154.1	GIN-41-MGE-S217	0	0	0	0	0	0	0	0	0
NR_112153.1	GIN-41-MGE-S217	0	0	0	0	0	0	0	0	0
NR_112152.1	GIN-41-MGE-S217	0	0	0	0	0	0	0	0	0
NR_112142.1	GIN-41-MGE-S217	0	0	0	0	0	0	0	0	0
NR_112141.1	GIN-41-MGE-S217	0	0	0	0	0	0	0	0	0
NR_112140.1	GIN-41-MGE-S217	0	0	0	0	0	0	0	0	0
NR_112139.1	GIN-41-MGE-S217	0	0	0	0	0	0	0	0	0
NR_112138.1	GIN-41-MGE-S217	0	0	0	0	0	0	0	0	0
NR_112137.1	GIN-41-MGE-S217	0	0	0	0	0	0	0	0	0
NR_112136.1	GIN-41-MGE-S217	0	0	0	0	0	0	0	0	0
NR_112135.1	GIN-41-MGE-S217	0	0	0	0	0	0	0	0	0
NR_112134.1	GIN-41-MGE-S217	0	0	0	0	0	0	0	0	0
NR_112133.1	GIN-41-MGE-S217	0	0	0	0	0	0	0	0	0
NR_112132.1	GIN-41-MGE-S217	0	0	0	0	0	0	0	0	0
NR_112131.1	GIN-41-MGE-S217	0	0	0	0	0	0	0	0	0
NR_112130.1	GIN-41-MGE-S217	0	0	0	0	0	0	0	0	0
NR_112127.1	GIN-41-MGE-S217	0	0	0	0	0	0	0	0	0
NR_112126.1	GIN-41-MGE-S217	0	0	0	0	0	0	0	0	0
NR_112125.1	GIN-41-MGE-S217	0	0	0	0	0	0	0	0	0
NR_112124.1	GIN-41-MGE-S217	0	0	0	0	0	0	0	0	0
NR_112123.1	GIN-41-MGE-S217	0	0	0	0	0	0	0	0	0
NR_112122.1	GIN-41-MGE-S217	0	0	0	0	0	0	0	0	0
NR_112121.1	GIN-41-MGE-S217	0	0	0	0	0	0	0	0	0
NR_112120.1	GIN-41-MGE-S217	0	0	0	0	0	0	0	0	0
NR_112119.1	GIN-41-MGE-S217	0	0	0	0	0	0	0	0	0
NR_112118.1	GIN-41-MGE-S217	0	0	0	0	0	0	0	0	0
NR_112117.1	GIN-41-MGE-S217	0	0	0	0	0	0	0	0	0
NR_112115.1	GIN-41-MGE-S217	0	0	0	0	0	0	0	0	0
NR_112113.1	GIN-41-MGE-S217	0	0	0	0	0	0	0	0	0
NR_112112.1	GIN-41-MGE-S217	0	0	0	0	0	0	0	0	0
NR_112111.1	GIN-41-MGE-S217	0	0	0	0	0	0	0	0	0
NR_112110.1	GIN-41-MGE-S217	0	0	0	0	0	0	0	0	0
NR_112109.1	GIN-41-MGE-S217	0	0	0	0	0	0	0	0	0
NR_112108.1	GIN-41-MGE-S217	0	0	0	0	0	0	0	0	0
NR_112107.1	GIN-41-MGE-S217	0	0	0	0	0	0	0	0	0
NR_112106.1	GIN-41-MGE-S217	0	0	0	0	0	0	0	0	0
NR_112105.1	GIN-41-MGE-S217	0	0	0	0	0	0	0	0	0
NR_112104.1	GIN-41-MGE-S217	0	0	0	0	0	0	0	0	0
NR_112103.1	GIN-41-MGE-S217	0	0	0	0	0	0	0	0	0
NR_112102.1	GIN-41-MGE-S217	0	0	0	0	0	0	0	0	0
NR_112101.1	GIN-41-MGE-S217	0	0	0	0	0	0	0	0	0
NR_112100.1	GIN-41-MGE-S217	0	0	0	0	0	0	0	0	0
NR_112099.1	GIN-41-MGE-S217	0	0	0	0	0	0	0	0	0
NR_112098.1	GIN-41-MGE-S217	0	0	0	0	0	0	0	0	0
NR_112097.1	GIN-41-MGE-S217	0	0	0	0	0	0	0	0	0
NR_112096.1	GIN-41-MGE-S217	0	0	0	0	0	0	0	0	0
NR_112093.1	GIN-41-MGE-S217	0	0	0	0	0	0	0	0	0
NR_112090.1	GIN-41-MGE-S217	0	0	0	0	0	0	0	0	0
NR_112089.1	GIN-41-MGE-S217	0	0	0	0	0	0	0	0	0
NR_112088.1	GIN-41-MGE-S217	0	0	0	0	0	0	0	0	0
NR_112087.1	GIN-41-MGE-S217	0	0	0	0	0	0	0	0	0
NR_112081.1	GIN-41-MGE-S217	0	0	0	0	0	0	0	0	0
NR_112080.1	GIN-41-MGE-S217	0	0	0	0	0	0	0	0	0
NR_112079.1	GIN-41-MGE-S217	0	0	0	0	0	0	0	0	0
NR_112078.1	GIN-41-MGE-S217	0	0	0	0	0	0	0	0	0
NR_112077.1	GIN-41-MGE-S217	0	0	0	0	0	0	0	0	0
NR_112076.1	GIN-41-MGE-S217	0	0	0	0	0	0	0	0	0
NR_112075.1	GIN-41-MGE-S217	0	0	0	0	0	0	0	0	0
NR_112074.1	GIN-41-MGE-S217	0	0	0	0	0	0	0	0	0
NR_112073.1	GIN-41-MGE-S217	0	0	0	0	0	0	0	0	0
NR_112072.1	GIN-41-MGE-S217	0	0	0	0	0	0	0	0	0
NR_112070.1	GIN-41-MGE-S217	0	0	0	0	0	0	0	0	0
NR_112069.1	GIN-41-MGE-S217	0	0	0	0	0	0	0	0	0
NR_112068.1	GIN-41-MGE-S217	0	0	0	0	0	0	0	0	0
NR_112067.1	GIN-41-MGE-S217	0	0	0	0	0	0	0	0	0
NR_112066.1	GIN-41-MGE-S217	0	0	0	0	0	0	0	0	0
NR_112064.1	GIN-41-MGE-S217	0	0	0	0	0	0	0	0	0
NR_112063.1	GIN-41-MGE-S217	0	0	0	0	0	0	0	0	0
NR_112062.1	GIN-41-MGE-S217	0	0	0	0	0	0	0	0	0
NR_112061.1	GIN-41-MGE-S217	0	0	0	0	0	0	0	0	0
NR_112060.1	GIN-41-MGE-S217	0	0	0	0	0	0	0	0	0
NR_112059.1	GIN-41-MGE-S217	0	0	0	0	0	0	0	0	0
NR_112058.1	GIN-41-MGE-S217	0	0	0	0	0	0	0	0	0
NR_112057.1	GIN-41-MGE-S217	0	0	0	0	0	0	0	0	0
NR_112055.1	GIN-41-MGE-S217	0	0	0	0	0	0	0	0	0
NR_112054.1	GIN-41-MGE-S217	0	0	0	0	0	0	0	0	0
NR_112053.1	GIN-41-MGE-S217	0	0	0	0	0	0	0	0	0
NR_112052.1	GIN-41-MGE-S217	0	0	0	0	0	0	0	0	0
NR_112051.1	GIN-41-MGE-S217	0	0	0	0	0	0	0	0	0
NR_112048.1	GIN-41-MGE-S217	0	0	0	0	0	0	0	0	0
NR_112047.1	GIN-41-MGE-S217	0	0	0	0	0	0	0	0	0
NR_112046.1	GIN-41-MGE-S217	0	0	0	0	0	0	0	0	0
NR_112045.1	GIN-41-MGE-S217	0	0	0	0	0	0	0	0	0
NR_112044.1	GIN-41-MGE-S217	0	0	0	0	0	0	0	0	0
NR_112043.1	GIN-41-MGE-S217	0	0	0	0	0	0	0	0	0
NR_112040.1	GIN-41-MGE-S217	0	0	0	0	0	0	0	0	0
NR_112039.1	GIN-41-MGE-S217	0	0	0	0	0	0	0	0	0
NR_112038.1	GIN-41-MGE-S217	0	0	0	0	0	0	0	0	0
NR_112037.1	GIN-41-MGE-S217	0	0	0	0	0	0	0	0	0
NR_112035.1	GIN-41-MGE-S217	0	0	0	0	0	0	0	0	0
NR_112033.1	GIN-41-MGE-S217	0	0	0	0	0	0	0	0	0
NR_112032.1	GIN-41-MGE-S217	0	0	0	0	0	0	0	0	0
NR_112031.1	GIN-41-MGE-S217	0	0	0	0	0	0	0	0	0
NR_112030.1	GIN-41-MGE-S217	0	0	0	0	0	0	0	0	0
NR_112028.1	GIN-41-MGE-S217	0	0	0	0	0	0	0	0	0
NR_112027.1	GIN-41-MGE-S217	0	0	0	0	0	0	0	0	0
NR_112026.1	GIN-41-MGE-S217	0	0	0	0	0	0	0	0	0
NR_112025.1	GIN-41-MGE-S217	0	0	0	0	0	0	0	0	0
NR_112023.1	GIN-41-MGE-S217	0	0	0	0	0	0	0	0	0
NR_112022.1	GIN-41-MGE-S217	0	0	0	0	0	0	0	0	0
NR_112021.1	GIN-41-MGE-S217	0	0	0	0	0	0	0	0	0
NR_112020.1	GIN-41-MGE-S217	0	0	0	0	0	0	0	0	0
NR_112019.1	GIN-41-MGE-S217	0	0	0	0	0	0	0	0	0
NR_112018.1	GIN-41-MGE-S217	0	0	0	0	0	0	0	0	0
NR_112017.1	GIN-41-MGE-S217	0	0	0	0	0	0	0	0	0
NR_112016.1	GIN-41-MGE-S217	0	0	0	0	0	0	0	0	0
NR_112015.1	GIN-41-MGE-S217	0	0	0	0	0	0	0	0	0
NR_112014.1	GIN-41-MGE-S217	0	0	0	0	0	0	0	0	0
NR_112013.1	GIN-41-MGE-S217	0	0	0	0	0	0	0	0	0
NR_112012.1	GIN-41-MGE-S217	0	0	0	0	0	0	0	0	0
NR_112011.1	GIN-41-MGE-S217	0	0	0	0	0	0	0	0	0
NR_112010.1	GIN-41-MGE-S217	0	0	0	0	0	0	0	0	0
NR_112009.1	GIN-41-MGE-S217	0	0	0	0	0	0	0	0	0
NR_112007.1	GIN-41-MGE-S217	0	0	0	0	0	0	0	0	0
NR_112006.1	GIN-41-MGE-S217	0	0	0	0	0	0	0	0	0
NR_112005.1	GIN-41-MGE-S217	0	0	0	0	0	0	0	0	0
NR_112004.1	GIN-41-MGE-S217	0	0	0	0	0	0	0	0	0
NR_112003.1	GIN-41-MGE-S217	0	0	0	0	0	0	0	0	0
NR_112002.1	GIN-41-MGE-S217	0	0	0	0	0	0	0	0	0
NR_112001.1	GIN-41-MGE-S217	0	0	0	0	0	0	0	0	0
NR_112000.1	GIN-41-MGE-S217	0	0	0	0	0	0	0	0	0
NR_111999.1	GIN-41-MGE-S217	0	0	0	0	0	0	0	0	0
NR_111998.1	GIN-41-MGE-S217	0	0	0	0	0	0	0	0	0
NR_111997.1	GIN-41-MGE-S217	0	0	0	0	0	0	0	0	0
NR_111995.1	GIN-41-MGE-S217	0	0	0	0	0	0	0	0	0
NR_111994.1	GIN-41-MGE-S217	0	0	0	0	0	0	0	0	0
NR_111993.1	GIN-41-MGE-S217	0	0	0	0	0	0	0	0	0
NR_111992.1	GIN-41-MGE-S217	0	0	0	0	0	0	0	0	0
NR_111991.1	GIN-41-MGE-S217	0	0	0	0	0	0	0	0	0
NR_111990.1	GIN-41-MGE-S217	0	0	0	0	0	0	0	0	0
NR_109590.1	GIN-41-MGE-S217	0	0	0	0	0	0	0	0	0
NR_109589.1	GIN-41-MGE-S217	0	0	0	0	0	0	0	0	0
NR_109394.1	GIN-41-MGE-S217	0	0	0	0	0	0	0	0	0
NR_109393.1	GIN-41-MGE-S217	0	0	0	0	0	0	0	0	0
NR_109392.1	GIN-41-MGE-S217	0	0	0	0	0	0	0	0	0
NR_109391.1	GIN-41-MGE-S217	0	0	0	0	0	0	0	0	0
NR_109390.1	GIN-41-MGE-S217	0	0	0	0	0	0	0	0	0
NR_109389.1	GIN-41-MGE-S217	0	0	0	0	0	0	0	0	0
NR_109388.1	GIN-41-MGE-S217	0	0	0	0	0	0	0	0	0
NR_109387.1	GIN-41-MGE-S217	0	0	0	0	0	0	0	0	0
NR_109386.1	GIN-41-MGE-S217	0	0	0	0	0	0	0	0	0
NR_109385.1	GIN-41-MGE-S217	0	0	0	0	0	0	0	0	0
NR_109384.1	GIN-41-MGE-S217	0	0	0	0	0	0	0	0	0
NR_109383.1	GIN-41-MGE-S217	0	0	0	0	0	0	0	0	0
NR_109004.1	GIN-41-MGE-S217	0	0	0	0	0	0	0	0	0
NR_108788.1	GIN-41-MGE-S217	0	0	0	0	0	0	0	0	0
NR_108442.1	GIN-41-MGE-S217	0	0	0	0	0	0	0	0	0
NR_108326.1	GIN-41-MGE-S217	0	0	0	0	0	0	0	0	0
NR_108226.1	GIN-41-MGE-S217	0	0	0	0	0	0	0	0	0
NR_104891.1	GIN-41-MGE-S217	0	0	0	0	0	0	0	0	0
NR_104843.1	GIN-41-MGE-S217	0	0	0	0	0	0	0	0	0
NR_104812.1	GIN-41-MGE-S217	0	0	0	0	0	0	0	0	0
NR_104756.1	GIN-41-MGE-S217	0	0	0	0	0	0	0	0	0
NR_104729.1	GIN-41-MGE-S217	0	0	0	0	0	0	0	0	0
NR_044665.3	GIN-41-MGE-S217	0	0	0	0	0	0	0	0	0
NR_109684.2	GIN-41-MGE-S217	0	0	0	0	0	0	0	0	0
NR_029042.2	GIN-41-MGE-S217	0	0	0	0	0	0	0	0	0
NR_029099.2	GIN-41-MGE-S217	0	0	0	0	0	0	0	0	0
NR_029191.2	GIN-41-MGE-S217	0	0	0	0	0	0	0	0	0
NR_036869.2	GIN-41-MGE-S217	0	0	0	0	0	0	0	0	0
NR_044637.2	GIN-41-MGE-S217	0	0	0	0	0	0	0	0	0
NR_044641.2	GIN-41-MGE-S217	0	0	0	0	0	0	0	0	0
NR_044658.2	GIN-41-MGE-S217	0	0	0	0	0	0	0	0	0
NR_044670.2	GIN-41-MGE-S217	0	0	0	0	0	0	0	0	0
NR_044699.2	GIN-41-MGE-S217	0	0	0	0	0	0	0	0	0
NR_044712.2	GIN-41-MGE-S217	0	0	0	0	0	0	0	0	0
NR_044731.2	GIN-41-MGE-S217	0	0	0	0	0	0	0	0	0
NR_044733.2	GIN-41-MGE-S217	0	0	0	0	0	0	0	0	0
NR_044807.2	GIN-41-MGE-S217	0	0	0	0	0	0	0	0	0
NR_044825.2	GIN-41-MGE-S217	0	0	0	0	0	0	0	0	0
NR_044832.2	GIN-41-MGE-S217	0	0	0	0	0	0	0	0	0
NR_044835.2	GIN-41-MGE-S217	0	0	0	0	0	0	0	0	0
NR_044837.2	GIN-41-MGE-S217	0	0	0	0	0	0	0	0	0
NR_044841.2	GIN-41-MGE-S217	0	0	0	0	0	0	0	0	0
NR_044843.2	GIN-41-MGE-S217	0	0	0	0	0	0	0	0	0
NR_044688.3	GIN-41-MGE-S217	1	1	0	0	0	0	0	0	0
NR_044657.2	GIN-41-MGE-S217	0	0	0	0	0	0	0	0	0
NR_044659.2	GIN-41-MGE-S217	0	0	0	0	0	0	0	0	0
NR_044668.2	GIN-41-MGE-S217	0	0	0	0	0	0	0	0	0
NR_044669.2	GIN-41-MGE-S217	0	0	0	0	0	0	0	0	0
NR_044673.2	GIN-41-MGE-S217	0	0	0	0	0	0	0	0	0
NR_044676.2	GIN-41-MGE-S217	0	0	0	0	0	0	0	0	0
NR_044685.2	GIN-41-MGE-S217	0	0	0	0	0	0	0	0	0
NR_044730.2	GIN-41-MGE-S217	0	0	0	0	0	0	0	0	0
NR_044756.2	GIN-41-MGE-S217	0	0	0	0	0	0	0	0	0
NR_044760.2	GIN-41-MGE-S217	0	0	0	0	0	0	0	0	0
NR_042478.2	GIN-41-MGE-S217	0	0	0	0	0	0	0	0	0
NR_044664.2	GIN-41-MGE-S217	0	0	0	0	0	0	0	0	0
NR_044671.2	GIN-41-MGE-S217	0	0	0	0	0	0	0	0	0
NR_028637.2	GIN-41-MGE-S217	0	0	0	0	0	0	0	0	0
NR_036971.2	GIN-41-MGE-S217	0	0	0	0	0	0	0	0	0
NR_044929.2	GIN-41-MGE-S217	0	0	0	0	0	0	0	0	0
NR_044869.2	GIN-41-MGE-S217	0	0	0	0	0	0	0	0	0
NR_044752.2	GIN-41-MGE-S217	0	0	0	0	0	0	0	0	0
NR_044232.2	GIN-41-MGE-S217	0	0	0	0	0	0	0	0	0
NR_043442.2	GIN-41-MGE-S217	0	0	0	0	0	0	0	0	0
NR_043441.2	GIN-41-MGE-S217	0	0	0	0	0	0	0	0	0
NR_043228.2	GIN-41-MGE-S217	0	0	0	0	0	0	0	0	0
NR_042903.2	GIN-41-MGE-S217	0	0	0	0	0	0	0	0	0
NR_041198.2	GIN-41-MGE-S217	0	0	0	0	0	0	0	0	0
NR_041119.2	GIN-41-MGE-S217	0	0	0	0	0	0	0	0	0
NR_036854.2	GIN-41-MGE-S217	0	0	0	0	0	0	0	0	0
NR_036793.2	GIN-41-MGE-S217	0	0	0	0	0	0	0	0	0
NR_025018.2	GIN-41-MGE-S217	0	0	0	0	0	0	0	0	0
NR_024962.2	GIN-41-MGE-S217	0	0	0	0	0	0	0	0	0
NR_109753.1	GIN-41-MGE-S217	0	0	0	0	0	0	0	0	0
NR_109752.1	GIN-41-MGE-S217	0	0	0	0	0	0	0	0	0
NR_109751.1	GIN-41-MGE-S217	0	0	0	0	0	0	0	0	0
NR_109750.1	GIN-41-MGE-S217	0	0	0	0	0	0	0	0	0
NR_109749.1	GIN-41-MGE-S217	0	0	0	0	0	0	0	0	0
NR_109748.1	GIN-41-MGE-S217	0	0	0	0	0	0	0	0	0
NR_109747.1	GIN-41-MGE-S217	0	0	0	0	0	0	0	0	0
NR_109746.1	GIN-41-MGE-S217	0	0	0	0	0	0	0	0	0
NR_109745.1	GIN-41-MGE-S217	0	0	0	0	0	0	0	0	0
NR_109744.1	GIN-41-MGE-S217	0	0	0	0	0	0	0	0	0
NR_109743.1	GIN-41-MGE-S217	0	0	0	0	0	0	0	0	0
NR_109742.1	GIN-41-MGE-S217	0	0	0	0	0	0	0	0	0
NR_109741.1	GIN-41-MGE-S217	0	0	0	0	0	0	0	0	0
NR_109740.1	GIN-41-MGE-S217	0	0	0	0	0	0	0	0	0
NR_109739.1	GIN-41-MGE-S217	0	0	0	0	0	0	0	0	0
NR_109738.1	GIN-41-MGE-S217	0	0	0	0	0	0	0	0	0
NR_109737.1	GIN-41-MGE-S217	0	0	0	0	0	0	0	0	0
NR_109733.1	GIN-41-MGE-S217	0	0	0	0	0	0	0	0	0
NR_109731.1	GIN-41-MGE-S217	0	0	0	0	0	0	0	0	0
NR_109730.1	GIN-41-MGE-S217	0	0	0	0	0	0	0	0	0
NR_109729.1	GIN-41-MGE-S217	0	0	0	0	0	0	0	0	0
NR_109728.1	GIN-41-MGE-S217	0	0	0	0	0	0	0	0	0
NR_109727.1	GIN-41-MGE-S217	0	0	0	0	0	0	0	0	0
NR_109725.1	GIN-41-MGE-S217	0	0	0	0	0	0	0	0	0
NR_109720.1	GIN-41-MGE-S217	0	0	0	0	0	0	0	0	0
NR_109703.1	GIN-41-MGE-S217	0	0	0	0	0	0	0	0	0
NR_109700.1	GIN-41-MGE-S217	0	0	0	0	0	0	0	0	0
NR_109693.1	GIN-41-MGE-S217	0	0	0	0	0	0	0	0	0
NR_109692.1	GIN-41-MGE-S217	0	0	0	0	0	0	0	0	0
NR_109691.1	GIN-41-MGE-S217	0	0	0	0	0	0	0	0	0
NR_109690.1	GIN-41-MGE-S217	0	0	0	0	0	0	0	0	0
NR_109689.1	GIN-41-MGE-S217	0	0	0	0	0	0	0	0	0
NR_109686.1	GIN-41-MGE-S217	0	0	0	0	0	0	0	0	0
NR_109685.1	GIN-41-MGE-S217	0	0	0	0	0	0	0	0	0
NR_109683.1	GIN-41-MGE-S217	0	0	0	0	0	0	0	0	0
NR_109682.1	GIN-41-MGE-S217	0	0	0	0	0	0	0	0	0
NR_109681.1	GIN-41-MGE-S217	0	0	0	0	0	0	0	0	0
NR_109680.1	GIN-41-MGE-S217	0	0	0	0	0	0	0	0	0
NR_109679.1	GIN-41-MGE-S217	0	0	0	0	0	0	0	0	0
NR_109678.1	GIN-41-MGE-S217	0	0	0	0	0	0	0	0	0
NR_109675.1	GIN-41-MGE-S217	0	0	0	0	0	0	0	0	0
NR_109674.1	GIN-41-MGE-S217	0	0	0	0	0	0	0	0	0
NR_109673.1	GIN-41-MGE-S217	0	0	0	0	0	0	0	0	0
NR_109672.1	GIN-41-MGE-S217	0	0	0	0	0	0	0	0	0
NR_109670.1	GIN-41-MGE-S217	0	0	0	0	0	0	0	0	0
NR_109668.1	GIN-41-MGE-S217	0	0	0	0	0	0	0	0	0
NR_109667.1	GIN-41-MGE-S217	0	0	0	0	0	0	0	0	0
NR_109666.1	GIN-41-MGE-S217	0	0	0	0	0	0	0	0	0
NR_109665.1	GIN-41-MGE-S217	0	0	0	0	0	0	0	0	0
NR_109663.1	GIN-41-MGE-S217	0	0	0	0	0	0	0	0	0
NR_109662.1	GIN-41-MGE-S217	0	0	0	0	0	0	0	0	0
NR_109661.1	GIN-41-MGE-S217	0	0	0	0	0	0	0	0	0
NR_109658.1	GIN-41-MGE-S217	0	0	0	0	0	0	0	0	0
NR_109657.1	GIN-41-MGE-S217	0	0	0	0	0	0	0	0	0
NR_109656.1	GIN-41-MGE-S217	0	0	0	0	0	0	0	0	0
NR_109655.1	GIN-41-MGE-S217	0	0	0	0	0	0	0	0	0
NR_109654.1	GIN-41-MGE-S217	0	0	0	0	0	0	0	0	0
NR_109650.1	GIN-41-MGE-S217	0	0	0	0	0	0	0	0	0
NR_109649.1	GIN-41-MGE-S217	0	0	0	0	0	0	0	0	0
NR_109648.1	GIN-41-MGE-S217	0	0	0	0	0	0	0	0	0
NR_109644.1	GIN-41-MGE-S217	0	0	0	0	0	0	0	0	0
NR_109643.1	GIN-41-MGE-S217	0	0	0	0	0	0	0	0	0
NR_109636.1	GIN-41-MGE-S217	0	0	0	0	0	0	0	0	0
NR_109635.1	GIN-41-MGE-S217	0	0	0	0	0	0	0	0	0
NR_109634.1	GIN-41-MGE-S217	0	0	0	0	0	0	0	0	0
NR_109633.1	GIN-41-MGE-S217	0	0	0	0	0	0	0	0	0
NR_109632.1	GIN-41-MGE-S217	0	0	0	0	0	0	0	0	0
NR_109626.1	GIN-41-MGE-S217	0	0	0	0	0	0	0	0	0
NR_109625.1	GIN-41-MGE-S217	0	0	0	0	0	0	0	0	0
NR_109624.1	GIN-41-MGE-S217	0	0	0	0	0	0	0	0	0
NR_109623.1	GIN-41-MGE-S217	0	0	0	0	0	0	0	0	0
NR_109622.1	GIN-41-MGE-S217	0	0	0	0	0	0	0	0	0
NR_109620.1	GIN-41-MGE-S217	0	0	0	0	0	0	0	0	0
NR_109619.1	GIN-41-MGE-S217	0	0	0	0	0	0	0	0	0
NR_109617.1	GIN-41-MGE-S217	0	0	0	0	0	0	0	0	0
NR_109616.1	GIN-41-MGE-S217	0	0	0	0	0	0	0	0	0
NR_109614.1	GIN-41-MGE-S217	0	0	0	0	0	0	0	0	0
NR_109613.1	GIN-41-MGE-S217	0	0	0	0	0	0	0	0	0
NR_109612.1	GIN-41-MGE-S217	0	0	0	0	0	0	0	0	0
NR_109611.1	GIN-41-MGE-S217	0	0	0	0	0	0	0	0	0
NR_109610.1	GIN-41-MGE-S217	0	0	0	0	0	0	0	0	0
NR_109609.1	GIN-41-MGE-S217	0	0	0	0	0	0	0	0	0
NR_109608.1	GIN-41-MGE-S217	0	0	0	0	0	0	0	0	0
NR_109607.1	GIN-41-MGE-S217	0	0	0	0	0	0	0	0	0
NR_109606.1	GIN-41-MGE-S217	0	0	0	0	0	0	0	0	0
NR_109605.1	GIN-41-MGE-S217	0	0	0	0	0	0	0	0	0
NR_109604.1	GIN-41-MGE-S217	0	0	0	0	0	0	0	0	0
NR_109603.1	GIN-41-MGE-S217	0	0	0	0	0	0	0	0	0
NR_109602.1	GIN-41-MGE-S217	0	0	0	0	0	0	0	0	0
NR_109600.1	GIN-41-MGE-S217	0	0	0	0	0	0	0	0	0
NR_109599.1	GIN-41-MGE-S217	0	0	0	0	0	0	0	0	0
NR_109598.1	GIN-41-MGE-S217	0	0	0	0	0	0	0	0	0
NR_109597.1	GIN-41-MGE-S217	0	0	0	0	0	0	0	0	0
NR_109596.1	GIN-41-MGE-S217	0	0	0	0	0	0	0	0	0
NR_109595.1	GIN-41-MGE-S217	0	0	0	0	0	0	0	0	0
NR_109594.1	GIN-41-MGE-S217	0	0	0	0	0	0	0	0	0
NR_109593.1	GIN-41-MGE-S217	0	0	0	0	0	0	0	0	0
NR_109592.1	GIN-41-MGE-S217	0	0	0	0	0	0	0	0	0
NR_109591.1	GIN-41-MGE-S217	0	0	0	0	0	0	0	0	0
NR_109586.1	GIN-41-MGE-S217	0	0	0	0	0	0	0	0	0
NR_109585.1	GIN-41-MGE-S217	0	0	0	0	0	0	0	0	0
NR_109584.1	GIN-41-MGE-S217	0	0	0	0	0	0	0	0	0
NR_109583.1	GIN-41-MGE-S217	0	0	0	0	0	0	0	0	0
NR_109582.1	GIN-41-MGE-S217	0	0	0	0	0	0	0	0	0
NR_109565.1	GIN-41-MGE-S217	0	0	0	0	0	0	0	0	0
NR_109551.1	GIN-41-MGE-S217	0	0	0	0	0	0	0	0	0
NR_109550.1	GIN-41-MGE-S217	0	0	0	0	0	0	0	0	0
NR_109549.1	GIN-41-MGE-S217	0	0	0	0	0	0	0	0	0
NR_109548.1	GIN-41-MGE-S217	0	0	0	0	0	0	0	0	0
NR_109547.1	GIN-41-MGE-S217	0	0	0	0	0	0	0	0	0
NR_109546.1	GIN-41-MGE-S217	0	0	0	0	0	0	0	0	0
NR_109545.1	GIN-41-MGE-S217	0	0	0	0	0	0	0	0	0
NR_109544.1	GIN-41-MGE-S217	0	0	0	0	0	0	0	0	0
NR_109542.1	GIN-41-MGE-S217	0	0	0	0	0	0	0	0	0
NR_109541.1	GIN-41-MGE-S217	0	0	0	0	0	0	0	0	0
NR_109540.1	GIN-41-MGE-S217	0	0	0	0	0	0	0	0	0
NR_109539.1	GIN-41-MGE-S217	0	0	0	0	0	0	0	0	0
NR_109537.1	GIN-41-MGE-S217	0	0	0	0	0	0	0	0	0
NR_109536.1	GIN-41-MGE-S217	0	0	0	0	0	0	0	0	0
NR_109535.1	GIN-41-MGE-S217	0	0	0	0	0	0	0	0	0
NR_109534.1	GIN-41-MGE-S217	0	0	0	0	0	0	0	0	0
NR_109533.1	GIN-41-MGE-S217	0	0	0	0	0	0	0	0	0
NR_109532.1	GIN-41-MGE-S217	0	0	0	0	0	0	0	0	0
NR_109531.1	GIN-41-MGE-S217	0	0	0	0	0	0	0	0	0
NR_109530.1	GIN-41-MGE-S217	0	0	0	0	0	0	0	0	0
NR_109529.1	GIN-41-MGE-S217	0	0	0	0	0	0	0	0	0
NR_109527.1	GIN-41-MGE-S217	0	0	0	0	0	0	0	0	0
NR_109526.1	GIN-41-MGE-S217	0	0	0	0	0	0	0	0	0
NR_109525.1	GIN-41-MGE-S217	0	0	0	0	0	0	0	0	0
NR_109524.1	GIN-41-MGE-S217	0	0	0	0	0	0	0	0	0
NR_109523.1	GIN-41-MGE-S217	0	0	0	0	0	0	0	0	0
NR_109522.1	GIN-41-MGE-S217	0	0	0	0	0	0	0	0	0
NR_109521.1	GIN-41-MGE-S217	0	0	0	0	0	0	0	0	0
NR_109518.1	GIN-41-MGE-S217	0	0	0	0	0	0	0	0	0
NR_109517.1	GIN-41-MGE-S217	0	0	0	0	0	0	0	0	0
NR_109516.1	GIN-41-MGE-S217	0	0	0	0	0	0	0	0	0
NR_109515.1	GIN-41-MGE-S217	0	0	0	0	0	0	0	0	0
NR_109514.1	GIN-41-MGE-S217	0	0	0	0	0	0	0	0	0
NR_109513.1	GIN-41-MGE-S217	0	0	0	0	0	0	0	0	0
NR_109512.1	GIN-41-MGE-S217	0	0	0	0	0	0	0	0	0
NR_109511.1	GIN-41-MGE-S217	0	0	0	0	0	0	0	0	0
NR_109510.1	GIN-41-MGE-S217	0	0	0	0	0	0	0	0	0
NR_109509.1	GIN-41-MGE-S217	0	0	0	0	0	0	0	0	0
NR_109507.1	GIN-41-MGE-S217	0	0	0	0	0	0	0	0	0
NR_109506.1	GIN-41-MGE-S217	0	0	0	0	0	0	0	0	0
NR_109505.1	GIN-41-MGE-S217	0	0	0	0	0	0	0	0	0
NR_109504.1	GIN-41-MGE-S217	0	0	0	0	0	0	0	0	0
NR_109503.1	GIN-41-MGE-S217	0	0	0	0	0	0	0	0	0
NR_109502.1	GIN-41-MGE-S217	0	0	0	0	0	0	0	0	0
NR_109501.1	GIN-41-MGE-S217	0	0	0	0	0	0	0	0	0
NR_109500.1	GIN-41-MGE-S217	0	0	0	0	0	0	0	0	0
NR_109499.1	GIN-41-MGE-S217	0	0	0	0	0	0	0	0	0
NR_109490.1	GIN-41-MGE-S217	0	0	0	0	0	0	0	0	0
NR_109488.1	GIN-41-MGE-S217	0	0	0	0	0	0	0	0	0
NR_109486.1	GIN-41-MGE-S217	0	0	0	0	0	0	0	0	0
NR_109484.1	GIN-41-MGE-S217	0	0	0	0	0	0	0	0	0
NR_109481.1	GIN-41-MGE-S217	0	0	0	0	0	0	0	0	0
NR_109479.1	GIN-41-MGE-S217	0	0	0	0	0	0	0	0	0
NR_109478.1	GIN-41-MGE-S217	0	0	0	0	0	0	0	0	0
NR_109477.1	GIN-41-MGE-S217	0	0	0	0	0	0	0	0	0
NR_109476.1	GIN-41-MGE-S217	0	0	0	0	0	0	0	0	0
NR_109475.1	GIN-41-MGE-S217	0	0	0	0	0	0	0	0	0
NR_109474.1	GIN-41-MGE-S217	0	0	0	0	0	0	0	0	0
NR_109473.1	GIN-41-MGE-S217	0	0	0	0	0	0	0	0	0
NR_109472.1	GIN-41-MGE-S217	0	0	0	0	0	0	0	0	0
NR_109471.1	GIN-41-MGE-S217	0	0	0	0	0	0	0	0	0
NR_109470.1	GIN-41-MGE-S217	0	0	0	0	0	0	0	0	0
NR_109468.1	GIN-41-MGE-S217	0	0	0	0	0	0	0	0	0
NR_109465.1	GIN-41-MGE-S217	0	0	0	0	0	0	0	0	0
NR_109464.1	GIN-41-MGE-S217	0	0	0	0	0	0	0	0	0
NR_109463.1	GIN-41-MGE-S217	0	0	0	0	0	0	0	0	0
NR_109462.1	GIN-41-MGE-S217	0	0	0	0	0	0	0	0	0
NR_109461.1	GIN-41-MGE-S217	0	0	0	0	0	0	0	0	0
NR_109460.1	GIN-41-MGE-S217	0	0	0	0	0	0	0	0	0
NR_109457.1	GIN-41-MGE-S217	0	0	0	0	0	0	0	0	0
NR_109456.1	GIN-41-MGE-S217	0	0	0	0	0	0	0	0	0
NR_109455.1	GIN-41-MGE-S217	0	0	0	0	0	0	0	0	0
NR_109453.1	GIN-41-MGE-S217	0	0	0	0	0	0	0	0	0
NR_109451.1	GIN-41-MGE-S217	0	0	0	0	0	0	0	0	0
NR_109450.1	GIN-41-MGE-S217	0	0	0	0	0	0	0	0	0
NR_109449.1	GIN-41-MGE-S217	0	0	0	0	0	0	0	0	0
NR_109448.1	GIN-41-MGE-S217	0	0	0	0	0	0	0	0	0
NR_109445.1	GIN-41-MGE-S217	0	0	0	0	0	0	0	0	0
NR_109444.1	GIN-41-MGE-S217	0	0	0	0	0	0	0	0	0
NR_109443.1	GIN-41-MGE-S217	0	0	0	0	0	0	0	0	0
NR_109442.1	GIN-41-MGE-S217	0	0	0	0	0	0	0	0	0
NR_109441.1	GIN-41-MGE-S217	0	0	0	0	0	0	0	0	0
NR_109440.1	GIN-41-MGE-S217	0	0	0	0	0	0	0	0	0
NR_109439.1	GIN-41-MGE-S217	0	0	0	0	0	0	0	0	0
NR_109438.1	GIN-41-MGE-S217	0	0	0	0	0	0	0	0	0
NR_109437.1	GIN-41-MGE-S217	0	0	0	0	0	0	0	0	0
NR_109436.1	GIN-41-MGE-S217	0	0	0	0	0	0	0	0	0
NR_109435.1	GIN-41-MGE-S217	0	0	0	0	0	0	0	0	0
NR_109434.1	GIN-41-MGE-S217	0	0	0	0	0	0	0	0	0
NR_109433.1	GIN-41-MGE-S217	0	0	0	0	0	0	0	0	0
NR_109432.1	GIN-41-MGE-S217	0	0	0	0	0	0	0	0	0
NR_109431.1	GIN-41-MGE-S217	0	0	0	0	0	0	0	0	0
NR_109430.1	GIN-41-MGE-S217	0	0	0	0	0	0	0	0	0
NR_109429.1	GIN-41-MGE-S217	0	0	0	0	0	0	0	0	0
NR_109427.1	GIN-41-MGE-S217	0	0	0	0	0	0	0	0	0
NR_109426.1	GIN-41-MGE-S217	0	0	0	0	0	0	0	0	0
NR_109425.1	GIN-41-MGE-S217	0	0	0	0	0	0	0	0	0
NR_109422.1	GIN-41-MGE-S217	0	0	0	0	0	0	0	0	0
NR_109421.1	GIN-41-MGE-S217	0	0	0	0	0	0	0	0	0
NR_109420.1	GIN-41-MGE-S217	0	0	0	0	0	0	0	0	0
NR_109419.1	GIN-41-MGE-S217	0	0	0	0	0	0	0	0	0
NR_109418.1	GIN-41-MGE-S217	0	0	0	0	0	0	0	0	0
NR_109417.1	GIN-41-MGE-S217	0	0	0	0	0	0	0	0	0
NR_109416.1	GIN-41-MGE-S217	0	0	0	0	0	0	0	0	0
NR_109415.1	GIN-41-MGE-S217	0	0	0	0	0	0	0	0	0
NR_109414.1	GIN-41-MGE-S217	0	0	0	0	0	0	0	0	0
NR_109413.1	GIN-41-MGE-S217	0	0	0	0	0	0	0	0	0
NR_109412.1	GIN-41-MGE-S217	0	0	0	0	0	0	0	0	0
NR_109410.1	GIN-41-MGE-S217	0	0	0	0	0	0	0	0	0
NR_109408.1	GIN-41-MGE-S217	0	0	0	0	0	0	0	0	0
NR_109407.1	GIN-41-MGE-S217	0	0	0	0	0	0	0	0	0
NR_109395.1	GIN-41-MGE-S217	0	0	0	0	0	0	0	0	0
NR_109382.1	GIN-41-MGE-S217	0	0	0	0	0	0	0	0	0
NR_109381.1	GIN-41-MGE-S217	0	0	0	0	0	0	0	0	0
NR_109380.1	GIN-41-MGE-S217	0	0	0	0	0	0	0	0	0
NR_109378.1	GIN-41-MGE-S217	0	0	0	0	0	0	0	0	0
NR_109377.1	GIN-41-MGE-S217	0	0	0	0	0	0	0	0	0
NR_109375.1	GIN-41-MGE-S217	0	0	0	0	0	0	0	0	0
NR_109372.1	GIN-41-MGE-S217	0	0	0	0	0	0	0	0	0
NR_109371.1	GIN-41-MGE-S217	0	0	0	0	0	0	0	0	0
NR_109369.1	GIN-41-MGE-S217	0	0	0	0	0	0	0	0	0
NR_109368.1	GIN-41-MGE-S217	0	0	0	0	0	0	0	0	0
NR_109367.1	GIN-41-MGE-S217	0	0	0	0	0	0	0	0	0
NR_109365.1	GIN-41-MGE-S217	0	0	0	0	0	0	0	0	0
NR_109362.1	GIN-41-MGE-S217	0	0	0	0	0	0	0	0	0
NR_109353.1	GIN-41-MGE-S217	0	0	0	0	0	0	0	0	0
NR_109346.1	GIN-41-MGE-S217	0	0	0	0	0	0	0	0	0
NR_109330.1	GIN-41-MGE-S217	0	0	0	0	0	0	0	0	0
NR_109327.1	GIN-41-MGE-S217	0	0	0	0	0	0	0	0	0
NR_109326.1	GIN-41-MGE-S217	0	0	0	0	0	0	0	0	0
NR_109325.1	GIN-41-MGE-S217	0	0	0	0	0	0	0	0	0
NR_109324.1	GIN-41-MGE-S217	0	0	0	0	0	0	0	0	0
NR_109323.1	GIN-41-MGE-S217	0	0	0	0	0	0	0	0	0
NR_109322.1	GIN-41-MGE-S217	0	0	0	0	0	0	0	0	0
NR_109321.1	GIN-41-MGE-S217	0	0	0	0	0	0	0	0	0
NR_109319.1	GIN-41-MGE-S217	0	0	0	0	0	0	0	0	0
NR_109318.1	GIN-41-MGE-S217	0	0	0	0	0	0	0	0	0
NR_109317.1	GIN-41-MGE-S217	0	0	0	0	0	0	0	0	0
NR_109316.1	GIN-41-MGE-S217	0	0	0	0	0	0	0	0	0
NR_109315.1	GIN-41-MGE-S217	0	0	0	0	0	0	0	0	0
NR_109314.1	GIN-41-MGE-S217	0	0	0	0	0	0	0	0	0
NR_109313.1	GIN-41-MGE-S217	0	0	0	0	0	0	0	0	0
NR_109312.1	GIN-41-MGE-S217	0	0	0	0	0	0	0	0	0
NR_109311.1	GIN-41-MGE-S217	0	0	0	0	0	0	0	0	0
NR_109310.1	GIN-41-MGE-S217	0	0	0	0	0	0	0	0	0
NR_109309.1	GIN-41-MGE-S217	0	0	0	0	0	0	0	0	0
NR_109308.1	GIN-41-MGE-S217	0	0	0	0	0	0	0	0	0
NR_109307.1	GIN-41-MGE-S217	0	0	0	0	0	0	0	0	0
NR_109306.1	GIN-41-MGE-S217	0	0	0	0	0	0	0	0	0
NR_109305.1	GIN-41-MGE-S217	0	0	0	0	0	0	0	0	0
NR_109304.1	GIN-41-MGE-S217	0	0	0	0	0	0	0	0	0
NR_109303.1	GIN-41-MGE-S217	0	0	0	0	0	0	0	0	0
NR_109302.1	GIN-41-MGE-S217	0	0	0	0	0	0	0	0	0
NR_109301.1	GIN-41-MGE-S217	0	0	0	0	0	0	0	0	0
NR_109300.1	GIN-41-MGE-S217	0	0	0	0	0	0	0	0	0
NR_109298.1	GIN-41-MGE-S217	0	0	0	0	0	0	0	0	0
NR_109297.1	GIN-41-MGE-S217	0	0	0	0	0	0	0	0	0
NR_109296.1	GIN-41-MGE-S217	0	0	0	0	0	0	0	0	0
NR_109268.1	GIN-41-MGE-S217	0	0	0	0	0	0	0	0	0
NR_109179.1	GIN-41-MGE-S217	0	0	0	0	0	0	0	0	0
NR_109178.1	GIN-41-MGE-S217	0	0	0	0	0	0	0	0	0
NR_109177.1	GIN-41-MGE-S217	0	0	0	0	0	0	0	0	0
NR_109176.1	GIN-41-MGE-S217	0	0	0	0	0	0	0	0	0
NR_109175.1	GIN-41-MGE-S217	0	0	0	0	0	0	0	0	0
NR_109174.1	GIN-41-MGE-S217	0	0	0	0	0	0	0	0	0
NR_109173.1	GIN-41-MGE-S217	0	0	0	0	0	0	0	0	0
NR_109172.1	GIN-41-MGE-S217	0	0	0	0	0	0	0	0	0
NR_109171.1	GIN-41-MGE-S217	0	0	0	0	0	0	0	0	0
NR_109168.1	GIN-41-MGE-S217	0	0	0	0	0	0	0	0	0
NR_109167.1	GIN-41-MGE-S217	0	0	0	0	0	0	0	0	0
NR_109152.1	GIN-41-MGE-S217	0	0	0	0	0	0	0	0	0
NR_109149.1	GIN-41-MGE-S217	0	0	0	0	0	0	0	0	0
NR_109148.1	GIN-41-MGE-S217	0	0	0	0	0	0	0	0	0
NR_109122.1	GIN-41-MGE-S217	0	0	0	0	0	0	0	0	0
NR_109121.1	GIN-41-MGE-S217	0	0	0	0	0	0	0	0	0
NR_109110.1	GIN-41-MGE-S217	0	0	0	0	0	0	0	0	0
NR_109109.1	GIN-41-MGE-S217	0	0	0	0	0	0	0	0	0
NR_109106.1	GIN-41-MGE-S217	0	0	0	0	0	0	0	0	0
NR_109105.1	GIN-41-MGE-S217	0	0	0	0	0	0	0	0	0
NR_109104.1	GIN-41-MGE-S217	0	0	0	0	0	0	0	0	0
NR_109103.1	GIN-41-MGE-S217	0	0	0	0	0	0	0	0	0
NR_109102.1	GIN-41-MGE-S217	0	0	0	0	0	0	0	0	0
NR_109101.1	GIN-41-MGE-S217	0	0	0	0	0	0	0	0	0
NR_109100.1	GIN-41-MGE-S217	0	0	0	0	0	0	0	0	0
NR_109099.1	GIN-41-MGE-S217	0	0	0	0	0	0	0	0	0
NR_109098.1	GIN-41-MGE-S217	0	0	0	0	0	0	0	0	0
NR_109097.1	GIN-41-MGE-S217	0	0	0	0	0	0	0	0	0
NR_109096.1	GIN-41-MGE-S217	0	0	0	0	0	0	0	0	0
NR_109095.1	GIN-41-MGE-S217	0	0	0	0	0	0	0	0	0
NR_109094.1	GIN-41-MGE-S217	0	0	0	0	0	0	0	0	0
NR_109093.1	GIN-41-MGE-S217	0	0	0	0	0	0	0	0	0
NR_109092.1	GIN-41-MGE-S217	0	0	0	0	0	0	0	0	0
NR_109088.1	GIN-41-MGE-S217	0	0	0	0	0	0	0	0	0
NR_109077.1	GIN-41-MGE-S217	0	0	0	0	0	0	0	0	0
NR_109076.1	GIN-41-MGE-S217	0	0	0	0	0	0	0	0	0
NR_109075.1	GIN-41-MGE-S217	0	0	0	0	0	0	0	0	0
NR_109074.1	GIN-41-MGE-S217	0	0	0	0	0	0	0	0	0
NR_109073.1	GIN-41-MGE-S217	0	0	0	0	0	0	0	0	0
NR_109072.1	GIN-41-MGE-S217	0	0	0	0	0	0	0	0	0
NR_109071.1	GIN-41-MGE-S217	0	0	0	0	0	0	0	0	0
NR_109070.1	GIN-41-MGE-S217	0	0	0	0	0	0	0	0	0
NR_109067.1	GIN-41-MGE-S217	0	0	0	0	0	0	0	0	0
NR_109066.1	GIN-41-MGE-S217	0	0	0	0	0	0	0	0	0
NR_109065.1	GIN-41-MGE-S217	0	0	0	0	0	0	0	0	0
NR_109064.1	GIN-41-MGE-S217	0	0	0	0	0	0	0	0	0
NR_109063.1	GIN-41-MGE-S217	0	0	0	0	0	0	0	0	0
NR_109062.1	GIN-41-MGE-S217	0	0	0	0	0	0	0	0	0
NR_109060.1	GIN-41-MGE-S217	0	0	0	0	0	0	0	0	0
NR_109059.1	GIN-41-MGE-S217	0	0	0	0	0	0	0	0	0
NR_109058.1	GIN-41-MGE-S217	0	0	0	0	0	0	0	0	0
NR_109057.1	GIN-41-MGE-S217	0	0	0	0	0	0	0	0	0
NR_109056.1	GIN-41-MGE-S217	0	0	0	0	0	0	0	0	0
NR_109055.1	GIN-41-MGE-S217	0	0	0	0	0	0	0	0	0
NR_109053.1	GIN-41-MGE-S217	0	0	0	0	0	0	0	0	0
NR_109052.1	GIN-41-MGE-S217	0	0	0	0	0	0	0	0	0
NR_109051.1	GIN-41-MGE-S217	0	0	0	0	0	0	0	0	0
NR_109050.1	GIN-41-MGE-S217	0	0	0	0	0	0	0	0	0
NR_109049.1	GIN-41-MGE-S217	0	0	0	0	0	0	0	0	0
NR_109036.1	GIN-41-MGE-S217	0	0	0	0	0	0	0	0	0
NR_109024.1	GIN-41-MGE-S217	0	0	0	0	0	0	0	0	0
NR_109023.1	GIN-41-MGE-S217	0	0	0	0	0	0	0	0	0
NR_109022.1	GIN-41-MGE-S217	0	0	0	0	0	0	0	0	0
NR_109021.1	GIN-41-MGE-S217	0	0	0	0	0	0	0	0	0
NR_109020.1	GIN-41-MGE-S217	0	0	0	0	0	0	0	0	0
NR_109019.1	GIN-41-MGE-S217	0	0	0	0	0	0	0	0	0
NR_109018.1	GIN-41-MGE-S217	0	0	0	0	0	0	0	0	0
NR_109017.1	GIN-41-MGE-S217	0	0	0	0	0	0	0	0	0
NR_109016.1	GIN-41-MGE-S217	0	0	0	0	0	0	0	0	0
NR_109015.1	GIN-41-MGE-S217	0	0	0	0	0	0	0	0	0
NR_109014.1	GIN-41-MGE-S217	0	0	0	0	0	0	0	0	0
NR_109013.1	GIN-41-MGE-S217	0	0	0	0	0	0	0	0	0
NR_109012.1	GIN-41-MGE-S217	0	0	0	0	0	0	0	0	0
NR_109011.1	GIN-41-MGE-S217	0	0	0	0	0	0	0	0	0
NR_109009.1	GIN-41-MGE-S217	0	0	0	0	0	0	0	0	0
NR_108998.1	GIN-41-MGE-S217	0	0	0	0	0	0	0	0	0
NR_108997.1	GIN-41-MGE-S217	0	0	0	0	0	0	0	0	0
NR_108996.1	GIN-41-MGE-S217	0	0	0	0	0	0	0	0	0
NR_108995.1	GIN-41-MGE-S217	0	0	0	0	0	0	0	0	0
NR_108994.1	GIN-41-MGE-S217	0	0	0	0	0	0	0	0	0
NR_108993.1	GIN-41-MGE-S217	0	0	0	0	0	0	0	0	0
NR_108992.1	GIN-41-MGE-S217	0	0	0	0	0	0	0	0	0
NR_108991.1	GIN-41-MGE-S217	0	0	0	0	0	0	0	0	0
NR_108990.1	GIN-41-MGE-S217	0	0	0	0	0	0	0	0	0
NR_108989.1	GIN-41-MGE-S217	0	0	0	0	0	0	0	0	0
NR_108988.1	GIN-41-MGE-S217	0	0	0	0	0	0	0	0	0
NR_108987.1	GIN-41-MGE-S217	0	0	0	0	0	0	0	0	0
NR_108986.1	GIN-41-MGE-S217	0	0	0	0	0	0	0	0	0
NR_108985.1	GIN-41-MGE-S217	0	0	0	0	0	0	0	0	0
NR_108984.1	GIN-41-MGE-S217	0	0	0	0	0	0	0	0	0
NR_108927.1	GIN-41-MGE-S217	0	0	0	0	0	0	0	0	0
NR_108908.1	GIN-41-MGE-S217	0	0	0	0	0	0	0	0	0
NR_108907.1	GIN-41-MGE-S217	0	0	0	0	0	0	0	0	0
NR_108905.1	GIN-41-MGE-S217	0	0	0	0	0	0	0	0	0
NR_108904.1	GIN-41-MGE-S217	0	0	0	0	0	0	0	0	0
NR_108902.1	GIN-41-MGE-S217	0	0	0	0	0	0	0	0	0
NR_108900.1	GIN-41-MGE-S217	0	0	0	0	0	0	0	0	0
NR_108899.1	GIN-41-MGE-S217	0	0	0	0	0	0	0	0	0
NR_108898.1	GIN-41-MGE-S217	0	0	0	0	0	0	0	0	0
NR_108897.1	GIN-41-MGE-S217	0	0	0	0	0	0	0	0	0
NR_108895.1	GIN-41-MGE-S217	0	0	0	0	0	0	0	0	0
NR_108894.1	GIN-41-MGE-S217	0	0	0	0	0	0	0	0	0
NR_108893.1	GIN-41-MGE-S217	0	0	0	0	0	0	0	0	0
NR_108892.1	GIN-41-MGE-S217	0	0	0	0	0	0	0	0	0
NR_108891.1	GIN-41-MGE-S217	0	0	0	0	0	0	0	0	0
NR_108890.1	GIN-41-MGE-S217	0	0	0	0	0	0	0	0	0
NR_108889.1	GIN-41-MGE-S217	0	0	0	0	0	0	0	0	0
NR_108888.1	GIN-41-MGE-S217	0	0	0	0	0	0	0	0	0
NR_108887.1	GIN-41-MGE-S217	0	0	0	0	0	0	0	0	0
NR_108886.1	GIN-41-MGE-S217	0	0	0	0	0	0	0	0	0
NR_108885.1	GIN-41-MGE-S217	0	0	0	0	0	0	0	0	0
NR_108884.1	GIN-41-MGE-S217	0	0	0	0	0	0	0	0	0
NR_108883.1	GIN-41-MGE-S217	0	0	0	0	0	0	0	0	0
NR_108882.1	GIN-41-MGE-S217	0	0	0	0	0	0	0	0	0
NR_108881.1	GIN-41-MGE-S217	0	0	0	0	0	0	0	0	0
NR_108880.1	GIN-41-MGE-S217	0	0	0	0	0	0	0	0	0
NR_108879.1	GIN-41-MGE-S217	0	0	0	0	0	0	0	0	0
NR_108878.1	GIN-41-MGE-S217	0	0	0	0	0	0	0	0	0
NR_108877.1	GIN-41-MGE-S217	0	0	0	0	0	0	0	0	0
NR_108875.1	GIN-41-MGE-S217	0	0	0	0	0	0	0	0	0
NR_108874.1	GIN-41-MGE-S217	0	0	0	0	0	0	0	0	0
NR_108873.1	GIN-41-MGE-S217	0	0	0	0	0	0	0	0	0
NR_108872.1	GIN-41-MGE-S217	0	0	0	0	0	0	0	0	0
NR_108871.1	GIN-41-MGE-S217	0	0	0	0	0	0	0	0	0
NR_108870.1	GIN-41-MGE-S217	0	0	0	0	0	0	0	0	0
NR_108869.1	GIN-41-MGE-S217	0	0	0	0	0	0	0	0	0
NR_108868.1	GIN-41-MGE-S217	0	0	0	0	0	0	0	0	0
NR_108867.1	GIN-41-MGE-S217	0	0	0	0	0	0	0	0	0
NR_108866.1	GIN-41-MGE-S217	0	0	0	0	0	0	0	0	0
NR_108865.1	GIN-41-MGE-S217	0	0	0	0	0	0	0	0	0
NR_108863.1	GIN-41-MGE-S217	0	0	0	0	0	0	0	0	0
NR_108862.1	GIN-41-MGE-S217	0	0	0	0	0	0	0	0	0
NR_108861.1	GIN-41-MGE-S217	0	0	0	0	0	0	0	0	0
NR_108860.1	GIN-41-MGE-S217	0	0	0	0	0	0	0	0	0
NR_108859.1	GIN-41-MGE-S217	0	0	0	0	0	0	0	0	0
NR_108858.1	GIN-41-MGE-S217	0	0	0	0	0	0	0	0	0
NR_108857.1	GIN-41-MGE-S217	0	0	0	0	0	0	0	0	0
NR_108856.1	GIN-41-MGE-S217	0	0	0	0	0	0	0	0	0
NR_108855.1	GIN-41-MGE-S217	0	0	0	0	0	0	0	0	0
NR_108854.1	GIN-41-MGE-S217	0	0	0	0	0	0	0	0	0
NR_108853.1	GIN-41-MGE-S217	0	0	0	0	0	0	0	0	0
NR_108851.1	GIN-41-MGE-S217	0	0	0	0	0	0	0	0	0
NR_108850.1	GIN-41-MGE-S217	0	0	0	0	0	0	0	0	0
NR_108849.1	GIN-41-MGE-S217	0	0	0	0	0	0	0	0	0
NR_108848.1	GIN-41-MGE-S217	0	0	0	0	0	0	0	0	0
NR_108847.1	GIN-41-MGE-S217	0	0	0	0	0	0	0	0	0
NR_108846.1	GIN-41-MGE-S217	0	0	0	0	0	0	0	0	0
NR_108845.1	GIN-41-MGE-S217	0	0	0	0	0	0	0	0	0
NR_108843.1	GIN-41-MGE-S217	0	0	0	0	0	0	0	0	0
NR_108842.1	GIN-41-MGE-S217	0	0	0	0	0	0	0	0	0
NR_108841.1	GIN-41-MGE-S217	0	0	0	0	0	0	0	0	0
NR_108839.1	GIN-41-MGE-S217	0	0	0	0	0	0	0	0	0
NR_108837.1	GIN-41-MGE-S217	0	0	0	0	0	0	0	0	0
NR_108836.1	GIN-41-MGE-S217	0	0	0	0	0	0	0	0	0
NR_108835.1	GIN-41-MGE-S217	0	0	0	0	0	0	0	0	0
NR_108833.1	GIN-41-MGE-S217	0	0	0	0	0	0	0	0	0
NR_108832.1	GIN-41-MGE-S217	0	0	0	0	0	0	0	0	0
NR_108830.1	GIN-41-MGE-S217	0	0	0	0	0	0	0	0	0
NR_108829.1	GIN-41-MGE-S217	0	0	0	0	0	0	0	0	0
NR_108787.1	GIN-41-MGE-S217	0	0	0	0	0	0	0	0	0
NR_108786.1	GIN-41-MGE-S217	0	0	0	0	0	0	0	0	0
NR_108785.1	GIN-41-MGE-S217	0	0	0	0	0	0	0	0	0
NR_108784.1	GIN-41-MGE-S217	0	0	0	0	0	0	0	0	0
NR_108743.1	GIN-41-MGE-S217	0	0	0	0	0	0	0	0	0
NR_108742.1	GIN-41-MGE-S217	0	0	0	0	0	0	0	0	0
NR_108740.1	GIN-41-MGE-S217	0	0	0	0	0	0	0	0	0
NR_108739.1	GIN-41-MGE-S217	0	0	0	0	0	0	0	0	0
NR_108738.1	GIN-41-MGE-S217	0	0	0	0	0	0	0	0	0
NR_108737.1	GIN-41-MGE-S217	0	0	0	0	0	0	0	0	0
NR_108736.1	GIN-41-MGE-S217	0	0	0	0	0	0	0	0	0
NR_108735.1	GIN-41-MGE-S217	0	0	0	0	0	0	0	0	0
NR_108732.1	GIN-41-MGE-S217	0	0	0	0	0	0	0	0	0
NR_108711.1	GIN-41-MGE-S217	0	0	0	0	0	0	0	0	0
NR_108710.1	GIN-41-MGE-S217	0	0	0	0	0	0	0	0	0
NR_108709.1	GIN-41-MGE-S217	0	0	0	0	0	0	0	0	0
NR_108708.1	GIN-41-MGE-S217	0	0	0	0	0	0	0	0	0
NR_108707.1	GIN-41-MGE-S217	0	0	0	0	0	0	0	0	0
NR_108706.1	GIN-41-MGE-S217	0	0	0	0	0	0	0	0	0
NR_108696.1	GIN-41-MGE-S217	0	0	0	0	0	0	0	0	0
NR_108691.1	GIN-41-MGE-S217	0	0	0	0	0	0	0	0	0
NR_108688.1	GIN-41-MGE-S217	0	0	0	0	0	0	0	0	0
NR_108684.1	GIN-41-MGE-S217	0	0	0	0	0	0	0	0	0
NR_108683.1	GIN-41-MGE-S217	0	0	0	0	0	0	0	0	0
NR_108682.1	GIN-41-MGE-S217	0	0	0	0	0	0	0	0	0
NR_108681.1	GIN-41-MGE-S217	0	0	0	0	0	0	0	0	0
NR_108680.1	GIN-41-MGE-S217	0	0	0	0	0	0	0	0	0
NR_108679.1	GIN-41-MGE-S217	0	0	0	0	0	0	0	0	0
NR_108646.1	GIN-41-MGE-S217	0	0	0	0	0	0	0	0	0
NR_108640.1	GIN-41-MGE-S217	0	0	0	0	0	0	0	0	0
NR_108639.1	GIN-41-MGE-S217	0	0	0	0	0	0	0	0	0
NR_108637.1	GIN-41-MGE-S217	0	0	0	0	0	0	0	0	0
NR_108636.1	GIN-41-MGE-S217	0	0	0	0	0	0	0	0	0
NR_108635.1	GIN-41-MGE-S217	0	0	0	0	0	0	0	0	0
NR_108634.1	GIN-41-MGE-S217	0	0	0	0	0	0	0	0	0
NR_108633.1	GIN-41-MGE-S217	0	0	0	0	0	0	0	0	0
NR_108632.1	GIN-41-MGE-S217	0	0	0	0	0	0	0	0	0
NR_108631.1	GIN-41-MGE-S217	0	0	0	0	0	0	0	0	0
NR_108630.1	GIN-41-MGE-S217	0	0	0	0	0	0	0	0	0
NR_108629.1	GIN-41-MGE-S217	0	0	0	0	0	0	0	0	0
NR_108624.1	GIN-41-MGE-S217	0	0	0	0	0	0	0	0	0
NR_108621.1	GIN-41-MGE-S217	0	0	0	0	0	0	0	0	0
NR_108615.1	GIN-41-MGE-S217	0	0	0	0	0	0	0	0	0
NR_108611.1	GIN-41-MGE-S217	0	0	0	0	0	0	0	0	0
NR_108610.1	GIN-41-MGE-S217	0	0	0	0	0	0	0	0	0
NR_108609.1	GIN-41-MGE-S217	0	0	0	0	0	0	0	0	0
NR_108608.1	GIN-41-MGE-S217	0	0	0	0	0	0	0	0	0
NR_108607.1	GIN-41-MGE-S217	0	0	0	0	0	0	0	0	0
NR_108606.1	GIN-41-MGE-S217	0	0	0	0	0	0	0	0	0
NR_108605.1	GIN-41-MGE-S217	0	0	0	0	0	0	0	0	0
NR_108604.1	GIN-41-MGE-S217	0	0	0	0	0	0	0	0	0
NR_108603.1	GIN-41-MGE-S217	0	0	0	0	0	0	0	0	0
NR_108602.1	GIN-41-MGE-S217	0	0	0	0	0	0	0	0	0
NR_108601.1	GIN-41-MGE-S217	0	0	0	0	0	0	0	0	0
NR_108600.1	GIN-41-MGE-S217	0	0	0	0	0	0	0	0	0
NR_108595.1	GIN-41-MGE-S217	0	0	0	0	0	0	0	0	0
NR_108580.1	GIN-41-MGE-S217	0	0	0	0	0	0	0	0	0
NR_108577.1	GIN-41-MGE-S217	0	0	0	0	0	0	0	0	0
NR_108576.1	GIN-41-MGE-S217	0	0	0	0	0	0	0	0	0
NR_108575.1	GIN-41-MGE-S217	0	0	0	0	0	0	0	0	0
NR_108574.1	GIN-41-MGE-S217	0	0	0	0	0	0	0	0	0
NR_108573.1	GIN-41-MGE-S217	0	0	0	0	0	0	0	0	0
NR_108571.1	GIN-41-MGE-S217	0	0	0	0	0	0	0	0	0
NR_108570.1	GIN-41-MGE-S217	0	0	0	0	0	0	0	0	0
NR_108569.1	GIN-41-MGE-S217	0	0	0	0	0	0	0	0	0
NR_108568.1	GIN-41-MGE-S217	0	0	0	0	0	0	0	0	0
NR_108559.1	GIN-41-MGE-S217	0	0	0	0	0	0	0	0	0
NR_108544.1	GIN-41-MGE-S217	0	0	0	0	0	0	0	0	0
NR_108543.1	GIN-41-MGE-S217	0	0	0	0	0	0	0	0	0
NR_108542.1	GIN-41-MGE-S217	0	0	0	0	0	0	0	0	0
NR_108541.1	GIN-41-MGE-S217	0	0	0	0	0	0	0	0	0
NR_108540.1	GIN-41-MGE-S217	0	0	0	0	0	0	0	0	0
NR_108539.1	GIN-41-MGE-S217	0	0	0	0	0	0	0	0	0
NR_108538.1	GIN-41-MGE-S217	0	0	0	0	0	0	0	0	0
NR_108537.1	GIN-41-MGE-S217	0	0	0	0	0	0	0	0	0
NR_108536.1	GIN-41-MGE-S217	0	0	0	0	0	0	0	0	0
NR_108535.1	GIN-41-MGE-S217	0	0	0	0	0	0	0	0	0
NR_108534.1	GIN-41-MGE-S217	0	0	0	0	0	0	0	0	0
NR_108533.1	GIN-41-MGE-S217	0	0	0	0	0	0	0	0	0
NR_108532.1	GIN-41-MGE-S217	0	0	0	0	0	0	0	0	0
NR_108531.1	GIN-41-MGE-S217	0	0	0	0	0	0	0	0	0
NR_108530.1	GIN-41-MGE-S217	0	0	0	0	0	0	0	0	0
NR_108529.1	GIN-41-MGE-S217	0	0	0	0	0	0	0	0	0
NR_108528.1	GIN-41-MGE-S217	0	0	0	0	0	0	0	0	0
NR_108527.1	GIN-41-MGE-S217	0	0	0	0	0	0	0	0	0
NR_108526.1	GIN-41-MGE-S217	0	0	0	0	0	0	0	0	0
NR_108525.1	GIN-41-MGE-S217	0	0	0	0	0	0	0	0	0
NR_108524.1	GIN-41-MGE-S217	0	0	0	0	0	0	0	0	0
NR_108523.1	GIN-41-MGE-S217	0	0	0	0	0	0	0	0	0
NR_108522.1	GIN-41-MGE-S217	0	0	0	0	0	0	0	0	0
NR_108521.1	GIN-41-MGE-S217	0	0	0	0	0	0	0	0	0
NR_108520.1	GIN-41-MGE-S217	0	0	0	0	0	0	0	0	0
NR_108519.1	GIN-41-MGE-S217	0	0	0	0	0	0	0	0	0
NR_108518.1	GIN-41-MGE-S217	0	0	0	0	0	0	0	0	0
NR_108517.1	GIN-41-MGE-S217	0	0	0	0	0	0	0	0	0
NR_108516.1	GIN-41-MGE-S217	0	0	0	0	0	0	0	0	0
NR_108515.1	GIN-41-MGE-S217	0	0	0	0	0	0	0	0	0
NR_108514.1	GIN-41-MGE-S217	0	0	0	0	0	0	0	0	0
NR_108513.1	GIN-41-MGE-S217	0	0	0	0	0	0	0	0	0
NR_108512.1	GIN-41-MGE-S217	0	0	0	0	0	0	0	0	0
NR_108511.1	GIN-41-MGE-S217	0	0	0	0	0	0	0	0	0
NR_108508.1	GIN-41-MGE-S217	0	0	0	0	0	0	0	0	0
NR_108507.1	GIN-41-MGE-S217	0	0	0	0	0	0	0	0	0
NR_108506.1	GIN-41-MGE-S217	0	0	0	0	0	0	0	0	0
NR_108505.1	GIN-41-MGE-S217	0	0	0	0	0	0	0	0	0
NR_108504.1	GIN-41-MGE-S217	0	0	0	0	0	0	0	0	0
NR_108503.1	GIN-41-MGE-S217	0	0	0	0	0	0	0	0	0
NR_108502.1	GIN-41-MGE-S217	0	0	0	0	0	0	0	0	0
NR_108501.1	GIN-41-MGE-S217	0	0	0	0	0	0	0	0	0
NR_108500.1	GIN-41-MGE-S217	0	0	0	0	0	0	0	0	0
NR_108499.1	GIN-41-MGE-S217	0	0	0	0	0	0	0	0	0
NR_108498.1	GIN-41-MGE-S217	0	0	0	0	0	0	0	0	0
NR_108497.1	GIN-41-MGE-S217	0	0	0	0	0	0	0	0	0
NR_108496.1	GIN-41-MGE-S217	0	0	0	0	0	0	0	0	0
NR_108495.1	GIN-41-MGE-S217	0	0	0	0	0	0	0	0	0
NR_108494.1	GIN-41-MGE-S217	0	0	0	0	0	0	0	0	0
NR_108493.1	GIN-41-MGE-S217	0	0	0	0	0	0	0	0	0
NR_108490.1	GIN-41-MGE-S217	0	0	0	0	0	0	0	0	0
NR_108489.1	GIN-41-MGE-S217	0	0	0	0	0	0	0	0	0
NR_108486.1	GIN-41-MGE-S217	0	0	0	0	0	0	0	0	0
NR_108485.1	GIN-41-MGE-S217	0	0	0	0	0	0	0	0	0
NR_108484.1	GIN-41-MGE-S217	0	0	0	0	0	0	0	0	0
NR_108483.1	GIN-41-MGE-S217	0	0	0	0	0	0	0	0	0
NR_108482.1	GIN-41-MGE-S217	0	0	0	0	0	0	0	0	0
NR_108481.1	GIN-41-MGE-S217	0	0	0	0	0	0	0	0	0
NR_108480.1	GIN-41-MGE-S217	0	0	0	0	0	0	0	0	0
NR_108479.1	GIN-41-MGE-S217	0	0	0	0	0	0	0	0	0
NR_108478.1	GIN-41-MGE-S217	0	0	0	0	0	0	0	0	0
NR_108476.1	GIN-41-MGE-S217	0	0	0	0	0	0	0	0	0
NR_108475.1	GIN-41-MGE-S217	0	0	0	0	0	0	0	0	0
NR_108474.1	GIN-41-MGE-S217	0	0	0	0	0	0	0	0	0
NR_108473.1	GIN-41-MGE-S217	0	0	0	0	0	0	0	0	0
NR_108471.1	GIN-41-MGE-S217	0	0	0	0	0	0	0	0	0
NR_108470.1	GIN-41-MGE-S217	0	0	0	0	0	0	0	0	0
NR_108469.1	GIN-41-MGE-S217	0	0	0	0	0	0	0	0	0
NR_108468.1	GIN-41-MGE-S217	0	0	0	0	0	0	0	0	0
NR_108467.1	GIN-41-MGE-S217	0	0	0	0	0	0	0	0	0
NR_108466.1	GIN-41-MGE-S217	0	0	0	0	0	0	0	0	0
NR_108465.1	GIN-41-MGE-S217	0	0	0	0	0	0	0	0	0
NR_108464.1	GIN-41-MGE-S217	0	0	0	0	0	0	0	0	0
NR_108463.1	GIN-41-MGE-S217	0	0	0	0	0	0	0	0	0
NR_108462.1	GIN-41-MGE-S217	0	0	0	0	0	0	0	0	0
NR_108461.1	GIN-41-MGE-S217	0	0	0	0	0	0	0	0	0
NR_108460.1	GIN-41-MGE-S217	0	0	0	0	0	0	0	0	0
NR_108459.1	GIN-41-MGE-S217	0	0	0	0	0	0	0	0	0
NR_108458.1	GIN-41-MGE-S217	0	0	0	0	0	0	0	0	0
NR_108457.1	GIN-41-MGE-S217	0	0	0	0	0	0	0	0	0
NR_108456.1	GIN-41-MGE-S217	0	0	0	0	0	0	0	0	0
NR_108454.1	GIN-41-MGE-S217	0	0	0	0	0	0	0	0	0
NR_108453.1	GIN-41-MGE-S217	0	0	0	0	0	0	0	0	0
NR_108452.1	GIN-41-MGE-S217	0	0	0	0	0	0	0	0	0
NR_108451.1	GIN-41-MGE-S217	0	0	0	0	0	0	0	0	0
NR_108450.1	GIN-41-MGE-S217	0	0	0	0	0	0	0	0	0
NR_108449.1	GIN-41-MGE-S217	0	0	0	0	0	0	0	0	0
NR_108443.1	GIN-41-MGE-S217	0	0	0	0	0	0	0	0	0
NR_108441.1	GIN-41-MGE-S217	0	0	0	0	0	0	0	0	0
NR_108440.1	GIN-41-MGE-S217	0	0	0	0	0	0	0	0	0
NR_108439.1	GIN-41-MGE-S217	0	0	0	0	0	0	0	0	0
NR_108438.1	GIN-41-MGE-S217	0	0	0	0	0	0	0	0	0
NR_108437.1	GIN-41-MGE-S217	0	0	0	0	0	0	0	0	0
NR_108436.1	GIN-41-MGE-S217	0	0	0	0	0	0	0	0	0
NR_108435.1	GIN-41-MGE-S217	0	0	0	0	0	0	0	0	0
NR_108393.1	GIN-41-MGE-S217	0	0	0	0	0	0	0	0	0
NR_108389.1	GIN-41-MGE-S217	0	0	0	0	0	0	0	0	0
NR_108388.1	GIN-41-MGE-S217	0	0	0	0	0	0	0	0	0
NR_108387.1	GIN-41-MGE-S217	0	0	0	0	0	0	0	0	0
NR_108386.1	GIN-41-MGE-S217	0	0	0	0	0	0	0	0	0
NR_108385.1	GIN-41-MGE-S217	0	0	0	0	0	0	0	0	0
NR_108384.1	GIN-41-MGE-S217	0	0	0	0	0	0	0	0	0
NR_108383.1	GIN-41-MGE-S217	0	0	0	0	0	0	0	0	0
NR_108382.1	GIN-41-MGE-S217	0	0	0	0	0	0	0	0	0
NR_108380.1	GIN-41-MGE-S217	0	0	0	0	0	0	0	0	0
NR_108379.1	GIN-41-MGE-S217	0	0	0	0	0	0	0	0	0
NR_108377.1	GIN-41-MGE-S217	0	0	0	0	0	0	0	0	0
NR_108333.1	GIN-41-MGE-S217	0	0	0	0	0	0	0	0	0
NR_108325.1	GIN-41-MGE-S217	0	0	0	0	0	0	0	0	0
NR_108323.1	GIN-41-MGE-S217	0	0	0	0	0	0	0	0	0
NR_108322.1	GIN-41-MGE-S217	0	0	0	0	0	0	0	0	0
NR_108321.1	GIN-41-MGE-S217	0	0	0	0	0	0	0	0	0
NR_108320.1	GIN-41-MGE-S217	0	0	0	0	0	0	0	0	0
NR_108301.1	GIN-41-MGE-S217	0	0	0	0	0	0	0	0	0
NR_108300.1	GIN-41-MGE-S217	0	0	0	0	0	0	0	0	0
NR_108299.1	GIN-41-MGE-S217	0	0	0	0	0	0	0	0	0
NR_108298.1	GIN-41-MGE-S217	0	0	0	0	0	0	0	0	0
NR_108297.1	GIN-41-MGE-S217	0	0	0	0	0	0	0	0	0
NR_108296.1	GIN-41-MGE-S217	0	0	0	0	0	0	0	0	0
NR_108295.1	GIN-41-MGE-S217	0	0	0	0	0	0	0	0	0
NR_108294.1	GIN-41-MGE-S217	0	0	0	0	0	0	0	0	0
NR_108293.1	GIN-41-MGE-S217	0	0	0	0	0	0	0	0	0
NR_108292.1	GIN-41-MGE-S217	0	0	0	0	0	0	0	0	0
NR_108291.1	GIN-41-MGE-S217	0	0	0	0	0	0	0	0	0
NR_108285.1	GIN-41-MGE-S217	0	0	0	0	0	0	0	0	0
NR_108265.1	GIN-41-MGE-S217	0	0	0	0	0	0	0	0	0
NR_108243.1	GIN-41-MGE-S217	0	0	0	0	0	0	0	0	0
NR_108236.1	GIN-41-MGE-S217	0	0	0	0	0	0	0	0	0
NR_108235.1	GIN-41-MGE-S217	0	0	0	0	0	0	0	0	0
NR_108234.1	GIN-41-MGE-S217	0	0	0	0	0	0	0	0	0
NR_108233.1	GIN-41-MGE-S217	0	0	0	0	0	0	0	0	0
NR_108232.1	GIN-41-MGE-S217	0	0	0	0	0	0	0	0	0
NR_108231.1	GIN-41-MGE-S217	0	0	0	0	0	0	0	0	0
NR_108224.1	GIN-41-MGE-S217	0	0	0	0	0	0	0	0	0
NR_108223.1	GIN-41-MGE-S217	0	0	0	0	0	0	0	0	0
NR_108222.1	GIN-41-MGE-S217	0	0	0	0	0	0	0	0	0
NR_108221.1	GIN-41-MGE-S217	0	0	0	0	0	0	0	0	0
NR_108220.1	GIN-41-MGE-S217	0	0	0	0	0	0	0	0	0
NR_108219.1	GIN-41-MGE-S217	0	0	0	0	0	0	0	0	0
NR_108218.1	GIN-41-MGE-S217	0	0	0	0	0	0	0	0	0
NR_108217.1	GIN-41-MGE-S217	0	0	0	0	0	0	0	0	0
NR_108216.1	GIN-41-MGE-S217	0	0	0	0	0	0	0	0	0
NR_108215.1	GIN-41-MGE-S217	0	0	0	0	0	0	0	0	0
NR_108213.1	GIN-41-MGE-S217	0	0	0	0	0	0	0	0	0
NR_108204.1	GIN-41-MGE-S217	0	0	0	0	0	0	0	0	0
NR_108203.1	GIN-41-MGE-S217	0	0	0	0	0	0	0	0	0
NR_108202.1	GIN-41-MGE-S217	0	0	0	0	0	0	0	0	0
NR_108201.1	GIN-41-MGE-S217	0	0	0	0	0	0	0	0	0
NR_108200.1	GIN-41-MGE-S217	0	0	0	0	0	0	0	0	0
NR_108196.1	GIN-41-MGE-S217	0	0	0	0	0	0	0	0	0
NR_108192.1	GIN-41-MGE-S217	0	0	0	0	0	0	0	0	0
NR_108189.1	GIN-41-MGE-S217	0	0	0	0	0	0	0	0	0
NR_108188.1	GIN-41-MGE-S217	0	0	0	0	0	0	0	0	0
NR_108187.1	GIN-41-MGE-S217	0	0	0	0	0	0	0	0	0
NR_108186.1	GIN-41-MGE-S217	0	0	0	0	0	0	0	0	0
NR_108185.1	GIN-41-MGE-S217	0	0	0	0	0	0	0	0	0
NR_108184.1	GIN-41-MGE-S217	0	0	0	0	0	0	0	0	0
NR_108183.1	GIN-41-MGE-S217	0	0	0	0	0	0	0	0	0
NR_108182.1	GIN-41-MGE-S217	0	0	0	0	0	0	0	0	0
NR_108181.1	GIN-41-MGE-S217	0	0	0	0	0	0	0	0	0
NR_108179.1	GIN-41-MGE-S217	0	0	0	0	0	0	0	0	0
NR_108178.1	GIN-41-MGE-S217	0	0	0	0	0	0	0	0	0
NR_108175.1	GIN-41-MGE-S217	0	0	0	0	0	0	0	0	0
NR_108174.1	GIN-41-MGE-S217	0	0	0	0	0	0	0	0	0
NR_108170.1	GIN-41-MGE-S217	0	0	0	0	0	0	0	0	0
NR_108148.1	GIN-41-MGE-S217	0	0	0	0	0	0	0	0	0
NR_108146.1	GIN-41-MGE-S217	0	0	0	0	0	0	0	0	0
NR_108145.1	GIN-41-MGE-S217	0	0	0	0	0	0	0	0	0
NR_108144.1	GIN-41-MGE-S217	0	0	0	0	0	0	0	0	0
NR_108143.1	GIN-41-MGE-S217	0	0	0	0	0	0	0	0	0
NR_108142.1	GIN-41-MGE-S217	0	0	0	0	0	0	0	0	0
NR_108141.1	GIN-41-MGE-S217	0	0	0	0	0	0	0	0	0
NR_108139.1	GIN-41-MGE-S217	0	0	0	0	0	0	0	0	0
NR_108137.1	GIN-41-MGE-S217	0	0	0	0	0	0	0	0	0
NR_108136.1	GIN-41-MGE-S217	0	0	0	0	0	0	0	0	0
NR_108135.1	GIN-41-MGE-S217	0	0	0	0	0	0	0	0	0
NR_108134.1	GIN-41-MGE-S217	0	0	0	0	0	0	0	0	0
NR_108128.1	GIN-41-MGE-S217	0	0	0	0	0	0	0	0	0
NR_108124.1	GIN-41-MGE-S217	0	0	0	0	0	0	0	0	0
NR_108123.1	GIN-41-MGE-S217	0	0	0	0	0	0	0	0	0
NR_108122.1	GIN-41-MGE-S217	0	0	0	0	0	0	0	0	0
NR_108121.1	GIN-41-MGE-S217	0	0	0	0	0	0	0	0	0
NR_108120.1	GIN-41-MGE-S217	0	0	0	0	0	0	0	0	0
NR_108119.1	GIN-41-MGE-S217	0	0	0	0	0	0	0	0	0
NR_108117.1	GIN-41-MGE-S217	0	0	0	0	0	0	0	0	0
NR_108116.1	GIN-41-MGE-S217	0	0	0	0	0	0	0	0	0
NR_108115.1	GIN-41-MGE-S217	0	0	0	0	0	0	0	0	0
NR_108114.1	GIN-41-MGE-S217	0	0	0	0	0	0	0	0	0
NR_108113.1	GIN-41-MGE-S217	0	0	0	0	0	0	0	0	0
NR_104994.1	GIN-41-MGE-S217	0	0	0	0	0	0	0	0	0
NR_104993.1	GIN-41-MGE-S217	0	0	0	0	0	0	0	0	0
NR_104992.1	GIN-41-MGE-S217	0	0	0	0	0	0	0	0	0
NR_104991.1	GIN-41-MGE-S217	0	0	0	0	0	0	0	0	0
NR_104989.1	GIN-41-MGE-S217	0	0	0	0	0	0	0	0	0
NR_104982.1	GIN-41-MGE-S217	0	0	0	0	0	0	0	0	0
NR_104981.1	GIN-41-MGE-S217	0	0	0	0	0	0	0	0	0
NR_104980.1	GIN-41-MGE-S217	0	0	0	0	0	0	0	0	0
NR_104978.1	GIN-41-MGE-S217	0	0	0	0	0	0	0	0	0
NR_104977.1	GIN-41-MGE-S217	0	0	0	0	0	0	0	0	0
NR_104975.1	GIN-41-MGE-S217	0	0	0	0	0	0	0	0	0
NR_104974.1	GIN-41-MGE-S217	0	0	0	0	0	0	0	0	0
NR_104973.1	GIN-41-MGE-S217	0	0	0	0	0	0	0	0	0
NR_104972.1	GIN-41-MGE-S217	0	0	0	0	0	0	0	0	0
NR_104971.1	GIN-41-MGE-S217	0	0	0	0	0	0	0	0	0
NR_104970.1	GIN-41-MGE-S217	0	0	0	0	0	0	0	0	0
NR_104969.1	GIN-41-MGE-S217	0	0	0	0	0	0	0	0	0
NR_104968.1	GIN-41-MGE-S217	0	0	0	0	0	0	0	0	0
NR_104967.1	GIN-41-MGE-S217	0	0	0	0	0	0	0	0	0
NR_104966.1	GIN-41-MGE-S217	0	0	0	0	0	0	0	0	0
NR_104965.1	GIN-41-MGE-S217	0	0	0	0	0	0	0	0	0
NR_104964.1	GIN-41-MGE-S217	0	0	0	0	0	0	0	0	0
NR_104963.1	GIN-41-MGE-S217	0	0	0	0	0	0	0	0	0
NR_104962.1	GIN-41-MGE-S217	0	0	0	0	0	0	0	0	0
NR_104961.1	GIN-41-MGE-S217	0	0	0	0	0	0	0	0	0
NR_104960.1	GIN-41-MGE-S217	0	0	0	0	0	0	0	0	0
NR_104959.1	GIN-41-MGE-S217	0	0	0	0	0	0	0	0	0
NR_104957.1	GIN-41-MGE-S217	0	0	0	0	0	0	0	0	0
NR_104956.1	GIN-41-MGE-S217	0	0	0	0	0	0	0	0	0
NR_104955.1	GIN-41-MGE-S217	0	0	0	0	0	0	0	0	0
NR_104954.1	GIN-41-MGE-S217	0	0	0	0	0	0	0	0	0
NR_104952.1	GIN-41-MGE-S217	0	0	0	0	0	0	0	0	0
NR_104951.1	GIN-41-MGE-S217	0	0	0	0	0	0	0	0	0
NR_104949.1	GIN-41-MGE-S217	0	0	0	0	0	0	0	0	0
NR_104948.1	GIN-41-MGE-S217	0	0	0	0	0	0	0	0	0
NR_104947.1	GIN-41-MGE-S217	0	0	0	0	0	0	0	0	0
NR_104944.1	GIN-41-MGE-S217	0	0	0	0	0	0	0	0	0
NR_104943.1	GIN-41-MGE-S217	0	0	0	0	0	0	0	0	0
NR_104942.1	GIN-41-MGE-S217	0	0	0	0	0	0	0	0	0
NR_104941.1	GIN-41-MGE-S217	0	0	0	0	0	0	0	0	0
NR_104940.1	GIN-41-MGE-S217	0	0	0	0	0	0	0	0	0
NR_104939.1	GIN-41-MGE-S217	0	0	0	0	0	0	0	0	0
NR_104938.1	GIN-41-MGE-S217	0	0	0	0	0	0	0	0	0
NR_104936.1	GIN-41-MGE-S217	0	0	0	0	0	0	0	0	0
NR_104935.1	GIN-41-MGE-S217	0	0	0	0	0	0	0	0	0
NR_104934.1	GIN-41-MGE-S217	0	0	0	0	0	0	0	0	0
NR_104933.1	GIN-41-MGE-S217	0	0	0	0	0	0	0	0	0
NR_104932.1	GIN-41-MGE-S217	0	0	0	0	0	0	0	0	0
NR_104930.1	GIN-41-MGE-S217	0	0	0	0	0	0	0	0	0
NR_104929.1	GIN-41-MGE-S217	0	0	0	0	0	0	0	0	0
NR_104928.1	GIN-41-MGE-S217	0	0	0	0	0	0	0	0	0
NR_104925.1	GIN-41-MGE-S217	0	0	0	0	0	0	0	0	0
NR_104924.1	GIN-41-MGE-S217	0	0	0	0	0	0	0	0	0
NR_104923.1	GIN-41-MGE-S217	0	0	0	0	0	0	0	0	0
NR_104919.1	GIN-41-MGE-S217	0	0	0	0	0	0	0	0	0
NR_104917.1	GIN-41-MGE-S217	0	0	0	0	0	0	0	0	0
NR_104916.1	GIN-41-MGE-S217	0	0	0	0	0	0	0	0	0
NR_104915.1	GIN-41-MGE-S217	0	0	0	0	0	0	0	0	0
NR_104914.1	GIN-41-MGE-S217	0	0	0	0	0	0	0	0	0
NR_104913.1	GIN-41-MGE-S217	0	0	0	0	0	0	0	0	0
NR_104912.1	GIN-41-MGE-S217	0	0	0	0	0	0	0	0	0
NR_104909.1	GIN-41-MGE-S217	0	0	0	0	0	0	0	0	0
NR_104908.1	GIN-41-MGE-S217	0	0	0	0	0	0	0	0	0
NR_104907.1	GIN-41-MGE-S217	0	0	0	0	0	0	0	0	0
NR_104905.1	GIN-41-MGE-S217	0	0	0	0	0	0	0	0	0
NR_104904.1	GIN-41-MGE-S217	0	0	0	0	0	0	0	0	0
NR_104903.1	GIN-41-MGE-S217	0	0	0	0	0	0	0	0	0
NR_104902.1	GIN-41-MGE-S217	0	0	0	0	0	0	0	0	0
NR_104898.1	GIN-41-MGE-S217	0	0	0	0	0	0	0	0	0
NR_104893.1	GIN-41-MGE-S217	0	0	0	0	0	0	0	0	0
NR_104892.1	GIN-41-MGE-S217	0	0	0	0	0	0	0	0	0
NR_104889.1	GIN-41-MGE-S217	0	0	0	0	0	0	0	0	0
NR_104888.1	GIN-41-MGE-S217	0	0	0	0	0	0	0	0	0
NR_104885.1	GIN-41-MGE-S217	0	0	0	0	0	0	0	0	0
NR_104884.1	GIN-41-MGE-S217	0	0	0	0	0	0	0	0	0
NR_104883.1	GIN-41-MGE-S217	0	0	0	0	0	0	0	0	0
NR_104882.1	GIN-41-MGE-S217	0	0	0	0	0	0	0	0	0
NR_104881.1	GIN-41-MGE-S217	0	0	0	0	0	0	0	0	0
NR_104877.1	GIN-41-MGE-S217	0	0	0	0	0	0	0	0	0
NR_104876.1	GIN-41-MGE-S217	0	0	0	0	0	0	0	0	0
NR_104873.1	GIN-41-MGE-S217	0	0	0	0	0	0	0	0	0
NR_104872.1	GIN-41-MGE-S217	0	0	0	0	0	0	0	0	0
NR_104871.1	GIN-41-MGE-S217	0	0	0	0	0	0	0	0	0
NR_104870.1	GIN-41-MGE-S217	0	0	0	0	0	0	0	0	0
NR_104869.1	GIN-41-MGE-S217	0	0	0	0	0	0	0	0	0
NR_104868.1	GIN-41-MGE-S217	0	0	0	0	0	0	0	0	0
NR_104867.1	GIN-41-MGE-S217	0	0	0	0	0	0	0	0	0
NR_104866.1	GIN-41-MGE-S217	0	0	0	0	0	0	0	0	0
NR_104865.1	GIN-41-MGE-S217	0	0	0	0	0	0	0	0	0
NR_104864.1	GIN-41-MGE-S217	0	0	0	0	0	0	0	0	0
NR_104863.1	GIN-41-MGE-S217	0	0	0	0	0	0	0	0	0
NR_104862.1	GIN-41-MGE-S217	0	0	0	0	0	0	0	0	0
NR_104861.1	GIN-41-MGE-S217	0	0	0	0	0	0	0	0	0
NR_104860.1	GIN-41-MGE-S217	0	0	0	0	0	0	0	0	0
NR_104858.1	GIN-41-MGE-S217	0	0	0	0	0	0	0	0	0
NR_104857.1	GIN-41-MGE-S217	0	0	0	0	0	0	0	0	0
NR_104855.1	GIN-41-MGE-S217	0	0	0	0	0	0	0	0	0
NR_104854.1	GIN-41-MGE-S217	0	0	0	0	0	0	0	0	0
NR_104853.1	GIN-41-MGE-S217	0	0	0	0	0	0	0	0	0
NR_104852.1	GIN-41-MGE-S217	0	0	0	0	0	0	0	0	0
NR_104851.1	GIN-41-MGE-S217	0	0	0	0	0	0	0	0	0
NR_104850.1	GIN-41-MGE-S217	0	0	0	0	0	0	0	0	0
NR_104848.1	GIN-41-MGE-S217	0	0	0	0	0	0	0	0	0
NR_104847.1	GIN-41-MGE-S217	0	0	0	0	0	0	0	0	0
NR_104845.1	GIN-41-MGE-S217	0	0	0	0	0	0	0	0	0
NR_104844.1	GIN-41-MGE-S217	0	0	0	0	0	0	0	0	0
NR_104842.1	GIN-41-MGE-S217	0	0	0	0	0	0	0	0	0
NR_104841.1	GIN-41-MGE-S217	0	0	0	0	0	0	0	0	0
NR_104840.1	GIN-41-MGE-S217	0	0	0	0	0	0	0	0	0
NR_104839.1	GIN-41-MGE-S217	0	0	0	0	0	0	0	0	0
NR_104838.1	GIN-41-MGE-S217	0	0	0	0	0	0	0	0	0
NR_104837.1	GIN-41-MGE-S217	0	0	0	0	0	0	0	0	0
NR_104836.1	GIN-41-MGE-S217	0	0	0	0	0	0	0	0	0
NR_104835.1	GIN-41-MGE-S217	0	0	0	0	0	0	0	0	0
NR_104834.1	GIN-41-MGE-S217	0	0	0	0	0	0	0	0	0
NR_104833.1	GIN-41-MGE-S217	0	0	0	0	0	0	0	0	0
NR_104830.1	GIN-41-MGE-S217	0	0	0	0	0	0	0	0	0
NR_104827.1	GIN-41-MGE-S217	0	0	0	0	0	0	0	0	0
NR_104826.1	GIN-41-MGE-S217	1	1	0	0	0	0	0	0	0
NR_104825.1	GIN-41-MGE-S217	0	0	0	0	0	0	0	0	0
NR_104824.1	GIN-41-MGE-S217	0	0	0	0	0	0	0	0	0
NR_104823.1	GIN-41-MGE-S217	0	0	0	0	0	0	0	0	0
NR_104822.1	GIN-41-MGE-S217	0	0	0	0	0	0	0	0	0
NR_104813.1	GIN-41-MGE-S217	0	0	0	0	0	0	0	0	0
NR_104811.1	GIN-41-MGE-S217	0	0	0	0	0	0	0	0	0
NR_104810.1	GIN-41-MGE-S217	0	0	0	0	0	0	0	0	0
NR_104808.1	GIN-41-MGE-S217	0	0	0	0	0	0	0	0	0
NR_104807.1	GIN-41-MGE-S217	0	0	0	0	0	0	0	0	0
NR_104806.1	GIN-41-MGE-S217	0	0	0	0	0	0	0	0	0
NR_104805.1	GIN-41-MGE-S217	0	0	0	0	0	0	0	0	0
NR_104803.1	GIN-41-MGE-S217	0	0	0	0	0	0	0	0	0
NR_104802.1	GIN-41-MGE-S217	0	0	0	0	0	0	0	0	0
NR_104801.1	GIN-41-MGE-S217	0	0	0	0	0	0	0	0	0
NR_104800.1	GIN-41-MGE-S217	0	0	0	0	0	0	0	0	0
NR_104799.1	GIN-41-MGE-S217	1	1	0	0	0	0	0	0	0
NR_104798.1	GIN-41-MGE-S217	0	0	0	0	0	0	0	0	0
NR_104797.1	GIN-41-MGE-S217	0	0	0	0	0	0	0	0	0
NR_104796.1	GIN-41-MGE-S217	0	0	0	0	0	0	0	0	0
NR_104795.1	GIN-41-MGE-S217	0	0	0	0	0	0	0	0	0
NR_104794.1	GIN-41-MGE-S217	0	0	0	0	0	0	0	0	0
NR_104792.1	GIN-41-MGE-S217	0	0	0	0	0	0	0	0	0
NR_104789.1	GIN-41-MGE-S217	0	0	0	0	0	0	0	0	0
NR_104788.1	GIN-41-MGE-S217	0	0	0	0	0	0	0	0	0
NR_104787.1	GIN-41-MGE-S217	0	0	0	0	0	0	0	0	0
NR_104786.1	GIN-41-MGE-S217	0	0	0	0	0	0	0	0	0
NR_104785.1	GIN-41-MGE-S217	0	0	0	0	0	0	0	0	0
NR_104783.1	GIN-41-MGE-S217	0	0	0	0	0	0	0	0	0
NR_104781.1	GIN-41-MGE-S217	0	0	0	0	0	0	0	0	0
NR_104780.1	GIN-41-MGE-S217	0	0	0	0	0	0	0	0	0
NR_104779.1	GIN-41-MGE-S217	0	0	0	0	0	0	0	0	0
NR_104778.1	GIN-41-MGE-S217	0	0	0	0	0	0	0	0	0
NR_104777.1	GIN-41-MGE-S217	0	0	0	0	0	0	0	0	0
NR_104776.1	GIN-41-MGE-S217	0	0	0	0	0	0	0	0	0
NR_104775.1	GIN-41-MGE-S217	0	0	0	0	0	0	0	0	0
NR_104774.1	GIN-41-MGE-S217	0	0	0	0	0	0	0	0	0
NR_104773.1	GIN-41-MGE-S217	0	0	0	0	0	0	0	0	0
NR_104772.1	GIN-41-MGE-S217	0	0	0	0	0	0	0	0	0
NR_104771.1	GIN-41-MGE-S217	0	0	0	0	0	0	0	0	0
NR_104770.1	GIN-41-MGE-S217	0	0	0	0	0	0	0	0	0
NR_104769.1	GIN-41-MGE-S217	0	0	0	0	0	0	0	0	0
NR_104768.1	GIN-41-MGE-S217	0	0	0	0	0	0	0	0	0
NR_104767.1	GIN-41-MGE-S217	0	0	0	0	0	0	0	0	0
NR_104766.1	GIN-41-MGE-S217	0	0	0	0	0	0	0	0	0
NR_104765.1	GIN-41-MGE-S217	0	0	0	0	0	0	0	0	0
NR_104764.1	GIN-41-MGE-S217	0	0	0	0	0	0	0	0	0
NR_104763.1	GIN-41-MGE-S217	0	0	0	0	0	0	0	0	0
NR_104761.1	GIN-41-MGE-S217	0	0	0	0	0	0	0	0	0
NR_104760.1	GIN-41-MGE-S217	0	0	0	0	0	0	0	0	0
NR_104759.1	GIN-41-MGE-S217	0	0	0	0	0	0	0	0	0
NR_104758.1	GIN-41-MGE-S217	0	0	0	0	0	0	0	0	0
NR_104754.1	GIN-41-MGE-S217	0	0	0	0	0	0	0	0	0
NR_104753.1	GIN-41-MGE-S217	0	0	0	0	0	0	0	0	0
NR_104752.1	GIN-41-MGE-S217	0	0	0	0	0	0	0	0	0
NR_104751.1	GIN-41-MGE-S217	0	0	0	0	0	0	0	0	0
NR_104750.1	GIN-41-MGE-S217	0	0	0	0	0	0	0	0	0
NR_104748.1	GIN-41-MGE-S217	0	0	0	0	0	0	0	0	0
NR_104747.1	GIN-41-MGE-S217	0	0	0	0	0	0	0	0	0
NR_104746.1	GIN-41-MGE-S217	0	0	0	0	0	0	0	0	0
NR_104744.1	GIN-41-MGE-S217	0	0	0	0	0	0	0	0	0
NR_104743.1	GIN-41-MGE-S217	0	0	0	0	0	0	0	0	0
NR_104742.1	GIN-41-MGE-S217	0	0	0	0	0	0	0	0	0
NR_104741.1	GIN-41-MGE-S217	0	0	0	0	0	0	0	0	0
NR_104740.1	GIN-41-MGE-S217	0	0	0	0	0	0	0	0	0
NR_104737.1	GIN-41-MGE-S217	0	0	0	0	0	0	0	0	0
NR_104735.1	GIN-41-MGE-S217	0	0	0	0	0	0	0	0	0
NR_104732.1	GIN-41-MGE-S217	0	0	0	0	0	0	0	0	0
NR_104731.1	GIN-41-MGE-S217	0	0	0	0	0	0	0	0	0
NR_104727.1	GIN-41-MGE-S217	0	0	0	0	0	0	0	0	0
NR_104726.1	GIN-41-MGE-S217	0	0	0	0	0	0	0	0	0
NR_104725.1	GIN-41-MGE-S217	0	0	0	0	0	0	0	0	0
NR_104724.1	GIN-41-MGE-S217	0	0	0	0	0	0	0	0	0
NR_104723.1	GIN-41-MGE-S217	0	0	0	0	0	0	0	0	0
NR_104722.1	GIN-41-MGE-S217	0	0	0	0	0	0	0	0	0
NR_104721.1	GIN-41-MGE-S217	0	0	0	0	0	0	0	0	0
NR_104719.1	GIN-41-MGE-S217	0	0	0	0	0	0	0	0	0
NR_104718.1	GIN-41-MGE-S217	0	0	0	0	0	0	0	0	0
NR_104717.1	GIN-41-MGE-S217	0	0	0	0	0	0	0	0	0
NR_104716.1	GIN-41-MGE-S217	0	0	0	0	0	0	0	0	0
NR_104715.1	GIN-41-MGE-S217	0	0	0	0	0	0	0	0	0
NR_104714.1	GIN-41-MGE-S217	0	0	0	0	0	0	0	0	0
NR_104713.1	GIN-41-MGE-S217	0	0	0	0	0	0	0	0	0
NR_104712.1	GIN-41-MGE-S217	0	0	0	0	0	0	0	0	0
NR_104711.1	GIN-41-MGE-S217	0	0	0	0	0	0	0	0	0
NR_104710.1	GIN-41-MGE-S217	0	0	0	0	0	0	0	0	0
NR_104709.1	GIN-41-MGE-S217	0	0	0	0	0	0	0	0	0
NR_104708.1	GIN-41-MGE-S217	0	0	0	0	0	0	0	0	0
NR_104705.1	GIN-41-MGE-S217	0	0	0	0	0	0	0	0	0
NR_104704.1	GIN-41-MGE-S217	0	0	0	0	0	0	0	0	0
NR_104703.1	GIN-41-MGE-S217	0	0	0	0	0	0	0	0	0
NR_104702.1	GIN-41-MGE-S217	0	0	0	0	0	0	0	0	0
NR_104700.1	GIN-41-MGE-S217	1	1	0	0	0	0	0	0	0
NR_104699.1	GIN-41-MGE-S217	0	0	0	0	0	0	0	0	0
NR_104698.1	GIN-41-MGE-S217	0	0	0	0	0	0	0	0	0
NR_104697.1	GIN-41-MGE-S217	0	0	0	0	0	0	0	0	0
NR_104696.1	GIN-41-MGE-S217	0	0	0	0	0	0	0	0	0
NR_104695.1	GIN-41-MGE-S217	0	0	0	0	0	0	0	0	0
NR_104692.1	GIN-41-MGE-S217	0	0	0	0	0	0	0	0	0
NR_104691.1	GIN-41-MGE-S217	0	0	0	0	0	0	0	0	0
NR_104690.1	GIN-41-MGE-S217	0	0	0	0	0	0	0	0	0
NR_104688.1	GIN-41-MGE-S217	0	0	0	0	0	0	0	0	0
NR_104687.1	GIN-41-MGE-S217	0	0	0	0	0	0	0	0	0
NR_104686.1	GIN-41-MGE-S217	0	0	0	0	0	0	0	0	0
NR_104685.1	GIN-41-MGE-S217	0	0	0	0	0	0	0	0	0
NR_104684.1	GIN-41-MGE-S217	0	0	0	0	0	0	0	0	0
NR_104683.1	GIN-41-MGE-S217	0	0	0	0	0	0	0	0	0
NR_104682.1	GIN-41-MGE-S217	0	0	0	0	0	0	0	0	0
NR_104680.1	GIN-41-MGE-S217	0	0	0	0	0	0	0	0	0
NR_104679.1	GIN-41-MGE-S217	0	0	0	0	0	0	0	0	0
NR_104574.1	GIN-41-MGE-S217	0	0	0	0	0	0	0	0	0
NR_104572.1	GIN-41-MGE-S217	0	0	0	0	0	0	0	0	0
NR_104571.1	GIN-41-MGE-S217	0	0	0	0	0	0	0	0	0
NR_104570.1	GIN-41-MGE-S217	0	0	0	0	0	0	0	0	0
NR_104569.1	GIN-41-MGE-S217	0	0	0	0	0	0	0	0	0
NR_104568.1	GIN-41-MGE-S217	0	0	0	0	0	0	0	0	0
NR_104567.1	GIN-41-MGE-S217	0	0	0	0	0	0	0	0	0
NR_104565.1	GIN-41-MGE-S217	0	0	0	0	0	0	0	0	0
NR_104564.1	GIN-41-MGE-S217	0	0	0	0	0	0	0	0	0
NR_104563.1	GIN-41-MGE-S217	0	0	0	0	0	0	0	0	0
NR_104561.1	GIN-41-MGE-S217	0	0	0	0	0	0	0	0	0
NR_104560.1	GIN-41-MGE-S217	0	0	0	0	0	0	0	0	0
NR_104557.1	GIN-41-MGE-S217	0	0	0	0	0	0	0	0	0
NR_104556.1	GIN-41-MGE-S217	0	0	0	0	0	0	0	0	0
NR_104555.1	GIN-41-MGE-S217	0	0	0	0	0	0	0	0	0
NR_104554.1	GIN-41-MGE-S217	0	0	0	0	0	0	0	0	0
NR_104553.1	GIN-41-MGE-S217	0	0	0	0	0	0	0	0	0
NR_104552.1	GIN-41-MGE-S217	0	0	0	0	0	0	0	0	0
NR_104551.1	GIN-41-MGE-S217	0	0	0	0	0	0	0	0	0
NR_104548.1	GIN-41-MGE-S217	0	0	0	0	0	0	0	0	0
NR_104546.1	GIN-41-MGE-S217	0	0	0	0	0	0	0	0	0
NR_104545.1	GIN-41-MGE-S217	0	0	0	0	0	0	0	0	0
NR_104544.1	GIN-41-MGE-S217	0	0	0	0	0	0	0	0	0
NR_104543.1	GIN-41-MGE-S217	0	0	0	0	0	0	0	0	0
NR_104542.1	GIN-41-MGE-S217	0	0	0	0	0	0	0	0	0
NR_104541.1	GIN-41-MGE-S217	0	0	0	0	0	0	0	0	0
NR_104540.1	GIN-41-MGE-S217	0	0	0	0	0	0	0	0	0
NR_104539.1	GIN-41-MGE-S217	0	0	0	0	0	0	0	0	0
NR_104538.1	GIN-41-MGE-S217	0	0	0	0	0	0	0	0	0
NR_104537.1	GIN-41-MGE-S217	0	0	0	0	0	0	0	0	0
NR_104536.1	GIN-41-MGE-S217	0	0	0	0	0	0	0	0	0
NR_104534.1	GIN-41-MGE-S217	0	0	0	0	0	0	0	0	0
NR_104533.1	GIN-41-MGE-S217	0	0	0	0	0	0	0	0	0
NR_104532.1	GIN-41-MGE-S217	0	0	0	0	0	0	0	0	0
NR_104531.1	GIN-41-MGE-S217	0	0	0	0	0	0	0	0	0
NR_104530.1	GIN-41-MGE-S217	0	0	0	0	0	0	0	0	0
NR_104529.1	GIN-41-MGE-S217	0	0	0	0	0	0	0	0	0
NR_104527.1	GIN-41-MGE-S217	0	0	0	0	0	0	0	0	0
NR_104526.1	GIN-41-MGE-S217	0	0	0	0	0	0	0	0	0
NR_104525.1	GIN-41-MGE-S217	0	0	0	0	0	0	0	0	0
NR_104524.1	GIN-41-MGE-S217	0	0	0	0	0	0	0	0	0
NR_104523.1	GIN-41-MGE-S217	0	0	0	0	0	0	0	0	0
NR_104522.1	GIN-41-MGE-S217	0	0	0	0	0	0	0	0	0
NR_104521.1	GIN-41-MGE-S217	0	0	0	0	0	0	0	0	0
NR_104520.1	GIN-41-MGE-S217	0	0	0	0	0	0	0	0	0
NR_104519.1	GIN-41-MGE-S217	0	0	0	0	0	0	0	0	0
NR_104518.1	GIN-41-MGE-S217	0	0	0	0	0	0	0	0	0
NR_104517.1	GIN-41-MGE-S217	0	0	0	0	0	0	0	0	0
NR_104516.1	GIN-41-MGE-S217	0	0	0	0	0	0	0	0	0
NR_104515.1	GIN-41-MGE-S217	0	0	0	0	0	0	0	0	0
NR_104514.1	GIN-41-MGE-S217	0	0	0	0	0	0	0	0	0
NR_104513.1	GIN-41-MGE-S217	0	0	0	0	0	0	0	0	0
NR_104512.1	GIN-41-MGE-S217	0	0	0	0	0	0	0	0	0
NR_104511.1	GIN-41-MGE-S217	0	0	0	0	0	0	0	0	0
NR_104510.1	GIN-41-MGE-S217	0	0	0	0	0	0	0	0	0
NR_104509.1	GIN-41-MGE-S217	0	0	0	0	0	0	0	0	0
NR_104508.1	GIN-41-MGE-S217	0	0	0	0	0	0	0	0	0
NR_104507.1	GIN-41-MGE-S217	0	0	0	0	0	0	0	0	0
NR_104506.1	GIN-41-MGE-S217	0	0	0	0	0	0	0	0	0
NR_104505.1	GIN-41-MGE-S217	0	0	0	0	0	0	0	0	0
NR_104504.1	GIN-41-MGE-S217	0	0	0	0	0	0	0	0	0
NR_104503.1	GIN-41-MGE-S217	0	0	0	0	0	0	0	0	0
NR_104502.1	GIN-41-MGE-S217	0	0	0	0	0	0	0	0	0
NR_104501.1	GIN-41-MGE-S217	0	0	0	0	0	0	0	0	0
NR_104499.1	GIN-41-MGE-S217	0	0	0	0	0	0	0	0	0
NR_104498.1	GIN-41-MGE-S217	0	0	0	0	0	0	0	0	0
NR_104495.1	GIN-41-MGE-S217	0	0	0	0	0	0	0	0	0
NR_104494.1	GIN-41-MGE-S217	0	0	0	0	0	0	0	0	0
NR_104493.1	GIN-41-MGE-S217	0	0	0	0	0	0	0	0	0
NR_104492.1	GIN-41-MGE-S217	0	0	0	0	0	0	0	0	0
NR_104491.1	GIN-41-MGE-S217	0	0	0	0	0	0	0	0	0
NR_104490.1	GIN-41-MGE-S217	0	0	0	0	0	0	0	0	0
NR_104489.1	GIN-41-MGE-S217	0	0	0	0	0	0	0	0	0
NR_104488.1	GIN-41-MGE-S217	0	0	0	0	0	0	0	0	0
NR_104283.1	GIN-41-MGE-S217	0	0	0	0	0	0	0	0	0
NR_104282.1	GIN-41-MGE-S217	0	0	0	0	0	0	0	0	0
NR_104281.1	GIN-41-MGE-S217	0	0	0	0	0	0	0	0	0
NR_104280.1	GIN-41-MGE-S217	0	0	0	0	0	0	0	0	0
NR_104279.1	GIN-41-MGE-S217	0	0	0	0	0	0	0	0	0
NR_104278.1	GIN-41-MGE-S217	0	0	0	0	0	0	0	0	0
NR_104277.1	GIN-41-MGE-S217	0	0	0	0	0	0	0	0	0
NR_042101.2	GIN-41-MGE-S217	0	0	0	0	0	0	0	0	0
NR_044739.2	GIN-41-MGE-S217	0	0	0	0	0	0	0	0	0
NR_044738.2	GIN-41-MGE-S217	0	0	0	0	0	0	0	0	0
NR_044737.2	GIN-41-MGE-S217	0	0	0	0	0	0	0	0	0
NR_044736.2	GIN-41-MGE-S217	0	0	0	0	0	0	0	0	0
NR_044735.2	GIN-41-MGE-S217	0	0	0	0	0	0	0	0	0
NR_044732.2	GIN-41-MGE-S217	0	0	0	0	0	0	0	0	0
NR_044729.2	GIN-41-MGE-S217	0	0	0	0	0	0	0	0	0
NR_044718.2	GIN-41-MGE-S217	0	0	0	0	0	0	0	0	0
NR_044717.2	GIN-41-MGE-S217	0	0	0	0	0	0	0	0	0
NR_044716.2	GIN-41-MGE-S217	0	0	0	0	0	0	0	0	0
NR_044714.2	GIN-41-MGE-S217	0	0	0	0	0	0	0	0	0
NR_044713.2	GIN-41-MGE-S217	0	0	0	0	0	0	0	0	0
NR_044710.2	GIN-41-MGE-S217	0	0	0	0	0	0	0	0	0
NR_044706.2	GIN-41-MGE-S217	0	0	0	0	0	0	0	0	0
NR_044694.2	GIN-41-MGE-S217	0	0	0	0	0	0	0	0	0
NR_044693.2	GIN-41-MGE-S217	0	0	0	0	0	0	0	0	0
NR_044692.2	GIN-41-MGE-S217	0	0	0	0	0	0	0	0	0
NR_044691.2	GIN-41-MGE-S217	0	0	0	0	0	0	0	0	0
NR_044690.2	GIN-41-MGE-S217	0	0	0	0	0	0	0	0	0
NR_044689.2	GIN-41-MGE-S217	0	0	0	0	0	0	0	0	0
NR_044687.2	GIN-41-MGE-S217	0	0	0	0	0	0	0	0	0
NR_044648.2	GIN-41-MGE-S217	0	0	0	0	0	0	0	0	0
NR_044645.2	GIN-41-MGE-S217	0	0	0	0	0	0	0	0	0
NR_044644.2	GIN-41-MGE-S217	0	0	0	0	0	0	0	0	0
NR_044642.2	GIN-41-MGE-S217	0	0	0	0	0	0	0	0	0
NR_104207.1	GIN-41-MGE-S217	0	0	0	0	0	0	0	0	0
NR_104206.1	GIN-41-MGE-S217	0	0	0	0	0	0	0	0	0
NR_103946.1	GIN-41-MGE-S217	0	0	0	0	0	0	0	0	0
NR_103945.1	GIN-41-MGE-S217	0	0	0	0	0	0	0	0	0
NR_102980.1	GIN-41-MGE-S217	242	242	0	0	0	0	0	0	0
NR_102975.1	GIN-41-MGE-S217	0	0	0	0	0	0	0	0	0
NR_102974.1	GIN-41-MGE-S217	0	0	0	0	0	0	0	0	0
NR_102969.1	GIN-41-MGE-S217	0	0	0	0	0	0	0	0	0
NR_102960.1	GIN-41-MGE-S217	0	0	0	0	0	0	0	0	0
NR_102956.1	GIN-41-MGE-S217	0	0	0	0	0	0	0	0	0
NR_102954.1	GIN-41-MGE-S217	0	0	0	0	0	0	0	0	0
NR_102950.1	GIN-41-MGE-S217	0	0	0	0	0	0	0	0	0
NR_102945.1	GIN-41-MGE-S217	0	0	0	0	0	0	0	0	0
NR_102932.1	GIN-41-MGE-S217	0	0	0	0	0	0	0	0	0
NR_102924.1	GIN-41-MGE-S217	0	0	0	0	0	0	0	0	0
NR_102909.1	GIN-41-MGE-S217	0	0	0	0	0	0	0	0	0
NR_102908.1	GIN-41-MGE-S217	0	0	0	0	0	0	0	0	0
NR_102905.1	GIN-41-MGE-S217	0	0	0	0	0	0	0	0	0
NR_102895.1	GIN-41-MGE-S217	0	0	0	0	0	0	0	0	0
NR_102893.1	GIN-41-MGE-S217	0	0	0	0	0	0	0	0	0
NR_102887.1	GIN-41-MGE-S217	0	0	0	0	0	0	0	0	0
NR_102884.1	GIN-41-MGE-S217	0	0	0	0	0	0	0	0	0
NR_102873.1	GIN-41-MGE-S217	0	0	0	0	0	0	0	0	0
NR_102866.1	GIN-41-MGE-S217	0	0	0	0	0	0	0	0	0
NR_102864.1	GIN-41-MGE-S217	0	0	0	0	0	0	0	0	0
NR_102861.1	GIN-41-MGE-S217	0	0	0	0	0	0	0	0	0
NR_102857.1	GIN-41-MGE-S217	0	0	0	0	0	0	0	0	0
NR_102856.1	GIN-41-MGE-S217	0	0	0	0	0	0	0	0	0
NR_102854.1	GIN-41-MGE-S217	0	0	0	0	0	0	0	0	0
NR_102822.1	GIN-41-MGE-S217	0	0	0	0	0	0	0	0	0
NR_102814.1	GIN-41-MGE-S217	0	0	0	0	0	0	0	0	0
NR_102802.1	GIN-41-MGE-S217	0	0	0	0	0	0	0	0	0
NR_102777.1	GIN-41-MGE-S217	0	0	0	0	0	0	0	0	0
NR_102516.1	GIN-41-MGE-S217	0	0	0	0	0	0	0	0	0
NR_102513.1	GIN-41-MGE-S217	0	0	0	0	0	0	0	0	0
NR_102492.1	GIN-41-MGE-S217	0	0	0	0	0	0	0	0	0
NR_102491.1	GIN-41-MGE-S217	0	0	0	0	0	0	0	0	0
NR_102486.1	GIN-41-MGE-S217	0	0	0	0	0	0	0	0	0
NR_102481.1	GIN-41-MGE-S217	0	0	0	0	0	0	0	0	0
NR_102474.1	GIN-41-MGE-S217	0	0	0	0	0	0	0	0	0
NR_102469.1	GIN-41-MGE-S217	0	0	0	0	0	0	0	0	0
NR_102468.1	GIN-41-MGE-S217	0	0	0	0	0	0	0	0	0
NR_102465.1	GIN-41-MGE-S217	0	0	0	0	0	0	0	0	0
NR_102464.1	GIN-41-MGE-S217	0	0	0	0	0	0	0	0	0
NR_102463.1	GIN-41-MGE-S217	0	0	0	0	0	0	0	0	0
NR_102459.1	GIN-41-MGE-S217	0	0	0	0	0	0	0	0	0
NR_102457.1	GIN-41-MGE-S217	0	0	0	0	0	0	0	0	0
NR_102450.1	GIN-41-MGE-S217	0	0	0	0	0	0	0	0	0
NR_102447.1	GIN-41-MGE-S217	0	0	0	0	0	0	0	0	0
NR_102443.1	GIN-41-MGE-S217	0	0	0	0	0	0	0	0	0
NR_102439.1	GIN-41-MGE-S217	0	0	0	0	0	0	0	0	0
NR_074193.1	GIN-41-MGE-S217	0	0	0	0	0	0	0	0	0
NR_074191.1	GIN-41-MGE-S217	0	0	0	0	0	0	0	0	0
NR_074189.1	GIN-41-MGE-S217	0	0	0	0	0	0	0	0	0
NR_074188.1	GIN-41-MGE-S217	0	0	0	0	0	0	0	0	0
NR_074186.1	GIN-41-MGE-S217	0	0	0	0	0	0	0	0	0
NR_074178.1	GIN-41-MGE-S217	0	0	0	0	0	0	0	0	0
NR_074169.1	GIN-41-MGE-S217	0	0	0	0	0	0	0	0	0
NR_074168.1	GIN-41-MGE-S217	0	0	0	0	0	0	0	0	0
NR_074166.1	GIN-41-MGE-S217	0	0	0	0	0	0	0	0	0
NR_074165.1	GIN-41-MGE-S217	0	0	0	0	0	0	0	0	0
NR_074161.1	GIN-41-MGE-S217	0	0	0	0	0	0	0	0	0
NR_074158.1	GIN-41-MGE-S217	0	0	0	0	0	0	0	0	0
NR_074150.1	GIN-41-MGE-S217	0	0	0	0	0	0	0	0	0
NR_074147.1	GIN-41-MGE-S217	0	0	0	0	0	0	0	0	0
NR_074146.1	GIN-41-MGE-S217	0	0	0	0	0	0	0	0	0
NR_074143.1	GIN-41-MGE-S217	0	0	0	0	0	0	0	0	0
NR_074141.1	GIN-41-MGE-S217	0	0	0	0	0	0	0	0	0
NR_074140.1	GIN-41-MGE-S217	0	0	0	0	0	0	0	0	0
NR_074137.1	GIN-41-MGE-S217	0	0	0	0	0	0	0	0	0
NR_074136.1	GIN-41-MGE-S217	0	0	0	0	0	0	0	0	0
NR_074135.1	GIN-41-MGE-S217	0	0	0	0	0	0	0	0	0
NR_074133.1	GIN-41-MGE-S217	0	0	0	0	0	0	0	0	0
NR_074132.1	GIN-41-MGE-S217	0	0	0	0	0	0	0	0	0
NR_074131.1	GIN-41-MGE-S217	0	0	0	0	0	0	0	0	0
NR_074129.1	GIN-41-MGE-S217	0	0	0	0	0	0	0	0	0
NR_074128.1	GIN-41-MGE-S217	0	0	0	0	0	0	0	0	0
NR_074121.1	GIN-41-MGE-S217	0	0	0	0	0	0	0	0	0
NR_074118.1	GIN-41-MGE-S217	0	0	0	0	0	0	0	0	0
NR_074107.1	GIN-41-MGE-S217	0	0	0	0	0	0	0	0	0
NR_074106.1	GIN-41-MGE-S217	0	0	0	0	0	0	0	0	0
NR_074103.1	GIN-41-MGE-S217	0	0	0	0	0	0	0	0	0
NR_074100.1	GIN-41-MGE-S217	0	0	0	0	0	0	0	0	0
NR_074312.2	GIN-41-MGE-S217	0	0	0	0	0	0	0	0	0
NR_074299.2	GIN-41-MGE-S217	0	0	0	0	0	0	0	0	0
NR_037065.2	GIN-41-MGE-S217	0	0	0	0	0	0	0	0	0
NR_075068.1	GIN-41-MGE-S217	0	0	0	0	0	0	0	0	0
NR_075059.1	GIN-41-MGE-S217	0	0	0	0	0	0	0	0	0
NR_075057.1	GIN-41-MGE-S217	0	0	0	0	0	0	0	0	0
NR_075050.1	GIN-41-MGE-S217	0	0	0	0	0	0	0	0	0
NR_075040.1	GIN-41-MGE-S217	0	0	0	0	0	0	0	0	0
NR_075037.1	GIN-41-MGE-S217	0	0	0	0	0	0	0	0	0
NR_075029.1	GIN-41-MGE-S217	0	0	0	0	0	0	0	0	0
NR_075022.1	GIN-41-MGE-S217	0	0	0	0	0	0	0	0	0
NR_075021.1	GIN-41-MGE-S217	0	0	0	0	0	0	0	0	0
NR_075019.1	GIN-41-MGE-S217	0	0	0	0	0	0	0	0	0
NR_075009.1	GIN-41-MGE-S217	0	0	0	0	0	0	0	0	0
NR_075008.1	GIN-41-MGE-S217	0	0	0	0	0	0	0	0	0
NR_075002.1	GIN-41-MGE-S217	0	0	0	0	0	0	0	0	0
NR_074993.1	GIN-41-MGE-S217	0	0	0	0	0	0	0	0	0
NR_074980.1	GIN-41-MGE-S217	0	0	0	0	0	0	0	0	0
NR_074975.1	GIN-41-MGE-S217	0	0	0	0	0	0	0	0	0
NR_074959.1	GIN-41-MGE-S217	0	0	0	0	0	0	0	0	0
NR_074957.1	GIN-41-MGE-S217	0	0	0	0	0	0	0	0	0
NR_074955.1	GIN-41-MGE-S217	0	0	0	0	0	0	0	0	0
NR_074952.1	GIN-41-MGE-S217	0	0	0	0	0	0	0	0	0
NR_074945.1	GIN-41-MGE-S217	0	0	0	0	0	0	0	0	0
NR_074944.1	GIN-41-MGE-S217	0	0	0	0	0	0	0	0	0
NR_074936.1	GIN-41-MGE-S217	0	0	0	0	0	0	0	0	0
NR_074930.1	GIN-41-MGE-S217	0	0	0	0	0	0	0	0	0
NR_074928.1	GIN-41-MGE-S217	0	0	0	0	0	0	0	0	0
NR_074927.1	GIN-41-MGE-S217	0	0	0	0	0	0	0	0	0
NR_074923.1	GIN-41-MGE-S217	0	0	0	0	0	0	0	0	0
NR_074919.1	GIN-41-MGE-S217	0	0	0	0	0	0	0	0	0
NR_074917.1	GIN-41-MGE-S217	0	0	0	0	0	0	0	0	0
NR_074915.1	GIN-41-MGE-S217	0	0	0	0	0	0	0	0	0
NR_074908.1	GIN-41-MGE-S217	0	0	0	0	0	0	0	0	0
NR_074907.1	GIN-41-MGE-S217	0	0	0	0	0	0	0	0	0
NR_074906.1	GIN-41-MGE-S217	0	0	0	0	0	0	0	0	0
NR_074905.1	GIN-41-MGE-S217	0	0	0	0	0	0	0	0	0
NR_074902.1	GIN-41-MGE-S217	339	339	0	0	0	0	0	0	0
NR_074901.1	GIN-41-MGE-S217	0	0	0	0	0	0	0	0	0
NR_074900.1	GIN-41-MGE-S217	0	0	0	0	0	0	0	0	0
NR_074888.1	GIN-41-MGE-S217	0	0	0	0	0	0	0	0	0
NR_074887.1	GIN-41-MGE-S217	0	0	0	0	0	0	0	0	0
NR_074886.1	GIN-41-MGE-S217	0	0	0	0	0	0	0	0	0
NR_074885.1	GIN-41-MGE-S217	0	0	0	0	0	0	0	0	0
NR_074881.1	GIN-41-MGE-S217	0	0	0	0	0	0	0	0	0
NR_074877.1	GIN-41-MGE-S217	0	0	0	0	0	0	0	0	0
NR_074876.1	GIN-41-MGE-S217	0	0	0	0	0	0	0	0	0
NR_074871.1	GIN-41-MGE-S217	0	0	0	0	0	0	0	0	0
NR_074870.1	GIN-41-MGE-S217	0	0	0	0	0	0	0	0	0
NR_074859.1	GIN-41-MGE-S217	0	0	0	0	0	0	0	0	0
NR_074853.1	GIN-41-MGE-S217	0	0	0	0	0	0	0	0	0
NR_074851.1	GIN-41-MGE-S217	0	0	0	0	0	0	0	0	0
NR_074846.1	GIN-41-MGE-S217	0	0	0	0	0	0	0	0	0
NR_074845.1	GIN-41-MGE-S217	0	0	0	0	0	0	0	0	0
NR_074841.1	GIN-41-MGE-S217	0	0	0	0	0	0	0	0	0
NR_074833.1	GIN-41-MGE-S217	0	0	0	0	0	0	0	0	0
NR_074830.1	GIN-41-MGE-S217	0	0	0	0	0	0	0	0	0
NR_074826.1	GIN-41-MGE-S217	0	0	0	0	0	0	0	0	0
NR_074823.1	GIN-41-MGE-S217	0	0	0	0	0	0	0	0	0
NR_074821.1	GIN-41-MGE-S217	0	0	0	0	0	0	0	0	0
NR_074819.1	GIN-41-MGE-S217	0	0	0	0	0	0	0	0	0
NR_074812.1	GIN-41-MGE-S217	0	0	0	0	0	0	0	0	0
NR_074809.1	GIN-41-MGE-S217	0	0	0	0	0	0	0	0	0
NR_074808.1	GIN-41-MGE-S217	0	0	0	0	0	0	0	0	0
NR_074807.1	GIN-41-MGE-S217	0	0	0	0	0	0	0	0	0
NR_074806.1	GIN-41-MGE-S217	0	0	0	0	0	0	0	0	0
NR_074805.1	GIN-41-MGE-S217	0	0	0	0	0	0	0	0	0
NR_074796.1	GIN-41-MGE-S217	0	0	0	0	0	0	0	0	0
NR_074795.1	GIN-41-MGE-S217	0	0	0	0	0	0	0	0	0
NR_074788.1	GIN-41-MGE-S217	0	0	0	0	0	0	0	0	0
NR_074782.1	GIN-41-MGE-S217	0	0	0	0	0	0	0	0	0
NR_074769.1	GIN-41-MGE-S217	0	0	0	0	0	0	0	0	0
NR_074768.1	GIN-41-MGE-S217	0	0	0	0	0	0	0	0	0
NR_074767.1	GIN-41-MGE-S217	0	0	0	0	0	0	0	0	0
NR_074760.1	GIN-41-MGE-S217	0	0	0	0	0	0	0	0	0
NR_074758.1	GIN-41-MGE-S217	0	0	0	0	0	0	0	0	0
NR_074757.1	GIN-41-MGE-S217	0	0	0	0	0	0	0	0	0
NR_074755.1	GIN-41-MGE-S217	0	0	0	0	0	0	0	0	0
NR_074742.1	GIN-41-MGE-S217	0	0	0	0	0	0	0	0	0
NR_074741.1	GIN-41-MGE-S217	0	0	0	0	0	0	0	0	0
NR_074736.1	GIN-41-MGE-S217	0	0	0	0	0	0	0	0	0
NR_074734.1	GIN-41-MGE-S217	0	0	0	0	0	0	0	0	0
NR_074733.1	GIN-41-MGE-S217	0	0	0	0	0	0	0	0	0
NR_074732.1	GIN-41-MGE-S217	0	0	0	0	0	0	0	0	0
NR_074728.1	GIN-41-MGE-S217	0	0	0	0	0	0	0	0	0
NR_074723.1	GIN-41-MGE-S217	0	0	0	0	0	0	0	0	0
NR_074715.1	GIN-41-MGE-S217	0	0	0	0	0	0	0	0	0
NR_074099.1	GIN-41-MGE-S217	0	0	0	0	0	0	0	0	0
NR_074098.1	GIN-41-MGE-S217	0	0	0	0	0	0	0	0	0
NR_074097.1	GIN-41-MGE-S217	0	0	0	0	0	0	0	0	0
NR_074096.1	GIN-41-MGE-S217	0	0	0	0	0	0	0	0	0
NR_074095.1	GIN-41-MGE-S217	0	0	0	0	0	0	0	0	0
NR_074092.1	GIN-41-MGE-S217	0	0	0	0	0	0	0	0	0
NR_074698.1	GIN-41-MGE-S217	0	0	0	0	0	0	0	0	0
NR_074696.1	GIN-41-MGE-S217	0	0	0	0	0	0	0	0	0
NR_074681.1	GIN-41-MGE-S217	0	0	0	0	0	0	0	0	0
NR_074680.1	GIN-41-MGE-S217	0	0	0	0	0	0	0	0	0
NR_074678.1	GIN-41-MGE-S217	0	0	0	0	0	0	0	0	0
NR_074672.1	GIN-41-MGE-S217	0	0	0	0	0	0	0	0	0
NR_074670.1	GIN-41-MGE-S217	0	0	0	0	0	0	0	0	0
NR_074664.1	GIN-41-MGE-S217	0	0	0	0	0	0	0	0	0
NR_074663.1	GIN-41-MGE-S217	0	0	0	0	0	0	0	0	0
NR_074653.1	GIN-41-MGE-S217	0	0	0	0	0	0	0	0	0
NR_074647.1	GIN-41-MGE-S217	0	0	0	0	0	0	0	0	0
NR_074645.1	GIN-41-MGE-S217	0	0	0	0	0	0	0	0	0
NR_074636.1	GIN-41-MGE-S217	0	0	0	0	0	0	0	0	0
NR_074635.1	GIN-41-MGE-S217	0	0	0	0	0	0	0	0	0
NR_074634.1	GIN-41-MGE-S217	0	0	0	0	0	0	0	0	0
NR_074628.1	GIN-41-MGE-S217	0	0	0	0	0	0	0	0	0
NR_074624.1	GIN-41-MGE-S217	0	0	0	0	0	0	0	0	0
NR_074614.1	GIN-41-MGE-S217	0	0	0	0	0	0	0	0	0
NR_074613.1	GIN-41-MGE-S217	0	0	0	0	0	0	0	0	0
NR_074611.1	GIN-41-MGE-S217	0	0	0	0	0	0	0	0	0
NR_074606.1	GIN-41-MGE-S217	0	0	0	0	0	0	0	0	0
NR_074604.1	GIN-41-MGE-S217	0	0	0	0	0	0	0	0	0
NR_074603.1	GIN-41-MGE-S217	0	0	0	0	0	0	0	0	0
NR_074602.1	GIN-41-MGE-S217	0	0	0	0	0	0	0	0	0
NR_074600.1	GIN-41-MGE-S217	0	0	0	0	0	0	0	0	0
NR_074592.1	GIN-41-MGE-S217	0	0	0	0	0	0	0	0	0
NR_074588.1	GIN-41-MGE-S217	0	0	0	0	0	0	0	0	0
NR_074587.1	GIN-41-MGE-S217	0	0	0	0	0	0	0	0	0
NR_074586.1	GIN-41-MGE-S217	0	0	0	0	0	0	0	0	0
NR_074584.1	GIN-41-MGE-S217	0	0	0	0	0	0	0	0	0
NR_074582.1	GIN-41-MGE-S217	0	0	0	0	0	0	0	0	0
NR_074579.1	GIN-41-MGE-S217	0	0	0	0	0	0	0	0	0
NR_074575.1	GIN-41-MGE-S217	0	0	0	0	0	0	0	0	0
NR_074568.1	GIN-41-MGE-S217	0	0	0	0	0	0	0	0	0
NR_074566.1	GIN-41-MGE-S217	0	0	0	0	0	0	0	0	0
NR_074562.1	GIN-41-MGE-S217	0	0	0	0	0	0	0	0	0
NR_074558.1	GIN-41-MGE-S217	0	0	0	0	0	0	0	0	0
NR_074552.1	GIN-41-MGE-S217	0	0	0	0	0	0	0	0	0
NR_074549.1	GIN-41-MGE-S217	0	0	0	0	0	0	0	0	0
NR_074548.1	GIN-41-MGE-S217	0	0	0	0	0	0	0	0	0
NR_074547.1	GIN-41-MGE-S217	0	0	0	0	0	0	0	0	0
NR_074546.1	GIN-41-MGE-S217	0	0	0	0	0	0	0	0	0
NR_074544.1	GIN-41-MGE-S217	0	0	0	0	0	0	0	0	0
NR_074542.1	GIN-41-MGE-S217	0	0	0	0	0	0	0	0	0
NR_074540.1	GIN-41-MGE-S217	0	0	0	0	0	0	0	0	0
NR_074538.1	GIN-41-MGE-S217	0	0	0	0	0	0	0	0	0
NR_074536.1	GIN-41-MGE-S217	0	0	0	0	0	0	0	0	0
NR_074534.1	GIN-41-MGE-S217	0	0	0	0	0	0	0	0	0
NR_074530.1	GIN-41-MGE-S217	0	0	0	0	0	0	0	0	0
NR_074529.1	GIN-41-MGE-S217	0	0	0	0	0	0	0	0	0
NR_074521.1	GIN-41-MGE-S217	0	0	0	0	0	0	0	0	0
NR_074520.1	GIN-41-MGE-S217	0	0	0	0	0	0	0	0	0
NR_074519.1	GIN-41-MGE-S217	0	0	0	0	0	0	0	0	0
NR_074509.1	GIN-41-MGE-S217	0	0	0	0	0	0	0	0	0
NR_074507.1	GIN-41-MGE-S217	0	0	0	0	0	0	0	0	0
NR_074506.1	GIN-41-MGE-S217	0	0	0	0	0	0	0	0	0
NR_074505.1	GIN-41-MGE-S217	0	0	0	0	0	0	0	0	0
NR_074501.1	GIN-41-MGE-S217	0	0	0	0	0	0	0	0	0
NR_074495.1	GIN-41-MGE-S217	0	0	0	0	0	0	0	0	0
NR_074493.1	GIN-41-MGE-S217	0	0	0	0	0	0	0	0	0
NR_074490.1	GIN-41-MGE-S217	0	0	0	0	0	0	0	0	0
NR_074489.1	GIN-41-MGE-S217	0	0	0	0	0	0	0	0	0
NR_074466.1	GIN-41-MGE-S217	0	0	0	0	0	0	0	0	0
NR_074465.1	GIN-41-MGE-S217	0	0	0	0	0	0	0	0	0
NR_074464.1	GIN-41-MGE-S217	0	0	0	0	0	0	0	0	0
NR_074461.1	GIN-41-MGE-S217	0	0	0	0	0	0	0	0	0
NR_074458.1	GIN-41-MGE-S217	0	0	0	0	0	0	0	0	0
NR_074457.1	GIN-41-MGE-S217	0	0	0	0	0	0	0	0	0
NR_074455.1	GIN-41-MGE-S217	0	0	0	0	0	0	0	0	0
NR_074452.1	GIN-41-MGE-S217	0	0	0	0	0	0	0	0	0
NR_074451.1	GIN-41-MGE-S217	0	0	0	0	0	0	0	0	0
NR_074449.1	GIN-41-MGE-S217	0	0	0	0	0	0	0	0	0
NR_074447.1	GIN-41-MGE-S217	0	0	0	0	0	0	0	0	0
NR_074446.1	GIN-41-MGE-S217	0	0	0	0	0	0	0	0	0
NR_074444.1	GIN-41-MGE-S217	0	0	0	0	0	0	0	0	0
NR_074443.1	GIN-41-MGE-S217	0	0	0	0	0	0	0	0	0
NR_074442.1	GIN-41-MGE-S217	0	0	0	0	0	0	0	0	0
NR_074441.1	GIN-41-MGE-S217	0	0	0	0	0	0	0	0	0
NR_074440.1	GIN-41-MGE-S217	0	0	0	0	0	0	0	0	0
NR_074439.1	GIN-41-MGE-S217	0	0	0	0	0	0	0	0	0
NR_074438.1	GIN-41-MGE-S217	0	0	0	0	0	0	0	0	0
NR_074436.1	GIN-41-MGE-S217	0	0	0	0	0	0	0	0	0
NR_074430.1	GIN-41-MGE-S217	0	0	0	0	0	0	0	0	0
NR_074429.1	GIN-41-MGE-S217	0	0	0	0	0	0	0	0	0
NR_074427.1	GIN-41-MGE-S217	0	0	0	0	0	0	0	0	0
NR_074426.1	GIN-41-MGE-S217	0	0	0	0	0	0	0	0	0
NR_074425.1	GIN-41-MGE-S217	0	0	0	0	0	0	0	0	0
NR_074420.1	GIN-41-MGE-S217	0	0	0	0	0	0	0	0	0
NR_074419.1	GIN-41-MGE-S217	0	0	0	0	0	0	0	0	0
NR_074418.1	GIN-41-MGE-S217	0	0	0	0	0	0	0	0	0
NR_074415.1	GIN-41-MGE-S217	0	0	0	0	0	0	0	0	0
NR_074414.1	GIN-41-MGE-S217	0	0	0	0	0	0	0	0	0
NR_074413.1	GIN-41-MGE-S217	0	0	0	0	0	0	0	0	0
NR_074412.1	GIN-41-MGE-S217	0	0	0	0	0	0	0	0	0
NR_074411.1	GIN-41-MGE-S217	0	0	0	0	0	0	0	0	0
NR_074408.1	GIN-41-MGE-S217	0	0	0	0	0	0	0	0	0
NR_074407.1	GIN-41-MGE-S217	0	0	0	0	0	0	0	0	0
NR_074398.1	GIN-41-MGE-S217	0	0	0	0	0	0	0	0	0
NR_074397.1	GIN-41-MGE-S217	0	0	0	0	0	0	0	0	0
NR_074391.1	GIN-41-MGE-S217	0	0	0	0	0	0	0	0	0
NR_074390.1	GIN-41-MGE-S217	0	0	0	0	0	0	0	0	0
NR_074383.1	GIN-41-MGE-S217	0	0	0	0	0	0	0	0	0
NR_074381.1	GIN-41-MGE-S217	0	0	0	0	0	0	0	0	0
NR_074379.1	GIN-41-MGE-S217	0	0	0	0	0	0	0	0	0
NR_074378.1	GIN-41-MGE-S217	0	0	0	0	0	0	0	0	0
NR_074377.1	GIN-41-MGE-S217	0	0	0	0	0	0	0	0	0
NR_074376.1	GIN-41-MGE-S217	2	2	0	0	0	0	0	0	0
NR_074369.1	GIN-41-MGE-S217	0	0	0	0	0	0	0	0	0
NR_074368.1	GIN-41-MGE-S217	0	0	0	0	0	0	0	0	0
NR_074364.1	GIN-41-MGE-S217	0	0	0	0	0	0	0	0	0
NR_074355.1	GIN-41-MGE-S217	0	0	0	0	0	0	0	0	0
NR_074352.1	GIN-41-MGE-S217	0	0	0	0	0	0	0	0	0
NR_074347.1	GIN-41-MGE-S217	0	0	0	0	0	0	0	0	0
NR_074345.1	GIN-41-MGE-S217	0	0	0	0	0	0	0	0	0
NR_074344.1	GIN-41-MGE-S217	0	0	0	0	0	0	0	0	0
NR_074342.1	GIN-41-MGE-S217	0	0	0	0	0	0	0	0	0
NR_074339.1	GIN-41-MGE-S217	0	0	0	0	0	0	0	0	0
NR_074338.1	GIN-41-MGE-S217	0	0	0	0	0	0	0	0	0
NR_074337.1	GIN-41-MGE-S217	0	0	0	0	0	0	0	0	0
NR_074333.1	GIN-41-MGE-S217	0	0	0	0	0	0	0	0	0
NR_074330.1	GIN-41-MGE-S217	0	0	0	0	0	0	0	0	0
NR_074327.1	GIN-41-MGE-S217	0	0	0	0	0	0	0	0	0
NR_074320.1	GIN-41-MGE-S217	0	0	0	0	0	0	0	0	0
NR_074317.1	GIN-41-MGE-S217	0	0	0	0	0	0	0	0	0
NR_074314.1	GIN-41-MGE-S217	0	0	0	0	0	0	0	0	0
NR_074309.1	GIN-41-MGE-S217	0	0	0	0	0	0	0	0	0
NR_074305.1	GIN-41-MGE-S217	0	0	0	0	0	0	0	0	0
NR_074304.1	GIN-41-MGE-S217	0	0	0	0	0	0	0	0	0
NR_074303.1	GIN-41-MGE-S217	0	0	0	0	0	0	0	0	0
NR_074297.1	GIN-41-MGE-S217	0	0	0	0	0	0	0	0	0
NR_074295.1	GIN-41-MGE-S217	0	0	0	0	0	0	0	0	0
NR_074292.1	GIN-41-MGE-S217	0	0	0	0	0	0	0	0	0
NR_074291.1	GIN-41-MGE-S217	0	0	0	0	0	0	0	0	0
NR_074286.1	GIN-41-MGE-S217	0	0	0	0	0	0	0	0	0
NR_074284.1	GIN-41-MGE-S217	0	0	0	0	0	0	0	0	0
NR_074282.1	GIN-41-MGE-S217	0	0	0	0	0	0	0	0	0
NR_074273.1	GIN-41-MGE-S217	0	0	0	0	0	0	0	0	0
NR_074270.1	GIN-41-MGE-S217	0	0	0	0	0	0	0	0	0
NR_074269.1	GIN-41-MGE-S217	0	0	0	0	0	0	0	0	0
NR_074266.1	GIN-41-MGE-S217	0	0	0	0	0	0	0	0	0
NR_074261.1	GIN-41-MGE-S217	0	0	0	0	0	0	0	0	0
NR_074250.1	GIN-41-MGE-S217	0	0	0	0	0	0	0	0	0
NR_074249.1	GIN-41-MGE-S217	0	0	0	0	0	0	0	0	0
NR_074244.1	GIN-41-MGE-S217	0	0	0	0	0	0	0	0	0
NR_074240.1	GIN-41-MGE-S217	0	0	0	0	0	0	0	0	0
NR_074234.1	GIN-41-MGE-S217	0	0	0	0	0	0	0	0	0
NR_074226.1	GIN-41-MGE-S217	0	0	0	0	0	0	0	0	0
NR_074225.1	GIN-41-MGE-S217	0	0	0	0	0	0	0	0	0
NR_074222.1	GIN-41-MGE-S217	0	0	0	0	0	0	0	0	0
NR_074219.1	GIN-41-MGE-S217	0	0	0	0	0	0	0	0	0
NR_074215.1	GIN-41-MGE-S217	0	0	0	0	0	0	0	0	0
NR_074208.1	GIN-41-MGE-S217	0	0	0	0	0	0	0	0	0
NR_074203.1	GIN-41-MGE-S217	0	0	0	0	0	0	0	0	0
NR_042998.2	GIN-41-MGE-S217	0	0	0	0	0	0	0	0	0
NR_025717.2	GIN-41-MGE-S217	0	0	0	0	0	0	0	0	0
NR_044984.2	GIN-41-MGE-S217	0	0	0	0	0	0	0	0	0
NR_044983.2	GIN-41-MGE-S217	0	0	0	0	0	0	0	0	0
NR_044982.2	GIN-41-MGE-S217	0	0	0	0	0	0	0	0	0
NR_044981.2	GIN-41-MGE-S217	0	0	0	0	0	0	0	0	0
NR_042471.2	GIN-41-MGE-S217	0	0	0	0	0	0	0	0	0
NR_042469.2	GIN-41-MGE-S217	0	0	0	0	0	0	0	0	0
NR_042430.2	GIN-41-MGE-S217	0	0	0	0	0	0	0	0	0
NR_044980.1	GIN-41-MGE-S217	0	0	0	0	0	0	0	0	0
NR_044978.1	GIN-41-MGE-S217	0	0	0	0	0	0	0	0	0
NR_044977.1	GIN-41-MGE-S217	0	0	0	0	0	0	0	0	0
NR_044976.1	GIN-41-MGE-S217	0	0	0	0	0	0	0	0	0
NR_044975.1	GIN-41-MGE-S217	0	0	0	0	0	0	0	0	0
NR_044974.1	GIN-41-MGE-S217	0	0	0	0	0	0	0	0	0
NR_044973.1	GIN-41-MGE-S217	0	0	0	0	0	0	0	0	0
NR_044966.1	GIN-41-MGE-S217	0	0	0	0	0	0	0	0	0
NR_044965.1	GIN-41-MGE-S217	0	0	0	0	0	0	0	0	0
NR_044963.1	GIN-41-MGE-S217	0	0	0	0	0	0	0	0	0
NR_044961.1	GIN-41-MGE-S217	0	0	0	0	0	0	0	0	0
NR_044951.1	GIN-41-MGE-S217	0	0	0	0	0	0	0	0	0
NR_044950.1	GIN-41-MGE-S217	0	0	0	0	0	0	0	0	0
NR_044949.1	GIN-41-MGE-S217	0	0	0	0	0	0	0	0	0
NR_044947.1	GIN-41-MGE-S217	0	0	0	0	0	0	0	0	0
NR_044946.1	GIN-41-MGE-S217	0	0	0	0	0	0	0	0	0
NR_044945.1	GIN-41-MGE-S217	0	0	0	0	0	0	0	0	0
NR_044944.1	GIN-41-MGE-S217	0	0	0	0	0	0	0	0	0
NR_044943.1	GIN-41-MGE-S217	0	0	0	0	0	0	0	0	0
NR_044942.1	GIN-41-MGE-S217	0	0	0	0	0	0	0	0	0
NR_044941.1	GIN-41-MGE-S217	0	0	0	0	0	0	0	0	0
NR_044939.1	GIN-41-MGE-S217	0	0	0	0	0	0	0	0	0
NR_044938.1	GIN-41-MGE-S217	0	0	0	0	0	0	0	0	0
NR_044937.1	GIN-41-MGE-S217	0	0	0	0	0	0	0	0	0
NR_044936.1	GIN-41-MGE-S217	0	0	0	0	0	0	0	0	0
NR_044935.1	GIN-41-MGE-S217	0	0	0	0	0	0	0	0	0
NR_044934.1	GIN-41-MGE-S217	0	0	0	0	0	0	0	0	0
NR_044933.1	GIN-41-MGE-S217	0	0	0	0	0	0	0	0	0
NR_044932.1	GIN-41-MGE-S217	0	0	0	0	0	0	0	0	0
NR_044931.1	GIN-41-MGE-S217	0	0	0	0	0	0	0	0	0
NR_044927.1	GIN-41-MGE-S217	0	0	0	0	0	0	0	0	0
NR_044925.1	GIN-41-MGE-S217	0	0	0	0	0	0	0	0	0
NR_044924.1	GIN-41-MGE-S217	0	0	0	0	0	0	0	0	0
NR_044922.1	GIN-41-MGE-S217	0	0	0	0	0	0	0	0	0
NR_044920.1	GIN-41-MGE-S217	0	0	0	0	0	0	0	0	0
NR_044919.1	GIN-41-MGE-S217	0	0	0	0	0	0	0	0	0
NR_044912.1	GIN-41-MGE-S217	0	0	0	0	0	0	0	0	0
NR_044911.1	GIN-41-MGE-S217	0	0	0	0	0	0	0	0	0
NR_044906.1	GIN-41-MGE-S217	0	0	0	0	0	0	0	0	0
NR_044905.1	GIN-41-MGE-S217	0	0	0	0	0	0	0	0	0
NR_044903.1	GIN-41-MGE-S217	0	0	0	0	0	0	0	0	0
NR_044902.1	GIN-41-MGE-S217	0	0	0	0	0	0	0	0	0
NR_044901.1	GIN-41-MGE-S217	0	0	0	0	0	0	0	0	0
NR_044900.1	GIN-41-MGE-S217	0	0	0	0	0	0	0	0	0
NR_044899.1	GIN-41-MGE-S217	0	0	0	0	0	0	0	0	0
NR_044898.1	GIN-41-MGE-S217	0	0	0	0	0	0	0	0	0
NR_044895.1	GIN-41-MGE-S217	0	0	0	0	0	0	0	0	0
NR_044893.1	GIN-41-MGE-S217	0	0	0	0	0	0	0	0	0
NR_044892.1	GIN-41-MGE-S217	0	0	0	0	0	0	0	0	0
NR_044891.1	GIN-41-MGE-S217	0	0	0	0	0	0	0	0	0
NR_044890.1	GIN-41-MGE-S217	0	0	0	0	0	0	0	0	0
NR_044889.1	GIN-41-MGE-S217	0	0	0	0	0	0	0	0	0
NR_044888.1	GIN-41-MGE-S217	0	0	0	0	0	0	0	0	0
NR_044887.1	GIN-41-MGE-S217	0	0	0	0	0	0	0	0	0
NR_044886.1	GIN-41-MGE-S217	0	0	0	0	0	0	0	0	0
NR_044885.1	GIN-41-MGE-S217	0	0	0	0	0	0	0	0	0
NR_044884.1	GIN-41-MGE-S217	0	0	0	0	0	0	0	0	0
NR_044883.1	GIN-41-MGE-S217	0	0	0	0	0	0	0	0	0
NR_044882.1	GIN-41-MGE-S217	0	0	0	0	0	0	0	0	0
NR_044881.1	GIN-41-MGE-S217	0	0	0	0	0	0	0	0	0
NR_044880.1	GIN-41-MGE-S217	0	0	0	0	0	0	0	0	0
NR_044879.1	GIN-41-MGE-S217	0	0	0	0	0	0	0	0	0
NR_044877.1	GIN-41-MGE-S217	0	0	0	0	0	0	0	0	0
NR_044876.1	GIN-41-MGE-S217	0	0	0	0	0	0	0	0	0
NR_044875.1	GIN-41-MGE-S217	0	0	0	0	0	0	0	0	0
NR_044874.1	GIN-41-MGE-S217	0	0	0	0	0	0	0	0	0
NR_044873.1	GIN-41-MGE-S217	0	0	0	0	0	0	0	0	0
NR_044872.1	GIN-41-MGE-S217	0	0	0	0	0	0	0	0	0
NR_044871.1	GIN-41-MGE-S217	0	0	0	0	0	0	0	0	0
NR_044870.1	GIN-41-MGE-S217	0	0	0	0	0	0	0	0	0
NR_044867.1	GIN-41-MGE-S217	0	0	0	0	0	0	0	0	0
NR_044866.1	GIN-41-MGE-S217	0	0	0	0	0	0	0	0	0
NR_044865.1	GIN-41-MGE-S217	0	0	0	0	0	0	0	0	0
NR_044864.1	GIN-41-MGE-S217	0	0	0	0	0	0	0	0	0
NR_044863.1	GIN-41-MGE-S217	0	0	0	0	0	0	0	0	0
NR_044862.1	GIN-41-MGE-S217	0	0	0	0	0	0	0	0	0
NR_044860.1	GIN-41-MGE-S217	0	0	0	0	0	0	0	0	0
NR_044858.1	GIN-41-MGE-S217	0	0	0	0	0	0	0	0	0
NR_044855.1	GIN-41-MGE-S217	0	0	0	0	0	0	0	0	0
NR_044853.1	GIN-41-MGE-S217	0	0	0	0	0	0	0	0	0
NR_044852.1	GIN-41-MGE-S217	0	0	0	0	0	0	0	0	0
NR_044851.1	GIN-41-MGE-S217	0	0	0	0	0	0	0	0	0
NR_044850.1	GIN-41-MGE-S217	0	0	0	0	0	0	0	0	0
NR_044849.1	GIN-41-MGE-S217	0	0	0	0	0	0	0	0	0
NR_044846.1	GIN-41-MGE-S217	0	0	0	0	0	0	0	0	0
NR_044845.1	GIN-41-MGE-S217	0	0	0	0	0	0	0	0	0
NR_044844.1	GIN-41-MGE-S217	0	0	0	0	0	0	0	0	0
NR_044842.1	GIN-41-MGE-S217	0	0	0	0	0	0	0	0	0
NR_044840.1	GIN-41-MGE-S217	0	0	0	0	0	0	0	0	0
NR_044838.1	GIN-41-MGE-S217	0	0	0	0	0	0	0	0	0
NR_044834.1	GIN-41-MGE-S217	0	0	0	0	0	0	0	0	0
NR_044833.1	GIN-41-MGE-S217	0	0	0	0	0	0	0	0	0
NR_044830.1	GIN-41-MGE-S217	0	0	0	0	0	0	0	0	0
NR_044828.1	GIN-41-MGE-S217	0	0	0	0	0	0	0	0	0
NR_044827.1	GIN-41-MGE-S217	0	0	0	0	0	0	0	0	0
NR_044824.1	GIN-41-MGE-S217	0	0	0	0	0	0	0	0	0
NR_044823.1	GIN-41-MGE-S217	0	0	0	0	0	0	0	0	0
NR_044822.1	GIN-41-MGE-S217	0	0	0	0	0	0	0	0	0
NR_044821.1	GIN-41-MGE-S217	0	0	0	0	0	0	0	0	0
NR_044820.1	GIN-41-MGE-S217	0	0	0	0	0	0	0	0	0
NR_044818.1	GIN-41-MGE-S217	0	0	0	0	0	0	0	0	0
NR_044817.1	GIN-41-MGE-S217	0	0	0	0	0	0	0	0	0
NR_044816.1	GIN-41-MGE-S217	0	0	0	0	0	0	0	0	0
NR_044815.1	GIN-41-MGE-S217	0	0	0	0	0	0	0	0	0
NR_044814.1	GIN-41-MGE-S217	0	0	0	0	0	0	0	0	0
NR_044813.1	GIN-41-MGE-S217	0	0	0	0	0	0	0	0	0
NR_044812.1	GIN-41-MGE-S217	0	0	0	0	0	0	0	0	0
NR_044810.1	GIN-41-MGE-S217	0	0	0	0	0	0	0	0	0
NR_044809.1	GIN-41-MGE-S217	0	0	0	0	0	0	0	0	0
NR_044808.1	GIN-41-MGE-S217	0	0	0	0	0	0	0	0	0
NR_044806.1	GIN-41-MGE-S217	0	0	0	0	0	0	0	0	0
NR_044804.1	GIN-41-MGE-S217	0	0	0	0	0	0	0	0	0
NR_044803.1	GIN-41-MGE-S217	0	0	0	0	0	0	0	0	0
NR_044800.1	GIN-41-MGE-S217	0	0	0	0	0	0	0	0	0
NR_044799.1	GIN-41-MGE-S217	0	0	0	0	0	0	0	0	0
NR_044793.1	GIN-41-MGE-S217	0	0	0	0	0	0	0	0	0
NR_044784.1	GIN-41-MGE-S217	0	0	0	0	0	0	0	0	0
NR_044782.1	GIN-41-MGE-S217	0	0	0	0	0	0	0	0	0
NR_044780.1	GIN-41-MGE-S217	0	0	0	0	0	0	0	0	0
NR_044778.1	GIN-41-MGE-S217	0	0	0	0	0	0	0	0	0
NR_044777.1	GIN-41-MGE-S217	0	0	0	0	0	0	0	0	0
NR_044775.1	GIN-41-MGE-S217	0	0	0	0	0	0	0	0	0
NR_044774.1	GIN-41-MGE-S217	0	0	0	0	0	0	0	0	0
NR_044771.1	GIN-41-MGE-S217	0	0	0	0	0	0	0	0	0
NR_044770.1	GIN-41-MGE-S217	0	0	0	0	0	0	0	0	0
NR_044762.1	GIN-41-MGE-S217	0	0	0	0	0	0	0	0	0
NR_044755.1	GIN-41-MGE-S217	0	0	0	0	0	0	0	0	0
NR_044754.1	GIN-41-MGE-S217	0	0	0	0	0	0	0	0	0
NR_044750.1	GIN-41-MGE-S217	0	0	0	0	0	0	0	0	0
NR_044749.1	GIN-41-MGE-S217	0	0	0	0	0	0	0	0	0
NR_044748.1	GIN-41-MGE-S217	0	0	0	0	0	0	0	0	0
NR_044746.1	GIN-41-MGE-S217	0	0	0	0	0	0	0	0	0
NR_044745.1	GIN-41-MGE-S217	0	0	0	0	0	0	0	0	0
NR_044744.1	GIN-41-MGE-S217	0	0	0	0	0	0	0	0	0
NR_044743.1	GIN-41-MGE-S217	0	0	0	0	0	0	0	0	0
NR_044742.1	GIN-41-MGE-S217	0	0	0	0	0	0	0	0	0
NR_044698.1	GIN-41-MGE-S217	0	0	0	0	0	0	0	0	0
NR_044697.1	GIN-41-MGE-S217	0	0	0	0	0	0	0	0	0
NR_044696.1	GIN-41-MGE-S217	0	0	0	0	0	0	0	0	0
NR_044695.1	GIN-41-MGE-S217	0	0	0	0	0	0	0	0	0
NR_044684.1	GIN-41-MGE-S217	0	0	0	0	0	0	0	0	0
NR_044681.1	GIN-41-MGE-S217	0	0	0	0	0	0	0	0	0
NR_044679.1	GIN-41-MGE-S217	0	0	0	0	0	0	0	0	0
NR_044672.1	GIN-41-MGE-S217	0	0	0	0	0	0	0	0	0
NR_044655.1	GIN-41-MGE-S217	0	0	0	0	0	0	0	0	0
NR_044651.1	GIN-41-MGE-S217	0	0	0	0	0	0	0	0	0
NR_044646.1	GIN-41-MGE-S217	0	0	0	0	0	0	0	0	0
NR_044639.1	GIN-41-MGE-S217	0	0	0	0	0	0	0	0	0
NR_044636.1	GIN-41-MGE-S217	0	0	0	0	0	0	0	0	0
NR_044635.1	GIN-41-MGE-S217	0	0	0	0	0	0	0	0	0
NR_044634.1	GIN-41-MGE-S217	0	0	0	0	0	0	0	0	0
NR_044633.1	GIN-41-MGE-S217	0	0	0	0	0	0	0	0	0
NR_044632.1	GIN-41-MGE-S217	0	0	0	0	0	0	0	0	0
NR_044631.1	GIN-41-MGE-S217	0	0	0	0	0	0	0	0	0
NR_044630.1	GIN-41-MGE-S217	0	0	0	0	0	0	0	0	0
NR_044629.1	GIN-41-MGE-S217	0	0	0	0	0	0	0	0	0
NR_044628.1	GIN-41-MGE-S217	0	0	0	0	0	0	0	0	0
NR_044627.1	GIN-41-MGE-S217	0	0	0	0	0	0	0	0	0
NR_044614.1	GIN-41-MGE-S217	0	0	0	0	0	0	0	0	0
NR_044613.1	GIN-41-MGE-S217	0	0	0	0	0	0	0	0	0
NR_044612.1	GIN-41-MGE-S217	0	0	0	0	0	0	0	0	0
NR_044610.1	GIN-41-MGE-S217	0	0	0	0	0	0	0	0	0
NR_044609.1	GIN-41-MGE-S217	0	0	0	0	0	0	0	0	0
NR_044608.1	GIN-41-MGE-S217	0	0	0	0	0	0	0	0	0
NR_044606.1	GIN-41-MGE-S217	0	0	0	0	0	0	0	0	0
NR_044604.1	GIN-41-MGE-S217	0	0	0	0	0	0	0	0	0
NR_044603.1	GIN-41-MGE-S217	0	0	0	0	0	0	0	0	0
NR_044602.1	GIN-41-MGE-S217	0	0	0	0	0	0	0	0	0
NR_044598.1	GIN-41-MGE-S217	0	0	0	0	0	0	0	0	0
NR_044596.1	GIN-41-MGE-S217	0	0	0	0	0	0	0	0	0
NR_044595.1	GIN-41-MGE-S217	0	0	0	0	0	0	0	0	0
NR_044594.1	GIN-41-MGE-S217	0	0	0	0	0	0	0	0	0
NR_044592.1	GIN-41-MGE-S217	0	0	0	0	0	0	0	0	0
NR_044591.1	GIN-41-MGE-S217	0	0	0	0	0	0	0	0	0
NR_044577.1	GIN-41-MGE-S217	0	0	0	0	0	0	0	0	0
NR_044575.1	GIN-41-MGE-S217	0	0	0	0	0	0	0	0	0
NR_044573.1	GIN-41-MGE-S217	0	0	0	0	0	0	0	0	0
NR_044561.1	GIN-41-MGE-S217	0	0	0	0	0	0	0	0	0
NR_044556.1	GIN-41-MGE-S217	0	0	0	0	0	0	0	0	0
NR_044554.1	GIN-41-MGE-S217	0	0	0	0	0	0	0	0	0
NR_044552.1	GIN-41-MGE-S217	0	0	0	0	0	0	0	0	0
NR_044547.1	GIN-41-MGE-S217	0	0	0	0	0	0	0	0	0
NR_044514.1	GIN-41-MGE-S217	0	0	0	0	0	0	0	0	0
NR_044513.1	GIN-41-MGE-S217	0	0	0	0	0	0	0	0	0
NR_044499.1	GIN-41-MGE-S217	0	0	0	0	0	0	0	0	0
NR_044496.1	GIN-41-MGE-S217	0	0	0	0	0	0	0	0	0
NR_044491.1	GIN-41-MGE-S217	0	0	0	0	0	0	0	0	0
NR_044489.1	GIN-41-MGE-S217	0	0	0	0	0	0	0	0	0
NR_044487.1	GIN-41-MGE-S217	0	0	0	0	0	0	0	0	0
NR_044479.1	GIN-41-MGE-S217	0	0	0	0	0	0	0	0	0
NR_044474.1	GIN-41-MGE-S217	0	0	0	0	0	0	0	0	0
NR_044471.1	GIN-41-MGE-S217	0	0	0	0	0	0	0	0	0
NR_044469.1	GIN-41-MGE-S217	0	0	0	0	0	0	0	0	0
NR_044468.1	GIN-41-MGE-S217	0	0	0	0	0	0	0	0	0
NR_044467.1	GIN-41-MGE-S217	0	0	0	0	0	0	0	0	0
NR_044463.1	GIN-41-MGE-S217	0	0	0	0	0	0	0	0	0
NR_044453.1	GIN-41-MGE-S217	0	0	0	0	0	0	0	0	0
NR_044451.1	GIN-41-MGE-S217	0	0	0	0	0	0	0	0	0
NR_044443.1	GIN-41-MGE-S217	0	0	0	0	0	0	0	0	0
NR_044437.1	GIN-41-MGE-S217	0	0	0	0	0	0	0	0	0
NR_044426.1	GIN-41-MGE-S217	0	0	0	0	0	0	0	0	0
NR_044424.1	GIN-41-MGE-S217	0	0	0	0	0	0	0	0	0
NR_044414.1	GIN-41-MGE-S217	0	0	0	0	0	0	0	0	0
NR_044409.1	GIN-41-MGE-S217	0	0	0	0	0	0	0	0	0
NR_044405.1	GIN-41-MGE-S217	0	0	0	0	0	0	0	0	0
NR_044402.1	GIN-41-MGE-S217	0	0	0	0	0	0	0	0	0
NR_044401.1	GIN-41-MGE-S217	0	0	0	0	0	0	0	0	0
NR_044399.1	GIN-41-MGE-S217	0	0	0	0	0	0	0	0	0
NR_044393.1	GIN-41-MGE-S217	0	0	0	0	0	0	0	0	0
NR_044391.1	GIN-41-MGE-S217	0	0	0	0	0	0	0	0	0
NR_044386.1	GIN-41-MGE-S217	0	0	0	0	0	0	0	0	0
NR_044385.1	GIN-41-MGE-S217	0	0	0	0	0	0	0	0	0
NR_044379.1	GIN-41-MGE-S217	0	0	0	0	0	0	0	0	0
NR_044378.1	GIN-41-MGE-S217	0	0	0	0	0	0	0	0	0
NR_044376.1	GIN-41-MGE-S217	0	0	0	0	0	0	0	0	0
NR_044375.1	GIN-41-MGE-S217	0	0	0	0	0	0	0	0	0
NR_044373.1	GIN-41-MGE-S217	0	0	0	0	0	0	0	0	0
NR_044372.1	GIN-41-MGE-S217	0	0	0	0	0	0	0	0	0
NR_044371.1	GIN-41-MGE-S217	0	0	0	0	0	0	0	0	0
NR_044370.1	GIN-41-MGE-S217	0	0	0	0	0	0	0	0	0
NR_044366.1	GIN-41-MGE-S217	0	0	0	0	0	0	0	0	0
NR_044351.1	GIN-41-MGE-S217	0	0	0	0	0	0	0	0	0
NR_044347.1	GIN-41-MGE-S217	0	0	0	0	0	0	0	0	0
NR_044346.1	GIN-41-MGE-S217	0	0	0	0	0	0	0	0	0
NR_044345.1	GIN-41-MGE-S217	0	0	0	0	0	0	0	0	0
NR_044344.1	GIN-41-MGE-S217	0	0	0	0	0	0	0	0	0
NR_044341.1	GIN-41-MGE-S217	0	0	0	0	0	0	0	0	0
NR_044339.1	GIN-41-MGE-S217	0	0	0	0	0	0	0	0	0
NR_044315.1	GIN-41-MGE-S217	0	0	0	0	0	0	0	0	0
NR_044314.1	GIN-41-MGE-S217	0	0	0	0	0	0	0	0	0
NR_044313.1	GIN-41-MGE-S217	0	0	0	0	0	0	0	0	0
NR_044310.1	GIN-41-MGE-S217	0	0	0	0	0	0	0	0	0
NR_044307.1	GIN-41-MGE-S217	0	0	0	0	0	0	0	0	0
NR_044302.1	GIN-41-MGE-S217	0	0	0	0	0	0	0	0	0
NR_044300.1	GIN-41-MGE-S217	0	0	0	0	0	0	0	0	0
NR_044299.1	GIN-41-MGE-S217	0	0	0	0	0	0	0	0	0
NR_044285.1	GIN-41-MGE-S217	0	0	0	0	0	0	0	0	0
NR_044282.1	GIN-41-MGE-S217	0	0	0	0	0	0	0	0	0
NR_044275.1	GIN-41-MGE-S217	0	0	0	0	0	0	0	0	0
NR_044273.1	GIN-41-MGE-S217	0	0	0	0	0	0	0	0	0
NR_044267.1	GIN-41-MGE-S217	0	0	0	0	0	0	0	0	0
NR_044265.1	GIN-41-MGE-S217	0	0	0	0	0	0	0	0	0
NR_044264.1	GIN-41-MGE-S217	0	0	0	0	0	0	0	0	0
NR_044263.1	GIN-41-MGE-S217	0	0	0	0	0	0	0	0	0
NR_044261.1	GIN-41-MGE-S217	0	0	0	0	0	0	0	0	0
NR_044241.1	GIN-41-MGE-S217	0	0	0	0	0	0	0	0	0
NR_044229.1	GIN-41-MGE-S217	0	0	0	0	0	0	0	0	0
NR_044226.1	GIN-41-MGE-S217	0	0	0	0	0	0	0	0	0
NR_044225.1	GIN-41-MGE-S217	0	0	0	0	0	0	0	0	0
NR_044211.1	GIN-41-MGE-S217	0	0	0	0	0	0	0	0	0
NR_044201.1	GIN-41-MGE-S217	0	0	0	0	0	0	0	0	0
NR_044200.1	GIN-41-MGE-S217	0	0	0	0	0	0	0	0	0
NR_044199.1	GIN-41-MGE-S217	0	0	0	0	0	0	0	0	0
NR_044195.1	GIN-41-MGE-S217	0	0	0	0	0	0	0	0	0
NR_044191.1	GIN-41-MGE-S217	0	0	0	0	0	0	0	0	0
NR_044183.1	GIN-41-MGE-S217	0	0	0	0	0	0	0	0	0
NR_044175.1	GIN-41-MGE-S217	0	0	0	0	0	0	0	0	0
NR_044174.1	GIN-41-MGE-S217	0	0	0	0	0	0	0	0	0
NR_044172.1	GIN-41-MGE-S217	0	0	0	0	0	0	0	0	0
NR_044171.1	GIN-41-MGE-S217	0	0	0	0	0	0	0	0	0
NR_044168.1	GIN-41-MGE-S217	0	0	0	0	0	0	0	0	0
NR_044165.1	GIN-41-MGE-S217	0	0	0	0	0	0	0	0	0
NR_044164.1	GIN-41-MGE-S217	0	0	0	0	0	0	0	0	0
NR_044162.1	GIN-41-MGE-S217	0	0	0	0	0	0	0	0	0
NR_044158.1	GIN-41-MGE-S217	0	0	0	0	0	0	0	0	0
NR_044156.1	GIN-41-MGE-S217	0	0	0	0	0	0	0	0	0
NR_044155.1	GIN-41-MGE-S217	0	0	0	0	0	0	0	0	0
NR_044154.1	GIN-41-MGE-S217	0	0	0	0	0	0	0	0	0
NR_044152.1	GIN-41-MGE-S217	0	0	0	0	0	0	0	0	0
NR_044151.1	GIN-41-MGE-S217	0	0	0	0	0	0	0	0	0
NR_044150.1	GIN-41-MGE-S217	0	0	0	0	0	0	0	0	0
NR_044149.1	GIN-41-MGE-S217	0	0	0	0	0	0	0	0	0
NR_044148.1	GIN-41-MGE-S217	0	0	0	0	0	0	0	0	0
NR_044147.1	GIN-41-MGE-S217	0	0	0	0	0	0	0	0	0
NR_044146.1	GIN-41-MGE-S217	0	0	0	0	0	0	0	0	0
NR_044145.1	GIN-41-MGE-S217	0	0	0	0	0	0	0	0	0
NR_044144.1	GIN-41-MGE-S217	0	0	0	0	0	0	0	0	0
NR_044143.1	GIN-41-MGE-S217	0	0	0	0	0	0	0	0	0
NR_044142.1	GIN-41-MGE-S217	0	0	0	0	0	0	0	0	0
NR_044141.1	GIN-41-MGE-S217	0	0	0	0	0	0	0	0	0
NR_044140.1	GIN-41-MGE-S217	0	0	0	0	0	0	0	0	0
NR_044139.1	GIN-41-MGE-S217	0	0	0	0	0	0	0	0	0
NR_044138.1	GIN-41-MGE-S217	0	0	0	0	0	0	0	0	0
NR_044136.1	GIN-41-MGE-S217	0	0	0	0	0	0	0	0	0
NR_044135.1	GIN-41-MGE-S217	0	0	0	0	0	0	0	0	0
NR_044133.1	GIN-41-MGE-S217	0	0	0	0	0	0	0	0	0
NR_044126.1	GIN-41-MGE-S217	0	0	0	0	0	0	0	0	0
NR_044124.1	GIN-41-MGE-S217	0	0	0	0	0	0	0	0	0
NR_044123.1	GIN-41-MGE-S217	0	0	0	0	0	0	0	0	0
NR_044118.1	GIN-41-MGE-S217	0	0	0	0	0	0	0	0	0
NR_044106.1	GIN-41-MGE-S217	0	0	0	0	0	0	0	0	0
NR_044101.1	GIN-41-MGE-S217	0	0	0	0	0	0	0	0	0
NR_044098.1	GIN-41-MGE-S217	0	0	0	0	0	0	0	0	0
NR_044090.1	GIN-41-MGE-S217	0	0	0	0	0	0	0	0	0
NR_044089.1	GIN-41-MGE-S217	0	0	0	0	0	0	0	0	0
NR_044083.1	GIN-41-MGE-S217	0	0	0	0	0	0	0	0	0
NR_044080.1	GIN-41-MGE-S217	0	0	0	0	0	0	0	0	0
NR_044079.1	GIN-41-MGE-S217	0	0	0	0	0	0	0	0	0
NR_044078.1	GIN-41-MGE-S217	0	0	0	0	0	0	0	0	0
NR_044069.1	GIN-41-MGE-S217	0	0	0	0	0	0	0	0	0
NR_044066.1	GIN-41-MGE-S217	0	0	0	0	0	0	0	0	0
NR_044062.1	GIN-41-MGE-S217	0	0	0	0	0	0	0	0	0
NR_044060.1	GIN-41-MGE-S217	0	0	0	0	0	0	0	0	0
NR_044059.1	GIN-41-MGE-S217	0	0	0	0	0	0	0	0	0
NR_044058.1	GIN-41-MGE-S217	0	0	0	0	0	0	0	0	0
NR_044057.1	GIN-41-MGE-S217	0	0	0	0	0	0	0	0	0
NR_044055.1	GIN-41-MGE-S217	0	0	0	0	0	0	0	0	0
NR_044054.1	GIN-41-MGE-S217	0	0	0	0	0	0	0	0	0
NR_044053.1	GIN-41-MGE-S217	0	0	0	0	0	0	0	0	0
NR_044052.1	GIN-41-MGE-S217	0	0	0	0	0	0	0	0	0
NR_044051.1	GIN-41-MGE-S217	0	0	0	0	0	0	0	0	0
NR_044043.1	GIN-41-MGE-S217	0	0	0	0	0	0	0	0	0
NR_044041.1	GIN-41-MGE-S217	0	0	0	0	0	0	0	0	0
NR_044036.1	GIN-41-MGE-S217	0	0	0	0	0	0	0	0	0
NR_044026.1	GIN-41-MGE-S217	0	0	0	0	0	0	0	0	0
NR_044016.1	GIN-41-MGE-S217	0	0	0	0	0	0	0	0	0
NR_044007.1	GIN-41-MGE-S217	0	0	0	0	0	0	0	0	0
NR_044004.1	GIN-41-MGE-S217	0	0	0	0	0	0	0	0	0
NR_043998.1	GIN-41-MGE-S217	0	0	0	0	0	0	0	0	0
NR_043997.1	GIN-41-MGE-S217	0	0	0	0	0	0	0	0	0
NR_043996.1	GIN-41-MGE-S217	0	0	0	0	0	0	0	0	0
NR_043995.1	GIN-41-MGE-S217	0	0	0	0	0	0	0	0	0
NR_043990.1	GIN-41-MGE-S217	0	0	0	0	0	0	0	0	0
NR_043989.1	GIN-41-MGE-S217	0	0	0	0	0	0	0	0	0
NR_043983.1	GIN-41-MGE-S217	0	0	0	0	0	0	0	0	0
NR_043982.1	GIN-41-MGE-S217	0	0	0	0	0	0	0	0	0
NR_043980.1	GIN-41-MGE-S217	0	0	0	0	0	0	0	0	0
NR_043979.1	GIN-41-MGE-S217	0	0	0	0	0	0	0	0	0
NR_043943.1	GIN-41-MGE-S217	0	0	0	0	0	0	0	0	0
NR_043936.1	GIN-41-MGE-S217	0	0	0	0	0	0	0	0	0
NR_043932.1	GIN-41-MGE-S217	0	0	0	0	0	0	0	0	0
NR_043929.1	GIN-41-MGE-S217	0	0	0	0	0	0	0	0	0
NR_043928.1	GIN-41-MGE-S217	0	0	0	0	0	0	0	0	0
NR_043921.1	GIN-41-MGE-S217	0	0	0	0	0	0	0	0	0
NR_043920.1	GIN-41-MGE-S217	0	0	0	0	0	0	0	0	0
NR_043919.1	GIN-41-MGE-S217	0	0	0	0	0	0	0	0	0
NR_043916.1	GIN-41-MGE-S217	0	0	0	0	0	0	0	0	0
NR_043915.1	GIN-41-MGE-S217	0	0	0	0	0	0	0	0	0
NR_043910.1	GIN-41-MGE-S217	0	0	0	0	0	0	0	0	0
NR_043898.1	GIN-41-MGE-S217	0	0	0	0	0	0	0	0	0
NR_043882.1	GIN-41-MGE-S217	0	0	0	0	0	0	0	0	0
NR_043880.1	GIN-41-MGE-S217	0	0	0	0	0	0	0	0	0
NR_043879.1	GIN-41-MGE-S217	0	0	0	0	0	0	0	0	0
NR_043870.1	GIN-41-MGE-S217	0	0	0	0	0	0	0	0	0
NR_043869.1	GIN-41-MGE-S217	0	0	0	0	0	0	0	0	0
NR_043855.1	GIN-41-MGE-S217	0	0	0	0	0	0	0	0	0
NR_043854.1	GIN-41-MGE-S217	0	0	0	0	0	0	0	0	0
NR_043853.1	GIN-41-MGE-S217	0	0	0	0	0	0	0	0	0
NR_043852.1	GIN-41-MGE-S217	0	0	0	0	0	0	0	0	0
NR_043851.1	GIN-41-MGE-S217	0	0	0	0	0	0	0	0	0
NR_043850.1	GIN-41-MGE-S217	0	0	0	0	0	0	0	0	0
NR_043848.1	GIN-41-MGE-S217	0	0	0	0	0	0	0	0	0
NR_043847.1	GIN-41-MGE-S217	0	0	0	0	0	0	0	0	0
NR_043846.1	GIN-41-MGE-S217	0	0	0	0	0	0	0	0	0
NR_043845.1	GIN-41-MGE-S217	0	0	0	0	0	0	0	0	0
NR_043844.1	GIN-41-MGE-S217	0	0	0	0	0	0	0	0	0
NR_043843.1	GIN-41-MGE-S217	0	0	0	0	0	0	0	0	0
NR_043842.1	GIN-41-MGE-S217	0	0	0	0	0	0	0	0	0
NR_043841.1	GIN-41-MGE-S217	0	0	0	0	0	0	0	0	0
NR_043840.1	GIN-41-MGE-S217	0	0	0	0	0	0	0	0	0
NR_043839.1	GIN-41-MGE-S217	0	0	0	0	0	0	0	0	0
NR_043838.1	GIN-41-MGE-S217	0	0	0	0	0	0	0	0	0
NR_043837.1	GIN-41-MGE-S217	0	0	0	0	0	0	0	0	0
NR_043835.1	GIN-41-MGE-S217	0	0	0	0	0	0	0	0	0
NR_043834.1	GIN-41-MGE-S217	0	0	0	0	0	0	0	0	0
NR_043833.1	GIN-41-MGE-S217	0	0	0	0	0	0	0	0	0
NR_043832.1	GIN-41-MGE-S217	0	0	0	0	0	0	0	0	0
NR_043831.1	GIN-41-MGE-S217	0	0	0	0	0	0	0	0	0
NR_043830.1	GIN-41-MGE-S217	0	0	0	0	0	0	0	0	0
NR_043829.1	GIN-41-MGE-S217	0	0	0	0	0	0	0	0	0
NR_043828.1	GIN-41-MGE-S217	0	0	0	0	0	0	0	0	0
NR_043827.1	GIN-41-MGE-S217	0	0	0	0	0	0	0	0	0
NR_043825.1	GIN-41-MGE-S217	0	0	0	0	0	0	0	0	0
NR_043824.1	GIN-41-MGE-S217	0	0	0	0	0	0	0	0	0
NR_043823.1	GIN-41-MGE-S217	0	0	0	0	0	0	0	0	0
NR_043822.1	GIN-41-MGE-S217	0	0	0	0	0	0	0	0	0
NR_043821.1	GIN-41-MGE-S217	0	0	0	0	0	0	0	0	0
NR_043820.1	GIN-41-MGE-S217	0	0	0	0	0	0	0	0	0
NR_043819.1	GIN-41-MGE-S217	0	0	0	0	0	0	0	0	0
NR_043818.1	GIN-41-MGE-S217	0	0	0	0	0	0	0	0	0
NR_043817.1	GIN-41-MGE-S217	0	0	0	0	0	0	0	0	0
NR_043816.1	GIN-41-MGE-S217	0	0	0	0	0	0	0	0	0
NR_043815.1	GIN-41-MGE-S217	0	0	0	0	0	0	0	0	0
NR_043814.1	GIN-41-MGE-S217	0	0	0	0	0	0	0	0	0
NR_043811.1	GIN-41-MGE-S217	0	0	0	0	0	0	0	0	0
NR_043795.1	GIN-41-MGE-S217	0	0	0	0	0	0	0	0	0
NR_043794.1	GIN-41-MGE-S217	0	0	0	0	0	0	0	0	0
NR_043793.1	GIN-41-MGE-S217	0	0	0	0	0	0	0	0	0
NR_043786.1	GIN-41-MGE-S217	0	0	0	0	0	0	0	0	0
NR_043776.1	GIN-41-MGE-S217	0	0	0	0	0	0	0	0	0
NR_043764.1	GIN-41-MGE-S217	0	0	0	0	0	0	0	0	0
NR_043751.1	GIN-41-MGE-S217	0	0	0	0	0	0	0	0	0
NR_043748.1	GIN-41-MGE-S217	0	0	0	0	0	0	0	0	0
NR_043747.1	GIN-41-MGE-S217	0	0	0	0	0	0	0	0	0
NR_043742.1	GIN-41-MGE-S217	0	0	0	0	0	0	0	0	0
NR_043739.1	GIN-41-MGE-S217	0	0	0	0	0	0	0	0	0
NR_043734.1	GIN-41-MGE-S217	0	0	0	0	0	0	0	0	0
NR_043725.1	GIN-41-MGE-S217	0	0	0	0	0	0	0	0	0
NR_043703.1	GIN-41-MGE-S217	0	0	0	0	0	0	0	0	0
NR_043700.1	GIN-41-MGE-S217	0	0	0	0	0	0	0	0	0
NR_043699.1	GIN-41-MGE-S217	0	0	0	0	0	0	0	0	0
NR_043694.1	GIN-41-MGE-S217	0	0	0	0	0	0	0	0	0
NR_043693.1	GIN-41-MGE-S217	0	0	0	0	0	0	0	0	0
NR_043679.1	GIN-41-MGE-S217	0	0	0	0	0	0	0	0	0
NR_043678.1	GIN-41-MGE-S217	0	0	0	0	0	0	0	0	0
NR_043671.1	GIN-41-MGE-S217	0	0	0	0	0	0	0	0	0
NR_043670.1	GIN-41-MGE-S217	0	0	0	0	0	0	0	0	0
NR_043663.1	GIN-41-MGE-S217	0	0	0	0	0	0	0	0	0
NR_043662.1	GIN-41-MGE-S217	0	0	0	0	0	0	0	0	0
NR_043661.1	GIN-41-MGE-S217	0	0	0	0	0	0	0	0	0
NR_043660.1	GIN-41-MGE-S217	0	0	0	0	0	0	0	0	0
NR_043658.1	GIN-41-MGE-S217	0	0	0	0	0	0	0	0	0
NR_043657.1	GIN-41-MGE-S217	65	65	0	0	0	0	0	0	0
NR_043656.1	GIN-41-MGE-S217	1	1	0	0	0	0	0	0	0
NR_043650.1	GIN-41-MGE-S217	0	0	0	0	0	0	0	0	0
NR_043639.1	GIN-41-MGE-S217	0	0	0	0	0	0	0	0	0
NR_043636.1	GIN-41-MGE-S217	0	0	0	0	0	0	0	0	0
NR_043632.1	GIN-41-MGE-S217	0	0	0	0	0	0	0	0	0
NR_043625.1	GIN-41-MGE-S217	0	0	0	0	0	0	0	0	0
NR_043619.1	GIN-41-MGE-S217	0	0	0	0	0	0	0	0	0
NR_043610.1	GIN-41-MGE-S217	0	0	0	0	0	0	0	0	0
NR_043608.1	GIN-41-MGE-S217	0	0	0	0	0	0	0	0	0
NR_043607.1	GIN-41-MGE-S217	0	0	0	0	0	0	0	0	0
NR_043606.1	GIN-41-MGE-S217	0	0	0	0	0	0	0	0	0
NR_043605.1	GIN-41-MGE-S217	0	0	0	0	0	0	0	0	0
NR_043604.1	GIN-41-MGE-S217	0	0	0	0	0	0	0	0	0
NR_043603.1	GIN-41-MGE-S217	0	0	0	0	0	0	0	0	0
NR_043602.1	GIN-41-MGE-S217	0	0	0	0	0	0	0	0	0
NR_043601.1	GIN-41-MGE-S217	0	0	0	0	0	0	0	0	0
NR_043600.1	GIN-41-MGE-S217	0	0	0	0	0	0	0	0	0
NR_043599.1	GIN-41-MGE-S217	0	0	0	0	0	0	0	0	0
NR_043598.1	GIN-41-MGE-S217	0	0	0	0	0	0	0	0	0
NR_043597.1	GIN-41-MGE-S217	0	0	0	0	0	0	0	0	0
NR_043582.1	GIN-41-MGE-S217	0	0	0	0	0	0	0	0	0
NR_043577.1	GIN-41-MGE-S217	0	0	0	0	0	0	0	0	0
NR_043569.1	GIN-41-MGE-S217	0	0	0	0	0	0	0	0	0
NR_043558.1	GIN-41-MGE-S217	0	0	0	0	0	0	0	0	0
NR_043553.1	GIN-41-MGE-S217	0	0	0	0	0	0	0	0	0
NR_043550.1	GIN-41-MGE-S217	0	0	0	0	0	0	0	0	0
NR_043547.1	GIN-41-MGE-S217	0	0	0	0	0	0	0	0	0
NR_043541.1	GIN-41-MGE-S217	0	0	0	0	0	0	0	0	0
NR_043539.1	GIN-41-MGE-S217	0	0	0	0	0	0	0	0	0
NR_043535.1	GIN-41-MGE-S217	0	0	0	0	0	0	0	0	0
NR_043516.1	GIN-41-MGE-S217	0	0	0	0	0	0	0	0	0
NR_043515.1	GIN-41-MGE-S217	0	0	0	0	0	0	0	0	0
NR_043513.1	GIN-41-MGE-S217	0	0	0	0	0	0	0	0	0
NR_043508.1	GIN-41-MGE-S217	0	0	0	0	0	0	0	0	0
NR_043507.1	GIN-41-MGE-S217	0	0	0	0	0	0	0	0	0
NR_043506.1	GIN-41-MGE-S217	0	0	0	0	0	0	0	0	0
NR_043505.1	GIN-41-MGE-S217	0	0	0	0	0	0	0	0	0
NR_043504.1	GIN-41-MGE-S217	0	0	0	0	0	0	0	0	0
NR_043503.1	GIN-41-MGE-S217	0	0	0	0	0	0	0	0	0
NR_043502.1	GIN-41-MGE-S217	0	0	0	0	0	0	0	0	0
NR_043501.1	GIN-41-MGE-S217	0	0	0	0	0	0	0	0	0
NR_043500.1	GIN-41-MGE-S217	0	0	0	0	0	0	0	0	0
NR_043499.1	GIN-41-MGE-S217	0	0	0	0	0	0	0	0	0
NR_043498.1	GIN-41-MGE-S217	0	0	0	0	0	0	0	0	0
NR_043497.1	GIN-41-MGE-S217	0	0	0	0	0	0	0	0	0
NR_043496.1	GIN-41-MGE-S217	0	0	0	0	0	0	0	0	0
NR_043495.1	GIN-41-MGE-S217	0	0	0	0	0	0	0	0	0
NR_043494.1	GIN-41-MGE-S217	0	0	0	0	0	0	0	0	0
NR_043493.1	GIN-41-MGE-S217	0	0	0	0	0	0	0	0	0
NR_043492.1	GIN-41-MGE-S217	0	0	0	0	0	0	0	0	0
NR_043491.1	GIN-41-MGE-S217	0	0	0	0	0	0	0	0	0
NR_043490.1	GIN-41-MGE-S217	0	0	0	0	0	0	0	0	0
NR_043489.1	GIN-41-MGE-S217	0	0	0	0	0	0	0	0	0
NR_043488.1	GIN-41-MGE-S217	0	0	0	0	0	0	0	0	0
NR_043487.1	GIN-41-MGE-S217	0	0	0	0	0	0	0	0	0
NR_043486.1	GIN-41-MGE-S217	0	0	0	0	0	0	0	0	0
NR_043485.1	GIN-41-MGE-S217	0	0	0	0	0	0	0	0	0
NR_043479.1	GIN-41-MGE-S217	0	0	0	0	0	0	0	0	0
NR_043478.1	GIN-41-MGE-S217	0	0	0	0	0	0	0	0	0
NR_043477.1	GIN-41-MGE-S217	0	0	0	0	0	0	0	0	0
NR_043476.1	GIN-41-MGE-S217	0	0	0	0	0	0	0	0	0
NR_043471.1	GIN-41-MGE-S217	0	0	0	0	0	0	0	0	0
NR_043468.1	GIN-41-MGE-S217	0	0	0	0	0	0	0	0	0
NR_043465.1	GIN-41-MGE-S217	0	0	0	0	0	0	0	0	0
NR_043451.1	GIN-41-MGE-S217	0	0	0	0	0	0	0	0	0
NR_043449.1	GIN-41-MGE-S217	0	0	0	0	0	0	0	0	0
NR_043448.1	GIN-41-MGE-S217	0	0	0	0	0	0	0	0	0
NR_043447.1	GIN-41-MGE-S217	0	0	0	0	0	0	0	0	0
NR_043446.1	GIN-41-MGE-S217	0	0	0	0	0	0	0	0	0
NR_043445.1	GIN-41-MGE-S217	0	0	0	0	0	0	0	0	0
NR_043444.1	GIN-41-MGE-S217	0	0	0	0	0	0	0	0	0
NR_043443.1	GIN-41-MGE-S217	0	0	0	0	0	0	0	0	0
NR_043439.1	GIN-41-MGE-S217	0	0	0	0	0	0	0	0	0
NR_043438.1	GIN-41-MGE-S217	0	0	0	0	0	0	0	0	0
NR_043437.1	GIN-41-MGE-S217	0	0	0	0	0	0	0	0	0
NR_043435.1	GIN-41-MGE-S217	0	0	0	0	0	0	0	0	0
NR_043430.1	GIN-41-MGE-S217	0	0	0	0	0	0	0	0	0
NR_043429.1	GIN-41-MGE-S217	0	0	0	0	0	0	0	0	0
NR_043428.1	GIN-41-MGE-S217	0	0	0	0	0	0	0	0	0
NR_043427.1	GIN-41-MGE-S217	0	0	0	0	0	0	0	0	0
NR_043425.1	GIN-41-MGE-S217	0	0	0	0	0	0	0	0	0
NR_043424.1	GIN-41-MGE-S217	0	0	0	0	0	0	0	0	0
NR_043423.1	GIN-41-MGE-S217	0	0	0	0	0	0	0	0	0
NR_043422.1	GIN-41-MGE-S217	0	0	0	0	0	0	0	0	0
NR_043420.1	GIN-41-MGE-S217	0	0	0	0	0	0	0	0	0
NR_043419.1	GIN-41-MGE-S217	0	0	0	0	0	0	0	0	0
NR_043416.1	GIN-41-MGE-S217	0	0	0	0	0	0	0	0	0
NR_043415.1	GIN-41-MGE-S217	0	0	0	0	0	0	0	0	0
NR_043414.1	GIN-41-MGE-S217	0	0	0	0	0	0	0	0	0
NR_043413.1	GIN-41-MGE-S217	0	0	0	0	0	0	0	0	0
NR_043412.1	GIN-41-MGE-S217	0	0	0	0	0	0	0	0	0
NR_043407.1	GIN-41-MGE-S217	0	0	0	0	0	0	0	0	0
NR_043406.1	GIN-41-MGE-S217	0	0	0	0	0	0	0	0	0
NR_043404.1	GIN-41-MGE-S217	0	0	0	0	0	0	0	0	0
NR_043403.1	GIN-41-MGE-S217	0	0	0	0	0	0	0	0	0
NR_043402.1	GIN-41-MGE-S217	0	0	0	0	0	0	0	0	0
NR_043399.1	GIN-41-MGE-S217	0	0	0	0	0	0	0	0	0
NR_043398.1	GIN-41-MGE-S217	0	0	0	0	0	0	0	0	0
NR_043397.1	GIN-41-MGE-S217	0	0	0	0	0	0	0	0	0
NR_043395.1	GIN-41-MGE-S217	0	0	0	0	0	0	0	0	0
NR_043393.1	GIN-41-MGE-S217	0	0	0	0	0	0	0	0	0
NR_043392.1	GIN-41-MGE-S217	0	0	0	0	0	0	0	0	0
NR_043391.1	GIN-41-MGE-S217	0	0	0	0	0	0	0	0	0
NR_043390.1	GIN-41-MGE-S217	0	0	0	0	0	0	0	0	0
NR_043388.1	GIN-41-MGE-S217	0	0	0	0	0	0	0	0	0
NR_043386.1	GIN-41-MGE-S217	0	0	0	0	0	0	0	0	0
NR_043384.1	GIN-41-MGE-S217	0	0	0	0	0	0	0	0	0
NR_043383.1	GIN-41-MGE-S217	0	0	0	0	0	0	0	0	0
NR_043382.1	GIN-41-MGE-S217	0	0	0	0	0	0	0	0	0
NR_043381.1	GIN-41-MGE-S217	0	0	0	0	0	0	0	0	0
NR_043379.1	GIN-41-MGE-S217	0	0	0	0	0	0	0	0	0
NR_043374.1	GIN-41-MGE-S217	0	0	0	0	0	0	0	0	0
NR_043335.1	GIN-41-MGE-S217	0	0	0	0	0	0	0	0	0
NR_043332.1	GIN-41-MGE-S217	0	0	0	0	0	0	0	0	0
NR_043331.1	GIN-41-MGE-S217	0	0	0	0	0	0	0	0	0
NR_043330.1	GIN-41-MGE-S217	0	0	0	0	0	0	0	0	0
NR_043324.1	GIN-41-MGE-S217	0	0	0	0	0	0	0	0	0
NR_043319.1	GIN-41-MGE-S217	0	0	0	0	0	0	0	0	0
NR_043318.1	GIN-41-MGE-S217	0	0	0	0	0	0	0	0	0
NR_043317.1	GIN-41-MGE-S217	0	0	0	0	0	0	0	0	0
NR_043312.1	GIN-41-MGE-S217	0	0	0	0	0	0	0	0	0
NR_043307.1	GIN-41-MGE-S217	0	0	0	0	0	0	0	0	0
NR_043303.1	GIN-41-MGE-S217	0	0	0	0	0	0	0	0	0
NR_043300.1	GIN-41-MGE-S217	0	0	0	0	0	0	0	0	0
NR_043297.1	GIN-41-MGE-S217	0	0	0	0	0	0	0	0	0
NR_043284.1	GIN-41-MGE-S217	0	0	0	0	0	0	0	0	0
NR_043282.1	GIN-41-MGE-S217	0	0	0	0	0	0	0	0	0
NR_043278.1	GIN-41-MGE-S217	0	0	0	0	0	0	0	0	0
NR_043272.1	GIN-41-MGE-S217	0	0	0	0	0	0	0	0	0
NR_043271.1	GIN-41-MGE-S217	0	0	0	0	0	0	0	0	0
NR_043269.1	GIN-41-MGE-S217	0	0	0	0	0	0	0	0	0
NR_043250.1	GIN-41-MGE-S217	0	0	0	0	0	0	0	0	0
NR_043248.1	GIN-41-MGE-S217	0	0	0	0	0	0	0	0	0
NR_043240.1	GIN-41-MGE-S217	0	0	0	0	0	0	0	0	0
NR_043239.1	GIN-41-MGE-S217	0	0	0	0	0	0	0	0	0
NR_043238.1	GIN-41-MGE-S217	0	0	0	0	0	0	0	0	0
NR_043236.1	GIN-41-MGE-S217	0	0	0	0	0	0	0	0	0
NR_043235.1	GIN-41-MGE-S217	0	0	0	0	0	0	0	0	0
NR_043218.1	GIN-41-MGE-S217	0	0	0	0	0	0	0	0	0
NR_043211.1	GIN-41-MGE-S217	0	0	0	0	0	0	0	0	0
NR_043200.1	GIN-41-MGE-S217	0	0	0	0	0	0	0	0	0
NR_043196.1	GIN-41-MGE-S217	0	0	0	0	0	0	0	0	0
NR_043194.1	GIN-41-MGE-S217	0	0	0	0	0	0	0	0	0
NR_043192.1	GIN-41-MGE-S217	0	0	0	0	0	0	0	0	0
NR_043191.1	GIN-41-MGE-S217	0	0	0	0	0	0	0	0	0
NR_043190.1	GIN-41-MGE-S217	0	0	0	0	0	0	0	0	0
NR_043189.1	GIN-41-MGE-S217	0	0	0	0	0	0	0	0	0
NR_043183.1	GIN-41-MGE-S217	0	0	0	0	0	0	0	0	0
NR_043182.1	GIN-41-MGE-S217	0	0	0	0	0	0	0	0	0
NR_043178.1	GIN-41-MGE-S217	0	0	0	0	0	0	0	0	0
NR_043175.1	GIN-41-MGE-S217	0	0	0	0	0	0	0	0	0
NR_043152.1	GIN-41-MGE-S217	0	0	0	0	0	0	0	0	0
NR_043144.1	GIN-41-MGE-S217	0	0	0	0	0	0	0	0	0
NR_043139.1	GIN-41-MGE-S217	0	0	0	0	0	0	0	0	0
NR_043135.1	GIN-41-MGE-S217	0	0	0	0	0	0	0	0	0
NR_043134.1	GIN-41-MGE-S217	0	0	0	0	0	0	0	0	0
NR_043130.1	GIN-41-MGE-S217	0	0	0	0	0	0	0	0	0
NR_043119.1	GIN-41-MGE-S217	0	0	0	0	0	0	0	0	0
NR_043109.1	GIN-41-MGE-S217	0	0	0	0	0	0	0	0	0
NR_043107.1	GIN-41-MGE-S217	0	0	0	0	0	0	0	0	0
NR_043097.1	GIN-41-MGE-S217	0	0	0	0	0	0	0	0	0
NR_043091.1	GIN-41-MGE-S217	0	0	0	0	0	0	0	0	0
NR_043076.1	GIN-41-MGE-S217	0	0	0	0	0	0	0	0	0
NR_043074.1	GIN-41-MGE-S217	0	0	0	0	0	0	0	0	0
NR_043072.1	GIN-41-MGE-S217	0	0	0	0	0	0	0	0	0
NR_043066.1	GIN-41-MGE-S217	0	0	0	0	0	0	0	0	0
NR_043056.1	GIN-41-MGE-S217	0	0	0	0	0	0	0	0	0
NR_043051.1	GIN-41-MGE-S217	0	0	0	0	0	0	0	0	0
NR_043050.1	GIN-41-MGE-S217	0	0	0	0	0	0	0	0	0
NR_043048.1	GIN-41-MGE-S217	0	0	0	0	0	0	0	0	0
NR_043047.1	GIN-41-MGE-S217	0	0	0	0	0	0	0	0	0
NR_043046.1	GIN-41-MGE-S217	0	0	0	0	0	0	0	0	0
NR_043045.1	GIN-41-MGE-S217	0	0	0	0	0	0	0	0	0
NR_043044.1	GIN-41-MGE-S217	0	0	0	0	0	0	0	0	0
NR_043032.1	GIN-41-MGE-S217	0	0	0	0	0	0	0	0	0
NR_043029.1	GIN-41-MGE-S217	0	0	0	0	0	0	0	0	0
NR_043017.1	GIN-41-MGE-S217	0	0	0	0	0	0	0	0	0
NR_043016.1	GIN-41-MGE-S217	0	0	0	0	0	0	0	0	0
NR_043013.1	GIN-41-MGE-S217	0	0	0	0	0	0	0	0	0
NR_043007.1	GIN-41-MGE-S217	0	0	0	0	0	0	0	0	0
NR_043003.1	GIN-41-MGE-S217	0	0	0	0	0	0	0	0	0
NR_043002.1	GIN-41-MGE-S217	0	0	0	0	0	0	0	0	0
NR_043001.1	GIN-41-MGE-S217	0	0	0	0	0	0	0	0	0
NR_043000.1	GIN-41-MGE-S217	0	0	0	0	0	0	0	0	0
NR_042999.1	GIN-41-MGE-S217	0	0	0	0	0	0	0	0	0
NR_042993.1	GIN-41-MGE-S217	0	0	0	0	0	0	0	0	0
NR_042992.1	GIN-41-MGE-S217	0	0	0	0	0	0	0	0	0
NR_042989.1	GIN-41-MGE-S217	0	0	0	0	0	0	0	0	0
NR_042988.1	GIN-41-MGE-S217	0	0	0	0	0	0	0	0	0
NR_042986.1	GIN-41-MGE-S217	0	0	0	0	0	0	0	0	0
NR_042977.1	GIN-41-MGE-S217	0	0	0	0	0	0	0	0	0
NR_042976.1	GIN-41-MGE-S217	0	0	0	0	0	0	0	0	0
NR_042971.1	GIN-41-MGE-S217	0	0	0	0	0	0	0	0	0
NR_042967.1	GIN-41-MGE-S217	0	0	0	0	0	0	0	0	0
NR_042966.1	GIN-41-MGE-S217	0	0	0	0	0	0	0	0	0
NR_042953.1	GIN-41-MGE-S217	0	0	0	0	0	0	0	0	0
NR_042951.1	GIN-41-MGE-S217	0	0	0	0	0	0	0	0	0
NR_042940.1	GIN-41-MGE-S217	0	0	0	0	0	0	0	0	0
NR_042939.1	GIN-41-MGE-S217	0	0	0	0	0	0	0	0	0
NR_042938.1	GIN-41-MGE-S217	0	0	0	0	0	0	0	0	0
NR_042937.1	GIN-41-MGE-S217	0	0	0	0	0	0	0	0	0
NR_042936.1	GIN-41-MGE-S217	0	0	0	0	0	0	0	0	0
NR_042934.1	GIN-41-MGE-S217	0	0	0	0	0	0	0	0	0
NR_042933.1	GIN-41-MGE-S217	0	0	0	0	0	0	0	0	0
NR_042932.1	GIN-41-MGE-S217	0	0	0	0	0	0	0	0	0
NR_042928.1	GIN-41-MGE-S217	0	0	0	0	0	0	0	0	0
NR_042927.1	GIN-41-MGE-S217	0	0	0	0	0	0	0	0	0
NR_042926.1	GIN-41-MGE-S217	0	0	0	0	0	0	0	0	0
NR_042925.1	GIN-41-MGE-S217	0	0	0	0	0	0	0	0	0
NR_042923.1	GIN-41-MGE-S217	0	0	0	0	0	0	0	0	0
NR_042918.1	GIN-41-MGE-S217	0	0	0	0	0	0	0	0	0
NR_042917.1	GIN-41-MGE-S217	0	0	0	0	0	0	0	0	0
NR_042912.1	GIN-41-MGE-S217	0	0	0	0	0	0	0	0	0
NR_042910.1	GIN-41-MGE-S217	0	0	0	0	0	0	0	0	0
NR_042904.1	GIN-41-MGE-S217	0	0	0	0	0	0	0	0	0
NR_042902.1	GIN-41-MGE-S217	0	0	0	0	0	0	0	0	0
NR_042900.1	GIN-41-MGE-S217	0	0	0	0	0	0	0	0	0
NR_042898.1	GIN-41-MGE-S217	0	0	0	0	0	0	0	0	0
NR_042890.1	GIN-41-MGE-S217	0	0	0	0	0	0	0	0	0
NR_042889.1	GIN-41-MGE-S217	0	0	0	0	0	0	0	0	0
NR_042888.1	GIN-41-MGE-S217	0	0	0	0	0	0	0	0	0
NR_042887.1	GIN-41-MGE-S217	0	0	0	0	0	0	0	0	0
NR_042886.1	GIN-41-MGE-S217	0	0	0	0	0	0	0	0	0
NR_042885.1	GIN-41-MGE-S217	0	0	0	0	0	0	0	0	0
NR_042884.1	GIN-41-MGE-S217	0	0	0	0	0	0	0	0	0
NR_042883.1	GIN-41-MGE-S217	0	0	0	0	0	0	0	0	0
NR_042882.1	GIN-41-MGE-S217	0	0	0	0	0	0	0	0	0
NR_042881.1	GIN-41-MGE-S217	0	0	0	0	0	0	0	0	0
NR_042880.1	GIN-41-MGE-S217	0	0	0	0	0	0	0	0	0
NR_042879.1	GIN-41-MGE-S217	0	0	0	0	0	0	0	0	0
NR_042878.1	GIN-41-MGE-S217	0	0	0	0	0	0	0	0	0
NR_042876.1	GIN-41-MGE-S217	0	0	0	0	0	0	0	0	0
NR_042875.1	GIN-41-MGE-S217	0	0	0	0	0	0	0	0	0
NR_042874.1	GIN-41-MGE-S217	0	0	0	0	0	0	0	0	0
NR_042873.1	GIN-41-MGE-S217	0	0	0	0	0	0	0	0	0
NR_042872.1	GIN-41-MGE-S217	0	0	0	0	0	0	0	0	0
NR_042871.1	GIN-41-MGE-S217	0	0	0	0	0	0	0	0	0
NR_042870.1	GIN-41-MGE-S217	0	0	0	0	0	0	0	0	0
NR_042868.1	GIN-41-MGE-S217	0	0	0	0	0	0	0	0	0
NR_042866.1	GIN-41-MGE-S217	0	0	0	0	0	0	0	0	0
NR_042865.1	GIN-41-MGE-S217	0	0	0	0	0	0	0	0	0
NR_042864.1	GIN-41-MGE-S217	0	0	0	0	0	0	0	0	0
NR_042851.1	GIN-41-MGE-S217	0	0	0	0	0	0	0	0	0
NR_042838.1	GIN-41-MGE-S217	0	0	0	0	0	0	0	0	0
NR_042829.1	GIN-41-MGE-S217	0	0	0	0	0	0	0	0	0
NR_042822.1	GIN-41-MGE-S217	0	0	0	0	0	0	0	0	0
NR_042821.1	GIN-41-MGE-S217	0	0	0	0	0	0	0	0	0
NR_042820.1	GIN-41-MGE-S217	0	0	0	0	0	0	0	0	0
NR_042818.1	GIN-41-MGE-S217	0	0	0	0	0	0	0	0	0
NR_042813.1	GIN-41-MGE-S217	0	0	0	0	0	0	0	0	0
NR_042806.1	GIN-41-MGE-S217	0	0	0	0	0	0	0	0	0
NR_042805.1	GIN-41-MGE-S217	0	0	0	0	0	0	0	0	0
NR_042804.1	GIN-41-MGE-S217	0	0	0	0	0	0	0	0	0
NR_042802.1	GIN-41-MGE-S217	0	0	0	0	0	0	0	0	0
NR_042795.1	GIN-41-MGE-S217	0	0	0	0	0	0	0	0	0
NR_042794.1	GIN-41-MGE-S217	0	0	0	0	0	0	0	0	0
NR_042792.1	GIN-41-MGE-S217	0	0	0	0	0	0	0	0	0
NR_042791.1	GIN-41-MGE-S217	0	0	0	0	0	0	0	0	0
NR_042790.1	GIN-41-MGE-S217	0	0	0	0	0	0	0	0	0
NR_042780.1	GIN-41-MGE-S217	0	0	0	0	0	0	0	0	0
NR_042766.1	GIN-41-MGE-S217	0	0	0	0	0	0	0	0	0
NR_042765.1	GIN-41-MGE-S217	0	0	0	0	0	0	0	0	0
NR_042764.1	GIN-41-MGE-S217	0	0	0	0	0	0	0	0	0
NR_042760.1	GIN-41-MGE-S217	0	0	0	0	0	0	0	0	0
NR_042753.1	GIN-41-MGE-S217	0	0	0	0	0	0	0	0	0
NR_042748.1	GIN-41-MGE-S217	0	0	0	0	0	0	0	0	0
NR_042732.1	GIN-41-MGE-S217	0	0	0	0	0	0	0	0	0
NR_042731.1	GIN-41-MGE-S217	0	0	0	0	0	0	0	0	0
NR_042720.1	GIN-41-MGE-S217	0	0	0	0	0	0	0	0	0
NR_042716.1	GIN-41-MGE-S217	0	0	0	0	0	0	0	0	0
NR_042715.1	GIN-41-MGE-S217	0	0	0	0	0	0	0	0	0
NR_042714.1	GIN-41-MGE-S217	0	0	0	0	0	0	0	0	0
NR_042713.1	GIN-41-MGE-S217	0	0	0	0	0	0	0	0	0
NR_042711.1	GIN-41-MGE-S217	0	0	0	0	0	0	0	0	0
NR_042710.1	GIN-41-MGE-S217	0	0	0	0	0	0	0	0	0
NR_042709.1	GIN-41-MGE-S217	0	0	0	0	0	0	0	0	0
NR_042708.1	GIN-41-MGE-S217	0	0	0	0	0	0	0	0	0
NR_042707.1	GIN-41-MGE-S217	0	0	0	0	0	0	0	0	0
NR_042706.1	GIN-41-MGE-S217	0	0	0	0	0	0	0	0	0
NR_042705.1	GIN-41-MGE-S217	0	0	0	0	0	0	0	0	0
NR_042703.1	GIN-41-MGE-S217	0	0	0	0	0	0	0	0	0
NR_042702.1	GIN-41-MGE-S217	0	0	0	0	0	0	0	0	0
NR_042701.1	GIN-41-MGE-S217	0	0	0	0	0	0	0	0	0
NR_042700.1	GIN-41-MGE-S217	0	0	0	0	0	0	0	0	0
NR_042699.1	GIN-41-MGE-S217	0	0	0	0	0	0	0	0	0
NR_042698.1	GIN-41-MGE-S217	0	0	0	0	0	0	0	0	0
NR_042696.1	GIN-41-MGE-S217	0	0	0	0	0	0	0	0	0
NR_042695.1	GIN-41-MGE-S217	0	0	0	0	0	0	0	0	0
NR_042694.1	GIN-41-MGE-S217	0	0	0	0	0	0	0	0	0
NR_042693.1	GIN-41-MGE-S217	0	0	0	0	0	0	0	0	0
NR_042692.1	GIN-41-MGE-S217	0	0	0	0	0	0	0	0	0
NR_042691.1	GIN-41-MGE-S217	0	0	0	0	0	0	0	0	0
NR_042690.1	GIN-41-MGE-S217	0	0	0	0	0	0	0	0	0
NR_042689.1	GIN-41-MGE-S217	0	0	0	0	0	0	0	0	0
NR_042688.1	GIN-41-MGE-S217	0	0	0	0	0	0	0	0	0
NR_042687.1	GIN-41-MGE-S217	0	0	0	0	0	0	0	0	0
NR_042686.1	GIN-41-MGE-S217	0	0	0	0	0	0	0	0	0
NR_042685.1	GIN-41-MGE-S217	0	0	0	0	0	0	0	0	0
NR_042684.1	GIN-41-MGE-S217	0	0	0	0	0	0	0	0	0
NR_042683.1	GIN-41-MGE-S217	0	0	0	0	0	0	0	0	0
NR_042682.1	GIN-41-MGE-S217	0	0	0	0	0	0	0	0	0
NR_042681.1	GIN-41-MGE-S217	0	0	0	0	0	0	0	0	0
NR_042680.1	GIN-41-MGE-S217	0	0	0	0	0	0	0	0	0
NR_042678.1	GIN-41-MGE-S217	0	0	0	0	0	0	0	0	0
NR_042673.1	GIN-41-MGE-S217	0	0	0	0	0	0	0	0	0
NR_042671.1	GIN-41-MGE-S217	0	0	0	0	0	0	0	0	0
NR_042670.1	GIN-41-MGE-S217	0	0	0	0	0	0	0	0	0
NR_042669.1	GIN-41-MGE-S217	0	0	0	0	0	0	0	0	0
NR_042668.1	GIN-41-MGE-S217	0	0	0	0	0	0	0	0	0
NR_042667.1	GIN-41-MGE-S217	0	0	0	0	0	0	0	0	0
NR_042666.1	GIN-41-MGE-S217	0	0	0	0	0	0	0	0	0
NR_042665.1	GIN-41-MGE-S217	0	0	0	0	0	0	0	0	0
NR_042663.1	GIN-41-MGE-S217	0	0	0	0	0	0	0	0	0
NR_042662.1	GIN-41-MGE-S217	0	0	0	0	0	0	0	0	0
NR_042661.1	GIN-41-MGE-S217	0	0	0	0	0	0	0	0	0
NR_042660.1	GIN-41-MGE-S217	0	0	0	0	0	0	0	0	0
NR_042659.1	GIN-41-MGE-S217	0	0	0	0	0	0	0	0	0
NR_042658.1	GIN-41-MGE-S217	0	0	0	0	0	0	0	0	0
NR_042656.1	GIN-41-MGE-S217	0	0	0	0	0	0	0	0	0
NR_042655.1	GIN-41-MGE-S217	0	0	0	0	0	0	0	0	0
NR_042654.1	GIN-41-MGE-S217	0	0	0	0	0	0	0	0	0
NR_042653.1	GIN-41-MGE-S217	0	0	0	0	0	0	0	0	0
NR_042652.1	GIN-41-MGE-S217	0	0	0	0	0	0	0	0	0
NR_042651.1	GIN-41-MGE-S217	0	0	0	0	0	0	0	0	0
NR_042650.1	GIN-41-MGE-S217	0	0	0	0	0	0	0	0	0
NR_042649.1	GIN-41-MGE-S217	0	0	0	0	0	0	0	0	0
NR_042648.1	GIN-41-MGE-S217	0	0	0	0	0	0	0	0	0
NR_042647.1	GIN-41-MGE-S217	0	0	0	0	0	0	0	0	0
NR_042646.1	GIN-41-MGE-S217	0	0	0	0	0	0	0	0	0
NR_042645.1	GIN-41-MGE-S217	0	0	0	0	0	0	0	0	0
NR_042644.1	GIN-41-MGE-S217	0	0	0	0	0	0	0	0	0
NR_042643.1	GIN-41-MGE-S217	0	0	0	0	0	0	0	0	0
NR_042642.1	GIN-41-MGE-S217	0	0	0	0	0	0	0	0	0
NR_042641.1	GIN-41-MGE-S217	0	0	0	0	0	0	0	0	0
NR_042640.1	GIN-41-MGE-S217	0	0	0	0	0	0	0	0	0
NR_042635.1	GIN-41-MGE-S217	0	0	0	0	0	0	0	0	0
NR_042630.1	GIN-41-MGE-S217	0	0	0	0	0	0	0	0	0
NR_042629.1	GIN-41-MGE-S217	0	0	0	0	0	0	0	0	0
NR_042627.1	GIN-41-MGE-S217	0	0	0	0	0	0	0	0	0
NR_042626.1	GIN-41-MGE-S217	0	0	0	0	0	0	0	0	0
NR_042625.1	GIN-41-MGE-S217	0	0	0	0	0	0	0	0	0
NR_042624.1	GIN-41-MGE-S217	0	0	0	0	0	0	0	0	0
NR_042623.1	GIN-41-MGE-S217	0	0	0	0	0	0	0	0	0
NR_042622.1	GIN-41-MGE-S217	0	0	0	0	0	0	0	0	0
NR_042621.1	GIN-41-MGE-S217	0	0	0	0	0	0	0	0	0
NR_042619.1	GIN-41-MGE-S217	0	0	0	0	0	0	0	0	0
NR_042618.1	GIN-41-MGE-S217	0	0	0	0	0	0	0	0	0
NR_042617.1	GIN-41-MGE-S217	0	0	0	0	0	0	0	0	0
NR_042616.1	GIN-41-MGE-S217	0	0	0	0	0	0	0	0	0
NR_042614.1	GIN-41-MGE-S217	0	0	0	0	0	0	0	0	0
NR_042613.1	GIN-41-MGE-S217	0	0	0	0	0	0	0	0	0
NR_042612.1	GIN-41-MGE-S217	0	0	0	0	0	0	0	0	0
NR_042611.1	GIN-41-MGE-S217	0	0	0	0	0	0	0	0	0
NR_042610.1	GIN-41-MGE-S217	0	0	0	0	0	0	0	0	0
NR_042609.1	GIN-41-MGE-S217	0	0	0	0	0	0	0	0	0
NR_042607.1	GIN-41-MGE-S217	0	0	0	0	0	0	0	0	0
NR_042606.1	GIN-41-MGE-S217	0	0	0	0	0	0	0	0	0
NR_042605.1	GIN-41-MGE-S217	0	0	0	0	0	0	0	0	0
NR_042603.1	GIN-41-MGE-S217	0	0	0	0	0	0	0	0	0
NR_042602.1	GIN-41-MGE-S217	0	0	0	0	0	0	0	0	0
NR_042601.1	GIN-41-MGE-S217	0	0	0	0	0	0	0	0	0
NR_042596.1	GIN-41-MGE-S217	0	0	0	0	0	0	0	0	0
NR_042595.1	GIN-41-MGE-S217	0	0	0	0	0	0	0	0	0
NR_042594.1	GIN-41-MGE-S217	0	0	0	0	0	0	0	0	0
NR_042593.1	GIN-41-MGE-S217	0	0	0	0	0	0	0	0	0
NR_042592.1	GIN-41-MGE-S217	0	0	0	0	0	0	0	0	0
NR_042591.1	GIN-41-MGE-S217	0	0	0	0	0	0	0	0	0
NR_042590.1	GIN-41-MGE-S217	0	0	0	0	0	0	0	0	0
NR_042587.1	GIN-41-MGE-S217	0	0	0	0	0	0	0	0	0
NR_042586.1	GIN-41-MGE-S217	0	0	0	0	0	0	0	0	0
NR_042583.1	GIN-41-MGE-S217	0	0	0	0	0	0	0	0	0
NR_042582.1	GIN-41-MGE-S217	0	0	0	0	0	0	0	0	0
NR_042581.1	GIN-41-MGE-S217	0	0	0	0	0	0	0	0	0
NR_042580.1	GIN-41-MGE-S217	0	0	0	0	0	0	0	0	0
NR_042579.1	GIN-41-MGE-S217	0	0	0	0	0	0	0	0	0
NR_042578.1	GIN-41-MGE-S217	0	0	0	0	0	0	0	0	0
NR_042577.1	GIN-41-MGE-S217	0	0	0	0	0	0	0	0	0
NR_042576.1	GIN-41-MGE-S217	0	0	0	0	0	0	0	0	0
NR_042575.1	GIN-41-MGE-S217	0	0	0	0	0	0	0	0	0
NR_042574.1	GIN-41-MGE-S217	0	0	0	0	0	0	0	0	0
NR_042570.1	GIN-41-MGE-S217	0	0	0	0	0	0	0	0	0
NR_042569.1	GIN-41-MGE-S217	0	0	0	0	0	0	0	0	0
NR_042568.1	GIN-41-MGE-S217	0	0	0	0	0	0	0	0	0
NR_042567.1	GIN-41-MGE-S217	0	0	0	0	0	0	0	0	0
NR_042566.1	GIN-41-MGE-S217	0	0	0	0	0	0	0	0	0
NR_042565.1	GIN-41-MGE-S217	0	0	0	0	0	0	0	0	0
NR_042564.1	GIN-41-MGE-S217	0	0	0	0	0	0	0	0	0
NR_042563.1	GIN-41-MGE-S217	0	0	0	0	0	0	0	0	0
NR_042560.1	GIN-41-MGE-S217	0	0	0	0	0	0	0	0	0
NR_042559.1	GIN-41-MGE-S217	0	0	0	0	0	0	0	0	0
NR_042558.1	GIN-41-MGE-S217	0	0	0	0	0	0	0	0	0
NR_042557.1	GIN-41-MGE-S217	0	0	0	0	0	0	0	0	0
NR_042556.1	GIN-41-MGE-S217	0	0	0	0	0	0	0	0	0
NR_042555.1	GIN-41-MGE-S217	0	0	0	0	0	0	0	0	0
NR_042554.1	GIN-41-MGE-S217	0	0	0	0	0	0	0	0	0
NR_042553.1	GIN-41-MGE-S217	0	0	0	0	0	0	0	0	0
NR_042552.1	GIN-41-MGE-S217	0	0	0	0	0	0	0	0	0
NR_042551.1	GIN-41-MGE-S217	0	0	0	0	0	0	0	0	0
NR_042550.1	GIN-41-MGE-S217	0	0	0	0	0	0	0	0	0
NR_042548.1	GIN-41-MGE-S217	0	0	0	0	0	0	0	0	0
NR_042547.1	GIN-41-MGE-S217	0	0	0	0	0	0	0	0	0
NR_042546.1	GIN-41-MGE-S217	0	0	0	0	0	0	0	0	0
NR_042545.1	GIN-41-MGE-S217	0	0	0	0	0	0	0	0	0
NR_042544.1	GIN-41-MGE-S217	0	0	0	0	0	0	0	0	0
NR_042543.1	GIN-41-MGE-S217	0	0	0	0	0	0	0	0	0
NR_042542.1	GIN-41-MGE-S217	0	0	0	0	0	0	0	0	0
NR_042541.1	GIN-41-MGE-S217	0	0	0	0	0	0	0	0	0
NR_042538.1	GIN-41-MGE-S217	0	0	0	0	0	0	0	0	0
NR_042537.1	GIN-41-MGE-S217	0	0	0	0	0	0	0	0	0
NR_042536.1	GIN-41-MGE-S217	0	0	0	0	0	0	0	0	0
NR_042535.1	GIN-41-MGE-S217	0	0	0	0	0	0	0	0	0
NR_042534.1	GIN-41-MGE-S217	0	0	0	0	0	0	0	0	0
NR_042531.1	GIN-41-MGE-S217	0	0	0	0	0	0	0	0	0
NR_042529.1	GIN-41-MGE-S217	0	0	0	0	0	0	0	0	0
NR_042528.1	GIN-41-MGE-S217	0	0	0	0	0	0	0	0	0
NR_042527.1	GIN-41-MGE-S217	0	0	0	0	0	0	0	0	0
NR_042526.1	GIN-41-MGE-S217	0	0	0	0	0	0	0	0	0
NR_042525.1	GIN-41-MGE-S217	0	0	0	0	0	0	0	0	0
NR_042524.1	GIN-41-MGE-S217	0	0	0	0	0	0	0	0	0
NR_042520.1	GIN-41-MGE-S217	0	0	0	0	0	0	0	0	0
NR_042519.1	GIN-41-MGE-S217	0	0	0	0	0	0	0	0	0
NR_042518.1	GIN-41-MGE-S217	0	0	0	0	0	0	0	0	0
NR_042516.1	GIN-41-MGE-S217	0	0	0	0	0	0	0	0	0
NR_042513.1	GIN-41-MGE-S217	0	0	0	0	0	0	0	0	0
NR_042512.1	GIN-41-MGE-S217	0	0	0	0	0	0	0	0	0
NR_042509.1	GIN-41-MGE-S217	0	0	0	0	0	0	0	0	0
NR_042508.1	GIN-41-MGE-S217	0	0	0	0	0	0	0	0	0
NR_042507.1	GIN-41-MGE-S217	0	0	0	0	0	0	0	0	0
NR_042506.1	GIN-41-MGE-S217	0	0	0	0	0	0	0	0	0
NR_042505.1	GIN-41-MGE-S217	0	0	0	0	0	0	0	0	0
NR_042503.1	GIN-41-MGE-S217	0	0	0	0	0	0	0	0	0
NR_042502.1	GIN-41-MGE-S217	0	0	0	0	0	0	0	0	0
NR_042501.1	GIN-41-MGE-S217	0	0	0	0	0	0	0	0	0
NR_042500.1	GIN-41-MGE-S217	0	0	0	0	0	0	0	0	0
NR_042499.1	GIN-41-MGE-S217	0	0	0	0	0	0	0	0	0
NR_042498.1	GIN-41-MGE-S217	0	0	0	0	0	0	0	0	0
NR_042497.1	GIN-41-MGE-S217	0	0	0	0	0	0	0	0	0
NR_042496.1	GIN-41-MGE-S217	0	0	0	0	0	0	0	0	0
NR_042495.1	GIN-41-MGE-S217	0	0	0	0	0	0	0	0	0
NR_042494.1	GIN-41-MGE-S217	0	0	0	0	0	0	0	0	0
NR_042493.1	GIN-41-MGE-S217	0	0	0	0	0	0	0	0	0
NR_042492.1	GIN-41-MGE-S217	0	0	0	0	0	0	0	0	0
NR_042491.1	GIN-41-MGE-S217	0	0	0	0	0	0	0	0	0
NR_042490.1	GIN-41-MGE-S217	0	0	0	0	0	0	0	0	0
NR_042488.1	GIN-41-MGE-S217	0	0	0	0	0	0	0	0	0
NR_042487.1	GIN-41-MGE-S217	0	0	0	0	0	0	0	0	0
NR_042486.1	GIN-41-MGE-S217	0	0	0	0	0	0	0	0	0
NR_042485.1	GIN-41-MGE-S217	0	0	0	0	0	0	0	0	0
NR_042483.1	GIN-41-MGE-S217	0	0	0	0	0	0	0	0	0
NR_042482.1	GIN-41-MGE-S217	0	0	0	0	0	0	0	0	0
NR_042481.1	GIN-41-MGE-S217	0	0	0	0	0	0	0	0	0
NR_042480.1	GIN-41-MGE-S217	0	0	0	0	0	0	0	0	0
NR_042479.1	GIN-41-MGE-S217	0	0	0	0	0	0	0	0	0
NR_042477.1	GIN-41-MGE-S217	0	0	0	0	0	0	0	0	0
NR_042476.1	GIN-41-MGE-S217	0	0	0	0	0	0	0	0	0
NR_042475.1	GIN-41-MGE-S217	0	0	0	0	0	0	0	0	0
NR_042474.1	GIN-41-MGE-S217	0	0	0	0	0	0	0	0	0
NR_042473.1	GIN-41-MGE-S217	0	0	0	0	0	0	0	0	0
NR_042470.1	GIN-41-MGE-S217	0	0	0	0	0	0	0	0	0
NR_042468.1	GIN-41-MGE-S217	0	0	0	0	0	0	0	0	0
NR_042467.1	GIN-41-MGE-S217	0	0	0	0	0	0	0	0	0
NR_042466.1	GIN-41-MGE-S217	0	0	0	0	0	0	0	0	0
NR_042465.1	GIN-41-MGE-S217	0	0	0	0	0	0	0	0	0
NR_042463.1	GIN-41-MGE-S217	0	0	0	0	0	0	0	0	0
NR_042462.1	GIN-41-MGE-S217	0	0	0	0	0	0	0	0	0
NR_042461.1	GIN-41-MGE-S217	0	0	0	0	0	0	0	0	0
NR_042460.1	GIN-41-MGE-S217	0	0	0	0	0	0	0	0	0
NR_042459.1	GIN-41-MGE-S217	0	0	0	0	0	0	0	0	0
NR_042458.1	GIN-41-MGE-S217	0	0	0	0	0	0	0	0	0
NR_042457.1	GIN-41-MGE-S217	0	0	0	0	0	0	0	0	0
NR_042455.1	GIN-41-MGE-S217	0	0	0	0	0	0	0	0	0
NR_042454.1	GIN-41-MGE-S217	0	0	0	0	0	0	0	0	0
NR_042453.1	GIN-41-MGE-S217	0	0	0	0	0	0	0	0	0
NR_042451.1	GIN-41-MGE-S217	0	0	0	0	0	0	0	0	0
NR_042450.1	GIN-41-MGE-S217	0	0	0	0	0	0	0	0	0
NR_042449.1	GIN-41-MGE-S217	0	0	0	0	0	0	0	0	0
NR_042445.1	GIN-41-MGE-S217	0	0	0	0	0	0	0	0	0
NR_042444.1	GIN-41-MGE-S217	0	0	0	0	0	0	0	0	0
NR_042441.1	GIN-41-MGE-S217	0	0	0	0	0	0	0	0	0
NR_042440.1	GIN-41-MGE-S217	0	0	0	0	0	0	0	0	0
NR_042439.1	GIN-41-MGE-S217	0	0	0	0	0	0	0	0	0
NR_042435.1	GIN-41-MGE-S217	0	0	0	0	0	0	0	0	0
NR_042434.1	GIN-41-MGE-S217	0	0	0	0	0	0	0	0	0
NR_042433.1	GIN-41-MGE-S217	0	0	0	0	0	0	0	0	0
NR_042432.1	GIN-41-MGE-S217	0	0	0	0	0	0	0	0	0
NR_042431.1	GIN-41-MGE-S217	0	0	0	0	0	0	0	0	0
NR_042427.1	GIN-41-MGE-S217	0	0	0	0	0	0	0	0	0
NR_042426.1	GIN-41-MGE-S217	0	0	0	0	0	0	0	0	0
NR_042425.1	GIN-41-MGE-S217	0	0	0	0	0	0	0	0	0
NR_042423.1	GIN-41-MGE-S217	0	0	0	0	0	0	0	0	0
NR_042422.1	GIN-41-MGE-S217	0	0	0	0	0	0	0	0	0
NR_042421.1	GIN-41-MGE-S217	0	0	0	0	0	0	0	0	0
NR_042418.1	GIN-41-MGE-S217	0	0	0	0	0	0	0	0	0
NR_042416.1	GIN-41-MGE-S217	0	0	0	0	0	0	0	0	0
NR_042415.1	GIN-41-MGE-S217	0	0	0	0	0	0	0	0	0
NR_042414.1	GIN-41-MGE-S217	0	0	0	0	0	0	0	0	0
NR_042413.1	GIN-41-MGE-S217	0	0	0	0	0	0	0	0	0
NR_042412.1	GIN-41-MGE-S217	0	0	0	0	0	0	0	0	0
NR_042411.1	GIN-41-MGE-S217	0	0	0	0	0	0	0	0	0
NR_042410.1	GIN-41-MGE-S217	0	0	0	0	0	0	0	0	0
NR_042408.1	GIN-41-MGE-S217	0	0	0	0	0	0	0	0	0
NR_042406.1	GIN-41-MGE-S217	0	0	0	0	0	0	0	0	0
NR_042404.1	GIN-41-MGE-S217	0	0	0	0	0	0	0	0	0
NR_042403.1	GIN-41-MGE-S217	0	0	0	0	0	0	0	0	0
NR_042402.1	GIN-41-MGE-S217	0	0	0	0	0	0	0	0	0
NR_042401.1	GIN-41-MGE-S217	0	0	0	0	0	0	0	0	0
NR_042400.1	GIN-41-MGE-S217	0	0	0	0	0	0	0	0	0
NR_042399.1	GIN-41-MGE-S217	0	0	0	0	0	0	0	0	0
NR_042398.1	GIN-41-MGE-S217	0	0	0	0	0	0	0	0	0
NR_042396.1	GIN-41-MGE-S217	0	0	0	0	0	0	0	0	0
NR_042395.1	GIN-41-MGE-S217	0	0	0	0	0	0	0	0	0
NR_042391.1	GIN-41-MGE-S217	0	0	0	0	0	0	0	0	0
NR_042390.1	GIN-41-MGE-S217	0	0	0	0	0	0	0	0	0
NR_042389.1	GIN-41-MGE-S217	0	0	0	0	0	0	0	0	0
NR_042388.1	GIN-41-MGE-S217	0	0	0	0	0	0	0	0	0
NR_042386.1	GIN-41-MGE-S217	0	0	0	0	0	0	0	0	0
NR_042385.1	GIN-41-MGE-S217	0	0	0	0	0	0	0	0	0
NR_042381.1	GIN-41-MGE-S217	0	0	0	0	0	0	0	0	0
NR_042380.1	GIN-41-MGE-S217	0	0	0	0	0	0	0	0	0
NR_042379.1	GIN-41-MGE-S217	0	0	0	0	0	0	0	0	0
NR_042377.1	GIN-41-MGE-S217	0	0	0	0	0	0	0	0	0
NR_042375.1	GIN-41-MGE-S217	0	0	0	0	0	0	0	0	0
NR_042372.1	GIN-41-MGE-S217	0	0	0	0	0	0	0	0	0
NR_042371.1	GIN-41-MGE-S217	0	0	0	0	0	0	0	0	0
NR_042370.1	GIN-41-MGE-S217	0	0	0	0	0	0	0	0	0
NR_042369.1	GIN-41-MGE-S217	0	0	0	0	0	0	0	0	0
NR_042368.1	GIN-41-MGE-S217	0	0	0	0	0	0	0	0	0
NR_042365.1	GIN-41-MGE-S217	0	0	0	0	0	0	0	0	0
NR_042364.1	GIN-41-MGE-S217	0	0	0	0	0	0	0	0	0
NR_042363.1	GIN-41-MGE-S217	0	0	0	0	0	0	0	0	0
NR_042362.1	GIN-41-MGE-S217	0	0	0	0	0	0	0	0	0
NR_042361.1	GIN-41-MGE-S217	0	0	0	0	0	0	0	0	0
NR_042360.1	GIN-41-MGE-S217	0	0	0	0	0	0	0	0	0
NR_042358.1	GIN-41-MGE-S217	0	0	0	0	0	0	0	0	0
NR_042357.1	GIN-41-MGE-S217	0	0	0	0	0	0	0	0	0
NR_042356.1	GIN-41-MGE-S217	0	0	0	0	0	0	0	0	0
NR_042355.1	GIN-41-MGE-S217	0	0	0	0	0	0	0	0	0
NR_042354.1	GIN-41-MGE-S217	0	0	0	0	0	0	0	0	0
NR_042353.1	GIN-41-MGE-S217	0	0	0	0	0	0	0	0	0
NR_042352.1	GIN-41-MGE-S217	0	0	0	0	0	0	0	0	0
NR_042351.1	GIN-41-MGE-S217	0	0	0	0	0	0	0	0	0
NR_042350.1	GIN-41-MGE-S217	0	0	0	0	0	0	0	0	0
NR_042349.1	GIN-41-MGE-S217	0	0	0	0	0	0	0	0	0
NR_042348.1	GIN-41-MGE-S217	0	0	0	0	0	0	0	0	0
NR_042347.1	GIN-41-MGE-S217	0	0	0	0	0	0	0	0	0
NR_042346.1	GIN-41-MGE-S217	0	0	0	0	0	0	0	0	0
NR_042345.1	GIN-41-MGE-S217	0	0	0	0	0	0	0	0	0
NR_042344.1	GIN-41-MGE-S217	0	0	0	0	0	0	0	0	0
NR_042343.1	GIN-41-MGE-S217	0	0	0	0	0	0	0	0	0
NR_042342.1	GIN-41-MGE-S217	0	0	0	0	0	0	0	0	0
NR_042341.1	GIN-41-MGE-S217	0	0	0	0	0	0	0	0	0
NR_042340.1	GIN-41-MGE-S217	0	0	0	0	0	0	0	0	0
NR_042339.1	GIN-41-MGE-S217	0	0	0	0	0	0	0	0	0
NR_042338.1	GIN-41-MGE-S217	0	0	0	0	0	0	0	0	0
NR_042337.1	GIN-41-MGE-S217	0	0	0	0	0	0	0	0	0
NR_042336.1	GIN-41-MGE-S217	0	0	0	0	0	0	0	0	0
NR_042335.1	GIN-41-MGE-S217	0	0	0	0	0	0	0	0	0
NR_042334.1	GIN-41-MGE-S217	0	0	0	0	0	0	0	0	0
NR_042333.1	GIN-41-MGE-S217	0	0	0	0	0	0	0	0	0
NR_042332.1	GIN-41-MGE-S217	0	0	0	0	0	0	0	0	0
NR_042330.1	GIN-41-MGE-S217	0	0	0	0	0	0	0	0	0
NR_042329.1	GIN-41-MGE-S217	0	0	0	0	0	0	0	0	0
NR_042328.1	GIN-41-MGE-S217	0	0	0	0	0	0	0	0	0
NR_042327.1	GIN-41-MGE-S217	0	0	0	0	0	0	0	0	0
NR_042326.1	GIN-41-MGE-S217	0	0	0	0	0	0	0	0	0
NR_042325.1	GIN-41-MGE-S217	0	0	0	0	0	0	0	0	0
NR_042320.1	GIN-41-MGE-S217	0	0	0	0	0	0	0	0	0
NR_042318.1	GIN-41-MGE-S217	0	0	0	0	0	0	0	0	0
NR_042316.1	GIN-41-MGE-S217	0	0	0	0	0	0	0	0	0
NR_042315.1	GIN-41-MGE-S217	0	0	0	0	0	0	0	0	0
NR_042314.1	GIN-41-MGE-S217	0	0	0	0	0	0	0	0	0
NR_042313.1	GIN-41-MGE-S217	0	0	0	0	0	0	0	0	0
NR_042312.1	GIN-41-MGE-S217	0	0	0	0	0	0	0	0	0
NR_042309.1	GIN-41-MGE-S217	0	0	0	0	0	0	0	0	0
NR_042308.1	GIN-41-MGE-S217	0	0	0	0	0	0	0	0	0
NR_042307.1	GIN-41-MGE-S217	0	0	0	0	0	0	0	0	0
NR_042306.1	GIN-41-MGE-S217	0	0	0	0	0	0	0	0	0
NR_042305.1	GIN-41-MGE-S217	0	0	0	0	0	0	0	0	0
NR_042304.1	GIN-41-MGE-S217	0	0	0	0	0	0	0	0	0
NR_042303.1	GIN-41-MGE-S217	0	0	0	0	0	0	0	0	0
NR_042302.1	GIN-41-MGE-S217	0	0	0	0	0	0	0	0	0
NR_042301.1	GIN-41-MGE-S217	0	0	0	0	0	0	0	0	0
NR_042300.1	GIN-41-MGE-S217	0	0	0	0	0	0	0	0	0
NR_042299.1	GIN-41-MGE-S217	0	0	0	0	0	0	0	0	0
NR_042298.1	GIN-41-MGE-S217	0	0	0	0	0	0	0	0	0
NR_042297.1	GIN-41-MGE-S217	0	0	0	0	0	0	0	0	0
NR_042296.1	GIN-41-MGE-S217	0	0	0	0	0	0	0	0	0
NR_042295.1	GIN-41-MGE-S217	0	0	0	0	0	0	0	0	0
NR_042294.1	GIN-41-MGE-S217	0	0	0	0	0	0	0	0	0
NR_042293.1	GIN-41-MGE-S217	0	0	0	0	0	0	0	0	0
NR_042292.1	GIN-41-MGE-S217	0	0	0	0	0	0	0	0	0
NR_042291.1	GIN-41-MGE-S217	0	0	0	0	0	0	0	0	0
NR_042290.1	GIN-41-MGE-S217	0	0	0	0	0	0	0	0	0
NR_042289.1	GIN-41-MGE-S217	0	0	0	0	0	0	0	0	0
NR_042288.1	GIN-41-MGE-S217	0	0	0	0	0	0	0	0	0
NR_042287.1	GIN-41-MGE-S217	0	0	0	0	0	0	0	0	0
NR_042285.1	GIN-41-MGE-S217	0	0	0	0	0	0	0	0	0
NR_042284.1	GIN-41-MGE-S217	0	0	0	0	0	0	0	0	0
NR_042283.1	GIN-41-MGE-S217	0	0	0	0	0	0	0	0	0
NR_042282.1	GIN-41-MGE-S217	0	0	0	0	0	0	0	0	0
NR_042281.1	GIN-41-MGE-S217	0	0	0	0	0	0	0	0	0
NR_042280.1	GIN-41-MGE-S217	0	0	0	0	0	0	0	0	0
NR_042279.1	GIN-41-MGE-S217	0	0	0	0	0	0	0	0	0
NR_042278.1	GIN-41-MGE-S217	0	0	0	0	0	0	0	0	0
NR_042276.1	GIN-41-MGE-S217	0	0	0	0	0	0	0	0	0
NR_042273.1	GIN-41-MGE-S217	0	0	0	0	0	0	0	0	0
NR_042272.1	GIN-41-MGE-S217	0	0	0	0	0	0	0	0	0
NR_042271.1	GIN-41-MGE-S217	0	0	0	0	0	0	0	0	0
NR_042270.1	GIN-41-MGE-S217	0	0	0	0	0	0	0	0	0
NR_042269.1	GIN-41-MGE-S217	0	0	0	0	0	0	0	0	0
NR_042267.1	GIN-41-MGE-S217	0	0	0	0	0	0	0	0	0
NR_042266.1	GIN-41-MGE-S217	0	0	0	0	0	0	0	0	0
NR_042265.1	GIN-41-MGE-S217	0	0	0	0	0	0	0	0	0
NR_042263.1	GIN-41-MGE-S217	0	0	0	0	0	0	0	0	0
NR_042262.1	GIN-41-MGE-S217	0	0	0	0	0	0	0	0	0
NR_042261.1	GIN-41-MGE-S217	0	0	0	0	0	0	0	0	0
NR_042260.1	GIN-41-MGE-S217	0	0	0	0	0	0	0	0	0
NR_042258.1	GIN-41-MGE-S217	0	0	0	0	0	0	0	0	0
NR_042257.1	GIN-41-MGE-S217	0	0	0	0	0	0	0	0	0
NR_042256.1	GIN-41-MGE-S217	0	0	0	0	0	0	0	0	0
NR_042253.1	GIN-41-MGE-S217	0	0	0	0	0	0	0	0	0
NR_042252.1	GIN-41-MGE-S217	0	0	0	0	0	0	0	0	0
NR_042251.1	GIN-41-MGE-S217	0	0	0	0	0	0	0	0	0
NR_042250.1	GIN-41-MGE-S217	0	0	0	0	0	0	0	0	0
NR_042249.1	GIN-41-MGE-S217	0	0	0	0	0	0	0	0	0
NR_042247.1	GIN-41-MGE-S217	0	0	0	0	0	0	0	0	0
NR_042246.1	GIN-41-MGE-S217	0	0	0	0	0	0	0	0	0
NR_042245.1	GIN-41-MGE-S217	0	0	0	0	0	0	0	0	0
NR_042244.1	GIN-41-MGE-S217	0	0	0	0	0	0	0	0	0
NR_042240.1	GIN-41-MGE-S217	0	0	0	0	0	0	0	0	0
NR_042239.1	GIN-41-MGE-S217	0	0	0	0	0	0	0	0	0
NR_042238.1	GIN-41-MGE-S217	0	0	0	0	0	0	0	0	0
NR_042237.1	GIN-41-MGE-S217	0	0	0	0	0	0	0	0	0
NR_042236.1	GIN-41-MGE-S217	0	0	0	0	0	0	0	0	0
NR_042235.1	GIN-41-MGE-S217	0	0	0	0	0	0	0	0	0
NR_042234.1	GIN-41-MGE-S217	0	0	0	0	0	0	0	0	0
NR_042232.1	GIN-41-MGE-S217	0	0	0	0	0	0	0	0	0
NR_042227.1	GIN-41-MGE-S217	0	0	0	0	0	0	0	0	0
NR_042226.1	GIN-41-MGE-S217	0	0	0	0	0	0	0	0	0
NR_042225.1	GIN-41-MGE-S217	0	0	0	0	0	0	0	0	0
NR_042224.1	GIN-41-MGE-S217	0	0	0	0	0	0	0	0	0
NR_042223.1	GIN-41-MGE-S217	0	0	0	0	0	0	0	0	0
NR_042222.1	GIN-41-MGE-S217	0	0	0	0	0	0	0	0	0
NR_042221.1	GIN-41-MGE-S217	0	0	0	0	0	0	0	0	0
NR_042220.1	GIN-41-MGE-S217	0	0	0	0	0	0	0	0	0
NR_042219.1	GIN-41-MGE-S217	0	0	0	0	0	0	0	0	0
NR_042217.1	GIN-41-MGE-S217	0	0	0	0	0	0	0	0	0
NR_042216.1	GIN-41-MGE-S217	0	0	0	0	0	0	0	0	0
NR_042215.1	GIN-41-MGE-S217	0	0	0	0	0	0	0	0	0
NR_042214.1	GIN-41-MGE-S217	0	0	0	0	0	0	0	0	0
NR_042212.1	GIN-41-MGE-S217	0	0	0	0	0	0	0	0	0
NR_042211.1	GIN-41-MGE-S217	0	0	0	0	0	0	0	0	0
NR_042207.1	GIN-41-MGE-S217	0	0	0	0	0	0	0	0	0
NR_042206.1	GIN-41-MGE-S217	0	0	0	0	0	0	0	0	0
NR_042205.1	GIN-41-MGE-S217	0	0	0	0	0	0	0	0	0
NR_042204.1	GIN-41-MGE-S217	0	0	0	0	0	0	0	0	0
NR_042203.1	GIN-41-MGE-S217	0	0	0	0	0	0	0	0	0
NR_042202.1	GIN-41-MGE-S217	0	0	0	0	0	0	0	0	0
NR_042199.1	GIN-41-MGE-S217	0	0	0	0	0	0	0	0	0
NR_042198.1	GIN-41-MGE-S217	0	0	0	0	0	0	0	0	0
NR_042197.1	GIN-41-MGE-S217	0	0	0	0	0	0	0	0	0
NR_042193.1	GIN-41-MGE-S217	0	0	0	0	0	0	0	0	0
NR_042192.1	GIN-41-MGE-S217	0	0	0	0	0	0	0	0	0
NR_042191.1	GIN-41-MGE-S217	0	0	0	0	0	0	0	0	0
NR_042189.1	GIN-41-MGE-S217	0	0	0	0	0	0	0	0	0
NR_042188.1	GIN-41-MGE-S217	0	0	0	0	0	0	0	0	0
NR_042187.1	GIN-41-MGE-S217	0	0	0	0	0	0	0	0	0
NR_042186.1	GIN-41-MGE-S217	0	0	0	0	0	0	0	0	0
NR_042185.1	GIN-41-MGE-S217	0	0	0	0	0	0	0	0	0
NR_042184.1	GIN-41-MGE-S217	0	0	0	0	0	0	0	0	0
NR_042183.1	GIN-41-MGE-S217	0	0	0	0	0	0	0	0	0
NR_042182.1	GIN-41-MGE-S217	0	0	0	0	0	0	0	0	0
NR_042181.1	GIN-41-MGE-S217	0	0	0	0	0	0	0	0	0
NR_042180.1	GIN-41-MGE-S217	0	0	0	0	0	0	0	0	0
NR_042179.1	GIN-41-MGE-S217	0	0	0	0	0	0	0	0	0
NR_042177.1	GIN-41-MGE-S217	0	0	0	0	0	0	0	0	0
NR_042176.1	GIN-41-MGE-S217	0	0	0	0	0	0	0	0	0
NR_042174.1	GIN-41-MGE-S217	0	0	0	0	0	0	0	0	0
NR_042173.1	GIN-41-MGE-S217	0	0	0	0	0	0	0	0	0
NR_042172.1	GIN-41-MGE-S217	0	0	0	0	0	0	0	0	0
NR_042171.1	GIN-41-MGE-S217	0	0	0	0	0	0	0	0	0
NR_042169.1	GIN-41-MGE-S217	0	0	0	0	0	0	0	0	0
NR_042167.1	GIN-41-MGE-S217	0	0	0	0	0	0	0	0	0
NR_042166.1	GIN-41-MGE-S217	0	0	0	0	0	0	0	0	0
NR_042165.1	GIN-41-MGE-S217	0	0	0	0	0	0	0	0	0
NR_042164.1	GIN-41-MGE-S217	0	0	0	0	0	0	0	0	0
NR_042163.1	GIN-41-MGE-S217	0	0	0	0	0	0	0	0	0
NR_042162.1	GIN-41-MGE-S217	0	0	0	0	0	0	0	0	0
NR_042156.1	GIN-41-MGE-S217	0	0	0	0	0	0	0	0	0
NR_042155.1	GIN-41-MGE-S217	0	0	0	0	0	0	0	0	0
NR_042153.1	GIN-41-MGE-S217	0	0	0	0	0	0	0	0	0
NR_042151.1	GIN-41-MGE-S217	0	0	0	0	0	0	0	0	0
NR_042148.1	GIN-41-MGE-S217	0	0	0	0	0	0	0	0	0
NR_042147.1	GIN-41-MGE-S217	0	0	0	0	0	0	0	0	0
NR_042146.1	GIN-41-MGE-S217	0	0	0	0	0	0	0	0	0
NR_042145.1	GIN-41-MGE-S217	0	0	0	0	0	0	0	0	0
NR_042142.1	GIN-41-MGE-S217	0	0	0	0	0	0	0	0	0
NR_042139.1	GIN-41-MGE-S217	0	0	0	0	0	0	0	0	0
NR_042138.1	GIN-41-MGE-S217	0	0	0	0	0	0	0	0	0
NR_042137.1	GIN-41-MGE-S217	0	0	0	0	0	0	0	0	0
NR_042135.1	GIN-41-MGE-S217	0	0	0	0	0	0	0	0	0
NR_042134.1	GIN-41-MGE-S217	0	0	0	0	0	0	0	0	0
NR_042132.1	GIN-41-MGE-S217	0	0	0	0	0	0	0	0	0
NR_042131.1	GIN-41-MGE-S217	0	0	0	0	0	0	0	0	0
NR_042127.1	GIN-41-MGE-S217	0	0	0	0	0	0	0	0	0
NR_042126.1	GIN-41-MGE-S217	0	0	0	0	0	0	0	0	0
NR_042125.1	GIN-41-MGE-S217	0	0	0	0	0	0	0	0	0
NR_042121.1	GIN-41-MGE-S217	0	0	0	0	0	0	0	0	0
NR_042120.1	GIN-41-MGE-S217	0	0	0	0	0	0	0	0	0
NR_042119.1	GIN-41-MGE-S217	0	0	0	0	0	0	0	0	0
NR_042117.1	GIN-41-MGE-S217	0	0	0	0	0	0	0	0	0
NR_042116.1	GIN-41-MGE-S217	0	0	0	0	0	0	0	0	0
NR_042115.1	GIN-41-MGE-S217	0	0	0	0	0	0	0	0	0
NR_042113.1	GIN-41-MGE-S217	0	0	0	0	0	0	0	0	0
NR_042112.1	GIN-41-MGE-S217	0	0	0	0	0	0	0	0	0
NR_042111.1	GIN-41-MGE-S217	0	0	0	0	0	0	0	0	0
NR_042109.1	GIN-41-MGE-S217	0	0	0	0	0	0	0	0	0
NR_042106.1	GIN-41-MGE-S217	0	0	0	0	0	0	0	0	0
NR_042105.1	GIN-41-MGE-S217	0	0	0	0	0	0	0	0	0
NR_042104.1	GIN-41-MGE-S217	0	0	0	0	0	0	0	0	0
NR_042103.1	GIN-41-MGE-S217	0	0	0	0	0	0	0	0	0
NR_042102.1	GIN-41-MGE-S217	0	0	0	0	0	0	0	0	0
NR_042100.1	GIN-41-MGE-S217	0	0	0	0	0	0	0	0	0
NR_042099.1	GIN-41-MGE-S217	0	0	0	0	0	0	0	0	0
NR_042098.1	GIN-41-MGE-S217	0	0	0	0	0	0	0	0	0
NR_042097.1	GIN-41-MGE-S217	0	0	0	0	0	0	0	0	0
NR_042096.1	GIN-41-MGE-S217	0	0	0	0	0	0	0	0	0
NR_042094.1	GIN-41-MGE-S217	0	0	0	0	0	0	0	0	0
NR_042093.1	GIN-41-MGE-S217	0	0	0	0	0	0	0	0	0
NR_042089.1	GIN-41-MGE-S217	0	0	0	0	0	0	0	0	0
NR_042088.1	GIN-41-MGE-S217	0	0	0	0	0	0	0	0	0
NR_042087.1	GIN-41-MGE-S217	0	0	0	0	0	0	0	0	0
NR_042086.1	GIN-41-MGE-S217	0	0	0	0	0	0	0	0	0
NR_042082.1	GIN-41-MGE-S217	0	0	0	0	0	0	0	0	0
NR_042080.1	GIN-41-MGE-S217	0	0	0	0	0	0	0	0	0
NR_042079.1	GIN-41-MGE-S217	0	0	0	0	0	0	0	0	0
NR_042078.1	GIN-41-MGE-S217	0	0	0	0	0	0	0	0	0
NR_042076.1	GIN-41-MGE-S217	0	0	0	0	0	0	0	0	0
NR_042074.1	GIN-41-MGE-S217	0	0	0	0	0	0	0	0	0
NR_042073.1	GIN-41-MGE-S217	0	0	0	0	0	0	0	0	0
NR_042072.1	GIN-41-MGE-S217	0	0	0	0	0	0	0	0	0
NR_042069.1	GIN-41-MGE-S217	0	0	0	0	0	0	0	0	0
NR_042067.1	GIN-41-MGE-S217	0	0	0	0	0	0	0	0	0
NR_042066.1	GIN-41-MGE-S217	0	0	0	0	0	0	0	0	0
NR_042065.1	GIN-41-MGE-S217	0	0	0	0	0	0	0	0	0
NR_042064.1	GIN-41-MGE-S217	0	0	0	0	0	0	0	0	0
NR_042063.1	GIN-41-MGE-S217	0	0	0	0	0	0	0	0	0
NR_042062.1	GIN-41-MGE-S217	0	0	0	0	0	0	0	0	0
NR_042060.1	GIN-41-MGE-S217	0	0	0	0	0	0	0	0	0
NR_042058.1	GIN-41-MGE-S217	0	0	0	0	0	0	0	0	0
NR_042055.1	GIN-41-MGE-S217	0	0	0	0	0	0	0	0	0
NR_042054.1	GIN-41-MGE-S217	0	0	0	0	0	0	0	0	0
NR_042051.1	GIN-41-MGE-S217	0	0	0	0	0	0	0	0	0
NR_042045.1	GIN-41-MGE-S217	0	0	0	0	0	0	0	0	0
NR_042043.1	GIN-41-MGE-S217	0	0	0	0	0	0	0	0	0
NR_042042.1	GIN-41-MGE-S217	0	0	0	0	0	0	0	0	0
NR_042041.1	GIN-41-MGE-S217	0	0	0	0	0	0	0	0	0
NR_042039.1	GIN-41-MGE-S217	0	0	0	0	0	0	0	0	0
NR_042038.1	GIN-41-MGE-S217	0	0	0	0	0	0	0	0	0
NR_042037.1	GIN-41-MGE-S217	0	0	0	0	0	0	0	0	0
NR_042036.1	GIN-41-MGE-S217	0	0	0	0	0	0	0	0	0
NR_042033.1	GIN-41-MGE-S217	0	0	0	0	0	0	0	0	0
NR_042032.1	GIN-41-MGE-S217	0	0	0	0	0	0	0	0	0
NR_042031.1	GIN-41-MGE-S217	0	0	0	0	0	0	0	0	0
NR_042030.1	GIN-41-MGE-S217	0	0	0	0	0	0	0	0	0
NR_042029.1	GIN-41-MGE-S217	0	0	0	0	0	0	0	0	0
NR_042028.1	GIN-41-MGE-S217	0	0	0	0	0	0	0	0	0
NR_042027.1	GIN-41-MGE-S217	0	0	0	0	0	0	0	0	0
NR_042026.1	GIN-41-MGE-S217	0	0	0	0	0	0	0	0	0
NR_042025.1	GIN-41-MGE-S217	0	0	0	0	0	0	0	0	0
NR_042023.1	GIN-41-MGE-S217	0	0	0	0	0	0	0	0	0
NR_042021.1	GIN-41-MGE-S217	0	0	0	0	0	0	0	0	0
NR_042020.1	GIN-41-MGE-S217	0	0	0	0	0	0	0	0	0
NR_042018.1	GIN-41-MGE-S217	0	0	0	0	0	0	0	0	0
NR_042017.1	GIN-41-MGE-S217	0	0	0	0	0	0	0	0	0
NR_042016.1	GIN-41-MGE-S217	0	0	0	0	0	0	0	0	0
NR_042015.1	GIN-41-MGE-S217	0	0	0	0	0	0	0	0	0
NR_042014.1	GIN-41-MGE-S217	0	0	0	0	0	0	0	0	0
NR_042013.1	GIN-41-MGE-S217	0	0	0	0	0	0	0	0	0
NR_042012.1	GIN-41-MGE-S217	0	0	0	0	0	0	0	0	0
NR_042011.1	GIN-41-MGE-S217	0	0	0	0	0	0	0	0	0
NR_042009.1	GIN-41-MGE-S217	0	0	0	0	0	0	0	0	0
NR_042006.1	GIN-41-MGE-S217	0	0	0	0	0	0	0	0	0
NR_042005.1	GIN-41-MGE-S217	0	0	0	0	0	0	0	0	0
NR_042004.1	GIN-41-MGE-S217	0	0	0	0	0	0	0	0	0
NR_042003.1	GIN-41-MGE-S217	0	0	0	0	0	0	0	0	0
NR_042002.1	GIN-41-MGE-S217	0	0	0	0	0	0	0	0	0
NR_042001.1	GIN-41-MGE-S217	0	0	0	0	0	0	0	0	0
NR_042000.1	GIN-41-MGE-S217	0	0	0	0	0	0	0	0	0
NR_041999.1	GIN-41-MGE-S217	0	0	0	0	0	0	0	0	0
NR_041997.1	GIN-41-MGE-S217	0	0	0	0	0	0	0	0	0
NR_041996.1	GIN-41-MGE-S217	0	0	0	0	0	0	0	0	0
NR_041994.1	GIN-41-MGE-S217	0	0	0	0	0	0	0	0	0
NR_041993.1	GIN-41-MGE-S217	0	0	0	0	0	0	0	0	0
NR_041991.1	GIN-41-MGE-S217	0	0	0	0	0	0	0	0	0
NR_041988.1	GIN-41-MGE-S217	0	0	0	0	0	0	0	0	0
NR_041985.1	GIN-41-MGE-S217	0	0	0	0	0	0	0	0	0
NR_041984.1	GIN-41-MGE-S217	0	0	0	0	0	0	0	0	0
NR_041983.1	GIN-41-MGE-S217	0	0	0	0	0	0	0	0	0
NR_041979.1	GIN-41-MGE-S217	0	0	0	0	0	0	0	0	0
NR_041978.1	GIN-41-MGE-S217	0	0	0	0	0	0	0	0	0
NR_041977.1	GIN-41-MGE-S217	0	0	0	0	0	0	0	0	0
NR_041976.1	GIN-41-MGE-S217	0	0	0	0	0	0	0	0	0
NR_041975.1	GIN-41-MGE-S217	0	0	0	0	0	0	0	0	0
NR_041974.1	GIN-41-MGE-S217	0	0	0	0	0	0	0	0	0
NR_041973.1	GIN-41-MGE-S217	0	0	0	0	0	0	0	0	0
NR_041972.1	GIN-41-MGE-S217	0	0	0	0	0	0	0	0	0
NR_041971.1	GIN-41-MGE-S217	0	0	0	0	0	0	0	0	0
NR_041970.1	GIN-41-MGE-S217	0	0	0	0	0	0	0	0	0
NR_041969.1	GIN-41-MGE-S217	0	0	0	0	0	0	0	0	0
NR_041967.1	GIN-41-MGE-S217	0	0	0	0	0	0	0	0	0
NR_041966.1	GIN-41-MGE-S217	0	0	0	0	0	0	0	0	0
NR_041965.1	GIN-41-MGE-S217	0	0	0	0	0	0	0	0	0
NR_041964.1	GIN-41-MGE-S217	0	0	0	0	0	0	0	0	0
NR_041960.1	GIN-41-MGE-S217	0	0	0	0	0	0	0	0	0
NR_041954.1	GIN-41-MGE-S217	0	0	0	0	0	0	0	0	0
NR_041953.1	GIN-41-MGE-S217	0	0	0	0	0	0	0	0	0
NR_041952.1	GIN-41-MGE-S217	0	0	0	0	0	0	0	0	0
NR_041949.1	GIN-41-MGE-S217	0	0	0	0	0	0	0	0	0
NR_041948.1	GIN-41-MGE-S217	0	0	0	0	0	0	0	0	0
NR_041945.1	GIN-41-MGE-S217	0	0	0	0	0	0	0	0	0
NR_041941.1	GIN-41-MGE-S217	0	0	0	0	0	0	0	0	0
NR_041940.1	GIN-41-MGE-S217	0	0	0	0	0	0	0	0	0
NR_041938.1	GIN-41-MGE-S217	0	0	0	0	0	0	0	0	0
NR_041935.1	GIN-41-MGE-S217	0	0	0	0	0	0	0	0	0
NR_041933.1	GIN-41-MGE-S217	0	0	0	0	0	0	0	0	0
NR_041929.1	GIN-41-MGE-S217	0	0	0	0	0	0	0	0	0
NR_041924.1	GIN-41-MGE-S217	0	0	0	0	0	0	0	0	0
NR_041923.1	GIN-41-MGE-S217	0	0	0	0	0	0	0	0	0
NR_041922.1	GIN-41-MGE-S217	0	0	0	0	0	0	0	0	0
NR_041921.1	GIN-41-MGE-S217	0	0	0	0	0	0	0	0	0
NR_041914.1	GIN-41-MGE-S217	0	0	0	0	0	0	0	0	0
NR_041910.1	GIN-41-MGE-S217	0	0	0	0	0	0	0	0	0
NR_041879.1	GIN-41-MGE-S217	0	0	0	0	0	0	0	0	0
NR_041874.1	GIN-41-MGE-S217	0	0	0	0	0	0	0	0	0
NR_041873.1	GIN-41-MGE-S217	0	0	0	0	0	0	0	0	0
NR_041872.1	GIN-41-MGE-S217	0	0	0	0	0	0	0	0	0
NR_041869.1	GIN-41-MGE-S217	0	0	0	0	0	0	0	0	0
NR_041868.1	GIN-41-MGE-S217	0	0	0	0	0	0	0	0	0
NR_041867.1	GIN-41-MGE-S217	0	0	0	0	0	0	0	0	0
NR_041866.1	GIN-41-MGE-S217	0	0	0	0	0	0	0	0	0
NR_041865.1	GIN-41-MGE-S217	0	0	0	0	0	0	0	0	0
NR_041864.1	GIN-41-MGE-S217	0	0	0	0	0	0	0	0	0
NR_041863.1	GIN-41-MGE-S217	0	0	0	0	0	0	0	0	0
NR_041861.1	GIN-41-MGE-S217	0	0	0	0	0	0	0	0	0
NR_041860.1	GIN-41-MGE-S217	0	0	0	0	0	0	0	0	0
NR_041858.1	GIN-41-MGE-S217	0	0	0	0	0	0	0	0	0
NR_041857.1	GIN-41-MGE-S217	0	0	0	0	0	0	0	0	0
NR_041855.1	GIN-41-MGE-S217	0	0	0	0	0	0	0	0	0
NR_041852.1	GIN-41-MGE-S217	0	0	0	0	0	0	0	0	0
NR_041851.1	GIN-41-MGE-S217	0	0	0	0	0	0	0	0	0
NR_041849.1	GIN-41-MGE-S217	0	0	0	0	0	0	0	0	0
NR_041845.1	GIN-41-MGE-S217	0	0	0	0	0	0	0	0	0
NR_041838.1	GIN-41-MGE-S217	0	0	0	0	0	0	0	0	0
NR_041835.1	GIN-41-MGE-S217	0	0	0	0	0	0	0	0	0
NR_041834.1	GIN-41-MGE-S217	0	0	0	0	0	0	0	0	0
NR_041833.1	GIN-41-MGE-S217	0	0	0	0	0	0	0	0	0
NR_041832.1	GIN-41-MGE-S217	0	0	0	0	0	0	0	0	0
NR_041831.1	GIN-41-MGE-S217	0	0	0	0	0	0	0	0	0
NR_041823.1	GIN-41-MGE-S217	0	0	0	0	0	0	0	0	0
NR_041811.1	GIN-41-MGE-S217	0	0	0	0	0	0	0	0	0
NR_041810.1	GIN-41-MGE-S217	0	0	0	0	0	0	0	0	0
NR_041805.1	GIN-41-MGE-S217	0	0	0	0	0	0	0	0	0
NR_041802.1	GIN-41-MGE-S217	0	0	0	0	0	0	0	0	0
NR_041800.1	GIN-41-MGE-S217	0	0	0	0	0	0	0	0	0
NR_041786.1	GIN-41-MGE-S217	0	0	0	0	0	0	0	0	0
NR_041784.1	GIN-41-MGE-S217	0	0	0	0	0	0	0	0	0
NR_041783.1	GIN-41-MGE-S217	0	0	0	0	0	0	0	0	0
NR_041782.1	GIN-41-MGE-S217	0	0	0	0	0	0	0	0	0
NR_041781.1	GIN-41-MGE-S217	0	0	0	0	0	0	0	0	0
NR_041780.1	GIN-41-MGE-S217	0	0	0	0	0	0	0	0	0
NR_041779.1	GIN-41-MGE-S217	0	0	0	0	0	0	0	0	0
NR_041777.1	GIN-41-MGE-S217	0	0	0	0	0	0	0	0	0
NR_041776.1	GIN-41-MGE-S217	0	0	0	0	0	0	0	0	0
NR_041775.1	GIN-41-MGE-S217	0	0	0	0	0	0	0	0	0
NR_041773.1	GIN-41-MGE-S217	0	0	0	0	0	0	0	0	0
NR_041769.1	GIN-41-MGE-S217	0	0	0	0	0	0	0	0	0
NR_041766.1	GIN-41-MGE-S217	0	0	0	0	0	0	0	0	0
NR_041764.1	GIN-41-MGE-S217	0	0	0	0	0	0	0	0	0
NR_041761.1	GIN-41-MGE-S217	0	0	0	0	0	0	0	0	0
NR_041760.1	GIN-41-MGE-S217	0	0	0	0	0	0	0	0	0
NR_041759.1	GIN-41-MGE-S217	0	0	0	0	0	0	0	0	0
NR_041758.1	GIN-41-MGE-S217	0	0	0	0	0	0	0	0	0
NR_041756.1	GIN-41-MGE-S217	0	0	0	0	0	0	0	0	0
NR_041755.1	GIN-41-MGE-S217	0	0	0	0	0	0	0	0	0
NR_041754.1	GIN-41-MGE-S217	0	0	0	0	0	0	0	0	0
NR_041753.1	GIN-41-MGE-S217	0	0	0	0	0	0	0	0	0
NR_041750.1	GIN-41-MGE-S217	0	0	0	0	0	0	0	0	0
NR_041749.1	GIN-41-MGE-S217	0	0	0	0	0	0	0	0	0
NR_041746.1	GIN-41-MGE-S217	0	0	0	0	0	0	0	0	0
NR_041742.1	GIN-41-MGE-S217	0	0	0	0	0	0	0	0	0
NR_041741.1	GIN-41-MGE-S217	0	0	0	0	0	0	0	0	0
NR_041739.1	GIN-41-MGE-S217	0	0	0	0	0	0	0	0	0
NR_041738.1	GIN-41-MGE-S217	0	0	0	0	0	0	0	0	0
NR_041736.1	GIN-41-MGE-S217	0	0	0	0	0	0	0	0	0
NR_041735.1	GIN-41-MGE-S217	0	0	0	0	0	0	0	0	0
NR_041734.1	GIN-41-MGE-S217	0	0	0	0	0	0	0	0	0
NR_041733.1	GIN-41-MGE-S217	0	0	0	0	0	0	0	0	0
NR_041732.1	GIN-41-MGE-S217	0	0	0	0	0	0	0	0	0
NR_041729.1	GIN-41-MGE-S217	0	0	0	0	0	0	0	0	0
NR_041727.1	GIN-41-MGE-S217	0	0	0	0	0	0	0	0	0
NR_041725.1	GIN-41-MGE-S217	0	0	0	0	0	0	0	0	0
NR_041724.1	GIN-41-MGE-S217	0	0	0	0	0	0	0	0	0
NR_041723.1	GIN-41-MGE-S217	0	0	0	0	0	0	0	0	0
NR_041721.1	GIN-41-MGE-S217	0	0	0	0	0	0	0	0	0
NR_041720.1	GIN-41-MGE-S217	0	0	0	0	0	0	0	0	0
NR_041719.1	GIN-41-MGE-S217	0	0	0	0	0	0	0	0	0
NR_041712.1	GIN-41-MGE-S217	0	0	0	0	0	0	0	0	0
NR_041711.1	GIN-41-MGE-S217	0	0	0	0	0	0	0	0	0
NR_041696.1	GIN-41-MGE-S217	0	0	0	0	0	0	0	0	0
NR_041695.1	GIN-41-MGE-S217	0	0	0	0	0	0	0	0	0
NR_041691.1	GIN-41-MGE-S217	0	0	0	0	0	0	0	0	0
NR_041690.1	GIN-41-MGE-S217	0	0	0	0	0	0	0	0	0
NR_041689.1	GIN-41-MGE-S217	0	0	0	0	0	0	0	0	0
NR_041688.1	GIN-41-MGE-S217	0	0	0	0	0	0	0	0	0
NR_041686.1	GIN-41-MGE-S217	0	0	0	0	0	0	0	0	0
NR_041684.1	GIN-41-MGE-S217	0	0	0	0	0	0	0	0	0
NR_041683.1	GIN-41-MGE-S217	0	0	0	0	0	0	0	0	0
NR_041682.1	GIN-41-MGE-S217	0	0	0	0	0	0	0	0	0
NR_041679.1	GIN-41-MGE-S217	0	0	0	0	0	0	0	0	0
NR_041678.1	GIN-41-MGE-S217	0	0	0	0	0	0	0	0	0
NR_041677.1	GIN-41-MGE-S217	0	0	0	0	0	0	0	0	0
NR_041676.1	GIN-41-MGE-S217	0	0	0	0	0	0	0	0	0
NR_041675.1	GIN-41-MGE-S217	0	0	0	0	0	0	0	0	0
NR_041662.1	GIN-41-MGE-S217	0	0	0	0	0	0	0	0	0
NR_041661.1	GIN-41-MGE-S217	0	0	0	0	0	0	0	0	0
NR_041654.1	GIN-41-MGE-S217	0	0	0	0	0	0	0	0	0
NR_041653.1	GIN-41-MGE-S217	0	0	0	0	0	0	0	0	0
NR_041652.1	GIN-41-MGE-S217	0	0	0	0	0	0	0	0	0
NR_041651.1	GIN-41-MGE-S217	0	0	0	0	0	0	0	0	0
NR_041650.1	GIN-41-MGE-S217	0	0	0	0	0	0	0	0	0
NR_041649.1	GIN-41-MGE-S217	0	0	0	0	0	0	0	0	0
NR_041648.1	GIN-41-MGE-S217	0	0	0	0	0	0	0	0	0
NR_041647.1	GIN-41-MGE-S217	0	0	0	0	0	0	0	0	0
NR_041646.1	GIN-41-MGE-S217	0	0	0	0	0	0	0	0	0
NR_041645.1	GIN-41-MGE-S217	0	0	0	0	0	0	0	0	0
NR_041644.1	GIN-41-MGE-S217	0	0	0	0	0	0	0	0	0
NR_041638.1	GIN-41-MGE-S217	0	0	0	0	0	0	0	0	0
NR_041637.1	GIN-41-MGE-S217	0	0	0	0	0	0	0	0	0
NR_041635.1	GIN-41-MGE-S217	0	0	0	0	0	0	0	0	0
NR_041634.1	GIN-41-MGE-S217	0	0	0	0	0	0	0	0	0
NR_041628.1	GIN-41-MGE-S217	0	0	0	0	0	0	0	0	0
NR_041617.1	GIN-41-MGE-S217	0	0	0	0	0	0	0	0	0
NR_041613.1	GIN-41-MGE-S217	0	0	0	0	0	0	0	0	0
NR_041612.1	GIN-41-MGE-S217	0	0	0	0	0	0	0	0	0
NR_041600.1	GIN-41-MGE-S217	0	0	0	0	0	0	0	0	0
NR_041599.1	GIN-41-MGE-S217	0	0	0	0	0	0	0	0	0
NR_041598.1	GIN-41-MGE-S217	0	0	0	0	0	0	0	0	0
NR_041597.1	GIN-41-MGE-S217	0	0	0	0	0	0	0	0	0
NR_041596.1	GIN-41-MGE-S217	0	0	0	0	0	0	0	0	0
NR_041595.1	GIN-41-MGE-S217	0	0	0	0	0	0	0	0	0
NR_041594.1	GIN-41-MGE-S217	0	0	0	0	0	0	0	0	0
NR_041593.1	GIN-41-MGE-S217	0	0	0	0	0	0	0	0	0
NR_041592.1	GIN-41-MGE-S217	0	0	0	0	0	0	0	0	0
NR_041587.1	GIN-41-MGE-S217	0	0	0	0	0	0	0	0	0
NR_041585.1	GIN-41-MGE-S217	0	0	0	0	0	0	0	0	0
NR_041580.1	GIN-41-MGE-S217	0	0	0	0	0	0	0	0	0
NR_041579.1	GIN-41-MGE-S217	0	0	0	0	0	0	0	0	0
NR_041578.1	GIN-41-MGE-S217	0	0	0	0	0	0	0	0	0
NR_041577.1	GIN-41-MGE-S217	0	0	0	0	0	0	0	0	0
NR_041574.1	GIN-41-MGE-S217	0	0	0	0	0	0	0	0	0
NR_041569.1	GIN-41-MGE-S217	0	0	0	0	0	0	0	0	0
NR_041568.1	GIN-41-MGE-S217	0	0	0	0	0	0	0	0	0
NR_041564.1	GIN-41-MGE-S217	0	0	0	0	0	0	0	0	0
NR_041554.1	GIN-41-MGE-S217	0	0	0	0	0	0	0	0	0
NR_041551.1	GIN-41-MGE-S217	0	0	0	0	0	0	0	0	0
NR_041543.1	GIN-41-MGE-S217	0	0	0	0	0	0	0	0	0
NR_041542.1	GIN-41-MGE-S217	0	0	0	0	0	0	0	0	0
NR_041541.1	GIN-41-MGE-S217	0	0	0	0	0	0	0	0	0
NR_041537.1	GIN-41-MGE-S217	0	0	0	0	0	0	0	0	0
NR_041533.1	GIN-41-MGE-S217	0	0	0	0	0	0	0	0	0
NR_041529.1	GIN-41-MGE-S217	0	0	0	0	0	0	0	0	0
NR_041527.1	GIN-41-MGE-S217	0	0	0	0	0	0	0	0	0
NR_041524.1	GIN-41-MGE-S217	0	0	0	0	0	0	0	0	0
NR_041522.1	GIN-41-MGE-S217	0	0	0	0	0	0	0	0	0
NR_041521.1	GIN-41-MGE-S217	0	0	0	0	0	0	0	0	0
NR_041520.1	GIN-41-MGE-S217	0	0	0	0	0	0	0	0	0
NR_041517.1	GIN-41-MGE-S217	0	0	0	0	0	0	0	0	0
NR_041515.1	GIN-41-MGE-S217	0	0	0	0	0	0	0	0	0
NR_041507.1	GIN-41-MGE-S217	0	0	0	0	0	0	0	0	0
NR_041495.1	GIN-41-MGE-S217	0	0	0	0	0	0	0	0	0
NR_041491.1	GIN-41-MGE-S217	0	0	0	0	0	0	0	0	0
NR_041490.1	GIN-41-MGE-S217	0	0	0	0	0	0	0	0	0
NR_041487.1	GIN-41-MGE-S217	0	0	0	0	0	0	0	0	0
NR_041481.1	GIN-41-MGE-S217	0	0	0	0	0	0	0	0	0
NR_041478.1	GIN-41-MGE-S217	0	0	0	0	0	0	0	0	0
NR_041474.1	GIN-41-MGE-S217	0	0	0	0	0	0	0	0	0
NR_041466.1	GIN-41-MGE-S217	0	0	0	0	0	0	0	0	0
NR_041463.1	GIN-41-MGE-S217	0	0	0	0	0	0	0	0	0
NR_041462.1	GIN-41-MGE-S217	0	0	0	0	0	0	0	0	0
NR_041458.1	GIN-41-MGE-S217	0	0	0	0	0	0	0	0	0
NR_041455.1	GIN-41-MGE-S217	0	0	0	0	0	0	0	0	0
NR_041448.1	GIN-41-MGE-S217	0	0	0	0	0	0	0	0	0
NR_041445.1	GIN-41-MGE-S217	0	0	0	0	0	0	0	0	0
NR_041438.1	GIN-41-MGE-S217	0	0	0	0	0	0	0	0	0
NR_041437.1	GIN-41-MGE-S217	0	0	0	0	0	0	0	0	0
NR_041436.1	GIN-41-MGE-S217	0	0	0	0	0	0	0	0	0
NR_041435.1	GIN-41-MGE-S217	0	0	0	0	0	0	0	0	0
NR_041434.1	GIN-41-MGE-S217	0	0	0	0	0	0	0	0	0
NR_041433.1	GIN-41-MGE-S217	0	0	0	0	0	0	0	0	0
NR_041432.1	GIN-41-MGE-S217	0	0	0	0	0	0	0	0	0
NR_041431.1	GIN-41-MGE-S217	0	0	0	0	0	0	0	0	0
NR_041430.1	GIN-41-MGE-S217	0	0	0	0	0	0	0	0	0
NR_041429.1	GIN-41-MGE-S217	0	0	0	0	0	0	0	0	0
NR_041428.1	GIN-41-MGE-S217	0	0	0	0	0	0	0	0	0
NR_041427.1	GIN-41-MGE-S217	0	0	0	0	0	0	0	0	0
NR_041426.1	GIN-41-MGE-S217	0	0	0	0	0	0	0	0	0
NR_041425.1	GIN-41-MGE-S217	0	0	0	0	0	0	0	0	0
NR_041424.1	GIN-41-MGE-S217	0	0	0	0	0	0	0	0	0
NR_041423.1	GIN-41-MGE-S217	0	0	0	0	0	0	0	0	0
NR_041422.1	GIN-41-MGE-S217	0	0	0	0	0	0	0	0	0
NR_041421.1	GIN-41-MGE-S217	0	0	0	0	0	0	0	0	0
NR_041420.1	GIN-41-MGE-S217	0	0	0	0	0	0	0	0	0
NR_041419.1	GIN-41-MGE-S217	0	0	0	0	0	0	0	0	0
NR_041418.1	GIN-41-MGE-S217	0	0	0	0	0	0	0	0	0
NR_041417.1	GIN-41-MGE-S217	0	0	0	0	0	0	0	0	0
NR_041416.1	GIN-41-MGE-S217	0	0	0	0	0	0	0	0	0
NR_041415.1	GIN-41-MGE-S217	0	0	0	0	0	0	0	0	0
NR_041412.1	GIN-41-MGE-S217	0	0	0	0	0	0	0	0	0
NR_041411.1	GIN-41-MGE-S217	0	0	0	0	0	0	0	0	0
NR_041410.1	GIN-41-MGE-S217	0	0	0	0	0	0	0	0	0
NR_041409.1	GIN-41-MGE-S217	0	0	0	0	0	0	0	0	0
NR_041408.1	GIN-41-MGE-S217	0	0	0	0	0	0	0	0	0
NR_041403.1	GIN-41-MGE-S217	0	0	0	0	0	0	0	0	0
NR_041402.1	GIN-41-MGE-S217	0	0	0	0	0	0	0	0	0
NR_041399.1	GIN-41-MGE-S217	0	0	0	0	0	0	0	0	0
NR_041396.1	GIN-41-MGE-S217	0	0	0	0	0	0	0	0	0
NR_041395.1	GIN-41-MGE-S217	0	0	0	0	0	0	0	0	0
NR_041393.1	GIN-41-MGE-S217	0	0	0	0	0	0	0	0	0
NR_041391.1	GIN-41-MGE-S217	0	0	0	0	0	0	0	0	0
NR_041390.1	GIN-41-MGE-S217	0	0	0	0	0	0	0	0	0
NR_041389.1	GIN-41-MGE-S217	0	0	0	0	0	0	0	0	0
NR_041386.1	GIN-41-MGE-S217	0	0	0	0	0	0	0	0	0
NR_041370.1	GIN-41-MGE-S217	0	0	0	0	0	0	0	0	0
NR_041367.1	GIN-41-MGE-S217	0	0	0	0	0	0	0	0	0
NR_041353.1	GIN-41-MGE-S217	0	0	0	0	0	0	0	0	0
NR_041350.1	GIN-41-MGE-S217	0	0	0	0	0	0	0	0	0
NR_041349.1	GIN-41-MGE-S217	0	0	0	0	0	0	0	0	0
NR_041346.1	GIN-41-MGE-S217	0	0	0	0	0	0	0	0	0
NR_041345.1	GIN-41-MGE-S217	0	0	0	0	0	0	0	0	0
NR_041344.1	GIN-41-MGE-S217	0	0	0	0	0	0	0	0	0
NR_041343.1	GIN-41-MGE-S217	30	30	0	0	0	0	0	0	0
NR_041342.1	GIN-41-MGE-S217	25	25	0	0	0	0	0	0	0
NR_041341.1	GIN-41-MGE-S217	0	0	0	0	0	0	0	0	0
NR_041340.1	GIN-41-MGE-S217	0	0	0	0	0	0	0	0	0
NR_041339.1	GIN-41-MGE-S217	0	0	0	0	0	0	0	0	0
NR_041338.1	GIN-41-MGE-S217	0	0	0	0	0	0	0	0	0
NR_041333.1	GIN-41-MGE-S217	0	0	0	0	0	0	0	0	0
NR_041329.1	GIN-41-MGE-S217	0	0	0	0	0	0	0	0	0
NR_041325.1	GIN-41-MGE-S217	0	0	0	0	0	0	0	0	0
NR_041324.1	GIN-41-MGE-S217	0	0	0	0	0	0	0	0	0
NR_041323.1	GIN-41-MGE-S217	0	0	0	0	0	0	0	0	0
NR_041317.1	GIN-41-MGE-S217	0	0	0	0	0	0	0	0	0
NR_041309.1	GIN-41-MGE-S217	0	0	0	0	0	0	0	0	0
NR_041308.1	GIN-41-MGE-S217	0	0	0	0	0	0	0	0	0
NR_041304.1	GIN-41-MGE-S217	0	0	0	0	0	0	0	0	0
NR_041295.1	GIN-41-MGE-S217	0	0	0	0	0	0	0	0	0
NR_041281.1	GIN-41-MGE-S217	0	0	0	0	0	0	0	0	0
NR_041280.1	GIN-41-MGE-S217	0	0	0	0	0	0	0	0	0
NR_041279.1	GIN-41-MGE-S217	0	0	0	0	0	0	0	0	0
NR_041269.1	GIN-41-MGE-S217	0	0	0	0	0	0	0	0	0
NR_041266.1	GIN-41-MGE-S217	0	0	0	0	0	0	0	0	0
NR_041262.1	GIN-41-MGE-S217	0	0	0	0	0	0	0	0	0
NR_041259.1	GIN-41-MGE-S217	0	0	0	0	0	0	0	0	0
NR_041258.1	GIN-41-MGE-S217	0	0	0	0	0	0	0	0	0
NR_041257.1	GIN-41-MGE-S217	0	0	0	0	0	0	0	0	0
NR_041256.1	GIN-41-MGE-S217	0	0	0	0	0	0	0	0	0
NR_041252.1	GIN-41-MGE-S217	0	0	0	0	0	0	0	0	0
NR_041251.1	GIN-41-MGE-S217	0	0	0	0	0	0	0	0	0
NR_041248.1	GIN-41-MGE-S217	0	0	0	0	0	0	0	0	0
NR_041246.1	GIN-41-MGE-S217	0	0	0	0	0	0	0	0	0
NR_041245.1	GIN-41-MGE-S217	0	0	0	0	0	0	0	0	0
NR_041244.1	GIN-41-MGE-S217	0	0	0	0	0	0	0	0	0
NR_041243.1	GIN-41-MGE-S217	0	0	0	0	0	0	0	0	0
NR_041239.1	GIN-41-MGE-S217	0	0	0	0	0	0	0	0	0
NR_041238.1	GIN-41-MGE-S217	0	0	0	0	0	0	0	0	0
NR_041232.1	GIN-41-MGE-S217	0	0	0	0	0	0	0	0	0
NR_041231.1	GIN-41-MGE-S217	0	0	0	0	0	0	0	0	0
NR_041230.1	GIN-41-MGE-S217	0	0	0	0	0	0	0	0	0
NR_041228.1	GIN-41-MGE-S217	0	0	0	0	0	0	0	0	0
NR_041227.1	GIN-41-MGE-S217	0	0	0	0	0	0	0	0	0
NR_041226.1	GIN-41-MGE-S217	0	0	0	0	0	0	0	0	0
NR_041225.1	GIN-41-MGE-S217	0	0	0	0	0	0	0	0	0
NR_041223.1	GIN-41-MGE-S217	0	0	0	0	0	0	0	0	0
NR_041222.1	GIN-41-MGE-S217	0	0	0	0	0	0	0	0	0
NR_041221.1	GIN-41-MGE-S217	0	0	0	0	0	0	0	0	0
NR_041220.1	GIN-41-MGE-S217	0	0	0	0	0	0	0	0	0
NR_041219.1	GIN-41-MGE-S217	0	0	0	0	0	0	0	0	0
NR_041217.1	GIN-41-MGE-S217	0	0	0	0	0	0	0	0	0
NR_041216.1	GIN-41-MGE-S217	0	0	0	0	0	0	0	0	0
NR_041215.1	GIN-41-MGE-S217	0	0	0	0	0	0	0	0	0
NR_041214.1	GIN-41-MGE-S217	0	0	0	0	0	0	0	0	0
NR_041213.1	GIN-41-MGE-S217	0	0	0	0	0	0	0	0	0
NR_041212.1	GIN-41-MGE-S217	0	0	0	0	0	0	0	0	0
NR_041211.1	GIN-41-MGE-S217	0	0	0	0	0	0	0	0	0
NR_041207.1	GIN-41-MGE-S217	0	0	0	0	0	0	0	0	0
NR_041206.1	GIN-41-MGE-S217	0	0	0	0	0	0	0	0	0
NR_041205.1	GIN-41-MGE-S217	0	0	0	0	0	0	0	0	0
NR_041204.1	GIN-41-MGE-S217	0	0	0	0	0	0	0	0	0
NR_041203.1	GIN-41-MGE-S217	0	0	0	0	0	0	0	0	0
NR_041202.1	GIN-41-MGE-S217	0	0	0	0	0	0	0	0	0
NR_041201.1	GIN-41-MGE-S217	0	0	0	0	0	0	0	0	0
NR_041200.1	GIN-41-MGE-S217	0	0	0	0	0	0	0	0	0
NR_041199.1	GIN-41-MGE-S217	0	0	0	0	0	0	0	0	0
NR_041197.1	GIN-41-MGE-S217	0	0	0	0	0	0	0	0	0
NR_041196.1	GIN-41-MGE-S217	0	0	0	0	0	0	0	0	0
NR_041194.1	GIN-41-MGE-S217	0	0	0	0	0	0	0	0	0
NR_041192.1	GIN-41-MGE-S217	0	0	0	0	0	0	0	0	0
NR_041191.1	GIN-41-MGE-S217	0	0	0	0	0	0	0	0	0
NR_041190.1	GIN-41-MGE-S217	0	0	0	0	0	0	0	0	0
NR_041189.1	GIN-41-MGE-S217	0	0	0	0	0	0	0	0	0
NR_041188.1	GIN-41-MGE-S217	0	0	0	0	0	0	0	0	0
NR_041187.1	GIN-41-MGE-S217	0	0	0	0	0	0	0	0	0
NR_041186.1	GIN-41-MGE-S217	0	0	0	0	0	0	0	0	0
NR_041185.1	GIN-41-MGE-S217	0	0	0	0	0	0	0	0	0
NR_041184.1	GIN-41-MGE-S217	0	0	0	0	0	0	0	0	0
NR_041183.1	GIN-41-MGE-S217	0	0	0	0	0	0	0	0	0
NR_041182.1	GIN-41-MGE-S217	0	0	0	0	0	0	0	0	0
NR_041181.1	GIN-41-MGE-S217	0	0	0	0	0	0	0	0	0
NR_041179.1	GIN-41-MGE-S217	0	0	0	0	0	0	0	0	0
NR_041178.1	GIN-41-MGE-S217	0	0	0	0	0	0	0	0	0
NR_041177.1	GIN-41-MGE-S217	0	0	0	0	0	0	0	0	0
NR_041176.1	GIN-41-MGE-S217	0	0	0	0	0	0	0	0	0
NR_041175.1	GIN-41-MGE-S217	0	0	0	0	0	0	0	0	0
NR_041174.1	GIN-41-MGE-S217	0	0	0	0	0	0	0	0	0
NR_041173.1	GIN-41-MGE-S217	0	0	0	0	0	0	0	0	0
NR_041172.1	GIN-41-MGE-S217	0	0	0	0	0	0	0	0	0
NR_041171.1	GIN-41-MGE-S217	0	0	0	0	0	0	0	0	0
NR_041169.1	GIN-41-MGE-S217	0	0	0	0	0	0	0	0	0
NR_041168.1	GIN-41-MGE-S217	0	0	0	0	0	0	0	0	0
NR_041167.1	GIN-41-MGE-S217	0	0	0	0	0	0	0	0	0
NR_041166.1	GIN-41-MGE-S217	0	0	0	0	0	0	0	0	0
NR_041165.1	GIN-41-MGE-S217	0	0	0	0	0	0	0	0	0
NR_041164.1	GIN-41-MGE-S217	0	0	0	0	0	0	0	0	0
NR_041163.1	GIN-41-MGE-S217	0	0	0	0	0	0	0	0	0
NR_041162.1	GIN-41-MGE-S217	0	0	0	0	0	0	0	0	0
NR_041161.1	GIN-41-MGE-S217	0	0	0	0	0	0	0	0	0
NR_041160.1	GIN-41-MGE-S217	0	0	0	0	0	0	0	0	0
NR_041159.1	GIN-41-MGE-S217	0	0	0	0	0	0	0	0	0
NR_041158.1	GIN-41-MGE-S217	0	0	0	0	0	0	0	0	0
NR_041157.1	GIN-41-MGE-S217	0	0	0	0	0	0	0	0	0
NR_041156.1	GIN-41-MGE-S217	0	0	0	0	0	0	0	0	0
NR_041155.1	GIN-41-MGE-S217	0	0	0	0	0	0	0	0	0
NR_041154.1	GIN-41-MGE-S217	0	0	0	0	0	0	0	0	0
NR_041153.1	GIN-41-MGE-S217	0	0	0	0	0	0	0	0	0
NR_041152.1	GIN-41-MGE-S217	0	0	0	0	0	0	0	0	0
NR_041151.1	GIN-41-MGE-S217	0	0	0	0	0	0	0	0	0
NR_041150.1	GIN-41-MGE-S217	0	0	0	0	0	0	0	0	0
NR_041149.1	GIN-41-MGE-S217	0	0	0	0	0	0	0	0	0
NR_041148.1	GIN-41-MGE-S217	0	0	0	0	0	0	0	0	0
NR_041147.1	GIN-41-MGE-S217	0	0	0	0	0	0	0	0	0
NR_041146.1	GIN-41-MGE-S217	0	0	0	0	0	0	0	0	0
NR_041144.1	GIN-41-MGE-S217	0	0	0	0	0	0	0	0	0
NR_041143.1	GIN-41-MGE-S217	0	0	0	0	0	0	0	0	0
NR_041142.1	GIN-41-MGE-S217	0	0	0	0	0	0	0	0	0
NR_041141.1	GIN-41-MGE-S217	0	0	0	0	0	0	0	0	0
NR_041140.1	GIN-41-MGE-S217	0	0	0	0	0	0	0	0	0
NR_041138.1	GIN-41-MGE-S217	0	0	0	0	0	0	0	0	0
NR_041137.1	GIN-41-MGE-S217	0	0	0	0	0	0	0	0	0
NR_041136.1	GIN-41-MGE-S217	0	0	0	0	0	0	0	0	0
NR_041134.1	GIN-41-MGE-S217	0	0	0	0	0	0	0	0	0
NR_041133.1	GIN-41-MGE-S217	0	0	0	0	0	0	0	0	0
NR_041132.1	GIN-41-MGE-S217	0	0	0	0	0	0	0	0	0
NR_041131.1	GIN-41-MGE-S217	0	0	0	0	0	0	0	0	0
NR_041130.1	GIN-41-MGE-S217	0	0	0	0	0	0	0	0	0
NR_041129.1	GIN-41-MGE-S217	0	0	0	0	0	0	0	0	0
NR_041128.1	GIN-41-MGE-S217	0	0	0	0	0	0	0	0	0
NR_041125.1	GIN-41-MGE-S217	0	0	0	0	0	0	0	0	0
NR_041124.1	GIN-41-MGE-S217	0	0	0	0	0	0	0	0	0
NR_041123.1	GIN-41-MGE-S217	0	0	0	0	0	0	0	0	0
NR_041122.1	GIN-41-MGE-S217	0	0	0	0	0	0	0	0	0
NR_041121.1	GIN-41-MGE-S217	0	0	0	0	0	0	0	0	0
NR_041120.1	GIN-41-MGE-S217	0	0	0	0	0	0	0	0	0
NR_041118.1	GIN-41-MGE-S217	0	0	0	0	0	0	0	0	0
NR_041117.1	GIN-41-MGE-S217	0	0	0	0	0	0	0	0	0
NR_041116.1	GIN-41-MGE-S217	0	0	0	0	0	0	0	0	0
NR_041115.1	GIN-41-MGE-S217	0	0	0	0	0	0	0	0	0
NR_041114.1	GIN-41-MGE-S217	0	0	0	0	0	0	0	0	0
NR_041113.1	GIN-41-MGE-S217	0	0	0	0	0	0	0	0	0
NR_041112.1	GIN-41-MGE-S217	0	0	0	0	0	0	0	0	0
NR_041111.1	GIN-41-MGE-S217	0	0	0	0	0	0	0	0	0
NR_041109.1	GIN-41-MGE-S217	0	0	0	0	0	0	0	0	0
NR_041108.1	GIN-41-MGE-S217	0	0	0	0	0	0	0	0	0
NR_041107.1	GIN-41-MGE-S217	0	0	0	0	0	0	0	0	0
NR_041106.1	GIN-41-MGE-S217	0	0	0	0	0	0	0	0	0
NR_041105.1	GIN-41-MGE-S217	0	0	0	0	0	0	0	0	0
NR_041104.1	GIN-41-MGE-S217	0	0	0	0	0	0	0	0	0
NR_041103.1	GIN-41-MGE-S217	0	0	0	0	0	0	0	0	0
NR_041102.1	GIN-41-MGE-S217	0	0	0	0	0	0	0	0	0
NR_041101.1	GIN-41-MGE-S217	0	0	0	0	0	0	0	0	0
NR_041099.1	GIN-41-MGE-S217	0	0	0	0	0	0	0	0	0
NR_041098.1	GIN-41-MGE-S217	0	0	0	0	0	0	0	0	0
NR_041097.1	GIN-41-MGE-S217	0	0	0	0	0	0	0	0	0
NR_041096.1	GIN-41-MGE-S217	0	0	0	0	0	0	0	0	0
NR_041095.1	GIN-41-MGE-S217	0	0	0	0	0	0	0	0	0
NR_041094.1	GIN-41-MGE-S217	0	0	0	0	0	0	0	0	0
NR_041093.1	GIN-41-MGE-S217	0	0	0	0	0	0	0	0	0
NR_041092.1	GIN-41-MGE-S217	0	0	0	0	0	0	0	0	0
NR_041091.1	GIN-41-MGE-S217	0	0	0	0	0	0	0	0	0
NR_041090.1	GIN-41-MGE-S217	0	0	0	0	0	0	0	0	0
NR_041089.1	GIN-41-MGE-S217	0	0	0	0	0	0	0	0	0
NR_041088.1	GIN-41-MGE-S217	0	0	0	0	0	0	0	0	0
NR_041086.1	GIN-41-MGE-S217	0	0	0	0	0	0	0	0	0
NR_041085.1	GIN-41-MGE-S217	0	0	0	0	0	0	0	0	0
NR_041084.1	GIN-41-MGE-S217	0	0	0	0	0	0	0	0	0
NR_041083.1	GIN-41-MGE-S217	0	0	0	0	0	0	0	0	0
NR_041082.1	GIN-41-MGE-S217	0	0	0	0	0	0	0	0	0
NR_041081.1	GIN-41-MGE-S217	0	0	0	0	0	0	0	0	0
NR_041080.1	GIN-41-MGE-S217	0	0	0	0	0	0	0	0	0
NR_041079.1	GIN-41-MGE-S217	0	0	0	0	0	0	0	0	0
NR_041078.1	GIN-41-MGE-S217	0	0	0	0	0	0	0	0	0
NR_041077.1	GIN-41-MGE-S217	0	0	0	0	0	0	0	0	0
NR_041076.1	GIN-41-MGE-S217	0	0	0	0	0	0	0	0	0
NR_041075.1	GIN-41-MGE-S217	0	0	0	0	0	0	0	0	0
NR_041074.1	GIN-41-MGE-S217	0	0	0	0	0	0	0	0	0
NR_041073.1	GIN-41-MGE-S217	0	0	0	0	0	0	0	0	0
NR_041072.1	GIN-41-MGE-S217	0	0	0	0	0	0	0	0	0
NR_041070.1	GIN-41-MGE-S217	0	0	0	0	0	0	0	0	0
NR_041069.1	GIN-41-MGE-S217	0	0	0	0	0	0	0	0	0
NR_041068.1	GIN-41-MGE-S217	0	0	0	0	0	0	0	0	0
NR_041067.1	GIN-41-MGE-S217	0	0	0	0	0	0	0	0	0
NR_041066.1	GIN-41-MGE-S217	0	0	0	0	0	0	0	0	0
NR_041065.1	GIN-41-MGE-S217	0	0	0	0	0	0	0	0	0
NR_041064.1	GIN-41-MGE-S217	0	0	0	0	0	0	0	0	0
NR_041063.1	GIN-41-MGE-S217	0	0	0	0	0	0	0	0	0
NR_041062.1	GIN-41-MGE-S217	0	0	0	0	0	0	0	0	0
NR_041060.1	GIN-41-MGE-S217	0	0	0	0	0	0	0	0	0
NR_041059.1	GIN-41-MGE-S217	0	0	0	0	0	0	0	0	0
NR_041058.1	GIN-41-MGE-S217	0	0	0	0	0	0	0	0	0
NR_041057.1	GIN-41-MGE-S217	0	0	0	0	0	0	0	0	0
NR_041051.1	GIN-41-MGE-S217	0	0	0	0	0	0	0	0	0
NR_041048.1	GIN-41-MGE-S217	0	0	0	0	0	0	0	0	0
NR_041047.1	GIN-41-MGE-S217	0	0	0	0	0	0	0	0	0
NR_041045.1	GIN-41-MGE-S217	0	0	0	0	0	0	0	0	0
NR_041044.1	GIN-41-MGE-S217	0	0	0	0	0	0	0	0	0
NR_041040.1	GIN-41-MGE-S217	0	0	0	0	0	0	0	0	0
NR_041039.1	GIN-41-MGE-S217	0	0	0	0	0	0	0	0	0
NR_041038.1	GIN-41-MGE-S217	0	0	0	0	0	0	0	0	0
NR_041037.1	GIN-41-MGE-S217	0	0	0	0	0	0	0	0	0
NR_041036.1	GIN-41-MGE-S217	0	0	0	0	0	0	0	0	0
NR_041035.1	GIN-41-MGE-S217	0	0	0	0	0	0	0	0	0
NR_041034.1	GIN-41-MGE-S217	0	0	0	0	0	0	0	0	0
NR_041031.1	GIN-41-MGE-S217	0	0	0	0	0	0	0	0	0
NR_041030.1	GIN-41-MGE-S217	0	0	0	0	0	0	0	0	0
NR_041029.1	GIN-41-MGE-S217	0	0	0	0	0	0	0	0	0
NR_041028.1	GIN-41-MGE-S217	0	0	0	0	0	0	0	0	0
NR_041027.1	GIN-41-MGE-S217	0	0	0	0	0	0	0	0	0
NR_041026.1	GIN-41-MGE-S217	0	0	0	0	0	0	0	0	0
NR_041025.1	GIN-41-MGE-S217	0	0	0	0	0	0	0	0	0
NR_041021.1	GIN-41-MGE-S217	0	0	0	0	0	0	0	0	0
NR_041015.1	GIN-41-MGE-S217	0	0	0	0	0	0	0	0	0
NR_041012.1	GIN-41-MGE-S217	0	0	0	0	0	0	0	0	0
NR_041011.1	GIN-41-MGE-S217	0	0	0	0	0	0	0	0	0
NR_041005.1	GIN-41-MGE-S217	0	0	0	0	0	0	0	0	0
NR_041004.1	GIN-41-MGE-S217	0	0	0	0	0	0	0	0	0
NR_041003.1	GIN-41-MGE-S217	0	0	0	0	0	0	0	0	0
NR_040997.1	GIN-41-MGE-S217	0	0	0	0	0	0	0	0	0
NR_040984.1	GIN-41-MGE-S217	0	0	0	0	0	0	0	0	0
NR_040983.1	GIN-41-MGE-S217	0	0	0	0	0	0	0	0	0
NR_040982.1	GIN-41-MGE-S217	0	0	0	0	0	0	0	0	0
NR_040981.1	GIN-41-MGE-S217	0	0	0	0	0	0	0	0	0
NR_040980.1	GIN-41-MGE-S217	0	0	0	0	0	0	0	0	0
NR_040979.1	GIN-41-MGE-S217	0	0	0	0	0	0	0	0	0
NR_040976.1	GIN-41-MGE-S217	0	0	0	0	0	0	0	0	0
NR_040963.1	GIN-41-MGE-S217	0	0	0	0	0	0	0	0	0
NR_040962.1	GIN-41-MGE-S217	0	0	0	0	0	0	0	0	0
NR_040961.1	GIN-41-MGE-S217	0	0	0	0	0	0	0	0	0
NR_040960.1	GIN-41-MGE-S217	0	0	0	0	0	0	0	0	0
NR_040954.1	GIN-41-MGE-S217	0	0	0	0	0	0	0	0	0
NR_040953.1	GIN-41-MGE-S217	0	0	0	0	0	0	0	0	0
NR_040946.1	GIN-41-MGE-S217	0	0	0	0	0	0	0	0	0
NR_040944.1	GIN-41-MGE-S217	0	0	0	0	0	0	0	0	0
NR_040942.1	GIN-41-MGE-S217	0	0	0	0	0	0	0	0	0
NR_040941.1	GIN-41-MGE-S217	0	0	0	0	0	0	0	0	0
NR_040937.1	GIN-41-MGE-S217	0	0	0	0	0	0	0	0	0
NR_040936.1	GIN-41-MGE-S217	0	0	0	0	0	0	0	0	0
NR_040933.1	GIN-41-MGE-S217	0	0	0	0	0	0	0	0	0
NR_040932.1	GIN-41-MGE-S217	0	0	0	0	0	0	0	0	0
NR_040931.1	GIN-41-MGE-S217	0	0	0	0	0	0	0	0	0
NR_040930.1	GIN-41-MGE-S217	0	0	0	0	0	0	0	0	0
NR_040929.1	GIN-41-MGE-S217	0	0	0	0	0	0	0	0	0
NR_040928.1	GIN-41-MGE-S217	0	0	0	0	0	0	0	0	0
NR_040927.1	GIN-41-MGE-S217	0	0	0	0	0	0	0	0	0
NR_040926.1	GIN-41-MGE-S217	0	0	0	0	0	0	0	0	0
NR_040924.1	GIN-41-MGE-S217	0	0	0	0	0	0	0	0	0
NR_040921.1	GIN-41-MGE-S217	0	0	0	0	0	0	0	0	0
NR_040920.1	GIN-41-MGE-S217	0	0	0	0	0	0	0	0	0
NR_040919.1	GIN-41-MGE-S217	0	0	0	0	0	0	0	0	0
NR_040917.1	GIN-41-MGE-S217	0	0	0	0	0	0	0	0	0
NR_040916.1	GIN-41-MGE-S217	0	0	0	0	0	0	0	0	0
NR_040915.1	GIN-41-MGE-S217	0	0	0	0	0	0	0	0	0
NR_040914.1	GIN-41-MGE-S217	0	0	0	0	0	0	0	0	0
NR_040913.1	GIN-41-MGE-S217	0	0	0	0	0	0	0	0	0
NR_040912.1	GIN-41-MGE-S217	0	0	0	0	0	0	0	0	0
NR_040909.1	GIN-41-MGE-S217	0	0	0	0	0	0	0	0	0
NR_040908.1	GIN-41-MGE-S217	0	0	0	0	0	0	0	0	0
NR_040907.1	GIN-41-MGE-S217	0	0	0	0	0	0	0	0	0
NR_040905.1	GIN-41-MGE-S217	0	0	0	0	0	0	0	0	0
NR_040904.1	GIN-41-MGE-S217	0	0	0	0	0	0	0	0	0
NR_040903.1	GIN-41-MGE-S217	0	0	0	0	0	0	0	0	0
NR_040901.1	GIN-41-MGE-S217	0	0	0	0	0	0	0	0	0
NR_040900.1	GIN-41-MGE-S217	0	0	0	0	0	0	0	0	0
NR_040899.1	GIN-41-MGE-S217	0	0	0	0	0	0	0	0	0
NR_040898.1	GIN-41-MGE-S217	0	0	0	0	0	0	0	0	0
NR_040897.1	GIN-41-MGE-S217	0	0	0	0	0	0	0	0	0
NR_040896.1	GIN-41-MGE-S217	0	0	0	0	0	0	0	0	0
NR_040895.1	GIN-41-MGE-S217	0	0	0	0	0	0	0	0	0
NR_040894.1	GIN-41-MGE-S217	0	0	0	0	0	0	0	0	0
NR_040893.1	GIN-41-MGE-S217	0	0	0	0	0	0	0	0	0
NR_040892.1	GIN-41-MGE-S217	0	0	0	0	0	0	0	0	0
NR_040890.1	GIN-41-MGE-S217	0	0	0	0	0	0	0	0	0
NR_040889.1	GIN-41-MGE-S217	0	0	0	0	0	0	0	0	0
NR_040887.1	GIN-41-MGE-S217	0	0	0	0	0	0	0	0	0
NR_040886.1	GIN-41-MGE-S217	0	0	0	0	0	0	0	0	0
NR_040885.1	GIN-41-MGE-S217	0	0	0	0	0	0	0	0	0
NR_040884.1	GIN-41-MGE-S217	0	0	0	0	0	0	0	0	0
NR_040883.1	GIN-41-MGE-S217	0	0	0	0	0	0	0	0	0
NR_040882.1	GIN-41-MGE-S217	0	0	0	0	0	0	0	0	0
NR_040874.1	GIN-41-MGE-S217	0	0	0	0	0	0	0	0	0
NR_040873.1	GIN-41-MGE-S217	0	0	0	0	0	0	0	0	0
NR_040872.1	GIN-41-MGE-S217	0	0	0	0	0	0	0	0	0
NR_040868.1	GIN-41-MGE-S217	0	0	0	0	0	0	0	0	0
NR_040866.1	GIN-41-MGE-S217	0	0	0	0	0	0	0	0	0
NR_040865.1	GIN-41-MGE-S217	0	0	0	0	0	0	0	0	0
NR_040863.1	GIN-41-MGE-S217	0	0	0	0	0	0	0	0	0
NR_040862.1	GIN-41-MGE-S217	0	0	0	0	0	0	0	0	0
NR_040861.1	GIN-41-MGE-S217	0	0	0	0	0	0	0	0	0
NR_040857.1	GIN-41-MGE-S217	0	0	0	0	0	0	0	0	0
NR_040856.1	GIN-41-MGE-S217	0	0	0	0	0	0	0	0	0
NR_040855.1	GIN-41-MGE-S217	0	0	0	0	0	0	0	0	0
NR_040847.1	GIN-41-MGE-S217	0	0	0	0	0	0	0	0	0
NR_040845.1	GIN-41-MGE-S217	0	0	0	0	0	0	0	0	0
NR_040844.1	GIN-41-MGE-S217	0	0	0	0	0	0	0	0	0
NR_040843.1	GIN-41-MGE-S217	0	0	0	0	0	0	0	0	0
NR_040841.1	GIN-41-MGE-S217	0	0	0	0	0	0	0	0	0
NR_040839.1	GIN-41-MGE-S217	0	0	0	0	0	0	0	0	0
NR_040837.1	GIN-41-MGE-S217	0	0	0	0	0	0	0	0	0
NR_040832.1	GIN-41-MGE-S217	0	0	0	0	0	0	0	0	0
NR_040830.1	GIN-41-MGE-S217	0	0	0	0	0	0	0	0	0
NR_040829.1	GIN-41-MGE-S217	0	0	0	0	0	0	0	0	0
NR_040827.1	GIN-41-MGE-S217	0	0	0	0	0	0	0	0	0
NR_040825.1	GIN-41-MGE-S217	0	0	0	0	0	0	0	0	0
NR_040824.1	GIN-41-MGE-S217	0	0	0	0	0	0	0	0	0
NR_040820.1	GIN-41-MGE-S217	0	0	0	0	0	0	0	0	0
NR_040816.1	GIN-41-MGE-S217	0	0	0	0	0	0	0	0	0
NR_040814.1	GIN-41-MGE-S217	0	0	0	0	0	0	0	0	0
NR_040813.1	GIN-41-MGE-S217	0	0	0	0	0	0	0	0	0
NR_040812.1	GIN-41-MGE-S217	0	0	0	0	0	0	0	0	0
NR_040811.1	GIN-41-MGE-S217	0	0	0	0	0	0	0	0	0
NR_040810.1	GIN-41-MGE-S217	0	0	0	0	0	0	0	0	0
NR_040809.1	GIN-41-MGE-S217	0	0	0	0	0	0	0	0	0
NR_040807.1	GIN-41-MGE-S217	0	0	0	0	0	0	0	0	0
NR_040805.1	GIN-41-MGE-S217	0	0	0	0	0	0	0	0	0
NR_040804.1	GIN-41-MGE-S217	0	0	0	0	0	0	0	0	0
NR_040803.1	GIN-41-MGE-S217	0	0	0	0	0	0	0	0	0
NR_040802.1	GIN-41-MGE-S217	0	0	0	0	0	0	0	0	0
NR_040801.1	GIN-41-MGE-S217	0	0	0	0	0	0	0	0	0
NR_040800.1	GIN-41-MGE-S217	0	0	0	0	0	0	0	0	0
NR_040798.1	GIN-41-MGE-S217	0	0	0	0	0	0	0	0	0
NR_040795.1	GIN-41-MGE-S217	0	0	0	0	0	0	0	0	0
NR_040794.1	GIN-41-MGE-S217	0	0	0	0	0	0	0	0	0
NR_040791.1	GIN-41-MGE-S217	0	0	0	0	0	0	0	0	0
NR_040789.1	GIN-41-MGE-S217	0	0	0	0	0	0	0	0	0
NR_040787.1	GIN-41-MGE-S217	0	0	0	0	0	0	0	0	0
NR_040786.1	GIN-41-MGE-S217	0	0	0	0	0	0	0	0	0
NR_040785.1	GIN-41-MGE-S217	0	0	0	0	0	0	0	0	0
NR_040782.1	GIN-41-MGE-S217	0	0	0	0	0	0	0	0	0
NR_040781.1	GIN-41-MGE-S217	0	0	0	0	0	0	0	0	0
NR_040780.1	GIN-41-MGE-S217	0	0	0	0	0	0	0	0	0
NR_044741.1	GIN-41-MGE-S217	0	0	0	0	0	0	0	0	0
NR_044654.1	GIN-41-MGE-S217	0	0	0	0	0	0	0	0	0
NR_044650.1	GIN-41-MGE-S217	0	0	0	0	0	0	0	0	0
NR_044640.1	GIN-41-MGE-S217	0	0	0	0	0	0	0	0	0
NR_044626.1	GIN-41-MGE-S217	0	0	0	0	0	0	0	0	0
NR_044624.1	GIN-41-MGE-S217	0	0	0	0	0	0	0	0	0
NR_044622.1	GIN-41-MGE-S217	0	0	0	0	0	0	0	0	0
NR_044621.1	GIN-41-MGE-S217	0	0	0	0	0	0	0	0	0
NR_044620.1	GIN-41-MGE-S217	0	0	0	0	0	0	0	0	0
NR_044619.1	GIN-41-MGE-S217	0	0	0	0	0	0	0	0	0
NR_044618.1	GIN-41-MGE-S217	0	0	0	0	0	0	0	0	0
NR_044601.1	GIN-41-MGE-S217	0	0	0	0	0	0	0	0	0
NR_044600.1	GIN-41-MGE-S217	0	0	0	0	0	0	0	0	0
NR_044599.1	GIN-41-MGE-S217	0	0	0	0	0	0	0	0	0
NR_044576.1	GIN-41-MGE-S217	0	0	0	0	0	0	0	0	0
NR_044564.1	GIN-41-MGE-S217	0	0	0	0	0	0	0	0	0
NR_044543.1	GIN-41-MGE-S217	0	0	0	0	0	0	0	0	0
NR_044525.1	GIN-41-MGE-S217	0	0	0	0	0	0	0	0	0
NR_044524.1	GIN-41-MGE-S217	0	0	0	0	0	0	0	0	0
NR_044521.1	GIN-41-MGE-S217	0	0	0	0	0	0	0	0	0
NR_044520.1	GIN-41-MGE-S217	0	0	0	0	0	0	0	0	0
NR_044516.1	GIN-41-MGE-S217	0	0	0	0	0	0	0	0	0
NR_044509.1	GIN-41-MGE-S217	0	0	0	0	0	0	0	0	0
NR_044507.1	GIN-41-MGE-S217	0	0	0	0	0	0	0	0	0
NR_044506.1	GIN-41-MGE-S217	0	0	0	0	0	0	0	0	0
NR_044473.1	GIN-41-MGE-S217	3	3	0	0	0	0	0	0	0
NR_044448.1	GIN-41-MGE-S217	0	0	0	0	0	0	0	0	0
NR_044447.1	GIN-41-MGE-S217	0	0	0	0	0	0	0	0	0
NR_044430.1	GIN-41-MGE-S217	0	0	0	0	0	0	0	0	0
NR_044428.1	GIN-41-MGE-S217	0	0	0	0	0	0	0	0	0
NR_044396.1	GIN-41-MGE-S217	0	0	0	0	0	0	0	0	0
NR_044369.1	GIN-41-MGE-S217	0	0	0	0	0	0	0	0	0
NR_044364.1	GIN-41-MGE-S217	0	0	0	0	0	0	0	0	0
NR_044363.1	GIN-41-MGE-S217	0	0	0	0	0	0	0	0	0
NR_044359.1	GIN-41-MGE-S217	0	0	0	0	0	0	0	0	0
NR_044358.1	GIN-41-MGE-S217	0	0	0	0	0	0	0	0	0
NR_044357.1	GIN-41-MGE-S217	0	0	0	0	0	0	0	0	0
NR_044323.1	GIN-41-MGE-S217	0	0	0	0	0	0	0	0	0
NR_044320.1	GIN-41-MGE-S217	0	0	0	0	0	0	0	0	0
NR_044318.1	GIN-41-MGE-S217	0	0	0	0	0	0	0	0	0
NR_044304.1	GIN-41-MGE-S217	0	0	0	0	0	0	0	0	0
NR_044296.1	GIN-41-MGE-S217	0	0	0	0	0	0	0	0	0
NR_044290.1	GIN-41-MGE-S217	0	0	0	0	0	0	0	0	0
NR_044288.1	GIN-41-MGE-S217	0	0	0	0	0	0	0	0	0
NR_044281.1	GIN-41-MGE-S217	0	0	0	0	0	0	0	0	0
NR_044279.1	GIN-41-MGE-S217	0	0	0	0	0	0	0	0	0
NR_044271.1	GIN-41-MGE-S217	0	0	0	0	0	0	0	0	0
NR_044266.1	GIN-41-MGE-S217	0	0	0	0	0	0	0	0	0
NR_044259.1	GIN-41-MGE-S217	0	0	0	0	0	0	0	0	0
NR_044256.1	GIN-41-MGE-S217	0	0	0	0	0	0	0	0	0
NR_044255.1	GIN-41-MGE-S217	0	0	0	0	0	0	0	0	0
NR_044254.1	GIN-41-MGE-S217	0	0	0	0	0	0	0	0	0
NR_044248.1	GIN-41-MGE-S217	0	0	0	0	0	0	0	0	0
NR_044242.1	GIN-41-MGE-S217	0	0	0	0	0	0	0	0	0
NR_044224.1	GIN-41-MGE-S217	0	0	0	0	0	0	0	0	0
NR_044223.1	GIN-41-MGE-S217	0	0	0	0	0	0	0	0	0
NR_044208.1	GIN-41-MGE-S217	0	0	0	0	0	0	0	0	0
NR_044203.1	GIN-41-MGE-S217	0	0	0	0	0	0	0	0	0
NR_044196.1	GIN-41-MGE-S217	0	0	0	0	0	0	0	0	0
NR_044182.1	GIN-41-MGE-S217	0	0	0	0	0	0	0	0	0
NR_044178.1	GIN-41-MGE-S217	0	0	0	0	0	0	0	0	0
NR_044159.1	GIN-41-MGE-S217	0	0	0	0	0	0	0	0	0
NR_044131.1	GIN-41-MGE-S217	0	0	0	0	0	0	0	0	0
NR_044125.1	GIN-41-MGE-S217	0	0	0	0	0	0	0	0	0
NR_044117.1	GIN-41-MGE-S217	0	0	0	0	0	0	0	0	0
NR_044115.1	GIN-41-MGE-S217	0	0	0	0	0	0	0	0	0
NR_044112.1	GIN-41-MGE-S217	0	0	0	0	0	0	0	0	0
NR_044110.1	GIN-41-MGE-S217	0	0	0	0	0	0	0	0	0
NR_044077.1	GIN-41-MGE-S217	0	0	0	0	0	0	0	0	0
NR_044076.1	GIN-41-MGE-S217	0	0	0	0	0	0	0	0	0
NR_044063.1	GIN-41-MGE-S217	0	0	0	0	0	0	0	0	0
NR_044049.1	GIN-41-MGE-S217	0	0	0	0	0	0	0	0	0
NR_044048.1	GIN-41-MGE-S217	0	0	0	0	0	0	0	0	0
NR_044045.1	GIN-41-MGE-S217	0	0	0	0	0	0	0	0	0
NR_044044.1	GIN-41-MGE-S217	0	0	0	0	0	0	0	0	0
NR_044015.1	GIN-41-MGE-S217	0	0	0	0	0	0	0	0	0
NR_043978.1	GIN-41-MGE-S217	0	0	0	0	0	0	0	0	0
NR_043975.1	GIN-41-MGE-S217	0	0	0	0	0	0	0	0	0
NR_043957.1	GIN-41-MGE-S217	0	0	0	0	0	0	0	0	0
NR_043952.1	GIN-41-MGE-S217	0	0	0	0	0	0	0	0	0
NR_043951.1	GIN-41-MGE-S217	0	0	0	0	0	0	0	0	0
NR_043950.1	GIN-41-MGE-S217	0	0	0	0	0	0	0	0	0
NR_043949.1	GIN-41-MGE-S217	0	0	0	0	0	0	0	0	0
NR_043948.1	GIN-41-MGE-S217	0	0	0	0	0	0	0	0	0
NR_043947.1	GIN-41-MGE-S217	0	0	0	0	0	0	0	0	0
NR_043946.1	GIN-41-MGE-S217	0	0	0	0	0	0	0	0	0
NR_043945.1	GIN-41-MGE-S217	0	0	0	0	0	0	0	0	0
NR_043944.1	GIN-41-MGE-S217	0	0	0	0	0	0	0	0	0
NR_043942.1	GIN-41-MGE-S217	0	0	0	0	0	0	0	0	0
NR_043941.1	GIN-41-MGE-S217	0	0	0	0	0	0	0	0	0
NR_043940.1	GIN-41-MGE-S217	0	0	0	0	0	0	0	0	0
NR_043939.1	GIN-41-MGE-S217	0	0	0	0	0	0	0	0	0
NR_043938.1	GIN-41-MGE-S217	0	0	0	0	0	0	0	0	0
NR_043927.1	GIN-41-MGE-S217	0	0	0	0	0	0	0	0	0
NR_043911.1	GIN-41-MGE-S217	0	0	0	0	0	0	0	0	0
NR_043908.1	GIN-41-MGE-S217	0	0	0	0	0	0	0	0	0
NR_043906.1	GIN-41-MGE-S217	0	0	0	0	0	0	0	0	0
NR_043905.1	GIN-41-MGE-S217	0	0	0	0	0	0	0	0	0
NR_043894.1	GIN-41-MGE-S217	0	0	0	0	0	0	0	0	0
NR_043889.1	GIN-41-MGE-S217	0	0	0	0	0	0	0	0	0
NR_043886.1	GIN-41-MGE-S217	0	0	0	0	0	0	0	0	0
NR_043885.1	GIN-41-MGE-S217	0	0	0	0	0	0	0	0	0
NR_043883.1	GIN-41-MGE-S217	0	0	0	0	0	0	0	0	0
NR_043873.1	GIN-41-MGE-S217	0	0	0	0	0	0	0	0	0
NR_043871.1	GIN-41-MGE-S217	0	0	0	0	0	0	0	0	0
NR_043864.1	GIN-41-MGE-S217	0	0	0	0	0	0	0	0	0
NR_043857.1	GIN-41-MGE-S217	0	0	0	0	0	0	0	0	0
NR_043799.1	GIN-41-MGE-S217	0	0	0	0	0	0	0	0	0
NR_043798.1	GIN-41-MGE-S217	0	0	0	0	0	0	0	0	0
NR_043782.1	GIN-41-MGE-S217	0	0	0	0	0	0	0	0	0
NR_043761.1	GIN-41-MGE-S217	0	0	0	0	0	0	0	0	0
NR_043758.1	GIN-41-MGE-S217	0	0	0	0	0	0	0	0	0
NR_043752.1	GIN-41-MGE-S217	0	0	0	0	0	0	0	0	0
NR_043737.1	GIN-41-MGE-S217	0	0	0	0	0	0	0	0	0
NR_043724.1	GIN-41-MGE-S217	0	0	0	0	0	0	0	0	0
NR_043723.1	GIN-41-MGE-S217	0	0	0	0	0	0	0	0	0
NR_043722.1	GIN-41-MGE-S217	0	0	0	0	0	0	0	0	0
NR_043716.1	GIN-41-MGE-S217	0	0	0	0	0	0	0	0	0
NR_043715.1	GIN-41-MGE-S217	0	0	0	0	0	0	0	0	0
NR_043711.1	GIN-41-MGE-S217	0	0	0	0	0	0	0	0	0
NR_043709.1	GIN-41-MGE-S217	0	0	0	0	0	0	0	0	0
NR_043691.1	GIN-41-MGE-S217	0	0	0	0	0	0	0	0	0
NR_043689.1	GIN-41-MGE-S217	0	0	0	0	0	0	0	0	0
NR_043683.1	GIN-41-MGE-S217	0	0	0	0	0	0	0	0	0
NR_043666.1	GIN-41-MGE-S217	0	0	0	0	0	0	0	0	0
NR_043652.1	GIN-41-MGE-S217	0	0	0	0	0	0	0	0	0
NR_043642.1	GIN-41-MGE-S217	0	0	0	0	0	0	0	0	0
NR_043638.1	GIN-41-MGE-S217	0	0	0	0	0	0	0	0	0
NR_043623.1	GIN-41-MGE-S217	0	0	0	0	0	0	0	0	0
NR_043611.1	GIN-41-MGE-S217	0	0	0	0	0	0	0	0	0
NR_043595.1	GIN-41-MGE-S217	0	0	0	0	0	0	0	0	0
NR_043588.1	GIN-41-MGE-S217	0	0	0	0	0	0	0	0	0
NR_043585.1	GIN-41-MGE-S217	0	0	0	0	0	0	0	0	0
NR_043573.1	GIN-41-MGE-S217	0	0	0	0	0	0	0	0	0
NR_043564.1	GIN-41-MGE-S217	0	0	0	0	0	0	0	0	0
NR_043549.1	GIN-41-MGE-S217	0	0	0	0	0	0	0	0	0
NR_043548.1	GIN-41-MGE-S217	0	0	0	0	0	0	0	0	0
NR_043540.1	GIN-41-MGE-S217	0	0	0	0	0	0	0	0	0
NR_043534.1	GIN-41-MGE-S217	0	0	0	0	0	0	0	0	0
NR_043519.1	GIN-41-MGE-S217	0	0	0	0	0	0	0	0	0
NR_043518.1	GIN-41-MGE-S217	0	0	0	0	0	0	0	0	0
NR_043517.1	GIN-41-MGE-S217	0	0	0	0	0	0	0	0	0
NR_043514.1	GIN-41-MGE-S217	0	0	0	0	0	0	0	0	0
NR_043510.1	GIN-41-MGE-S217	0	0	0	0	0	0	0	0	0
NR_043461.1	GIN-41-MGE-S217	0	0	0	0	0	0	0	0	0
NR_043459.1	GIN-41-MGE-S217	0	0	0	0	0	0	0	0	0
NR_043458.1	GIN-41-MGE-S217	0	0	0	0	0	0	0	0	0
NR_043385.1	GIN-41-MGE-S217	0	0	0	0	0	0	0	0	0
NR_043328.1	GIN-41-MGE-S217	0	0	0	0	0	0	0	0	0
NR_043327.1	GIN-41-MGE-S217	0	0	0	0	0	0	0	0	0
NR_043326.1	GIN-41-MGE-S217	0	0	0	0	0	0	0	0	0
NR_043314.1	GIN-41-MGE-S217	0	0	0	0	0	0	0	0	0
NR_043313.1	GIN-41-MGE-S217	0	0	0	0	0	0	0	0	0
NR_043296.1	GIN-41-MGE-S217	0	0	0	0	0	0	0	0	0
NR_043287.1	GIN-41-MGE-S217	0	0	0	0	0	0	0	0	0
NR_043275.1	GIN-41-MGE-S217	0	0	0	0	0	0	0	0	0
NR_043258.1	GIN-41-MGE-S217	0	0	0	0	0	0	0	0	0
NR_043254.1	GIN-41-MGE-S217	0	0	0	0	0	0	0	0	0
NR_043253.1	GIN-41-MGE-S217	0	0	0	0	0	0	0	0	0
NR_043249.1	GIN-41-MGE-S217	0	0	0	0	0	0	0	0	0
NR_043242.1	GIN-41-MGE-S217	0	0	0	0	0	0	0	0	0
NR_043222.1	GIN-41-MGE-S217	0	0	0	0	0	0	0	0	0
NR_043216.1	GIN-41-MGE-S217	0	0	0	0	0	0	0	0	0
NR_043209.1	GIN-41-MGE-S217	0	0	0	0	0	0	0	0	0
NR_043195.1	GIN-41-MGE-S217	0	0	0	0	0	0	0	0	0
NR_043179.1	GIN-41-MGE-S217	0	0	0	0	0	0	0	0	0
NR_043168.1	GIN-41-MGE-S217	0	0	0	0	0	0	0	0	0
NR_043165.1	GIN-41-MGE-S217	0	0	0	0	0	0	0	0	0
NR_043142.1	GIN-41-MGE-S217	0	0	0	0	0	0	0	0	0
NR_043129.1	GIN-41-MGE-S217	0	0	0	0	0	0	0	0	0
NR_043108.1	GIN-41-MGE-S217	0	0	0	0	0	0	0	0	0
NR_043093.1	GIN-41-MGE-S217	0	0	0	0	0	0	0	0	0
NR_043078.1	GIN-41-MGE-S217	0	0	0	0	0	0	0	0	0
NR_043067.1	GIN-41-MGE-S217	0	0	0	0	0	0	0	0	0
NR_043064.1	GIN-41-MGE-S217	0	0	0	0	0	0	0	0	0
NR_043063.1	GIN-41-MGE-S217	0	0	0	0	0	0	0	0	0
NR_043062.1	GIN-41-MGE-S217	0	0	0	0	0	0	0	0	0
NR_043058.1	GIN-41-MGE-S217	0	0	0	0	0	0	0	0	0
NR_043053.1	GIN-41-MGE-S217	0	0	0	0	0	0	0	0	0
NR_043052.1	GIN-41-MGE-S217	0	0	0	0	0	0	0	0	0
NR_043034.1	GIN-41-MGE-S217	0	0	0	0	0	0	0	0	0
NR_042960.1	GIN-41-MGE-S217	0	0	0	0	0	0	0	0	0
NR_042958.1	GIN-41-MGE-S217	0	0	0	0	0	0	0	0	0
NR_042957.1	GIN-41-MGE-S217	0	0	0	0	0	0	0	0	0
NR_042956.1	GIN-41-MGE-S217	0	0	0	0	0	0	0	0	0
NR_042947.1	GIN-41-MGE-S217	0	0	0	0	0	0	0	0	0
NR_042906.1	GIN-41-MGE-S217	0	0	0	0	0	0	0	0	0
NR_042897.1	GIN-41-MGE-S217	0	0	0	0	0	0	0	0	0
NR_042893.1	GIN-41-MGE-S217	0	0	0	0	0	0	0	0	0
NR_042861.1	GIN-41-MGE-S217	0	0	0	0	0	0	0	0	0
NR_042858.1	GIN-41-MGE-S217	0	0	0	0	0	0	0	0	0
NR_042854.1	GIN-41-MGE-S217	0	0	0	0	0	0	0	0	0
NR_042848.1	GIN-41-MGE-S217	0	0	0	0	0	0	0	0	0
NR_042847.1	GIN-41-MGE-S217	0	0	0	0	0	0	0	0	0
NR_042845.1	GIN-41-MGE-S217	0	0	0	0	0	0	0	0	0
NR_042843.1	GIN-41-MGE-S217	0	0	0	0	0	0	0	0	0
NR_042842.1	GIN-41-MGE-S217	0	0	0	0	0	0	0	0	0
NR_042841.1	GIN-41-MGE-S217	0	0	0	0	0	0	0	0	0
NR_042840.1	GIN-41-MGE-S217	0	0	0	0	0	0	0	0	0
NR_042827.1	GIN-41-MGE-S217	0	0	0	0	0	0	0	0	0
NR_042811.1	GIN-41-MGE-S217	0	0	0	0	0	0	0	0	0
NR_042803.1	GIN-41-MGE-S217	0	0	0	0	0	0	0	0	0
NR_042801.1	GIN-41-MGE-S217	0	0	0	0	0	0	0	0	0
NR_042800.1	GIN-41-MGE-S217	0	0	0	0	0	0	0	0	0
NR_042793.1	GIN-41-MGE-S217	0	0	0	0	0	0	0	0	0
NR_042779.1	GIN-41-MGE-S217	0	0	0	0	0	0	0	0	0
NR_042778.1	GIN-41-MGE-S217	0	0	0	0	0	0	0	0	0
NR_042777.1	GIN-41-MGE-S217	0	0	0	0	0	0	0	0	0
NR_042776.1	GIN-41-MGE-S217	0	0	0	0	0	0	0	0	0
NR_042775.1	GIN-41-MGE-S217	0	0	0	0	0	0	0	0	0
NR_042774.1	GIN-41-MGE-S217	0	0	0	0	0	0	0	0	0
NR_042773.1	GIN-41-MGE-S217	0	0	0	0	0	0	0	0	0
NR_042772.1	GIN-41-MGE-S217	0	0	0	0	0	0	0	0	0
NR_042771.1	GIN-41-MGE-S217	0	0	0	0	0	0	0	0	0
NR_042770.1	GIN-41-MGE-S217	0	0	0	0	0	0	0	0	0
NR_042761.1	GIN-41-MGE-S217	0	0	0	0	0	0	0	0	0
NR_042758.1	GIN-41-MGE-S217	0	0	0	0	0	0	0	0	0
NR_042729.1	GIN-41-MGE-S217	0	0	0	0	0	0	0	0	0
NR_042728.1	GIN-41-MGE-S217	0	0	0	0	0	0	0	0	0
NR_042725.1	GIN-41-MGE-S217	0	0	0	0	0	0	0	0	0
NR_042721.1	GIN-41-MGE-S217	0	0	0	0	0	0	0	0	0
NR_041932.1	GIN-41-MGE-S217	0	0	0	0	0	0	0	0	0
NR_041928.1	GIN-41-MGE-S217	0	0	0	0	0	0	0	0	0
NR_041927.1	GIN-41-MGE-S217	0	0	0	0	0	0	0	0	0
NR_041905.1	GIN-41-MGE-S217	0	0	0	0	0	0	0	0	0
NR_041904.1	GIN-41-MGE-S217	0	0	0	0	0	0	0	0	0
NR_041902.1	GIN-41-MGE-S217	0	0	0	0	0	0	0	0	0
NR_041901.1	GIN-41-MGE-S217	0	0	0	0	0	0	0	0	0
NR_041900.1	GIN-41-MGE-S217	0	0	0	0	0	0	0	0	0
NR_041899.1	GIN-41-MGE-S217	0	0	0	0	0	0	0	0	0
NR_041898.1	GIN-41-MGE-S217	0	0	0	0	0	0	0	0	0
NR_041897.1	GIN-41-MGE-S217	0	0	0	0	0	0	0	0	0
NR_041894.1	GIN-41-MGE-S217	0	0	0	0	0	0	0	0	0
NR_041890.1	GIN-41-MGE-S217	0	0	0	0	0	0	0	0	0
NR_041889.1	GIN-41-MGE-S217	0	0	0	0	0	0	0	0	0
NR_041888.1	GIN-41-MGE-S217	0	0	0	0	0	0	0	0	0
NR_041887.1	GIN-41-MGE-S217	0	0	0	0	0	0	0	0	0
NR_041836.1	GIN-41-MGE-S217	0	0	0	0	0	0	0	0	0
NR_041827.1	GIN-41-MGE-S217	0	0	0	0	0	0	0	0	0
NR_041825.1	GIN-41-MGE-S217	0	0	0	0	0	0	0	0	0
NR_041821.1	GIN-41-MGE-S217	0	0	0	0	0	0	0	0	0
NR_041817.1	GIN-41-MGE-S217	0	0	0	0	0	0	0	0	0
NR_041816.1	GIN-41-MGE-S217	0	0	0	0	0	0	0	0	0
NR_041815.1	GIN-41-MGE-S217	0	0	0	0	0	0	0	0	0
NR_041814.1	GIN-41-MGE-S217	0	0	0	0	0	0	0	0	0
NR_041804.1	GIN-41-MGE-S217	0	0	0	0	0	0	0	0	0
NR_041799.1	GIN-41-MGE-S217	0	0	0	0	0	0	0	0	0
NR_041795.1	GIN-41-MGE-S217	0	0	0	0	0	0	0	0	0
NR_041793.1	GIN-41-MGE-S217	0	0	0	0	0	0	0	0	0
NR_041791.1	GIN-41-MGE-S217	0	0	0	0	0	0	0	0	0
NR_041790.1	GIN-41-MGE-S217	0	0	0	0	0	0	0	0	0
NR_037014.2	GIN-41-MGE-S217	0	0	0	0	0	0	0	0	0
NR_037013.2	GIN-41-MGE-S217	0	0	0	0	0	0	0	0	0
NR_036911.2	GIN-41-MGE-S217	0	0	0	0	0	0	0	0	0
NR_026089.2	GIN-41-MGE-S217	0	0	0	0	0	0	0	0	0
NR_025945.2	GIN-41-MGE-S217	0	0	0	0	0	0	0	0	0
NR_024713.2	GIN-41-MGE-S217	0	0	0	0	0	0	0	0	0
NR_037140.1	GIN-41-MGE-S217	0	0	0	0	0	0	0	0	0
NR_037139.1	GIN-41-MGE-S217	0	0	0	0	0	0	0	0	0
NR_037138.1	GIN-41-MGE-S217	0	0	0	0	0	0	0	0	0
NR_037137.1	GIN-41-MGE-S217	0	0	0	0	0	0	0	0	0
NR_037136.1	GIN-41-MGE-S217	0	0	0	0	0	0	0	0	0
NR_037135.1	GIN-41-MGE-S217	0	0	0	0	0	0	0	0	0
NR_037134.1	GIN-41-MGE-S217	0	0	0	0	0	0	0	0	0
NR_037133.1	GIN-41-MGE-S217	0	0	0	0	0	0	0	0	0
NR_037132.1	GIN-41-MGE-S217	0	0	0	0	0	0	0	0	0
NR_037129.1	GIN-41-MGE-S217	0	0	0	0	0	0	0	0	0
NR_037128.1	GIN-41-MGE-S217	0	0	0	0	0	0	0	0	0
NR_037127.1	GIN-41-MGE-S217	0	0	0	0	0	0	0	0	0
NR_037126.1	GIN-41-MGE-S217	0	0	0	0	0	0	0	0	0
NR_037125.1	GIN-41-MGE-S217	0	0	0	0	0	0	0	0	0
NR_037124.1	GIN-41-MGE-S217	0	0	0	0	0	0	0	0	0
NR_037121.1	GIN-41-MGE-S217	0	0	0	0	0	0	0	0	0
NR_037120.1	GIN-41-MGE-S217	0	0	0	0	0	0	0	0	0
NR_037119.1	GIN-41-MGE-S217	0	0	0	0	0	0	0	0	0
NR_037116.1	GIN-41-MGE-S217	0	0	0	0	0	0	0	0	0
NR_037114.1	GIN-41-MGE-S217	0	0	0	0	0	0	0	0	0
NR_037113.1	GIN-41-MGE-S217	0	0	0	0	0	0	0	0	0
NR_037112.1	GIN-41-MGE-S217	0	0	0	0	0	0	0	0	0
NR_037111.1	GIN-41-MGE-S217	0	0	0	0	0	0	0	0	0
NR_037108.1	GIN-41-MGE-S217	0	0	0	0	0	0	0	0	0
NR_037106.1	GIN-41-MGE-S217	0	0	0	0	0	0	0	0	0
NR_037105.1	GIN-41-MGE-S217	0	0	0	0	0	0	0	0	0
NR_037104.1	GIN-41-MGE-S217	0	0	0	0	0	0	0	0	0
NR_037102.1	GIN-41-MGE-S217	0	0	0	0	0	0	0	0	0
NR_037097.1	GIN-41-MGE-S217	0	0	0	0	0	0	0	0	0
NR_037095.1	GIN-41-MGE-S217	0	0	0	0	0	0	0	0	0
NR_037094.1	GIN-41-MGE-S217	0	0	0	0	0	0	0	0	0
NR_037093.1	GIN-41-MGE-S217	0	0	0	0	0	0	0	0	0
NR_037092.1	GIN-41-MGE-S217	0	0	0	0	0	0	0	0	0
NR_037091.1	GIN-41-MGE-S217	0	0	0	0	0	0	0	0	0
NR_037090.1	GIN-41-MGE-S217	0	0	0	0	0	0	0	0	0
NR_037087.1	GIN-41-MGE-S217	0	0	0	0	0	0	0	0	0
NR_037086.1	GIN-41-MGE-S217	0	0	0	0	0	0	0	0	0
NR_037085.1	GIN-41-MGE-S217	0	0	0	0	0	0	0	0	0
NR_037083.1	GIN-41-MGE-S217	0	0	0	0	0	0	0	0	0
NR_037082.1	GIN-41-MGE-S217	0	0	0	0	0	0	0	0	0
NR_037078.1	GIN-41-MGE-S217	0	0	0	0	0	0	0	0	0
NR_037075.1	GIN-41-MGE-S217	0	0	0	0	0	0	0	0	0
NR_037073.1	GIN-41-MGE-S217	0	0	0	0	0	0	0	0	0
NR_037072.1	GIN-41-MGE-S217	0	0	0	0	0	0	0	0	0
NR_037071.1	GIN-41-MGE-S217	0	0	0	0	0	0	0	0	0
NR_037067.1	GIN-41-MGE-S217	0	0	0	0	0	0	0	0	0
NR_037062.1	GIN-41-MGE-S217	0	0	0	0	0	0	0	0	0
NR_037061.1	GIN-41-MGE-S217	0	0	0	0	0	0	0	0	0
NR_037060.1	GIN-41-MGE-S217	0	0	0	0	0	0	0	0	0
NR_037059.1	GIN-41-MGE-S217	0	0	0	0	0	0	0	0	0
NR_037056.1	GIN-41-MGE-S217	0	0	0	0	0	0	0	0	0
NR_037053.1	GIN-41-MGE-S217	0	0	0	0	0	0	0	0	0
NR_037051.1	GIN-41-MGE-S217	0	0	0	0	0	0	0	0	0
NR_037050.1	GIN-41-MGE-S217	0	0	0	0	0	0	0	0	0
NR_037047.1	GIN-41-MGE-S217	0	0	0	0	0	0	0	0	0
NR_037045.1	GIN-41-MGE-S217	0	0	0	0	0	0	0	0	0
NR_037044.1	GIN-41-MGE-S217	0	0	0	0	0	0	0	0	0
NR_037043.1	GIN-41-MGE-S217	0	0	0	0	0	0	0	0	0
NR_037041.1	GIN-41-MGE-S217	0	0	0	0	0	0	0	0	0
NR_037040.1	GIN-41-MGE-S217	0	0	0	0	0	0	0	0	0
NR_037037.1	GIN-41-MGE-S217	0	0	0	0	0	0	0	0	0
NR_037036.1	GIN-41-MGE-S217	0	0	0	0	0	0	0	0	0
NR_037035.1	GIN-41-MGE-S217	0	0	0	0	0	0	0	0	0
NR_037034.1	GIN-41-MGE-S217	0	0	0	0	0	0	0	0	0
NR_037033.1	GIN-41-MGE-S217	0	0	0	0	0	0	0	0	0
NR_037032.1	GIN-41-MGE-S217	0	0	0	0	0	0	0	0	0
NR_037031.1	GIN-41-MGE-S217	0	0	0	0	0	0	0	0	0
NR_037030.1	GIN-41-MGE-S217	0	0	0	0	0	0	0	0	0
NR_037029.1	GIN-41-MGE-S217	0	0	0	0	0	0	0	0	0
NR_037026.1	GIN-41-MGE-S217	0	0	0	0	0	0	0	0	0
NR_037025.1	GIN-41-MGE-S217	0	0	0	0	0	0	0	0	0
NR_037024.1	GIN-41-MGE-S217	0	0	0	0	0	0	0	0	0
NR_037023.1	GIN-41-MGE-S217	0	0	0	0	0	0	0	0	0
NR_037022.1	GIN-41-MGE-S217	0	0	0	0	0	0	0	0	0
NR_037021.1	GIN-41-MGE-S217	0	0	0	0	0	0	0	0	0
NR_037020.1	GIN-41-MGE-S217	0	0	0	0	0	0	0	0	0
NR_037017.1	GIN-41-MGE-S217	0	0	0	0	0	0	0	0	0
NR_037016.1	GIN-41-MGE-S217	0	0	0	0	0	0	0	0	0
NR_037011.1	GIN-41-MGE-S217	0	0	0	0	0	0	0	0	0
NR_037010.1	GIN-41-MGE-S217	0	0	0	0	0	0	0	0	0
NR_037009.1	GIN-41-MGE-S217	0	0	0	0	0	0	0	0	0
NR_037006.1	GIN-41-MGE-S217	0	0	0	0	0	0	0	0	0
NR_037005.1	GIN-41-MGE-S217	0	0	0	0	0	0	0	0	0
NR_037003.1	GIN-41-MGE-S217	0	0	0	0	0	0	0	0	0
NR_037002.1	GIN-41-MGE-S217	0	0	0	0	0	0	0	0	0
NR_036999.1	GIN-41-MGE-S217	0	0	0	0	0	0	0	0	0
NR_036998.1	GIN-41-MGE-S217	0	0	0	0	0	0	0	0	0
NR_036997.1	GIN-41-MGE-S217	0	0	0	0	0	0	0	0	0
NR_036996.1	GIN-41-MGE-S217	0	0	0	0	0	0	0	0	0
NR_036995.1	GIN-41-MGE-S217	0	0	0	0	0	0	0	0	0
NR_036993.1	GIN-41-MGE-S217	0	0	0	0	0	0	0	0	0
NR_036992.1	GIN-41-MGE-S217	0	0	0	0	0	0	0	0	0
NR_036991.1	GIN-41-MGE-S217	0	0	0	0	0	0	0	0	0
NR_036990.1	GIN-41-MGE-S217	0	0	0	0	0	0	0	0	0
NR_036989.1	GIN-41-MGE-S217	0	0	0	0	0	0	0	0	0
NR_036988.1	GIN-41-MGE-S217	0	0	0	0	0	0	0	0	0
NR_036987.1	GIN-41-MGE-S217	0	0	0	0	0	0	0	0	0
NR_036986.1	GIN-41-MGE-S217	0	0	0	0	0	0	0	0	0
NR_036985.1	GIN-41-MGE-S217	0	0	0	0	0	0	0	0	0
NR_036984.1	GIN-41-MGE-S217	0	0	0	0	0	0	0	0	0
NR_036981.1	GIN-41-MGE-S217	0	0	0	0	0	0	0	0	0
NR_036980.1	GIN-41-MGE-S217	0	0	0	0	0	0	0	0	0
NR_036979.1	GIN-41-MGE-S217	0	0	0	0	0	0	0	0	0
NR_036977.1	GIN-41-MGE-S217	0	0	0	0	0	0	0	0	0
NR_036976.1	GIN-41-MGE-S217	0	0	0	0	0	0	0	0	0
NR_036975.1	GIN-41-MGE-S217	0	0	0	0	0	0	0	0	0
NR_036974.1	GIN-41-MGE-S217	0	0	0	0	0	0	0	0	0
NR_036970.1	GIN-41-MGE-S217	0	0	0	0	0	0	0	0	0
NR_036969.1	GIN-41-MGE-S217	0	0	0	0	0	0	0	0	0
NR_036968.1	GIN-41-MGE-S217	0	0	0	0	0	0	0	0	0
NR_036966.1	GIN-41-MGE-S217	0	0	0	0	0	0	0	0	0
NR_036964.1	GIN-41-MGE-S217	0	0	0	0	0	0	0	0	0
NR_036963.1	GIN-41-MGE-S217	0	0	0	0	0	0	0	0	0
NR_036959.1	GIN-41-MGE-S217	0	0	0	0	0	0	0	0	0
NR_036958.1	GIN-41-MGE-S217	0	0	0	0	0	0	0	0	0
NR_036957.1	GIN-41-MGE-S217	0	0	0	0	0	0	0	0	0
NR_036956.1	GIN-41-MGE-S217	0	0	0	0	0	0	0	0	0
NR_036953.1	GIN-41-MGE-S217	0	0	0	0	0	0	0	0	0
NR_036951.1	GIN-41-MGE-S217	0	0	0	0	0	0	0	0	0
NR_036949.1	GIN-41-MGE-S217	0	0	0	0	0	0	0	0	0
NR_036944.1	GIN-41-MGE-S217	0	0	0	0	0	0	0	0	0
NR_036943.1	GIN-41-MGE-S217	0	0	0	0	0	0	0	0	0
NR_036942.1	GIN-41-MGE-S217	0	0	0	0	0	0	0	0	0
NR_036937.1	GIN-41-MGE-S217	0	0	0	0	0	0	0	0	0
NR_036935.1	GIN-41-MGE-S217	0	0	0	0	0	0	0	0	0
NR_036931.1	GIN-41-MGE-S217	0	0	0	0	0	0	0	0	0
NR_036929.1	GIN-41-MGE-S217	0	0	0	0	0	0	0	0	0
NR_036928.1	GIN-41-MGE-S217	0	0	0	0	0	0	0	0	0
NR_036926.1	GIN-41-MGE-S217	0	0	0	0	0	0	0	0	0
NR_036925.1	GIN-41-MGE-S217	0	0	0	0	0	0	0	0	0
NR_036924.1	GIN-41-MGE-S217	0	0	0	0	0	0	0	0	0
NR_036923.1	GIN-41-MGE-S217	0	0	0	0	0	0	0	0	0
NR_036922.1	GIN-41-MGE-S217	0	0	0	0	0	0	0	0	0
NR_036921.1	GIN-41-MGE-S217	0	0	0	0	0	0	0	0	0
NR_036919.1	GIN-41-MGE-S217	0	0	0	0	0	0	0	0	0
NR_036918.1	GIN-41-MGE-S217	0	0	0	0	0	0	0	0	0
NR_036916.1	GIN-41-MGE-S217	0	0	0	0	0	0	0	0	0
NR_036915.1	GIN-41-MGE-S217	0	0	0	0	0	0	0	0	0
NR_036914.1	GIN-41-MGE-S217	0	0	0	0	0	0	0	0	0
NR_036909.1	GIN-41-MGE-S217	0	0	0	0	0	0	0	0	0
NR_036908.1	GIN-41-MGE-S217	0	0	0	0	0	0	0	0	0
NR_036907.1	GIN-41-MGE-S217	0	0	0	0	0	0	0	0	0
NR_036906.1	GIN-41-MGE-S217	0	0	0	0	0	0	0	0	0
NR_036905.1	GIN-41-MGE-S217	0	0	0	0	0	0	0	0	0
NR_036904.1	GIN-41-MGE-S217	0	0	0	0	0	0	0	0	0
NR_036903.1	GIN-41-MGE-S217	0	0	0	0	0	0	0	0	0
NR_036901.1	GIN-41-MGE-S217	0	0	0	0	0	0	0	0	0
NR_036900.1	GIN-41-MGE-S217	0	0	0	0	0	0	0	0	0
NR_036899.1	GIN-41-MGE-S217	0	0	0	0	0	0	0	0	0
NR_036897.1	GIN-41-MGE-S217	0	0	0	0	0	0	0	0	0
NR_036894.1	GIN-41-MGE-S217	0	0	0	0	0	0	0	0	0
NR_036893.1	GIN-41-MGE-S217	0	0	0	0	0	0	0	0	0
NR_036892.1	GIN-41-MGE-S217	0	0	0	0	0	0	0	0	0
NR_036886.1	GIN-41-MGE-S217	0	0	0	0	0	0	0	0	0
NR_036885.1	GIN-41-MGE-S217	0	0	0	0	0	0	0	0	0
NR_036883.1	GIN-41-MGE-S217	0	0	0	0	0	0	0	0	0
NR_036882.1	GIN-41-MGE-S217	0	0	0	0	0	0	0	0	0
NR_036881.1	GIN-41-MGE-S217	0	0	0	0	0	0	0	0	0
NR_036880.1	GIN-41-MGE-S217	0	0	0	0	0	0	0	0	0
NR_036877.1	GIN-41-MGE-S217	0	0	0	0	0	0	0	0	0
NR_036876.1	GIN-41-MGE-S217	0	0	0	0	0	0	0	0	0
NR_036875.1	GIN-41-MGE-S217	0	0	0	0	0	0	0	0	0
NR_036874.1	GIN-41-MGE-S217	0	0	0	0	0	0	0	0	0
NR_036872.1	GIN-41-MGE-S217	0	0	0	0	0	0	0	0	0
NR_036871.1	GIN-41-MGE-S217	0	0	0	0	0	0	0	0	0
NR_036868.1	GIN-41-MGE-S217	0	0	0	0	0	0	0	0	0
NR_036867.1	GIN-41-MGE-S217	0	0	0	0	0	0	0	0	0
NR_036862.1	GIN-41-MGE-S217	0	0	0	0	0	0	0	0	0
NR_036860.1	GIN-41-MGE-S217	0	0	0	0	0	0	0	0	0
NR_036859.1	GIN-41-MGE-S217	0	0	0	0	0	0	0	0	0
NR_036858.1	GIN-41-MGE-S217	0	0	0	0	0	0	0	0	0
NR_036857.1	GIN-41-MGE-S217	0	0	0	0	0	0	0	0	0
NR_036856.1	GIN-41-MGE-S217	0	0	0	0	0	0	0	0	0
NR_036852.1	GIN-41-MGE-S217	0	0	0	0	0	0	0	0	0
NR_036850.1	GIN-41-MGE-S217	0	0	0	0	0	0	0	0	0
NR_036848.1	GIN-41-MGE-S217	0	0	0	0	0	0	0	0	0
NR_036847.1	GIN-41-MGE-S217	0	0	0	0	0	0	0	0	0
NR_036846.1	GIN-41-MGE-S217	0	0	0	0	0	0	0	0	0
NR_036845.1	GIN-41-MGE-S217	0	0	0	0	0	0	0	0	0
NR_036844.1	GIN-41-MGE-S217	0	0	0	0	0	0	0	0	0
NR_036843.1	GIN-41-MGE-S217	0	0	0	0	0	0	0	0	0
NR_036840.1	GIN-41-MGE-S217	0	0	0	0	0	0	0	0	0
NR_036838.1	GIN-41-MGE-S217	0	0	0	0	0	0	0	0	0
NR_036837.1	GIN-41-MGE-S217	0	0	0	0	0	0	0	0	0
NR_036836.1	GIN-41-MGE-S217	0	0	0	0	0	0	0	0	0
NR_036834.1	GIN-41-MGE-S217	0	0	0	0	0	0	0	0	0
NR_036833.1	GIN-41-MGE-S217	0	0	0	0	0	0	0	0	0
NR_036832.1	GIN-41-MGE-S217	0	0	0	0	0	0	0	0	0
NR_036831.1	GIN-41-MGE-S217	0	0	0	0	0	0	0	0	0
NR_036830.1	GIN-41-MGE-S217	0	0	0	0	0	0	0	0	0
NR_036828.1	GIN-41-MGE-S217	0	0	0	0	0	0	0	0	0
NR_036827.1	GIN-41-MGE-S217	0	0	0	0	0	0	0	0	0
NR_036825.1	GIN-41-MGE-S217	0	0	0	0	0	0	0	0	0
NR_036823.1	GIN-41-MGE-S217	0	0	0	0	0	0	0	0	0
NR_036822.1	GIN-41-MGE-S217	0	0	0	0	0	0	0	0	0
NR_036818.1	GIN-41-MGE-S217	0	0	0	0	0	0	0	0	0
NR_036817.1	GIN-41-MGE-S217	0	0	0	0	0	0	0	0	0
NR_036816.1	GIN-41-MGE-S217	0	0	0	0	0	0	0	0	0
NR_036815.1	GIN-41-MGE-S217	0	0	0	0	0	0	0	0	0
NR_036814.1	GIN-41-MGE-S217	0	0	0	0	0	0	0	0	0
NR_036813.1	GIN-41-MGE-S217	0	0	0	0	0	0	0	0	0
NR_036812.1	GIN-41-MGE-S217	0	0	0	0	0	0	0	0	0
NR_036808.1	GIN-41-MGE-S217	0	0	0	0	0	0	0	0	0
NR_036802.1	GIN-41-MGE-S217	0	0	0	0	0	0	0	0	0
NR_036799.1	GIN-41-MGE-S217	0	0	0	0	0	0	0	0	0
NR_036796.1	GIN-41-MGE-S217	0	0	0	0	0	0	0	0	0
NR_036795.1	GIN-41-MGE-S217	0	0	0	0	0	0	0	0	0
NR_036794.1	GIN-41-MGE-S217	0	0	0	0	0	0	0	0	0
NR_036792.1	GIN-41-MGE-S217	0	0	0	0	0	0	0	0	0
NR_036790.1	GIN-41-MGE-S217	0	0	0	0	0	0	0	0	0
NR_036787.1	GIN-41-MGE-S217	0	0	0	0	0	0	0	0	0
NR_036784.1	GIN-41-MGE-S217	0	0	0	0	0	0	0	0	0
NR_036783.1	GIN-41-MGE-S217	0	0	0	0	0	0	0	0	0
NR_036782.1	GIN-41-MGE-S217	0	0	0	0	0	0	0	0	0
NR_036781.1	GIN-41-MGE-S217	0	0	0	0	0	0	0	0	0
NR_036780.1	GIN-41-MGE-S217	0	0	0	0	0	0	0	0	0
NR_036779.1	GIN-41-MGE-S217	0	0	0	0	0	0	0	0	0
NR_036775.1	GIN-41-MGE-S217	0	0	0	0	0	0	0	0	0
NR_036772.1	GIN-41-MGE-S217	0	0	0	0	0	0	0	0	0
NR_036771.1	GIN-41-MGE-S217	0	0	0	0	0	0	0	0	0
NR_036770.1	GIN-41-MGE-S217	0	0	0	0	0	0	0	0	0
NR_036768.1	GIN-41-MGE-S217	0	0	0	0	0	0	0	0	0
NR_036767.1	GIN-41-MGE-S217	0	0	0	0	0	0	0	0	0
NR_036765.1	GIN-41-MGE-S217	0	0	0	0	0	0	0	0	0
NR_036761.1	GIN-41-MGE-S217	0	0	0	0	0	0	0	0	0
NR_036760.1	GIN-41-MGE-S217	0	0	0	0	0	0	0	0	0
NR_036759.1	GIN-41-MGE-S217	0	0	0	0	0	0	0	0	0
NR_036758.1	GIN-41-MGE-S217	0	0	0	0	0	0	0	0	0
NR_029371.1	GIN-41-MGE-S217	0	0	0	0	0	0	0	0	0
NR_029370.1	GIN-41-MGE-S217	0	0	0	0	0	0	0	0	0
NR_029369.1	GIN-41-MGE-S217	0	0	0	0	0	0	0	0	0
NR_029368.1	GIN-41-MGE-S217	0	0	0	0	0	0	0	0	0
NR_029367.1	GIN-41-MGE-S217	0	0	0	0	0	0	0	0	0
NR_029366.1	GIN-41-MGE-S217	0	0	0	0	0	0	0	0	0
NR_029363.1	GIN-41-MGE-S217	0	0	0	0	0	0	0	0	0
NR_029357.1	GIN-41-MGE-S217	0	0	0	0	0	0	0	0	0
NR_029353.1	GIN-41-MGE-S217	0	0	0	0	0	0	0	0	0
NR_029350.1	GIN-41-MGE-S217	0	0	0	0	0	0	0	0	0
NR_029348.1	GIN-41-MGE-S217	0	0	0	0	0	0	0	0	0
NR_029347.1	GIN-41-MGE-S217	0	0	0	0	0	0	0	0	0
NR_029346.1	GIN-41-MGE-S217	0	0	0	0	0	0	0	0	0
NR_029345.1	GIN-41-MGE-S217	0	0	0	0	0	0	0	0	0
NR_029342.1	GIN-41-MGE-S217	0	0	0	0	0	0	0	0	0
NR_029339.1	GIN-41-MGE-S217	0	0	0	0	0	0	0	0	0
NR_029337.1	GIN-41-MGE-S217	0	0	0	0	0	0	0	0	0
NR_029335.1	GIN-41-MGE-S217	0	0	0	0	0	0	0	0	0
NR_029334.1	GIN-41-MGE-S217	0	0	0	0	0	0	0	0	0
NR_029333.1	GIN-41-MGE-S217	0	0	0	0	0	0	0	0	0
NR_029332.1	GIN-41-MGE-S217	0	0	0	0	0	0	0	0	0
NR_029331.1	GIN-41-MGE-S217	0	0	0	0	0	0	0	0	0
NR_029330.1	GIN-41-MGE-S217	0	0	0	0	0	0	0	0	0
NR_029329.1	GIN-41-MGE-S217	0	0	0	0	0	0	0	0	0
NR_029328.1	GIN-41-MGE-S217	0	0	0	0	0	0	0	0	0
NR_029327.1	GIN-41-MGE-S217	0	0	0	0	0	0	0	0	0
NR_029326.1	GIN-41-MGE-S217	0	0	0	0	0	0	0	0	0
NR_029325.1	GIN-41-MGE-S217	0	0	0	0	0	0	0	0	0
NR_029324.1	GIN-41-MGE-S217	0	0	0	0	0	0	0	0	0
NR_029323.1	GIN-41-MGE-S217	0	0	0	0	0	0	0	0	0
NR_029322.1	GIN-41-MGE-S217	0	0	0	0	0	0	0	0	0
NR_029321.1	GIN-41-MGE-S217	0	0	0	0	0	0	0	0	0
NR_029320.1	GIN-41-MGE-S217	0	0	0	0	0	0	0	0	0
NR_029319.1	GIN-41-MGE-S217	0	0	0	0	0	0	0	0	0
NR_029318.1	GIN-41-MGE-S217	0	0	0	0	0	0	0	0	0
NR_029317.1	GIN-41-MGE-S217	0	0	0	0	0	0	0	0	0
NR_029315.1	GIN-41-MGE-S217	0	0	0	0	0	0	0	0	0
NR_029313.1	GIN-41-MGE-S217	0	0	0	0	0	0	0	0	0
NR_029312.1	GIN-41-MGE-S217	0	0	0	0	0	0	0	0	0
NR_029311.1	GIN-41-MGE-S217	0	0	0	0	0	0	0	0	0
NR_029310.1	GIN-41-MGE-S217	0	0	0	0	0	0	0	0	0
NR_029309.1	GIN-41-MGE-S217	0	0	0	0	0	0	0	0	0
NR_029305.1	GIN-41-MGE-S217	0	0	0	0	0	0	0	0	0
NR_029304.1	GIN-41-MGE-S217	0	0	0	0	0	0	0	0	0
NR_029303.1	GIN-41-MGE-S217	0	0	0	0	0	0	0	0	0
NR_029302.1	GIN-41-MGE-S217	0	0	0	0	0	0	0	0	0
NR_029298.1	GIN-41-MGE-S217	0	0	0	0	0	0	0	0	0
NR_029297.1	GIN-41-MGE-S217	0	0	0	0	0	0	0	0	0
NR_029296.1	GIN-41-MGE-S217	0	0	0	0	0	0	0	0	0
NR_029295.1	GIN-41-MGE-S217	0	0	0	0	0	0	0	0	0
NR_029293.1	GIN-41-MGE-S217	0	0	0	0	0	0	0	0	0
NR_029292.1	GIN-41-MGE-S217	0	0	0	0	0	0	0	0	0
NR_029291.1	GIN-41-MGE-S217	0	0	0	0	0	0	0	0	0
NR_029289.1	GIN-41-MGE-S217	0	0	0	0	0	0	0	0	0
NR_029288.1	GIN-41-MGE-S217	0	0	0	0	0	0	0	0	0
NR_029287.1	GIN-41-MGE-S217	0	0	0	0	0	0	0	0	0
NR_029286.1	GIN-41-MGE-S217	0	0	0	0	0	0	0	0	0
NR_029285.1	GIN-41-MGE-S217	0	0	0	0	0	0	0	0	0
NR_029280.1	GIN-41-MGE-S217	0	0	0	0	0	0	0	0	0
NR_029278.1	GIN-41-MGE-S217	0	0	0	0	0	0	0	0	0
NR_029277.1	GIN-41-MGE-S217	0	0	0	0	0	0	0	0	0
NR_029276.1	GIN-41-MGE-S217	0	0	0	0	0	0	0	0	0
NR_029275.1	GIN-41-MGE-S217	0	0	0	0	0	0	0	0	0
NR_029273.1	GIN-41-MGE-S217	0	0	0	0	0	0	0	0	0
NR_029272.1	GIN-41-MGE-S217	0	0	0	0	0	0	0	0	0
NR_029268.1	GIN-41-MGE-S217	0	0	0	0	0	0	0	0	0
NR_029267.1	GIN-41-MGE-S217	0	0	0	0	0	0	0	0	0
NR_029265.1	GIN-41-MGE-S217	0	0	0	0	0	0	0	0	0
NR_029264.1	GIN-41-MGE-S217	0	0	0	0	0	0	0	0	0
NR_029263.1	GIN-41-MGE-S217	0	0	0	0	0	0	0	0	0
NR_029262.1	GIN-41-MGE-S217	0	0	0	0	0	0	0	0	0
NR_029260.1	GIN-41-MGE-S217	0	0	0	0	0	0	0	0	0
NR_029259.1	GIN-41-MGE-S217	0	0	0	0	0	0	0	0	0
NR_029256.1	GIN-41-MGE-S217	0	0	0	0	0	0	0	0	0
NR_029255.1	GIN-41-MGE-S217	0	0	0	0	0	0	0	0	0
NR_029254.1	GIN-41-MGE-S217	0	0	0	0	0	0	0	0	0
NR_029252.1	GIN-41-MGE-S217	0	0	0	0	0	0	0	0	0
NR_029250.1	GIN-41-MGE-S217	0	0	0	0	0	0	0	0	0
NR_029246.1	GIN-41-MGE-S217	0	0	0	0	0	0	0	0	0
NR_029245.1	GIN-41-MGE-S217	0	0	0	0	0	0	0	0	0
NR_029244.1	GIN-41-MGE-S217	0	0	0	0	0	0	0	0	0
NR_029242.1	GIN-41-MGE-S217	0	0	0	0	0	0	0	0	0
NR_029240.1	GIN-41-MGE-S217	0	0	0	0	0	0	0	0	0
NR_029237.1	GIN-41-MGE-S217	0	0	0	0	0	0	0	0	0
NR_029236.1	GIN-41-MGE-S217	0	0	0	0	0	0	0	0	0
NR_029233.1	GIN-41-MGE-S217	0	0	0	0	0	0	0	0	0
NR_029232.1	GIN-41-MGE-S217	0	0	0	0	0	0	0	0	0
NR_029231.1	GIN-41-MGE-S217	0	0	0	0	0	0	0	0	0
NR_029230.1	GIN-41-MGE-S217	0	0	0	0	0	0	0	0	0
NR_029229.1	GIN-41-MGE-S217	0	0	0	0	0	0	0	0	0
NR_029228.1	GIN-41-MGE-S217	0	0	0	0	0	0	0	0	0
NR_029223.1	GIN-41-MGE-S217	0	0	0	0	0	0	0	0	0
NR_029221.1	GIN-41-MGE-S217	0	0	0	0	0	0	0	0	0
NR_029220.1	GIN-41-MGE-S217	0	0	0	0	0	0	0	0	0
NR_029219.1	GIN-41-MGE-S217	0	0	0	0	0	0	0	0	0
NR_029218.1	GIN-41-MGE-S217	0	0	0	0	0	0	0	0	0
NR_029217.1	GIN-41-MGE-S217	0	0	0	0	0	0	0	0	0
NR_029216.1	GIN-41-MGE-S217	0	0	0	0	0	0	0	0	0
NR_029212.1	GIN-41-MGE-S217	0	0	0	0	0	0	0	0	0
NR_029210.1	GIN-41-MGE-S217	0	0	0	0	0	0	0	0	0
NR_029208.1	GIN-41-MGE-S217	0	0	0	0	0	0	0	0	0
NR_029206.1	GIN-41-MGE-S217	0	0	0	0	0	0	0	0	0
NR_029205.1	GIN-41-MGE-S217	0	0	0	0	0	0	0	0	0
NR_029204.1	GIN-41-MGE-S217	0	0	0	0	0	0	0	0	0
NR_029203.1	GIN-41-MGE-S217	0	0	0	0	0	0	0	0	0
NR_029202.1	GIN-41-MGE-S217	0	0	0	0	0	0	0	0	0
NR_029201.1	GIN-41-MGE-S217	0	0	0	0	0	0	0	0	0
NR_029199.1	GIN-41-MGE-S217	0	0	0	0	0	0	0	0	0
NR_029198.1	GIN-41-MGE-S217	0	0	0	0	0	0	0	0	0
NR_029196.1	GIN-41-MGE-S217	0	0	0	0	0	0	0	0	0
NR_029195.1	GIN-41-MGE-S217	0	0	0	0	0	0	0	0	0
NR_029194.1	GIN-41-MGE-S217	0	0	0	0	0	0	0	0	0
NR_029190.1	GIN-41-MGE-S217	0	0	0	0	0	0	0	0	0
NR_029189.1	GIN-41-MGE-S217	0	0	0	0	0	0	0	0	0
NR_029188.1	GIN-41-MGE-S217	0	0	0	0	0	0	0	0	0
NR_029185.1	GIN-41-MGE-S217	0	0	0	0	0	0	0	0	0
NR_029183.1	GIN-41-MGE-S217	0	0	0	0	0	0	0	0	0
NR_029181.1	GIN-41-MGE-S217	0	0	0	0	0	0	0	0	0
NR_029180.1	GIN-41-MGE-S217	0	0	0	0	0	0	0	0	0
NR_029177.1	GIN-41-MGE-S217	0	0	0	0	0	0	0	0	0
NR_029176.1	GIN-41-MGE-S217	0	0	0	0	0	0	0	0	0
NR_029175.1	GIN-41-MGE-S217	0	0	0	0	0	0	0	0	0
NR_029172.1	GIN-41-MGE-S217	0	0	0	0	0	0	0	0	0
NR_029171.1	GIN-41-MGE-S217	0	0	0	0	0	0	0	0	0
NR_029170.1	GIN-41-MGE-S217	0	0	0	0	0	0	0	0	0
NR_029169.1	GIN-41-MGE-S217	0	0	0	0	0	0	0	0	0
NR_029168.1	GIN-41-MGE-S217	0	0	0	0	0	0	0	0	0
NR_029167.1	GIN-41-MGE-S217	0	0	0	0	0	0	0	0	0
NR_029165.1	GIN-41-MGE-S217	0	0	0	0	0	0	0	0	0
NR_029164.1	GIN-41-MGE-S217	0	0	0	0	0	0	0	0	0
NR_029162.1	GIN-41-MGE-S217	0	0	0	0	0	0	0	0	0
NR_029160.1	GIN-41-MGE-S217	0	0	0	0	0	0	0	0	0
NR_029159.1	GIN-41-MGE-S217	0	0	0	0	0	0	0	0	0
NR_029158.1	GIN-41-MGE-S217	0	0	0	0	0	0	0	0	0
NR_029157.1	GIN-41-MGE-S217	0	0	0	0	0	0	0	0	0
NR_029155.1	GIN-41-MGE-S217	0	0	0	0	0	0	0	0	0
NR_029154.1	GIN-41-MGE-S217	0	0	0	0	0	0	0	0	0
NR_029150.1	GIN-41-MGE-S217	0	0	0	0	0	0	0	0	0
NR_029149.1	GIN-41-MGE-S217	0	0	0	0	0	0	0	0	0
NR_029148.1	GIN-41-MGE-S217	0	0	0	0	0	0	0	0	0
NR_029147.1	GIN-41-MGE-S217	0	0	0	0	0	0	0	0	0
NR_029146.1	GIN-41-MGE-S217	0	0	0	0	0	0	0	0	0
NR_029144.1	GIN-41-MGE-S217	0	0	0	0	0	0	0	0	0
NR_029143.1	GIN-41-MGE-S217	0	0	0	0	0	0	0	0	0
NR_029139.1	GIN-41-MGE-S217	0	0	0	0	0	0	0	0	0
NR_029136.1	GIN-41-MGE-S217	0	0	0	0	0	0	0	0	0
NR_029135.1	GIN-41-MGE-S217	0	0	0	0	0	0	0	0	0
NR_029134.1	GIN-41-MGE-S217	0	0	0	0	0	0	0	0	0
NR_029132.1	GIN-41-MGE-S217	0	0	0	0	0	0	0	0	0
NR_029131.1	GIN-41-MGE-S217	0	0	0	0	0	0	0	0	0
NR_029130.1	GIN-41-MGE-S217	0	0	0	0	0	0	0	0	0
NR_029129.1	GIN-41-MGE-S217	0	0	0	0	0	0	0	0	0
NR_029128.1	GIN-41-MGE-S217	0	0	0	0	0	0	0	0	0
NR_029126.1	GIN-41-MGE-S217	0	0	0	0	0	0	0	0	0
NR_029125.1	GIN-41-MGE-S217	0	0	0	0	0	0	0	0	0
NR_029123.1	GIN-41-MGE-S217	0	0	0	0	0	0	0	0	0
NR_029121.1	GIN-41-MGE-S217	0	0	0	0	0	0	0	0	0
NR_029120.1	GIN-41-MGE-S217	0	0	0	0	0	0	0	0	0
NR_029119.1	GIN-41-MGE-S217	0	0	0	0	0	0	0	0	0
NR_029117.1	GIN-41-MGE-S217	0	0	0	0	0	0	0	0	0
NR_029115.1	GIN-41-MGE-S217	0	0	0	0	0	0	0	0	0
NR_029112.1	GIN-41-MGE-S217	0	0	0	0	0	0	0	0	0
NR_029111.1	GIN-41-MGE-S217	0	0	0	0	0	0	0	0	0
NR_029110.1	GIN-41-MGE-S217	0	0	0	0	0	0	0	0	0
NR_029109.1	GIN-41-MGE-S217	0	0	0	0	0	0	0	0	0
NR_029108.1	GIN-41-MGE-S217	0	0	0	0	0	0	0	0	0
NR_029107.1	GIN-41-MGE-S217	0	0	0	0	0	0	0	0	0
NR_029106.1	GIN-41-MGE-S217	0	0	0	0	0	0	0	0	0
NR_029104.1	GIN-41-MGE-S217	0	0	0	0	0	0	0	0	0
NR_029103.1	GIN-41-MGE-S217	0	0	0	0	0	0	0	0	0
NR_029101.1	GIN-41-MGE-S217	0	0	0	0	0	0	0	0	0
NR_029100.1	GIN-41-MGE-S217	0	0	0	0	0	0	0	0	0
NR_029098.1	GIN-41-MGE-S217	0	0	0	0	0	0	0	0	0
NR_029097.1	GIN-41-MGE-S217	96	96	0	0	0	0	0	0	0
NR_029096.1	GIN-41-MGE-S217	0	0	0	0	0	0	0	0	0
NR_029095.1	GIN-41-MGE-S217	0	0	0	0	0	0	0	0	0
NR_029094.1	GIN-41-MGE-S217	0	0	0	0	0	0	0	0	0
NR_029091.1	GIN-41-MGE-S217	0	0	0	0	0	0	0	0	0
NR_029089.1	GIN-41-MGE-S217	0	0	0	0	0	0	0	0	0
NR_029087.1	GIN-41-MGE-S217	0	0	0	0	0	0	0	0	0
NR_029083.1	GIN-41-MGE-S217	0	0	0	0	0	0	0	0	0
NR_029081.1	GIN-41-MGE-S217	0	0	0	0	0	0	0	0	0
NR_029079.1	GIN-41-MGE-S217	0	0	0	0	0	0	0	0	0
NR_029078.1	GIN-41-MGE-S217	0	0	0	0	0	0	0	0	0
NR_029076.1	GIN-41-MGE-S217	0	0	0	0	0	0	0	0	0
NR_029075.1	GIN-41-MGE-S217	0	0	0	0	0	0	0	0	0
NR_029073.1	GIN-41-MGE-S217	0	0	0	0	0	0	0	0	0
NR_029072.1	GIN-41-MGE-S217	0	0	0	0	0	0	0	0	0
NR_029071.1	GIN-41-MGE-S217	0	0	0	0	0	0	0	0	0
NR_029070.1	GIN-41-MGE-S217	0	0	0	0	0	0	0	0	0
NR_029069.1	GIN-41-MGE-S217	0	0	0	0	0	0	0	0	0
NR_029068.1	GIN-41-MGE-S217	0	0	0	0	0	0	0	0	0
NR_029066.1	GIN-41-MGE-S217	0	0	0	0	0	0	0	0	0
NR_029065.1	GIN-41-MGE-S217	0	0	0	0	0	0	0	0	0
NR_029063.1	GIN-41-MGE-S217	0	0	0	0	0	0	0	0	0
NR_029062.1	GIN-41-MGE-S217	0	0	0	0	0	0	0	0	0
NR_029061.1	GIN-41-MGE-S217	0	0	0	0	0	0	0	0	0
NR_029060.1	GIN-41-MGE-S217	0	0	0	0	0	0	0	0	0
NR_029058.1	GIN-41-MGE-S217	0	0	0	0	0	0	0	0	0
NR_029052.1	GIN-41-MGE-S217	0	0	0	0	0	0	0	0	0
NR_029051.1	GIN-41-MGE-S217	0	0	0	0	0	0	0	0	0
NR_029050.1	GIN-41-MGE-S217	0	0	0	0	0	0	0	0	0
NR_029048.1	GIN-41-MGE-S217	0	0	0	0	0	0	0	0	0
NR_029047.1	GIN-41-MGE-S217	0	0	0	0	0	0	0	0	0
NR_029046.1	GIN-41-MGE-S217	0	0	0	0	0	0	0	0	0
NR_029044.1	GIN-41-MGE-S217	0	0	0	0	0	0	0	0	0
NR_029043.1	GIN-41-MGE-S217	0	0	0	0	0	0	0	0	0
NR_029041.1	GIN-41-MGE-S217	0	0	0	0	0	0	0	0	0
NR_029040.1	GIN-41-MGE-S217	0	0	0	0	0	0	0	0	0
NR_029038.1	GIN-41-MGE-S217	0	0	0	0	0	0	0	0	0
NR_029037.1	GIN-41-MGE-S217	0	0	0	0	0	0	0	0	0
NR_029036.1	GIN-41-MGE-S217	0	0	0	0	0	0	0	0	0
NR_029035.1	GIN-41-MGE-S217	0	0	0	0	0	0	0	0	0
NR_029034.1	GIN-41-MGE-S217	0	0	0	0	0	0	0	0	0
NR_029033.1	GIN-41-MGE-S217	0	0	0	0	0	0	0	0	0
NR_029032.1	GIN-41-MGE-S217	0	0	0	0	0	0	0	0	0
NR_029031.1	GIN-41-MGE-S217	0	0	0	0	0	0	0	0	0
NR_029030.1	GIN-41-MGE-S217	0	0	0	0	0	0	0	0	0
NR_029029.1	GIN-41-MGE-S217	0	0	0	0	0	0	0	0	0
NR_029028.1	GIN-41-MGE-S217	0	0	0	0	0	0	0	0	0
NR_029027.1	GIN-41-MGE-S217	0	0	0	0	0	0	0	0	0
NR_029025.1	GIN-41-MGE-S217	0	0	0	0	0	0	0	0	0
NR_029024.1	GIN-41-MGE-S217	0	0	0	0	0	0	0	0	0
NR_029023.1	GIN-41-MGE-S217	0	0	0	0	0	0	0	0	0
NR_029021.1	GIN-41-MGE-S217	0	0	0	0	0	0	0	0	0
NR_029020.1	GIN-41-MGE-S217	0	0	0	0	0	0	0	0	0
NR_029019.1	GIN-41-MGE-S217	0	0	0	0	0	0	0	0	0
NR_029017.1	GIN-41-MGE-S217	0	0	0	0	0	0	0	0	0
NR_029016.1	GIN-41-MGE-S217	0	0	0	0	0	0	0	0	0
NR_029015.1	GIN-41-MGE-S217	0	0	0	0	0	0	0	0	0
NR_029013.1	GIN-41-MGE-S217	0	0	0	0	0	0	0	0	0
NR_029012.1	GIN-41-MGE-S217	0	0	0	0	0	0	0	0	0
NR_029011.1	GIN-41-MGE-S217	0	0	0	0	0	0	0	0	0
NR_029010.1	GIN-41-MGE-S217	0	0	0	0	0	0	0	0	0
NR_029009.1	GIN-41-MGE-S217	0	0	0	0	0	0	0	0	0
NR_029008.1	GIN-41-MGE-S217	0	0	0	0	0	0	0	0	0
NR_029007.1	GIN-41-MGE-S217	0	0	0	0	0	0	0	0	0
NR_029006.1	GIN-41-MGE-S217	0	0	0	0	0	0	0	0	0
NR_029004.1	GIN-41-MGE-S217	0	0	0	0	0	0	0	0	0
NR_029001.1	GIN-41-MGE-S217	0	0	0	0	0	0	0	0	0
NR_029000.1	GIN-41-MGE-S217	0	0	0	0	0	0	0	0	0
NR_028999.1	GIN-41-MGE-S217	0	0	0	0	0	0	0	0	0
NR_028998.1	GIN-41-MGE-S217	0	0	0	0	0	0	0	0	0
NR_028997.1	GIN-41-MGE-S217	0	0	0	0	0	0	0	0	0
NR_028996.1	GIN-41-MGE-S217	0	0	0	0	0	0	0	0	0
NR_028995.1	GIN-41-MGE-S217	0	0	0	0	0	0	0	0	0
NR_028994.1	GIN-41-MGE-S217	0	0	0	0	0	0	0	0	0
NR_028993.1	GIN-41-MGE-S217	0	0	0	0	0	0	0	0	0
NR_028992.1	GIN-41-MGE-S217	0	0	0	0	0	0	0	0	0
NR_028991.1	GIN-41-MGE-S217	0	0	0	0	0	0	0	0	0
NR_028988.1	GIN-41-MGE-S217	0	0	0	0	0	0	0	0	0
NR_028987.1	GIN-41-MGE-S217	0	0	0	0	0	0	0	0	0
NR_028986.1	GIN-41-MGE-S217	0	0	0	0	0	0	0	0	0
NR_028985.1	GIN-41-MGE-S217	0	0	0	0	0	0	0	0	0
NR_028984.1	GIN-41-MGE-S217	0	0	0	0	0	0	0	0	0
NR_028983.1	GIN-41-MGE-S217	0	0	0	0	0	0	0	0	0
NR_028982.1	GIN-41-MGE-S217	0	0	0	0	0	0	0	0	0
NR_028981.1	GIN-41-MGE-S217	0	0	0	0	0	0	0	0	0
NR_028980.1	GIN-41-MGE-S217	0	0	0	0	0	0	0	0	0
NR_028978.1	GIN-41-MGE-S217	0	0	0	0	0	0	0	0	0
NR_028977.1	GIN-41-MGE-S217	0	0	0	0	0	0	0	0	0
NR_028976.1	GIN-41-MGE-S217	0	0	0	0	0	0	0	0	0
NR_028975.1	GIN-41-MGE-S217	0	0	0	0	0	0	0	0	0
NR_028974.1	GIN-41-MGE-S217	0	0	0	0	0	0	0	0	0
NR_028973.1	GIN-41-MGE-S217	0	0	0	0	0	0	0	0	0
NR_028971.1	GIN-41-MGE-S217	0	0	0	0	0	0	0	0	0
NR_028968.1	GIN-41-MGE-S217	0	0	0	0	0	0	0	0	0
NR_028967.1	GIN-41-MGE-S217	0	0	0	0	0	0	0	0	0
NR_028966.1	GIN-41-MGE-S217	0	0	0	0	0	0	0	0	0
NR_028965.1	GIN-41-MGE-S217	0	0	0	0	0	0	0	0	0
NR_028964.1	GIN-41-MGE-S217	0	0	0	0	0	0	0	0	0
NR_028962.1	GIN-41-MGE-S217	0	0	0	0	0	0	0	0	0
NR_028961.1	GIN-41-MGE-S217	0	0	0	0	0	0	0	0	0
NR_028960.1	GIN-41-MGE-S217	0	0	0	0	0	0	0	0	0
NR_028959.1	GIN-41-MGE-S217	0	0	0	0	0	0	0	0	0
NR_028958.1	GIN-41-MGE-S217	0	0	0	0	0	0	0	0	0
NR_028957.1	GIN-41-MGE-S217	0	0	0	0	0	0	0	0	0
NR_028956.1	GIN-41-MGE-S217	0	0	0	0	0	0	0	0	0
NR_028954.1	GIN-41-MGE-S217	0	0	0	0	0	0	0	0	0
NR_028953.1	GIN-41-MGE-S217	0	0	0	0	0	0	0	0	0
NR_028952.1	GIN-41-MGE-S217	0	0	0	0	0	0	0	0	0
NR_028948.1	GIN-41-MGE-S217	0	0	0	0	0	0	0	0	0
NR_028947.1	GIN-41-MGE-S217	0	0	0	0	0	0	0	0	0
NR_028946.1	GIN-41-MGE-S217	0	0	0	0	0	0	0	0	0
NR_028944.1	GIN-41-MGE-S217	0	0	0	0	0	0	0	0	0
NR_028943.1	GIN-41-MGE-S217	0	0	0	0	0	0	0	0	0
NR_028942.1	GIN-41-MGE-S217	0	0	0	0	0	0	0	0	0
NR_028941.1	GIN-41-MGE-S217	0	0	0	0	0	0	0	0	0
NR_028940.1	GIN-41-MGE-S217	0	0	0	0	0	0	0	0	0
NR_028939.1	GIN-41-MGE-S217	0	0	0	0	0	0	0	0	0
NR_028936.1	GIN-41-MGE-S217	0	0	0	0	0	0	0	0	0
NR_028935.1	GIN-41-MGE-S217	0	0	0	0	0	0	0	0	0
NR_028934.1	GIN-41-MGE-S217	0	0	0	0	0	0	0	0	0
NR_028933.1	GIN-41-MGE-S217	0	0	0	0	0	0	0	0	0
NR_028932.1	GIN-41-MGE-S217	0	0	0	0	0	0	0	0	0
NR_028931.1	GIN-41-MGE-S217	0	0	0	0	0	0	0	0	0
NR_028930.1	GIN-41-MGE-S217	0	0	0	0	0	0	0	0	0
NR_028928.1	GIN-41-MGE-S217	0	0	0	0	0	0	0	0	0
NR_028927.1	GIN-41-MGE-S217	0	0	0	0	0	0	0	0	0
NR_028926.1	GIN-41-MGE-S217	0	0	0	0	0	0	0	0	0
NR_028925.1	GIN-41-MGE-S217	0	0	0	0	0	0	0	0	0
NR_028924.1	GIN-41-MGE-S217	0	0	0	0	0	0	0	0	0
NR_028922.1	GIN-41-MGE-S217	0	0	0	0	0	0	0	0	0
NR_028920.1	GIN-41-MGE-S217	0	0	0	0	0	0	0	0	0
NR_028918.1	GIN-41-MGE-S217	0	0	0	0	0	0	0	0	0
NR_028917.1	GIN-41-MGE-S217	0	0	0	0	0	0	0	0	0
NR_028915.1	GIN-41-MGE-S217	0	0	0	0	0	0	0	0	0
NR_028914.1	GIN-41-MGE-S217	0	0	0	0	0	0	0	0	0
NR_028913.1	GIN-41-MGE-S217	0	0	0	0	0	0	0	0	0
NR_028912.1	GIN-41-MGE-S217	0	0	0	0	0	0	0	0	0
NR_028911.1	GIN-41-MGE-S217	0	0	0	0	0	0	0	0	0
NR_028910.1	GIN-41-MGE-S217	0	0	0	0	0	0	0	0	0
NR_028909.1	GIN-41-MGE-S217	0	0	0	0	0	0	0	0	0
NR_028908.1	GIN-41-MGE-S217	0	0	0	0	0	0	0	0	0
NR_028907.1	GIN-41-MGE-S217	0	0	0	0	0	0	0	0	0
NR_028906.1	GIN-41-MGE-S217	0	0	0	0	0	0	0	0	0
NR_028900.1	GIN-41-MGE-S217	0	0	0	0	0	0	0	0	0
NR_028899.1	GIN-41-MGE-S217	0	0	0	0	0	0	0	0	0
NR_028898.1	GIN-41-MGE-S217	0	0	0	0	0	0	0	0	0
NR_028897.1	GIN-41-MGE-S217	0	0	0	0	0	0	0	0	0
NR_028896.1	GIN-41-MGE-S217	0	0	0	0	0	0	0	0	0
NR_028893.1	GIN-41-MGE-S217	0	0	0	0	0	0	0	0	0
NR_028889.1	GIN-41-MGE-S217	0	0	0	0	0	0	0	0	0
NR_028888.1	GIN-41-MGE-S217	0	0	0	0	0	0	0	0	0
NR_028887.1	GIN-41-MGE-S217	0	0	0	0	0	0	0	0	0
NR_028886.1	GIN-41-MGE-S217	0	0	0	0	0	0	0	0	0
NR_028883.1	GIN-41-MGE-S217	0	0	0	0	0	0	0	0	0
NR_028882.1	GIN-41-MGE-S217	0	0	0	0	0	0	0	0	0
NR_028881.1	GIN-41-MGE-S217	0	0	0	0	0	0	0	0	0
NR_028880.1	GIN-41-MGE-S217	0	0	0	0	0	0	0	0	0
NR_028879.1	GIN-41-MGE-S217	0	0	0	0	0	0	0	0	0
NR_028878.1	GIN-41-MGE-S217	0	0	0	0	0	0	0	0	0
NR_028876.1	GIN-41-MGE-S217	0	0	0	0	0	0	0	0	0
NR_028873.1	GIN-41-MGE-S217	0	0	0	0	0	0	0	0	0
NR_028870.1	GIN-41-MGE-S217	0	0	0	0	0	0	0	0	0
NR_028869.1	GIN-41-MGE-S217	0	0	0	0	0	0	0	0	0
NR_028868.1	GIN-41-MGE-S217	0	0	0	0	0	0	0	0	0
NR_028865.1	GIN-41-MGE-S217	0	0	0	0	0	0	0	0	0
NR_028864.1	GIN-41-MGE-S217	0	0	0	0	0	0	0	0	0
NR_028863.1	GIN-41-MGE-S217	0	0	0	0	0	0	0	0	0
NR_028862.1	GIN-41-MGE-S217	0	0	0	0	0	0	0	0	0
NR_028860.1	GIN-41-MGE-S217	0	0	0	0	0	0	0	0	0
NR_028857.1	GIN-41-MGE-S217	0	0	0	0	0	0	0	0	0
NR_028855.1	GIN-41-MGE-S217	0	0	0	0	0	0	0	0	0
NR_028854.1	GIN-41-MGE-S217	0	0	0	0	0	0	0	0	0
NR_028851.1	GIN-41-MGE-S217	0	0	0	0	0	0	0	0	0
NR_028850.1	GIN-41-MGE-S217	0	0	0	0	0	0	0	0	0
NR_028849.1	GIN-41-MGE-S217	0	0	0	0	0	0	0	0	0
NR_028847.1	GIN-41-MGE-S217	0	0	0	0	0	0	0	0	0
NR_028846.1	GIN-41-MGE-S217	0	0	0	0	0	0	0	0	0
NR_028845.1	GIN-41-MGE-S217	0	0	0	0	0	0	0	0	0
NR_028844.1	GIN-41-MGE-S217	0	0	0	0	0	0	0	0	0
NR_028843.1	GIN-41-MGE-S217	0	0	0	0	0	0	0	0	0
NR_028842.1	GIN-41-MGE-S217	0	0	0	0	0	0	0	0	0
NR_028841.1	GIN-41-MGE-S217	0	0	0	0	0	0	0	0	0
NR_028840.1	GIN-41-MGE-S217	0	0	0	0	0	0	0	0	0
NR_028839.1	GIN-41-MGE-S217	0	0	0	0	0	0	0	0	0
NR_028838.1	GIN-41-MGE-S217	0	0	0	0	0	0	0	0	0
NR_028837.1	GIN-41-MGE-S217	0	0	0	0	0	0	0	0	0
NR_028836.1	GIN-41-MGE-S217	0	0	0	0	0	0	0	0	0
NR_028835.1	GIN-41-MGE-S217	0	0	0	0	0	0	0	0	0
NR_028834.1	GIN-41-MGE-S217	0	0	0	0	0	0	0	0	0
NR_028833.1	GIN-41-MGE-S217	0	0	0	0	0	0	0	0	0
NR_028832.1	GIN-41-MGE-S217	0	0	0	0	0	0	0	0	0
NR_028825.1	GIN-41-MGE-S217	0	0	0	0	0	0	0	0	0
NR_028824.1	GIN-41-MGE-S217	0	0	0	0	0	0	0	0	0
NR_028823.1	GIN-41-MGE-S217	0	0	0	0	0	0	0	0	0
NR_028821.1	GIN-41-MGE-S217	0	0	0	0	0	0	0	0	0
NR_028820.1	GIN-41-MGE-S217	0	0	0	0	0	0	0	0	0
NR_028818.1	GIN-41-MGE-S217	0	0	0	0	0	0	0	0	0
NR_028817.1	GIN-41-MGE-S217	0	0	0	0	0	0	0	0	0
NR_028816.1	GIN-41-MGE-S217	0	0	0	0	0	0	0	0	0
NR_028815.1	GIN-41-MGE-S217	0	0	0	0	0	0	0	0	0
NR_028812.1	GIN-41-MGE-S217	0	0	0	0	0	0	0	0	0
NR_028811.1	GIN-41-MGE-S217	0	0	0	0	0	0	0	0	0
NR_028809.1	GIN-41-MGE-S217	0	0	0	0	0	0	0	0	0
NR_028808.1	GIN-41-MGE-S217	0	0	0	0	0	0	0	0	0
NR_028807.1	GIN-41-MGE-S217	0	0	0	0	0	0	0	0	0
NR_028805.1	GIN-41-MGE-S217	0	0	0	0	0	0	0	0	0
NR_028804.1	GIN-41-MGE-S217	0	0	0	0	0	0	0	0	0
NR_028803.1	GIN-41-MGE-S217	0	0	0	0	0	0	0	0	0
NR_028802.1	GIN-41-MGE-S217	0	0	0	0	0	0	0	0	0
NR_028801.1	GIN-41-MGE-S217	0	0	0	0	0	0	0	0	0
NR_028796.1	GIN-41-MGE-S217	0	0	0	0	0	0	0	0	0
NR_028795.1	GIN-41-MGE-S217	0	0	0	0	0	0	0	0	0
NR_028794.1	GIN-41-MGE-S217	0	0	0	0	0	0	0	0	0
NR_028791.1	GIN-41-MGE-S217	0	0	0	0	0	0	0	0	0
NR_028790.1	GIN-41-MGE-S217	0	0	0	0	0	0	0	0	0
NR_028789.1	GIN-41-MGE-S217	0	0	0	0	0	0	0	0	0
NR_028788.1	GIN-41-MGE-S217	0	0	0	0	0	0	0	0	0
NR_028787.1	GIN-41-MGE-S217	0	0	0	0	0	0	0	0	0
NR_028786.1	GIN-41-MGE-S217	0	0	0	0	0	0	0	0	0
NR_028785.1	GIN-41-MGE-S217	0	0	0	0	0	0	0	0	0
NR_028784.1	GIN-41-MGE-S217	0	0	0	0	0	0	0	0	0
NR_028783.1	GIN-41-MGE-S217	0	0	0	0	0	0	0	0	0
NR_028782.1	GIN-41-MGE-S217	0	0	0	0	0	0	0	0	0
NR_028780.1	GIN-41-MGE-S217	0	0	0	0	0	0	0	0	0
NR_028778.1	GIN-41-MGE-S217	0	0	0	0	0	0	0	0	0
NR_028774.1	GIN-41-MGE-S217	0	0	0	0	0	0	0	0	0
NR_028773.1	GIN-41-MGE-S217	0	0	0	0	0	0	0	0	0
NR_028769.1	GIN-41-MGE-S217	0	0	0	0	0	0	0	0	0
NR_028768.1	GIN-41-MGE-S217	0	0	0	0	0	0	0	0	0
NR_028767.1	GIN-41-MGE-S217	0	0	0	0	0	0	0	0	0
NR_028766.1	GIN-41-MGE-S217	0	0	0	0	0	0	0	0	0
NR_028765.1	GIN-41-MGE-S217	0	0	0	0	0	0	0	0	0
NR_028764.1	GIN-41-MGE-S217	0	0	0	0	0	0	0	0	0
NR_028763.1	GIN-41-MGE-S217	0	0	0	0	0	0	0	0	0
NR_028760.1	GIN-41-MGE-S217	0	0	0	0	0	0	0	0	0
NR_028759.1	GIN-41-MGE-S217	0	0	0	0	0	0	0	0	0
NR_028757.1	GIN-41-MGE-S217	0	0	0	0	0	0	0	0	0
NR_028756.1	GIN-41-MGE-S217	0	0	0	0	0	0	0	0	0
NR_028755.1	GIN-41-MGE-S217	0	0	0	0	0	0	0	0	0
NR_028754.1	GIN-41-MGE-S217	0	0	0	0	0	0	0	0	0
NR_028753.1	GIN-41-MGE-S217	0	0	0	0	0	0	0	0	0
NR_028752.1	GIN-41-MGE-S217	0	0	0	0	0	0	0	0	0
NR_028751.1	GIN-41-MGE-S217	0	0	0	0	0	0	0	0	0
NR_028750.1	GIN-41-MGE-S217	0	0	0	0	0	0	0	0	0
NR_028749.1	GIN-41-MGE-S217	0	0	0	0	0	0	0	0	0
NR_028747.1	GIN-41-MGE-S217	0	0	0	0	0	0	0	0	0
NR_028746.1	GIN-41-MGE-S217	0	0	0	0	0	0	0	0	0
NR_028745.1	GIN-41-MGE-S217	0	0	0	0	0	0	0	0	0
NR_028744.1	GIN-41-MGE-S217	0	0	0	0	0	0	0	0	0
NR_028742.1	GIN-41-MGE-S217	0	0	0	0	0	0	0	0	0
NR_028740.1	GIN-41-MGE-S217	0	0	0	0	0	0	0	0	0
NR_028739.1	GIN-41-MGE-S217	0	0	0	0	0	0	0	0	0
NR_028736.1	GIN-41-MGE-S217	0	0	0	0	0	0	0	0	0
NR_028735.1	GIN-41-MGE-S217	0	0	0	0	0	0	0	0	0
NR_028734.1	GIN-41-MGE-S217	0	0	0	0	0	0	0	0	0
NR_028732.1	GIN-41-MGE-S217	0	0	0	0	0	0	0	0	0
NR_028731.1	GIN-41-MGE-S217	0	0	0	0	0	0	0	0	0
NR_028727.1	GIN-41-MGE-S217	0	0	0	0	0	0	0	0	0
NR_028724.1	GIN-41-MGE-S217	0	0	0	0	0	0	0	0	0
NR_028723.1	GIN-41-MGE-S217	0	0	0	0	0	0	0	0	0
NR_028722.1	GIN-41-MGE-S217	0	0	0	0	0	0	0	0	0
NR_028721.1	GIN-41-MGE-S217	0	0	0	0	0	0	0	0	0
NR_028719.1	GIN-41-MGE-S217	0	0	0	0	0	0	0	0	0
NR_028718.1	GIN-41-MGE-S217	0	0	0	0	0	0	0	0	0
NR_028717.1	GIN-41-MGE-S217	0	0	0	0	0	0	0	0	0
NR_028715.1	GIN-41-MGE-S217	0	0	0	0	0	0	0	0	0
NR_028714.1	GIN-41-MGE-S217	0	0	0	0	0	0	0	0	0
NR_028713.1	GIN-41-MGE-S217	0	0	0	0	0	0	0	0	0
NR_028712.1	GIN-41-MGE-S217	0	0	0	0	0	0	0	0	0
NR_028711.1	GIN-41-MGE-S217	0	0	0	0	0	0	0	0	0
NR_028710.1	GIN-41-MGE-S217	0	0	0	0	0	0	0	0	0
NR_028708.1	GIN-41-MGE-S217	0	0	0	0	0	0	0	0	0
NR_028706.1	GIN-41-MGE-S217	0	0	0	0	0	0	0	0	0
NR_028705.1	GIN-41-MGE-S217	0	0	0	0	0	0	0	0	0
NR_028704.1	GIN-41-MGE-S217	0	0	0	0	0	0	0	0	0
NR_028703.1	GIN-41-MGE-S217	0	0	0	0	0	0	0	0	0
NR_028702.1	GIN-41-MGE-S217	0	0	0	0	0	0	0	0	0
NR_028700.1	GIN-41-MGE-S217	0	0	0	0	0	0	0	0	0
NR_028696.1	GIN-41-MGE-S217	0	0	0	0	0	0	0	0	0
NR_028694.1	GIN-41-MGE-S217	0	0	0	0	0	0	0	0	0
NR_028693.1	GIN-41-MGE-S217	0	0	0	0	0	0	0	0	0
NR_028691.1	GIN-41-MGE-S217	0	0	0	0	0	0	0	0	0
NR_028688.1	GIN-41-MGE-S217	0	0	0	0	0	0	0	0	0
NR_028687.1	GIN-41-MGE-S217	0	0	0	0	0	0	0	0	0
NR_028686.1	GIN-41-MGE-S217	0	0	0	0	0	0	0	0	0
NR_028685.1	GIN-41-MGE-S217	0	0	0	0	0	0	0	0	0
NR_028684.1	GIN-41-MGE-S217	0	0	0	0	0	0	0	0	0
NR_028683.1	GIN-41-MGE-S217	0	0	0	0	0	0	0	0	0
NR_028680.1	GIN-41-MGE-S217	0	0	0	0	0	0	0	0	0
NR_028679.1	GIN-41-MGE-S217	0	0	0	0	0	0	0	0	0
NR_028678.1	GIN-41-MGE-S217	0	0	0	0	0	0	0	0	0
NR_028676.1	GIN-41-MGE-S217	0	0	0	0	0	0	0	0	0
NR_028675.1	GIN-41-MGE-S217	0	0	0	0	0	0	0	0	0
NR_028674.1	GIN-41-MGE-S217	0	0	0	0	0	0	0	0	0
NR_028673.1	GIN-41-MGE-S217	0	0	0	0	0	0	0	0	0
NR_028671.1	GIN-41-MGE-S217	0	0	0	0	0	0	0	0	0
NR_028670.1	GIN-41-MGE-S217	0	0	0	0	0	0	0	0	0
NR_028669.1	GIN-41-MGE-S217	0	0	0	0	0	0	0	0	0
NR_028668.1	GIN-41-MGE-S217	0	0	0	0	0	0	0	0	0
NR_028667.1	GIN-41-MGE-S217	0	0	0	0	0	0	0	0	0
NR_028666.1	GIN-41-MGE-S217	0	0	0	0	0	0	0	0	0
NR_028665.1	GIN-41-MGE-S217	0	0	0	0	0	0	0	0	0
NR_028664.1	GIN-41-MGE-S217	0	0	0	0	0	0	0	0	0
NR_028663.1	GIN-41-MGE-S217	0	0	0	0	0	0	0	0	0
NR_028662.1	GIN-41-MGE-S217	0	0	0	0	0	0	0	0	0
NR_028660.1	GIN-41-MGE-S217	0	0	0	0	0	0	0	0	0
NR_028659.1	GIN-41-MGE-S217	0	0	0	0	0	0	0	0	0
NR_028655.1	GIN-41-MGE-S217	0	0	0	0	0	0	0	0	0
NR_028654.1	GIN-41-MGE-S217	0	0	0	0	0	0	0	0	0
NR_028653.1	GIN-41-MGE-S217	0	0	0	0	0	0	0	0	0
NR_028650.1	GIN-41-MGE-S217	0	0	0	0	0	0	0	0	0
NR_028649.1	GIN-41-MGE-S217	0	0	0	0	0	0	0	0	0
NR_028648.1	GIN-41-MGE-S217	0	0	0	0	0	0	0	0	0
NR_028647.1	GIN-41-MGE-S217	0	0	0	0	0	0	0	0	0
NR_028645.1	GIN-41-MGE-S217	0	0	0	0	0	0	0	0	0
NR_028642.1	GIN-41-MGE-S217	0	0	0	0	0	0	0	0	0
NR_028641.1	GIN-41-MGE-S217	0	0	0	0	0	0	0	0	0
NR_028638.1	GIN-41-MGE-S217	0	0	0	0	0	0	0	0	0
NR_028636.1	GIN-41-MGE-S217	0	0	0	0	0	0	0	0	0
NR_028635.1	GIN-41-MGE-S217	0	0	0	0	0	0	0	0	0
NR_028634.1	GIN-41-MGE-S217	0	0	0	0	0	0	0	0	0
NR_028633.1	GIN-41-MGE-S217	0	0	0	0	0	0	0	0	0
NR_028632.1	GIN-41-MGE-S217	0	0	0	0	0	0	0	0	0
NR_028631.1	GIN-41-MGE-S217	0	0	0	0	0	0	0	0	0
NR_028629.1	GIN-41-MGE-S217	0	0	0	0	0	0	0	0	0
NR_028627.1	GIN-41-MGE-S217	0	0	0	0	0	0	0	0	0
NR_028626.1	GIN-41-MGE-S217	0	0	0	0	0	0	0	0	0
NR_028625.1	GIN-41-MGE-S217	0	0	0	0	0	0	0	0	0
NR_028622.1	GIN-41-MGE-S217	0	0	0	0	0	0	0	0	0
NR_028621.1	GIN-41-MGE-S217	0	0	0	0	0	0	0	0	0
NR_028619.1	GIN-41-MGE-S217	0	0	0	0	0	0	0	0	0
NR_028618.1	GIN-41-MGE-S217	0	0	0	0	0	0	0	0	0
NR_028616.1	GIN-41-MGE-S217	0	0	0	0	0	0	0	0	0
NR_028615.1	GIN-41-MGE-S217	0	0	0	0	0	0	0	0	0
NR_028614.1	GIN-41-MGE-S217	0	0	0	0	0	0	0	0	0
NR_028612.1	GIN-41-MGE-S217	0	0	0	0	0	0	0	0	0
NR_028608.1	GIN-41-MGE-S217	0	0	0	0	0	0	0	0	0
NR_028607.1	GIN-41-MGE-S217	0	0	0	0	0	0	0	0	0
NR_028606.1	GIN-41-MGE-S217	0	0	0	0	0	0	0	0	0
NR_028605.1	GIN-41-MGE-S217	0	0	0	0	0	0	0	0	0
NR_028602.1	GIN-41-MGE-S217	0	0	0	0	0	0	0	0	0
NR_028601.1	GIN-41-MGE-S217	0	0	0	0	0	0	0	0	0
NR_028598.1	GIN-41-MGE-S217	0	0	0	0	0	0	0	0	0
NR_028019.1	GIN-41-MGE-S217	0	0	0	0	0	0	0	0	0
NR_028018.1	GIN-41-MGE-S217	0	0	0	0	0	0	0	0	0
NR_028017.1	GIN-41-MGE-S217	0	0	0	0	0	0	0	0	0
NR_028016.1	GIN-41-MGE-S217	0	0	0	0	0	0	0	0	0
NR_028015.1	GIN-41-MGE-S217	0	0	0	0	0	0	0	0	0
NR_028012.1	GIN-41-MGE-S217	0	0	0	0	0	0	0	0	0
NR_028009.1	GIN-41-MGE-S217	0	0	0	0	0	0	0	0	0
NR_028008.1	GIN-41-MGE-S217	0	0	0	0	0	0	0	0	0
NR_028006.1	GIN-41-MGE-S217	0	0	0	0	0	0	0	0	0
NR_028005.1	GIN-41-MGE-S217	0	0	0	0	0	0	0	0	0
NR_028002.1	GIN-41-MGE-S217	0	0	0	0	0	0	0	0	0
NR_027611.1	GIN-41-MGE-S217	0	0	0	0	0	0	0	0	0
NR_027610.1	GIN-41-MGE-S217	0	0	0	0	0	0	0	0	0
NR_027590.1	GIN-41-MGE-S217	0	0	0	0	0	0	0	0	0
NR_027577.1	GIN-41-MGE-S217	0	0	0	0	0	0	0	0	0
NR_027572.1	GIN-41-MGE-S217	0	0	0	0	0	0	0	0	0
NR_027564.1	GIN-41-MGE-S217	0	0	0	0	0	0	0	0	0
NR_027552.1	GIN-41-MGE-S217	0	0	0	0	0	0	0	0	0
NR_027521.1	GIN-41-MGE-S217	0	0	0	0	0	0	0	0	0
NR_027520.1	GIN-41-MGE-S217	0	0	0	0	0	0	0	0	0
NR_027519.1	GIN-41-MGE-S217	0	0	0	0	0	0	0	0	0
NR_027518.1	GIN-41-MGE-S217	0	0	0	0	0	0	0	0	0
NR_027517.1	GIN-41-MGE-S217	0	0	0	0	0	0	0	0	0
NR_027234.1	GIN-41-MGE-S217	0	0	0	0	0	0	0	0	0
NR_027230.1	GIN-41-MGE-S217	0	0	0	0	0	0	0	0	0
NR_027227.1	GIN-41-MGE-S217	0	0	0	0	0	0	0	0	0
NR_027226.1	GIN-41-MGE-S217	0	0	0	0	0	0	0	0	0
NR_027225.1	GIN-41-MGE-S217	0	0	0	0	0	0	0	0	0
NR_027223.1	GIN-41-MGE-S217	0	0	0	0	0	0	0	0	0
NR_027221.1	GIN-41-MGE-S217	0	0	0	0	0	0	0	0	0
NR_027220.1	GIN-41-MGE-S217	0	0	0	0	0	0	0	0	0
NR_027219.1	GIN-41-MGE-S217	0	0	0	0	0	0	0	0	0
NR_027218.1	GIN-41-MGE-S217	0	0	0	0	0	0	0	0	0
NR_027217.1	GIN-41-MGE-S217	0	0	0	0	0	0	0	0	0
NR_027216.1	GIN-41-MGE-S217	0	0	0	0	0	0	0	0	0
NR_027215.1	GIN-41-MGE-S217	0	0	0	0	0	0	0	0	0
NR_027213.1	GIN-41-MGE-S217	0	0	0	0	0	0	0	0	0
NR_027209.1	GIN-41-MGE-S217	0	0	0	0	0	0	0	0	0
NR_027207.1	GIN-41-MGE-S217	0	0	0	0	0	0	0	0	0
NR_027205.1	GIN-41-MGE-S217	0	0	0	0	0	0	0	0	0
NR_027204.1	GIN-41-MGE-S217	0	0	0	0	0	0	0	0	0
NR_027203.1	GIN-41-MGE-S217	0	0	0	0	0	0	0	0	0
NR_027202.1	GIN-41-MGE-S217	0	0	0	0	0	0	0	0	0
NR_027201.1	GIN-41-MGE-S217	0	0	0	0	0	0	0	0	0
NR_027200.1	GIN-41-MGE-S217	0	0	0	0	0	0	0	0	0
NR_027199.1	GIN-41-MGE-S217	0	0	0	0	0	0	0	0	0
NR_027198.1	GIN-41-MGE-S217	0	0	0	0	0	0	0	0	0
NR_027197.1	GIN-41-MGE-S217	0	0	0	0	0	0	0	0	0
NR_027194.1	GIN-41-MGE-S217	0	0	0	0	0	0	0	0	0
NR_027193.1	GIN-41-MGE-S217	0	0	0	0	0	0	0	0	0
NR_027192.1	GIN-41-MGE-S217	0	0	0	0	0	0	0	0	0
NR_027191.1	GIN-41-MGE-S217	0	0	0	0	0	0	0	0	0
NR_027189.1	GIN-41-MGE-S217	0	0	0	0	0	0	0	0	0
NR_027188.1	GIN-41-MGE-S217	0	0	0	0	0	0	0	0	0
NR_027187.1	GIN-41-MGE-S217	0	0	0	0	0	0	0	0	0
NR_027186.1	GIN-41-MGE-S217	0	0	0	0	0	0	0	0	0
NR_027184.1	GIN-41-MGE-S217	0	0	0	0	0	0	0	0	0
NR_024719.1	GIN-41-MGE-S217	0	0	0	0	0	0	0	0	0
NR_025251.1	GIN-41-MGE-S217	0	0	0	0	0	0	0	0	0
NR_025629.1	GIN-41-MGE-S217	0	0	0	0	0	0	0	0	0
NR_025628.1	GIN-41-MGE-S217	0	0	0	0	0	0	0	0	0
NR_025627.1	GIN-41-MGE-S217	0	0	0	0	0	0	0	0	0
NR_025625.1	GIN-41-MGE-S217	0	0	0	0	0	0	0	0	0
NR_025624.1	GIN-41-MGE-S217	0	0	0	0	0	0	0	0	0
NR_025623.1	GIN-41-MGE-S217	0	0	0	0	0	0	0	0	0
NR_025622.1	GIN-41-MGE-S217	0	0	0	0	0	0	0	0	0
NR_025620.1	GIN-41-MGE-S217	0	0	0	0	0	0	0	0	0
NR_025619.1	GIN-41-MGE-S217	0	0	0	0	0	0	0	0	0
NR_025618.1	GIN-41-MGE-S217	0	0	0	0	0	0	0	0	0
NR_025617.1	GIN-41-MGE-S217	0	0	0	0	0	0	0	0	0
NR_025616.1	GIN-41-MGE-S217	0	0	0	0	0	0	0	0	0
NR_025614.1	GIN-41-MGE-S217	0	0	0	0	0	0	0	0	0
NR_025613.1	GIN-41-MGE-S217	0	0	0	0	0	0	0	0	0
NR_025612.1	GIN-41-MGE-S217	0	0	0	0	0	0	0	0	0
NR_025608.1	GIN-41-MGE-S217	0	0	0	0	0	0	0	0	0
NR_025607.1	GIN-41-MGE-S217	0	0	0	0	0	0	0	0	0
NR_025606.1	GIN-41-MGE-S217	0	0	0	0	0	0	0	0	0
NR_025605.1	GIN-41-MGE-S217	0	0	0	0	0	0	0	0	0
NR_025604.1	GIN-41-MGE-S217	0	0	0	0	0	0	0	0	0
NR_025603.1	GIN-41-MGE-S217	0	0	0	0	0	0	0	0	0
NR_025602.1	GIN-41-MGE-S217	0	0	0	0	0	0	0	0	0
NR_025601.1	GIN-41-MGE-S217	0	0	0	0	0	0	0	0	0
NR_025600.1	GIN-41-MGE-S217	0	0	0	0	0	0	0	0	0
NR_025598.1	GIN-41-MGE-S217	0	0	0	0	0	0	0	0	0
NR_025597.1	GIN-41-MGE-S217	0	0	0	0	0	0	0	0	0
NR_025596.1	GIN-41-MGE-S217	0	0	0	0	0	0	0	0	0
NR_025595.1	GIN-41-MGE-S217	0	0	0	0	0	0	0	0	0
NR_025594.1	GIN-41-MGE-S217	0	0	0	0	0	0	0	0	0
NR_025593.1	GIN-41-MGE-S217	0	0	0	0	0	0	0	0	0
NR_025592.1	GIN-41-MGE-S217	0	0	0	0	0	0	0	0	0
NR_025589.1	GIN-41-MGE-S217	0	0	0	0	0	0	0	0	0
NR_025588.1	GIN-41-MGE-S217	0	0	0	0	0	0	0	0	0
NR_025587.1	GIN-41-MGE-S217	0	0	0	0	0	0	0	0	0
NR_025586.1	GIN-41-MGE-S217	0	0	0	0	0	0	0	0	0
NR_025585.1	GIN-41-MGE-S217	0	0	0	0	0	0	0	0	0
NR_025583.1	GIN-41-MGE-S217	0	0	0	0	0	0	0	0	0
NR_025582.1	GIN-41-MGE-S217	0	0	0	0	0	0	0	0	0
NR_025581.1	GIN-41-MGE-S217	0	0	0	0	0	0	0	0	0
NR_025578.1	GIN-41-MGE-S217	0	0	0	0	0	0	0	0	0
NR_025577.1	GIN-41-MGE-S217	0	0	0	0	0	0	0	0	0
NR_025575.1	GIN-41-MGE-S217	0	0	0	0	0	0	0	0	0
NR_025574.1	GIN-41-MGE-S217	0	0	0	0	0	0	0	0	0
NR_025573.1	GIN-41-MGE-S217	0	0	0	0	0	0	0	0	0
NR_025572.1	GIN-41-MGE-S217	0	0	0	0	0	0	0	0	0
NR_025571.1	GIN-41-MGE-S217	0	0	0	0	0	0	0	0	0
NR_025570.1	GIN-41-MGE-S217	0	0	0	0	0	0	0	0	0
NR_025566.1	GIN-41-MGE-S217	0	0	0	0	0	0	0	0	0
NR_025565.1	GIN-41-MGE-S217	0	0	0	0	0	0	0	0	0
NR_025564.1	GIN-41-MGE-S217	0	0	0	0	0	0	0	0	0
NR_025563.1	GIN-41-MGE-S217	0	0	0	0	0	0	0	0	0
NR_025561.1	GIN-41-MGE-S217	0	0	0	0	0	0	0	0	0
NR_025559.1	GIN-41-MGE-S217	0	0	0	0	0	0	0	0	0
NR_025558.1	GIN-41-MGE-S217	0	0	0	0	0	0	0	0	0
NR_025557.1	GIN-41-MGE-S217	0	0	0	0	0	0	0	0	0
NR_025554.1	GIN-41-MGE-S217	0	0	0	0	0	0	0	0	0
NR_025553.1	GIN-41-MGE-S217	0	0	0	0	0	0	0	0	0
NR_025552.1	GIN-41-MGE-S217	0	0	0	0	0	0	0	0	0
NR_025551.1	GIN-41-MGE-S217	0	0	0	0	0	0	0	0	0
NR_025550.1	GIN-41-MGE-S217	0	0	0	0	0	0	0	0	0
NR_025549.1	GIN-41-MGE-S217	0	0	0	0	0	0	0	0	0
NR_025548.1	GIN-41-MGE-S217	0	0	0	0	0	0	0	0	0
NR_025547.1	GIN-41-MGE-S217	0	0	0	0	0	0	0	0	0
NR_025545.1	GIN-41-MGE-S217	0	0	0	0	0	0	0	0	0
NR_025544.1	GIN-41-MGE-S217	0	0	0	0	0	0	0	0	0
NR_025543.1	GIN-41-MGE-S217	0	0	0	0	0	0	0	0	0
NR_025541.1	GIN-41-MGE-S217	0	0	0	0	0	0	0	0	0
NR_025540.1	GIN-41-MGE-S217	0	0	0	0	0	0	0	0	0
NR_025539.1	GIN-41-MGE-S217	0	0	0	0	0	0	0	0	0
NR_025537.1	GIN-41-MGE-S217	0	0	0	0	0	0	0	0	0
NR_025536.1	GIN-41-MGE-S217	0	0	0	0	0	0	0	0	0
NR_025532.1	GIN-41-MGE-S217	0	0	0	0	0	0	0	0	0
NR_025531.1	GIN-41-MGE-S217	0	0	0	0	0	0	0	0	0
NR_025530.1	GIN-41-MGE-S217	0	0	0	0	0	0	0	0	0
NR_025529.1	GIN-41-MGE-S217	0	0	0	0	0	0	0	0	0
NR_025528.1	GIN-41-MGE-S217	0	0	0	0	0	0	0	0	0
NR_025527.1	GIN-41-MGE-S217	0	0	0	0	0	0	0	0	0
NR_025526.1	GIN-41-MGE-S217	0	0	0	0	0	0	0	0	0
NR_025525.1	GIN-41-MGE-S217	0	0	0	0	0	0	0	0	0
NR_025524.1	GIN-41-MGE-S217	0	0	0	0	0	0	0	0	0
NR_025523.1	GIN-41-MGE-S217	0	0	0	0	0	0	0	0	0
NR_025521.1	GIN-41-MGE-S217	0	0	0	0	0	0	0	0	0
NR_025518.1	GIN-41-MGE-S217	0	0	0	0	0	0	0	0	0
NR_025517.1	GIN-41-MGE-S217	0	0	0	0	0	0	0	0	0
NR_025516.1	GIN-41-MGE-S217	0	0	0	0	0	0	0	0	0
NR_025515.1	GIN-41-MGE-S217	0	0	0	0	0	0	0	0	0
NR_025514.1	GIN-41-MGE-S217	128	128	0	0	0	0	0	0	0
NR_025513.1	GIN-41-MGE-S217	0	0	0	0	0	0	0	0	0
NR_025512.1	GIN-41-MGE-S217	0	0	0	0	0	0	0	0	0
NR_025508.1	GIN-41-MGE-S217	0	0	0	0	0	0	0	0	0
NR_025507.1	GIN-41-MGE-S217	0	0	0	0	0	0	0	0	0
NR_025506.1	GIN-41-MGE-S217	0	0	0	0	0	0	0	0	0
NR_025505.1	GIN-41-MGE-S217	0	0	0	0	0	0	0	0	0
NR_025504.1	GIN-41-MGE-S217	0	0	0	0	0	0	0	0	0
NR_025503.1	GIN-41-MGE-S217	0	0	0	0	0	0	0	0	0
NR_025502.1	GIN-41-MGE-S217	0	0	0	0	0	0	0	0	0
NR_025501.1	GIN-41-MGE-S217	0	0	0	0	0	0	0	0	0
NR_025500.1	GIN-41-MGE-S217	0	0	0	0	0	0	0	0	0
NR_025499.1	GIN-41-MGE-S217	0	0	0	0	0	0	0	0	0
NR_025498.1	GIN-41-MGE-S217	0	0	0	0	0	0	0	0	0
NR_025497.1	GIN-41-MGE-S217	0	0	0	0	0	0	0	0	0
NR_025496.1	GIN-41-MGE-S217	0	0	0	0	0	0	0	0	0
NR_025495.1	GIN-41-MGE-S217	0	0	0	0	0	0	0	0	0
NR_025494.1	GIN-41-MGE-S217	0	0	0	0	0	0	0	0	0
NR_025493.1	GIN-41-MGE-S217	0	0	0	0	0	0	0	0	0
NR_025492.1	GIN-41-MGE-S217	0	0	0	0	0	0	0	0	0
NR_025491.1	GIN-41-MGE-S217	0	0	0	0	0	0	0	0	0
NR_025490.1	GIN-41-MGE-S217	0	0	0	0	0	0	0	0	0
NR_025489.1	GIN-41-MGE-S217	0	0	0	0	0	0	0	0	0
NR_025487.1	GIN-41-MGE-S217	0	0	0	0	0	0	0	0	0
NR_025486.1	GIN-41-MGE-S217	0	0	0	0	0	0	0	0	0
NR_025485.1	GIN-41-MGE-S217	0	0	0	0	0	0	0	0	0
NR_025483.1	GIN-41-MGE-S217	0	0	0	0	0	0	0	0	0
NR_025482.1	GIN-41-MGE-S217	0	0	0	0	0	0	0	0	0
NR_025481.1	GIN-41-MGE-S217	0	0	0	0	0	0	0	0	0
NR_025480.1	GIN-41-MGE-S217	0	0	0	0	0	0	0	0	0
NR_025479.1	GIN-41-MGE-S217	0	0	0	0	0	0	0	0	0
NR_025478.1	GIN-41-MGE-S217	0	0	0	0	0	0	0	0	0
NR_025476.1	GIN-41-MGE-S217	0	0	0	0	0	0	0	0	0
NR_025474.1	GIN-41-MGE-S217	0	0	0	0	0	0	0	0	0
NR_025472.1	GIN-41-MGE-S217	0	0	0	0	0	0	0	0	0
NR_025471.1	GIN-41-MGE-S217	0	0	0	0	0	0	0	0	0
NR_025470.1	GIN-41-MGE-S217	0	0	0	0	0	0	0	0	0
NR_025468.1	GIN-41-MGE-S217	0	0	0	0	0	0	0	0	0
NR_025467.1	GIN-41-MGE-S217	0	0	0	0	0	0	0	0	0
NR_025466.1	GIN-41-MGE-S217	0	0	0	0	0	0	0	0	0
NR_025465.1	GIN-41-MGE-S217	0	0	0	0	0	0	0	0	0
NR_025464.1	GIN-41-MGE-S217	0	0	0	0	0	0	0	0	0
NR_025463.1	GIN-41-MGE-S217	0	0	0	0	0	0	0	0	0
NR_025462.1	GIN-41-MGE-S217	0	0	0	0	0	0	0	0	0
NR_025461.1	GIN-41-MGE-S217	0	0	0	0	0	0	0	0	0
NR_025460.1	GIN-41-MGE-S217	0	0	0	0	0	0	0	0	0
NR_025459.1	GIN-41-MGE-S217	0	0	0	0	0	0	0	0	0
NR_025458.1	GIN-41-MGE-S217	0	0	0	0	0	0	0	0	0
NR_025457.1	GIN-41-MGE-S217	0	0	0	0	0	0	0	0	0
NR_025456.1	GIN-41-MGE-S217	0	0	0	0	0	0	0	0	0
NR_025455.1	GIN-41-MGE-S217	0	0	0	0	0	0	0	0	0
NR_025454.1	GIN-41-MGE-S217	0	0	0	0	0	0	0	0	0
NR_025453.1	GIN-41-MGE-S217	0	0	0	0	0	0	0	0	0
NR_025451.1	GIN-41-MGE-S217	0	0	0	0	0	0	0	0	0
NR_025450.1	GIN-41-MGE-S217	0	0	0	0	0	0	0	0	0
NR_025449.1	GIN-41-MGE-S217	0	0	0	0	0	0	0	0	0
NR_025448.1	GIN-41-MGE-S217	0	0	0	0	0	0	0	0	0
NR_025445.1	GIN-41-MGE-S217	0	0	0	0	0	0	0	0	0
NR_025444.1	GIN-41-MGE-S217	0	0	0	0	0	0	0	0	0
NR_025443.1	GIN-41-MGE-S217	0	0	0	0	0	0	0	0	0
NR_025442.1	GIN-41-MGE-S217	0	0	0	0	0	0	0	0	0
NR_025441.1	GIN-41-MGE-S217	0	0	0	0	0	0	0	0	0
NR_025440.1	GIN-41-MGE-S217	0	0	0	0	0	0	0	0	0
NR_025439.1	GIN-41-MGE-S217	0	0	0	0	0	0	0	0	0
NR_025437.1	GIN-41-MGE-S217	0	0	0	0	0	0	0	0	0
NR_025436.1	GIN-41-MGE-S217	0	0	0	0	0	0	0	0	0
NR_025435.1	GIN-41-MGE-S217	0	0	0	0	0	0	0	0	0
NR_025434.1	GIN-41-MGE-S217	0	0	0	0	0	0	0	0	0
NR_025433.1	GIN-41-MGE-S217	0	0	0	0	0	0	0	0	0
NR_025432.1	GIN-41-MGE-S217	0	0	0	0	0	0	0	0	0
NR_025431.1	GIN-41-MGE-S217	0	0	0	0	0	0	0	0	0
NR_025430.1	GIN-41-MGE-S217	0	0	0	0	0	0	0	0	0
NR_025429.1	GIN-41-MGE-S217	0	0	0	0	0	0	0	0	0
NR_025428.1	GIN-41-MGE-S217	0	0	0	0	0	0	0	0	0
NR_025427.1	GIN-41-MGE-S217	0	0	0	0	0	0	0	0	0
NR_025426.1	GIN-41-MGE-S217	0	0	0	0	0	0	0	0	0
NR_025425.1	GIN-41-MGE-S217	0	0	0	0	0	0	0	0	0
NR_025424.1	GIN-41-MGE-S217	0	0	0	0	0	0	0	0	0
NR_025420.1	GIN-41-MGE-S217	0	0	0	0	0	0	0	0	0
NR_025419.1	GIN-41-MGE-S217	0	0	0	0	0	0	0	0	0
NR_025418.1	GIN-41-MGE-S217	0	0	0	0	0	0	0	0	0
NR_025416.1	GIN-41-MGE-S217	0	0	0	0	0	0	0	0	0
NR_025415.1	GIN-41-MGE-S217	0	0	0	0	0	0	0	0	0
NR_025414.1	GIN-41-MGE-S217	0	0	0	0	0	0	0	0	0
NR_025412.1	GIN-41-MGE-S217	0	0	0	0	0	0	0	0	0
NR_025411.1	GIN-41-MGE-S217	0	0	0	0	0	0	0	0	0
NR_025409.1	GIN-41-MGE-S217	0	0	0	0	0	0	0	0	0
NR_025408.1	GIN-41-MGE-S217	0	0	0	0	0	0	0	0	0
NR_025407.1	GIN-41-MGE-S217	0	0	0	0	0	0	0	0	0
NR_025406.1	GIN-41-MGE-S217	0	0	0	0	0	0	0	0	0
NR_025405.1	GIN-41-MGE-S217	0	0	0	0	0	0	0	0	0
NR_025404.1	GIN-41-MGE-S217	0	0	0	0	0	0	0	0	0
NR_025402.1	GIN-41-MGE-S217	0	0	0	0	0	0	0	0	0
NR_025401.1	GIN-41-MGE-S217	0	0	0	0	0	0	0	0	0
NR_025400.1	GIN-41-MGE-S217	0	0	0	0	0	0	0	0	0
NR_025398.1	GIN-41-MGE-S217	0	0	0	0	0	0	0	0	0
NR_025397.1	GIN-41-MGE-S217	0	0	0	0	0	0	0	0	0
NR_025396.1	GIN-41-MGE-S217	0	0	0	0	0	0	0	0	0
NR_025394.1	GIN-41-MGE-S217	0	0	0	0	0	0	0	0	0
NR_025391.1	GIN-41-MGE-S217	0	0	0	0	0	0	0	0	0
NR_025390.1	GIN-41-MGE-S217	0	0	0	0	0	0	0	0	0
NR_025389.1	GIN-41-MGE-S217	0	0	0	0	0	0	0	0	0
NR_025388.1	GIN-41-MGE-S217	0	0	0	0	0	0	0	0	0
NR_025387.1	GIN-41-MGE-S217	0	0	0	0	0	0	0	0	0
NR_025386.1	GIN-41-MGE-S217	0	0	0	0	0	0	0	0	0
NR_025385.1	GIN-41-MGE-S217	0	0	0	0	0	0	0	0	0
NR_025384.1	GIN-41-MGE-S217	0	0	0	0	0	0	0	0	0
NR_025383.1	GIN-41-MGE-S217	0	0	0	0	0	0	0	0	0
NR_025381.1	GIN-41-MGE-S217	0	0	0	0	0	0	0	0	0
NR_025380.1	GIN-41-MGE-S217	0	0	0	0	0	0	0	0	0
NR_025379.1	GIN-41-MGE-S217	0	0	0	0	0	0	0	0	0
NR_025377.1	GIN-41-MGE-S217	0	0	0	0	0	0	0	0	0
NR_025376.1	GIN-41-MGE-S217	0	0	0	0	0	0	0	0	0
NR_025375.1	GIN-41-MGE-S217	0	0	0	0	0	0	0	0	0
NR_025374.1	GIN-41-MGE-S217	0	0	0	0	0	0	0	0	0
NR_025372.1	GIN-41-MGE-S217	0	0	0	0	0	0	0	0	0
NR_025369.1	GIN-41-MGE-S217	0	0	0	0	0	0	0	0	0
NR_025368.1	GIN-41-MGE-S217	0	0	0	0	0	0	0	0	0
NR_025367.1	GIN-41-MGE-S217	0	0	0	0	0	0	0	0	0
NR_025366.1	GIN-41-MGE-S217	0	0	0	0	0	0	0	0	0
NR_025365.1	GIN-41-MGE-S217	0	0	0	0	0	0	0	0	0
NR_025364.1	GIN-41-MGE-S217	0	0	0	0	0	0	0	0	0
NR_025363.1	GIN-41-MGE-S217	0	0	0	0	0	0	0	0	0
NR_025362.1	GIN-41-MGE-S217	0	0	0	0	0	0	0	0	0
NR_025361.1	GIN-41-MGE-S217	0	0	0	0	0	0	0	0	0
NR_025360.1	GIN-41-MGE-S217	0	0	0	0	0	0	0	0	0
NR_025359.1	GIN-41-MGE-S217	0	0	0	0	0	0	0	0	0
NR_025358.1	GIN-41-MGE-S217	0	0	0	0	0	0	0	0	0
NR_025357.1	GIN-41-MGE-S217	0	0	0	0	0	0	0	0	0
NR_025356.1	GIN-41-MGE-S217	0	0	0	0	0	0	0	0	0
NR_025355.1	GIN-41-MGE-S217	0	0	0	0	0	0	0	0	0
NR_025354.1	GIN-41-MGE-S217	0	0	0	0	0	0	0	0	0
NR_025352.1	GIN-41-MGE-S217	0	0	0	0	0	0	0	0	0
NR_025351.1	GIN-41-MGE-S217	0	0	0	0	0	0	0	0	0
NR_025350.1	GIN-41-MGE-S217	0	0	0	0	0	0	0	0	0
NR_025349.1	GIN-41-MGE-S217	0	0	0	0	0	0	0	0	0
NR_025346.1	GIN-41-MGE-S217	0	0	0	0	0	0	0	0	0
NR_025341.1	GIN-41-MGE-S217	0	0	0	0	0	0	0	0	0
NR_025340.1	GIN-41-MGE-S217	0	0	0	0	0	0	0	0	0
NR_025339.1	GIN-41-MGE-S217	0	0	0	0	0	0	0	0	0
NR_025338.1	GIN-41-MGE-S217	0	0	0	0	0	0	0	0	0
NR_025335.1	GIN-41-MGE-S217	0	0	0	0	0	0	0	0	0
NR_025334.1	GIN-41-MGE-S217	0	0	0	0	0	0	0	0	0
NR_025331.1	GIN-41-MGE-S217	0	0	0	0	0	0	0	0	0
NR_025330.1	GIN-41-MGE-S217	0	0	0	0	0	0	0	0	0
NR_025329.1	GIN-41-MGE-S217	0	0	0	0	0	0	0	0	0
NR_025328.1	GIN-41-MGE-S217	0	0	0	0	0	0	0	0	0
NR_025327.1	GIN-41-MGE-S217	0	0	0	0	0	0	0	0	0
NR_025326.1	GIN-41-MGE-S217	0	0	0	0	0	0	0	0	0
NR_025325.1	GIN-41-MGE-S217	0	0	0	0	0	0	0	0	0
NR_025324.1	GIN-41-MGE-S217	0	0	0	0	0	0	0	0	0
NR_025323.1	GIN-41-MGE-S217	0	0	0	0	0	0	0	0	0
NR_025322.1	GIN-41-MGE-S217	0	0	0	0	0	0	0	0	0
NR_025321.1	GIN-41-MGE-S217	0	0	0	0	0	0	0	0	0
NR_025320.1	GIN-41-MGE-S217	0	0	0	0	0	0	0	0	0
NR_025319.1	GIN-41-MGE-S217	0	0	0	0	0	0	0	0	0
NR_025318.1	GIN-41-MGE-S217	0	0	0	0	0	0	0	0	0
NR_025317.1	GIN-41-MGE-S217	0	0	0	0	0	0	0	0	0
NR_025316.1	GIN-41-MGE-S217	0	0	0	0	0	0	0	0	0
NR_025315.1	GIN-41-MGE-S217	0	0	0	0	0	0	0	0	0
NR_025314.1	GIN-41-MGE-S217	0	0	0	0	0	0	0	0	0
NR_025313.1	GIN-41-MGE-S217	0	0	0	0	0	0	0	0	0
NR_025312.1	GIN-41-MGE-S217	0	0	0	0	0	0	0	0	0
NR_025311.1	GIN-41-MGE-S217	0	0	0	0	0	0	0	0	0
NR_025310.1	GIN-41-MGE-S217	0	0	0	0	0	0	0	0	0
NR_025309.1	GIN-41-MGE-S217	0	0	0	0	0	0	0	0	0
NR_025308.1	GIN-41-MGE-S217	0	0	0	0	0	0	0	0	0
NR_025307.1	GIN-41-MGE-S217	0	0	0	0	0	0	0	0	0
NR_025306.1	GIN-41-MGE-S217	0	0	0	0	0	0	0	0	0
NR_025305.1	GIN-41-MGE-S217	0	0	0	0	0	0	0	0	0
NR_025304.1	GIN-41-MGE-S217	0	0	0	0	0	0	0	0	0
NR_025302.1	GIN-41-MGE-S217	0	0	0	0	0	0	0	0	0
NR_025301.1	GIN-41-MGE-S217	0	0	0	0	0	0	0	0	0
NR_025300.1	GIN-41-MGE-S217	0	0	0	0	0	0	0	0	0
NR_025299.1	GIN-41-MGE-S217	0	0	0	0	0	0	0	0	0
NR_025298.1	GIN-41-MGE-S217	0	0	0	0	0	0	0	0	0
NR_025297.1	GIN-41-MGE-S217	0	0	0	0	0	0	0	0	0
NR_025296.1	GIN-41-MGE-S217	0	0	0	0	0	0	0	0	0
NR_025295.1	GIN-41-MGE-S217	0	0	0	0	0	0	0	0	0
NR_025294.1	GIN-41-MGE-S217	0	0	0	0	0	0	0	0	0
NR_025293.1	GIN-41-MGE-S217	0	0	0	0	0	0	0	0	0
NR_025291.1	GIN-41-MGE-S217	0	0	0	0	0	0	0	0	0
NR_025290.1	GIN-41-MGE-S217	0	0	0	0	0	0	0	0	0
NR_025288.1	GIN-41-MGE-S217	0	0	0	0	0	0	0	0	0
NR_025287.1	GIN-41-MGE-S217	0	0	0	0	0	0	0	0	0
NR_025286.1	GIN-41-MGE-S217	0	0	0	0	0	0	0	0	0
NR_025285.1	GIN-41-MGE-S217	0	0	0	0	0	0	0	0	0
NR_025282.1	GIN-41-MGE-S217	0	0	0	0	0	0	0	0	0
NR_025281.1	GIN-41-MGE-S217	0	0	0	0	0	0	0	0	0
NR_025280.1	GIN-41-MGE-S217	0	0	0	0	0	0	0	0	0
NR_025278.1	GIN-41-MGE-S217	0	0	0	0	0	0	0	0	0
NR_025275.1	GIN-41-MGE-S217	0	0	0	0	0	0	0	0	0
NR_025273.1	GIN-41-MGE-S217	0	0	0	0	0	0	0	0	0
NR_025272.1	GIN-41-MGE-S217	0	0	0	0	0	0	0	0	0
NR_025269.1	GIN-41-MGE-S217	0	0	0	0	0	0	0	0	0
NR_025268.1	GIN-41-MGE-S217	0	0	0	0	0	0	0	0	0
NR_025267.1	GIN-41-MGE-S217	0	0	0	0	0	0	0	0	0
NR_025266.1	GIN-41-MGE-S217	0	0	0	0	0	0	0	0	0
NR_025265.1	GIN-41-MGE-S217	0	0	0	0	0	0	0	0	0
NR_025263.1	GIN-41-MGE-S217	0	0	0	0	0	0	0	0	0
NR_025261.1	GIN-41-MGE-S217	0	0	0	0	0	0	0	0	0
NR_025260.1	GIN-41-MGE-S217	0	0	0	0	0	0	0	0	0
NR_025259.1	GIN-41-MGE-S217	0	0	0	0	0	0	0	0	0
NR_025257.1	GIN-41-MGE-S217	0	0	0	0	0	0	0	0	0
NR_025256.1	GIN-41-MGE-S217	0	0	0	0	0	0	0	0	0
NR_025255.1	GIN-41-MGE-S217	0	0	0	0	0	0	0	0	0
NR_025253.1	GIN-41-MGE-S217	0	0	0	0	0	0	0	0	0
NR_025252.1	GIN-41-MGE-S217	0	0	0	0	0	0	0	0	0
NR_025249.1	GIN-41-MGE-S217	0	0	0	0	0	0	0	0	0
NR_025247.1	GIN-41-MGE-S217	0	0	0	0	0	0	0	0	0
NR_025246.1	GIN-41-MGE-S217	0	0	0	0	0	0	0	0	0
NR_025244.1	GIN-41-MGE-S217	0	0	0	0	0	0	0	0	0
NR_025242.1	GIN-41-MGE-S217	0	0	0	0	0	0	0	0	0
NR_025239.1	GIN-41-MGE-S217	0	0	0	0	0	0	0	0	0
NR_025238.1	GIN-41-MGE-S217	0	0	0	0	0	0	0	0	0
NR_025237.1	GIN-41-MGE-S217	0	0	0	0	0	0	0	0	0
NR_025236.1	GIN-41-MGE-S217	0	0	0	0	0	0	0	0	0
NR_025235.1	GIN-41-MGE-S217	0	0	0	0	0	0	0	0	0
NR_025234.1	GIN-41-MGE-S217	0	0	0	0	0	0	0	0	0
NR_025233.1	GIN-41-MGE-S217	0	0	0	0	0	0	0	0	0
NR_025232.1	GIN-41-MGE-S217	0	0	0	0	0	0	0	0	0
NR_025230.1	GIN-41-MGE-S217	7	7	0	0	0	0	0	0	0
NR_025229.1	GIN-41-MGE-S217	0	0	0	0	0	0	0	0	0
NR_025228.1	GIN-41-MGE-S217	0	0	0	0	0	0	0	0	0
NR_025227.1	GIN-41-MGE-S217	0	0	0	0	0	0	0	0	0
NR_025226.1	GIN-41-MGE-S217	0	0	0	0	0	0	0	0	0
NR_025225.1	GIN-41-MGE-S217	0	0	0	0	0	0	0	0	0
NR_025224.1	GIN-41-MGE-S217	0	0	0	0	0	0	0	0	0
NR_025222.1	GIN-41-MGE-S217	0	0	0	0	0	0	0	0	0
NR_025221.1	GIN-41-MGE-S217	0	0	0	0	0	0	0	0	0
NR_025220.1	GIN-41-MGE-S217	0	0	0	0	0	0	0	0	0
NR_025219.1	GIN-41-MGE-S217	0	0	0	0	0	0	0	0	0
NR_025218.1	GIN-41-MGE-S217	0	0	0	0	0	0	0	0	0
NR_025217.1	GIN-41-MGE-S217	0	0	0	0	0	0	0	0	0
NR_025216.1	GIN-41-MGE-S217	0	0	0	0	0	0	0	0	0
NR_025214.1	GIN-41-MGE-S217	0	0	0	0	0	0	0	0	0
NR_025213.1	GIN-41-MGE-S217	0	0	0	0	0	0	0	0	0
NR_025212.1	GIN-41-MGE-S217	0	0	0	0	0	0	0	0	0
NR_025210.1	GIN-41-MGE-S217	0	0	0	0	0	0	0	0	0
NR_025208.1	GIN-41-MGE-S217	0	0	0	0	0	0	0	0	0
NR_025207.1	GIN-41-MGE-S217	0	0	0	0	0	0	0	0	0
NR_025206.1	GIN-41-MGE-S217	0	0	0	0	0	0	0	0	0
NR_025205.1	GIN-41-MGE-S217	0	0	0	0	0	0	0	0	0
NR_025203.1	GIN-41-MGE-S217	0	0	0	0	0	0	0	0	0
NR_025202.1	GIN-41-MGE-S217	0	0	0	0	0	0	0	0	0
NR_025201.1	GIN-41-MGE-S217	0	0	0	0	0	0	0	0	0
NR_025199.1	GIN-41-MGE-S217	0	0	0	0	0	0	0	0	0
NR_025198.1	GIN-41-MGE-S217	0	0	0	0	0	0	0	0	0
NR_025197.1	GIN-41-MGE-S217	0	0	0	0	0	0	0	0	0
NR_025196.1	GIN-41-MGE-S217	0	0	0	0	0	0	0	0	0
NR_025195.1	GIN-41-MGE-S217	0	0	0	0	0	0	0	0	0
NR_025193.1	GIN-41-MGE-S217	0	0	0	0	0	0	0	0	0
NR_025192.1	GIN-41-MGE-S217	0	0	0	0	0	0	0	0	0
NR_025191.1	GIN-41-MGE-S217	0	0	0	0	0	0	0	0	0
NR_025190.1	GIN-41-MGE-S217	0	0	0	0	0	0	0	0	0
NR_025188.1	GIN-41-MGE-S217	0	0	0	0	0	0	0	0	0
NR_025186.1	GIN-41-MGE-S217	0	0	0	0	0	0	0	0	0
NR_025185.1	GIN-41-MGE-S217	0	0	0	0	0	0	0	0	0
NR_025182.1	GIN-41-MGE-S217	0	0	0	0	0	0	0	0	0
NR_025177.1	GIN-41-MGE-S217	0	0	0	0	0	0	0	0	0
NR_025175.1	GIN-41-MGE-S217	0	0	0	0	0	0	0	0	0
NR_025174.1	GIN-41-MGE-S217	0	0	0	0	0	0	0	0	0
NR_025173.1	GIN-41-MGE-S217	0	0	0	0	0	0	0	0	0
NR_025172.1	GIN-41-MGE-S217	0	0	0	0	0	0	0	0	0
NR_025170.1	GIN-41-MGE-S217	0	0	0	0	0	0	0	0	0
NR_025169.1	GIN-41-MGE-S217	0	0	0	0	0	0	0	0	0
NR_025168.1	GIN-41-MGE-S217	0	0	0	0	0	0	0	0	0
NR_025167.1	GIN-41-MGE-S217	0	0	0	0	0	0	0	0	0
NR_025166.1	GIN-41-MGE-S217	0	0	0	0	0	0	0	0	0
NR_025164.1	GIN-41-MGE-S217	0	0	0	0	0	0	0	0	0
NR_025163.1	GIN-41-MGE-S217	0	0	0	0	0	0	0	0	0
NR_025162.1	GIN-41-MGE-S217	0	0	0	0	0	0	0	0	0
NR_025161.1	GIN-41-MGE-S217	0	0	0	0	0	0	0	0	0
NR_025160.1	GIN-41-MGE-S217	0	0	0	0	0	0	0	0	0
NR_025159.1	GIN-41-MGE-S217	0	0	0	0	0	0	0	0	0
NR_025158.1	GIN-41-MGE-S217	0	0	0	0	0	0	0	0	0
NR_025157.1	GIN-41-MGE-S217	0	0	0	0	0	0	0	0	0
NR_025156.1	GIN-41-MGE-S217	0	0	0	0	0	0	0	0	0
NR_025155.1	GIN-41-MGE-S217	0	0	0	0	0	0	0	0	0
NR_025153.1	GIN-41-MGE-S217	0	0	0	0	0	0	0	0	0
NR_025152.1	GIN-41-MGE-S217	0	0	0	0	0	0	0	0	0
NR_025151.1	GIN-41-MGE-S217	0	0	0	0	0	0	0	0	0
NR_025149.1	GIN-41-MGE-S217	0	0	0	0	0	0	0	0	0
NR_025148.1	GIN-41-MGE-S217	0	0	0	0	0	0	0	0	0
NR_025147.1	GIN-41-MGE-S217	0	0	0	0	0	0	0	0	0
NR_025146.1	GIN-41-MGE-S217	0	0	0	0	0	0	0	0	0
NR_025143.1	GIN-41-MGE-S217	0	0	0	0	0	0	0	0	0
NR_025142.1	GIN-41-MGE-S217	0	0	0	0	0	0	0	0	0
NR_025140.1	GIN-41-MGE-S217	0	0	0	0	0	0	0	0	0
NR_025139.1	GIN-41-MGE-S217	0	0	0	0	0	0	0	0	0
NR_025138.1	GIN-41-MGE-S217	0	0	0	0	0	0	0	0	0
NR_025137.1	GIN-41-MGE-S217	0	0	0	0	0	0	0	0	0
NR_025135.1	GIN-41-MGE-S217	0	0	0	0	0	0	0	0	0
NR_025133.1	GIN-41-MGE-S217	0	0	0	0	0	0	0	0	0
NR_025132.1	GIN-41-MGE-S217	0	0	0	0	0	0	0	0	0
NR_025130.1	GIN-41-MGE-S217	0	0	0	0	0	0	0	0	0
NR_025127.1	GIN-41-MGE-S217	0	0	0	0	0	0	0	0	0
NR_025126.1	GIN-41-MGE-S217	0	0	0	0	0	0	0	0	0
NR_025124.1	GIN-41-MGE-S217	0	0	0	0	0	0	0	0	0
NR_025123.1	GIN-41-MGE-S217	0	0	0	0	0	0	0	0	0
NR_025120.1	GIN-41-MGE-S217	0	0	0	0	0	0	0	0	0
NR_025119.1	GIN-41-MGE-S217	0	0	0	0	0	0	0	0	0
NR_025116.1	GIN-41-MGE-S217	0	0	0	0	0	0	0	0	0
NR_025114.1	GIN-41-MGE-S217	0	0	0	0	0	0	0	0	0
NR_025113.1	GIN-41-MGE-S217	0	0	0	0	0	0	0	0	0
NR_025112.1	GIN-41-MGE-S217	0	0	0	0	0	0	0	0	0
NR_025111.1	GIN-41-MGE-S217	0	0	0	0	0	0	0	0	0
NR_025110.1	GIN-41-MGE-S217	0	0	0	0	0	0	0	0	0
NR_025109.1	GIN-41-MGE-S217	0	0	0	0	0	0	0	0	0
NR_025107.1	GIN-41-MGE-S217	0	0	0	0	0	0	0	0	0
NR_025106.1	GIN-41-MGE-S217	0	0	0	0	0	0	0	0	0
NR_025105.1	GIN-41-MGE-S217	0	0	0	0	0	0	0	0	0
NR_025104.1	GIN-41-MGE-S217	0	0	0	0	0	0	0	0	0
NR_025103.1	GIN-41-MGE-S217	0	0	0	0	0	0	0	0	0
NR_025102.1	GIN-41-MGE-S217	0	0	0	0	0	0	0	0	0
NR_025098.1	GIN-41-MGE-S217	0	0	0	0	0	0	0	0	0
NR_025097.1	GIN-41-MGE-S217	0	0	0	0	0	0	0	0	0
NR_025096.1	GIN-41-MGE-S217	0	0	0	0	0	0	0	0	0
NR_025095.1	GIN-41-MGE-S217	0	0	0	0	0	0	0	0	0
NR_025094.1	GIN-41-MGE-S217	0	0	0	0	0	0	0	0	0
NR_025093.1	GIN-41-MGE-S217	0	0	0	0	0	0	0	0	0
NR_025092.1	GIN-41-MGE-S217	0	0	0	0	0	0	0	0	0
NR_025088.1	GIN-41-MGE-S217	0	0	0	0	0	0	0	0	0
NR_025087.1	GIN-41-MGE-S217	0	0	0	0	0	0	0	0	0
NR_025086.1	GIN-41-MGE-S217	0	0	0	0	0	0	0	0	0
NR_025085.1	GIN-41-MGE-S217	0	0	0	0	0	0	0	0	0
NR_025084.1	GIN-41-MGE-S217	0	0	0	0	0	0	0	0	0
NR_025083.1	GIN-41-MGE-S217	0	0	0	0	0	0	0	0	0
NR_025082.1	GIN-41-MGE-S217	0	0	0	0	0	0	0	0	0
NR_025080.1	GIN-41-MGE-S217	0	0	0	0	0	0	0	0	0
NR_025079.1	GIN-41-MGE-S217	0	0	0	0	0	0	0	0	0
NR_025078.1	GIN-41-MGE-S217	0	0	0	0	0	0	0	0	0
NR_025077.1	GIN-41-MGE-S217	0	0	0	0	0	0	0	0	0
NR_025076.1	GIN-41-MGE-S217	0	0	0	0	0	0	0	0	0
NR_025075.1	GIN-41-MGE-S217	0	0	0	0	0	0	0	0	0
NR_025074.1	GIN-41-MGE-S217	0	0	0	0	0	0	0	0	0
NR_025073.1	GIN-41-MGE-S217	0	0	0	0	0	0	0	0	0
NR_025072.1	GIN-41-MGE-S217	0	0	0	0	0	0	0	0	0
NR_025071.1	GIN-41-MGE-S217	0	0	0	0	0	0	0	0	0
NR_025069.1	GIN-41-MGE-S217	0	0	0	0	0	0	0	0	0
NR_025058.1	GIN-41-MGE-S217	0	0	0	0	0	0	0	0	0
NR_025057.1	GIN-41-MGE-S217	0	0	0	0	0	0	0	0	0
NR_025056.1	GIN-41-MGE-S217	0	0	0	0	0	0	0	0	0
NR_025055.1	GIN-41-MGE-S217	0	0	0	0	0	0	0	0	0
NR_025054.1	GIN-41-MGE-S217	0	0	0	0	0	0	0	0	0
NR_025053.1	GIN-41-MGE-S217	0	0	0	0	0	0	0	0	0
NR_025052.1	GIN-41-MGE-S217	0	0	0	0	0	0	0	0	0
NR_025051.1	GIN-41-MGE-S217	0	0	0	0	0	0	0	0	0
NR_025050.1	GIN-41-MGE-S217	0	0	0	0	0	0	0	0	0
NR_025049.1	GIN-41-MGE-S217	0	0	0	0	0	0	0	0	0
NR_025048.1	GIN-41-MGE-S217	0	0	0	0	0	0	0	0	0
NR_025047.1	GIN-41-MGE-S217	0	0	0	0	0	0	0	0	0
NR_025046.1	GIN-41-MGE-S217	0	0	0	0	0	0	0	0	0
NR_025042.1	GIN-41-MGE-S217	0	0	0	0	0	0	0	0	0
NR_025041.1	GIN-41-MGE-S217	0	0	0	0	0	0	0	0	0
NR_025040.1	GIN-41-MGE-S217	0	0	0	0	0	0	0	0	0
NR_025038.1	GIN-41-MGE-S217	0	0	0	0	0	0	0	0	0
NR_025037.1	GIN-41-MGE-S217	0	0	0	0	0	0	0	0	0
NR_025036.1	GIN-41-MGE-S217	0	0	0	0	0	0	0	0	0
NR_025034.1	GIN-41-MGE-S217	0	0	0	0	0	0	0	0	0
NR_025033.1	GIN-41-MGE-S217	0	0	0	0	0	0	0	0	0
NR_025032.1	GIN-41-MGE-S217	0	0	0	0	0	0	0	0	0
NR_025031.1	GIN-41-MGE-S217	0	0	0	0	0	0	0	0	0
NR_025030.1	GIN-41-MGE-S217	0	0	0	0	0	0	0	0	0
NR_025029.1	GIN-41-MGE-S217	0	0	0	0	0	0	0	0	0
NR_025027.1	GIN-41-MGE-S217	0	0	0	0	0	0	0	0	0
NR_025026.1	GIN-41-MGE-S217	0	0	0	0	0	0	0	0	0
NR_025025.1	GIN-41-MGE-S217	0	0	0	0	0	0	0	0	0
NR_025024.1	GIN-41-MGE-S217	0	0	0	0	0	0	0	0	0
NR_025023.1	GIN-41-MGE-S217	0	0	0	0	0	0	0	0	0
NR_025022.1	GIN-41-MGE-S217	0	0	0	0	0	0	0	0	0
NR_025021.1	GIN-41-MGE-S217	0	0	0	0	0	0	0	0	0
NR_025020.1	GIN-41-MGE-S217	0	0	0	0	0	0	0	0	0
NR_025019.1	GIN-41-MGE-S217	0	0	0	0	0	0	0	0	0
NR_025017.1	GIN-41-MGE-S217	0	0	0	0	0	0	0	0	0
NR_025016.1	GIN-41-MGE-S217	0	0	0	0	0	0	0	0	0
NR_025015.1	GIN-41-MGE-S217	0	0	0	0	0	0	0	0	0
NR_025014.1	GIN-41-MGE-S217	0	0	0	0	0	0	0	0	0
NR_025013.1	GIN-41-MGE-S217	0	0	0	0	0	0	0	0	0
NR_025012.1	GIN-41-MGE-S217	0	0	0	0	0	0	0	0	0
NR_025010.1	GIN-41-MGE-S217	0	0	0	0	0	0	0	0	0
NR_025009.1	GIN-41-MGE-S217	0	0	0	0	0	0	0	0	0
NR_025008.1	GIN-41-MGE-S217	0	0	0	0	0	0	0	0	0
NR_025007.1	GIN-41-MGE-S217	0	0	0	0	0	0	0	0	0
NR_025006.1	GIN-41-MGE-S217	0	0	0	0	0	0	0	0	0
NR_025005.1	GIN-41-MGE-S217	0	0	0	0	0	0	0	0	0
NR_025004.1	GIN-41-MGE-S217	0	0	0	0	0	0	0	0	0
NR_025003.1	GIN-41-MGE-S217	0	0	0	0	0	0	0	0	0
NR_025002.1	GIN-41-MGE-S217	0	0	0	0	0	0	0	0	0
NR_025001.1	GIN-41-MGE-S217	0	0	0	0	0	0	0	0	0
NR_025000.1	GIN-41-MGE-S217	0	0	0	0	0	0	0	0	0
NR_024999.1	GIN-41-MGE-S217	0	0	0	0	0	0	0	0	0
NR_024998.1	GIN-41-MGE-S217	0	0	0	0	0	0	0	0	0
NR_024997.1	GIN-41-MGE-S217	0	0	0	0	0	0	0	0	0
NR_024995.1	GIN-41-MGE-S217	0	0	0	0	0	0	0	0	0
NR_024993.1	GIN-41-MGE-S217	0	0	0	0	0	0	0	0	0
NR_024991.1	GIN-41-MGE-S217	0	0	0	0	0	0	0	0	0
NR_024989.1	GIN-41-MGE-S217	0	0	0	0	0	0	0	0	0
NR_024988.1	GIN-41-MGE-S217	0	0	0	0	0	0	0	0	0
NR_024987.1	GIN-41-MGE-S217	0	0	0	0	0	0	0	0	0
NR_024986.1	GIN-41-MGE-S217	0	0	0	0	0	0	0	0	0
NR_024985.1	GIN-41-MGE-S217	0	0	0	0	0	0	0	0	0
NR_024984.1	GIN-41-MGE-S217	0	0	0	0	0	0	0	0	0
NR_024983.1	GIN-41-MGE-S217	0	0	0	0	0	0	0	0	0
NR_024982.1	GIN-41-MGE-S217	0	0	0	0	0	0	0	0	0
NR_024981.1	GIN-41-MGE-S217	0	0	0	0	0	0	0	0	0
NR_024980.1	GIN-41-MGE-S217	0	0	0	0	0	0	0	0	0
NR_024979.1	GIN-41-MGE-S217	0	0	0	0	0	0	0	0	0
NR_024978.1	GIN-41-MGE-S217	0	0	0	0	0	0	0	0	0
NR_024977.1	GIN-41-MGE-S217	0	0	0	0	0	0	0	0	0
NR_024976.1	GIN-41-MGE-S217	0	0	0	0	0	0	0	0	0
NR_024974.1	GIN-41-MGE-S217	0	0	0	0	0	0	0	0	0
NR_024973.1	GIN-41-MGE-S217	0	0	0	0	0	0	0	0	0
NR_024972.1	GIN-41-MGE-S217	0	0	0	0	0	0	0	0	0
NR_024971.1	GIN-41-MGE-S217	0	0	0	0	0	0	0	0	0
NR_024969.1	GIN-41-MGE-S217	0	0	0	0	0	0	0	0	0
NR_024968.1	GIN-41-MGE-S217	0	0	0	0	0	0	0	0	0
NR_024967.1	GIN-41-MGE-S217	0	0	0	0	0	0	0	0	0
NR_024966.1	GIN-41-MGE-S217	0	0	0	0	0	0	0	0	0
NR_024964.1	GIN-41-MGE-S217	0	0	0	0	0	0	0	0	0
NR_024963.1	GIN-41-MGE-S217	0	0	0	0	0	0	0	0	0
NR_024961.1	GIN-41-MGE-S217	0	0	0	0	0	0	0	0	0
NR_024960.1	GIN-41-MGE-S217	0	0	0	0	0	0	0	0	0
NR_024958.1	GIN-41-MGE-S217	0	0	0	0	0	0	0	0	0
NR_024957.1	GIN-41-MGE-S217	0	0	0	0	0	0	0	0	0
NR_024956.1	GIN-41-MGE-S217	0	0	0	0	0	0	0	0	0
NR_024955.1	GIN-41-MGE-S217	0	0	0	0	0	0	0	0	0
NR_024954.1	GIN-41-MGE-S217	0	0	0	0	0	0	0	0	0
NR_024953.1	GIN-41-MGE-S217	0	0	0	0	0	0	0	0	0
NR_024951.1	GIN-41-MGE-S217	0	0	0	0	0	0	0	0	0
NR_024950.1	GIN-41-MGE-S217	0	0	0	0	0	0	0	0	0
NR_024949.1	GIN-41-MGE-S217	0	0	0	0	0	0	0	0	0
NR_024948.1	GIN-41-MGE-S217	0	0	0	0	0	0	0	0	0
NR_024946.1	GIN-41-MGE-S217	0	0	0	0	0	0	0	0	0
NR_024945.1	GIN-41-MGE-S217	0	0	0	0	0	0	0	0	0
NR_024943.1	GIN-41-MGE-S217	0	0	0	0	0	0	0	0	0
NR_024941.1	GIN-41-MGE-S217	0	0	0	0	0	0	0	0	0
NR_024940.1	GIN-41-MGE-S217	0	0	0	0	0	0	0	0	0
NR_024939.1	GIN-41-MGE-S217	0	0	0	0	0	0	0	0	0
NR_024938.1	GIN-41-MGE-S217	0	0	0	0	0	0	0	0	0
NR_024937.1	GIN-41-MGE-S217	0	0	0	0	0	0	0	0	0
NR_024936.1	GIN-41-MGE-S217	0	0	0	0	0	0	0	0	0
NR_024935.1	GIN-41-MGE-S217	0	0	0	0	0	0	0	0	0
NR_024931.1	GIN-41-MGE-S217	0	0	0	0	0	0	0	0	0
NR_024930.1	GIN-41-MGE-S217	0	0	0	0	0	0	0	0	0
NR_024929.1	GIN-41-MGE-S217	0	0	0	0	0	0	0	0	0
NR_024928.1	GIN-41-MGE-S217	0	0	0	0	0	0	0	0	0
NR_024927.1	GIN-41-MGE-S217	0	0	0	0	0	0	0	0	0
NR_024926.1	GIN-41-MGE-S217	0	0	0	0	0	0	0	0	0
NR_024925.1	GIN-41-MGE-S217	0	0	0	0	0	0	0	0	0
NR_024924.1	GIN-41-MGE-S217	0	0	0	0	0	0	0	0	0
NR_024923.1	GIN-41-MGE-S217	0	0	0	0	0	0	0	0	0
NR_024921.1	GIN-41-MGE-S217	0	0	0	0	0	0	0	0	0
NR_024919.1	GIN-41-MGE-S217	0	0	0	0	0	0	0	0	0
NR_024918.1	GIN-41-MGE-S217	0	0	0	0	0	0	0	0	0
NR_024916.1	GIN-41-MGE-S217	0	0	0	0	0	0	0	0	0
NR_024915.1	GIN-41-MGE-S217	0	0	0	0	0	0	0	0	0
NR_024914.1	GIN-41-MGE-S217	0	0	0	0	0	0	0	0	0
NR_024913.1	GIN-41-MGE-S217	0	0	0	0	0	0	0	0	0
NR_024912.1	GIN-41-MGE-S217	0	0	0	0	0	0	0	0	0
NR_024911.1	GIN-41-MGE-S217	0	0	0	0	0	0	0	0	0
NR_024910.1	GIN-41-MGE-S217	0	0	0	0	0	0	0	0	0
NR_024909.1	GIN-41-MGE-S217	0	0	0	0	0	0	0	0	0
NR_024906.1	GIN-41-MGE-S217	0	0	0	0	0	0	0	0	0
NR_024903.1	GIN-41-MGE-S217	0	0	0	0	0	0	0	0	0
NR_024902.1	GIN-41-MGE-S217	0	0	0	0	0	0	0	0	0
NR_024901.1	GIN-41-MGE-S217	0	0	0	0	0	0	0	0	0
NR_024899.1	GIN-41-MGE-S217	0	0	0	0	0	0	0	0	0
NR_024898.1	GIN-41-MGE-S217	0	0	0	0	0	0	0	0	0
NR_024897.1	GIN-41-MGE-S217	0	0	0	0	0	0	0	0	0
NR_024896.1	GIN-41-MGE-S217	0	0	0	0	0	0	0	0	0
NR_024894.1	GIN-41-MGE-S217	0	0	0	0	0	0	0	0	0
NR_024893.1	GIN-41-MGE-S217	0	0	0	0	0	0	0	0	0
NR_024892.1	GIN-41-MGE-S217	0	0	0	0	0	0	0	0	0
NR_024891.1	GIN-41-MGE-S217	0	0	0	0	0	0	0	0	0
NR_024889.1	GIN-41-MGE-S217	0	0	0	0	0	0	0	0	0
NR_024886.1	GIN-41-MGE-S217	0	0	0	0	0	0	0	0	0
NR_024885.1	GIN-41-MGE-S217	0	0	0	0	0	0	0	0	0
NR_024884.1	GIN-41-MGE-S217	0	0	0	0	0	0	0	0	0
NR_024883.1	GIN-41-MGE-S217	0	0	0	0	0	0	0	0	0
NR_024881.1	GIN-41-MGE-S217	0	0	0	0	0	0	0	0	0
NR_024879.1	GIN-41-MGE-S217	0	0	0	0	0	0	0	0	0
NR_024878.1	GIN-41-MGE-S217	0	0	0	0	0	0	0	0	0
NR_024877.1	GIN-41-MGE-S217	0	0	0	0	0	0	0	0	0
NR_024876.1	GIN-41-MGE-S217	0	0	0	0	0	0	0	0	0
NR_024875.1	GIN-41-MGE-S217	0	0	0	0	0	0	0	0	0
NR_024874.1	GIN-41-MGE-S217	0	0	0	0	0	0	0	0	0
NR_024871.1	GIN-41-MGE-S217	0	0	0	0	0	0	0	0	0
NR_024869.1	GIN-41-MGE-S217	0	0	0	0	0	0	0	0	0
NR_024868.1	GIN-41-MGE-S217	0	0	0	0	0	0	0	0	0
NR_024867.1	GIN-41-MGE-S217	0	0	0	0	0	0	0	0	0
NR_024865.1	GIN-41-MGE-S217	0	0	0	0	0	0	0	0	0
NR_024864.1	GIN-41-MGE-S217	0	0	0	0	0	0	0	0	0
NR_024861.1	GIN-41-MGE-S217	0	0	0	0	0	0	0	0	0
NR_024860.1	GIN-41-MGE-S217	0	0	0	0	0	0	0	0	0
NR_024859.1	GIN-41-MGE-S217	0	0	0	0	0	0	0	0	0
NR_024858.1	GIN-41-MGE-S217	0	0	0	0	0	0	0	0	0
NR_024856.1	GIN-41-MGE-S217	0	0	0	0	0	0	0	0	0
NR_024855.1	GIN-41-MGE-S217	0	0	0	0	0	0	0	0	0
NR_024854.1	GIN-41-MGE-S217	0	0	0	0	0	0	0	0	0
NR_024853.1	GIN-41-MGE-S217	0	0	0	0	0	0	0	0	0
NR_024852.1	GIN-41-MGE-S217	0	0	0	0	0	0	0	0	0
NR_024851.1	GIN-41-MGE-S217	0	0	0	0	0	0	0	0	0
NR_024849.1	GIN-41-MGE-S217	0	0	0	0	0	0	0	0	0
NR_024848.1	GIN-41-MGE-S217	0	0	0	0	0	0	0	0	0
NR_024847.1	GIN-41-MGE-S217	0	0	0	0	0	0	0	0	0
NR_024846.1	GIN-41-MGE-S217	0	0	0	0	0	0	0	0	0
NR_024845.1	GIN-41-MGE-S217	0	0	0	0	0	0	0	0	0
NR_024844.1	GIN-41-MGE-S217	0	0	0	0	0	0	0	0	0
NR_024843.1	GIN-41-MGE-S217	0	0	0	0	0	0	0	0	0
NR_024840.1	GIN-41-MGE-S217	0	0	0	0	0	0	0	0	0
NR_024837.1	GIN-41-MGE-S217	0	0	0	0	0	0	0	0	0
NR_024836.1	GIN-41-MGE-S217	0	0	0	0	0	0	0	0	0
NR_024834.1	GIN-41-MGE-S217	0	0	0	0	0	0	0	0	0
NR_024833.1	GIN-41-MGE-S217	0	0	0	0	0	0	0	0	0
NR_024832.1	GIN-41-MGE-S217	0	0	0	0	0	0	0	0	0
NR_024830.1	GIN-41-MGE-S217	0	0	0	0	0	0	0	0	0
NR_024828.1	GIN-41-MGE-S217	0	0	0	0	0	0	0	0	0
NR_024827.1	GIN-41-MGE-S217	0	0	0	0	0	0	0	0	0
NR_024826.1	GIN-41-MGE-S217	0	0	0	0	0	0	0	0	0
NR_024825.1	GIN-41-MGE-S217	0	0	0	0	0	0	0	0	0
NR_024824.1	GIN-41-MGE-S217	0	0	0	0	0	0	0	0	0
NR_024823.1	GIN-41-MGE-S217	0	0	0	0	0	0	0	0	0
NR_024822.1	GIN-41-MGE-S217	0	0	0	0	0	0	0	0	0
NR_024821.1	GIN-41-MGE-S217	0	0	0	0	0	0	0	0	0
NR_024819.1	GIN-41-MGE-S217	0	0	0	0	0	0	0	0	0
NR_024818.1	GIN-41-MGE-S217	0	0	0	0	0	0	0	0	0
NR_024815.1	GIN-41-MGE-S217	0	0	0	0	0	0	0	0	0
NR_024813.1	GIN-41-MGE-S217	0	0	0	0	0	0	0	0	0
NR_024812.1	GIN-41-MGE-S217	0	0	0	0	0	0	0	0	0
NR_024810.1	GIN-41-MGE-S217	0	0	0	0	0	0	0	0	0
NR_024809.1	GIN-41-MGE-S217	0	0	0	0	0	0	0	0	0
NR_024807.1	GIN-41-MGE-S217	0	0	0	0	0	0	0	0	0
NR_024806.1	GIN-41-MGE-S217	0	0	0	0	0	0	0	0	0
NR_024805.1	GIN-41-MGE-S217	0	0	0	0	0	0	0	0	0
NR_024804.1	GIN-41-MGE-S217	0	0	0	0	0	0	0	0	0
NR_024803.1	GIN-41-MGE-S217	0	0	0	0	0	0	0	0	0
NR_024802.1	GIN-41-MGE-S217	0	0	0	0	0	0	0	0	0
NR_024800.1	GIN-41-MGE-S217	0	0	0	0	0	0	0	0	0
NR_024797.1	GIN-41-MGE-S217	0	0	0	0	0	0	0	0	0
NR_024796.1	GIN-41-MGE-S217	0	0	0	0	0	0	0	0	0
NR_024794.1	GIN-41-MGE-S217	0	0	0	0	0	0	0	0	0
NR_024793.1	GIN-41-MGE-S217	0	0	0	0	0	0	0	0	0
NR_024792.1	GIN-41-MGE-S217	0	0	0	0	0	0	0	0	0
NR_024791.1	GIN-41-MGE-S217	0	0	0	0	0	0	0	0	0
NR_024790.1	GIN-41-MGE-S217	0	0	0	0	0	0	0	0	0
NR_024787.1	GIN-41-MGE-S217	0	0	0	0	0	0	0	0	0
NR_024785.1	GIN-41-MGE-S217	0	0	0	0	0	0	0	0	0
NR_024784.1	GIN-41-MGE-S217	0	0	0	0	0	0	0	0	0
NR_024783.1	GIN-41-MGE-S217	0	0	0	0	0	0	0	0	0
NR_024782.1	GIN-41-MGE-S217	0	0	0	0	0	0	0	0	0
NR_024781.1	GIN-41-MGE-S217	0	0	0	0	0	0	0	0	0
NR_024780.1	GIN-41-MGE-S217	0	0	0	0	0	0	0	0	0
NR_024779.1	GIN-41-MGE-S217	0	0	0	0	0	0	0	0	0
NR_024778.1	GIN-41-MGE-S217	0	0	0	0	0	0	0	0	0
NR_024776.1	GIN-41-MGE-S217	0	0	0	0	0	0	0	0	0
NR_024775.1	GIN-41-MGE-S217	0	0	0	0	0	0	0	0	0
NR_024774.1	GIN-41-MGE-S217	0	0	0	0	0	0	0	0	0
NR_024773.1	GIN-41-MGE-S217	0	0	0	0	0	0	0	0	0
NR_024772.1	GIN-41-MGE-S217	0	0	0	0	0	0	0	0	0
NR_024768.1	GIN-41-MGE-S217	0	0	0	0	0	0	0	0	0
NR_024767.1	GIN-41-MGE-S217	0	0	0	0	0	0	0	0	0
NR_024765.1	GIN-41-MGE-S217	0	0	0	0	0	0	0	0	0
NR_024764.1	GIN-41-MGE-S217	0	0	0	0	0	0	0	0	0
NR_024763.1	GIN-41-MGE-S217	0	0	0	0	0	0	0	0	0
NR_024761.1	GIN-41-MGE-S217	0	0	0	0	0	0	0	0	0
NR_024759.1	GIN-41-MGE-S217	0	0	0	0	0	0	0	0	0
NR_024758.1	GIN-41-MGE-S217	0	0	0	0	0	0	0	0	0
NR_024757.1	GIN-41-MGE-S217	0	0	0	0	0	0	0	0	0
NR_024756.1	GIN-41-MGE-S217	0	0	0	0	0	0	0	0	0
NR_024755.1	GIN-41-MGE-S217	0	0	0	0	0	0	0	0	0
NR_024754.1	GIN-41-MGE-S217	0	0	0	0	0	0	0	0	0
NR_024753.1	GIN-41-MGE-S217	0	0	0	0	0	0	0	0	0
NR_024752.1	GIN-41-MGE-S217	0	0	0	0	0	0	0	0	0
NR_024750.1	GIN-41-MGE-S217	0	0	0	0	0	0	0	0	0
NR_024749.1	GIN-41-MGE-S217	0	0	0	0	0	0	0	0	0
NR_024748.1	GIN-41-MGE-S217	0	0	0	0	0	0	0	0	0
NR_024747.1	GIN-41-MGE-S217	0	0	0	0	0	0	0	0	0
NR_024746.1	GIN-41-MGE-S217	0	0	0	0	0	0	0	0	0
NR_024745.1	GIN-41-MGE-S217	0	0	0	0	0	0	0	0	0
NR_024744.1	GIN-41-MGE-S217	0	0	0	0	0	0	0	0	0
NR_024743.1	GIN-41-MGE-S217	0	0	0	0	0	0	0	0	0
NR_024742.1	GIN-41-MGE-S217	0	0	0	0	0	0	0	0	0
NR_024741.1	GIN-41-MGE-S217	0	0	0	0	0	0	0	0	0
NR_024740.1	GIN-41-MGE-S217	0	0	0	0	0	0	0	0	0
NR_024739.1	GIN-41-MGE-S217	0	0	0	0	0	0	0	0	0
NR_024738.1	GIN-41-MGE-S217	0	0	0	0	0	0	0	0	0
NR_024737.1	GIN-41-MGE-S217	0	0	0	0	0	0	0	0	0
NR_024736.1	GIN-41-MGE-S217	0	0	0	0	0	0	0	0	0
NR_024734.1	GIN-41-MGE-S217	0	0	0	0	0	0	0	0	0
NR_024732.1	GIN-41-MGE-S217	0	0	0	0	0	0	0	0	0
NR_024731.1	GIN-41-MGE-S217	0	0	0	0	0	0	0	0	0
NR_024730.1	GIN-41-MGE-S217	0	0	0	0	0	0	0	0	0
NR_024729.1	GIN-41-MGE-S217	0	0	0	0	0	0	0	0	0
NR_024726.1	GIN-41-MGE-S217	0	0	0	0	0	0	0	0	0
NR_024724.1	GIN-41-MGE-S217	0	0	0	0	0	0	0	0	0
NR_024723.1	GIN-41-MGE-S217	0	0	0	0	0	0	0	0	0
NR_024722.1	GIN-41-MGE-S217	0	0	0	0	0	0	0	0	0
NR_024721.1	GIN-41-MGE-S217	0	0	0	0	0	0	0	0	0
NR_024717.1	GIN-41-MGE-S217	0	0	0	0	0	0	0	0	0
NR_024716.1	GIN-41-MGE-S217	0	0	0	0	0	0	0	0	0
NR_024715.1	GIN-41-MGE-S217	0	0	0	0	0	0	0	0	0
NR_024712.1	GIN-41-MGE-S217	0	0	0	0	0	0	0	0	0
NR_024711.1	GIN-41-MGE-S217	0	0	0	0	0	0	0	0	0
NR_024710.1	GIN-41-MGE-S217	0	0	0	0	0	0	0	0	0
NR_024709.1	GIN-41-MGE-S217	0	0	0	0	0	0	0	0	0
NR_024707.1	GIN-41-MGE-S217	0	0	0	0	0	0	0	0	0
NR_024704.1	GIN-41-MGE-S217	0	0	0	0	0	0	0	0	0
NR_024703.1	GIN-41-MGE-S217	0	0	0	0	0	0	0	0	0
NR_024702.1	GIN-41-MGE-S217	0	0	0	0	0	0	0	0	0
NR_024700.1	GIN-41-MGE-S217	0	0	0	0	0	0	0	0	0
NR_024699.1	GIN-41-MGE-S217	0	0	0	0	0	0	0	0	0
NR_024698.1	GIN-41-MGE-S217	0	0	0	0	0	0	0	0	0
NR_024697.1	GIN-41-MGE-S217	0	0	0	0	0	0	0	0	0
NR_024696.1	GIN-41-MGE-S217	0	0	0	0	0	0	0	0	0
NR_024694.1	GIN-41-MGE-S217	0	0	0	0	0	0	0	0	0
NR_024693.1	GIN-41-MGE-S217	0	0	0	0	0	0	0	0	0
NR_024692.1	GIN-41-MGE-S217	0	0	0	0	0	0	0	0	0
NR_024690.1	GIN-41-MGE-S217	0	0	0	0	0	0	0	0	0
NR_024689.1	GIN-41-MGE-S217	0	0	0	0	0	0	0	0	0
NR_024687.1	GIN-41-MGE-S217	0	0	0	0	0	0	0	0	0
NR_024686.1	GIN-41-MGE-S217	0	0	0	0	0	0	0	0	0
NR_024685.1	GIN-41-MGE-S217	0	0	0	0	0	0	0	0	0
NR_024684.1	GIN-41-MGE-S217	0	0	0	0	0	0	0	0	0
NR_024683.1	GIN-41-MGE-S217	0	0	0	0	0	0	0	0	0
NR_024682.1	GIN-41-MGE-S217	0	0	0	0	0	0	0	0	0
NR_024680.1	GIN-41-MGE-S217	0	0	0	0	0	0	0	0	0
NR_024679.1	GIN-41-MGE-S217	0	0	0	0	0	0	0	0	0
NR_024678.1	GIN-41-MGE-S217	0	0	0	0	0	0	0	0	0
NR_024677.1	GIN-41-MGE-S217	0	0	0	0	0	0	0	0	0
NR_024676.1	GIN-41-MGE-S217	0	0	0	0	0	0	0	0	0
NR_024674.1	GIN-41-MGE-S217	0	0	0	0	0	0	0	0	0
NR_024673.1	GIN-41-MGE-S217	0	0	0	0	0	0	0	0	0
NR_024672.1	GIN-41-MGE-S217	0	0	0	0	0	0	0	0	0
NR_024671.1	GIN-41-MGE-S217	0	0	0	0	0	0	0	0	0
NR_024669.1	GIN-41-MGE-S217	0	0	0	0	0	0	0	0	0
NR_024668.1	GIN-41-MGE-S217	0	0	0	0	0	0	0	0	0
NR_024667.1	GIN-41-MGE-S217	0	0	0	0	0	0	0	0	0
NR_024666.1	GIN-41-MGE-S217	0	0	0	0	0	0	0	0	0
NR_024665.1	GIN-41-MGE-S217	0	0	0	0	0	0	0	0	0
NR_024664.1	GIN-41-MGE-S217	0	0	0	0	0	0	0	0	0
NR_024663.1	GIN-41-MGE-S217	0	0	0	0	0	0	0	0	0
NR_024662.1	GIN-41-MGE-S217	0	0	0	0	0	0	0	0	0
NR_024661.1	GIN-41-MGE-S217	0	0	0	0	0	0	0	0	0
NR_024660.1	GIN-41-MGE-S217	0	0	0	0	0	0	0	0	0
NR_024658.1	GIN-41-MGE-S217	0	0	0	0	0	0	0	0	0
NR_024657.1	GIN-41-MGE-S217	0	0	0	0	0	0	0	0	0
NR_024656.1	GIN-41-MGE-S217	0	0	0	0	0	0	0	0	0
NR_024655.1	GIN-41-MGE-S217	0	0	0	0	0	0	0	0	0
NR_024654.1	GIN-41-MGE-S217	0	0	0	0	0	0	0	0	0
NR_024653.1	GIN-41-MGE-S217	0	0	0	0	0	0	0	0	0
NR_024652.1	GIN-41-MGE-S217	0	0	0	0	0	0	0	0	0
NR_024651.1	GIN-41-MGE-S217	0	0	0	0	0	0	0	0	0
NR_024650.1	GIN-41-MGE-S217	0	0	0	0	0	0	0	0	0
NR_024649.1	GIN-41-MGE-S217	0	0	0	0	0	0	0	0	0
NR_024648.1	GIN-41-MGE-S217	0	0	0	0	0	0	0	0	0
NR_024647.1	GIN-41-MGE-S217	0	0	0	0	0	0	0	0	0
NR_024646.1	GIN-41-MGE-S217	0	0	0	0	0	0	0	0	0
NR_024644.1	GIN-41-MGE-S217	0	0	0	0	0	0	0	0	0
NR_024643.1	GIN-41-MGE-S217	0	0	0	0	0	0	0	0	0
NR_024642.1	GIN-41-MGE-S217	0	0	0	0	0	0	0	0	0
NR_024640.1	GIN-41-MGE-S217	0	0	0	0	0	0	0	0	0
NR_024638.1	GIN-41-MGE-S217	0	0	0	0	0	0	0	0	0
NR_024637.1	GIN-41-MGE-S217	0	0	0	0	0	0	0	0	0
NR_024636.1	GIN-41-MGE-S217	0	0	0	0	0	0	0	0	0
NR_024635.1	GIN-41-MGE-S217	0	0	0	0	0	0	0	0	0
NR_024634.1	GIN-41-MGE-S217	0	0	0	0	0	0	0	0	0
NR_024633.1	GIN-41-MGE-S217	0	0	0	0	0	0	0	0	0
NR_024632.1	GIN-41-MGE-S217	0	0	0	0	0	0	0	0	0
NR_024631.1	GIN-41-MGE-S217	0	0	0	0	0	0	0	0	0
NR_026539.1	GIN-41-MGE-S217	0	0	0	0	0	0	0	0	0
NR_026537.1	GIN-41-MGE-S217	0	0	0	0	0	0	0	0	0
NR_026535.1	GIN-41-MGE-S217	0	0	0	0	0	0	0	0	0
NR_026534.1	GIN-41-MGE-S217	0	0	0	0	0	0	0	0	0
NR_026533.1	GIN-41-MGE-S217	0	0	0	0	0	0	0	0	0
NR_026532.1	GIN-41-MGE-S217	0	0	0	0	0	0	0	0	0
NR_026530.1	GIN-41-MGE-S217	0	0	0	0	0	0	0	0	0
NR_026529.1	GIN-41-MGE-S217	0	0	0	0	0	0	0	0	0
NR_026528.1	GIN-41-MGE-S217	0	0	0	0	0	0	0	0	0
NR_026527.1	GIN-41-MGE-S217	0	0	0	0	0	0	0	0	0
NR_026525.1	GIN-41-MGE-S217	0	0	0	0	0	0	0	0	0
NR_026524.1	GIN-41-MGE-S217	0	0	0	0	0	0	0	0	0
NR_026523.1	GIN-41-MGE-S217	0	0	0	0	0	0	0	0	0
NR_026522.1	GIN-41-MGE-S217	0	0	0	0	0	0	0	0	0
NR_026521.1	GIN-41-MGE-S217	0	0	0	0	0	0	0	0	0
NR_026520.1	GIN-41-MGE-S217	0	0	0	0	0	0	0	0	0
NR_026519.1	GIN-41-MGE-S217	0	0	0	0	0	0	0	0	0
NR_026518.1	GIN-41-MGE-S217	0	0	0	0	0	0	0	0	0
NR_026515.1	GIN-41-MGE-S217	0	0	0	0	0	0	0	0	0
NR_026514.1	GIN-41-MGE-S217	0	0	0	0	0	0	0	0	0
NR_026512.1	GIN-41-MGE-S217	0	0	0	0	0	0	0	0	0
NR_026511.1	GIN-41-MGE-S217	0	0	0	0	0	0	0	0	0
NR_026509.1	GIN-41-MGE-S217	0	0	0	0	0	0	0	0	0
NR_026508.1	GIN-41-MGE-S217	0	0	0	0	0	0	0	0	0
NR_026507.1	GIN-41-MGE-S217	0	0	0	0	0	0	0	0	0
NR_026506.1	GIN-41-MGE-S217	0	0	0	0	0	0	0	0	0
NR_026505.1	GIN-41-MGE-S217	0	0	0	0	0	0	0	0	0
NR_026504.1	GIN-41-MGE-S217	0	0	0	0	0	0	0	0	0
NR_026503.1	GIN-41-MGE-S217	0	0	0	0	0	0	0	0	0
NR_026502.1	GIN-41-MGE-S217	0	0	0	0	0	0	0	0	0
NR_026500.1	GIN-41-MGE-S217	0	0	0	0	0	0	0	0	0
NR_026499.1	GIN-41-MGE-S217	0	0	0	0	0	0	0	0	0
NR_026498.1	GIN-41-MGE-S217	0	0	0	0	0	0	0	0	0
NR_026497.1	GIN-41-MGE-S217	0	0	0	0	0	0	0	0	0
NR_026496.1	GIN-41-MGE-S217	0	0	0	0	0	0	0	0	0
NR_026492.1	GIN-41-MGE-S217	0	0	0	0	0	0	0	0	0
NR_026491.1	GIN-41-MGE-S217	0	0	0	0	0	0	0	0	0
NR_026490.1	GIN-41-MGE-S217	0	0	0	0	0	0	0	0	0
NR_026489.1	GIN-41-MGE-S217	0	0	0	0	0	0	0	0	0
NR_026488.1	GIN-41-MGE-S217	0	0	0	0	0	0	0	0	0
NR_026487.1	GIN-41-MGE-S217	0	0	0	0	0	0	0	0	0
NR_026485.1	GIN-41-MGE-S217	0	0	0	0	0	0	0	0	0
NR_026484.1	GIN-41-MGE-S217	0	0	0	0	0	0	0	0	0
NR_026483.1	GIN-41-MGE-S217	0	0	0	0	0	0	0	0	0
NR_026481.1	GIN-41-MGE-S217	0	0	0	0	0	0	0	0	0
NR_026480.1	GIN-41-MGE-S217	0	0	0	0	0	0	0	0	0
NR_026479.1	GIN-41-MGE-S217	0	0	0	0	0	0	0	0	0
NR_026478.1	GIN-41-MGE-S217	0	0	0	0	0	0	0	0	0
NR_026477.1	GIN-41-MGE-S217	0	0	0	0	0	0	0	0	0
NR_026476.1	GIN-41-MGE-S217	0	0	0	0	0	0	0	0	0
NR_026475.1	GIN-41-MGE-S217	0	0	0	0	0	0	0	0	0
NR_026473.1	GIN-41-MGE-S217	0	0	0	0	0	0	0	0	0
NR_026472.1	GIN-41-MGE-S217	0	0	0	0	0	0	0	0	0
NR_026471.1	GIN-41-MGE-S217	0	0	0	0	0	0	0	0	0
NR_026470.1	GIN-41-MGE-S217	0	0	0	0	0	0	0	0	0
NR_026469.1	GIN-41-MGE-S217	0	0	0	0	0	0	0	0	0
NR_026468.1	GIN-41-MGE-S217	0	0	0	0	0	0	0	0	0
NR_026467.1	GIN-41-MGE-S217	0	0	0	0	0	0	0	0	0
NR_026466.1	GIN-41-MGE-S217	0	0	0	0	0	0	0	0	0
NR_026465.1	GIN-41-MGE-S217	0	0	0	0	0	0	0	0	0
NR_026464.1	GIN-41-MGE-S217	0	0	0	0	0	0	0	0	0
NR_026463.1	GIN-41-MGE-S217	0	0	0	0	0	0	0	0	0
NR_026462.1	GIN-41-MGE-S217	0	0	0	0	0	0	0	0	0
NR_026461.1	GIN-41-MGE-S217	0	0	0	0	0	0	0	0	0
NR_026460.1	GIN-41-MGE-S217	0	0	0	0	0	0	0	0	0
NR_026459.1	GIN-41-MGE-S217	0	0	0	0	0	0	0	0	0
NR_026458.1	GIN-41-MGE-S217	0	0	0	0	0	0	0	0	0
NR_026457.1	GIN-41-MGE-S217	0	0	0	0	0	0	0	0	0
NR_026456.1	GIN-41-MGE-S217	0	0	0	0	0	0	0	0	0
NR_026455.1	GIN-41-MGE-S217	0	0	0	0	0	0	0	0	0
NR_026454.1	GIN-41-MGE-S217	0	0	0	0	0	0	0	0	0
NR_026453.1	GIN-41-MGE-S217	0	0	0	0	0	0	0	0	0
NR_026452.1	GIN-41-MGE-S217	0	0	0	0	0	0	0	0	0
NR_026451.1	GIN-41-MGE-S217	0	0	0	0	0	0	0	0	0
NR_026450.1	GIN-41-MGE-S217	0	0	0	0	0	0	0	0	0
NR_026448.1	GIN-41-MGE-S217	0	0	0	0	0	0	0	0	0
NR_026446.1	GIN-41-MGE-S217	0	0	0	0	0	0	0	0	0
NR_026444.1	GIN-41-MGE-S217	0	0	0	0	0	0	0	0	0
NR_026443.1	GIN-41-MGE-S217	0	0	0	0	0	0	0	0	0
NR_026442.1	GIN-41-MGE-S217	0	0	0	0	0	0	0	0	0
NR_026441.1	GIN-41-MGE-S217	0	0	0	0	0	0	0	0	0
NR_026440.1	GIN-41-MGE-S217	0	0	0	0	0	0	0	0	0
NR_026439.1	GIN-41-MGE-S217	0	0	0	0	0	0	0	0	0
NR_026436.1	GIN-41-MGE-S217	0	0	0	0	0	0	0	0	0
NR_026433.1	GIN-41-MGE-S217	0	0	0	0	0	0	0	0	0
NR_026432.1	GIN-41-MGE-S217	0	0	0	0	0	0	0	0	0
NR_026431.1	GIN-41-MGE-S217	0	0	0	0	0	0	0	0	0
NR_026430.1	GIN-41-MGE-S217	0	0	0	0	0	0	0	0	0
NR_026429.1	GIN-41-MGE-S217	0	0	0	0	0	0	0	0	0
NR_026428.1	GIN-41-MGE-S217	0	0	0	0	0	0	0	0	0
NR_026427.1	GIN-41-MGE-S217	0	0	0	0	0	0	0	0	0
NR_026426.1	GIN-41-MGE-S217	0	0	0	0	0	0	0	0	0
NR_026425.1	GIN-41-MGE-S217	0	0	0	0	0	0	0	0	0
NR_026424.1	GIN-41-MGE-S217	0	0	0	0	0	0	0	0	0
NR_026422.1	GIN-41-MGE-S217	0	0	0	0	0	0	0	0	0
NR_026421.1	GIN-41-MGE-S217	0	0	0	0	0	0	0	0	0
NR_026420.1	GIN-41-MGE-S217	0	0	0	0	0	0	0	0	0
NR_026419.1	GIN-41-MGE-S217	0	0	0	0	0	0	0	0	0
NR_026418.1	GIN-41-MGE-S217	0	0	0	0	0	0	0	0	0
NR_026416.1	GIN-41-MGE-S217	0	0	0	0	0	0	0	0	0
NR_026415.1	GIN-41-MGE-S217	0	0	0	0	0	0	0	0	0
NR_026414.1	GIN-41-MGE-S217	0	0	0	0	0	0	0	0	0
NR_026413.1	GIN-41-MGE-S217	0	0	0	0	0	0	0	0	0
NR_026412.1	GIN-41-MGE-S217	0	0	0	0	0	0	0	0	0
NR_026406.1	GIN-41-MGE-S217	0	0	0	0	0	0	0	0	0
NR_026405.1	GIN-41-MGE-S217	0	0	0	0	0	0	0	0	0
NR_026402.1	GIN-41-MGE-S217	0	0	0	0	0	0	0	0	0
NR_026401.1	GIN-41-MGE-S217	0	0	0	0	0	0	0	0	0
NR_026400.1	GIN-41-MGE-S217	0	0	0	0	0	0	0	0	0
NR_026399.1	GIN-41-MGE-S217	0	0	0	0	0	0	0	0	0
NR_026398.1	GIN-41-MGE-S217	0	0	0	0	0	0	0	0	0
NR_026395.1	GIN-41-MGE-S217	0	0	0	0	0	0	0	0	0
NR_026394.1	GIN-41-MGE-S217	0	0	0	0	0	0	0	0	0
NR_026393.1	GIN-41-MGE-S217	0	0	0	0	0	0	0	0	0
NR_026392.1	GIN-41-MGE-S217	0	0	0	0	0	0	0	0	0
NR_026391.1	GIN-41-MGE-S217	0	0	0	0	0	0	0	0	0
NR_026390.1	GIN-41-MGE-S217	0	0	0	0	0	0	0	0	0
NR_026387.1	GIN-41-MGE-S217	0	0	0	0	0	0	0	0	0
NR_026386.1	GIN-41-MGE-S217	0	0	0	0	0	0	0	0	0
NR_026385.1	GIN-41-MGE-S217	0	0	0	0	0	0	0	0	0
NR_026384.1	GIN-41-MGE-S217	0	0	0	0	0	0	0	0	0
NR_026383.1	GIN-41-MGE-S217	0	0	0	0	0	0	0	0	0
NR_026381.1	GIN-41-MGE-S217	0	0	0	0	0	0	0	0	0
NR_026379.1	GIN-41-MGE-S217	0	0	0	0	0	0	0	0	0
NR_026378.1	GIN-41-MGE-S217	0	0	0	0	0	0	0	0	0
NR_026377.1	GIN-41-MGE-S217	0	0	0	0	0	0	0	0	0
NR_026376.1	GIN-41-MGE-S217	0	0	0	0	0	0	0	0	0
NR_026375.1	GIN-41-MGE-S217	0	0	0	0	0	0	0	0	0
NR_026374.1	GIN-41-MGE-S217	0	0	0	0	0	0	0	0	0
NR_026373.1	GIN-41-MGE-S217	0	0	0	0	0	0	0	0	0
NR_026371.1	GIN-41-MGE-S217	0	0	0	0	0	0	0	0	0
NR_026370.1	GIN-41-MGE-S217	0	0	0	0	0	0	0	0	0
NR_026369.1	GIN-41-MGE-S217	0	0	0	0	0	0	0	0	0
NR_026368.1	GIN-41-MGE-S217	0	0	0	0	0	0	0	0	0
NR_026367.1	GIN-41-MGE-S217	0	0	0	0	0	0	0	0	0
NR_026365.1	GIN-41-MGE-S217	0	0	0	0	0	0	0	0	0
NR_026364.1	GIN-41-MGE-S217	0	0	0	0	0	0	0	0	0
NR_026362.1	GIN-41-MGE-S217	0	0	0	0	0	0	0	0	0
NR_026361.1	GIN-41-MGE-S217	0	0	0	0	0	0	0	0	0
NR_026359.1	GIN-41-MGE-S217	0	0	0	0	0	0	0	0	0
NR_026358.1	GIN-41-MGE-S217	0	0	0	0	0	0	0	0	0
NR_026356.1	GIN-41-MGE-S217	0	0	0	0	0	0	0	0	0
NR_026355.1	GIN-41-MGE-S217	0	0	0	0	0	0	0	0	0
NR_026354.1	GIN-41-MGE-S217	0	0	0	0	0	0	0	0	0
NR_026353.1	GIN-41-MGE-S217	0	0	0	0	0	0	0	0	0
NR_026350.1	GIN-41-MGE-S217	0	0	0	0	0	0	0	0	0
NR_026346.1	GIN-41-MGE-S217	0	0	0	0	0	0	0	0	0
NR_026345.1	GIN-41-MGE-S217	0	0	0	0	0	0	0	0	0
NR_026344.1	GIN-41-MGE-S217	0	0	0	0	0	0	0	0	0
NR_026343.1	GIN-41-MGE-S217	0	0	0	0	0	0	0	0	0
NR_026341.1	GIN-41-MGE-S217	0	0	0	0	0	0	0	0	0
NR_026338.1	GIN-41-MGE-S217	0	0	0	0	0	0	0	0	0
NR_026337.1	GIN-41-MGE-S217	0	0	0	0	0	0	0	0	0
NR_026336.1	GIN-41-MGE-S217	0	0	0	0	0	0	0	0	0
NR_026333.1	GIN-41-MGE-S217	0	0	0	0	0	0	0	0	0
NR_026332.1	GIN-41-MGE-S217	4	4	0	0	0	0	0	0	0
NR_026331.1	GIN-41-MGE-S217	362	362	0	0	0	0	0	0	0
NR_026330.1	GIN-41-MGE-S217	0	0	0	0	0	0	0	0	0
NR_026329.1	GIN-41-MGE-S217	0	0	0	0	0	0	0	0	0
NR_026328.1	GIN-41-MGE-S217	0	0	0	0	0	0	0	0	0
NR_026327.1	GIN-41-MGE-S217	0	0	0	0	0	0	0	0	0
NR_026326.1	GIN-41-MGE-S217	0	0	0	0	0	0	0	0	0
NR_026325.1	GIN-41-MGE-S217	0	0	0	0	0	0	0	0	0
NR_026324.1	GIN-41-MGE-S217	0	0	0	0	0	0	0	0	0
NR_026322.1	GIN-41-MGE-S217	0	0	0	0	0	0	0	0	0
NR_026320.1	GIN-41-MGE-S217	0	0	0	0	0	0	0	0	0
NR_026319.1	GIN-41-MGE-S217	0	0	0	0	0	0	0	0	0
NR_026318.1	GIN-41-MGE-S217	0	0	0	0	0	0	0	0	0
NR_026317.1	GIN-41-MGE-S217	0	0	0	0	0	0	0	0	0
NR_026316.1	GIN-41-MGE-S217	0	0	0	0	0	0	0	0	0
NR_026315.1	GIN-41-MGE-S217	0	0	0	0	0	0	0	0	0
NR_026314.1	GIN-41-MGE-S217	0	0	0	0	0	0	0	0	0
NR_026313.1	GIN-41-MGE-S217	0	0	0	0	0	0	0	0	0
NR_026312.1	GIN-41-MGE-S217	0	0	0	0	0	0	0	0	0
NR_026311.1	GIN-41-MGE-S217	0	0	0	0	0	0	0	0	0
NR_026308.1	GIN-41-MGE-S217	0	0	0	0	0	0	0	0	0
NR_026307.1	GIN-41-MGE-S217	0	0	0	0	0	0	0	0	0
NR_026306.1	GIN-41-MGE-S217	0	0	0	0	0	0	0	0	0
NR_026305.1	GIN-41-MGE-S217	0	0	0	0	0	0	0	0	0
NR_026304.1	GIN-41-MGE-S217	0	0	0	0	0	0	0	0	0
NR_026300.1	GIN-41-MGE-S217	0	0	0	0	0	0	0	0	0
NR_026298.1	GIN-41-MGE-S217	0	0	0	0	0	0	0	0	0
NR_026296.1	GIN-41-MGE-S217	0	0	0	0	0	0	0	0	0
NR_026294.1	GIN-41-MGE-S217	0	0	0	0	0	0	0	0	0
NR_026293.1	GIN-41-MGE-S217	0	0	0	0	0	0	0	0	0
NR_026292.1	GIN-41-MGE-S217	0	0	0	0	0	0	0	0	0
NR_026291.1	GIN-41-MGE-S217	0	0	0	0	0	0	0	0	0
NR_026290.1	GIN-41-MGE-S217	0	0	0	0	0	0	0	0	0
NR_026289.1	GIN-41-MGE-S217	0	0	0	0	0	0	0	0	0
NR_026288.1	GIN-41-MGE-S217	0	0	0	0	0	0	0	0	0
NR_026287.1	GIN-41-MGE-S217	0	0	0	0	0	0	0	0	0
NR_026285.1	GIN-41-MGE-S217	0	0	0	0	0	0	0	0	0
NR_026284.1	GIN-41-MGE-S217	0	0	0	0	0	0	0	0	0
NR_026283.1	GIN-41-MGE-S217	0	0	0	0	0	0	0	0	0
NR_026282.1	GIN-41-MGE-S217	0	0	0	0	0	0	0	0	0
NR_026281.1	GIN-41-MGE-S217	0	0	0	0	0	0	0	0	0
NR_026280.1	GIN-41-MGE-S217	0	0	0	0	0	0	0	0	0
NR_026279.1	GIN-41-MGE-S217	0	0	0	0	0	0	0	0	0
NR_026278.1	GIN-41-MGE-S217	0	0	0	0	0	0	0	0	0
NR_026277.1	GIN-41-MGE-S217	0	0	0	0	0	0	0	0	0
NR_026276.1	GIN-41-MGE-S217	0	0	0	0	0	0	0	0	0
NR_026275.1	GIN-41-MGE-S217	0	0	0	0	0	0	0	0	0
NR_026274.1	GIN-41-MGE-S217	0	0	0	0	0	0	0	0	0
NR_026272.1	GIN-41-MGE-S217	0	0	0	0	0	0	0	0	0
NR_026271.1	GIN-41-MGE-S217	0	0	0	0	0	0	0	0	0
NR_026270.1	GIN-41-MGE-S217	0	0	0	0	0	0	0	0	0
NR_026269.1	GIN-41-MGE-S217	0	0	0	0	0	0	0	0	0
NR_026268.1	GIN-41-MGE-S217	0	0	0	0	0	0	0	0	0
NR_026267.1	GIN-41-MGE-S217	0	0	0	0	0	0	0	0	0
NR_026265.1	GIN-41-MGE-S217	0	0	0	0	0	0	0	0	0
NR_026264.1	GIN-41-MGE-S217	0	0	0	0	0	0	0	0	0
NR_026263.1	GIN-41-MGE-S217	0	0	0	0	0	0	0	0	0
NR_026262.1	GIN-41-MGE-S217	0	0	0	0	0	0	0	0	0
NR_026261.1	GIN-41-MGE-S217	0	0	0	0	0	0	0	0	0
NR_026260.1	GIN-41-MGE-S217	0	0	0	0	0	0	0	0	0
NR_026259.1	GIN-41-MGE-S217	0	0	0	0	0	0	0	0	0
NR_026258.1	GIN-41-MGE-S217	0	0	0	0	0	0	0	0	0
NR_026256.1	GIN-41-MGE-S217	0	0	0	0	0	0	0	0	0
NR_026254.1	GIN-41-MGE-S217	0	0	0	0	0	0	0	0	0
NR_026253.1	GIN-41-MGE-S217	0	0	0	0	0	0	0	0	0
NR_026252.1	GIN-41-MGE-S217	0	0	0	0	0	0	0	0	0
NR_026251.1	GIN-41-MGE-S217	0	0	0	0	0	0	0	0	0
NR_026250.1	GIN-41-MGE-S217	0	0	0	0	0	0	0	0	0
NR_026249.1	GIN-41-MGE-S217	0	0	0	0	0	0	0	0	0
NR_026247.1	GIN-41-MGE-S217	0	0	0	0	0	0	0	0	0
NR_026245.1	GIN-41-MGE-S217	0	0	0	0	0	0	0	0	0
NR_026243.1	GIN-41-MGE-S217	0	0	0	0	0	0	0	0	0
NR_026242.1	GIN-41-MGE-S217	0	0	0	0	0	0	0	0	0
NR_026241.1	GIN-41-MGE-S217	0	0	0	0	0	0	0	0	0
NR_026240.1	GIN-41-MGE-S217	0	0	0	0	0	0	0	0	0
NR_026239.1	GIN-41-MGE-S217	0	0	0	0	0	0	0	0	0
NR_026238.1	GIN-41-MGE-S217	0	0	0	0	0	0	0	0	0
NR_026237.1	GIN-41-MGE-S217	0	0	0	0	0	0	0	0	0
NR_026236.1	GIN-41-MGE-S217	0	0	0	0	0	0	0	0	0
NR_026235.1	GIN-41-MGE-S217	0	0	0	0	0	0	0	0	0
NR_026234.1	GIN-41-MGE-S217	0	0	0	0	0	0	0	0	0
NR_026233.1	GIN-41-MGE-S217	0	0	0	0	0	0	0	0	0
NR_026232.1	GIN-41-MGE-S217	0	0	0	0	0	0	0	0	0
NR_026231.1	GIN-41-MGE-S217	0	0	0	0	0	0	0	0	0
NR_026229.1	GIN-41-MGE-S217	0	0	0	0	0	0	0	0	0
NR_026228.1	GIN-41-MGE-S217	0	0	0	0	0	0	0	0	0
NR_026227.1	GIN-41-MGE-S217	0	0	0	0	0	0	0	0	0
NR_026226.1	GIN-41-MGE-S217	0	0	0	0	0	0	0	0	0
NR_026224.1	GIN-41-MGE-S217	0	0	0	0	0	0	0	0	0
NR_026222.1	GIN-41-MGE-S217	0	0	0	0	0	0	0	0	0
NR_026221.1	GIN-41-MGE-S217	0	0	0	0	0	0	0	0	0
NR_026220.1	GIN-41-MGE-S217	0	0	0	0	0	0	0	0	0
NR_026219.1	GIN-41-MGE-S217	0	0	0	0	0	0	0	0	0
NR_026218.1	GIN-41-MGE-S217	0	0	0	0	0	0	0	0	0
NR_026217.1	GIN-41-MGE-S217	0	0	0	0	0	0	0	0	0
NR_026216.1	GIN-41-MGE-S217	0	0	0	0	0	0	0	0	0
NR_026215.1	GIN-41-MGE-S217	0	0	0	0	0	0	0	0	0
NR_026214.1	GIN-41-MGE-S217	0	0	0	0	0	0	0	0	0
NR_026213.1	GIN-41-MGE-S217	0	0	0	0	0	0	0	0	0
NR_026212.1	GIN-41-MGE-S217	0	0	0	0	0	0	0	0	0
NR_026211.1	GIN-41-MGE-S217	0	0	0	0	0	0	0	0	0
NR_026209.1	GIN-41-MGE-S217	0	0	0	0	0	0	0	0	0
NR_026208.1	GIN-41-MGE-S217	0	0	0	0	0	0	0	0	0
NR_026207.1	GIN-41-MGE-S217	0	0	0	0	0	0	0	0	0
NR_026206.1	GIN-41-MGE-S217	0	0	0	0	0	0	0	0	0
NR_026205.1	GIN-41-MGE-S217	0	0	0	0	0	0	0	0	0
NR_026204.1	GIN-41-MGE-S217	0	0	0	0	0	0	0	0	0
NR_026203.1	GIN-41-MGE-S217	0	0	0	0	0	0	0	0	0
NR_026202.1	GIN-41-MGE-S217	0	0	0	0	0	0	0	0	0
NR_026201.1	GIN-41-MGE-S217	0	0	0	0	0	0	0	0	0
NR_026200.1	GIN-41-MGE-S217	0	0	0	0	0	0	0	0	0
NR_026199.1	GIN-41-MGE-S217	0	0	0	0	0	0	0	0	0
NR_026198.1	GIN-41-MGE-S217	0	0	0	0	0	0	0	0	0
NR_026197.1	GIN-41-MGE-S217	0	0	0	0	0	0	0	0	0
NR_026196.1	GIN-41-MGE-S217	0	0	0	0	0	0	0	0	0
NR_026195.1	GIN-41-MGE-S217	0	0	0	0	0	0	0	0	0
NR_026194.1	GIN-41-MGE-S217	0	0	0	0	0	0	0	0	0
NR_026192.1	GIN-41-MGE-S217	0	0	0	0	0	0	0	0	0
NR_026191.1	GIN-41-MGE-S217	0	0	0	0	0	0	0	0	0
NR_026190.1	GIN-41-MGE-S217	0	0	0	0	0	0	0	0	0
NR_026189.1	GIN-41-MGE-S217	0	0	0	0	0	0	0	0	0
NR_026188.1	GIN-41-MGE-S217	0	0	0	0	0	0	0	0	0
NR_026187.1	GIN-41-MGE-S217	0	0	0	0	0	0	0	0	0
NR_026186.1	GIN-41-MGE-S217	0	0	0	0	0	0	0	0	0
NR_026185.1	GIN-41-MGE-S217	0	0	0	0	0	0	0	0	0
NR_026184.1	GIN-41-MGE-S217	0	0	0	0	0	0	0	0	0
NR_026183.1	GIN-41-MGE-S217	0	0	0	0	0	0	0	0	0
NR_026182.1	GIN-41-MGE-S217	0	0	0	0	0	0	0	0	0
NR_026181.1	GIN-41-MGE-S217	0	0	0	0	0	0	0	0	0
NR_026180.1	GIN-41-MGE-S217	0	0	0	0	0	0	0	0	0
NR_026179.1	GIN-41-MGE-S217	0	0	0	0	0	0	0	0	0
NR_026178.1	GIN-41-MGE-S217	0	0	0	0	0	0	0	0	0
NR_026177.1	GIN-41-MGE-S217	0	0	0	0	0	0	0	0	0
NR_026175.1	GIN-41-MGE-S217	0	0	0	0	0	0	0	0	0
NR_026174.1	GIN-41-MGE-S217	0	0	0	0	0	0	0	0	0
NR_026173.1	GIN-41-MGE-S217	0	0	0	0	0	0	0	0	0
NR_026169.1	GIN-41-MGE-S217	0	0	0	0	0	0	0	0	0
NR_026168.1	GIN-41-MGE-S217	0	0	0	0	0	0	0	0	0
NR_026167.1	GIN-41-MGE-S217	0	0	0	0	0	0	0	0	0
NR_026166.1	GIN-41-MGE-S217	0	0	0	0	0	0	0	0	0
NR_026165.1	GIN-41-MGE-S217	0	0	0	0	0	0	0	0	0
NR_026164.1	GIN-41-MGE-S217	0	0	0	0	0	0	0	0	0
NR_026163.1	GIN-41-MGE-S217	0	0	0	0	0	0	0	0	0
NR_026162.1	GIN-41-MGE-S217	0	0	0	0	0	0	0	0	0
NR_026161.1	GIN-41-MGE-S217	0	0	0	0	0	0	0	0	0
NR_026160.1	GIN-41-MGE-S217	0	0	0	0	0	0	0	0	0
NR_026159.1	GIN-41-MGE-S217	0	0	0	0	0	0	0	0	0
NR_026158.1	GIN-41-MGE-S217	0	0	0	0	0	0	0	0	0
NR_026157.1	GIN-41-MGE-S217	0	0	0	0	0	0	0	0	0
NR_026156.1	GIN-41-MGE-S217	0	0	0	0	0	0	0	0	0
NR_026155.1	GIN-41-MGE-S217	0	0	0	0	0	0	0	0	0
NR_026154.1	GIN-41-MGE-S217	0	0	0	0	0	0	0	0	0
NR_026153.1	GIN-41-MGE-S217	0	0	0	0	0	0	0	0	0
NR_026152.1	GIN-41-MGE-S217	0	0	0	0	0	0	0	0	0
NR_026151.1	GIN-41-MGE-S217	0	0	0	0	0	0	0	0	0
NR_026150.1	GIN-41-MGE-S217	0	0	0	0	0	0	0	0	0
NR_026149.1	GIN-41-MGE-S217	0	0	0	0	0	0	0	0	0
NR_026148.1	GIN-41-MGE-S217	0	0	0	0	0	0	0	0	0
NR_026142.1	GIN-41-MGE-S217	0	0	0	0	0	0	0	0	0
NR_026137.1	GIN-41-MGE-S217	0	0	0	0	0	0	0	0	0
NR_026136.1	GIN-41-MGE-S217	0	0	0	0	0	0	0	0	0
NR_026135.1	GIN-41-MGE-S217	0	0	0	0	0	0	0	0	0
NR_026134.1	GIN-41-MGE-S217	0	0	0	0	0	0	0	0	0
NR_026132.1	GIN-41-MGE-S217	0	0	0	0	0	0	0	0	0
NR_026131.1	GIN-41-MGE-S217	0	0	0	0	0	0	0	0	0
NR_026130.1	GIN-41-MGE-S217	0	0	0	0	0	0	0	0	0
NR_026128.1	GIN-41-MGE-S217	0	0	0	0	0	0	0	0	0
NR_026125.1	GIN-41-MGE-S217	0	0	0	0	0	0	0	0	0
NR_026123.1	GIN-41-MGE-S217	0	0	0	0	0	0	0	0	0
NR_026122.1	GIN-41-MGE-S217	0	0	0	0	0	0	0	0	0
NR_026120.1	GIN-41-MGE-S217	0	0	0	0	0	0	0	0	0
NR_026118.1	GIN-41-MGE-S217	0	0	0	0	0	0	0	0	0
NR_026117.1	GIN-41-MGE-S217	0	0	0	0	0	0	0	0	0
NR_026116.1	GIN-41-MGE-S217	0	0	0	0	0	0	0	0	0
NR_026114.1	GIN-41-MGE-S217	0	0	0	0	0	0	0	0	0
NR_026112.1	GIN-41-MGE-S217	0	0	0	0	0	0	0	0	0
NR_026111.1	GIN-41-MGE-S217	0	0	0	0	0	0	0	0	0
NR_026110.1	GIN-41-MGE-S217	0	0	0	0	0	0	0	0	0
NR_026109.1	GIN-41-MGE-S217	0	0	0	0	0	0	0	0	0
NR_026108.1	GIN-41-MGE-S217	0	0	0	0	0	0	0	0	0
NR_026105.1	GIN-41-MGE-S217	0	0	0	0	0	0	0	0	0
NR_026103.1	GIN-41-MGE-S217	0	0	0	0	0	0	0	0	0
NR_026098.1	GIN-41-MGE-S217	0	0	0	0	0	0	0	0	0
NR_026097.1	GIN-41-MGE-S217	0	0	0	0	0	0	0	0	0
NR_026096.1	GIN-41-MGE-S217	0	0	0	0	0	0	0	0	0
NR_026094.1	GIN-41-MGE-S217	0	0	0	0	0	0	0	0	0
NR_026092.1	GIN-41-MGE-S217	0	0	0	0	0	0	0	0	0
NR_026091.1	GIN-41-MGE-S217	0	0	0	0	0	0	0	0	0
NR_026090.1	GIN-41-MGE-S217	0	0	0	0	0	0	0	0	0
NR_026088.1	GIN-41-MGE-S217	0	0	0	0	0	0	0	0	0
NR_026087.1	GIN-41-MGE-S217	0	0	0	0	0	0	0	0	0
NR_026086.1	GIN-41-MGE-S217	0	0	0	0	0	0	0	0	0
NR_026085.1	GIN-41-MGE-S217	0	0	0	0	0	0	0	0	0
NR_026082.1	GIN-41-MGE-S217	0	0	0	0	0	0	0	0	0
NR_026081.1	GIN-41-MGE-S217	0	0	0	0	0	0	0	0	0
NR_026080.1	GIN-41-MGE-S217	0	0	0	0	0	0	0	0	0
NR_026078.1	GIN-41-MGE-S217	0	0	0	0	0	0	0	0	0
NR_026075.1	GIN-41-MGE-S217	0	0	0	0	0	0	0	0	0
NR_026074.1	GIN-41-MGE-S217	0	0	0	0	0	0	0	0	0
NR_026073.1	GIN-41-MGE-S217	0	0	0	0	0	0	0	0	0
NR_026072.1	GIN-41-MGE-S217	0	0	0	0	0	0	0	0	0
NR_026071.1	GIN-41-MGE-S217	0	0	0	0	0	0	0	0	0
NR_026070.1	GIN-41-MGE-S217	0	0	0	0	0	0	0	0	0
NR_026069.1	GIN-41-MGE-S217	0	0	0	0	0	0	0	0	0
NR_026068.1	GIN-41-MGE-S217	0	0	0	0	0	0	0	0	0
NR_026065.1	GIN-41-MGE-S217	0	0	0	0	0	0	0	0	0
NR_026063.1	GIN-41-MGE-S217	0	0	0	0	0	0	0	0	0
NR_026060.1	GIN-41-MGE-S217	0	0	0	0	0	0	0	0	0
NR_026059.1	GIN-41-MGE-S217	0	0	0	0	0	0	0	0	0
NR_026058.1	GIN-41-MGE-S217	0	0	0	0	0	0	0	0	0
NR_026057.1	GIN-41-MGE-S217	0	0	0	0	0	0	0	0	0
NR_026055.1	GIN-41-MGE-S217	0	0	0	0	0	0	0	0	0
NR_026054.1	GIN-41-MGE-S217	0	0	0	0	0	0	0	0	0
NR_026049.1	GIN-41-MGE-S217	0	0	0	0	0	0	0	0	0
NR_026048.1	GIN-41-MGE-S217	0	0	0	0	0	0	0	0	0
NR_026046.1	GIN-41-MGE-S217	0	0	0	0	0	0	0	0	0
NR_026045.1	GIN-41-MGE-S217	0	0	0	0	0	0	0	0	0
NR_026044.1	GIN-41-MGE-S217	0	0	0	0	0	0	0	0	0
NR_026043.1	GIN-41-MGE-S217	0	0	0	0	0	0	0	0	0
NR_026041.1	GIN-41-MGE-S217	0	0	0	0	0	0	0	0	0
NR_026040.1	GIN-41-MGE-S217	0	0	0	0	0	0	0	0	0
NR_026038.1	GIN-41-MGE-S217	0	0	0	0	0	0	0	0	0
NR_026037.1	GIN-41-MGE-S217	0	0	0	0	0	0	0	0	0
NR_026033.1	GIN-41-MGE-S217	0	0	0	0	0	0	0	0	0
NR_026032.1	GIN-41-MGE-S217	0	0	0	0	0	0	0	0	0
NR_026030.1	GIN-41-MGE-S217	0	0	0	0	0	0	0	0	0
NR_026029.1	GIN-41-MGE-S217	0	0	0	0	0	0	0	0	0
NR_026028.1	GIN-41-MGE-S217	0	0	0	0	0	0	0	0	0
NR_026027.1	GIN-41-MGE-S217	0	0	0	0	0	0	0	0	0
NR_026026.1	GIN-41-MGE-S217	0	0	0	0	0	0	0	0	0
NR_026024.1	GIN-41-MGE-S217	0	0	0	0	0	0	0	0	0
NR_026023.1	GIN-41-MGE-S217	0	0	0	0	0	0	0	0	0
NR_026022.1	GIN-41-MGE-S217	0	0	0	0	0	0	0	0	0
NR_026021.1	GIN-41-MGE-S217	0	0	0	0	0	0	0	0	0
NR_026019.1	GIN-41-MGE-S217	0	0	0	0	0	0	0	0	0
NR_026018.1	GIN-41-MGE-S217	0	0	0	0	0	0	0	0	0
NR_026016.1	GIN-41-MGE-S217	0	0	0	0	0	0	0	0	0
NR_026015.1	GIN-41-MGE-S217	0	0	0	0	0	0	0	0	0
NR_026014.1	GIN-41-MGE-S217	0	0	0	0	0	0	0	0	0
NR_026013.1	GIN-41-MGE-S217	0	0	0	0	0	0	0	0	0
NR_026012.1	GIN-41-MGE-S217	0	0	0	0	0	0	0	0	0
NR_026011.1	GIN-41-MGE-S217	0	0	0	0	0	0	0	0	0
NR_026009.1	GIN-41-MGE-S217	0	0	0	0	0	0	0	0	0
NR_026008.1	GIN-41-MGE-S217	0	0	0	0	0	0	0	0	0
NR_026007.1	GIN-41-MGE-S217	0	0	0	0	0	0	0	0	0
NR_026006.1	GIN-41-MGE-S217	0	0	0	0	0	0	0	0	0
NR_026005.1	GIN-41-MGE-S217	0	0	0	0	0	0	0	0	0
NR_026004.1	GIN-41-MGE-S217	0	0	0	0	0	0	0	0	0
NR_026003.1	GIN-41-MGE-S217	0	0	0	0	0	0	0	0	0
NR_026002.1	GIN-41-MGE-S217	0	0	0	0	0	0	0	0	0
NR_026001.1	GIN-41-MGE-S217	0	0	0	0	0	0	0	0	0
NR_026000.1	GIN-41-MGE-S217	0	0	0	0	0	0	0	0	0
NR_025999.1	GIN-41-MGE-S217	0	0	0	0	0	0	0	0	0
NR_025998.1	GIN-41-MGE-S217	0	0	0	0	0	0	0	0	0
NR_025997.1	GIN-41-MGE-S217	0	0	0	0	0	0	0	0	0
NR_025996.1	GIN-41-MGE-S217	0	0	0	0	0	0	0	0	0
NR_025995.1	GIN-41-MGE-S217	0	0	0	0	0	0	0	0	0
NR_025994.1	GIN-41-MGE-S217	0	0	0	0	0	0	0	0	0
NR_025993.1	GIN-41-MGE-S217	0	0	0	0	0	0	0	0	0
NR_025991.1	GIN-41-MGE-S217	0	0	0	0	0	0	0	0	0
NR_025990.1	GIN-41-MGE-S217	0	0	0	0	0	0	0	0	0
NR_025988.1	GIN-41-MGE-S217	0	0	0	0	0	0	0	0	0
NR_025985.1	GIN-41-MGE-S217	0	0	0	0	0	0	0	0	0
NR_025984.1	GIN-41-MGE-S217	0	0	0	0	0	0	0	0	0
NR_025983.1	GIN-41-MGE-S217	0	0	0	0	0	0	0	0	0
NR_025982.1	GIN-41-MGE-S217	0	0	0	0	0	0	0	0	0
NR_025981.1	GIN-41-MGE-S217	0	0	0	0	0	0	0	0	0
NR_025980.1	GIN-41-MGE-S217	0	0	0	0	0	0	0	0	0
NR_025975.1	GIN-41-MGE-S217	0	0	0	0	0	0	0	0	0
NR_025974.1	GIN-41-MGE-S217	0	0	0	0	0	0	0	0	0
NR_025973.1	GIN-41-MGE-S217	0	0	0	0	0	0	0	0	0
NR_025970.1	GIN-41-MGE-S217	0	0	0	0	0	0	0	0	0
NR_025969.1	GIN-41-MGE-S217	0	0	0	0	0	0	0	0	0
NR_025967.1	GIN-41-MGE-S217	0	0	0	0	0	0	0	0	0
NR_025966.1	GIN-41-MGE-S217	0	0	0	0	0	0	0	0	0
NR_025965.1	GIN-41-MGE-S217	0	0	0	0	0	0	0	0	0
NR_025964.1	GIN-41-MGE-S217	0	0	0	0	0	0	0	0	0
NR_025961.1	GIN-41-MGE-S217	0	0	0	0	0	0	0	0	0
NR_025960.1	GIN-41-MGE-S217	0	0	0	0	0	0	0	0	0
NR_025958.1	GIN-41-MGE-S217	0	0	0	0	0	0	0	0	0
NR_025957.1	GIN-41-MGE-S217	0	0	0	0	0	0	0	0	0
NR_025956.1	GIN-41-MGE-S217	0	0	0	0	0	0	0	0	0
NR_025953.1	GIN-41-MGE-S217	0	0	0	0	0	0	0	0	0
NR_025952.1	GIN-41-MGE-S217	0	0	0	0	0	0	0	0	0
NR_025951.1	GIN-41-MGE-S217	0	0	0	0	0	0	0	0	0
NR_025950.1	GIN-41-MGE-S217	0	0	0	0	0	0	0	0	0
NR_025949.1	GIN-41-MGE-S217	0	0	0	0	0	0	0	0	0
NR_025948.1	GIN-41-MGE-S217	0	0	0	0	0	0	0	0	0
NR_025947.1	GIN-41-MGE-S217	0	0	0	0	0	0	0	0	0
NR_025946.1	GIN-41-MGE-S217	0	0	0	0	0	0	0	0	0
NR_025944.1	GIN-41-MGE-S217	0	0	0	0	0	0	0	0	0
NR_025943.1	GIN-41-MGE-S217	0	0	0	0	0	0	0	0	0
NR_025942.1	GIN-41-MGE-S217	0	0	0	0	0	0	0	0	0
NR_025940.1	GIN-41-MGE-S217	0	0	0	0	0	0	0	0	0
NR_025939.1	GIN-41-MGE-S217	0	0	0	0	0	0	0	0	0
NR_025938.1	GIN-41-MGE-S217	0	0	0	0	0	0	0	0	0
NR_025937.1	GIN-41-MGE-S217	0	0	0	0	0	0	0	0	0
NR_025934.1	GIN-41-MGE-S217	0	0	0	0	0	0	0	0	0
NR_025932.1	GIN-41-MGE-S217	0	0	0	0	0	0	0	0	0
NR_025931.1	GIN-41-MGE-S217	0	0	0	0	0	0	0	0	0
NR_025930.1	GIN-41-MGE-S217	0	0	0	0	0	0	0	0	0
NR_025927.1	GIN-41-MGE-S217	0	0	0	0	0	0	0	0	0
NR_025926.1	GIN-41-MGE-S217	0	0	0	0	0	0	0	0	0
NR_025925.1	GIN-41-MGE-S217	0	0	0	0	0	0	0	0	0
NR_025924.1	GIN-41-MGE-S217	0	0	0	0	0	0	0	0	0
NR_025923.1	GIN-41-MGE-S217	0	0	0	0	0	0	0	0	0
NR_025922.1	GIN-41-MGE-S217	0	0	0	0	0	0	0	0	0
NR_025920.1	GIN-41-MGE-S217	0	0	0	0	0	0	0	0	0
NR_025918.1	GIN-41-MGE-S217	0	0	0	0	0	0	0	0	0
NR_025916.1	GIN-41-MGE-S217	0	0	0	0	0	0	0	0	0
NR_025912.1	GIN-41-MGE-S217	0	0	0	0	0	0	0	0	0
NR_025910.1	GIN-41-MGE-S217	0	0	0	0	0	0	0	0	0
NR_025909.1	GIN-41-MGE-S217	0	0	0	0	0	0	0	0	0
NR_025908.1	GIN-41-MGE-S217	0	0	0	0	0	0	0	0	0
NR_025907.1	GIN-41-MGE-S217	0	0	0	0	0	0	0	0	0
NR_025906.1	GIN-41-MGE-S217	0	0	0	0	0	0	0	0	0
NR_025904.1	GIN-41-MGE-S217	0	0	0	0	0	0	0	0	0
NR_025902.1	GIN-41-MGE-S217	0	0	0	0	0	0	0	0	0
NR_025901.1	GIN-41-MGE-S217	0	0	0	0	0	0	0	0	0
NR_025900.1	GIN-41-MGE-S217	0	0	0	0	0	0	0	0	0
NR_025897.1	GIN-41-MGE-S217	0	0	0	0	0	0	0	0	0
NR_025896.1	GIN-41-MGE-S217	0	0	0	0	0	0	0	0	0
NR_025895.1	GIN-41-MGE-S217	0	0	0	0	0	0	0	0	0
NR_025894.1	GIN-41-MGE-S217	0	0	0	0	0	0	0	0	0
NR_025893.1	GIN-41-MGE-S217	0	0	0	0	0	0	0	0	0
NR_025892.1	GIN-41-MGE-S217	0	0	0	0	0	0	0	0	0
NR_025891.1	GIN-41-MGE-S217	0	0	0	0	0	0	0	0	0
NR_025890.1	GIN-41-MGE-S217	0	0	0	0	0	0	0	0	0
NR_025889.1	GIN-41-MGE-S217	0	0	0	0	0	0	0	0	0
NR_025888.1	GIN-41-MGE-S217	0	0	0	0	0	0	0	0	0
NR_025887.1	GIN-41-MGE-S217	0	0	0	0	0	0	0	0	0
NR_025886.1	GIN-41-MGE-S217	0	0	0	0	0	0	0	0	0
NR_025885.1	GIN-41-MGE-S217	0	0	0	0	0	0	0	0	0
NR_025884.1	GIN-41-MGE-S217	0	0	0	0	0	0	0	0	0
NR_025882.1	GIN-41-MGE-S217	0	0	0	0	0	0	0	0	0
NR_025881.1	GIN-41-MGE-S217	0	0	0	0	0	0	0	0	0
NR_025879.1	GIN-41-MGE-S217	0	0	0	0	0	0	0	0	0
NR_025878.1	GIN-41-MGE-S217	0	0	0	0	0	0	0	0	0
NR_025877.1	GIN-41-MGE-S217	0	0	0	0	0	0	0	0	0
NR_025875.1	GIN-41-MGE-S217	0	0	0	0	0	0	0	0	0
NR_025874.1	GIN-41-MGE-S217	0	0	0	0	0	0	0	0	0
NR_025873.1	GIN-41-MGE-S217	0	0	0	0	0	0	0	0	0
NR_025872.1	GIN-41-MGE-S217	0	0	0	0	0	0	0	0	0
NR_025864.1	GIN-41-MGE-S217	0	0	0	0	0	0	0	0	0
NR_025862.1	GIN-41-MGE-S217	0	0	0	0	0	0	0	0	0
NR_025861.1	GIN-41-MGE-S217	0	0	0	0	0	0	0	0	0
NR_025858.1	GIN-41-MGE-S217	0	0	0	0	0	0	0	0	0
NR_025857.1	GIN-41-MGE-S217	0	0	0	0	0	0	0	0	0
NR_025856.1	GIN-41-MGE-S217	0	0	0	0	0	0	0	0	0
NR_025854.1	GIN-41-MGE-S217	0	0	0	0	0	0	0	0	0
NR_025853.1	GIN-41-MGE-S217	0	0	0	0	0	0	0	0	0
NR_025852.1	GIN-41-MGE-S217	0	0	0	0	0	0	0	0	0
NR_025851.1	GIN-41-MGE-S217	0	0	0	0	0	0	0	0	0
NR_025850.1	GIN-41-MGE-S217	0	0	0	0	0	0	0	0	0
NR_025849.1	GIN-41-MGE-S217	0	0	0	0	0	0	0	0	0
NR_025847.1	GIN-41-MGE-S217	0	0	0	0	0	0	0	0	0
NR_025845.1	GIN-41-MGE-S217	0	0	0	0	0	0	0	0	0
NR_025844.1	GIN-41-MGE-S217	0	0	0	0	0	0	0	0	0
NR_025843.1	GIN-41-MGE-S217	0	0	0	0	0	0	0	0	0
NR_025841.1	GIN-41-MGE-S217	0	0	0	0	0	0	0	0	0
NR_025840.1	GIN-41-MGE-S217	0	0	0	0	0	0	0	0	0
NR_025838.1	GIN-41-MGE-S217	0	0	0	0	0	0	0	0	0
NR_025834.1	GIN-41-MGE-S217	0	0	0	0	0	0	0	0	0
NR_025833.1	GIN-41-MGE-S217	0	0	0	0	0	0	0	0	0
NR_025831.1	GIN-41-MGE-S217	0	0	0	0	0	0	0	0	0
NR_025830.1	GIN-41-MGE-S217	0	0	0	0	0	0	0	0	0
NR_025829.1	GIN-41-MGE-S217	0	0	0	0	0	0	0	0	0
NR_025827.1	GIN-41-MGE-S217	0	0	0	0	0	0	0	0	0
NR_025826.1	GIN-41-MGE-S217	0	0	0	0	0	0	0	0	0
NR_025825.1	GIN-41-MGE-S217	0	0	0	0	0	0	0	0	0
NR_025823.1	GIN-41-MGE-S217	0	0	0	0	0	0	0	0	0
NR_025822.1	GIN-41-MGE-S217	0	0	0	0	0	0	0	0	0
NR_025821.1	GIN-41-MGE-S217	0	0	0	0	0	0	0	0	0
NR_025820.1	GIN-41-MGE-S217	0	0	0	0	0	0	0	0	0
NR_025819.1	GIN-41-MGE-S217	0	0	0	0	0	0	0	0	0
NR_025815.1	GIN-41-MGE-S217	0	0	0	0	0	0	0	0	0
NR_025813.1	GIN-41-MGE-S217	0	0	0	0	0	0	0	0	0
NR_025812.1	GIN-41-MGE-S217	0	0	0	0	0	0	0	0	0
NR_025808.1	GIN-41-MGE-S217	0	0	0	0	0	0	0	0	0
NR_025807.1	GIN-41-MGE-S217	0	0	0	0	0	0	0	0	0
NR_025806.1	GIN-41-MGE-S217	0	0	0	0	0	0	0	0	0
NR_025805.1	GIN-41-MGE-S217	0	0	0	0	0	0	0	0	0
NR_025804.1	GIN-41-MGE-S217	0	0	0	0	0	0	0	0	0
NR_025803.1	GIN-41-MGE-S217	0	0	0	0	0	0	0	0	0
NR_025802.1	GIN-41-MGE-S217	0	0	0	0	0	0	0	0	0
NR_025801.1	GIN-41-MGE-S217	0	0	0	0	0	0	0	0	0
NR_025800.1	GIN-41-MGE-S217	0	0	0	0	0	0	0	0	0
NR_025799.1	GIN-41-MGE-S217	0	0	0	0	0	0	0	0	0
NR_025798.1	GIN-41-MGE-S217	0	0	0	0	0	0	0	0	0
NR_025797.1	GIN-41-MGE-S217	0	0	0	0	0	0	0	0	0
NR_025795.1	GIN-41-MGE-S217	0	0	0	0	0	0	0	0	0
NR_025794.1	GIN-41-MGE-S217	0	0	0	0	0	0	0	0	0
NR_025793.1	GIN-41-MGE-S217	0	0	0	0	0	0	0	0	0
NR_025792.1	GIN-41-MGE-S217	0	0	0	0	0	0	0	0	0
NR_025791.1	GIN-41-MGE-S217	0	0	0	0	0	0	0	0	0
NR_025790.1	GIN-41-MGE-S217	0	0	0	0	0	0	0	0	0
NR_025788.1	GIN-41-MGE-S217	0	0	0	0	0	0	0	0	0
NR_025787.1	GIN-41-MGE-S217	0	0	0	0	0	0	0	0	0
NR_025784.1	GIN-41-MGE-S217	0	0	0	0	0	0	0	0	0
NR_025783.1	GIN-41-MGE-S217	0	0	0	0	0	0	0	0	0
NR_025782.1	GIN-41-MGE-S217	0	0	0	0	0	0	0	0	0
NR_025781.1	GIN-41-MGE-S217	0	0	0	0	0	0	0	0	0
NR_025780.1	GIN-41-MGE-S217	0	0	0	0	0	0	0	0	0
NR_025779.1	GIN-41-MGE-S217	0	0	0	0	0	0	0	0	0
NR_025778.1	GIN-41-MGE-S217	0	0	0	0	0	0	0	0	0
NR_025777.1	GIN-41-MGE-S217	0	0	0	0	0	0	0	0	0
NR_025776.1	GIN-41-MGE-S217	0	0	0	0	0	0	0	0	0
NR_025775.1	GIN-41-MGE-S217	0	0	0	0	0	0	0	0	0
NR_025772.1	GIN-41-MGE-S217	0	0	0	0	0	0	0	0	0
NR_025771.1	GIN-41-MGE-S217	0	0	0	0	0	0	0	0	0
NR_025769.1	GIN-41-MGE-S217	0	0	0	0	0	0	0	0	0
NR_025764.1	GIN-41-MGE-S217	0	0	0	0	0	0	0	0	0
NR_025763.1	GIN-41-MGE-S217	0	0	0	0	0	0	0	0	0
NR_025762.1	GIN-41-MGE-S217	0	0	0	0	0	0	0	0	0
NR_025761.1	GIN-41-MGE-S217	0	0	0	0	0	0	0	0	0
NR_025759.1	GIN-41-MGE-S217	0	0	0	0	0	0	0	0	0
NR_025757.1	GIN-41-MGE-S217	0	0	0	0	0	0	0	0	0
NR_025756.1	GIN-41-MGE-S217	0	0	0	0	0	0	0	0	0
NR_025755.1	GIN-41-MGE-S217	0	0	0	0	0	0	0	0	0
NR_025754.1	GIN-41-MGE-S217	0	0	0	0	0	0	0	0	0
NR_025753.1	GIN-41-MGE-S217	0	0	0	0	0	0	0	0	0
NR_025752.1	GIN-41-MGE-S217	0	0	0	0	0	0	0	0	0
NR_025751.1	GIN-41-MGE-S217	0	0	0	0	0	0	0	0	0
NR_025750.1	GIN-41-MGE-S217	0	0	0	0	0	0	0	0	0
NR_025749.1	GIN-41-MGE-S217	0	0	0	0	0	0	0	0	0
NR_025748.1	GIN-41-MGE-S217	0	0	0	0	0	0	0	0	0
NR_025747.1	GIN-41-MGE-S217	0	0	0	0	0	0	0	0	0
NR_025746.1	GIN-41-MGE-S217	0	0	0	0	0	0	0	0	0
NR_025745.1	GIN-41-MGE-S217	0	0	0	0	0	0	0	0	0
NR_025744.1	GIN-41-MGE-S217	0	0	0	0	0	0	0	0	0
NR_025743.1	GIN-41-MGE-S217	0	0	0	0	0	0	0	0	0
NR_025742.1	GIN-41-MGE-S217	0	0	0	0	0	0	0	0	0
NR_025740.1	GIN-41-MGE-S217	0	0	0	0	0	0	0	0	0
NR_025739.1	GIN-41-MGE-S217	0	0	0	0	0	0	0	0	0
NR_025738.1	GIN-41-MGE-S217	0	0	0	0	0	0	0	0	0
NR_025737.1	GIN-41-MGE-S217	0	0	0	0	0	0	0	0	0
NR_025736.1	GIN-41-MGE-S217	0	0	0	0	0	0	0	0	0
NR_025735.1	GIN-41-MGE-S217	0	0	0	0	0	0	0	0	0
NR_025734.1	GIN-41-MGE-S217	0	0	0	0	0	0	0	0	0
NR_025733.1	GIN-41-MGE-S217	0	0	0	0	0	0	0	0	0
NR_025732.1	GIN-41-MGE-S217	0	0	0	0	0	0	0	0	0
NR_025731.1	GIN-41-MGE-S217	0	0	0	0	0	0	0	0	0
NR_025730.1	GIN-41-MGE-S217	0	0	0	0	0	0	0	0	0
NR_025729.1	GIN-41-MGE-S217	0	0	0	0	0	0	0	0	0
NR_025728.1	GIN-41-MGE-S217	0	0	0	0	0	0	0	0	0
NR_025727.1	GIN-41-MGE-S217	0	0	0	0	0	0	0	0	0
NR_025726.1	GIN-41-MGE-S217	0	0	0	0	0	0	0	0	0
NR_025725.1	GIN-41-MGE-S217	0	0	0	0	0	0	0	0	0
NR_025724.1	GIN-41-MGE-S217	0	0	0	0	0	0	0	0	0
NR_025723.1	GIN-41-MGE-S217	0	0	0	0	0	0	0	0	0
NR_025722.1	GIN-41-MGE-S217	0	0	0	0	0	0	0	0	0
NR_025721.1	GIN-41-MGE-S217	0	0	0	0	0	0	0	0	0
NR_025720.1	GIN-41-MGE-S217	0	0	0	0	0	0	0	0	0
NR_025716.1	GIN-41-MGE-S217	0	0	0	0	0	0	0	0	0
NR_025715.1	GIN-41-MGE-S217	0	0	0	0	0	0	0	0	0
NR_025714.1	GIN-41-MGE-S217	0	0	0	0	0	0	0	0	0
NR_025713.1	GIN-41-MGE-S217	0	0	0	0	0	0	0	0	0
NR_025712.1	GIN-41-MGE-S217	0	0	0	0	0	0	0	0	0
NR_025709.1	GIN-41-MGE-S217	0	0	0	0	0	0	0	0	0
NR_025707.1	GIN-41-MGE-S217	0	0	0	0	0	0	0	0	0
NR_025706.1	GIN-41-MGE-S217	0	0	0	0	0	0	0	0	0
NR_025704.1	GIN-41-MGE-S217	0	0	0	0	0	0	0	0	0
NR_025700.1	GIN-41-MGE-S217	0	0	0	0	0	0	0	0	0
NR_025698.1	GIN-41-MGE-S217	0	0	0	0	0	0	0	0	0
NR_025697.1	GIN-41-MGE-S217	0	0	0	0	0	0	0	0	0
NR_025696.1	GIN-41-MGE-S217	0	0	0	0	0	0	0	0	0
NR_025695.1	GIN-41-MGE-S217	0	0	0	0	0	0	0	0	0
NR_025694.1	GIN-41-MGE-S217	0	0	0	0	0	0	0	0	0
NR_025693.1	GIN-41-MGE-S217	0	0	0	0	0	0	0	0	0
NR_025692.1	GIN-41-MGE-S217	0	0	0	0	0	0	0	0	0
NR_025691.1	GIN-41-MGE-S217	0	0	0	0	0	0	0	0	0
NR_025690.1	GIN-41-MGE-S217	0	0	0	0	0	0	0	0	0
NR_025689.1	GIN-41-MGE-S217	0	0	0	0	0	0	0	0	0
NR_025688.1	GIN-41-MGE-S217	0	0	0	0	0	0	0	0	0
NR_025687.1	GIN-41-MGE-S217	0	0	0	0	0	0	0	0	0
NR_025686.1	GIN-41-MGE-S217	0	0	0	0	0	0	0	0	0
NR_025685.1	GIN-41-MGE-S217	0	0	0	0	0	0	0	0	0
NR_025684.1	GIN-41-MGE-S217	0	0	0	0	0	0	0	0	0
NR_025683.1	GIN-41-MGE-S217	0	0	0	0	0	0	0	0	0
NR_025682.1	GIN-41-MGE-S217	0	0	0	0	0	0	0	0	0
NR_025678.1	GIN-41-MGE-S217	0	0	0	0	0	0	0	0	0
NR_025677.1	GIN-41-MGE-S217	0	0	0	0	0	0	0	0	0
NR_025676.1	GIN-41-MGE-S217	0	0	0	0	0	0	0	0	0
NR_025675.1	GIN-41-MGE-S217	0	0	0	0	0	0	0	0	0
NR_025673.1	GIN-41-MGE-S217	0	0	0	0	0	0	0	0	0
NR_025672.1	GIN-41-MGE-S217	0	0	0	0	0	0	0	0	0
NR_025671.1	GIN-41-MGE-S217	0	0	0	0	0	0	0	0	0
NR_025669.1	GIN-41-MGE-S217	0	0	0	0	0	0	0	0	0
NR_025668.1	GIN-41-MGE-S217	0	0	0	0	0	0	0	0	0
NR_025667.1	GIN-41-MGE-S217	0	0	0	0	0	0	0	0	0
NR_025666.1	GIN-41-MGE-S217	0	0	0	0	0	0	0	0	0
NR_025665.1	GIN-41-MGE-S217	0	0	0	0	0	0	0	0	0
NR_025664.1	GIN-41-MGE-S217	0	0	0	0	0	0	0	0	0
NR_025663.1	GIN-41-MGE-S217	0	0	0	0	0	0	0	0	0
NR_025662.1	GIN-41-MGE-S217	0	0	0	0	0	0	0	0	0
NR_025660.1	GIN-41-MGE-S217	0	0	0	0	0	0	0	0	0
NR_025659.1	GIN-41-MGE-S217	0	0	0	0	0	0	0	0	0
NR_025658.1	GIN-41-MGE-S217	0	0	0	0	0	0	0	0	0
NR_025657.1	GIN-41-MGE-S217	0	0	0	0	0	0	0	0	0
NR_025656.1	GIN-41-MGE-S217	0	0	0	0	0	0	0	0	0
NR_025653.1	GIN-41-MGE-S217	0	0	0	0	0	0	0	0	0
NR_025652.1	GIN-41-MGE-S217	0	0	0	0	0	0	0	0	0
NR_025651.1	GIN-41-MGE-S217	0	0	0	0	0	0	0	0	0
NR_025648.1	GIN-41-MGE-S217	0	0	0	0	0	0	0	0	0
NR_025647.1	GIN-41-MGE-S217	0	0	0	0	0	0	0	0	0
NR_025645.1	GIN-41-MGE-S217	0	0	0	0	0	0	0	0	0
NR_025644.1	GIN-41-MGE-S217	0	0	0	0	0	0	0	0	0
NR_025643.1	GIN-41-MGE-S217	0	0	0	0	0	0	0	0	0
NR_025642.1	GIN-41-MGE-S217	0	0	0	0	0	0	0	0	0
NR_025641.1	GIN-41-MGE-S217	0	0	0	0	0	0	0	0	0
NR_025640.1	GIN-41-MGE-S217	0	0	0	0	0	0	0	0	0
NR_025639.1	GIN-41-MGE-S217	0	0	0	0	0	0	0	0	0
NR_025638.1	GIN-41-MGE-S217	0	0	0	0	0	0	0	0	0
NR_025636.1	GIN-41-MGE-S217	0	0	0	0	0	0	0	0	0
NR_025635.1	GIN-41-MGE-S217	0	0	0	0	0	0	0	0	0
NR_025633.1	GIN-41-MGE-S217	0	0	0	0	0	0	0	0	0
NR_025632.1	GIN-41-MGE-S217	0	0	0	0	0	0	0	0	0
NR_025631.1	GIN-41-MGE-S217	0	0	0	0	0	0	0	0	0
NR_025630.1	GIN-41-MGE-S217	0	0	0	0	0	0	0	0	0
NR_024571.1	GIN-41-MGE-S217	0	0	0	0	0	0	0	0	0
NR_156135.1	GIN-41-MGE-S217	0	0	0	0	0	0	0	0	0
NR_036864.2	GIN-41-MGE-S217	0	0	0	0	0	0	0	0	0
NR_029226.2	GIN-41-MGE-S217	0	0	0	0	0	0	0	0	0
NR_036954.2	GIN-41-MGE-S217	0	0	0	0	0	0	0	0	0
NR_041722.2	GIN-41-MGE-S217	0	0	0	0	0	0	0	0	0
NR_146849.1	GIN-41-MGE-S217	0	0	0	0	0	0	0	0	0
NR_134828.1	GIN-41-MGE-S217	0	0	0	0	0	0	0	0	0
NR_134226.1	GIN-41-MGE-S217	0	0	0	0	0	0	0	0	0
NR_134152.1	GIN-41-MGE-S217	0	0	0	0	0	0	0	0	0
NR_133753.1	GIN-41-MGE-S217	0	0	0	0	0	0	0	0	0
NR_133752.1	GIN-41-MGE-S217	0	0	0	0	0	0	0	0	0
NG_042070.1	GIN-41-MGE-S217	0	0	0	0	0	0	0	0	0
NR_122099.1	GIN-41-MGE-S217	0	0	0	0	0	0	0	0	0
NR_122058.1	GIN-41-MGE-S217	0	0	0	0	0	0	0	0	0
NR_028800.2	GIN-41-MGE-S217	0	0	0	0	0	0	0	0	0
NR_028903.2	GIN-41-MGE-S217	0	0	0	0	0	0	0	0	0
NR_027589.2	GIN-41-MGE-S217	0	0	0	0	0	0	0	0	0
NR_027531.2	GIN-41-MGE-S217	0	0	0	0	0	0	0	0	0
NR_029213.2	GIN-41-MGE-S217	0	0	0	0	0	0	0	0	0
NR_042178.1	GIN-41-MGE-S217	0	0	0	0	0	0	0	0	0
NR_042159.1	GIN-41-MGE-S217	0	0	0	0	0	0	0	0	0
NR_042158.1	GIN-41-MGE-S217	0	0	0	0	0	0	0	0	0
NR_042154.1	GIN-41-MGE-S217	0	0	0	0	0	0	0	0	0
NR_042152.1	GIN-41-MGE-S217	0	0	0	0	0	0	0	0	0
NR_042149.1	GIN-41-MGE-S217	0	0	0	0	0	0	0	0	0
NR_042143.1	GIN-41-MGE-S217	0	0	0	0	0	0	0	0	0
NR_042133.1	GIN-41-MGE-S217	0	0	0	0	0	0	0	0	0
NR_042124.1	GIN-41-MGE-S217	0	0	0	0	0	0	0	0	0
NR_042123.1	GIN-41-MGE-S217	0	0	0	0	0	0	0	0	0
NR_042122.1	GIN-41-MGE-S217	0	0	0	0	0	0	0	0	0
NR_042118.1	GIN-41-MGE-S217	0	0	0	0	0	0	0	0	0
NR_042110.1	GIN-41-MGE-S217	0	0	0	0	0	0	0	0	0
NR_042108.1	GIN-41-MGE-S217	0	0	0	0	0	0	0	0	0
NR_042107.1	GIN-41-MGE-S217	0	0	0	0	0	0	0	0	0
NR_042092.1	GIN-41-MGE-S217	0	0	0	0	0	0	0	0	0
NR_042091.1	GIN-41-MGE-S217	0	0	0	0	0	0	0	0	0
NR_042085.1	GIN-41-MGE-S217	0	0	0	0	0	0	0	0	0
NR_042081.1	GIN-41-MGE-S217	0	0	0	0	0	0	0	0	0
NR_042059.1	GIN-41-MGE-S217	0	0	0	0	0	0	0	0	0
NR_042057.1	GIN-41-MGE-S217	0	0	0	0	0	0	0	0	0
NR_042056.1	GIN-41-MGE-S217	0	0	0	0	0	0	0	0	0
NR_042053.1	GIN-41-MGE-S217	0	0	0	0	0	0	0	0	0
NR_042052.1	GIN-41-MGE-S217	0	0	0	0	0	0	0	0	0
NR_042049.1	GIN-41-MGE-S217	0	0	0	0	0	0	0	0	0
NR_042047.1	GIN-41-MGE-S217	0	0	0	0	0	0	0	0	0
NR_042046.1	GIN-41-MGE-S217	0	0	0	0	0	0	0	0	0
NR_042019.1	GIN-41-MGE-S217	0	0	0	0	0	0	0	0	0
NR_042008.1	GIN-41-MGE-S217	0	0	0	0	0	0	0	0	0
NR_042007.1	GIN-41-MGE-S217	0	0	0	0	0	0	0	0	0
NR_041998.1	GIN-41-MGE-S217	0	0	0	0	0	0	0	0	0
NR_041992.1	GIN-41-MGE-S217	0	0	0	0	0	0	0	0	0
NR_041990.1	GIN-41-MGE-S217	0	0	0	0	0	0	0	0	0
NR_041980.1	GIN-41-MGE-S217	0	0	0	0	0	0	0	0	0
NR_041968.1	GIN-41-MGE-S217	0	0	0	0	0	0	0	0	0
NR_041961.1	GIN-41-MGE-S217	0	0	0	0	0	0	0	0	0
NR_041957.1	GIN-41-MGE-S217	0	0	0	0	0	0	0	0	0
NR_041951.1	GIN-41-MGE-S217	0	0	0	0	0	0	0	0	0
NR_041950.1	GIN-41-MGE-S217	0	0	0	0	0	0	0	0	0
NR_041939.1	GIN-41-MGE-S217	0	0	0	0	0	0	0	0	0
NR_041937.1	GIN-41-MGE-S217	0	0	0	0	0	0	0	0	0
NR_041936.1	GIN-41-MGE-S217	0	0	0	0	0	0	0	0	0
NR_041911.1	GIN-41-MGE-S217	0	0	0	0	0	0	0	0	0
NR_041880.1	GIN-41-MGE-S217	0	0	0	0	0	0	0	0	0
NR_041877.1	GIN-41-MGE-S217	0	0	0	0	0	0	0	0	0
NR_041875.1	GIN-41-MGE-S217	0	0	0	0	0	0	0	0	0
NR_041862.1	GIN-41-MGE-S217	0	0	0	0	0	0	0	0	0
NR_041859.1	GIN-41-MGE-S217	0	0	0	0	0	0	0	0	0
NR_041856.1	GIN-41-MGE-S217	0	0	0	0	0	0	0	0	0
NR_041850.1	GIN-41-MGE-S217	0	0	0	0	0	0	0	0	0
NR_041848.1	GIN-41-MGE-S217	0	0	0	0	0	0	0	0	0
NR_041847.1	GIN-41-MGE-S217	0	0	0	0	0	0	0	0	0
NR_041837.1	GIN-41-MGE-S217	0	0	0	0	0	0	0	0	0
NR_041829.1	GIN-41-MGE-S217	0	0	0	0	0	0	0	0	0
NR_041822.1	GIN-41-MGE-S217	0	0	0	0	0	0	0	0	0
NR_041809.1	GIN-41-MGE-S217	0	0	0	0	0	0	0	0	0
NR_041807.1	GIN-41-MGE-S217	0	0	0	0	0	0	0	0	0
NR_041806.1	GIN-41-MGE-S217	0	0	0	0	0	0	0	0	0
NR_041794.1	GIN-41-MGE-S217	0	0	0	0	0	0	0	0	0
NR_041787.1	GIN-41-MGE-S217	0	0	0	0	0	0	0	0	0
NR_041778.1	GIN-41-MGE-S217	0	0	0	0	0	0	0	0	0
NR_041767.1	GIN-41-MGE-S217	0	0	0	0	0	0	0	0	0
NR_041765.1	GIN-41-MGE-S217	0	0	0	0	0	0	0	0	0
NR_041763.1	GIN-41-MGE-S217	0	0	0	0	0	0	0	0	0
NR_041757.1	GIN-41-MGE-S217	0	0	0	0	0	0	0	0	0
NR_041751.1	GIN-41-MGE-S217	0	0	0	0	0	0	0	0	0
NR_041726.1	GIN-41-MGE-S217	0	0	0	0	0	0	0	0	0
NR_041715.1	GIN-41-MGE-S217	0	0	0	0	0	0	0	0	0
NR_041710.1	GIN-41-MGE-S217	0	0	0	0	0	0	0	0	0
NR_041708.1	GIN-41-MGE-S217	0	0	0	0	0	0	0	0	0
NR_041707.1	GIN-41-MGE-S217	0	0	0	0	0	0	0	0	0
NR_041706.1	GIN-41-MGE-S217	0	0	0	0	0	0	0	0	0
NR_041705.1	GIN-41-MGE-S217	0	0	0	0	0	0	0	0	0
NR_041702.1	GIN-41-MGE-S217	0	0	0	0	0	0	0	0	0
NR_041680.1	GIN-41-MGE-S217	0	0	0	0	0	0	0	0	0
NR_041668.1	GIN-41-MGE-S217	0	0	0	0	0	0	0	0	0
NR_041667.1	GIN-41-MGE-S217	0	0	0	0	0	0	0	0	0
NR_041666.1	GIN-41-MGE-S217	0	0	0	0	0	0	0	0	0
NR_041660.1	GIN-41-MGE-S217	0	0	0	0	0	0	0	0	0
NR_041643.1	GIN-41-MGE-S217	0	0	0	0	0	0	0	0	0
NR_041640.1	GIN-41-MGE-S217	0	0	0	0	0	0	0	0	0
NR_041633.1	GIN-41-MGE-S217	0	0	0	0	0	0	0	0	0
NR_041631.1	GIN-41-MGE-S217	0	0	0	0	0	0	0	0	0
NR_041627.1	GIN-41-MGE-S217	0	0	0	0	0	0	0	0	0
NR_041626.1	GIN-41-MGE-S217	0	0	0	0	0	0	0	0	0
NR_041620.1	GIN-41-MGE-S217	0	0	0	0	0	0	0	0	0
NR_041616.1	GIN-41-MGE-S217	0	0	0	0	0	0	0	0	0
NR_041602.1	GIN-41-MGE-S217	0	0	0	0	0	0	0	0	0
NR_041601.1	GIN-41-MGE-S217	0	0	0	0	0	0	0	0	0
NR_041591.1	GIN-41-MGE-S217	0	0	0	0	0	0	0	0	0
NR_041590.1	GIN-41-MGE-S217	431	431	0	0	0	0	0	0	0
NR_041588.1	GIN-41-MGE-S217	0	0	0	0	0	0	0	0	0
NR_041586.1	GIN-41-MGE-S217	0	0	0	0	0	0	0	0	0
NR_041567.1	GIN-41-MGE-S217	0	0	0	0	0	0	0	0	0
NR_041565.1	GIN-41-MGE-S217	0	0	0	0	0	0	0	0	0
NR_041549.1	GIN-41-MGE-S217	0	0	0	0	0	0	0	0	0
NR_041547.1	GIN-41-MGE-S217	0	0	0	0	0	0	0	0	0
NR_041535.1	GIN-41-MGE-S217	0	0	0	0	0	0	0	0	0
NR_041511.1	GIN-41-MGE-S217	0	0	0	0	0	0	0	0	0
NR_041508.1	GIN-41-MGE-S217	0	0	0	0	0	0	0	0	0
NR_041496.1	GIN-41-MGE-S217	0	0	0	0	0	0	0	0	0
NR_041492.1	GIN-41-MGE-S217	0	0	0	0	0	0	0	0	0
NR_041488.1	GIN-41-MGE-S217	0	0	0	0	0	0	0	0	0
NR_041484.1	GIN-41-MGE-S217	0	0	0	0	0	0	0	0	0
NR_041480.1	GIN-41-MGE-S217	0	0	0	0	0	0	0	0	0
NR_041464.1	GIN-41-MGE-S217	0	0	0	0	0	0	0	0	0
NR_041441.1	GIN-41-MGE-S217	0	0	0	0	0	0	0	0	0
NR_041397.1	GIN-41-MGE-S217	0	0	0	0	0	0	0	0	0
NR_041394.1	GIN-41-MGE-S217	0	0	0	0	0	0	0	0	0
NR_041364.1	GIN-41-MGE-S217	0	0	0	0	0	0	0	0	0
NR_041336.1	GIN-41-MGE-S217	0	0	0	0	0	0	0	0	0
NR_041320.1	GIN-41-MGE-S217	0	0	0	0	0	0	0	0	0
NR_041313.1	GIN-41-MGE-S217	0	0	0	0	0	0	0	0	0
NR_041312.1	GIN-41-MGE-S217	0	0	0	0	0	0	0	0	0
NR_041307.1	GIN-41-MGE-S217	0	0	0	0	0	0	0	0	0
NR_041305.1	GIN-41-MGE-S217	0	0	0	0	0	0	0	0	0
NR_041285.1	GIN-41-MGE-S217	0	0	0	0	0	0	0	0	0
NR_041264.1	GIN-41-MGE-S217	0	0	0	0	0	0	0	0	0
NR_041254.1	GIN-41-MGE-S217	0	0	0	0	0	0	0	0	0
NR_041236.1	GIN-41-MGE-S217	0	0	0	0	0	0	0	0	0
NR_041209.1	GIN-41-MGE-S217	0	0	0	0	0	0	0	0	0
NR_041145.1	GIN-41-MGE-S217	0	0	0	0	0	0	0	0	0
NR_041139.1	GIN-41-MGE-S217	0	0	0	0	0	0	0	0	0
NR_041135.1	GIN-41-MGE-S217	0	0	0	0	0	0	0	0	0
NR_041126.1	GIN-41-MGE-S217	0	0	0	0	0	0	0	0	0
NR_041061.1	GIN-41-MGE-S217	0	0	0	0	0	0	0	0	0
NR_041050.1	GIN-41-MGE-S217	0	0	0	0	0	0	0	0	0
NR_041049.1	GIN-41-MGE-S217	0	0	0	0	0	0	0	0	0
NR_041033.1	GIN-41-MGE-S217	0	0	0	0	0	0	0	0	0
NR_041023.1	GIN-41-MGE-S217	0	0	0	0	0	0	0	0	0
NR_040999.1	GIN-41-MGE-S217	0	0	0	0	0	0	0	0	0
NR_040998.1	GIN-41-MGE-S217	0	0	0	0	0	0	0	0	0
NR_040995.1	GIN-41-MGE-S217	0	0	0	0	0	0	0	0	0
NR_040992.1	GIN-41-MGE-S217	0	0	0	0	0	0	0	0	0
NR_040988.1	GIN-41-MGE-S217	0	0	0	0	0	0	0	0	0
NR_040985.1	GIN-41-MGE-S217	0	0	0	0	0	0	0	0	0
NR_040975.1	GIN-41-MGE-S217	0	0	0	0	0	0	0	0	0
NR_040952.1	GIN-41-MGE-S217	0	0	0	0	0	0	0	0	0
NR_040948.1	GIN-41-MGE-S217	0	0	0	0	0	0	0	0	0
NR_040947.1	GIN-41-MGE-S217	0	0	0	0	0	0	0	0	0
NR_040945.1	GIN-41-MGE-S217	0	0	0	0	0	0	0	0	0
NR_040943.1	GIN-41-MGE-S217	0	0	0	0	0	0	0	0	0
NR_040923.1	GIN-41-MGE-S217	0	0	0	0	0	0	0	0	0
NR_040918.1	GIN-41-MGE-S217	0	0	0	0	0	0	0	0	0
NR_040910.1	GIN-41-MGE-S217	0	0	0	0	0	0	0	0	0
NR_040906.1	GIN-41-MGE-S217	0	0	0	0	0	0	0	0	0
NR_040891.1	GIN-41-MGE-S217	0	0	0	0	0	0	0	0	0
NR_040888.1	GIN-41-MGE-S217	0	0	0	0	0	0	0	0	0
NR_040878.1	GIN-41-MGE-S217	0	0	0	0	0	0	0	0	0
NR_040877.1	GIN-41-MGE-S217	1	1	0	0	0	0	0	0	0
NR_040871.1	GIN-41-MGE-S217	0	0	0	0	0	0	0	0	0
NR_040864.1	GIN-41-MGE-S217	0	0	0	0	0	0	0	0	0
NR_040858.1	GIN-41-MGE-S217	0	0	0	0	0	0	0	0	0
NR_040846.1	GIN-41-MGE-S217	0	0	0	0	0	0	0	0	0
NR_040842.1	GIN-41-MGE-S217	0	0	0	0	0	0	0	0	0
NR_040838.1	GIN-41-MGE-S217	0	0	0	0	0	0	0	0	0
NR_040836.1	GIN-41-MGE-S217	0	0	0	0	0	0	0	0	0
NR_040831.1	GIN-41-MGE-S217	0	0	0	0	0	0	0	0	0
NR_040823.1	GIN-41-MGE-S217	0	0	0	0	0	0	0	0	0
NR_040821.1	GIN-41-MGE-S217	0	0	0	0	0	0	0	0	0
NR_040818.1	GIN-41-MGE-S217	0	0	0	0	0	0	0	0	0
NR_040817.1	GIN-41-MGE-S217	0	0	0	0	0	0	0	0	0
NR_040797.1	GIN-41-MGE-S217	0	0	0	0	0	0	0	0	0
NR_040796.1	GIN-41-MGE-S217	0	0	0	0	0	0	0	0	0
NR_040784.1	GIN-41-MGE-S217	0	0	0	0	0	0	0	0	0
NR_040783.1	GIN-41-MGE-S217	0	0	0	0	0	0	0	0	0
NR_040775.1	GIN-41-MGE-S217	0	0	0	0	0	0	0	0	0
NR_041920.1	GIN-41-MGE-S217	0	0	0	0	0	0	0	0	0
NR_041906.1	GIN-41-MGE-S217	0	0	0	0	0	0	0	0	0
NR_041881.1	GIN-41-MGE-S217	0	0	0	0	0	0	0	0	0
NR_041830.1	GIN-41-MGE-S217	0	0	0	0	0	0	0	0	0
NR_041813.1	GIN-41-MGE-S217	0	0	0	0	0	0	0	0	0
NR_041808.1	GIN-41-MGE-S217	0	0	0	0	0	0	0	0	0
NR_041803.1	GIN-41-MGE-S217	0	0	0	0	0	0	0	0	0
NR_025413.2	GIN-41-MGE-S217	0	0	0	0	0	0	0	0	0
NR_037118.1	GIN-41-MGE-S217	0	0	0	0	0	0	0	0	0
NR_037117.1	GIN-41-MGE-S217	0	0	0	0	0	0	0	0	0
NR_037107.1	GIN-41-MGE-S217	0	0	0	0	0	0	0	0	0
NR_037103.1	GIN-41-MGE-S217	0	0	0	0	0	0	0	0	0
NR_037089.1	GIN-41-MGE-S217	0	0	0	0	0	0	0	0	0
NR_037076.1	GIN-41-MGE-S217	0	0	0	0	0	0	0	0	0
NR_037066.1	GIN-41-MGE-S217	0	0	0	0	0	0	0	0	0
NR_037063.1	GIN-41-MGE-S217	0	0	0	0	0	0	0	0	0
NR_037057.1	GIN-41-MGE-S217	0	0	0	0	0	0	0	0	0
NR_037052.1	GIN-41-MGE-S217	0	0	0	0	0	0	0	0	0
NR_037038.1	GIN-41-MGE-S217	0	0	0	0	0	0	0	0	0
NR_037018.1	GIN-41-MGE-S217	0	0	0	0	0	0	0	0	0
NR_037008.1	GIN-41-MGE-S217	0	0	0	0	0	0	0	0	0
NR_036982.1	GIN-41-MGE-S217	0	0	0	0	0	0	0	0	0
NR_036978.1	GIN-41-MGE-S217	0	0	0	0	0	0	0	0	0
NR_036960.1	GIN-41-MGE-S217	0	0	0	0	0	0	0	0	0
NR_036952.1	GIN-41-MGE-S217	0	0	0	0	0	0	0	0	0
NR_036950.1	GIN-41-MGE-S217	0	0	0	0	0	0	0	0	0
NR_036948.1	GIN-41-MGE-S217	0	0	0	0	0	0	0	0	0
NR_036939.1	GIN-41-MGE-S217	0	0	0	0	0	0	0	0	0
NR_036936.1	GIN-41-MGE-S217	0	0	0	0	0	0	0	0	0
NR_036934.1	GIN-41-MGE-S217	0	0	0	0	0	0	0	0	0
NR_036933.1	GIN-41-MGE-S217	0	0	0	0	0	0	0	0	0
NR_036927.1	GIN-41-MGE-S217	0	0	0	0	0	0	0	0	0
NR_036920.1	GIN-41-MGE-S217	0	0	0	0	0	0	0	0	0
NR_036917.1	GIN-41-MGE-S217	0	0	0	0	0	0	0	0	0
NR_036910.1	GIN-41-MGE-S217	0	0	0	0	0	0	0	0	0
NR_036898.1	GIN-41-MGE-S217	0	0	0	0	0	0	0	0	0
NR_036896.1	GIN-41-MGE-S217	0	0	0	0	0	0	0	0	0
NR_036895.1	GIN-41-MGE-S217	0	0	0	0	0	0	0	0	0
NR_036891.1	GIN-41-MGE-S217	0	0	0	0	0	0	0	0	0
NR_036888.1	GIN-41-MGE-S217	0	0	0	0	0	0	0	0	0
NR_036870.1	GIN-41-MGE-S217	0	0	0	0	0	0	0	0	0
NR_036866.1	GIN-41-MGE-S217	0	0	0	0	0	0	0	0	0
NR_036853.1	GIN-41-MGE-S217	0	0	0	0	0	0	0	0	0
NR_036842.1	GIN-41-MGE-S217	0	0	0	0	0	0	0	0	0
NR_036829.1	GIN-41-MGE-S217	0	0	0	0	0	0	0	0	0
NR_036821.1	GIN-41-MGE-S217	0	0	0	0	0	0	0	0	0
NR_036820.1	GIN-41-MGE-S217	0	0	0	0	0	0	0	0	0
NR_036800.1	GIN-41-MGE-S217	0	0	0	0	0	0	0	0	0
NR_036798.1	GIN-41-MGE-S217	0	0	0	0	0	0	0	0	0
NR_036797.1	GIN-41-MGE-S217	0	0	0	0	0	0	0	0	0
NR_036777.1	GIN-41-MGE-S217	0	0	0	0	0	0	0	0	0
NR_036776.1	GIN-41-MGE-S217	0	0	0	0	0	0	0	0	0
NR_036773.1	GIN-41-MGE-S217	0	0	0	0	0	0	0	0	0
NR_036762.1	GIN-41-MGE-S217	0	0	0	0	0	0	0	0	0
NR_029365.1	GIN-41-MGE-S217	0	0	0	0	0	0	0	0	0
NR_029362.1	GIN-41-MGE-S217	0	0	0	0	0	0	0	0	0
NR_029359.1	GIN-41-MGE-S217	0	0	0	0	0	0	0	0	0
NR_029358.1	GIN-41-MGE-S217	0	0	0	0	0	0	0	0	0
NR_029355.1	GIN-41-MGE-S217	0	0	0	0	0	0	0	0	0
NR_029343.1	GIN-41-MGE-S217	0	0	0	0	0	0	0	0	0
NR_029340.1	GIN-41-MGE-S217	0	0	0	0	0	0	0	0	0
NR_029314.1	GIN-41-MGE-S217	0	0	0	0	0	0	0	0	0
NR_029306.1	GIN-41-MGE-S217	0	0	0	0	0	0	0	0	0
NR_029301.1	GIN-41-MGE-S217	0	0	0	0	0	0	0	0	0
NR_029299.1	GIN-41-MGE-S217	0	0	0	0	0	0	0	0	0
NR_029284.1	GIN-41-MGE-S217	0	0	0	0	0	0	0	0	0
NR_029283.1	GIN-41-MGE-S217	0	0	0	0	0	0	0	0	0
NR_029279.1	GIN-41-MGE-S217	0	0	0	0	0	0	0	0	0
NR_029274.1	GIN-41-MGE-S217	0	0	0	0	0	0	0	0	0
NR_029269.1	GIN-41-MGE-S217	0	0	0	0	0	0	0	0	0
NR_029248.1	GIN-41-MGE-S217	0	0	0	0	0	0	0	0	0
NR_029241.1	GIN-41-MGE-S217	0	0	0	0	0	0	0	0	0
NR_029235.1	GIN-41-MGE-S217	0	0	0	0	0	0	0	0	0
NR_029234.1	GIN-41-MGE-S217	0	0	0	0	0	0	0	0	0
NR_029227.1	GIN-41-MGE-S217	0	0	0	0	0	0	0	0	0
NR_029225.1	GIN-41-MGE-S217	0	0	0	0	0	0	0	0	0
NR_029224.1	GIN-41-MGE-S217	0	0	0	0	0	0	0	0	0
NR_029222.1	GIN-41-MGE-S217	0	0	0	0	0	0	0	0	0
NR_029211.1	GIN-41-MGE-S217	0	0	0	0	0	0	0	0	0
NR_029209.1	GIN-41-MGE-S217	0	0	0	0	0	0	0	0	0
NR_029207.1	GIN-41-MGE-S217	2	2	0	0	0	0	0	0	0
NR_029200.1	GIN-41-MGE-S217	0	0	0	0	0	0	0	0	0
NR_029187.1	GIN-41-MGE-S217	0	0	0	0	0	0	0	0	0
NR_029186.1	GIN-41-MGE-S217	0	0	0	0	0	0	0	0	0
NR_029184.1	GIN-41-MGE-S217	0	0	0	0	0	0	0	0	0
NR_029173.1	GIN-41-MGE-S217	0	0	0	0	0	0	0	0	0
NR_029153.1	GIN-41-MGE-S217	0	0	0	0	0	0	0	0	0
NR_029138.1	GIN-41-MGE-S217	0	0	0	0	0	0	0	0	0
NR_029116.1	GIN-41-MGE-S217	0	0	0	0	0	0	0	0	0
NR_029113.1	GIN-41-MGE-S217	0	0	0	0	0	0	0	0	0
NR_029105.1	GIN-41-MGE-S217	0	0	0	0	0	0	0	0	0
NR_029102.1	GIN-41-MGE-S217	0	0	0	0	0	0	0	0	0
NR_029088.1	GIN-41-MGE-S217	0	0	0	0	0	0	0	0	0
NR_029082.1	GIN-41-MGE-S217	0	0	0	0	0	0	0	0	0
NR_029080.1	GIN-41-MGE-S217	0	0	0	0	0	0	0	0	0
NR_029074.1	GIN-41-MGE-S217	0	0	0	0	0	0	0	0	0
NR_029067.1	GIN-41-MGE-S217	0	0	0	0	0	0	0	0	0
NR_029064.1	GIN-41-MGE-S217	0	0	0	0	0	0	0	0	0
NR_028989.1	GIN-41-MGE-S217	0	0	0	0	0	0	0	0	0
NR_028979.1	GIN-41-MGE-S217	0	0	0	0	0	0	0	0	0
NR_028972.1	GIN-41-MGE-S217	0	0	0	0	0	0	0	0	0
NR_028969.1	GIN-41-MGE-S217	0	0	0	0	0	0	0	0	0
NR_028963.1	GIN-41-MGE-S217	0	0	0	0	0	0	0	0	0
NR_028951.1	GIN-41-MGE-S217	0	0	0	0	0	0	0	0	0
NR_028938.1	GIN-41-MGE-S217	0	0	0	0	0	0	0	0	0
NR_028923.1	GIN-41-MGE-S217	0	0	0	0	0	0	0	0	0
NR_028919.1	GIN-41-MGE-S217	0	0	0	0	0	0	0	0	0
NR_028904.1	GIN-41-MGE-S217	0	0	0	0	0	0	0	0	0
NR_028892.1	GIN-41-MGE-S217	0	0	0	0	0	0	0	0	0
NR_028891.1	GIN-41-MGE-S217	0	0	0	0	0	0	0	0	0
NR_028890.1	GIN-41-MGE-S217	0	0	0	0	0	0	0	0	0
NR_028885.1	GIN-41-MGE-S217	0	0	0	0	0	0	0	0	0
NR_028867.1	GIN-41-MGE-S217	0	0	0	0	0	0	0	0	0
NR_028866.1	GIN-41-MGE-S217	0	0	0	0	0	0	0	0	0
NR_028859.1	GIN-41-MGE-S217	0	0	0	0	0	0	0	0	0
NR_028848.1	GIN-41-MGE-S217	0	0	0	0	0	0	0	0	0
NR_028830.1	GIN-41-MGE-S217	0	0	0	0	0	0	0	0	0
NR_028828.1	GIN-41-MGE-S217	0	0	0	0	0	0	0	0	0
NR_028827.1	GIN-41-MGE-S217	1	1	0	0	0	0	0	0	0
NR_028826.1	GIN-41-MGE-S217	0	0	0	0	0	0	0	0	0
NR_028814.1	GIN-41-MGE-S217	0	0	0	0	0	0	0	0	0
NR_028806.1	GIN-41-MGE-S217	0	0	0	0	0	0	0	0	0
NR_028799.1	GIN-41-MGE-S217	0	0	0	0	0	0	0	0	0
NR_028798.1	GIN-41-MGE-S217	0	0	0	0	0	0	0	0	0
NR_028797.1	GIN-41-MGE-S217	0	0	0	0	0	0	0	0	0
NR_028793.1	GIN-41-MGE-S217	0	0	0	0	0	0	0	0	0
NR_028792.1	GIN-41-MGE-S217	0	0	0	0	0	0	0	0	0
NR_028781.1	GIN-41-MGE-S217	0	0	0	0	0	0	0	0	0
NR_028777.1	GIN-41-MGE-S217	0	0	0	0	0	0	0	0	0
NR_028772.1	GIN-41-MGE-S217	0	0	0	0	0	0	0	0	0
NR_028771.1	GIN-41-MGE-S217	0	0	0	0	0	0	0	0	0
NR_028758.1	GIN-41-MGE-S217	0	0	0	0	0	0	0	0	0
NR_028743.1	GIN-41-MGE-S217	0	0	0	0	0	0	0	0	0
NR_028733.1	GIN-41-MGE-S217	0	0	0	0	0	0	0	0	0
NR_028729.1	GIN-41-MGE-S217	0	0	0	0	0	0	0	0	0
NR_028728.1	GIN-41-MGE-S217	0	0	0	0	0	0	0	0	0
NR_028720.1	GIN-41-MGE-S217	0	0	0	0	0	0	0	0	0
NR_028716.1	GIN-41-MGE-S217	0	0	0	0	0	0	0	0	0
NR_028707.1	GIN-41-MGE-S217	0	0	0	0	0	0	0	0	0
NR_028698.1	GIN-41-MGE-S217	0	0	0	0	0	0	0	0	0
NR_028697.1	GIN-41-MGE-S217	0	0	0	0	0	0	0	0	0
NR_028692.1	GIN-41-MGE-S217	0	0	0	0	0	0	0	0	0
NR_028682.1	GIN-41-MGE-S217	0	0	0	0	0	0	0	0	0
NR_028681.1	GIN-41-MGE-S217	0	0	0	0	0	0	0	0	0
NR_028677.1	GIN-41-MGE-S217	0	0	0	0	0	0	0	0	0
NR_028672.1	GIN-41-MGE-S217	0	0	0	0	0	0	0	0	0
NR_028661.1	GIN-41-MGE-S217	0	0	0	0	0	0	0	0	0
NR_028656.1	GIN-41-MGE-S217	0	0	0	0	0	0	0	0	0
NR_028652.1	GIN-41-MGE-S217	0	0	0	0	0	0	0	0	0
NR_028651.1	GIN-41-MGE-S217	0	0	0	0	0	0	0	0	0
NR_028644.1	GIN-41-MGE-S217	0	0	0	0	0	0	0	0	0
NR_028643.1	GIN-41-MGE-S217	0	0	0	0	0	0	0	0	0
NR_028640.1	GIN-41-MGE-S217	0	0	0	0	0	0	0	0	0
NR_028639.1	GIN-41-MGE-S217	0	0	0	0	0	0	0	0	0
NR_028604.1	GIN-41-MGE-S217	0	0	0	0	0	0	0	0	0
NR_028600.1	GIN-41-MGE-S217	0	0	0	0	0	0	0	0	0
NR_028599.1	GIN-41-MGE-S217	0	0	0	0	0	0	0	0	0
NR_028014.1	GIN-41-MGE-S217	0	0	0	0	0	0	0	0	0
NR_028011.1	GIN-41-MGE-S217	0	0	0	0	0	0	0	0	0
NR_028004.1	GIN-41-MGE-S217	0	0	0	0	0	0	0	0	0
NR_028003.1	GIN-41-MGE-S217	0	0	0	0	0	0	0	0	0
NR_028001.1	GIN-41-MGE-S217	0	0	0	0	0	0	0	0	0
NR_027617.1	GIN-41-MGE-S217	0	0	0	0	0	0	0	0	0
NR_027616.1	GIN-41-MGE-S217	0	0	0	0	0	0	0	0	0
NR_027615.1	GIN-41-MGE-S217	0	0	0	0	0	0	0	0	0
NR_027614.1	GIN-41-MGE-S217	0	0	0	0	0	0	0	0	0
NR_027613.1	GIN-41-MGE-S217	0	0	0	0	0	0	0	0	0
NR_027612.1	GIN-41-MGE-S217	0	0	0	0	0	0	0	0	0
NR_027609.1	GIN-41-MGE-S217	0	0	0	0	0	0	0	0	0
NR_027608.1	GIN-41-MGE-S217	0	0	0	0	0	0	0	0	0
NR_027607.1	GIN-41-MGE-S217	0	0	0	0	0	0	0	0	0
NR_027605.1	GIN-41-MGE-S217	0	0	0	0	0	0	0	0	0
NR_027604.1	GIN-41-MGE-S217	0	0	0	0	0	0	0	0	0
NR_027603.1	GIN-41-MGE-S217	0	0	0	0	0	0	0	0	0
NR_027601.1	GIN-41-MGE-S217	0	0	0	0	0	0	0	0	0
NR_027600.1	GIN-41-MGE-S217	0	0	0	0	0	0	0	0	0
NR_027599.1	GIN-41-MGE-S217	0	0	0	0	0	0	0	0	0
NR_027598.1	GIN-41-MGE-S217	0	0	0	0	0	0	0	0	0
NR_027597.1	GIN-41-MGE-S217	0	0	0	0	0	0	0	0	0
NR_027596.1	GIN-41-MGE-S217	0	0	0	0	0	0	0	0	0
NR_027595.1	GIN-41-MGE-S217	0	0	0	0	0	0	0	0	0
NR_027594.1	GIN-41-MGE-S217	0	0	0	0	0	0	0	0	0
NR_027593.1	GIN-41-MGE-S217	0	0	0	0	0	0	0	0	0
NR_027592.1	GIN-41-MGE-S217	0	0	0	0	0	0	0	0	0
NR_027591.1	GIN-41-MGE-S217	0	0	0	0	0	0	0	0	0
NR_027588.1	GIN-41-MGE-S217	0	0	0	0	0	0	0	0	0
NR_027587.1	GIN-41-MGE-S217	0	0	0	0	0	0	0	0	0
NR_027586.1	GIN-41-MGE-S217	0	0	0	0	0	0	0	0	0
NR_027585.1	GIN-41-MGE-S217	0	0	0	0	0	0	0	0	0
NR_027584.1	GIN-41-MGE-S217	0	0	0	0	0	0	0	0	0
NR_027583.1	GIN-41-MGE-S217	0	0	0	0	0	0	0	0	0
NR_027582.1	GIN-41-MGE-S217	0	0	0	0	0	0	0	0	0
NR_027581.1	GIN-41-MGE-S217	0	0	0	0	0	0	0	0	0
NR_027580.1	GIN-41-MGE-S217	0	0	0	0	0	0	0	0	0
NR_027578.1	GIN-41-MGE-S217	0	0	0	0	0	0	0	0	0
NR_027576.1	GIN-41-MGE-S217	0	0	0	0	0	0	0	0	0
NR_027574.1	GIN-41-MGE-S217	0	0	0	0	0	0	0	0	0
NR_027573.1	GIN-41-MGE-S217	0	0	0	0	0	0	0	0	0
NR_027571.1	GIN-41-MGE-S217	0	0	0	0	0	0	0	0	0
NR_027570.1	GIN-41-MGE-S217	0	0	0	0	0	0	0	0	0
NR_027568.1	GIN-41-MGE-S217	0	0	0	0	0	0	0	0	0
NR_027567.1	GIN-41-MGE-S217	0	0	0	0	0	0	0	0	0
NR_027565.1	GIN-41-MGE-S217	0	0	0	0	0	0	0	0	0
NR_027563.1	GIN-41-MGE-S217	0	0	0	0	0	0	0	0	0
NR_027562.1	GIN-41-MGE-S217	0	0	0	0	0	0	0	0	0
NR_027561.1	GIN-41-MGE-S217	0	0	0	0	0	0	0	0	0
NR_027560.1	GIN-41-MGE-S217	0	0	0	0	0	0	0	0	0
NR_027558.1	GIN-41-MGE-S217	0	0	0	0	0	0	0	0	0
NR_027557.1	GIN-41-MGE-S217	0	0	0	0	0	0	0	0	0
NR_027556.1	GIN-41-MGE-S217	0	0	0	0	0	0	0	0	0
NR_027555.1	GIN-41-MGE-S217	0	0	0	0	0	0	0	0	0
NR_027554.1	GIN-41-MGE-S217	0	0	0	0	0	0	0	0	0
NR_027553.1	GIN-41-MGE-S217	0	0	0	0	0	0	0	0	0
NR_027550.1	GIN-41-MGE-S217	0	0	0	0	0	0	0	0	0
NR_027549.1	GIN-41-MGE-S217	14	14	0	0	0	0	0	0	0
NR_027548.1	GIN-41-MGE-S217	0	0	0	0	0	0	0	0	0
NR_027547.1	GIN-41-MGE-S217	0	0	0	0	0	0	0	0	0
NR_027546.1	GIN-41-MGE-S217	0	0	0	0	0	0	0	0	0
NR_027545.1	GIN-41-MGE-S217	0	0	0	0	0	0	0	0	0
NR_027544.1	GIN-41-MGE-S217	0	0	0	0	0	0	0	0	0
NR_027543.1	GIN-41-MGE-S217	0	0	0	0	0	0	0	0	0
NR_027542.1	GIN-41-MGE-S217	0	0	0	0	0	0	0	0	0
NR_027541.1	GIN-41-MGE-S217	0	0	0	0	0	0	0	0	0
NR_027540.1	GIN-41-MGE-S217	0	0	0	0	0	0	0	0	0
NR_027539.1	GIN-41-MGE-S217	0	0	0	0	0	0	0	0	0
NR_027538.1	GIN-41-MGE-S217	0	0	0	0	0	0	0	0	0
NR_027537.1	GIN-41-MGE-S217	0	0	0	0	0	0	0	0	0
NR_027535.1	GIN-41-MGE-S217	0	0	0	0	0	0	0	0	0
NR_027534.1	GIN-41-MGE-S217	0	0	0	0	0	0	0	0	0
NR_027533.1	GIN-41-MGE-S217	0	0	0	0	0	0	0	0	0
NR_027532.1	GIN-41-MGE-S217	0	0	0	0	0	0	0	0	0
NR_027530.1	GIN-41-MGE-S217	0	0	0	0	0	0	0	0	0
NR_027529.1	GIN-41-MGE-S217	0	0	0	0	0	0	0	0	0
NR_027528.1	GIN-41-MGE-S217	0	0	0	0	0	0	0	0	0
NR_027527.1	GIN-41-MGE-S217	0	0	0	0	0	0	0	0	0
NR_027526.1	GIN-41-MGE-S217	0	0	0	0	0	0	0	0	0
NR_027524.1	GIN-41-MGE-S217	0	0	0	0	0	0	0	0	0
NR_027522.1	GIN-41-MGE-S217	0	0	0	0	0	0	0	0	0
NR_027229.1	GIN-41-MGE-S217	0	0	0	0	0	0	0	0	0
NR_027224.1	GIN-41-MGE-S217	0	0	0	0	0	0	0	0	0
NR_027212.1	GIN-41-MGE-S217	0	0	0	0	0	0	0	0	0
NR_027211.1	GIN-41-MGE-S217	0	0	0	0	0	0	0	0	0
NR_027196.1	GIN-41-MGE-S217	0	0	0	0	0	0	0	0	0
NR_027185.1	GIN-41-MGE-S217	0	0	0	0	0	0	0	0	0
NR_025621.1	GIN-41-MGE-S217	0	0	0	0	0	0	0	0	0
NR_025611.1	GIN-41-MGE-S217	0	0	0	0	0	0	0	0	0
NR_025610.1	GIN-41-MGE-S217	0	0	0	0	0	0	0	0	0
NR_025609.1	GIN-41-MGE-S217	0	0	0	0	0	0	0	0	0
NR_025599.1	GIN-41-MGE-S217	0	0	0	0	0	0	0	0	0
NR_025569.1	GIN-41-MGE-S217	1	1	0	0	0	0	0	0	0
NR_025562.1	GIN-41-MGE-S217	0	0	0	0	0	0	0	0	0
NR_025560.1	GIN-41-MGE-S217	0	0	0	0	0	0	0	0	0
NR_025556.1	GIN-41-MGE-S217	0	0	0	0	0	0	0	0	0
NR_025546.1	GIN-41-MGE-S217	0	0	0	0	0	0	0	0	0
NR_025538.1	GIN-41-MGE-S217	0	0	0	0	0	0	0	0	0
NR_025535.1	GIN-41-MGE-S217	0	0	0	0	0	0	0	0	0
NR_025533.1	GIN-41-MGE-S217	0	0	0	0	0	0	0	0	0
NR_025522.1	GIN-41-MGE-S217	0	0	0	0	0	0	0	0	0
NR_025519.1	GIN-41-MGE-S217	0	0	0	0	0	0	0	0	0
NR_025510.1	GIN-41-MGE-S217	0	0	0	0	0	0	0	0	0
NR_025509.1	GIN-41-MGE-S217	0	0	0	0	0	0	0	0	0
NR_025484.1	GIN-41-MGE-S217	0	0	0	0	0	0	0	0	0
NR_025477.1	GIN-41-MGE-S217	0	0	0	0	0	0	0	0	0
NR_025469.1	GIN-41-MGE-S217	0	0	0	0	0	0	0	0	0
NR_025452.1	GIN-41-MGE-S217	0	0	0	0	0	0	0	0	0
NR_025438.1	GIN-41-MGE-S217	0	0	0	0	0	0	0	0	0
NR_025423.1	GIN-41-MGE-S217	0	0	0	0	0	0	0	0	0
NR_025422.1	GIN-41-MGE-S217	0	0	0	0	0	0	0	0	0
NR_025417.1	GIN-41-MGE-S217	0	0	0	0	0	0	0	0	0
NR_025410.1	GIN-41-MGE-S217	0	0	0	0	0	0	0	0	0
NR_025392.1	GIN-41-MGE-S217	0	0	0	0	0	0	0	0	0
NR_025382.1	GIN-41-MGE-S217	0	0	0	0	0	0	0	0	0
NR_025378.1	GIN-41-MGE-S217	0	0	0	0	0	0	0	0	0
NR_025353.1	GIN-41-MGE-S217	0	0	0	0	0	0	0	0	0
NR_025348.1	GIN-41-MGE-S217	0	0	0	0	0	0	0	0	0
NR_025347.1	GIN-41-MGE-S217	0	0	0	0	0	0	0	0	0
NR_025342.1	GIN-41-MGE-S217	0	0	0	0	0	0	0	0	0
NR_025337.1	GIN-41-MGE-S217	0	0	0	0	0	0	0	0	0
NR_025333.1	GIN-41-MGE-S217	0	0	0	0	0	0	0	0	0
NR_025332.1	GIN-41-MGE-S217	0	0	0	0	0	0	0	0	0
NR_025292.1	GIN-41-MGE-S217	0	0	0	0	0	0	0	0	0
NR_025289.1	GIN-41-MGE-S217	0	0	0	0	0	0	0	0	0
NR_025284.1	GIN-41-MGE-S217	0	0	0	0	0	0	0	0	0
NR_025283.1	GIN-41-MGE-S217	0	0	0	0	0	0	0	0	0
NR_025276.1	GIN-41-MGE-S217	0	0	0	0	0	0	0	0	0
NR_025274.1	GIN-41-MGE-S217	0	0	0	0	0	0	0	0	0
NR_025271.1	GIN-41-MGE-S217	0	0	0	0	0	0	0	0	0
NR_025270.1	GIN-41-MGE-S217	0	0	0	0	0	0	0	0	0
NR_025262.1	GIN-41-MGE-S217	0	0	0	0	0	0	0	0	0
NR_025194.1	GIN-41-MGE-S217	0	0	0	0	0	0	0	0	0
NR_025248.1	GIN-41-MGE-S217	0	0	0	0	0	0	0	0	0
NR_025243.1	GIN-41-MGE-S217	0	0	0	0	0	0	0	0	0
NR_025211.1	GIN-41-MGE-S217	0	0	0	0	0	0	0	0	0
NR_025204.1	GIN-41-MGE-S217	0	0	0	0	0	0	0	0	0
NR_025171.1	GIN-41-MGE-S217	0	0	0	0	0	0	0	0	0
NR_025165.1	GIN-41-MGE-S217	0	0	0	0	0	0	0	0	0
NR_025154.1	GIN-41-MGE-S217	0	0	0	0	0	0	0	0	0
NR_025145.1	GIN-41-MGE-S217	0	0	0	0	0	0	0	0	0
NR_025144.1	GIN-41-MGE-S217	0	0	0	0	0	0	0	0	0
NR_025141.1	GIN-41-MGE-S217	0	0	0	0	0	0	0	0	0
NR_025131.1	GIN-41-MGE-S217	0	0	0	0	0	0	0	0	0
NR_025128.1	GIN-41-MGE-S217	0	0	0	0	0	0	0	0	0
NR_025125.1	GIN-41-MGE-S217	0	0	0	0	0	0	0	0	0
NR_025121.1	GIN-41-MGE-S217	0	0	0	0	0	0	0	0	0
NR_025118.1	GIN-41-MGE-S217	0	0	0	0	0	0	0	0	0
NR_025117.1	GIN-41-MGE-S217	0	0	0	0	0	0	0	0	0
NR_025115.1	GIN-41-MGE-S217	0	0	0	0	0	0	0	0	0
NR_025108.1	GIN-41-MGE-S217	0	0	0	0	0	0	0	0	0
NR_025101.1	GIN-41-MGE-S217	0	0	0	0	0	0	0	0	0
NR_025089.1	GIN-41-MGE-S217	0	0	0	0	0	0	0	0	0
NR_025059.1	GIN-41-MGE-S217	0	0	0	0	0	0	0	0	0
NR_025044.1	GIN-41-MGE-S217	0	0	0	0	0	0	0	0	0
NR_025043.1	GIN-41-MGE-S217	0	0	0	0	0	0	0	0	0
NR_025039.1	GIN-41-MGE-S217	0	0	0	0	0	0	0	0	0
NR_025035.1	GIN-41-MGE-S217	0	0	0	0	0	0	0	0	0
NR_024996.1	GIN-41-MGE-S217	0	0	0	0	0	0	0	0	0
NR_024992.1	GIN-41-MGE-S217	0	0	0	0	0	0	0	0	0
NR_024990.1	GIN-41-MGE-S217	0	0	0	0	0	0	0	0	0
NR_024965.1	GIN-41-MGE-S217	0	0	0	0	0	0	0	0	0
NR_024952.1	GIN-41-MGE-S217	0	0	0	0	0	0	0	0	0
NR_024934.1	GIN-41-MGE-S217	0	0	0	0	0	0	0	0	0
NR_024933.1	GIN-41-MGE-S217	0	0	0	0	0	0	0	0	0
NR_024932.1	GIN-41-MGE-S217	0	0	0	0	0	0	0	0	0
NR_024922.1	GIN-41-MGE-S217	0	0	0	0	0	0	0	0	0
NR_024917.1	GIN-41-MGE-S217	0	0	0	0	0	0	0	0	0
NR_024908.1	GIN-41-MGE-S217	0	0	0	0	0	0	0	0	0
NR_024905.1	GIN-41-MGE-S217	0	0	0	0	0	0	0	0	0
NR_024904.1	GIN-41-MGE-S217	0	0	0	0	0	0	0	0	0
NR_024890.1	GIN-41-MGE-S217	0	0	0	0	0	0	0	0	0
NR_024888.1	GIN-41-MGE-S217	0	0	0	0	0	0	0	0	0
NR_024842.1	GIN-41-MGE-S217	0	0	0	0	0	0	0	0	0
NR_024841.1	GIN-41-MGE-S217	0	0	0	0	0	0	0	0	0
NR_024839.1	GIN-41-MGE-S217	0	0	0	0	0	0	0	0	0
NR_024838.1	GIN-41-MGE-S217	0	0	0	0	0	0	0	0	0
NR_024831.1	GIN-41-MGE-S217	0	0	0	0	0	0	0	0	0
NR_024820.1	GIN-41-MGE-S217	0	0	0	0	0	0	0	0	0
NR_024816.1	GIN-41-MGE-S217	0	0	0	0	0	0	0	0	0
NR_024814.1	GIN-41-MGE-S217	0	0	0	0	0	0	0	0	0
NR_024801.1	GIN-41-MGE-S217	0	0	0	0	0	0	0	0	0
NR_024795.1	GIN-41-MGE-S217	0	0	0	0	0	0	0	0	0
NR_024788.1	GIN-41-MGE-S217	0	0	0	0	0	0	0	0	0
NR_024777.1	GIN-41-MGE-S217	0	0	0	0	0	0	0	0	0
NR_024770.1	GIN-41-MGE-S217	0	0	0	0	0	0	0	0	0
NR_024769.1	GIN-41-MGE-S217	0	0	0	0	0	0	0	0	0
NR_024762.1	GIN-41-MGE-S217	0	0	0	0	0	0	0	0	0
NR_024760.1	GIN-41-MGE-S217	0	0	0	0	0	0	0	0	0
NR_024751.1	GIN-41-MGE-S217	0	0	0	0	0	0	0	0	0
NR_024733.1	GIN-41-MGE-S217	0	0	0	0	0	0	0	0	0
NR_024728.1	GIN-41-MGE-S217	0	0	0	0	0	0	0	0	0
NR_024727.1	GIN-41-MGE-S217	0	0	0	0	0	0	0	0	0
NR_024725.1	GIN-41-MGE-S217	0	0	0	0	0	0	0	0	0
NR_024706.1	GIN-41-MGE-S217	0	0	0	0	0	0	0	0	0
NR_024659.1	GIN-41-MGE-S217	0	0	0	0	0	0	0	0	0
NR_024641.1	GIN-41-MGE-S217	0	0	0	0	0	0	0	0	0
NR_024639.1	GIN-41-MGE-S217	0	0	0	0	0	0	0	0	0
NR_026517.1	GIN-41-MGE-S217	0	0	0	0	0	0	0	0	0
NR_026516.1	GIN-41-MGE-S217	0	0	0	0	0	0	0	0	0
NR_026513.1	GIN-41-MGE-S217	0	0	0	0	0	0	0	0	0
NR_026501.1	GIN-41-MGE-S217	0	0	0	0	0	0	0	0	0
NR_026474.1	GIN-41-MGE-S217	0	0	0	0	0	0	0	0	0
NR_026423.1	GIN-41-MGE-S217	0	0	0	0	0	0	0	0	0
NR_026417.1	GIN-41-MGE-S217	0	0	0	0	0	0	0	0	0
NR_026411.1	GIN-41-MGE-S217	0	0	0	0	0	0	0	0	0
NR_026410.1	GIN-41-MGE-S217	0	0	0	0	0	0	0	0	0
NR_026403.1	GIN-41-MGE-S217	0	0	0	0	0	0	0	0	0
NR_026397.1	GIN-41-MGE-S217	0	0	0	0	0	0	0	0	0
NR_026389.1	GIN-41-MGE-S217	0	0	0	0	0	0	0	0	0
NR_026388.1	GIN-41-MGE-S217	0	0	0	0	0	0	0	0	0
NR_026380.1	GIN-41-MGE-S217	0	0	0	0	0	0	0	0	0
NR_026372.1	GIN-41-MGE-S217	0	0	0	0	0	0	0	0	0
NR_026366.1	GIN-41-MGE-S217	0	0	0	0	0	0	0	0	0
NR_026360.1	GIN-41-MGE-S217	0	0	0	0	0	0	0	0	0
NR_026352.1	GIN-41-MGE-S217	0	0	0	0	0	0	0	0	0
NR_026349.1	GIN-41-MGE-S217	0	0	0	0	0	0	0	0	0
NR_026342.1	GIN-41-MGE-S217	0	0	0	0	0	0	0	0	0
NR_026340.1	GIN-41-MGE-S217	0	0	0	0	0	0	0	0	0
NR_026335.1	GIN-41-MGE-S217	0	0	0	0	0	0	0	0	0
NR_026323.1	GIN-41-MGE-S217	0	0	0	0	0	0	0	0	0
NR_026302.1	GIN-41-MGE-S217	0	0	0	0	0	0	0	0	0
NR_026301.1	GIN-41-MGE-S217	0	0	0	0	0	0	0	0	0
NR_026299.1	GIN-41-MGE-S217	0	0	0	0	0	0	0	0	0
NR_026297.1	GIN-41-MGE-S217	0	0	0	0	0	0	0	0	0
NR_026266.1	GIN-41-MGE-S217	0	0	0	0	0	0	0	0	0
NR_026257.1	GIN-41-MGE-S217	0	0	0	0	0	0	0	0	0
NR_026248.1	GIN-41-MGE-S217	0	0	0	0	0	0	0	0	0
NR_026230.1	GIN-41-MGE-S217	0	0	0	0	0	0	0	0	0
NR_026223.1	GIN-41-MGE-S217	0	0	0	0	0	0	0	0	0
NR_026210.1	GIN-41-MGE-S217	0	0	0	0	0	0	0	0	0
NR_026176.1	GIN-41-MGE-S217	0	0	0	0	0	0	0	0	0
NR_026172.1	GIN-41-MGE-S217	0	0	0	0	0	0	0	0	0
NR_026171.1	GIN-41-MGE-S217	0	0	0	0	0	0	0	0	0
NR_026170.1	GIN-41-MGE-S217	0	0	0	0	0	0	0	0	0
NR_026129.1	GIN-41-MGE-S217	0	0	0	0	0	0	0	0	0
NR_026127.1	GIN-41-MGE-S217	0	0	0	0	0	0	0	0	0
NR_026126.1	GIN-41-MGE-S217	0	0	0	0	0	0	0	0	0
NR_026124.1	GIN-41-MGE-S217	0	0	0	0	0	0	0	0	0
NR_026115.1	GIN-41-MGE-S217	0	0	0	0	0	0	0	0	0
NR_026113.1	GIN-41-MGE-S217	0	0	0	0	0	0	0	0	0
NR_026107.1	GIN-41-MGE-S217	0	0	0	0	0	0	0	0	0
NR_026106.1	GIN-41-MGE-S217	0	0	0	0	0	0	0	0	0
NR_026104.1	GIN-41-MGE-S217	0	0	0	0	0	0	0	0	0
NR_026102.1	GIN-41-MGE-S217	0	0	0	0	0	0	0	0	0
NR_026100.1	GIN-41-MGE-S217	8	8	0	0	0	0	0	0	0
NR_026095.1	GIN-41-MGE-S217	0	0	0	0	0	0	0	0	0
NR_026084.1	GIN-41-MGE-S217	0	0	0	0	0	0	0	0	0
NR_026083.1	GIN-41-MGE-S217	0	0	0	0	0	0	0	0	0
NR_026066.1	GIN-41-MGE-S217	0	0	0	0	0	0	0	0	0
NR_026061.1	GIN-41-MGE-S217	0	0	0	0	0	0	0	0	0
NR_026056.1	GIN-41-MGE-S217	0	0	0	0	0	0	0	0	0
NR_026053.1	GIN-41-MGE-S217	0	0	0	0	0	0	0	0	0
NR_026050.1	GIN-41-MGE-S217	0	0	0	0	0	0	0	0	0
NR_026047.1	GIN-41-MGE-S217	0	0	0	0	0	0	0	0	0
NR_026031.1	GIN-41-MGE-S217	0	0	0	0	0	0	0	0	0
NR_026025.1	GIN-41-MGE-S217	0	0	0	0	0	0	0	0	0
NR_025992.1	GIN-41-MGE-S217	0	0	0	0	0	0	0	0	0
NR_025989.1	GIN-41-MGE-S217	0	0	0	0	0	0	0	0	0
NR_025987.1	GIN-41-MGE-S217	0	0	0	0	0	0	0	0	0
NR_025979.1	GIN-41-MGE-S217	0	0	0	0	0	0	0	0	0
NR_025978.1	GIN-41-MGE-S217	0	0	0	0	0	0	0	0	0
NR_025976.1	GIN-41-MGE-S217	0	0	0	0	0	0	0	0	0
NR_025971.1	GIN-41-MGE-S217	0	0	0	0	0	0	0	0	0
NR_025959.1	GIN-41-MGE-S217	0	0	0	0	0	0	0	0	0
NR_025955.1	GIN-41-MGE-S217	0	0	0	0	0	0	0	0	0
NR_025941.1	GIN-41-MGE-S217	0	0	0	0	0	0	0	0	0
NR_025929.1	GIN-41-MGE-S217	0	0	0	0	0	0	0	0	0
NR_025899.1	GIN-41-MGE-S217	0	0	0	0	0	0	0	0	0
NR_025898.1	GIN-41-MGE-S217	0	0	0	0	0	0	0	0	0
NR_025883.1	GIN-41-MGE-S217	0	0	0	0	0	0	0	0	0
NR_025876.1	GIN-41-MGE-S217	0	0	0	0	0	0	0	0	0
NR_025863.1	GIN-41-MGE-S217	0	0	0	0	0	0	0	0	0
NR_025860.1	GIN-41-MGE-S217	0	0	0	0	0	0	0	0	0
NR_025859.1	GIN-41-MGE-S217	0	0	0	0	0	0	0	0	0
NR_025855.1	GIN-41-MGE-S217	0	0	0	0	0	0	0	0	0
NR_025848.1	GIN-41-MGE-S217	0	0	0	0	0	0	0	0	0
NR_025846.1	GIN-41-MGE-S217	0	0	0	0	0	0	0	0	0
NR_025839.1	GIN-41-MGE-S217	0	0	0	0	0	0	0	0	0
NR_025835.1	GIN-41-MGE-S217	0	0	0	0	0	0	0	0	0
NR_025824.1	GIN-41-MGE-S217	0	0	0	0	0	0	0	0	0
NR_025811.1	GIN-41-MGE-S217	0	0	0	0	0	0	0	0	0
NR_025796.1	GIN-41-MGE-S217	1	1	0	0	0	0	0	0	0
NR_025770.1	GIN-41-MGE-S217	0	0	0	0	0	0	0	0	0
NR_025768.1	GIN-41-MGE-S217	0	0	0	0	0	0	0	0	0
NR_025760.1	GIN-41-MGE-S217	0	0	0	0	0	0	0	0	0
NR_025758.1	GIN-41-MGE-S217	0	0	0	0	0	0	0	0	0
NR_025711.1	GIN-41-MGE-S217	0	0	0	0	0	0	0	0	0
NR_025710.1	GIN-41-MGE-S217	0	0	0	0	0	0	0	0	0
NR_025705.1	GIN-41-MGE-S217	0	0	0	0	0	0	0	0	0
NR_025703.1	GIN-41-MGE-S217	0	0	0	0	0	0	0	0	0
NR_025702.1	GIN-41-MGE-S217	0	0	0	0	0	0	0	0	0
NR_025701.1	GIN-41-MGE-S217	0	0	0	0	0	0	0	0	0
NR_025699.1	GIN-41-MGE-S217	0	0	0	0	0	0	0	0	0
NR_025681.1	GIN-41-MGE-S217	0	0	0	0	0	0	0	0	0
NR_025680.1	GIN-41-MGE-S217	0	0	0	0	0	0	0	0	0
NR_025674.1	GIN-41-MGE-S217	0	0	0	0	0	0	0	0	0
NR_025670.1	GIN-41-MGE-S217	0	0	0	0	0	0	0	0	0
NR_025661.1	GIN-41-MGE-S217	0	0	0	0	0	0	0	0	0
NR_025655.1	GIN-41-MGE-S217	0	0	0	0	0	0	0	0	0
NR_025646.1	GIN-41-MGE-S217	0	0	0	0	0	0	0	0	0
NR_025637.1	GIN-41-MGE-S217	0	0	0	0	0	0	0	0	0
NR_025634.1	GIN-41-MGE-S217	0	0	0	0	0	0	0	0	0
NR_024570.1	GIN-41-MGE-S217	0	0	0	0	0	0	0	0	0
NR_108903.1	GIN-41-MGE-S217	0	0	0	0	0	0	0	0	0
NR_043924.1	GIN-41-MGE-S217	0	0	0	0	0	0	0	0	0
NR_042819.1	GIN-41-MGE-S217	0	0	0	0	0	0	0	0	0
NR_042759.1	GIN-41-MGE-S217	0	0	0	0	0	0	0	0	0
NR_043473.1	GIN-41-MGE-S217	0	0	0	0	0	0	0	0	0
NR_042943.1	GIN-41-MGE-S217	0	0	0	0	0	0	0	0	0
NR_037100.1	GIN-41-MGE-S217	0	0	0	0	0	0	0	0	0
NR_037084.1	GIN-41-MGE-S217	0	0	0	0	0	0	0	0	0
NR_037049.1	GIN-41-MGE-S217	0	0	0	0	0	0	0	0	0
NR_037028.1	GIN-41-MGE-S217	0	0	0	0	0	0	0	0	0
NR_037019.1	GIN-41-MGE-S217	0	0	0	0	0	0	0	0	0
NR_036961.1	GIN-41-MGE-S217	0	0	0	0	0	0	0	0	0
NR_036878.1	GIN-41-MGE-S217	0	0	0	0	0	0	0	0	0
NR_036764.1	GIN-41-MGE-S217	0	0	0	0	0	0	0	0	0
NR_109003.1	GIN-41-MGE-S217	0	0	0	0	0	0	0	0	0
NR_118590.1	GIN-41-MGE-S217	0	0	0	0	0	0	0	0	0
NR_108138.1	GIN-41-MGE-S217	0	0	0	0	0	0	0	0	0
NR_102880.1	GIN-41-MGE-S217	0	0	0	0	0	0	0	0	0
NR_044334.1	GIN-41-MGE-S217	0	0	0	0	0	0	0	0	0
NR_043237.1	GIN-41-MGE-S217	0	0	0	0	0	0	0	0	0
NR_042922.1	GIN-41-MGE-S217	0	0	0	0	0	0	0	0	0
NR_042919.1	GIN-41-MGE-S217	0	0	0	0	0	0	0	0	0
NR_042916.1	GIN-41-MGE-S217	0	0	0	0	0	0	0	0	0
NR_042915.1	GIN-41-MGE-S217	0	0	0	0	0	0	0	0	0
NR_042914.1	GIN-41-MGE-S217	0	0	0	0	0	0	0	0	0
NR_042913.1	GIN-41-MGE-S217	0	0	0	0	0	0	0	0	0
NR_042264.1	GIN-41-MGE-S217	0	0	0	0	0	0	0	0	0
NR_042040.1	GIN-41-MGE-S217	0	0	0	0	0	0	0	0	0
NR_041870.1	GIN-41-MGE-S217	0	0	0	0	0	0	0	0	0
NR_041224.1	GIN-41-MGE-S217	0	0	0	0	0	0	0	0	0
NR_040859.1	GIN-41-MGE-S217	0	0	0	0	0	0	0	0	0
NR_040835.1	GIN-41-MGE-S217	0	0	0	0	0	0	0	0	0
NR_037101.1	GIN-41-MGE-S217	0	0	0	0	0	0	0	0	0
NR_037001.1	GIN-41-MGE-S217	0	0	0	0	0	0	0	0	0
NR_036983.1	GIN-41-MGE-S217	0	0	0	0	0	0	0	0	0
NR_036972.1	GIN-41-MGE-S217	0	0	0	0	0	0	0	0	0
NR_036912.1	GIN-41-MGE-S217	0	0	0	0	0	0	0	0	0
NR_036884.1	GIN-41-MGE-S217	0	0	0	0	0	0	0	0	0
NR_036809.1	GIN-41-MGE-S217	0	0	0	0	0	0	0	0	0
NR_036807.1	GIN-41-MGE-S217	0	0	0	0	0	0	0	0	0
NR_036806.1	GIN-41-MGE-S217	0	0	0	0	0	0	0	0	0
NR_036805.1	GIN-41-MGE-S217	0	0	0	0	0	0	0	0	0
NR_036804.1	GIN-41-MGE-S217	0	0	0	0	0	0	0	0	0
NR_036803.1	GIN-41-MGE-S217	0	0	0	0	0	0	0	0	0
NR_036791.1	GIN-41-MGE-S217	0	0	0	0	0	0	0	0	0
NR_036769.1	GIN-41-MGE-S217	0	0	0	0	0	0	0	0	0
NR_029049.1	GIN-41-MGE-S217	0	0	0	0	0	0	0	0	0
NG_041947.1	GIN-41-MGE-S217	0	0	0	0	0	0	0	0	0
NR_025615.1	GIN-41-MGE-S217	0	0	0	0	0	0	0	0	0
NR_025584.1	GIN-41-MGE-S217	0	0	0	0	0	0	0	0	0
NR_025100.1	GIN-41-MGE-S217	0	0	0	0	0	0	0	0	0
NR_026347.1	GIN-41-MGE-S217	0	0	0	0	0	0	0	0	0
NR_026295.1	GIN-41-MGE-S217	0	0	0	0	0	0	0	0	0
NR_025773.1	GIN-41-MGE-S217	0	0	0	0	0	0	0	0	0
NR_147370.1	GIN-41-MGE-S217	0	0	0	0	0	0	0	0	0
NG_148936.1	GIN-41-MGE-S217	0	0	0	0	0	0	0	0	0
NG_148935.1	GIN-41-MGE-S217	0	0	0	0	0	0	0	0	0
NG_148934.1	GIN-41-MGE-S217	0	0	0	0	0	0	0	0	0
NG_148933.1	GIN-41-MGE-S217	0	0	0	0	0	0	0	0	0
NG_148932.1	GIN-41-MGE-S217	0	0	0	0	0	0	0	0	0
NG_148931.1	GIN-41-MGE-S217	0	0	0	0	0	0	0	0	0
NG_148930.1	GIN-41-MGE-S217	0	0	0	0	0	0	0	0	0
NG_148929.1	GIN-41-MGE-S217	0	0	0	0	0	0	0	0	0
NG_148928.1	GIN-41-MGE-S217	0	0	0	0	0	0	0	0	0
NG_148927.1	GIN-41-MGE-S217	0	0	0	0	0	0	0	0	0
NG_148926.1	GIN-41-MGE-S217	0	0	0	0	0	0	0	0	0
NG_148925.1	GIN-41-MGE-S217	0	0	0	0	0	0	0	0	0
NG_148924.1	GIN-41-MGE-S217	0	0	0	0	0	0	0	0	0
NG_148923.1	GIN-41-MGE-S217	0	0	0	0	0	0	0	0	0
NG_148922.1	GIN-41-MGE-S217	0	0	0	0	0	0	0	0	0
NG_148921.1	GIN-41-MGE-S217	0	0	0	0	0	0	0	0	0
NG_148920.1	GIN-41-MGE-S217	0	0	0	0	0	0	0	0	0
NG_148919.1	GIN-41-MGE-S217	0	0	0	0	0	0	0	0	0
NG_148918.1	GIN-41-MGE-S217	0	0	0	0	0	0	0	0	0
NG_148917.1	GIN-41-MGE-S217	0	0	0	0	0	0	0	0	0
NG_148916.1	GIN-41-MGE-S217	0	0	0	0	0	0	0	0	0
NG_148915.1	GIN-41-MGE-S217	0	0	0	0	0	0	0	0	0
NG_148914.1	GIN-41-MGE-S217	0	0	0	0	0	0	0	0	0
NG_148913.1	GIN-41-MGE-S217	0	0	0	0	0	0	0	0	0
NG_148912.1	GIN-41-MGE-S217	0	0	0	0	0	0	0	0	0
NG_148911.1	GIN-41-MGE-S217	0	0	0	0	0	0	0	0	0
NG_148910.1	GIN-41-MGE-S217	0	0	0	0	0	0	0	0	0
NG_148909.1	GIN-41-MGE-S217	0	0	0	0	0	0	0	0	0
NG_148908.1	GIN-41-MGE-S217	0	0	0	0	0	0	0	0	0
NG_148907.1	GIN-41-MGE-S217	0	0	0	0	0	0	0	0	0
NG_148906.1	GIN-41-MGE-S217	0	0	0	0	0	0	0	0	0
NG_148905.1	GIN-41-MGE-S217	0	0	0	0	0	0	0	0	0
NG_148904.1	GIN-41-MGE-S217	0	0	0	0	0	0	0	0	0
NG_148903.1	GIN-41-MGE-S217	0	0	0	0	0	0	0	0	0
NG_148902.1	GIN-41-MGE-S217	0	0	0	0	0	0	0	0	0
NG_148901.1	GIN-41-MGE-S217	0	0	0	0	0	0	0	0	0
NG_148900.1	GIN-41-MGE-S217	0	0	0	0	0	0	0	0	0
NG_148899.1	GIN-41-MGE-S217	0	0	0	0	0	0	0	0	0
NG_148898.1	GIN-41-MGE-S217	0	0	0	0	0	0	0	0	0
NG_148897.1	GIN-41-MGE-S217	0	0	0	0	0	0	0	0	0
NG_148896.1	GIN-41-MGE-S217	0	0	0	0	0	0	0	0	0
NG_148895.1	GIN-41-MGE-S217	0	0	0	0	0	0	0	0	0
NG_148894.1	GIN-41-MGE-S217	0	0	0	0	0	0	0	0	0
NG_148893.1	GIN-41-MGE-S217	0	0	0	0	0	0	0	0	0
NG_148892.1	GIN-41-MGE-S217	0	0	0	0	0	0	0	0	0
NG_148891.1	GIN-41-MGE-S217	0	0	0	0	0	0	0	0	0
NG_148890.1	GIN-41-MGE-S217	0	0	0	0	0	0	0	0	0
NG_148889.1	GIN-41-MGE-S217	0	0	0	0	0	0	0	0	0
NG_148888.1	GIN-41-MGE-S217	0	0	0	0	0	0	0	0	0
NG_148887.1	GIN-41-MGE-S217	0	0	0	0	0	0	0	0	0
NG_148886.1	GIN-41-MGE-S217	0	0	0	0	0	0	0	0	0
NG_148885.1	GIN-41-MGE-S217	0	0	0	0	0	0	0	0	0
NG_148884.1	GIN-41-MGE-S217	0	0	0	0	0	0	0	0	0
NG_148883.1	GIN-41-MGE-S217	0	0	0	0	0	0	0	0	0
NG_148882.1	GIN-41-MGE-S217	0	0	0	0	0	0	0	0	0
NG_148881.1	GIN-41-MGE-S217	0	0	0	0	0	0	0	0	0
NG_148880.1	GIN-41-MGE-S217	0	0	0	0	0	0	0	0	0
NG_148879.1	GIN-41-MGE-S217	0	0	0	0	0	0	0	0	0
NG_148878.1	GIN-41-MGE-S217	0	0	0	0	0	0	0	0	0
NG_148877.1	GIN-41-MGE-S217	0	0	0	0	0	0	0	0	0
NG_148876.1	GIN-41-MGE-S217	0	0	0	0	0	0	0	0	0
NG_148875.1	GIN-41-MGE-S217	0	0	0	0	0	0	0	0	0
NG_148874.1	GIN-41-MGE-S217	0	0	0	0	0	0	0	0	0
NG_148873.1	GIN-41-MGE-S217	0	0	0	0	0	0	0	0	0
NG_148872.1	GIN-41-MGE-S217	0	0	0	0	0	0	0	0	0
NG_148871.1	GIN-41-MGE-S217	0	0	0	0	0	0	0	0	0
NG_148870.1	GIN-41-MGE-S217	0	0	0	0	0	0	0	0	0
NG_148869.1	GIN-41-MGE-S217	0	0	0	0	0	0	0	0	0
NG_148868.1	GIN-41-MGE-S217	0	0	0	0	0	0	0	0	0
NG_148867.1	GIN-41-MGE-S217	0	0	0	0	0	0	0	0	0
NG_148866.1	GIN-41-MGE-S217	0	0	0	0	0	0	0	0	0
NG_148865.1	GIN-41-MGE-S217	0	0	0	0	0	0	0	0	0
NG_148864.1	GIN-41-MGE-S217	0	0	0	0	0	0	0	0	0
NG_148863.1	GIN-41-MGE-S217	0	0	0	0	0	0	0	0	0
NG_148862.1	GIN-41-MGE-S217	0	0	0	0	0	0	0	0	0
NG_148861.1	GIN-41-MGE-S217	0	0	0	0	0	0	0	0	0
NG_148860.1	GIN-41-MGE-S217	0	0	0	0	0	0	0	0	0
NG_148859.1	GIN-41-MGE-S217	0	0	0	0	0	0	0	0	0
NG_148858.1	GIN-41-MGE-S217	0	0	0	0	0	0	0	0	0
NG_148857.1	GIN-41-MGE-S217	0	0	0	0	0	0	0	0	0
NG_148856.1	GIN-41-MGE-S217	0	0	0	0	0	0	0	0	0
NG_148855.1	GIN-41-MGE-S217	0	0	0	0	0	0	0	0	0
NG_148854.1	GIN-41-MGE-S217	0	0	0	0	0	0	0	0	0
NG_148853.1	GIN-41-MGE-S217	0	0	0	0	0	0	0	0	0
NG_148852.1	GIN-41-MGE-S217	0	0	0	0	0	0	0	0	0
NG_148851.1	GIN-41-MGE-S217	0	0	0	0	0	0	0	0	0
NG_148850.1	GIN-41-MGE-S217	0	0	0	0	0	0	0	0	0
NG_148849.1	GIN-41-MGE-S217	0	0	0	0	0	0	0	0	0
NG_148848.1	GIN-41-MGE-S217	0	0	0	0	0	0	0	0	0
NG_148847.1	GIN-41-MGE-S217	0	0	0	0	0	0	0	0	0
NG_148846.1	GIN-41-MGE-S217	0	0	0	0	0	0	0	0	0
NG_148845.1	GIN-41-MGE-S217	0	0	0	0	0	0	0	0	0
NG_148844.1	GIN-41-MGE-S217	0	0	0	0	0	0	0	0	0
NG_148843.1	GIN-41-MGE-S217	0	0	0	0	0	0	0	0	0
NG_148842.1	GIN-41-MGE-S217	0	0	0	0	0	0	0	0	0
NG_148841.1	GIN-41-MGE-S217	0	0	0	0	0	0	0	0	0
NG_148840.1	GIN-41-MGE-S217	0	0	0	0	0	0	0	0	0
NG_148839.1	GIN-41-MGE-S217	0	0	0	0	0	0	0	0	0
NG_148838.1	GIN-41-MGE-S217	0	0	0	0	0	0	0	0	0
NG_148837.1	GIN-41-MGE-S217	0	0	0	0	0	0	0	0	0
NG_148836.1	GIN-41-MGE-S217	0	0	0	0	0	0	0	0	0
NG_148835.1	GIN-41-MGE-S217	0	0	0	0	0	0	0	0	0
NG_148834.1	GIN-41-MGE-S217	0	0	0	0	0	0	0	0	0
NG_148833.1	GIN-41-MGE-S217	0	0	0	0	0	0	0	0	0
NG_148832.1	GIN-41-MGE-S217	0	0	0	0	0	0	0	0	0
NG_148831.1	GIN-41-MGE-S217	0	0	0	0	0	0	0	0	0
NG_148830.1	GIN-41-MGE-S217	0	0	0	0	0	0	0	0	0
NG_148829.1	GIN-41-MGE-S217	0	0	0	0	0	0	0	0	0
NG_148828.1	GIN-41-MGE-S217	0	0	0	0	0	0	0	0	0
NG_148827.1	GIN-41-MGE-S217	0	0	0	0	0	0	0	0	0
NG_148826.1	GIN-41-MGE-S217	0	0	0	0	0	0	0	0	0
NG_148825.1	GIN-41-MGE-S217	0	0	0	0	0	0	0	0	0
NG_148824.1	GIN-41-MGE-S217	0	0	0	0	0	0	0	0	0
NG_078728.1	GIN-41-MGE-S217	0	0	0	0	0	0	0	0	0
NG_070667.1	GIN-41-MGE-S217	0	0	0	0	0	0	0	0	0
NG_070243.1	GIN-41-MGE-S217	0	0	0	0	0	0	0	0	0
NG_070123.1	GIN-41-MGE-S217	0	0	0	0	0	0	0	0	0
NG_067666.1	GIN-41-MGE-S217	0	0	0	0	0	0	0	0	0
NG_067665.1	GIN-41-MGE-S217	0	0	0	0	0	0	0	0	0
NG_067656.1	GIN-41-MGE-S217	0	0	0	0	0	0	0	0	0
NG_065733.1	GIN-41-MGE-S217	0	0	0	0	0	0	0	0	0
NG_065578.1	GIN-41-MGE-S217	0	0	0	0	0	0	0	0	0
NG_065532.1	GIN-41-MGE-S217	0	0	0	0	0	0	0	0	0
NG_065015.1	GIN-41-MGE-S217	0	0	0	0	0	0	0	0	0
NG_063628.1	GIN-41-MGE-S217	0	0	0	0	0	0	0	0	0
NG_063606.1	GIN-41-MGE-S217	0	0	0	0	0	0	0	0	0
NG_063387.1	GIN-41-MGE-S217	0	0	0	0	0	0	0	0	0
NG_060972.1	GIN-41-MGE-S217	0	0	0	0	0	0	0	0	0
NG_087918.1	GIN-41-MGE-S217	0	0	0	0	0	0	0	0	0
NG_087917.1	GIN-41-MGE-S217	0	0	0	0	0	0	0	0	0
NG_087916.1	GIN-41-MGE-S217	0	0	0	0	0	0	0	0	0
NG_087915.1	GIN-41-MGE-S217	0	0	0	0	0	0	0	0	0
NG_087914.1	GIN-41-MGE-S217	0	0	0	0	0	0	0	0	0
NG_087913.1	GIN-41-MGE-S217	0	0	0	0	0	0	0	0	0
NG_087912.1	GIN-41-MGE-S217	0	0	0	0	0	0	0	0	0
NG_087911.1	GIN-41-MGE-S217	0	0	0	0	0	0	0	0	0
NG_087910.1	GIN-41-MGE-S217	0	0	0	0	0	0	0	0	0
NG_087909.1	GIN-41-MGE-S217	0	0	0	0	0	0	0	0	0
NG_087908.1	GIN-41-MGE-S217	0	0	0	0	0	0	0	0	0
NG_087907.1	GIN-41-MGE-S217	0	0	0	0	0	0	0	0	0
NG_087906.1	GIN-41-MGE-S217	0	0	0	0	0	0	0	0	0
NG_087905.1	GIN-41-MGE-S217	0	0	0	0	0	0	0	0	0
NG_087904.1	GIN-41-MGE-S217	0	0	0	0	0	0	0	0	0
NG_087903.1	GIN-41-MGE-S217	0	0	0	0	0	0	0	0	0
NG_087902.1	GIN-41-MGE-S217	0	0	0	0	0	0	0	0	0
NG_087901.1	GIN-41-MGE-S217	0	0	0	0	0	0	0	0	0
NG_087900.1	GIN-41-MGE-S217	0	0	0	0	0	0	0	0	0
NG_087899.1	GIN-41-MGE-S217	0	0	0	0	0	0	0	0	0
NG_087898.1	GIN-41-MGE-S217	0	0	0	0	0	0	0	0	0
NG_087897.1	GIN-41-MGE-S217	0	0	0	0	0	0	0	0	0
NG_087896.1	GIN-41-MGE-S217	0	0	0	0	0	0	0	0	0
NG_087895.1	GIN-41-MGE-S217	0	0	0	0	0	0	0	0	0
NG_087894.1	GIN-41-MGE-S217	0	0	0	0	0	0	0	0	0
NG_087893.1	GIN-41-MGE-S217	0	0	0	0	0	0	0	0	0
NG_087892.1	GIN-41-MGE-S217	0	0	0	0	0	0	0	0	0
NG_087891.1	GIN-41-MGE-S217	0	0	0	0	0	0	0	0	0
NG_087890.1	GIN-41-MGE-S217	0	0	0	0	0	0	0	0	0
NG_087889.1	GIN-41-MGE-S217	0	0	0	0	0	0	0	0	0
NG_087888.1	GIN-41-MGE-S217	0	0	0	0	0	0	0	0	0
NG_087887.1	GIN-41-MGE-S217	0	0	0	0	0	0	0	0	0
NG_087886.1	GIN-41-MGE-S217	0	0	0	0	0	0	0	0	0
NG_087885.1	GIN-41-MGE-S217	0	0	0	0	0	0	0	0	0
NG_087884.1	GIN-41-MGE-S217	0	0	0	0	0	0	0	0	0
NG_087883.1	GIN-41-MGE-S217	0	0	0	0	0	0	0	0	0
NG_087882.1	GIN-41-MGE-S217	0	0	0	0	0	0	0	0	0
NG_087881.1	GIN-41-MGE-S217	0	0	0	0	0	0	0	0	0
NG_087880.1	GIN-41-MGE-S217	0	0	0	0	0	0	0	0	0
NG_087879.1	GIN-41-MGE-S217	0	0	0	0	0	0	0	0	0
NG_087878.1	GIN-41-MGE-S217	0	0	0	0	0	0	0	0	0
NG_087877.1	GIN-41-MGE-S217	0	0	0	0	0	0	0	0	0
NG_087876.1	GIN-41-MGE-S217	0	0	0	0	0	0	0	0	0
NG_087875.1	GIN-41-MGE-S217	0	0	0	0	0	0	0	0	0
NG_087874.1	GIN-41-MGE-S217	0	0	0	0	0	0	0	0	0
NG_087873.1	GIN-41-MGE-S217	0	0	0	0	0	0	0	0	0
NG_087872.1	GIN-41-MGE-S217	0	0	0	0	0	0	0	0	0
NG_087871.1	GIN-41-MGE-S217	0	0	0	0	0	0	0	0	0
NG_087870.1	GIN-41-MGE-S217	0	0	0	0	0	0	0	0	0
NG_087869.1	GIN-41-MGE-S217	0	0	0	0	0	0	0	0	0
NG_087868.1	GIN-41-MGE-S217	0	0	0	0	0	0	0	0	0
NG_087867.1	GIN-41-MGE-S217	0	0	0	0	0	0	0	0	0
NG_087866.1	GIN-41-MGE-S217	0	0	0	0	0	0	0	0	0
NG_087865.1	GIN-41-MGE-S217	0	0	0	0	0	0	0	0	0
NG_087864.1	GIN-41-MGE-S217	0	0	0	0	0	0	0	0	0
NG_087863.1	GIN-41-MGE-S217	0	0	0	0	0	0	0	0	0
NG_087862.1	GIN-41-MGE-S217	0	0	0	0	0	0	0	0	0
NG_087861.1	GIN-41-MGE-S217	0	0	0	0	0	0	0	0	0
NG_087860.1	GIN-41-MGE-S217	0	0	0	0	0	0	0	0	0
NG_087859.1	GIN-41-MGE-S217	0	0	0	0	0	0	0	0	0
NG_087858.1	GIN-41-MGE-S217	0	0	0	0	0	0	0	0	0
NG_087857.1	GIN-41-MGE-S217	0	0	0	0	0	0	0	0	0
NG_065628.1	GIN-41-MGE-S217	0	0	0	0	0	0	0	0	0
NG_064877.1	GIN-41-MGE-S217	0	0	0	0	0	0	0	0	0
NG_063682.1	GIN-41-MGE-S217	0	0	0	0	0	0	0	0	0
NG_063681.1	GIN-41-MGE-S217	0	0	0	0	0	0	0	0	0
NG_062606.1	GIN-41-MGE-S217	0	0	0	0	0	0	0	0	0
NG_065758.1	GIN-41-MGE-S217	0	0	0	0	0	0	0	0	0
NG_065154.1	GIN-41-MGE-S217	0	0	0	0	0	0	0	0	0
NG_065128.1	GIN-41-MGE-S217	0	0	0	0	0	0	0	0	0
NG_065016.1	GIN-41-MGE-S217	0	0	0	0	0	0	0	0	0
NG_063068.1	GIN-41-MGE-S217	0	0	0	0	0	0	0	0	0
NG_063049.1	GIN-41-MGE-S217	0	0	0	0	0	0	0	0	0
NG_063048.1	GIN-41-MGE-S217	0	0	0	0	0	0	0	0	0
NG_062998.1	GIN-41-MGE-S217	0	0	0	0	0	0	0	0	0
NG_062997.1	GIN-41-MGE-S217	0	0	0	0	0	0	0	0	0
NG_062994.1	GIN-41-MGE-S217	0	0	0	0	0	0	0	0	0
NG_062993.1	GIN-41-MGE-S217	0	0	0	0	0	0	0	0	0
NG_062991.1	GIN-41-MGE-S217	0	0	0	0	0	0	0	0	0
NG_062989.1	GIN-41-MGE-S217	0	0	0	0	0	0	0	0	0
NG_062988.1	GIN-41-MGE-S217	0	0	0	0	0	0	0	0	0
NG_062987.1	GIN-41-MGE-S217	0	0	0	0	0	0	0	0	0
NG_062986.1	GIN-41-MGE-S217	0	0	0	0	0	0	0	0	0
NG_062985.1	GIN-41-MGE-S217	0	0	0	0	0	0	0	0	0
NG_062603.1	GIN-41-MGE-S217	0	0	0	0	0	0	0	0	0
NG_062602.1	GIN-41-MGE-S217	0	0	0	0	0	0	0	0	0
NG_061019.1	GIN-41-MGE-S217	0	0	0	0	0	0	0	0	0
NG_081438.1	GIN-41-MGE-S217	0	0	0	0	0	0	0	0	0
NG_081437.1	GIN-41-MGE-S217	0	0	0	0	0	0	0	0	0
NG_081436.1	GIN-41-MGE-S217	0	0	0	0	0	0	0	0	0
NG_081435.1	GIN-41-MGE-S217	0	0	0	0	0	0	0	0	0
NG_081434.1	GIN-41-MGE-S217	0	0	0	0	0	0	0	0	0
NG_081433.1	GIN-41-MGE-S217	0	0	0	0	0	0	0	0	0
NG_081432.1	GIN-41-MGE-S217	0	0	0	0	0	0	0	0	0
NG_081431.1	GIN-41-MGE-S217	0	0	0	0	0	0	0	0	0
NG_081430.1	GIN-41-MGE-S217	0	0	0	0	0	0	0	0	0
NG_081429.1	GIN-41-MGE-S217	0	0	0	0	0	0	0	0	0
NG_081428.1	GIN-41-MGE-S217	0	0	0	0	0	0	0	0	0
NG_081427.1	GIN-41-MGE-S217	0	0	0	0	0	0	0	0	0
NG_081426.1	GIN-41-MGE-S217	0	0	0	0	0	0	0	0	0
NG_081425.1	GIN-41-MGE-S217	0	0	0	0	0	0	0	0	0
NG_081424.1	GIN-41-MGE-S217	0	0	0	0	0	0	0	0	0
NG_081423.1	GIN-41-MGE-S217	0	0	0	0	0	0	0	0	0
NG_081422.1	GIN-41-MGE-S217	0	0	0	0	0	0	0	0	0
NG_081421.1	GIN-41-MGE-S217	0	0	0	0	0	0	0	0	0
NG_081420.1	GIN-41-MGE-S217	0	0	0	0	0	0	0	0	0
NG_081419.1	GIN-41-MGE-S217	0	0	0	0	0	0	0	0	0
NG_081418.1	GIN-41-MGE-S217	0	0	0	0	0	0	0	0	0
NG_081417.1	GIN-41-MGE-S217	0	0	0	0	0	0	0	0	0
NG_081416.1	GIN-41-MGE-S217	0	0	0	0	0	0	0	0	0
NG_081415.1	GIN-41-MGE-S217	0	0	0	0	0	0	0	0	0
NG_081414.1	GIN-41-MGE-S217	0	0	0	0	0	0	0	0	0
NG_081413.1	GIN-41-MGE-S217	0	0	0	0	0	0	0	0	0
NG_081412.1	GIN-41-MGE-S217	0	0	0	0	0	0	0	0	0
NG_081411.1	GIN-41-MGE-S217	0	0	0	0	0	0	0	0	0
NG_081410.1	GIN-41-MGE-S217	0	0	0	0	0	0	0	0	0
NG_081409.1	GIN-41-MGE-S217	0	0	0	0	0	0	0	0	0
NG_081408.1	GIN-41-MGE-S217	0	0	0	0	0	0	0	0	0
NG_081407.1	GIN-41-MGE-S217	0	0	0	0	0	0	0	0	0
NG_081406.1	GIN-41-MGE-S217	0	0	0	0	0	0	0	0	0
NG_081405.1	GIN-41-MGE-S217	0	0	0	0	0	0	0	0	0
NG_081404.1	GIN-41-MGE-S217	0	0	0	0	0	0	0	0	0
NG_081403.1	GIN-41-MGE-S217	0	0	0	0	0	0	0	0	0
NG_081402.1	GIN-41-MGE-S217	0	0	0	0	0	0	0	0	0
NG_081401.1	GIN-41-MGE-S217	0	0	0	0	0	0	0	0	0
NG_081400.1	GIN-41-MGE-S217	0	0	0	0	0	0	0	0	0
NG_081399.1	GIN-41-MGE-S217	0	0	0	0	0	0	0	0	0
NG_081398.1	GIN-41-MGE-S217	0	0	0	0	0	0	0	0	0
NG_081397.1	GIN-41-MGE-S217	0	0	0	0	0	0	0	0	0
NG_081396.1	GIN-41-MGE-S217	0	0	0	0	0	0	0	0	0
NG_081395.1	GIN-41-MGE-S217	0	0	0	0	0	0	0	0	0
NG_081394.1	GIN-41-MGE-S217	0	0	0	0	0	0	0	0	0
NG_081393.1	GIN-41-MGE-S217	0	0	0	0	0	0	0	0	0
NG_081392.1	GIN-41-MGE-S217	0	0	0	0	0	0	0	0	0
NG_081391.1	GIN-41-MGE-S217	0	0	0	0	0	0	0	0	0
NG_081390.1	GIN-41-MGE-S217	0	0	0	0	0	0	0	0	0
NG_081389.1	GIN-41-MGE-S217	0	0	0	0	0	0	0	0	0
NG_081388.1	GIN-41-MGE-S217	0	0	0	0	0	0	0	0	0
NG_081387.1	GIN-41-MGE-S217	0	0	0	0	0	0	0	0	0
NG_081386.1	GIN-41-MGE-S217	0	0	0	0	0	0	0	0	0
NG_081385.1	GIN-41-MGE-S217	0	0	0	0	0	0	0	0	0
NG_081384.1	GIN-41-MGE-S217	0	0	0	0	0	0	0	0	0
NG_081383.1	GIN-41-MGE-S217	0	0	0	0	0	0	0	0	0
NG_081382.1	GIN-41-MGE-S217	0	0	0	0	0	0	0	0	0
NG_081381.1	GIN-41-MGE-S217	0	0	0	0	0	0	0	0	0
NG_081380.1	GIN-41-MGE-S217	0	0	0	0	0	0	0	0	0
NG_081379.1	GIN-41-MGE-S217	0	0	0	0	0	0	0	0	0
NG_081378.1	GIN-41-MGE-S217	0	0	0	0	0	0	0	0	0
NG_081377.1	GIN-41-MGE-S217	0	0	0	0	0	0	0	0	0
NG_081376.1	GIN-41-MGE-S217	0	0	0	0	0	0	0	0	0
NG_081375.1	GIN-41-MGE-S217	0	0	0	0	0	0	0	0	0
NG_081374.1	GIN-41-MGE-S217	0	0	0	0	0	0	0	0	0
NG_081373.1	GIN-41-MGE-S217	0	0	0	0	0	0	0	0	0
NG_081372.1	GIN-41-MGE-S217	0	0	0	0	0	0	0	0	0
NG_081371.1	GIN-41-MGE-S217	0	0	0	0	0	0	0	0	0
NG_081370.1	GIN-41-MGE-S217	0	0	0	0	0	0	0	0	0
NG_081369.1	GIN-41-MGE-S217	0	0	0	0	0	0	0	0	0
NG_081368.1	GIN-41-MGE-S217	0	0	0	0	0	0	0	0	0
NG_081367.1	GIN-41-MGE-S217	0	0	0	0	0	0	0	0	0
NG_081366.1	GIN-41-MGE-S217	0	0	0	0	0	0	0	0	0
NG_081365.1	GIN-41-MGE-S217	0	0	0	0	0	0	0	0	0
NG_081364.1	GIN-41-MGE-S217	0	0	0	0	0	0	0	0	0
NG_081363.1	GIN-41-MGE-S217	0	0	0	0	0	0	0	0	0
NG_081362.1	GIN-41-MGE-S217	0	0	0	0	0	0	0	0	0
NG_081361.1	GIN-41-MGE-S217	0	0	0	0	0	0	0	0	0
NG_081360.1	GIN-41-MGE-S217	0	0	0	0	0	0	0	0	0
NG_081359.1	GIN-41-MGE-S217	0	0	0	0	0	0	0	0	0
NG_081358.1	GIN-41-MGE-S217	0	0	0	0	0	0	0	0	0
NG_081357.1	GIN-41-MGE-S217	0	0	0	0	0	0	0	0	0
NG_065067.1	GIN-41-MGE-S217	0	0	0	0	0	0	0	0	0
NG_065066.1	GIN-41-MGE-S217	0	0	0	0	0	0	0	0	0
NG_064993.1	GIN-41-MGE-S217	0	0	0	0	0	0	0	0	0
NG_070909.1	GIN-41-MGE-S217	0	0	0	0	0	0	0	0	0
NG_070904.1	GIN-41-MGE-S217	0	0	0	0	0	0	0	0	0
NG_067668.1	GIN-41-MGE-S217	0	0	0	0	0	0	0	0	0
NG_067667.1	GIN-41-MGE-S217	0	0	0	0	0	0	0	0	0
NG_064894.1	GIN-41-MGE-S217	0	0	0	0	0	0	0	0	0
NG_073501.1	GIN-41-MGE-S217	0	0	0	0	0	0	0	0	0
NG_065101.1	GIN-41-MGE-S217	0	0	0	0	0	0	0	0	0
NG_078770.1	GIN-41-MGE-S217	0	0	0	0	0	0	0	0	0
NG_078769.1	GIN-41-MGE-S217	0	0	0	0	0	0	0	0	0
NG_078768.1	GIN-41-MGE-S217	0	0	0	0	0	0	0	0	0
NG_078767.1	GIN-41-MGE-S217	0	0	0	0	0	0	0	0	0
NG_078766.1	GIN-41-MGE-S217	0	0	0	0	0	0	0	0	0
NG_078765.1	GIN-41-MGE-S217	0	0	0	0	0	0	0	0	0
NG_078764.1	GIN-41-MGE-S217	0	0	0	0	0	0	0	0	0
NG_078763.1	GIN-41-MGE-S217	0	0	0	0	0	0	0	0	0
NG_078762.1	GIN-41-MGE-S217	0	0	0	0	0	0	0	0	0
NG_078761.1	GIN-41-MGE-S217	0	0	0	0	0	0	0	0	0
NG_078760.1	GIN-41-MGE-S217	0	0	0	0	0	0	0	0	0
NG_078759.1	GIN-41-MGE-S217	0	0	0	0	0	0	0	0	0
NG_078758.1	GIN-41-MGE-S217	0	0	0	0	0	0	0	0	0
NG_078757.1	GIN-41-MGE-S217	0	0	0	0	0	0	0	0	0
NG_078756.1	GIN-41-MGE-S217	0	0	0	0	0	0	0	0	0
NG_078755.1	GIN-41-MGE-S217	0	0	0	0	0	0	0	0	0
NG_078754.1	GIN-41-MGE-S217	0	0	0	0	0	0	0	0	0
NG_078753.1	GIN-41-MGE-S217	0	0	0	0	0	0	0	0	0
NG_078752.1	GIN-41-MGE-S217	0	0	0	0	0	0	0	0	0
NG_078751.1	GIN-41-MGE-S217	0	0	0	0	0	0	0	0	0
NG_078750.1	GIN-41-MGE-S217	0	0	0	0	0	0	0	0	0
NG_078749.1	GIN-41-MGE-S217	0	0	0	0	0	0	0	0	0
NG_078748.1	GIN-41-MGE-S217	0	0	0	0	0	0	0	0	0
NG_078747.1	GIN-41-MGE-S217	0	0	0	0	0	0	0	0	0
NG_078746.1	GIN-41-MGE-S217	0	0	0	0	0	0	0	0	0
NG_078745.1	GIN-41-MGE-S217	0	0	0	0	0	0	0	0	0
NG_078744.1	GIN-41-MGE-S217	0	0	0	0	0	0	0	0	0
NG_078743.1	GIN-41-MGE-S217	0	0	0	0	0	0	0	0	0
NG_078742.1	GIN-41-MGE-S217	0	0	0	0	0	0	0	0	0
NG_078741.1	GIN-41-MGE-S217	0	0	0	0	0	0	0	0	0
NG_078740.1	GIN-41-MGE-S217	0	0	0	0	0	0	0	0	0
NG_078739.1	GIN-41-MGE-S217	0	0	0	0	0	0	0	0	0
NG_078738.1	GIN-41-MGE-S217	0	0	0	0	0	0	0	0	0
NG_078737.1	GIN-41-MGE-S217	0	0	0	0	0	0	0	0	0
NG_078736.1	GIN-41-MGE-S217	0	0	0	0	0	0	0	0	0
NG_078735.1	GIN-41-MGE-S217	0	0	0	0	0	0	0	0	0
NG_078734.1	GIN-41-MGE-S217	0	0	0	0	0	0	0	0	0
NG_078733.1	GIN-41-MGE-S217	0	0	0	0	0	0	0	0	0
NG_078732.1	GIN-41-MGE-S217	0	0	0	0	0	0	0	0	0
NG_078731.1	GIN-41-MGE-S217	0	0	0	0	0	0	0	0	0
NG_078730.1	GIN-41-MGE-S217	0	0	0	0	0	0	0	0	0
NG_078729.1	GIN-41-MGE-S217	0	0	0	0	0	0	0	0	0
NG_078727.1	GIN-41-MGE-S217	0	0	0	0	0	0	0	0	0
NG_078726.1	GIN-41-MGE-S217	0	0	0	0	0	0	0	0	0
NG_078725.1	GIN-41-MGE-S217	0	0	0	0	0	0	0	0	0
NG_078724.1	GIN-41-MGE-S217	0	0	0	0	0	0	0	0	0
NG_078723.1	GIN-41-MGE-S217	0	0	0	0	0	0	0	0	0
NG_077396.1	GIN-41-MGE-S217	0	0	0	0	0	0	0	0	0
NG_073507.1	GIN-41-MGE-S217	0	0	0	0	0	0	0	0	0
NG_070125.1	GIN-41-MGE-S217	0	0	0	0	0	0	0	0	0
NG_065760.1	GIN-41-MGE-S217	0	0	0	0	0	0	0	0	0
NG_065100.1	GIN-41-MGE-S217	0	0	0	0	0	0	0	0	0
NG_065089.1	GIN-41-MGE-S217	0	0	0	0	0	0	0	0	0
NG_064964.1	GIN-41-MGE-S217	0	0	0	0	0	0	0	0	0
NG_064823.1	GIN-41-MGE-S217	0	0	0	0	0	0	0	0	0
NG_064822.1	GIN-41-MGE-S217	0	0	0	0	0	0	0	0	0
NG_063022.1	GIN-41-MGE-S217	0	0	0	0	0	0	0	0	0
NG_062828.1	GIN-41-MGE-S217	0	0	0	0	0	0	0	0	0
NG_062678.1	GIN-41-MGE-S217	0	0	0	0	0	0	0	0	0
NG_062617.1	GIN-41-MGE-S217	0	0	0	0	0	0	0	0	0
NG_065099.1	GIN-41-MGE-S217	0	0	0	0	0	0	0	0	0
NG_065035.1	GIN-41-MGE-S217	0	0	0	0	0	0	0	0	0
NG_064900.1	GIN-41-MGE-S217	0	0	0	0	0	0	0	0	0
NG_062621.1	GIN-41-MGE-S217	0	0	0	0	0	0	0	0	0
NG_077449.1	GIN-41-MGE-S217	0	0	0	0	0	0	0	0	0
NG_077448.1	GIN-41-MGE-S217	0	0	0	0	0	0	0	0	0
NG_077447.1	GIN-41-MGE-S217	0	0	0	0	0	0	0	0	0
NG_077446.1	GIN-41-MGE-S217	0	0	0	0	0	0	0	0	0
NG_077445.1	GIN-41-MGE-S217	0	0	0	0	0	0	0	0	0
NG_077444.1	GIN-41-MGE-S217	0	0	0	0	0	0	0	0	0
NG_077443.1	GIN-41-MGE-S217	0	0	0	0	0	0	0	0	0
NG_077442.1	GIN-41-MGE-S217	0	0	0	0	0	0	0	0	0
NG_077441.1	GIN-41-MGE-S217	0	0	0	0	0	0	0	0	0
NG_077440.1	GIN-41-MGE-S217	0	0	0	0	0	0	0	0	0
NG_077439.1	GIN-41-MGE-S217	0	0	0	0	0	0	0	0	0
NG_077438.1	GIN-41-MGE-S217	0	0	0	0	0	0	0	0	0
NG_077437.1	GIN-41-MGE-S217	0	0	0	0	0	0	0	0	0
NG_077436.1	GIN-41-MGE-S217	0	0	0	0	0	0	0	0	0
NG_077435.1	GIN-41-MGE-S217	0	0	0	0	0	0	0	0	0
NG_077434.1	GIN-41-MGE-S217	0	0	0	0	0	0	0	0	0
NG_077433.1	GIN-41-MGE-S217	0	0	0	0	0	0	0	0	0
NG_077432.1	GIN-41-MGE-S217	0	0	0	0	0	0	0	0	0
NG_077431.1	GIN-41-MGE-S217	0	0	0	0	0	0	0	0	0
NG_077430.1	GIN-41-MGE-S217	0	0	0	0	0	0	0	0	0
NG_077429.1	GIN-41-MGE-S217	0	0	0	0	0	0	0	0	0
NG_077428.1	GIN-41-MGE-S217	0	0	0	0	0	0	0	0	0
NG_077427.1	GIN-41-MGE-S217	0	0	0	0	0	0	0	0	0
NG_077426.1	GIN-41-MGE-S217	0	0	0	0	0	0	0	0	0
NG_077425.1	GIN-41-MGE-S217	0	0	0	0	0	0	0	0	0
NG_077424.1	GIN-41-MGE-S217	0	0	0	0	0	0	0	0	0
NG_077423.1	GIN-41-MGE-S217	0	0	0	0	0	0	0	0	0
NG_077422.1	GIN-41-MGE-S217	0	0	0	0	0	0	0	0	0
NG_077421.1	GIN-41-MGE-S217	0	0	0	0	0	0	0	0	0
NG_077420.1	GIN-41-MGE-S217	0	0	0	0	0	0	0	0	0
NG_077419.1	GIN-41-MGE-S217	0	0	0	0	0	0	0	0	0
NG_077418.1	GIN-41-MGE-S217	0	0	0	0	0	0	0	0	0
NG_077417.1	GIN-41-MGE-S217	0	0	0	0	0	0	0	0	0
NG_077416.1	GIN-41-MGE-S217	0	0	0	0	0	0	0	0	0
NG_077415.1	GIN-41-MGE-S217	0	0	0	0	0	0	0	0	0
NG_077414.1	GIN-41-MGE-S217	0	0	0	0	0	0	0	0	0
NG_077413.1	GIN-41-MGE-S217	0	0	0	0	0	0	0	0	0
NG_077412.1	GIN-41-MGE-S217	0	0	0	0	0	0	0	0	0
NG_077411.1	GIN-41-MGE-S217	0	0	0	0	0	0	0	0	0
NG_077410.1	GIN-41-MGE-S217	0	0	0	0	0	0	0	0	0
NG_077409.1	GIN-41-MGE-S217	0	0	0	0	0	0	0	0	0
NG_077408.1	GIN-41-MGE-S217	0	0	0	0	0	0	0	0	0
NG_077407.1	GIN-41-MGE-S217	0	0	0	0	0	0	0	0	0
NG_077406.1	GIN-41-MGE-S217	0	0	0	0	0	0	0	0	0
NG_077405.1	GIN-41-MGE-S217	0	0	0	0	0	0	0	0	0
NG_077404.1	GIN-41-MGE-S217	0	0	0	0	0	0	0	0	0
NG_077403.1	GIN-41-MGE-S217	0	0	0	0	0	0	0	0	0
NG_077402.1	GIN-41-MGE-S217	0	0	0	0	0	0	0	0	0
NG_077401.1	GIN-41-MGE-S217	0	0	0	0	0	0	0	0	0
NG_077400.1	GIN-41-MGE-S217	0	0	0	0	0	0	0	0	0
NG_077399.1	GIN-41-MGE-S217	0	0	0	0	0	0	0	0	0
NG_077398.1	GIN-41-MGE-S217	0	0	0	0	0	0	0	0	0
NG_077397.1	GIN-41-MGE-S217	0	0	0	0	0	0	0	0	0
NG_070848.1	GIN-41-MGE-S217	0	0	0	0	0	0	0	0	0
NG_065470.1	GIN-41-MGE-S217	0	0	0	0	0	0	0	0	0
NG_063512.1	GIN-41-MGE-S217	0	0	0	0	0	0	0	0	0
NG_063511.1	GIN-41-MGE-S217	0	0	0	0	0	0	0	0	0
NG_063443.1	GIN-41-MGE-S217	0	0	0	0	0	0	0	0	0
NG_063441.1	GIN-41-MGE-S217	0	0	0	0	0	0	0	0	0
NG_062059.1	GIN-41-MGE-S217	0	0	0	0	0	0	0	0	0
NG_065501.1	GIN-41-MGE-S217	0	0	0	0	0	0	0	0	0
NG_063416.1	GIN-41-MGE-S217	0	0	0	0	0	0	0	0	0
NG_062664.1	GIN-41-MGE-S217	0	0	0	0	0	0	0	0	0
NG_061244.1	GIN-41-MGE-S217	0	0	0	0	0	0	0	0	0
NG_076806.1	GIN-41-MGE-S217	0	0	0	0	0	0	0	0	0
NG_076805.1	GIN-41-MGE-S217	0	0	0	0	0	0	0	0	0
NG_076804.1	GIN-41-MGE-S217	0	0	0	0	0	0	0	0	0
NG_076803.1	GIN-41-MGE-S217	0	0	0	0	0	0	0	0	0
NG_076802.1	GIN-41-MGE-S217	0	0	0	0	0	0	0	0	0
NG_076801.1	GIN-41-MGE-S217	0	0	0	0	0	0	0	0	0
NG_076800.1	GIN-41-MGE-S217	0	0	0	0	0	0	0	0	0
NG_076799.1	GIN-41-MGE-S217	0	0	0	0	0	0	0	0	0
NG_076798.1	GIN-41-MGE-S217	0	0	0	0	0	0	0	0	0
NG_076797.1	GIN-41-MGE-S217	0	0	0	0	0	0	0	0	0
NG_076796.1	GIN-41-MGE-S217	0	0	0	0	0	0	0	0	0
NG_076795.1	GIN-41-MGE-S217	0	0	0	0	0	0	0	0	0
NG_076794.1	GIN-41-MGE-S217	0	0	0	0	0	0	0	0	0
NG_076793.1	GIN-41-MGE-S217	0	0	0	0	0	0	0	0	0
NG_076792.1	GIN-41-MGE-S217	0	0	0	0	0	0	0	0	0
NG_076791.1	GIN-41-MGE-S217	0	0	0	0	0	0	0	0	0
NG_076790.1	GIN-41-MGE-S217	0	0	0	0	0	0	0	0	0
NG_076789.1	GIN-41-MGE-S217	0	0	0	0	0	0	0	0	0
NG_076788.1	GIN-41-MGE-S217	0	0	0	0	0	0	0	0	0
NG_076787.1	GIN-41-MGE-S217	0	0	0	0	0	0	0	0	0
NG_076786.1	GIN-41-MGE-S217	0	0	0	0	0	0	0	0	0
NG_076785.1	GIN-41-MGE-S217	0	0	0	0	0	0	0	0	0
NG_076784.1	GIN-41-MGE-S217	0	0	0	0	0	0	0	0	0
NG_076783.1	GIN-41-MGE-S217	0	0	0	0	0	0	0	0	0
NG_076782.1	GIN-41-MGE-S217	0	0	0	0	0	0	0	0	0
NG_076781.1	GIN-41-MGE-S217	0	0	0	0	0	0	0	0	0
NG_076780.1	GIN-41-MGE-S217	0	0	0	0	0	0	0	0	0
NG_076779.1	GIN-41-MGE-S217	0	0	0	0	0	0	0	0	0
NG_076778.1	GIN-41-MGE-S217	0	0	0	0	0	0	0	0	0
NG_076777.1	GIN-41-MGE-S217	0	0	0	0	0	0	0	0	0
NG_076776.1	GIN-41-MGE-S217	0	0	0	0	0	0	0	0	0
NG_076775.1	GIN-41-MGE-S217	0	0	0	0	0	0	0	0	0
NG_076774.1	GIN-41-MGE-S217	0	0	0	0	0	0	0	0	0
NG_076773.1	GIN-41-MGE-S217	0	0	0	0	0	0	0	0	0
NG_076772.1	GIN-41-MGE-S217	0	0	0	0	0	0	0	0	0
NG_076771.1	GIN-41-MGE-S217	0	0	0	0	0	0	0	0	0
NG_076770.1	GIN-41-MGE-S217	0	0	0	0	0	0	0	0	0
NG_076769.1	GIN-41-MGE-S217	0	0	0	0	0	0	0	0	0
NG_076768.1	GIN-41-MGE-S217	0	0	0	0	0	0	0	0	0
NG_076767.1	GIN-41-MGE-S217	0	0	0	0	0	0	0	0	0
NG_076766.1	GIN-41-MGE-S217	0	0	0	0	0	0	0	0	0
NG_076765.1	GIN-41-MGE-S217	0	0	0	0	0	0	0	0	0
NG_076764.1	GIN-41-MGE-S217	0	0	0	0	0	0	0	0	0
NG_076763.1	GIN-41-MGE-S217	0	0	0	0	0	0	0	0	0
NG_076762.1	GIN-41-MGE-S217	0	0	0	0	0	0	0	0	0
NG_076761.1	GIN-41-MGE-S217	0	0	0	0	0	0	0	0	0
NG_076760.1	GIN-41-MGE-S217	0	0	0	0	0	0	0	0	0
NG_076759.1	GIN-41-MGE-S217	0	0	0	0	0	0	0	0	0
NG_076758.1	GIN-41-MGE-S217	0	0	0	0	0	0	0	0	0
NG_076757.1	GIN-41-MGE-S217	0	0	0	0	0	0	0	0	0
NG_076756.1	GIN-41-MGE-S217	0	0	0	0	0	0	0	0	0
NG_076755.1	GIN-41-MGE-S217	0	0	0	0	0	0	0	0	0
NG_076754.1	GIN-41-MGE-S217	0	0	0	0	0	0	0	0	0
NG_076753.1	GIN-41-MGE-S217	0	0	0	0	0	0	0	0	0
NG_070656.1	GIN-41-MGE-S217	0	0	0	0	0	0	0	0	0
NG_070655.1	GIN-41-MGE-S217	0	0	0	0	0	0	0	0	0
NG_070165.1	GIN-41-MGE-S217	0	0	0	0	0	0	0	0	0
NG_070126.1	GIN-41-MGE-S217	0	0	0	0	0	0	0	0	0
NG_065542.1	GIN-41-MGE-S217	0	0	0	0	0	0	0	0	0
NG_065129.1	GIN-41-MGE-S217	0	0	0	0	0	0	0	0	0
NG_065003.1	GIN-41-MGE-S217	0	0	0	0	0	0	0	0	0
NG_064809.1	GIN-41-MGE-S217	0	0	0	0	0	0	0	0	0
NG_064798.1	GIN-41-MGE-S217	0	0	0	0	0	0	0	0	0
NG_063582.1	GIN-41-MGE-S217	0	0	0	0	0	0	0	0	0
NG_063414.1	GIN-41-MGE-S217	0	0	0	0	0	0	0	0	0
NG_063405.1	GIN-41-MGE-S217	0	0	0	0	0	0	0	0	0
NG_063238.1	GIN-41-MGE-S217	0	0	0	0	0	0	0	0	0
NG_063010.1	GIN-41-MGE-S217	0	0	0	0	0	0	0	0	0
NG_062996.1	GIN-41-MGE-S217	0	0	0	0	0	0	0	0	0
NG_062990.1	GIN-41-MGE-S217	0	0	0	0	0	0	0	0	0
NG_062713.1	GIN-41-MGE-S217	0	0	0	0	0	0	0	0	0
NG_062712.1	GIN-41-MGE-S217	0	0	0	0	0	0	0	0	0
NG_062663.1	GIN-41-MGE-S217	0	0	0	0	0	0	0	0	0
NG_062429.1	GIN-41-MGE-S217	0	0	0	0	0	0	0	0	0
NG_062428.1	GIN-41-MGE-S217	0	0	0	0	0	0	0	0	0
NG_062372.1	GIN-41-MGE-S217	0	0	0	0	0	0	0	0	0
NG_062118.1	GIN-41-MGE-S217	0	0	0	0	0	0	0	0	0
NG_062117.1	GIN-41-MGE-S217	0	0	0	0	0	0	0	0	0
NG_062115.1	GIN-41-MGE-S217	0	0	0	0	0	0	0	0	0
NG_062114.1	GIN-41-MGE-S217	0	0	0	0	0	0	0	0	0
NG_062113.1	GIN-41-MGE-S217	0	0	0	0	0	0	0	0	0
NG_062112.1	GIN-41-MGE-S217	0	0	0	0	0	0	0	0	0
NG_061293.1	GIN-41-MGE-S217	0	0	0	0	0	0	0	0	0
NG_061215.1	GIN-41-MGE-S217	0	0	0	0	0	0	0	0	0
NG_061202.1	GIN-41-MGE-S217	0	0	0	0	0	0	0	0	0
NG_061197.1	GIN-41-MGE-S217	0	0	0	0	0	0	0	0	0
NG_061072.1	GIN-41-MGE-S217	0	0	0	0	0	0	0	0	0
NG_017171.1	GIN-41-MGE-S217	0	0	0	0	0	0	0	0	0
NG_065540.1	GIN-41-MGE-S217	0	0	0	0	0	0	0	0	0
NG_064936.1	GIN-41-MGE-S217	0	0	0	0	0	0	0	0	0
NG_063657.1	GIN-41-MGE-S217	0	0	0	0	0	0	0	0	0
NG_063063.1	GIN-41-MGE-S217	0	0	0	0	0	0	0	0	0
NG_062940.1	GIN-41-MGE-S217	0	0	0	0	0	0	0	0	0
NG_062646.1	GIN-41-MGE-S217	0	0	0	0	0	0	0	0	0
NG_074973.1	GIN-41-MGE-S217	0	0	0	0	0	0	0	0	0
NG_074972.1	GIN-41-MGE-S217	0	0	0	0	0	0	0	0	0
NG_074971.1	GIN-41-MGE-S217	0	0	0	0	0	0	0	0	0
NG_074970.1	GIN-41-MGE-S217	0	0	0	0	0	0	0	0	0
NG_074969.1	GIN-41-MGE-S217	0	0	0	0	0	0	0	0	0
NG_074968.1	GIN-41-MGE-S217	0	0	0	0	0	0	0	0	0
NG_074967.1	GIN-41-MGE-S217	0	0	0	0	0	0	0	0	0
NG_074966.1	GIN-41-MGE-S217	0	0	0	0	0	0	0	0	0
NG_074965.1	GIN-41-MGE-S217	0	0	0	0	0	0	0	0	0
NG_074964.1	GIN-41-MGE-S217	0	0	0	0	0	0	0	0	0
NG_074963.1	GIN-41-MGE-S217	0	0	0	0	0	0	0	0	0
NG_074962.1	GIN-41-MGE-S217	0	0	0	0	0	0	0	0	0
NG_074961.1	GIN-41-MGE-S217	0	0	0	0	0	0	0	0	0
NG_074960.1	GIN-41-MGE-S217	0	0	0	0	0	0	0	0	0
NG_074959.1	GIN-41-MGE-S217	0	0	0	0	0	0	0	0	0
NG_074958.1	GIN-41-MGE-S217	0	0	0	0	0	0	0	0	0
NG_074957.1	GIN-41-MGE-S217	0	0	0	0	0	0	0	0	0
NG_074956.1	GIN-41-MGE-S217	0	0	0	0	0	0	0	0	0
NG_074955.1	GIN-41-MGE-S217	0	0	0	0	0	0	0	0	0
NG_074954.1	GIN-41-MGE-S217	0	0	0	0	0	0	0	0	0
NG_074953.1	GIN-41-MGE-S217	0	0	0	0	0	0	0	0	0
NG_074952.1	GIN-41-MGE-S217	0	0	0	0	0	0	0	0	0
NG_074951.1	GIN-41-MGE-S217	0	0	0	0	0	0	0	0	0
NG_074950.1	GIN-41-MGE-S217	0	0	0	0	0	0	0	0	0
NG_074949.1	GIN-41-MGE-S217	0	0	0	0	0	0	0	0	0
NG_074948.1	GIN-41-MGE-S217	0	0	0	0	0	0	0	0	0
NG_074947.1	GIN-41-MGE-S217	0	0	0	0	0	0	0	0	0
NG_074946.1	GIN-41-MGE-S217	0	0	0	0	0	0	0	0	0
NG_074945.1	GIN-41-MGE-S217	0	0	0	0	0	0	0	0	0
NG_074944.1	GIN-41-MGE-S217	0	0	0	0	0	0	0	0	0
NG_074943.1	GIN-41-MGE-S217	0	0	0	0	0	0	0	0	0
NG_074942.1	GIN-41-MGE-S217	0	0	0	0	0	0	0	0	0
NG_074941.1	GIN-41-MGE-S217	0	0	0	0	0	0	0	0	0
NG_074940.1	GIN-41-MGE-S217	0	0	0	0	0	0	0	0	0
NG_074939.1	GIN-41-MGE-S217	0	0	0	0	0	0	0	0	0
NG_074938.1	GIN-41-MGE-S217	0	0	0	0	0	0	0	0	0
NG_074937.1	GIN-41-MGE-S217	0	0	0	0	0	0	0	0	0
NG_074936.1	GIN-41-MGE-S217	0	0	0	0	0	0	0	0	0
NG_074935.1	GIN-41-MGE-S217	0	0	0	0	0	0	0	0	0
NG_074934.1	GIN-41-MGE-S217	0	0	0	0	0	0	0	0	0
NG_074933.1	GIN-41-MGE-S217	0	0	0	0	0	0	0	0	0
NG_074932.1	GIN-41-MGE-S217	0	0	0	0	0	0	0	0	0
NG_074931.1	GIN-41-MGE-S217	0	0	0	0	0	0	0	0	0
NG_074930.1	GIN-41-MGE-S217	0	0	0	0	0	0	0	0	0
NG_074929.1	GIN-41-MGE-S217	0	0	0	0	0	0	0	0	0
NG_074928.1	GIN-41-MGE-S217	0	0	0	0	0	0	0	0	0
NG_074927.1	GIN-41-MGE-S217	0	0	0	0	0	0	0	0	0
NG_074926.1	GIN-41-MGE-S217	0	0	0	0	0	0	0	0	0
NG_074925.1	GIN-41-MGE-S217	0	0	0	0	0	0	0	0	0
NG_074924.1	GIN-41-MGE-S217	0	0	0	0	0	0	0	0	0
NG_074923.1	GIN-41-MGE-S217	0	0	0	0	0	0	0	0	0
NG_074922.1	GIN-41-MGE-S217	0	0	0	0	0	0	0	0	0
NG_074921.1	GIN-41-MGE-S217	0	0	0	0	0	0	0	0	0
NG_074920.1	GIN-41-MGE-S217	0	0	0	0	0	0	0	0	0
NG_074919.1	GIN-41-MGE-S217	0	0	0	0	0	0	0	0	0
NG_074918.1	GIN-41-MGE-S217	0	0	0	0	0	0	0	0	0
NG_074917.1	GIN-41-MGE-S217	0	0	0	0	0	0	0	0	0
NG_074916.1	GIN-41-MGE-S217	0	0	0	0	0	0	0	0	0
NG_074915.1	GIN-41-MGE-S217	0	0	0	0	0	0	0	0	0
NG_074914.1	GIN-41-MGE-S217	0	0	0	0	0	0	0	0	0
NG_074913.1	GIN-41-MGE-S217	0	0	0	0	0	0	0	0	0
NG_074912.1	GIN-41-MGE-S217	0	0	0	0	0	0	0	0	0
NG_074911.1	GIN-41-MGE-S217	0	0	0	0	0	0	0	0	0
NG_074910.1	GIN-41-MGE-S217	0	0	0	0	0	0	0	0	0
NG_074909.1	GIN-41-MGE-S217	0	0	0	0	0	0	0	0	0
NG_074908.1	GIN-41-MGE-S217	0	0	0	0	0	0	0	0	0
NG_074907.1	GIN-41-MGE-S217	0	0	0	0	0	0	0	0	0
NG_074906.1	GIN-41-MGE-S217	0	0	0	0	0	0	0	0	0
NG_074905.1	GIN-41-MGE-S217	0	0	0	0	0	0	0	0	0
NG_074904.1	GIN-41-MGE-S217	0	0	0	0	0	0	0	0	0
NG_074903.1	GIN-41-MGE-S217	0	0	0	0	0	0	0	0	0
NG_074902.1	GIN-41-MGE-S217	0	0	0	0	0	0	0	0	0
NG_074901.1	GIN-41-MGE-S217	0	0	0	0	0	0	0	0	0
NG_074900.1	GIN-41-MGE-S217	0	0	0	0	0	0	0	0	0
NG_074899.1	GIN-41-MGE-S217	0	0	0	0	0	0	0	0	0
NG_074898.1	GIN-41-MGE-S217	0	0	0	0	0	0	0	0	0
NG_074897.1	GIN-41-MGE-S217	0	0	0	0	0	0	0	0	0
NG_074896.1	GIN-41-MGE-S217	0	0	0	0	0	0	0	0	0
NG_074895.1	GIN-41-MGE-S217	0	0	0	0	0	0	0	0	0
NG_074894.1	GIN-41-MGE-S217	0	0	0	0	0	0	0	0	0
NG_074893.1	GIN-41-MGE-S217	0	0	0	0	0	0	0	0	0
NG_074892.1	GIN-41-MGE-S217	0	0	0	0	0	0	0	0	0
NG_074891.1	GIN-41-MGE-S217	0	0	0	0	0	0	0	0	0
NG_074890.1	GIN-41-MGE-S217	0	0	0	0	0	0	0	0	0
NG_074889.1	GIN-41-MGE-S217	0	0	0	0	0	0	0	0	0
NG_074888.1	GIN-41-MGE-S217	0	0	0	0	0	0	0	0	0
NG_074887.1	GIN-41-MGE-S217	0	0	0	0	0	0	0	0	0
NG_074886.1	GIN-41-MGE-S217	0	0	0	0	0	0	0	0	0
NG_074885.1	GIN-41-MGE-S217	0	0	0	0	0	0	0	0	0
NG_074884.1	GIN-41-MGE-S217	0	0	0	0	0	0	0	0	0
NG_074883.1	GIN-41-MGE-S217	0	0	0	0	0	0	0	0	0
NG_074882.1	GIN-41-MGE-S217	0	0	0	0	0	0	0	0	0
NG_074881.1	GIN-41-MGE-S217	0	0	0	0	0	0	0	0	0
NG_074880.1	GIN-41-MGE-S217	0	0	0	0	0	0	0	0	0
NG_074879.1	GIN-41-MGE-S217	0	0	0	0	0	0	0	0	0
NG_074878.1	GIN-41-MGE-S217	0	0	0	0	0	0	0	0	0
NG_070879.1	GIN-41-MGE-S217	0	0	0	0	0	0	0	0	0
NG_062659.1	GIN-41-MGE-S217	0	0	0	0	0	0	0	0	0
NG_065726.1	GIN-41-MGE-S217	0	0	0	0	0	0	0	0	0
NG_065724.1	GIN-41-MGE-S217	0	0	0	0	0	0	0	0	0
NG_065105.1	GIN-41-MGE-S217	0	0	0	0	0	0	0	0	0
NG_064992.1	GIN-41-MGE-S217	0	0	0	0	0	0	0	0	0
NG_062795.1	GIN-41-MGE-S217	0	0	0	0	0	0	0	0	0
NG_062360.1	GIN-41-MGE-S217	0	0	0	0	0	0	0	0	0
NG_062185.1	GIN-41-MGE-S217	0	0	0	0	0	0	0	0	0
NG_067693.1	GIN-41-MGE-S217	0	0	0	0	0	0	0	0	0
NG_073538.1	GIN-41-MGE-S217	0	0	0	0	0	0	0	0	0
NG_073517.1	GIN-41-MGE-S217	0	0	0	0	0	0	0	0	0
NG_073571.1	GIN-41-MGE-S217	0	0	0	0	0	0	0	0	0
NG_073570.1	GIN-41-MGE-S217	0	0	0	0	0	0	0	0	0
NG_073569.1	GIN-41-MGE-S217	0	0	0	0	0	0	0	0	0
NG_073568.1	GIN-41-MGE-S217	0	0	0	0	0	0	0	0	0
NG_073567.1	GIN-41-MGE-S217	0	0	0	0	0	0	0	0	0
NG_073566.1	GIN-41-MGE-S217	0	0	0	0	0	0	0	0	0
NG_073565.1	GIN-41-MGE-S217	0	0	0	0	0	0	0	0	0
NG_073564.1	GIN-41-MGE-S217	0	0	0	0	0	0	0	0	0
NG_073563.1	GIN-41-MGE-S217	0	0	0	0	0	0	0	0	0
NG_073562.1	GIN-41-MGE-S217	0	0	0	0	0	0	0	0	0
NG_073561.1	GIN-41-MGE-S217	0	0	0	0	0	0	0	0	0
NG_073560.1	GIN-41-MGE-S217	0	0	0	0	0	0	0	0	0
NG_073559.1	GIN-41-MGE-S217	0	0	0	0	0	0	0	0	0
NG_073558.1	GIN-41-MGE-S217	0	0	0	0	0	0	0	0	0
NG_073557.1	GIN-41-MGE-S217	0	0	0	0	0	0	0	0	0
NG_073556.1	GIN-41-MGE-S217	0	0	0	0	0	0	0	0	0
NG_073555.1	GIN-41-MGE-S217	0	0	0	0	0	0	0	0	0
NG_073554.1	GIN-41-MGE-S217	0	0	0	0	0	0	0	0	0
NG_073553.1	GIN-41-MGE-S217	0	0	0	0	0	0	0	0	0
NG_073552.1	GIN-41-MGE-S217	0	0	0	0	0	0	0	0	0
NG_073551.1	GIN-41-MGE-S217	0	0	0	0	0	0	0	0	0
NG_073550.1	GIN-41-MGE-S217	0	0	0	0	0	0	0	0	0
NG_073549.1	GIN-41-MGE-S217	0	0	0	0	0	0	0	0	0
NG_073548.1	GIN-41-MGE-S217	0	0	0	0	0	0	0	0	0
NG_073547.1	GIN-41-MGE-S217	0	0	0	0	0	0	0	0	0
NG_073546.1	GIN-41-MGE-S217	0	0	0	0	0	0	0	0	0
NG_073545.1	GIN-41-MGE-S217	0	0	0	0	0	0	0	0	0
NG_073544.1	GIN-41-MGE-S217	0	0	0	0	0	0	0	0	0
NG_073543.1	GIN-41-MGE-S217	0	0	0	0	0	0	0	0	0
NG_073542.1	GIN-41-MGE-S217	0	0	0	0	0	0	0	0	0
NG_073541.1	GIN-41-MGE-S217	0	0	0	0	0	0	0	0	0
NG_073540.1	GIN-41-MGE-S217	0	0	0	0	0	0	0	0	0
NG_073539.1	GIN-41-MGE-S217	0	0	0	0	0	0	0	0	0
NG_073537.1	GIN-41-MGE-S217	0	0	0	0	0	0	0	0	0
NG_073536.1	GIN-41-MGE-S217	0	0	0	0	0	0	0	0	0
NG_073535.1	GIN-41-MGE-S217	0	0	0	0	0	0	0	0	0
NG_073534.1	GIN-41-MGE-S217	0	0	0	0	0	0	0	0	0
NG_073533.1	GIN-41-MGE-S217	0	0	0	0	0	0	0	0	0
NG_073532.1	GIN-41-MGE-S217	0	0	0	0	0	0	0	0	0
NG_073531.1	GIN-41-MGE-S217	0	0	0	0	0	0	0	0	0
NG_073530.1	GIN-41-MGE-S217	0	0	0	0	0	0	0	0	0
NG_073529.1	GIN-41-MGE-S217	0	0	0	0	0	0	0	0	0
NG_073528.1	GIN-41-MGE-S217	0	0	0	0	0	0	0	0	0
NG_073527.1	GIN-41-MGE-S217	0	0	0	0	0	0	0	0	0
NG_073526.1	GIN-41-MGE-S217	0	0	0	0	0	0	0	0	0
NG_073525.1	GIN-41-MGE-S217	0	0	0	0	0	0	0	0	0
NG_073524.1	GIN-41-MGE-S217	0	0	0	0	0	0	0	0	0
NG_073523.1	GIN-41-MGE-S217	0	0	0	0	0	0	0	0	0
NG_073522.1	GIN-41-MGE-S217	0	0	0	0	0	0	0	0	0
NG_073521.1	GIN-41-MGE-S217	0	0	0	0	0	0	0	0	0
NG_073520.1	GIN-41-MGE-S217	0	0	0	0	0	0	0	0	0
NG_073519.1	GIN-41-MGE-S217	0	0	0	0	0	0	0	0	0
NG_073518.1	GIN-41-MGE-S217	0	0	0	0	0	0	0	0	0
NG_073516.1	GIN-41-MGE-S217	0	0	0	0	0	0	0	0	0
NG_073515.1	GIN-41-MGE-S217	0	0	0	0	0	0	0	0	0
NG_073514.1	GIN-41-MGE-S217	0	0	0	0	0	0	0	0	0
NG_073513.1	GIN-41-MGE-S217	0	0	0	0	0	0	0	0	0
NG_073512.1	GIN-41-MGE-S217	0	0	0	0	0	0	0	0	0
NG_073511.1	GIN-41-MGE-S217	0	0	0	0	0	0	0	0	0
NG_073510.1	GIN-41-MGE-S217	0	0	0	0	0	0	0	0	0
NG_073509.1	GIN-41-MGE-S217	0	0	0	0	0	0	0	0	0
NG_073508.1	GIN-41-MGE-S217	0	0	0	0	0	0	0	0	0
NG_073506.1	GIN-41-MGE-S217	0	0	0	0	0	0	0	0	0
NG_073505.1	GIN-41-MGE-S217	0	0	0	0	0	0	0	0	0
NG_073504.1	GIN-41-MGE-S217	0	0	0	0	0	0	0	0	0
NG_073503.1	GIN-41-MGE-S217	0	0	0	0	0	0	0	0	0
NG_073502.1	GIN-41-MGE-S217	0	0	0	0	0	0	0	0	0
NG_073500.1	GIN-41-MGE-S217	0	0	0	0	0	0	0	0	0
NG_073499.1	GIN-41-MGE-S217	0	0	0	0	0	0	0	0	0
NG_073498.1	GIN-41-MGE-S217	0	0	0	0	0	0	0	0	0
NG_073497.1	GIN-41-MGE-S217	0	0	0	0	0	0	0	0	0
NG_073496.1	GIN-41-MGE-S217	0	0	0	0	0	0	0	0	0
NG_073495.1	GIN-41-MGE-S217	0	0	0	0	0	0	0	0	0
NG_073494.1	GIN-41-MGE-S217	0	0	0	0	0	0	0	0	0
NG_073493.1	GIN-41-MGE-S217	0	0	0	0	0	0	0	0	0
NG_065091.1	GIN-41-MGE-S217	0	0	0	0	0	0	0	0	0
NG_065014.1	GIN-41-MGE-S217	0	0	0	0	0	0	0	0	0
NG_063584.1	GIN-41-MGE-S217	0	0	0	0	0	0	0	0	0
NG_062166.1	GIN-41-MGE-S217	0	0	0	0	0	0	0	0	0
NG_065069.1	GIN-41-MGE-S217	0	0	0	0	0	0	0	0	0
NG_070918.1	GIN-41-MGE-S217	0	0	0	0	0	0	0	0	0
NG_070917.1	GIN-41-MGE-S217	0	0	0	0	0	0	0	0	0
NG_070916.1	GIN-41-MGE-S217	0	0	0	0	0	0	0	0	0
NG_070915.1	GIN-41-MGE-S217	0	0	0	0	0	0	0	0	0
NG_070914.1	GIN-41-MGE-S217	0	0	0	0	0	0	0	0	0
NG_070913.1	GIN-41-MGE-S217	0	0	0	0	0	0	0	0	0
NG_070912.1	GIN-41-MGE-S217	0	0	0	0	0	0	0	0	0
NG_070911.1	GIN-41-MGE-S217	0	0	0	0	0	0	0	0	0
NG_070910.1	GIN-41-MGE-S217	0	0	0	0	0	0	0	0	0
NG_070908.1	GIN-41-MGE-S217	0	0	0	0	0	0	0	0	0
NG_070907.1	GIN-41-MGE-S217	0	0	0	0	0	0	0	0	0
NG_070906.1	GIN-41-MGE-S217	0	0	0	0	0	0	0	0	0
NG_070905.1	GIN-41-MGE-S217	0	0	0	0	0	0	0	0	0
NG_070903.1	GIN-41-MGE-S217	0	0	0	0	0	0	0	0	0
NG_070902.1	GIN-41-MGE-S217	0	0	0	0	0	0	0	0	0
NG_070901.1	GIN-41-MGE-S217	0	0	0	0	0	0	0	0	0
NG_070689.1	GIN-41-MGE-S217	0	0	0	0	0	0	0	0	0
NG_070276.1	GIN-41-MGE-S217	0	0	0	0	0	0	0	0	0
NG_070273.1	GIN-41-MGE-S217	0	0	0	0	0	0	0	0	0
NG_070271.1	GIN-41-MGE-S217	0	0	0	0	0	0	0	0	0
NG_070270.1	GIN-41-MGE-S217	0	0	0	0	0	0	0	0	0
NG_070269.1	GIN-41-MGE-S217	0	0	0	0	0	0	0	0	0
NG_070268.1	GIN-41-MGE-S217	0	0	0	0	0	0	0	0	0
NG_070267.1	GIN-41-MGE-S217	0	0	0	0	0	0	0	0	0
NG_070265.1	GIN-41-MGE-S217	0	0	0	0	0	0	0	0	0
NG_070263.1	GIN-41-MGE-S217	0	0	0	0	0	0	0	0	0
NG_070262.1	GIN-41-MGE-S217	0	0	0	0	0	0	0	0	0
NG_070261.1	GIN-41-MGE-S217	0	0	0	0	0	0	0	0	0
NG_070259.1	GIN-41-MGE-S217	0	0	0	0	0	0	0	0	0
NG_070257.1	GIN-41-MGE-S217	0	0	0	0	0	0	0	0	0
NG_070255.1	GIN-41-MGE-S217	0	0	0	0	0	0	0	0	0
NG_070254.1	GIN-41-MGE-S217	0	0	0	0	0	0	0	0	0
NG_070250.1	GIN-41-MGE-S217	0	0	0	0	0	0	0	0	0
NG_070247.1	GIN-41-MGE-S217	0	0	0	0	0	0	0	0	0
NG_070246.1	GIN-41-MGE-S217	0	0	0	0	0	0	0	0	0
NG_070242.1	GIN-41-MGE-S217	0	0	0	0	0	0	0	0	0
NG_065687.1	GIN-41-MGE-S217	0	0	0	0	0	0	0	0	0
NG_016524.2	GIN-41-MGE-S217	0	0	0	0	0	0	0	0	0
NG_070882.1	GIN-41-MGE-S217	0	0	0	0	0	0	0	0	0
NG_070881.1	GIN-41-MGE-S217	0	0	0	0	0	0	0	0	0
NG_070880.1	GIN-41-MGE-S217	0	0	0	0	0	0	0	0	0
NG_070878.1	GIN-41-MGE-S217	0	0	0	0	0	0	0	0	0
NG_070877.1	GIN-41-MGE-S217	0	0	0	0	0	0	0	0	0
NG_070876.1	GIN-41-MGE-S217	0	0	0	0	0	0	0	0	0
NG_070875.1	GIN-41-MGE-S217	0	0	0	0	0	0	0	0	0
NG_070874.1	GIN-41-MGE-S217	0	0	0	0	0	0	0	0	0
NG_070873.1	GIN-41-MGE-S217	0	0	0	0	0	0	0	0	0
NG_070871.1	GIN-41-MGE-S217	0	0	0	0	0	0	0	0	0
NG_070870.1	GIN-41-MGE-S217	0	0	0	0	0	0	0	0	0
NG_070869.1	GIN-41-MGE-S217	0	0	0	0	0	0	0	0	0
NG_070868.1	GIN-41-MGE-S217	0	0	0	0	0	0	0	0	0
NG_070867.1	GIN-41-MGE-S217	0	0	0	0	0	0	0	0	0
NG_070866.1	GIN-41-MGE-S217	0	0	0	0	0	0	0	0	0
NG_070865.1	GIN-41-MGE-S217	0	0	0	0	0	0	0	0	0
NG_070864.1	GIN-41-MGE-S217	0	0	0	0	0	0	0	0	0
NG_070862.1	GIN-41-MGE-S217	0	0	0	0	0	0	0	0	0
NG_070860.1	GIN-41-MGE-S217	0	0	0	0	0	0	0	0	0
NG_070859.1	GIN-41-MGE-S217	0	0	0	0	0	0	0	0	0
NG_070858.1	GIN-41-MGE-S217	0	0	0	0	0	0	0	0	0
NG_070857.1	GIN-41-MGE-S217	0	0	0	0	0	0	0	0	0
NG_070856.1	GIN-41-MGE-S217	0	0	0	0	0	0	0	0	0
NG_070855.1	GIN-41-MGE-S217	0	0	0	0	0	0	0	0	0
NG_070854.1	GIN-41-MGE-S217	0	0	0	0	0	0	0	0	0
NG_070853.1	GIN-41-MGE-S217	0	0	0	0	0	0	0	0	0
NG_070852.1	GIN-41-MGE-S217	0	0	0	0	0	0	0	0	0
NG_070851.1	GIN-41-MGE-S217	0	0	0	0	0	0	0	0	0
NG_070850.1	GIN-41-MGE-S217	0	0	0	0	0	0	0	0	0
NG_070849.1	GIN-41-MGE-S217	0	0	0	0	0	0	0	0	0
NG_070847.1	GIN-41-MGE-S217	0	0	0	0	0	0	0	0	0
NG_070863.1	GIN-41-MGE-S217	0	0	0	0	0	0	0	0	0
NG_070808.1	GIN-41-MGE-S217	0	0	0	0	0	0	0	0	0
NG_070807.1	GIN-41-MGE-S217	0	0	0	0	0	0	0	0	0
NG_070806.1	GIN-41-MGE-S217	0	0	0	0	0	0	0	0	0
NG_070805.1	GIN-41-MGE-S217	0	0	0	0	0	0	0	0	0
NG_070804.1	GIN-41-MGE-S217	0	0	0	0	0	0	0	0	0
NG_070803.1	GIN-41-MGE-S217	0	0	0	0	0	0	0	0	0
NG_070802.1	GIN-41-MGE-S217	0	0	0	0	0	0	0	0	0
NG_070801.1	GIN-41-MGE-S217	0	0	0	0	0	0	0	0	0
NG_070800.1	GIN-41-MGE-S217	0	0	0	0	0	0	0	0	0
NG_070799.1	GIN-41-MGE-S217	0	0	0	0	0	0	0	0	0
NG_070798.1	GIN-41-MGE-S217	0	0	0	0	0	0	0	0	0
NG_070797.1	GIN-41-MGE-S217	0	0	0	0	0	0	0	0	0
NG_070796.1	GIN-41-MGE-S217	0	0	0	0	0	0	0	0	0
NG_070795.1	GIN-41-MGE-S217	0	0	0	0	0	0	0	0	0
NG_070794.1	GIN-41-MGE-S217	0	0	0	0	0	0	0	0	0
NG_070793.1	GIN-41-MGE-S217	0	0	0	0	0	0	0	0	0
NG_070792.1	GIN-41-MGE-S217	0	0	0	0	0	0	0	0	0
NG_070791.1	GIN-41-MGE-S217	0	0	0	0	0	0	0	0	0
NG_070790.1	GIN-41-MGE-S217	0	0	0	0	0	0	0	0	0
NG_070788.1	GIN-41-MGE-S217	0	0	0	0	0	0	0	0	0
NG_070787.1	GIN-41-MGE-S217	0	0	0	0	0	0	0	0	0
NG_070789.1	GIN-41-MGE-S217	0	0	0	0	0	0	0	0	0
NG_065605.1	GIN-41-MGE-S217	0	0	0	0	0	0	0	0	0
NG_070697.1	GIN-41-MGE-S217	0	0	0	0	0	0	0	0	0
NG_070696.1	GIN-41-MGE-S217	0	0	0	0	0	0	0	0	0
NG_070695.1	GIN-41-MGE-S217	0	0	0	0	0	0	0	0	0
NG_070694.1	GIN-41-MGE-S217	0	0	0	0	0	0	0	0	0
NG_070693.1	GIN-41-MGE-S217	0	0	0	0	0	0	0	0	0
NG_070692.1	GIN-41-MGE-S217	0	0	0	0	0	0	0	0	0
NG_070691.1	GIN-41-MGE-S217	0	0	0	0	0	0	0	0	0
NG_070690.1	GIN-41-MGE-S217	0	0	0	0	0	0	0	0	0
NG_070687.1	GIN-41-MGE-S217	0	0	0	0	0	0	0	0	0
NG_070686.1	GIN-41-MGE-S217	0	0	0	0	0	0	0	0	0
NG_070685.1	GIN-41-MGE-S217	0	0	0	0	0	0	0	0	0
NG_070684.1	GIN-41-MGE-S217	0	0	0	0	0	0	0	0	0
NG_070682.1	GIN-41-MGE-S217	0	0	0	0	0	0	0	0	0
NG_070681.1	GIN-41-MGE-S217	0	0	0	0	0	0	0	0	0
NG_070680.1	GIN-41-MGE-S217	0	0	0	0	0	0	0	0	0
NG_070679.1	GIN-41-MGE-S217	0	0	0	0	0	0	0	0	0
NG_070678.1	GIN-41-MGE-S217	0	0	0	0	0	0	0	0	0
NG_070677.1	GIN-41-MGE-S217	0	0	0	0	0	0	0	0	0
NG_070676.1	GIN-41-MGE-S217	0	0	0	0	0	0	0	0	0
NG_070675.1	GIN-41-MGE-S217	0	0	0	0	0	0	0	0	0
NG_070674.1	GIN-41-MGE-S217	0	0	0	0	0	0	0	0	0
NG_070673.1	GIN-41-MGE-S217	0	0	0	0	0	0	0	0	0
NG_070672.1	GIN-41-MGE-S217	0	0	0	0	0	0	0	0	0
NG_070671.1	GIN-41-MGE-S217	0	0	0	0	0	0	0	0	0
NG_070670.1	GIN-41-MGE-S217	0	0	0	0	0	0	0	0	0
NG_070669.1	GIN-41-MGE-S217	0	0	0	0	0	0	0	0	0
NG_070668.1	GIN-41-MGE-S217	0	0	0	0	0	0	0	0	0
NG_070665.1	GIN-41-MGE-S217	0	0	0	0	0	0	0	0	0
NG_070664.1	GIN-41-MGE-S217	0	0	0	0	0	0	0	0	0
NG_070663.1	GIN-41-MGE-S217	0	0	0	0	0	0	0	0	0
NG_070662.1	GIN-41-MGE-S217	0	0	0	0	0	0	0	0	0
NG_070661.1	GIN-41-MGE-S217	0	0	0	0	0	0	0	0	0
NG_070660.1	GIN-41-MGE-S217	0	0	0	0	0	0	0	0	0
NG_070659.1	GIN-41-MGE-S217	0	0	0	0	0	0	0	0	0
NG_070658.1	GIN-41-MGE-S217	0	0	0	0	0	0	0	0	0
NG_070657.1	GIN-41-MGE-S217	0	0	0	0	0	0	0	0	0
NG_070654.1	GIN-41-MGE-S217	0	0	0	0	0	0	0	0	0
NG_070653.1	GIN-41-MGE-S217	0	0	0	0	0	0	0	0	0
NG_070652.1	GIN-41-MGE-S217	0	0	0	0	0	0	0	0	0
NG_070651.1	GIN-41-MGE-S217	0	0	0	0	0	0	0	0	0
NG_070650.1	GIN-41-MGE-S217	0	0	0	0	0	0	0	0	0
NG_070649.1	GIN-41-MGE-S217	0	0	0	0	0	0	0	0	0
NG_070647.1	GIN-41-MGE-S217	0	0	0	0	0	0	0	0	0
NG_070646.1	GIN-41-MGE-S217	0	0	0	0	0	0	0	0	0
NG_070645.1	GIN-41-MGE-S217	0	0	0	0	0	0	0	0	0
NG_070644.1	GIN-41-MGE-S217	0	0	0	0	0	0	0	0	0
NG_070643.1	GIN-41-MGE-S217	0	0	0	0	0	0	0	0	0
NG_070642.1	GIN-41-MGE-S217	0	0	0	0	0	0	0	0	0
NG_070641.1	GIN-41-MGE-S217	0	0	0	0	0	0	0	0	0
NG_070640.1	GIN-41-MGE-S217	0	0	0	0	0	0	0	0	0
NG_070639.1	GIN-41-MGE-S217	0	0	0	0	0	0	0	0	0
NG_070638.1	GIN-41-MGE-S217	0	0	0	0	0	0	0	0	0
NG_070637.1	GIN-41-MGE-S217	0	0	0	0	0	0	0	0	0
NG_070635.1	GIN-41-MGE-S217	0	0	0	0	0	0	0	0	0
NG_070634.1	GIN-41-MGE-S217	0	0	0	0	0	0	0	0	0
NG_070633.1	GIN-41-MGE-S217	0	0	0	0	0	0	0	0	0
NG_070666.1	GIN-41-MGE-S217	0	0	0	0	0	0	0	0	0
NG_070636.1	GIN-41-MGE-S217	0	0	0	0	0	0	0	0	0
NG_062677.1	GIN-41-MGE-S217	0	0	0	0	0	0	0	0	0
NG_061000.1	GIN-41-MGE-S217	0	0	0	0	0	0	0	0	0
NG_063530.1	GIN-41-MGE-S217	0	0	0	0	0	0	0	0	0
NG_070349.1	GIN-41-MGE-S217	0	0	0	0	0	0	0	0	0
NG_070348.1	GIN-41-MGE-S217	0	0	0	0	0	0	0	0	0
NG_070347.1	GIN-41-MGE-S217	0	0	0	0	0	0	0	0	0
NG_070346.1	GIN-41-MGE-S217	0	0	0	0	0	0	0	0	0
NG_070345.1	GIN-41-MGE-S217	0	0	0	0	0	0	0	0	0
NG_070344.1	GIN-41-MGE-S217	0	0	0	0	0	0	0	0	0
NG_070343.1	GIN-41-MGE-S217	0	0	0	0	0	0	0	0	0
NG_070342.1	GIN-41-MGE-S217	0	0	0	0	0	0	0	0	0
NG_070341.1	GIN-41-MGE-S217	0	0	0	0	0	0	0	0	0
NG_070340.1	GIN-41-MGE-S217	0	0	0	0	0	0	0	0	0
NG_070339.1	GIN-41-MGE-S217	0	0	0	0	0	0	0	0	0
NG_070338.1	GIN-41-MGE-S217	0	0	0	0	0	0	0	0	0
NG_070337.1	GIN-41-MGE-S217	0	0	0	0	0	0	0	0	0
NG_070336.1	GIN-41-MGE-S217	0	0	0	0	0	0	0	0	0
NG_070335.1	GIN-41-MGE-S217	0	0	0	0	0	0	0	0	0
NG_070334.1	GIN-41-MGE-S217	0	0	0	0	0	0	0	0	0
NG_070333.1	GIN-41-MGE-S217	0	0	0	0	0	0	0	0	0
NG_070332.1	GIN-41-MGE-S217	0	0	0	0	0	0	0	0	0
NG_070331.1	GIN-41-MGE-S217	0	0	0	0	0	0	0	0	0
NG_070330.1	GIN-41-MGE-S217	0	0	0	0	0	0	0	0	0
NG_070329.1	GIN-41-MGE-S217	0	0	0	0	0	0	0	0	0
NG_070328.1	GIN-41-MGE-S217	0	0	0	0	0	0	0	0	0
NG_070327.1	GIN-41-MGE-S217	0	0	0	0	0	0	0	0	0
NG_070326.1	GIN-41-MGE-S217	0	0	0	0	0	0	0	0	0
NG_070325.1	GIN-41-MGE-S217	0	0	0	0	0	0	0	0	0
NG_070324.1	GIN-41-MGE-S217	0	0	0	0	0	0	0	0	0
NG_070323.1	GIN-41-MGE-S217	0	0	0	0	0	0	0	0	0
NG_070322.1	GIN-41-MGE-S217	0	0	0	0	0	0	0	0	0
NG_070321.1	GIN-41-MGE-S217	0	0	0	0	0	0	0	0	0
NG_070320.1	GIN-41-MGE-S217	0	0	0	0	0	0	0	0	0
NG_070319.1	GIN-41-MGE-S217	0	0	0	0	0	0	0	0	0
NG_070318.1	GIN-41-MGE-S217	0	0	0	0	0	0	0	0	0
NG_070317.1	GIN-41-MGE-S217	0	0	0	0	0	0	0	0	0
NG_070316.1	GIN-41-MGE-S217	0	0	0	0	0	0	0	0	0
NG_070315.1	GIN-41-MGE-S217	0	0	0	0	0	0	0	0	0
NG_070314.1	GIN-41-MGE-S217	0	0	0	0	0	0	0	0	0
NG_070313.1	GIN-41-MGE-S217	0	0	0	0	0	0	0	0	0
NG_070312.1	GIN-41-MGE-S217	0	0	0	0	0	0	0	0	0
NG_070311.1	GIN-41-MGE-S217	0	0	0	0	0	0	0	0	0
NG_070310.1	GIN-41-MGE-S217	0	0	0	0	0	0	0	0	0
NG_070309.1	GIN-41-MGE-S217	0	0	0	0	0	0	0	0	0
NG_070308.1	GIN-41-MGE-S217	0	0	0	0	0	0	0	0	0
NG_070307.1	GIN-41-MGE-S217	0	0	0	0	0	0	0	0	0
NG_070306.1	GIN-41-MGE-S217	0	0	0	0	0	0	0	0	0
NG_070305.1	GIN-41-MGE-S217	0	0	0	0	0	0	0	0	0
NG_070304.1	GIN-41-MGE-S217	0	0	0	0	0	0	0	0	0
NG_070303.1	GIN-41-MGE-S217	0	0	0	0	0	0	0	0	0
NG_070302.1	GIN-41-MGE-S217	0	0	0	0	0	0	0	0	0
NG_070301.1	GIN-41-MGE-S217	0	0	0	0	0	0	0	0	0
NG_070300.1	GIN-41-MGE-S217	0	0	0	0	0	0	0	0	0
NG_070299.1	GIN-41-MGE-S217	0	0	0	0	0	0	0	0	0
NG_070298.1	GIN-41-MGE-S217	0	0	0	0	0	0	0	0	0
NG_070297.1	GIN-41-MGE-S217	0	0	0	0	0	0	0	0	0
NG_070296.1	GIN-41-MGE-S217	0	0	0	0	0	0	0	0	0
NG_070295.1	GIN-41-MGE-S217	0	0	0	0	0	0	0	0	0
NG_070294.1	GIN-41-MGE-S217	0	0	0	0	0	0	0	0	0
NG_070293.1	GIN-41-MGE-S217	0	0	0	0	0	0	0	0	0
NG_070292.1	GIN-41-MGE-S217	0	0	0	0	0	0	0	0	0
NG_070291.1	GIN-41-MGE-S217	0	0	0	0	0	0	0	0	0
NG_070290.1	GIN-41-MGE-S217	0	0	0	0	0	0	0	0	0
NG_070289.1	GIN-41-MGE-S217	0	0	0	0	0	0	0	0	0
NG_070288.1	GIN-41-MGE-S217	0	0	0	0	0	0	0	0	0
NG_070287.1	GIN-41-MGE-S217	0	0	0	0	0	0	0	0	0
NG_070286.1	GIN-41-MGE-S217	0	0	0	0	0	0	0	0	0
NG_070285.1	GIN-41-MGE-S217	0	0	0	0	0	0	0	0	0
NG_070284.1	GIN-41-MGE-S217	0	0	0	0	0	0	0	0	0
NG_070283.1	GIN-41-MGE-S217	0	0	0	0	0	0	0	0	0
NG_070282.1	GIN-41-MGE-S217	0	0	0	0	0	0	0	0	0
NG_070281.1	GIN-41-MGE-S217	0	0	0	0	0	0	0	0	0
NG_070280.1	GIN-41-MGE-S217	0	0	0	0	0	0	0	0	0
NG_070279.1	GIN-41-MGE-S217	0	0	0	0	0	0	0	0	0
NG_070278.1	GIN-41-MGE-S217	0	0	0	0	0	0	0	0	0
NG_070277.1	GIN-41-MGE-S217	0	0	0	0	0	0	0	0	0
NG_070275.1	GIN-41-MGE-S217	0	0	0	0	0	0	0	0	0
NG_070274.1	GIN-41-MGE-S217	0	0	0	0	0	0	0	0	0
NG_070272.1	GIN-41-MGE-S217	0	0	0	0	0	0	0	0	0
NG_070266.1	GIN-41-MGE-S217	0	0	0	0	0	0	0	0	0
NG_070260.1	GIN-41-MGE-S217	0	0	0	0	0	0	0	0	0
NG_070258.1	GIN-41-MGE-S217	0	0	0	0	0	0	0	0	0
NG_070256.1	GIN-41-MGE-S217	0	0	0	0	0	0	0	0	0
NG_070253.1	GIN-41-MGE-S217	0	0	0	0	0	0	0	0	0
NG_070252.1	GIN-41-MGE-S217	0	0	0	0	0	0	0	0	0
NG_070251.1	GIN-41-MGE-S217	0	0	0	0	0	0	0	0	0
NG_070249.1	GIN-41-MGE-S217	0	0	0	0	0	0	0	0	0
NG_070248.1	GIN-41-MGE-S217	0	0	0	0	0	0	0	0	0
NG_070245.1	GIN-41-MGE-S217	0	0	0	0	0	0	0	0	0
NG_070244.1	GIN-41-MGE-S217	0	0	0	0	0	0	0	0	0
NG_070241.1	GIN-41-MGE-S217	0	0	0	0	0	0	0	0	0
NG_070240.1	GIN-41-MGE-S217	0	0	0	0	0	0	0	0	0
NG_070239.1	GIN-41-MGE-S217	0	0	0	0	0	0	0	0	0
NG_070238.1	GIN-41-MGE-S217	0	0	0	0	0	0	0	0	0
NG_070237.1	GIN-41-MGE-S217	0	0	0	0	0	0	0	0	0
NG_070236.1	GIN-41-MGE-S217	0	0	0	0	0	0	0	0	0
NG_070235.1	GIN-41-MGE-S217	0	0	0	0	0	0	0	0	0
NG_070234.1	GIN-41-MGE-S217	0	0	0	0	0	0	0	0	0
NG_070233.1	GIN-41-MGE-S217	0	0	0	0	0	0	0	0	0
NG_070232.1	GIN-41-MGE-S217	0	0	0	0	0	0	0	0	0
NG_070231.1	GIN-41-MGE-S217	0	0	0	0	0	0	0	0	0
NG_064913.1	GIN-41-MGE-S217	0	0	0	0	0	0	0	0	0
NG_062819.1	GIN-41-MGE-S217	0	0	0	0	0	0	0	0	0
NG_070172.1	GIN-41-MGE-S217	0	0	0	0	0	0	0	0	0
NG_070171.1	GIN-41-MGE-S217	0	0	0	0	0	0	0	0	0
NG_070170.1	GIN-41-MGE-S217	0	0	0	0	0	0	0	0	0
NG_070169.1	GIN-41-MGE-S217	0	0	0	0	0	0	0	0	0
NG_070168.1	GIN-41-MGE-S217	0	0	0	0	0	0	0	0	0
NG_070167.1	GIN-41-MGE-S217	0	0	0	0	0	0	0	0	0
NG_070166.1	GIN-41-MGE-S217	0	0	0	0	0	0	0	0	0
NG_070164.1	GIN-41-MGE-S217	0	0	0	0	0	0	0	0	0
NG_070163.1	GIN-41-MGE-S217	0	0	0	0	0	0	0	0	0
NG_070162.1	GIN-41-MGE-S217	0	0	0	0	0	0	0	0	0
NG_070161.1	GIN-41-MGE-S217	0	0	0	0	0	0	0	0	0
NG_070160.1	GIN-41-MGE-S217	0	0	0	0	0	0	0	0	0
NG_070159.1	GIN-41-MGE-S217	0	0	0	0	0	0	0	0	0
NG_070158.1	GIN-41-MGE-S217	0	0	0	0	0	0	0	0	0
NG_070157.1	GIN-41-MGE-S217	0	0	0	0	0	0	0	0	0
NG_070156.1	GIN-41-MGE-S217	0	0	0	0	0	0	0	0	0
NG_070155.1	GIN-41-MGE-S217	0	0	0	0	0	0	0	0	0
NG_070154.1	GIN-41-MGE-S217	0	0	0	0	0	0	0	0	0
NG_070153.1	GIN-41-MGE-S217	0	0	0	0	0	0	0	0	0
NG_070152.1	GIN-41-MGE-S217	0	0	0	0	0	0	0	0	0
NG_070151.1	GIN-41-MGE-S217	0	0	0	0	0	0	0	0	0
NG_070150.1	GIN-41-MGE-S217	0	0	0	0	0	0	0	0	0
NG_070149.1	GIN-41-MGE-S217	0	0	0	0	0	0	0	0	0
NG_070148.1	GIN-41-MGE-S217	0	0	0	0	0	0	0	0	0
NG_070147.1	GIN-41-MGE-S217	0	0	0	0	0	0	0	0	0
NG_070146.1	GIN-41-MGE-S217	0	0	0	0	0	0	0	0	0
NG_070145.1	GIN-41-MGE-S217	0	0	0	0	0	0	0	0	0
NG_070144.1	GIN-41-MGE-S217	0	0	0	0	0	0	0	0	0
NG_070143.1	GIN-41-MGE-S217	0	0	0	0	0	0	0	0	0
NG_070142.1	GIN-41-MGE-S217	0	0	0	0	0	0	0	0	0
NG_070141.1	GIN-41-MGE-S217	0	0	0	0	0	0	0	0	0
NG_070140.1	GIN-41-MGE-S217	0	0	0	0	0	0	0	0	0
NG_070139.1	GIN-41-MGE-S217	0	0	0	0	0	0	0	0	0
NG_070138.1	GIN-41-MGE-S217	0	0	0	0	0	0	0	0	0
NG_070137.1	GIN-41-MGE-S217	0	0	0	0	0	0	0	0	0
NG_070136.1	GIN-41-MGE-S217	0	0	0	0	0	0	0	0	0
NG_070135.1	GIN-41-MGE-S217	0	0	0	0	0	0	0	0	0
NG_070134.1	GIN-41-MGE-S217	0	0	0	0	0	0	0	0	0
NG_070133.1	GIN-41-MGE-S217	0	0	0	0	0	0	0	0	0
NG_070132.1	GIN-41-MGE-S217	0	0	0	0	0	0	0	0	0
NG_070131.1	GIN-41-MGE-S217	0	0	0	0	0	0	0	0	0
NG_070130.1	GIN-41-MGE-S217	0	0	0	0	0	0	0	0	0
NG_070129.1	GIN-41-MGE-S217	0	0	0	0	0	0	0	0	0
NG_070128.1	GIN-41-MGE-S217	0	0	0	0	0	0	0	0	0
NG_070127.1	GIN-41-MGE-S217	0	0	0	0	0	0	0	0	0
NG_070124.1	GIN-41-MGE-S217	0	0	0	0	0	0	0	0	0
NG_070122.1	GIN-41-MGE-S217	0	0	0	0	0	0	0	0	0
NG_070121.1	GIN-41-MGE-S217	0	0	0	0	0	0	0	0	0
NG_070120.1	GIN-41-MGE-S217	0	0	0	0	0	0	0	0	0
NG_070119.1	GIN-41-MGE-S217	0	0	0	0	0	0	0	0	0
NG_070118.1	GIN-41-MGE-S217	0	0	0	0	0	0	0	0	0
NG_070117.1	GIN-41-MGE-S217	0	0	0	0	0	0	0	0	0
NG_070116.1	GIN-41-MGE-S217	0	0	0	0	0	0	0	0	0
NG_070115.1	GIN-41-MGE-S217	0	0	0	0	0	0	0	0	0
NG_070114.1	GIN-41-MGE-S217	0	0	0	0	0	0	0	0	0
NG_070113.1	GIN-41-MGE-S217	0	0	0	0	0	0	0	0	0
NG_070112.1	GIN-41-MGE-S217	0	0	0	0	0	0	0	0	0
NG_070111.1	GIN-41-MGE-S217	0	0	0	0	0	0	0	0	0
NG_070110.1	GIN-41-MGE-S217	0	0	0	0	0	0	0	0	0
NG_070109.1	GIN-41-MGE-S217	0	0	0	0	0	0	0	0	0
NG_070108.1	GIN-41-MGE-S217	0	0	0	0	0	0	0	0	0
NG_070107.1	GIN-41-MGE-S217	0	0	0	0	0	0	0	0	0
NG_070106.1	GIN-41-MGE-S217	0	0	0	0	0	0	0	0	0
NG_070102.1	GIN-41-MGE-S217	0	0	0	0	0	0	0	0	0
NG_070101.1	GIN-41-MGE-S217	0	0	0	0	0	0	0	0	0
NG_070105.1	GIN-41-MGE-S217	0	0	0	0	0	0	0	0	0
NG_070104.1	GIN-41-MGE-S217	0	0	0	0	0	0	0	0	0
NG_070103.1	GIN-41-MGE-S217	0	0	0	0	0	0	0	0	0
NG_062730.1	GIN-41-MGE-S217	0	0	0	0	0	0	0	0	0
NG_064857.1	GIN-41-MGE-S217	0	0	0	0	0	0	0	0	0
NG_063648.1	GIN-41-MGE-S217	0	0	0	0	0	0	0	0	0
NG_063549.1	GIN-41-MGE-S217	0	0	0	0	0	0	0	0	0
NG_063521.1	GIN-41-MGE-S217	0	0	0	0	0	0	0	0	0
NG_063326.1	GIN-41-MGE-S217	0	0	0	0	0	0	0	0	0
NG_063015.1	GIN-41-MGE-S217	0	0	0	0	0	0	0	0	0
NG_062040.1	GIN-41-MGE-S217	0	0	0	0	0	0	0	0	0
NG_063612.1	GIN-41-MGE-S217	0	0	0	0	0	0	0	0	0
NG_063604.1	GIN-41-MGE-S217	0	0	0	0	0	0	0	0	0
NG_068428.1	GIN-41-MGE-S217	0	0	0	0	0	0	0	0	0
NG_068423.1	GIN-41-MGE-S217	0	0	0	0	0	0	0	0	0
NG_068422.1	GIN-41-MGE-S217	0	0	0	0	0	0	0	0	0
NG_068419.1	GIN-41-MGE-S217	0	0	0	0	0	0	0	0	0
NG_068418.1	GIN-41-MGE-S217	0	0	0	0	0	0	0	0	0
NG_068417.1	GIN-41-MGE-S217	0	0	0	0	0	0	0	0	0
NG_068416.1	GIN-41-MGE-S217	0	0	0	0	0	0	0	0	0
NG_068402.1	GIN-41-MGE-S217	0	0	0	0	0	0	0	0	0
NG_068401.1	GIN-41-MGE-S217	0	0	0	0	0	0	0	0	0
NG_068400.1	GIN-41-MGE-S217	0	0	0	0	0	0	0	0	0
NG_068399.1	GIN-41-MGE-S217	0	0	0	0	0	0	0	0	0
NG_068382.1	GIN-41-MGE-S217	0	0	0	0	0	0	0	0	0
NG_068381.1	GIN-41-MGE-S217	0	0	0	0	0	0	0	0	0
NG_068380.1	GIN-41-MGE-S217	0	0	0	0	0	0	0	0	0
NG_068379.1	GIN-41-MGE-S217	0	0	0	0	0	0	0	0	0
NG_068378.1	GIN-41-MGE-S217	0	0	0	0	0	0	0	0	0
NG_068377.1	GIN-41-MGE-S217	0	0	0	0	0	0	0	0	0
NG_068375.1	GIN-41-MGE-S217	0	0	0	0	0	0	0	0	0
NG_068374.1	GIN-41-MGE-S217	0	0	0	0	0	0	0	0	0
NG_068373.1	GIN-41-MGE-S217	0	0	0	0	0	0	0	0	0
NG_068372.1	GIN-41-MGE-S217	0	0	0	0	0	0	0	0	0
NG_068371.1	GIN-41-MGE-S217	0	0	0	0	0	0	0	0	0
NG_068370.1	GIN-41-MGE-S217	0	0	0	0	0	0	0	0	0
NG_068369.1	GIN-41-MGE-S217	0	0	0	0	0	0	0	0	0
NG_068368.1	GIN-41-MGE-S217	0	0	0	0	0	0	0	0	0
NG_068367.1	GIN-41-MGE-S217	0	0	0	0	0	0	0	0	0
NG_068364.1	GIN-41-MGE-S217	0	0	0	0	0	0	0	0	0
NG_068363.1	GIN-41-MGE-S217	0	0	0	0	0	0	0	0	0
NG_068362.1	GIN-41-MGE-S217	0	0	0	0	0	0	0	0	0
NG_068361.1	GIN-41-MGE-S217	0	0	0	0	0	0	0	0	0
NG_068360.1	GIN-41-MGE-S217	0	0	0	0	0	0	0	0	0
NG_063636.1	GIN-41-MGE-S217	0	0	0	0	0	0	0	0	0
NG_068429.1	GIN-41-MGE-S217	0	0	0	0	0	0	0	0	0
NG_068427.1	GIN-41-MGE-S217	0	0	0	0	0	0	0	0	0
NG_068426.1	GIN-41-MGE-S217	0	0	0	0	0	0	0	0	0
NG_068425.1	GIN-41-MGE-S217	0	0	0	0	0	0	0	0	0
NG_068424.1	GIN-41-MGE-S217	0	0	0	0	0	0	0	0	0
NG_068421.1	GIN-41-MGE-S217	0	0	0	0	0	0	0	0	0
NG_068420.1	GIN-41-MGE-S217	0	0	0	0	0	0	0	0	0
NG_068415.1	GIN-41-MGE-S217	0	0	0	0	0	0	0	0	0
NG_068414.1	GIN-41-MGE-S217	0	0	0	0	0	0	0	0	0
NG_068413.1	GIN-41-MGE-S217	0	0	0	0	0	0	0	0	0
NG_068412.1	GIN-41-MGE-S217	0	0	0	0	0	0	0	0	0
NG_068411.1	GIN-41-MGE-S217	0	0	0	0	0	0	0	0	0
NG_068410.1	GIN-41-MGE-S217	0	0	0	0	0	0	0	0	0
NG_068409.1	GIN-41-MGE-S217	0	0	0	0	0	0	0	0	0
NG_068408.1	GIN-41-MGE-S217	0	0	0	0	0	0	0	0	0
NG_068407.1	GIN-41-MGE-S217	0	0	0	0	0	0	0	0	0
NG_068406.1	GIN-41-MGE-S217	0	0	0	0	0	0	0	0	0
NG_068405.1	GIN-41-MGE-S217	0	0	0	0	0	0	0	0	0
NG_068404.1	GIN-41-MGE-S217	0	0	0	0	0	0	0	0	0
NG_068403.1	GIN-41-MGE-S217	0	0	0	0	0	0	0	0	0
NG_068398.1	GIN-41-MGE-S217	0	0	0	0	0	0	0	0	0
NG_068397.1	GIN-41-MGE-S217	0	0	0	0	0	0	0	0	0
NG_068396.1	GIN-41-MGE-S217	0	0	0	0	0	0	0	0	0
NG_068395.1	GIN-41-MGE-S217	0	0	0	0	0	0	0	0	0
NG_068394.1	GIN-41-MGE-S217	0	0	0	0	0	0	0	0	0
NG_068393.1	GIN-41-MGE-S217	0	0	0	0	0	0	0	0	0
NG_068392.1	GIN-41-MGE-S217	0	0	0	0	0	0	0	0	0
NG_068391.1	GIN-41-MGE-S217	0	0	0	0	0	0	0	0	0
NG_068390.1	GIN-41-MGE-S217	0	0	0	0	0	0	0	0	0
NG_068389.1	GIN-41-MGE-S217	0	0	0	0	0	0	0	0	0
NG_068388.1	GIN-41-MGE-S217	0	0	0	0	0	0	0	0	0
NG_068387.1	GIN-41-MGE-S217	0	0	0	0	0	0	0	0	0
NG_068386.1	GIN-41-MGE-S217	0	0	0	0	0	0	0	0	0
NG_068385.1	GIN-41-MGE-S217	0	0	0	0	0	0	0	0	0
NG_068384.1	GIN-41-MGE-S217	0	0	0	0	0	0	0	0	0
NG_068376.1	GIN-41-MGE-S217	0	0	0	0	0	0	0	0	0
NG_068366.1	GIN-41-MGE-S217	0	0	0	0	0	0	0	0	0
NG_068365.1	GIN-41-MGE-S217	0	0	0	0	0	0	0	0	0
NG_068383.1	GIN-41-MGE-S217	0	0	0	0	0	0	0	0	0
NG_065592.1	GIN-41-MGE-S217	0	0	0	0	0	0	0	0	0
NG_065591.1	GIN-41-MGE-S217	0	0	0	0	0	0	0	0	0
NG_065590.1	GIN-41-MGE-S217	0	0	0	0	0	0	0	0	0
NG_065487.1	GIN-41-MGE-S217	0	0	0	0	0	0	0	0	0
NG_064893.1	GIN-41-MGE-S217	0	0	0	0	0	0	0	0	0
NG_064892.1	GIN-41-MGE-S217	0	0	0	0	0	0	0	0	0
NG_063595.1	GIN-41-MGE-S217	0	0	0	0	0	0	0	0	0
NG_063248.1	GIN-41-MGE-S217	0	0	0	0	0	0	0	0	0
NG_062857.1	GIN-41-MGE-S217	0	0	0	0	0	0	0	0	0
NG_062642.1	GIN-41-MGE-S217	0	0	0	0	0	0	0	0	0
NG_067729.1	GIN-41-MGE-S217	0	0	0	0	0	0	0	0	0
NG_067728.1	GIN-41-MGE-S217	0	0	0	0	0	0	0	0	0
NG_067727.1	GIN-41-MGE-S217	0	0	0	0	0	0	0	0	0
NG_067726.1	GIN-41-MGE-S217	0	0	0	0	0	0	0	0	0
NG_067725.1	GIN-41-MGE-S217	0	0	0	0	0	0	0	0	0
NG_067724.1	GIN-41-MGE-S217	0	0	0	0	0	0	0	0	0
NG_067723.1	GIN-41-MGE-S217	0	0	0	0	0	0	0	0	0
NG_067722.1	GIN-41-MGE-S217	0	0	0	0	0	0	0	0	0
NG_067721.1	GIN-41-MGE-S217	0	0	0	0	0	0	0	0	0
NG_067720.1	GIN-41-MGE-S217	0	0	0	0	0	0	0	0	0
NG_067719.1	GIN-41-MGE-S217	0	0	0	0	0	0	0	0	0
NG_067718.1	GIN-41-MGE-S217	0	0	0	0	0	0	0	0	0
NG_067717.1	GIN-41-MGE-S217	0	0	0	0	0	0	0	0	0
NG_067716.1	GIN-41-MGE-S217	0	0	0	0	0	0	0	0	0
NG_067715.1	GIN-41-MGE-S217	0	0	0	0	0	0	0	0	0
NG_067714.1	GIN-41-MGE-S217	0	0	0	0	0	0	0	0	0
NG_067713.1	GIN-41-MGE-S217	0	0	0	0	0	0	0	0	0
NG_067712.1	GIN-41-MGE-S217	0	0	0	0	0	0	0	0	0
NG_067711.1	GIN-41-MGE-S217	0	0	0	0	0	0	0	0	0
NG_067710.1	GIN-41-MGE-S217	0	0	0	0	0	0	0	0	0
NG_067709.1	GIN-41-MGE-S217	0	0	0	0	0	0	0	0	0
NG_067708.1	GIN-41-MGE-S217	0	0	0	0	0	0	0	0	0
NG_067707.1	GIN-41-MGE-S217	0	0	0	0	0	0	0	0	0
NG_067706.1	GIN-41-MGE-S217	0	0	0	0	0	0	0	0	0
NG_067705.1	GIN-41-MGE-S217	0	0	0	0	0	0	0	0	0
NG_067704.1	GIN-41-MGE-S217	0	0	0	0	0	0	0	0	0
NG_067703.1	GIN-41-MGE-S217	0	0	0	0	0	0	0	0	0
NG_067702.1	GIN-41-MGE-S217	0	0	0	0	0	0	0	0	0
NG_067701.1	GIN-41-MGE-S217	0	0	0	0	0	0	0	0	0
NG_067700.1	GIN-41-MGE-S217	0	0	0	0	0	0	0	0	0
NG_067699.1	GIN-41-MGE-S217	0	0	0	0	0	0	0	0	0
NG_067698.1	GIN-41-MGE-S217	0	0	0	0	0	0	0	0	0
NG_067697.1	GIN-41-MGE-S217	0	0	0	0	0	0	0	0	0
NG_067696.1	GIN-41-MGE-S217	0	0	0	0	0	0	0	0	0
NG_067695.1	GIN-41-MGE-S217	0	0	0	0	0	0	0	0	0
NG_067694.1	GIN-41-MGE-S217	0	0	0	0	0	0	0	0	0
NG_067692.1	GIN-41-MGE-S217	0	0	0	0	0	0	0	0	0
NG_067691.1	GIN-41-MGE-S217	0	0	0	0	0	0	0	0	0
NG_067690.1	GIN-41-MGE-S217	0	0	0	0	0	0	0	0	0
NG_067689.1	GIN-41-MGE-S217	0	0	0	0	0	0	0	0	0
NG_067688.1	GIN-41-MGE-S217	0	0	0	0	0	0	0	0	0
NG_067687.1	GIN-41-MGE-S217	0	0	0	0	0	0	0	0	0
NG_067686.1	GIN-41-MGE-S217	0	0	0	0	0	0	0	0	0
NG_067685.1	GIN-41-MGE-S217	0	0	0	0	0	0	0	0	0
NG_067684.1	GIN-41-MGE-S217	0	0	0	0	0	0	0	0	0
NG_067683.1	GIN-41-MGE-S217	0	0	0	0	0	0	0	0	0
NG_067682.1	GIN-41-MGE-S217	0	0	0	0	0	0	0	0	0
NG_067681.1	GIN-41-MGE-S217	0	0	0	0	0	0	0	0	0
NG_067680.1	GIN-41-MGE-S217	0	0	0	0	0	0	0	0	0
NG_067679.1	GIN-41-MGE-S217	0	0	0	0	0	0	0	0	0
NG_067678.1	GIN-41-MGE-S217	0	0	0	0	0	0	0	0	0
NG_067677.1	GIN-41-MGE-S217	0	0	0	0	0	0	0	0	0
NG_067676.1	GIN-41-MGE-S217	0	0	0	0	0	0	0	0	0
NG_067675.1	GIN-41-MGE-S217	0	0	0	0	0	0	0	0	0
NG_067674.1	GIN-41-MGE-S217	0	0	0	0	0	0	0	0	0
NG_067673.1	GIN-41-MGE-S217	0	0	0	0	0	0	0	0	0
NG_067672.1	GIN-41-MGE-S217	0	0	0	0	0	0	0	0	0
NG_067671.1	GIN-41-MGE-S217	0	0	0	0	0	0	0	0	0
NG_067670.1	GIN-41-MGE-S217	0	0	0	0	0	0	0	0	0
NG_067669.1	GIN-41-MGE-S217	0	0	0	0	0	0	0	0	0
NG_067664.1	GIN-41-MGE-S217	0	0	0	0	0	0	0	0	0
NG_067663.1	GIN-41-MGE-S217	0	0	0	0	0	0	0	0	0
NG_067662.1	GIN-41-MGE-S217	0	0	0	0	0	0	0	0	0
NG_067661.1	GIN-41-MGE-S217	0	0	0	0	0	0	0	0	0
NG_067660.1	GIN-41-MGE-S217	0	0	0	0	0	0	0	0	0
NG_067659.1	GIN-41-MGE-S217	0	0	0	0	0	0	0	0	0
NG_067658.1	GIN-41-MGE-S217	0	0	0	0	0	0	0	0	0
NG_067657.1	GIN-41-MGE-S217	0	0	0	0	0	0	0	0	0
NG_067655.1	GIN-41-MGE-S217	0	0	0	0	0	0	0	0	0
NG_067654.1	GIN-41-MGE-S217	0	0	0	0	0	0	0	0	0
NG_067653.1	GIN-41-MGE-S217	0	0	0	0	0	0	0	0	0
NG_067652.1	GIN-41-MGE-S217	0	0	0	0	0	0	0	0	0
NG_067651.1	GIN-41-MGE-S217	0	0	0	0	0	0	0	0	0
NG_067650.1	GIN-41-MGE-S217	0	0	0	0	0	0	0	0	0
NG_067649.1	GIN-41-MGE-S217	0	0	0	0	0	0	0	0	0
NG_067648.1	GIN-41-MGE-S217	0	0	0	0	0	0	0	0	0
NG_067647.1	GIN-41-MGE-S217	0	0	0	0	0	0	0	0	0
NG_067646.1	GIN-41-MGE-S217	0	0	0	0	0	0	0	0	0
NG_067645.1	GIN-41-MGE-S217	0	0	0	0	0	0	0	0	0
NG_067644.1	GIN-41-MGE-S217	0	0	0	0	0	0	0	0	0
NG_067643.1	GIN-41-MGE-S217	0	0	0	0	0	0	0	0	0
NG_067642.1	GIN-41-MGE-S217	0	0	0	0	0	0	0	0	0
NG_067641.1	GIN-41-MGE-S217	0	0	0	0	0	0	0	0	0
NG_067640.1	GIN-41-MGE-S217	0	0	0	0	0	0	0	0	0
NG_067639.1	GIN-41-MGE-S217	0	0	0	0	0	0	0	0	0
NG_067638.1	GIN-41-MGE-S217	0	0	0	0	0	0	0	0	0
NG_067637.1	GIN-41-MGE-S217	0	0	0	0	0	0	0	0	0
NG_067636.1	GIN-41-MGE-S217	0	0	0	0	0	0	0	0	0
NG_067635.1	GIN-41-MGE-S217	0	0	0	0	0	0	0	0	0
NG_067634.1	GIN-41-MGE-S217	0	0	0	0	0	0	0	0	0
NG_067633.1	GIN-41-MGE-S217	0	0	0	0	0	0	0	0	0
NG_067632.1	GIN-41-MGE-S217	0	0	0	0	0	0	0	0	0
NG_067631.1	GIN-41-MGE-S217	0	0	0	0	0	0	0	0	0
NG_067630.1	GIN-41-MGE-S217	0	0	0	0	0	0	0	0	0
NG_067629.1	GIN-41-MGE-S217	0	0	0	0	0	0	0	0	0
NG_067628.1	GIN-41-MGE-S217	0	0	0	0	0	0	0	0	0
NG_067627.1	GIN-41-MGE-S217	0	0	0	0	0	0	0	0	0
NG_067626.1	GIN-41-MGE-S217	0	0	0	0	0	0	0	0	0
NG_067625.1	GIN-41-MGE-S217	0	0	0	0	0	0	0	0	0
NG_067624.1	GIN-41-MGE-S217	0	0	0	0	0	0	0	0	0
NG_067623.1	GIN-41-MGE-S217	0	0	0	0	0	0	0	0	0
NG_063686.1	GIN-41-MGE-S217	0	0	0	0	0	0	0	0	0
NG_063433.1	GIN-41-MGE-S217	0	0	0	0	0	0	0	0	0
NG_062957.1	GIN-41-MGE-S217	0	0	0	0	0	0	0	0	0
NG_065473.1	GIN-41-MGE-S217	0	0	0	0	0	0	0	0	0
NG_064960.1	GIN-41-MGE-S217	0	0	0	0	0	0	0	0	0
NG_063649.1	GIN-41-MGE-S217	0	0	0	0	0	0	0	0	0
NG_062614.1	GIN-41-MGE-S217	0	0	0	0	0	0	0	0	0
NG_065481.1	GIN-41-MGE-S217	0	0	0	0	0	0	0	0	0
NG_065480.1	GIN-41-MGE-S217	0	0	0	0	0	0	0	0	0
NG_065477.1	GIN-41-MGE-S217	0	0	0	0	0	0	0	0	0
NG_064883.1	GIN-41-MGE-S217	0	0	0	0	0	0	0	0	0
NG_063566.1	GIN-41-MGE-S217	0	0	0	0	0	0	0	0	0
NG_063445.1	GIN-41-MGE-S217	0	0	0	0	0	0	0	0	0
NG_063429.1	GIN-41-MGE-S217	0	0	0	0	0	0	0	0	0
NG_063428.1	GIN-41-MGE-S217	0	0	0	0	0	0	0	0	0
NG_063427.1	GIN-41-MGE-S217	0	0	0	0	0	0	0	0	0
NG_063415.1	GIN-41-MGE-S217	0	0	0	0	0	0	0	0	0
NG_062837.1	GIN-41-MGE-S217	0	0	0	0	0	0	0	0	0
NG_061036.1	GIN-41-MGE-S217	0	0	0	0	0	0	0	0	0
NG_065804.1	GIN-41-MGE-S217	0	0	0	0	0	0	0	0	0
NG_065803.1	GIN-41-MGE-S217	0	0	0	0	0	0	0	0	0
NG_065802.1	GIN-41-MGE-S217	0	0	0	0	0	0	0	0	0
NG_065801.1	GIN-41-MGE-S217	0	0	0	0	0	0	0	0	0
NG_065800.1	GIN-41-MGE-S217	0	0	0	0	0	0	0	0	0
NG_065799.1	GIN-41-MGE-S217	0	0	0	0	0	0	0	0	0
NG_065798.1	GIN-41-MGE-S217	0	0	0	0	0	0	0	0	0
NG_065797.1	GIN-41-MGE-S217	0	0	0	0	0	0	0	0	0
NG_065796.1	GIN-41-MGE-S217	0	0	0	0	0	0	0	0	0
NG_065795.1	GIN-41-MGE-S217	0	0	0	0	0	0	0	0	0
NG_065794.1	GIN-41-MGE-S217	0	0	0	0	0	0	0	0	0
NG_065793.1	GIN-41-MGE-S217	0	0	0	0	0	0	0	0	0
NG_065792.1	GIN-41-MGE-S217	0	0	0	0	0	0	0	0	0
NG_065791.1	GIN-41-MGE-S217	0	0	0	0	0	0	0	0	0
NG_065790.1	GIN-41-MGE-S217	0	0	0	0	0	0	0	0	0
NG_065789.1	GIN-41-MGE-S217	0	0	0	0	0	0	0	0	0
NG_065788.1	GIN-41-MGE-S217	0	0	0	0	0	0	0	0	0
NG_065787.1	GIN-41-MGE-S217	0	0	0	0	0	0	0	0	0
NG_065786.1	GIN-41-MGE-S217	0	0	0	0	0	0	0	0	0
NG_065785.1	GIN-41-MGE-S217	0	0	0	0	0	0	0	0	0
NG_065784.1	GIN-41-MGE-S217	0	0	0	0	0	0	0	0	0
NG_065783.1	GIN-41-MGE-S217	0	0	0	0	0	0	0	0	0
NG_065782.1	GIN-41-MGE-S217	0	0	0	0	0	0	0	0	0
NG_065781.1	GIN-41-MGE-S217	0	0	0	0	0	0	0	0	0
NG_065780.1	GIN-41-MGE-S217	0	0	0	0	0	0	0	0	0
NG_065779.1	GIN-41-MGE-S217	0	0	0	0	0	0	0	0	0
NG_065778.1	GIN-41-MGE-S217	0	0	0	0	0	0	0	0	0
NG_065777.1	GIN-41-MGE-S217	0	0	0	0	0	0	0	0	0
NG_065776.1	GIN-41-MGE-S217	0	0	0	0	0	0	0	0	0
NG_065775.1	GIN-41-MGE-S217	0	0	0	0	0	0	0	0	0
NG_065774.1	GIN-41-MGE-S217	0	0	0	0	0	0	0	0	0
NG_065773.1	GIN-41-MGE-S217	0	0	0	0	0	0	0	0	0
NG_065772.1	GIN-41-MGE-S217	0	0	0	0	0	0	0	0	0
NG_065771.1	GIN-41-MGE-S217	0	0	0	0	0	0	0	0	0
NG_065770.1	GIN-41-MGE-S217	0	0	0	0	0	0	0	0	0
NG_065769.1	GIN-41-MGE-S217	0	0	0	0	0	0	0	0	0
NG_065768.1	GIN-41-MGE-S217	0	0	0	0	0	0	0	0	0
NG_065767.1	GIN-41-MGE-S217	0	0	0	0	0	0	0	0	0
NG_065766.1	GIN-41-MGE-S217	0	0	0	0	0	0	0	0	0
NG_065765.1	GIN-41-MGE-S217	0	0	0	0	0	0	0	0	0
NG_065764.1	GIN-41-MGE-S217	0	0	0	0	0	0	0	0	0
NG_065763.1	GIN-41-MGE-S217	0	0	0	0	0	0	0	0	0
NG_065762.1	GIN-41-MGE-S217	0	0	0	0	0	0	0	0	0
NG_065761.1	GIN-41-MGE-S217	0	0	0	0	0	0	0	0	0
NG_065759.1	GIN-41-MGE-S217	0	0	0	0	0	0	0	0	0
NG_065757.1	GIN-41-MGE-S217	0	0	0	0	0	0	0	0	0
NG_065756.1	GIN-41-MGE-S217	0	0	0	0	0	0	0	0	0
NG_065755.1	GIN-41-MGE-S217	0	0	0	0	0	0	0	0	0
NG_065754.1	GIN-41-MGE-S217	0	0	0	0	0	0	0	0	0
NG_065753.1	GIN-41-MGE-S217	0	0	0	0	0	0	0	0	0
NG_065752.1	GIN-41-MGE-S217	0	0	0	0	0	0	0	0	0
NG_065751.1	GIN-41-MGE-S217	0	0	0	0	0	0	0	0	0
NG_065750.1	GIN-41-MGE-S217	0	0	0	0	0	0	0	0	0
NG_065749.1	GIN-41-MGE-S217	0	0	0	0	0	0	0	0	0
NG_065748.1	GIN-41-MGE-S217	0	0	0	0	0	0	0	0	0
NG_065747.1	GIN-41-MGE-S217	0	0	0	0	0	0	0	0	0
NG_065746.1	GIN-41-MGE-S217	0	0	0	0	0	0	0	0	0
NG_065745.1	GIN-41-MGE-S217	0	0	0	0	0	0	0	0	0
NG_065744.1	GIN-41-MGE-S217	0	0	0	0	0	0	0	0	0
NG_065743.1	GIN-41-MGE-S217	0	0	0	0	0	0	0	0	0
NG_065742.1	GIN-41-MGE-S217	0	0	0	0	0	0	0	0	0
NG_065741.1	GIN-41-MGE-S217	0	0	0	0	0	0	0	0	0
NG_065740.1	GIN-41-MGE-S217	0	0	0	0	0	0	0	0	0
NG_065739.1	GIN-41-MGE-S217	0	0	0	0	0	0	0	0	0
NG_065738.1	GIN-41-MGE-S217	0	0	0	0	0	0	0	0	0
NG_065737.1	GIN-41-MGE-S217	0	0	0	0	0	0	0	0	0
NG_065736.1	GIN-41-MGE-S217	0	0	0	0	0	0	0	0	0
NG_065735.1	GIN-41-MGE-S217	0	0	0	0	0	0	0	0	0
NG_065734.1	GIN-41-MGE-S217	0	0	0	0	0	0	0	0	0
NG_065732.1	GIN-41-MGE-S217	0	0	0	0	0	0	0	0	0
NG_065731.1	GIN-41-MGE-S217	0	0	0	0	0	0	0	0	0
NG_065730.1	GIN-41-MGE-S217	0	0	0	0	0	0	0	0	0
NG_065729.1	GIN-41-MGE-S217	0	0	0	0	0	0	0	0	0
NG_065728.1	GIN-41-MGE-S217	0	0	0	0	0	0	0	0	0
NG_065727.1	GIN-41-MGE-S217	0	0	0	0	0	0	0	0	0
NG_065725.1	GIN-41-MGE-S217	0	0	0	0	0	0	0	0	0
NG_065723.1	GIN-41-MGE-S217	0	0	0	0	0	0	0	0	0
NG_065722.1	GIN-41-MGE-S217	0	0	0	0	0	0	0	0	0
NG_065721.1	GIN-41-MGE-S217	0	0	0	0	0	0	0	0	0
NG_065720.1	GIN-41-MGE-S217	0	0	0	0	0	0	0	0	0
NG_065719.1	GIN-41-MGE-S217	0	0	0	0	0	0	0	0	0
NG_065718.1	GIN-41-MGE-S217	0	0	0	0	0	0	0	0	0
NG_065717.1	GIN-41-MGE-S217	0	0	0	0	0	0	0	0	0
NG_065716.1	GIN-41-MGE-S217	0	0	0	0	0	0	0	0	0
NG_065715.1	GIN-41-MGE-S217	0	0	0	0	0	0	0	0	0
NG_065714.1	GIN-41-MGE-S217	0	0	0	0	0	0	0	0	0
NG_065713.1	GIN-41-MGE-S217	0	0	0	0	0	0	0	0	0
NG_065712.1	GIN-41-MGE-S217	0	0	0	0	0	0	0	0	0
NG_065711.1	GIN-41-MGE-S217	0	0	0	0	0	0	0	0	0
NG_065710.1	GIN-41-MGE-S217	0	0	0	0	0	0	0	0	0
NG_065709.1	GIN-41-MGE-S217	0	0	0	0	0	0	0	0	0
NG_065708.1	GIN-41-MGE-S217	0	0	0	0	0	0	0	0	0
NG_065707.1	GIN-41-MGE-S217	0	0	0	0	0	0	0	0	0
NG_065706.1	GIN-41-MGE-S217	0	0	0	0	0	0	0	0	0
NG_065705.1	GIN-41-MGE-S217	0	0	0	0	0	0	0	0	0
NG_065704.1	GIN-41-MGE-S217	0	0	0	0	0	0	0	0	0
NG_065703.1	GIN-41-MGE-S217	0	0	0	0	0	0	0	0	0
NG_065702.1	GIN-41-MGE-S217	0	0	0	0	0	0	0	0	0
NG_065701.1	GIN-41-MGE-S217	0	0	0	0	0	0	0	0	0
NG_065700.1	GIN-41-MGE-S217	0	0	0	0	0	0	0	0	0
NG_065699.1	GIN-41-MGE-S217	0	0	0	0	0	0	0	0	0
NG_065698.1	GIN-41-MGE-S217	0	0	0	0	0	0	0	0	0
NG_065697.1	GIN-41-MGE-S217	0	0	0	0	0	0	0	0	0
NG_065696.1	GIN-41-MGE-S217	0	0	0	0	0	0	0	0	0
NG_065695.1	GIN-41-MGE-S217	0	0	0	0	0	0	0	0	0
NG_065694.1	GIN-41-MGE-S217	0	0	0	0	0	0	0	0	0
NG_065693.1	GIN-41-MGE-S217	0	0	0	0	0	0	0	0	0
NG_065692.1	GIN-41-MGE-S217	0	0	0	0	0	0	0	0	0
NG_065691.1	GIN-41-MGE-S217	0	0	0	0	0	0	0	0	0
NG_065690.1	GIN-41-MGE-S217	0	0	0	0	0	0	0	0	0
NG_065689.1	GIN-41-MGE-S217	0	0	0	0	0	0	0	0	0
NG_065688.1	GIN-41-MGE-S217	0	0	0	0	0	0	0	0	0
NG_065686.1	GIN-41-MGE-S217	0	0	0	0	0	0	0	0	0
NG_065685.1	GIN-41-MGE-S217	0	0	0	0	0	0	0	0	0
NG_065684.1	GIN-41-MGE-S217	0	0	0	0	0	0	0	0	0
NG_065683.1	GIN-41-MGE-S217	0	0	0	0	0	0	0	0	0
NG_065682.1	GIN-41-MGE-S217	0	0	0	0	0	0	0	0	0
NG_065681.1	GIN-41-MGE-S217	0	0	0	0	0	0	0	0	0
NG_065680.1	GIN-41-MGE-S217	0	0	0	0	0	0	0	0	0
NG_065679.1	GIN-41-MGE-S217	0	0	0	0	0	0	0	0	0
NG_065678.1	GIN-41-MGE-S217	0	0	0	0	0	0	0	0	0
NG_065677.1	GIN-41-MGE-S217	0	0	0	0	0	0	0	0	0
NG_065676.1	GIN-41-MGE-S217	0	0	0	0	0	0	0	0	0
NG_065675.1	GIN-41-MGE-S217	0	0	0	0	0	0	0	0	0
NG_065674.1	GIN-41-MGE-S217	0	0	0	0	0	0	0	0	0
NG_065673.1	GIN-41-MGE-S217	0	0	0	0	0	0	0	0	0
NG_065672.1	GIN-41-MGE-S217	0	0	0	0	0	0	0	0	0
NG_065671.1	GIN-41-MGE-S217	0	0	0	0	0	0	0	0	0
NG_065670.1	GIN-41-MGE-S217	0	0	0	0	0	0	0	0	0
NG_065669.1	GIN-41-MGE-S217	0	0	0	0	0	0	0	0	0
NG_065668.1	GIN-41-MGE-S217	0	0	0	0	0	0	0	0	0
NG_065667.1	GIN-41-MGE-S217	0	0	0	0	0	0	0	0	0
NG_065666.1	GIN-41-MGE-S217	0	0	0	0	0	0	0	0	0
NG_065665.1	GIN-41-MGE-S217	0	0	0	0	0	0	0	0	0
NG_065664.1	GIN-41-MGE-S217	0	0	0	0	0	0	0	0	0
NG_065663.1	GIN-41-MGE-S217	0	0	0	0	0	0	0	0	0
NG_065662.1	GIN-41-MGE-S217	0	0	0	0	0	0	0	0	0
NG_065661.1	GIN-41-MGE-S217	0	0	0	0	0	0	0	0	0
NG_065660.1	GIN-41-MGE-S217	0	0	0	0	0	0	0	0	0
NG_065659.1	GIN-41-MGE-S217	0	0	0	0	0	0	0	0	0
NG_065658.1	GIN-41-MGE-S217	0	0	0	0	0	0	0	0	0
NG_065657.1	GIN-41-MGE-S217	0	0	0	0	0	0	0	0	0
NG_065656.1	GIN-41-MGE-S217	0	0	0	0	0	0	0	0	0
NG_065655.1	GIN-41-MGE-S217	0	0	0	0	0	0	0	0	0
NG_065654.1	GIN-41-MGE-S217	0	0	0	0	0	0	0	0	0
NG_065653.1	GIN-41-MGE-S217	0	0	0	0	0	0	0	0	0
NG_065652.1	GIN-41-MGE-S217	0	0	0	0	0	0	0	0	0
NG_065651.1	GIN-41-MGE-S217	0	0	0	0	0	0	0	0	0
NG_065650.1	GIN-41-MGE-S217	0	0	0	0	0	0	0	0	0
NG_065649.1	GIN-41-MGE-S217	0	0	0	0	0	0	0	0	0
NG_065648.1	GIN-41-MGE-S217	0	0	0	0	0	0	0	0	0
NG_065647.1	GIN-41-MGE-S217	0	0	0	0	0	0	0	0	0
NG_065646.1	GIN-41-MGE-S217	0	0	0	0	0	0	0	0	0
NG_065645.1	GIN-41-MGE-S217	0	0	0	0	0	0	0	0	0
NG_065644.1	GIN-41-MGE-S217	0	0	0	0	0	0	0	0	0
NG_065643.1	GIN-41-MGE-S217	0	0	0	0	0	0	0	0	0
NG_065642.1	GIN-41-MGE-S217	0	0	0	0	0	0	0	0	0
NG_065641.1	GIN-41-MGE-S217	0	0	0	0	0	0	0	0	0
NG_065640.1	GIN-41-MGE-S217	0	0	0	0	0	0	0	0	0
NG_065639.1	GIN-41-MGE-S217	0	0	0	0	0	0	0	0	0
NG_065638.1	GIN-41-MGE-S217	0	0	0	0	0	0	0	0	0
NG_065637.1	GIN-41-MGE-S217	0	0	0	0	0	0	0	0	0
NG_065636.1	GIN-41-MGE-S217	0	0	0	0	0	0	0	0	0
NG_065635.1	GIN-41-MGE-S217	0	0	0	0	0	0	0	0	0
NG_065634.1	GIN-41-MGE-S217	0	0	0	0	0	0	0	0	0
NG_065633.1	GIN-41-MGE-S217	0	0	0	0	0	0	0	0	0
NG_065632.1	GIN-41-MGE-S217	0	0	0	0	0	0	0	0	0
NG_065631.1	GIN-41-MGE-S217	0	0	0	0	0	0	0	0	0
NG_065630.1	GIN-41-MGE-S217	0	0	0	0	0	0	0	0	0
NG_065629.1	GIN-41-MGE-S217	0	0	0	0	0	0	0	0	0
NG_065627.1	GIN-41-MGE-S217	0	0	0	0	0	0	0	0	0
NG_065626.1	GIN-41-MGE-S217	0	0	0	0	0	0	0	0	0
NG_065625.1	GIN-41-MGE-S217	0	0	0	0	0	0	0	0	0
NG_065624.1	GIN-41-MGE-S217	0	0	0	0	0	0	0	0	0
NG_065623.1	GIN-41-MGE-S217	0	0	0	0	0	0	0	0	0
NG_065622.1	GIN-41-MGE-S217	0	0	0	0	0	0	0	0	0
NG_065621.1	GIN-41-MGE-S217	0	0	0	0	0	0	0	0	0
NG_065620.1	GIN-41-MGE-S217	0	0	0	0	0	0	0	0	0
NG_065619.1	GIN-41-MGE-S217	0	0	0	0	0	0	0	0	0
NG_065618.1	GIN-41-MGE-S217	0	0	0	0	0	0	0	0	0
NG_065617.1	GIN-41-MGE-S217	0	0	0	0	0	0	0	0	0
NG_065616.1	GIN-41-MGE-S217	0	0	0	0	0	0	0	0	0
NG_065615.1	GIN-41-MGE-S217	0	0	0	0	0	0	0	0	0
NG_065614.1	GIN-41-MGE-S217	0	0	0	0	0	0	0	0	0
NG_065613.1	GIN-41-MGE-S217	0	0	0	0	0	0	0	0	0
NG_065612.1	GIN-41-MGE-S217	0	0	0	0	0	0	0	0	0
NG_065611.1	GIN-41-MGE-S217	0	0	0	0	0	0	0	0	0
NG_065610.1	GIN-41-MGE-S217	0	0	0	0	0	0	0	0	0
NG_065609.1	GIN-41-MGE-S217	0	0	0	0	0	0	0	0	0
NG_065608.1	GIN-41-MGE-S217	0	0	0	0	0	0	0	0	0
NG_065607.1	GIN-41-MGE-S217	0	0	0	0	0	0	0	0	0
NG_065606.1	GIN-41-MGE-S217	0	0	0	0	0	0	0	0	0
NG_065604.1	GIN-41-MGE-S217	0	0	0	0	0	0	0	0	0
NG_065603.1	GIN-41-MGE-S217	0	0	0	0	0	0	0	0	0
NG_065602.1	GIN-41-MGE-S217	0	0	0	0	0	0	0	0	0
NG_065601.1	GIN-41-MGE-S217	0	0	0	0	0	0	0	0	0
NG_065600.1	GIN-41-MGE-S217	0	0	0	0	0	0	0	0	0
NG_065599.1	GIN-41-MGE-S217	0	0	0	0	0	0	0	0	0
NG_065598.1	GIN-41-MGE-S217	0	0	0	0	0	0	0	0	0
NG_065597.1	GIN-41-MGE-S217	0	0	0	0	0	0	0	0	0
NG_065596.1	GIN-41-MGE-S217	0	0	0	0	0	0	0	0	0
NG_065595.1	GIN-41-MGE-S217	0	0	0	0	0	0	0	0	0
NG_065594.1	GIN-41-MGE-S217	0	0	0	0	0	0	0	0	0
NG_065593.1	GIN-41-MGE-S217	0	0	0	0	0	0	0	0	0
NG_065589.1	GIN-41-MGE-S217	0	0	0	0	0	0	0	0	0
NG_065588.1	GIN-41-MGE-S217	0	0	0	0	0	0	0	0	0
NG_065587.1	GIN-41-MGE-S217	0	0	0	0	0	0	0	0	0
NG_065586.1	GIN-41-MGE-S217	0	0	0	0	0	0	0	0	0
NG_065585.1	GIN-41-MGE-S217	0	0	0	0	0	0	0	0	0
NG_065584.1	GIN-41-MGE-S217	0	0	0	0	0	0	0	0	0
NG_065583.1	GIN-41-MGE-S217	0	0	0	0	0	0	0	0	0
NG_065582.1	GIN-41-MGE-S217	0	0	0	0	0	0	0	0	0
NG_065581.1	GIN-41-MGE-S217	0	0	0	0	0	0	0	0	0
NG_065579.1	GIN-41-MGE-S217	0	0	0	0	0	0	0	0	0
NG_065577.1	GIN-41-MGE-S217	0	0	0	0	0	0	0	0	0
NG_065576.1	GIN-41-MGE-S217	0	0	0	0	0	0	0	0	0
NG_065575.1	GIN-41-MGE-S217	0	0	0	0	0	0	0	0	0
NG_065574.1	GIN-41-MGE-S217	0	0	0	0	0	0	0	0	0
NG_065573.1	GIN-41-MGE-S217	0	0	0	0	0	0	0	0	0
NG_065572.1	GIN-41-MGE-S217	0	0	0	0	0	0	0	0	0
NG_065571.1	GIN-41-MGE-S217	0	0	0	0	0	0	0	0	0
NG_065570.1	GIN-41-MGE-S217	0	0	0	0	0	0	0	0	0
NG_065569.1	GIN-41-MGE-S217	0	0	0	0	0	0	0	0	0
NG_065568.1	GIN-41-MGE-S217	0	0	0	0	0	0	0	0	0
NG_065567.1	GIN-41-MGE-S217	0	0	0	0	0	0	0	0	0
NG_065566.1	GIN-41-MGE-S217	0	0	0	0	0	0	0	0	0
NG_065565.1	GIN-41-MGE-S217	0	0	0	0	0	0	0	0	0
NG_065564.1	GIN-41-MGE-S217	0	0	0	0	0	0	0	0	0
NG_065563.1	GIN-41-MGE-S217	0	0	0	0	0	0	0	0	0
NG_065562.1	GIN-41-MGE-S217	0	0	0	0	0	0	0	0	0
NG_065561.1	GIN-41-MGE-S217	0	0	0	0	0	0	0	0	0
NG_065560.1	GIN-41-MGE-S217	0	0	0	0	0	0	0	0	0
NG_065559.1	GIN-41-MGE-S217	0	0	0	0	0	0	0	0	0
NG_065558.1	GIN-41-MGE-S217	0	0	0	0	0	0	0	0	0
NG_065557.1	GIN-41-MGE-S217	0	0	0	0	0	0	0	0	0
NG_065556.1	GIN-41-MGE-S217	0	0	0	0	0	0	0	0	0
NG_065555.1	GIN-41-MGE-S217	0	0	0	0	0	0	0	0	0
NG_065554.1	GIN-41-MGE-S217	0	0	0	0	0	0	0	0	0
NG_065553.1	GIN-41-MGE-S217	0	0	0	0	0	0	0	0	0
NG_065552.1	GIN-41-MGE-S217	0	0	0	0	0	0	0	0	0
NG_065551.1	GIN-41-MGE-S217	0	0	0	0	0	0	0	0	0
NG_065550.1	GIN-41-MGE-S217	0	0	0	0	0	0	0	0	0
NG_065549.1	GIN-41-MGE-S217	0	0	0	0	0	0	0	0	0
NG_065548.1	GIN-41-MGE-S217	0	0	0	0	0	0	0	0	0
NG_065547.1	GIN-41-MGE-S217	0	0	0	0	0	0	0	0	0
NG_065546.1	GIN-41-MGE-S217	0	0	0	0	0	0	0	0	0
NG_065545.1	GIN-41-MGE-S217	0	0	0	0	0	0	0	0	0
NG_065544.1	GIN-41-MGE-S217	0	0	0	0	0	0	0	0	0
NG_065543.1	GIN-41-MGE-S217	0	0	0	0	0	0	0	0	0
NG_065541.1	GIN-41-MGE-S217	0	0	0	0	0	0	0	0	0
NG_065539.1	GIN-41-MGE-S217	0	0	0	0	0	0	0	0	0
NG_065538.1	GIN-41-MGE-S217	0	0	0	0	0	0	0	0	0
NG_065537.1	GIN-41-MGE-S217	0	0	0	0	0	0	0	0	0
NG_065536.1	GIN-41-MGE-S217	0	0	0	0	0	0	0	0	0
NG_065535.1	GIN-41-MGE-S217	0	0	0	0	0	0	0	0	0
NG_065534.1	GIN-41-MGE-S217	0	0	0	0	0	0	0	0	0
NG_065533.1	GIN-41-MGE-S217	0	0	0	0	0	0	0	0	0
NG_065531.1	GIN-41-MGE-S217	0	0	0	0	0	0	0	0	0
NG_065530.1	GIN-41-MGE-S217	0	0	0	0	0	0	0	0	0
NG_065529.1	GIN-41-MGE-S217	0	0	0	0	0	0	0	0	0
NG_065528.1	GIN-41-MGE-S217	0	0	0	0	0	0	0	0	0
NG_065527.1	GIN-41-MGE-S217	0	0	0	0	0	0	0	0	0
NG_065526.1	GIN-41-MGE-S217	0	0	0	0	0	0	0	0	0
NG_065525.1	GIN-41-MGE-S217	0	0	0	0	0	0	0	0	0
NG_065524.1	GIN-41-MGE-S217	0	0	0	0	0	0	0	0	0
NG_065523.1	GIN-41-MGE-S217	0	0	0	0	0	0	0	0	0
NG_065522.1	GIN-41-MGE-S217	0	0	0	0	0	0	0	0	0
NG_065521.1	GIN-41-MGE-S217	0	0	0	0	0	0	0	0	0
NG_065520.1	GIN-41-MGE-S217	0	0	0	0	0	0	0	0	0
NG_065519.1	GIN-41-MGE-S217	0	0	0	0	0	0	0	0	0
NG_065518.1	GIN-41-MGE-S217	0	0	0	0	0	0	0	0	0
NG_065517.1	GIN-41-MGE-S217	0	0	0	0	0	0	0	0	0
NG_065516.1	GIN-41-MGE-S217	0	0	0	0	0	0	0	0	0
NG_065515.1	GIN-41-MGE-S217	0	0	0	0	0	0	0	0	0
NG_065514.1	GIN-41-MGE-S217	0	0	0	0	0	0	0	0	0
NG_065513.1	GIN-41-MGE-S217	0	0	0	0	0	0	0	0	0
NG_065512.1	GIN-41-MGE-S217	0	0	0	0	0	0	0	0	0
NG_065511.1	GIN-41-MGE-S217	0	0	0	0	0	0	0	0	0
NG_065510.1	GIN-41-MGE-S217	0	0	0	0	0	0	0	0	0
NG_065509.1	GIN-41-MGE-S217	0	0	0	0	0	0	0	0	0
NG_065508.1	GIN-41-MGE-S217	0	0	0	0	0	0	0	0	0
NG_065507.1	GIN-41-MGE-S217	0	0	0	0	0	0	0	0	0
NG_065506.1	GIN-41-MGE-S217	0	0	0	0	0	0	0	0	0
NG_065505.1	GIN-41-MGE-S217	0	0	0	0	0	0	0	0	0
NG_065504.1	GIN-41-MGE-S217	0	0	0	0	0	0	0	0	0
NG_065503.1	GIN-41-MGE-S217	0	0	0	0	0	0	0	0	0
NG_065502.1	GIN-41-MGE-S217	0	0	0	0	0	0	0	0	0
NG_065500.1	GIN-41-MGE-S217	0	0	0	0	0	0	0	0	0
NG_065499.1	GIN-41-MGE-S217	0	0	0	0	0	0	0	0	0
NG_065498.1	GIN-41-MGE-S217	0	0	0	0	0	0	0	0	0
NG_065497.1	GIN-41-MGE-S217	0	0	0	0	0	0	0	0	0
NG_065496.1	GIN-41-MGE-S217	0	0	0	0	0	0	0	0	0
NG_065495.1	GIN-41-MGE-S217	0	0	0	0	0	0	0	0	0
NG_065493.1	GIN-41-MGE-S217	0	0	0	0	0	0	0	0	0
NG_065492.1	GIN-41-MGE-S217	0	0	0	0	0	0	0	0	0
NG_065491.1	GIN-41-MGE-S217	0	0	0	0	0	0	0	0	0
NG_065490.1	GIN-41-MGE-S217	0	0	0	0	0	0	0	0	0
NG_065489.1	GIN-41-MGE-S217	0	0	0	0	0	0	0	0	0
NG_065488.1	GIN-41-MGE-S217	0	0	0	0	0	0	0	0	0
NG_065486.1	GIN-41-MGE-S217	0	0	0	0	0	0	0	0	0
NG_065485.1	GIN-41-MGE-S217	0	0	0	0	0	0	0	0	0
NG_065484.1	GIN-41-MGE-S217	0	0	0	0	0	0	0	0	0
NG_065483.1	GIN-41-MGE-S217	0	0	0	0	0	0	0	0	0
NG_065482.1	GIN-41-MGE-S217	0	0	0	0	0	0	0	0	0
NG_065479.1	GIN-41-MGE-S217	0	0	0	0	0	0	0	0	0
NG_065478.1	GIN-41-MGE-S217	0	0	0	0	0	0	0	0	0
NG_065476.1	GIN-41-MGE-S217	0	0	0	0	0	0	0	0	0
NG_065475.1	GIN-41-MGE-S217	0	0	0	0	0	0	0	0	0
NG_065474.1	GIN-41-MGE-S217	0	0	0	0	0	0	0	0	0
NG_065472.1	GIN-41-MGE-S217	0	0	0	0	0	0	0	0	0
NG_065471.1	GIN-41-MGE-S217	0	0	0	0	0	0	0	0	0
NG_065469.1	GIN-41-MGE-S217	0	0	0	0	0	0	0	0	0
NG_065468.1	GIN-41-MGE-S217	0	0	0	0	0	0	0	0	0
NG_065467.1	GIN-41-MGE-S217	0	0	0	0	0	0	0	0	0
NG_065466.1	GIN-41-MGE-S217	0	0	0	0	0	0	0	0	0
NG_065465.1	GIN-41-MGE-S217	0	0	0	0	0	0	0	0	0
NG_065464.1	GIN-41-MGE-S217	0	0	0	0	0	0	0	0	0
NG_065463.1	GIN-41-MGE-S217	0	0	0	0	0	0	0	0	0
NG_016504.1	GIN-41-MGE-S217	0	0	0	0	0	0	0	0	0
NG_013153.1	GIN-41-MGE-S217	0	0	0	0	0	0	0	0	0
NG_013120.1	GIN-41-MGE-S217	0	0	0	0	0	0	0	0	0
NG_063460.1	GIN-41-MGE-S217	0	0	0	0	0	0	0	0	0
NG_062980.1	GIN-41-MGE-S217	0	0	0	0	0	0	0	0	0
NG_065071.1	GIN-41-MGE-S217	0	0	0	0	0	0	0	0	0
NG_065159.1	GIN-41-MGE-S217	0	0	0	0	0	0	0	0	0
NG_065158.1	GIN-41-MGE-S217	0	0	0	0	0	0	0	0	0
NG_065157.1	GIN-41-MGE-S217	0	0	0	0	0	0	0	0	0
NG_065156.1	GIN-41-MGE-S217	0	0	0	0	0	0	0	0	0
NG_065155.1	GIN-41-MGE-S217	0	0	0	0	0	0	0	0	0
NG_065153.1	GIN-41-MGE-S217	0	0	0	0	0	0	0	0	0
NG_065152.1	GIN-41-MGE-S217	0	0	0	0	0	0	0	0	0
NG_065151.1	GIN-41-MGE-S217	0	0	0	0	0	0	0	0	0
NG_065150.1	GIN-41-MGE-S217	0	0	0	0	0	0	0	0	0
NG_065149.1	GIN-41-MGE-S217	0	0	0	0	0	0	0	0	0
NG_065148.1	GIN-41-MGE-S217	0	0	0	0	0	0	0	0	0
NG_065147.1	GIN-41-MGE-S217	0	0	0	0	0	0	0	0	0
NG_065146.1	GIN-41-MGE-S217	0	0	0	0	0	0	0	0	0
NG_065145.1	GIN-41-MGE-S217	0	0	0	0	0	0	0	0	0
NG_065144.1	GIN-41-MGE-S217	0	0	0	0	0	0	0	0	0
NG_065143.1	GIN-41-MGE-S217	0	0	0	0	0	0	0	0	0
NG_065142.1	GIN-41-MGE-S217	0	0	0	0	0	0	0	0	0
NG_065141.1	GIN-41-MGE-S217	0	0	0	0	0	0	0	0	0
NG_065140.1	GIN-41-MGE-S217	0	0	0	0	0	0	0	0	0
NG_065139.1	GIN-41-MGE-S217	0	0	0	0	0	0	0	0	0
NG_065138.1	GIN-41-MGE-S217	0	0	0	0	0	0	0	0	0
NG_065137.1	GIN-41-MGE-S217	0	0	0	0	0	0	0	0	0
NG_065136.1	GIN-41-MGE-S217	0	0	0	0	0	0	0	0	0
NG_065135.1	GIN-41-MGE-S217	0	0	0	0	0	0	0	0	0
NG_065134.1	GIN-41-MGE-S217	0	0	0	0	0	0	0	0	0
NG_065133.1	GIN-41-MGE-S217	0	0	0	0	0	0	0	0	0
NG_065132.1	GIN-41-MGE-S217	0	0	0	0	0	0	0	0	0
NG_065131.1	GIN-41-MGE-S217	0	0	0	0	0	0	0	0	0
NG_065130.1	GIN-41-MGE-S217	0	0	0	0	0	0	0	0	0
NG_065127.1	GIN-41-MGE-S217	0	0	0	0	0	0	0	0	0
NG_065126.1	GIN-41-MGE-S217	0	0	0	0	0	0	0	0	0
NG_065125.1	GIN-41-MGE-S217	0	0	0	0	0	0	0	0	0
NG_065124.1	GIN-41-MGE-S217	0	0	0	0	0	0	0	0	0
NG_065123.1	GIN-41-MGE-S217	0	0	0	0	0	0	0	0	0
NG_065122.1	GIN-41-MGE-S217	0	0	0	0	0	0	0	0	0
NG_065121.1	GIN-41-MGE-S217	0	0	0	0	0	0	0	0	0
NG_065120.1	GIN-41-MGE-S217	0	0	0	0	0	0	0	0	0
NG_065119.1	GIN-41-MGE-S217	0	0	0	0	0	0	0	0	0
NG_065118.1	GIN-41-MGE-S217	0	0	0	0	0	0	0	0	0
NG_065117.1	GIN-41-MGE-S217	0	0	0	0	0	0	0	0	0
NG_065116.1	GIN-41-MGE-S217	0	0	0	0	0	0	0	0	0
NG_065115.1	GIN-41-MGE-S217	0	0	0	0	0	0	0	0	0
NG_065114.1	GIN-41-MGE-S217	0	0	0	0	0	0	0	0	0
NG_065113.1	GIN-41-MGE-S217	0	0	0	0	0	0	0	0	0
NG_065112.1	GIN-41-MGE-S217	0	0	0	0	0	0	0	0	0
NG_065111.1	GIN-41-MGE-S217	0	0	0	0	0	0	0	0	0
NG_065110.1	GIN-41-MGE-S217	0	0	0	0	0	0	0	0	0
NG_065109.1	GIN-41-MGE-S217	0	0	0	0	0	0	0	0	0
NG_065108.1	GIN-41-MGE-S217	0	0	0	0	0	0	0	0	0
NG_065107.1	GIN-41-MGE-S217	0	0	0	0	0	0	0	0	0
NG_065106.1	GIN-41-MGE-S217	0	0	0	0	0	0	0	0	0
NG_065104.1	GIN-41-MGE-S217	0	0	0	0	0	0	0	0	0
NG_065103.1	GIN-41-MGE-S217	0	0	0	0	0	0	0	0	0
NG_065102.1	GIN-41-MGE-S217	0	0	0	0	0	0	0	0	0
NG_065098.1	GIN-41-MGE-S217	0	0	0	0	0	0	0	0	0
NG_065097.1	GIN-41-MGE-S217	0	0	0	0	0	0	0	0	0
NG_065096.1	GIN-41-MGE-S217	0	0	0	0	0	0	0	0	0
NG_065095.1	GIN-41-MGE-S217	0	0	0	0	0	0	0	0	0
NG_065094.1	GIN-41-MGE-S217	0	0	0	0	0	0	0	0	0
NG_065093.1	GIN-41-MGE-S217	0	0	0	0	0	0	0	0	0
NG_065092.1	GIN-41-MGE-S217	0	0	0	0	0	0	0	0	0
NG_065090.1	GIN-41-MGE-S217	0	0	0	0	0	0	0	0	0
NG_065088.1	GIN-41-MGE-S217	0	0	0	0	0	0	0	0	0
NG_065087.1	GIN-41-MGE-S217	0	0	0	0	0	0	0	0	0
NG_065086.1	GIN-41-MGE-S217	0	0	0	0	0	0	0	0	0
NG_065085.1	GIN-41-MGE-S217	0	0	0	0	0	0	0	0	0
NG_065084.1	GIN-41-MGE-S217	0	0	0	0	0	0	0	0	0
NG_065083.1	GIN-41-MGE-S217	0	0	0	0	0	0	0	0	0
NG_065082.1	GIN-41-MGE-S217	0	0	0	0	0	0	0	0	0
NG_065081.1	GIN-41-MGE-S217	0	0	0	0	0	0	0	0	0
NG_065080.1	GIN-41-MGE-S217	0	0	0	0	0	0	0	0	0
NG_065079.1	GIN-41-MGE-S217	0	0	0	0	0	0	0	0	0
NG_065078.1	GIN-41-MGE-S217	0	0	0	0	0	0	0	0	0
NG_065077.1	GIN-41-MGE-S217	0	0	0	0	0	0	0	0	0
NG_065076.1	GIN-41-MGE-S217	0	0	0	0	0	0	0	0	0
NG_065075.1	GIN-41-MGE-S217	0	0	0	0	0	0	0	0	0
NG_065074.1	GIN-41-MGE-S217	0	0	0	0	0	0	0	0	0
NG_065073.1	GIN-41-MGE-S217	0	0	0	0	0	0	0	0	0
NG_065072.1	GIN-41-MGE-S217	0	0	0	0	0	0	0	0	0
NG_065070.1	GIN-41-MGE-S217	0	0	0	0	0	0	0	0	0
NG_065068.1	GIN-41-MGE-S217	0	0	0	0	0	0	0	0	0
NG_065065.1	GIN-41-MGE-S217	0	0	0	0	0	0	0	0	0
NG_065064.1	GIN-41-MGE-S217	0	0	0	0	0	0	0	0	0
NG_065063.1	GIN-41-MGE-S217	0	0	0	0	0	0	0	0	0
NG_065062.1	GIN-41-MGE-S217	0	0	0	0	0	0	0	0	0
NG_065061.1	GIN-41-MGE-S217	0	0	0	0	0	0	0	0	0
NG_065060.1	GIN-41-MGE-S217	0	0	0	0	0	0	0	0	0
NG_065059.1	GIN-41-MGE-S217	0	0	0	0	0	0	0	0	0
NG_065058.1	GIN-41-MGE-S217	0	0	0	0	0	0	0	0	0
NG_065057.1	GIN-41-MGE-S217	0	0	0	0	0	0	0	0	0
NG_065056.1	GIN-41-MGE-S217	0	0	0	0	0	0	0	0	0
NG_065055.1	GIN-41-MGE-S217	0	0	0	0	0	0	0	0	0
NG_065054.1	GIN-41-MGE-S217	0	0	0	0	0	0	0	0	0
NG_065053.1	GIN-41-MGE-S217	0	0	0	0	0	0	0	0	0
NG_065052.1	GIN-41-MGE-S217	0	0	0	0	0	0	0	0	0
NG_065051.1	GIN-41-MGE-S217	0	0	0	0	0	0	0	0	0
NG_065050.1	GIN-41-MGE-S217	0	0	0	0	0	0	0	0	0
NG_065049.1	GIN-41-MGE-S217	0	0	0	0	0	0	0	0	0
NG_065048.1	GIN-41-MGE-S217	0	0	0	0	0	0	0	0	0
NG_065047.1	GIN-41-MGE-S217	0	0	0	0	0	0	0	0	0
NG_065046.1	GIN-41-MGE-S217	0	0	0	0	0	0	0	0	0
NG_065045.1	GIN-41-MGE-S217	0	0	0	0	0	0	0	0	0
NG_065044.1	GIN-41-MGE-S217	0	0	0	0	0	0	0	0	0
NG_065043.1	GIN-41-MGE-S217	0	0	0	0	0	0	0	0	0
NG_065042.1	GIN-41-MGE-S217	0	0	0	0	0	0	0	0	0
NG_065041.1	GIN-41-MGE-S217	0	0	0	0	0	0	0	0	0
NG_065040.1	GIN-41-MGE-S217	0	0	0	0	0	0	0	0	0
NG_065039.1	GIN-41-MGE-S217	0	0	0	0	0	0	0	0	0
NG_065038.1	GIN-41-MGE-S217	0	0	0	0	0	0	0	0	0
NG_065037.1	GIN-41-MGE-S217	0	0	0	0	0	0	0	0	0
NG_065036.1	GIN-41-MGE-S217	0	0	0	0	0	0	0	0	0
NG_065034.1	GIN-41-MGE-S217	0	0	0	0	0	0	0	0	0
NG_065033.1	GIN-41-MGE-S217	0	0	0	0	0	0	0	0	0
NG_065032.1	GIN-41-MGE-S217	0	0	0	0	0	0	0	0	0
NG_065031.1	GIN-41-MGE-S217	0	0	0	0	0	0	0	0	0
NG_065030.1	GIN-41-MGE-S217	0	0	0	0	0	0	0	0	0
NG_065029.1	GIN-41-MGE-S217	0	0	0	0	0	0	0	0	0
NG_065028.1	GIN-41-MGE-S217	0	0	0	0	0	0	0	0	0
NG_065027.1	GIN-41-MGE-S217	0	0	0	0	0	0	0	0	0
NG_065026.1	GIN-41-MGE-S217	0	0	0	0	0	0	0	0	0
NG_065025.1	GIN-41-MGE-S217	0	0	0	0	0	0	0	0	0
NG_065024.1	GIN-41-MGE-S217	0	0	0	0	0	0	0	0	0
NG_065023.1	GIN-41-MGE-S217	0	0	0	0	0	0	0	0	0
NG_065022.1	GIN-41-MGE-S217	0	0	0	0	0	0	0	0	0
NG_065021.1	GIN-41-MGE-S217	0	0	0	0	0	0	0	0	0
NG_065020.1	GIN-41-MGE-S217	0	0	0	0	0	0	0	0	0
NG_065019.1	GIN-41-MGE-S217	0	0	0	0	0	0	0	0	0
NG_065018.1	GIN-41-MGE-S217	0	0	0	0	0	0	0	0	0
NG_065017.1	GIN-41-MGE-S217	0	0	0	0	0	0	0	0	0
NG_065012.1	GIN-41-MGE-S217	0	0	0	0	0	0	0	0	0
NG_065011.1	GIN-41-MGE-S217	0	0	0	0	0	0	0	0	0
NG_065010.1	GIN-41-MGE-S217	0	0	0	0	0	0	0	0	0
NG_065009.1	GIN-41-MGE-S217	0	0	0	0	0	0	0	0	0
NG_065008.1	GIN-41-MGE-S217	0	0	0	0	0	0	0	0	0
NG_065007.1	GIN-41-MGE-S217	0	0	0	0	0	0	0	0	0
NG_065006.1	GIN-41-MGE-S217	0	0	0	0	0	0	0	0	0
NG_065005.1	GIN-41-MGE-S217	0	0	0	0	0	0	0	0	0
NG_065004.1	GIN-41-MGE-S217	0	0	0	0	0	0	0	0	0
NG_065002.1	GIN-41-MGE-S217	0	0	0	0	0	0	0	0	0
NG_065001.1	GIN-41-MGE-S217	0	0	0	0	0	0	0	0	0
NG_065000.1	GIN-41-MGE-S217	0	0	0	0	0	0	0	0	0
NG_064999.1	GIN-41-MGE-S217	0	0	0	0	0	0	0	0	0
NG_064998.1	GIN-41-MGE-S217	0	0	0	0	0	0	0	0	0
NG_064997.1	GIN-41-MGE-S217	0	0	0	0	0	0	0	0	0
NG_064996.1	GIN-41-MGE-S217	0	0	0	0	0	0	0	0	0
NG_064995.1	GIN-41-MGE-S217	0	0	0	0	0	0	0	0	0
NG_064994.1	GIN-41-MGE-S217	0	0	0	0	0	0	0	0	0
NG_064991.1	GIN-41-MGE-S217	0	0	0	0	0	0	0	0	0
NG_064990.1	GIN-41-MGE-S217	0	0	0	0	0	0	0	0	0
NG_064989.1	GIN-41-MGE-S217	0	0	0	0	0	0	0	0	0
NG_064988.1	GIN-41-MGE-S217	0	0	0	0	0	0	0	0	0
NG_064987.1	GIN-41-MGE-S217	0	0	0	0	0	0	0	0	0
NG_064986.1	GIN-41-MGE-S217	0	0	0	0	0	0	0	0	0
NG_064985.1	GIN-41-MGE-S217	0	0	0	0	0	0	0	0	0
NG_064984.1	GIN-41-MGE-S217	0	0	0	0	0	0	0	0	0
NG_064983.1	GIN-41-MGE-S217	0	0	0	0	0	0	0	0	0
NG_064982.1	GIN-41-MGE-S217	0	0	0	0	0	0	0	0	0
NG_064981.1	GIN-41-MGE-S217	0	0	0	0	0	0	0	0	0
NG_064980.1	GIN-41-MGE-S217	0	0	0	0	0	0	0	0	0
NG_064979.1	GIN-41-MGE-S217	0	0	0	0	0	0	0	0	0
NG_064978.1	GIN-41-MGE-S217	0	0	0	0	0	0	0	0	0
NG_064977.1	GIN-41-MGE-S217	0	0	0	0	0	0	0	0	0
NG_064976.1	GIN-41-MGE-S217	0	0	0	0	0	0	0	0	0
NG_064975.1	GIN-41-MGE-S217	0	0	0	0	0	0	0	0	0
NG_064974.1	GIN-41-MGE-S217	0	0	0	0	0	0	0	0	0
NG_064973.1	GIN-41-MGE-S217	0	0	0	0	0	0	0	0	0
NG_064972.1	GIN-41-MGE-S217	0	0	0	0	0	0	0	0	0
NG_064971.1	GIN-41-MGE-S217	0	0	0	0	0	0	0	0	0
NG_064970.1	GIN-41-MGE-S217	0	0	0	0	0	0	0	0	0
NG_064969.1	GIN-41-MGE-S217	0	0	0	0	0	0	0	0	0
NG_064968.1	GIN-41-MGE-S217	0	0	0	0	0	0	0	0	0
NG_064967.1	GIN-41-MGE-S217	0	0	0	0	0	0	0	0	0
NG_064966.1	GIN-41-MGE-S217	0	0	0	0	0	0	0	0	0
NG_064965.1	GIN-41-MGE-S217	0	0	0	0	0	0	0	0	0
NG_064963.1	GIN-41-MGE-S217	0	0	0	0	0	0	0	0	0
NG_064961.1	GIN-41-MGE-S217	0	0	0	0	0	0	0	0	0
NG_064959.1	GIN-41-MGE-S217	0	0	0	0	0	0	0	0	0
NG_064958.1	GIN-41-MGE-S217	0	0	0	0	0	0	0	0	0
NG_064957.1	GIN-41-MGE-S217	0	0	0	0	0	0	0	0	0
NG_064956.1	GIN-41-MGE-S217	0	0	0	0	0	0	0	0	0
NG_064955.1	GIN-41-MGE-S217	0	0	0	0	0	0	0	0	0
NG_064954.1	GIN-41-MGE-S217	0	0	0	0	0	0	0	0	0
NG_064953.1	GIN-41-MGE-S217	0	0	0	0	0	0	0	0	0
NG_064952.1	GIN-41-MGE-S217	0	0	0	0	0	0	0	0	0
NG_064951.1	GIN-41-MGE-S217	0	0	0	0	0	0	0	0	0
NG_064950.1	GIN-41-MGE-S217	0	0	0	0	0	0	0	0	0
NG_064949.1	GIN-41-MGE-S217	0	0	0	0	0	0	0	0	0
NG_064948.1	GIN-41-MGE-S217	0	0	0	0	0	0	0	0	0
NG_064947.1	GIN-41-MGE-S217	0	0	0	0	0	0	0	0	0
NG_064946.1	GIN-41-MGE-S217	0	0	0	0	0	0	0	0	0
NG_064945.1	GIN-41-MGE-S217	0	0	0	0	0	0	0	0	0
NG_064944.1	GIN-41-MGE-S217	0	0	0	0	0	0	0	0	0
NG_064943.1	GIN-41-MGE-S217	0	0	0	0	0	0	0	0	0
NG_064942.1	GIN-41-MGE-S217	0	0	0	0	0	0	0	0	0
NG_064941.1	GIN-41-MGE-S217	0	0	0	0	0	0	0	0	0
NG_064940.1	GIN-41-MGE-S217	0	0	0	0	0	0	0	0	0
NG_064939.1	GIN-41-MGE-S217	0	0	0	0	0	0	0	0	0
NG_064938.1	GIN-41-MGE-S217	0	0	0	0	0	0	0	0	0
NG_064937.1	GIN-41-MGE-S217	0	0	0	0	0	0	0	0	0
NG_064935.1	GIN-41-MGE-S217	0	0	0	0	0	0	0	0	0
NG_064933.1	GIN-41-MGE-S217	0	0	0	0	0	0	0	0	0
NG_064932.1	GIN-41-MGE-S217	0	0	0	0	0	0	0	0	0
NG_064931.1	GIN-41-MGE-S217	0	0	0	0	0	0	0	0	0
NG_064930.1	GIN-41-MGE-S217	0	0	0	0	0	0	0	0	0
NG_064929.1	GIN-41-MGE-S217	0	0	0	0	0	0	0	0	0
NG_064927.1	GIN-41-MGE-S217	0	0	0	0	0	0	0	0	0
NG_064926.1	GIN-41-MGE-S217	0	0	0	0	0	0	0	0	0
NG_064925.1	GIN-41-MGE-S217	0	0	0	0	0	0	0	0	0
NG_064924.1	GIN-41-MGE-S217	0	0	0	0	0	0	0	0	0
NG_064923.1	GIN-41-MGE-S217	0	0	0	0	0	0	0	0	0
NG_064922.1	GIN-41-MGE-S217	0	0	0	0	0	0	0	0	0
NG_064921.1	GIN-41-MGE-S217	0	0	0	0	0	0	0	0	0
NG_064920.1	GIN-41-MGE-S217	0	0	0	0	0	0	0	0	0
NG_064919.1	GIN-41-MGE-S217	0	0	0	0	0	0	0	0	0
NG_064918.1	GIN-41-MGE-S217	0	0	0	0	0	0	0	0	0
NG_064917.1	GIN-41-MGE-S217	0	0	0	0	0	0	0	0	0
NG_064916.1	GIN-41-MGE-S217	0	0	0	0	0	0	0	0	0
NG_064915.1	GIN-41-MGE-S217	0	0	0	0	0	0	0	0	0
NG_064914.1	GIN-41-MGE-S217	0	0	0	0	0	0	0	0	0
NG_064912.1	GIN-41-MGE-S217	0	0	0	0	0	0	0	0	0
NG_064911.1	GIN-41-MGE-S217	0	0	0	0	0	0	0	0	0
NG_064910.1	GIN-41-MGE-S217	0	0	0	0	0	0	0	0	0
NG_064909.1	GIN-41-MGE-S217	0	0	0	0	0	0	0	0	0
NG_064908.1	GIN-41-MGE-S217	0	0	0	0	0	0	0	0	0
NG_064907.1	GIN-41-MGE-S217	0	0	0	0	0	0	0	0	0
NG_064906.1	GIN-41-MGE-S217	0	0	0	0	0	0	0	0	0
NG_064905.1	GIN-41-MGE-S217	0	0	0	0	0	0	0	0	0
NG_064904.1	GIN-41-MGE-S217	0	0	0	0	0	0	0	0	0
NG_064903.1	GIN-41-MGE-S217	0	0	0	0	0	0	0	0	0
NG_064902.1	GIN-41-MGE-S217	0	0	0	0	0	0	0	0	0
NG_064901.1	GIN-41-MGE-S217	0	0	0	0	0	0	0	0	0
NG_064899.1	GIN-41-MGE-S217	0	0	0	0	0	0	0	0	0
NG_064898.1	GIN-41-MGE-S217	0	0	0	0	0	0	0	0	0
NG_064897.1	GIN-41-MGE-S217	0	0	0	0	0	0	0	0	0
NG_064896.1	GIN-41-MGE-S217	0	0	0	0	0	0	0	0	0
NG_064895.1	GIN-41-MGE-S217	0	0	0	0	0	0	0	0	0
NG_064891.1	GIN-41-MGE-S217	0	0	0	0	0	0	0	0	0
NG_064890.1	GIN-41-MGE-S217	0	0	0	0	0	0	0	0	0
NG_064889.1	GIN-41-MGE-S217	0	0	0	0	0	0	0	0	0
NG_064888.1	GIN-41-MGE-S217	0	0	0	0	0	0	0	0	0
NG_064887.1	GIN-41-MGE-S217	0	0	0	0	0	0	0	0	0
NG_064886.1	GIN-41-MGE-S217	0	0	0	0	0	0	0	0	0
NG_064885.1	GIN-41-MGE-S217	0	0	0	0	0	0	0	0	0
NG_064884.1	GIN-41-MGE-S217	0	0	0	0	0	0	0	0	0
NG_064882.1	GIN-41-MGE-S217	0	0	0	0	0	0	0	0	0
NG_064881.1	GIN-41-MGE-S217	0	0	0	0	0	0	0	0	0
NG_064880.1	GIN-41-MGE-S217	0	0	0	0	0	0	0	0	0
NG_064879.1	GIN-41-MGE-S217	0	0	0	0	0	0	0	0	0
NG_064878.1	GIN-41-MGE-S217	0	0	0	0	0	0	0	0	0
NG_064876.1	GIN-41-MGE-S217	0	0	0	0	0	0	0	0	0
NG_064875.1	GIN-41-MGE-S217	0	0	0	0	0	0	0	0	0
NG_064874.1	GIN-41-MGE-S217	0	0	0	0	0	0	0	0	0
NG_064873.1	GIN-41-MGE-S217	0	0	0	0	0	0	0	0	0
NG_064872.1	GIN-41-MGE-S217	0	0	0	0	0	0	0	0	0
NG_064871.1	GIN-41-MGE-S217	0	0	0	0	0	0	0	0	0
NG_064870.1	GIN-41-MGE-S217	0	0	0	0	0	0	0	0	0
NG_064869.1	GIN-41-MGE-S217	0	0	0	0	0	0	0	0	0
NG_064868.1	GIN-41-MGE-S217	0	0	0	0	0	0	0	0	0
NG_064867.1	GIN-41-MGE-S217	0	0	0	0	0	0	0	0	0
NG_064866.1	GIN-41-MGE-S217	0	0	0	0	0	0	0	0	0
NG_064865.1	GIN-41-MGE-S217	0	0	0	0	0	0	0	0	0
NG_064864.1	GIN-41-MGE-S217	0	0	0	0	0	0	0	0	0
NG_064863.1	GIN-41-MGE-S217	0	0	0	0	0	0	0	0	0
NG_064862.1	GIN-41-MGE-S217	0	0	0	0	0	0	0	0	0
NG_064861.1	GIN-41-MGE-S217	0	0	0	0	0	0	0	0	0
NG_064860.1	GIN-41-MGE-S217	0	0	0	0	0	0	0	0	0
NG_064859.1	GIN-41-MGE-S217	0	0	0	0	0	0	0	0	0
NG_064858.1	GIN-41-MGE-S217	0	0	0	0	0	0	0	0	0
NG_064856.1	GIN-41-MGE-S217	0	0	0	0	0	0	0	0	0
NG_064855.1	GIN-41-MGE-S217	0	0	0	0	0	0	0	0	0
NG_064854.1	GIN-41-MGE-S217	0	0	0	0	0	0	0	0	0
NG_064853.1	GIN-41-MGE-S217	0	0	0	0	0	0	0	0	0
NG_064852.1	GIN-41-MGE-S217	0	0	0	0	0	0	0	0	0
NG_064851.1	GIN-41-MGE-S217	0	0	0	0	0	0	0	0	0
NG_064850.1	GIN-41-MGE-S217	0	0	0	0	0	0	0	0	0
NG_064849.1	GIN-41-MGE-S217	0	0	0	0	0	0	0	0	0
NG_064848.1	GIN-41-MGE-S217	0	0	0	0	0	0	0	0	0
NG_064847.1	GIN-41-MGE-S217	0	0	0	0	0	0	0	0	0
NG_064846.1	GIN-41-MGE-S217	0	0	0	0	0	0	0	0	0
NG_064845.1	GIN-41-MGE-S217	0	0	0	0	0	0	0	0	0
NG_064844.1	GIN-41-MGE-S217	0	0	0	0	0	0	0	0	0
NG_064843.1	GIN-41-MGE-S217	0	0	0	0	0	0	0	0	0
NG_064842.1	GIN-41-MGE-S217	0	0	0	0	0	0	0	0	0
NG_064841.1	GIN-41-MGE-S217	0	0	0	0	0	0	0	0	0
NG_064840.1	GIN-41-MGE-S217	0	0	0	0	0	0	0	0	0
NG_064839.1	GIN-41-MGE-S217	0	0	0	0	0	0	0	0	0
NG_064838.1	GIN-41-MGE-S217	0	0	0	0	0	0	0	0	0
NG_064837.1	GIN-41-MGE-S217	0	0	0	0	0	0	0	0	0
NG_064836.1	GIN-41-MGE-S217	0	0	0	0	0	0	0	0	0
NG_064835.1	GIN-41-MGE-S217	0	0	0	0	0	0	0	0	0
NG_064834.1	GIN-41-MGE-S217	0	0	0	0	0	0	0	0	0
NG_064833.1	GIN-41-MGE-S217	0	0	0	0	0	0	0	0	0
NG_064832.1	GIN-41-MGE-S217	0	0	0	0	0	0	0	0	0
NG_064831.1	GIN-41-MGE-S217	0	0	0	0	0	0	0	0	0
NG_064830.1	GIN-41-MGE-S217	0	0	0	0	0	0	0	0	0
NG_064829.1	GIN-41-MGE-S217	0	0	0	0	0	0	0	0	0
NG_064828.1	GIN-41-MGE-S217	0	0	0	0	0	0	0	0	0
NG_064827.1	GIN-41-MGE-S217	0	0	0	0	0	0	0	0	0
NG_064826.1	GIN-41-MGE-S217	0	0	0	0	0	0	0	0	0
NG_064825.1	GIN-41-MGE-S217	0	0	0	0	0	0	0	0	0
NG_064824.1	GIN-41-MGE-S217	0	0	0	0	0	0	0	0	0
NG_064821.1	GIN-41-MGE-S217	0	0	0	0	0	0	0	0	0
NG_064820.1	GIN-41-MGE-S217	0	0	0	0	0	0	0	0	0
NG_064819.1	GIN-41-MGE-S217	0	0	0	0	0	0	0	0	0
NG_064818.1	GIN-41-MGE-S217	0	0	0	0	0	0	0	0	0
NG_064817.1	GIN-41-MGE-S217	0	0	0	0	0	0	0	0	0
NG_064816.1	GIN-41-MGE-S217	0	0	0	0	0	0	0	0	0
NG_064815.1	GIN-41-MGE-S217	0	0	0	0	0	0	0	0	0
NG_064814.1	GIN-41-MGE-S217	0	0	0	0	0	0	0	0	0
NG_064813.1	GIN-41-MGE-S217	0	0	0	0	0	0	0	0	0
NG_064812.1	GIN-41-MGE-S217	0	0	0	0	0	0	0	0	0
NG_064811.1	GIN-41-MGE-S217	0	0	0	0	0	0	0	0	0
NG_064810.1	GIN-41-MGE-S217	0	0	0	0	0	0	0	0	0
NG_064808.1	GIN-41-MGE-S217	0	0	0	0	0	0	0	0	0
NG_064807.1	GIN-41-MGE-S217	0	0	0	0	0	0	0	0	0
NG_064806.1	GIN-41-MGE-S217	0	0	0	0	0	0	0	0	0
NG_064805.1	GIN-41-MGE-S217	0	0	0	0	0	0	0	0	0
NG_064804.1	GIN-41-MGE-S217	0	0	0	0	0	0	0	0	0
NG_064803.1	GIN-41-MGE-S217	0	0	0	0	0	0	0	0	0
NG_064802.1	GIN-41-MGE-S217	0	0	0	0	0	0	0	0	0
NG_064801.1	GIN-41-MGE-S217	0	0	0	0	0	0	0	0	0
NG_064800.1	GIN-41-MGE-S217	0	0	0	0	0	0	0	0	0
NG_064799.1	GIN-41-MGE-S217	0	0	0	0	0	0	0	0	0
NG_064797.1	GIN-41-MGE-S217	0	0	0	0	0	0	0	0	0
NG_064796.1	GIN-41-MGE-S217	0	0	0	0	0	0	0	0	0
NG_064795.1	GIN-41-MGE-S217	0	0	0	0	0	0	0	0	0
NG_064794.1	GIN-41-MGE-S217	0	0	0	0	0	0	0	0	0
NG_063372.1	GIN-41-MGE-S217	0	0	0	0	0	0	0	0	0
NG_063410.1	GIN-41-MGE-S217	0	0	0	0	0	0	0	0	0
NG_062811.1	GIN-41-MGE-S217	0	0	0	0	0	0	0	0	0
NG_062808.1	GIN-41-MGE-S217	0	0	0	0	0	0	0	0	0
NG_063640.1	GIN-41-MGE-S217	0	0	0	0	0	0	0	0	0
NG_063634.1	GIN-41-MGE-S217	0	0	0	0	0	0	0	0	0
NG_063633.1	GIN-41-MGE-S217	0	0	0	0	0	0	0	0	0
NG_063630.1	GIN-41-MGE-S217	0	0	0	0	0	0	0	0	0
NG_063629.1	GIN-41-MGE-S217	0	0	0	0	0	0	0	0	0
NG_063600.1	GIN-41-MGE-S217	0	0	0	0	0	0	0	0	0
NG_063599.1	GIN-41-MGE-S217	0	0	0	0	0	0	0	0	0
NG_063596.1	GIN-41-MGE-S217	0	0	0	0	0	0	0	0	0
NG_063585.1	GIN-41-MGE-S217	0	0	0	0	0	0	0	0	0
NG_063563.1	GIN-41-MGE-S217	0	0	0	0	0	0	0	0	0
NG_063698.1	GIN-41-MGE-S217	0	0	0	0	0	0	0	0	0
NG_063697.1	GIN-41-MGE-S217	0	0	0	0	0	0	0	0	0
NG_063696.1	GIN-41-MGE-S217	0	0	0	0	0	0	0	0	0
NG_063695.1	GIN-41-MGE-S217	0	0	0	0	0	0	0	0	0
NG_063694.1	GIN-41-MGE-S217	0	0	0	0	0	0	0	0	0
NG_063693.1	GIN-41-MGE-S217	0	0	0	0	0	0	0	0	0
NG_063692.1	GIN-41-MGE-S217	0	0	0	0	0	0	0	0	0
NG_063691.1	GIN-41-MGE-S217	0	0	0	0	0	0	0	0	0
NG_063690.1	GIN-41-MGE-S217	0	0	0	0	0	0	0	0	0
NG_063689.1	GIN-41-MGE-S217	0	0	0	0	0	0	0	0	0
NG_063688.1	GIN-41-MGE-S217	0	0	0	0	0	0	0	0	0
NG_063687.1	GIN-41-MGE-S217	0	0	0	0	0	0	0	0	0
NG_063685.1	GIN-41-MGE-S217	0	0	0	0	0	0	0	0	0
NG_063684.1	GIN-41-MGE-S217	0	0	0	0	0	0	0	0	0
NG_063683.1	GIN-41-MGE-S217	0	0	0	0	0	0	0	0	0
NG_063680.1	GIN-41-MGE-S217	0	0	0	0	0	0	0	0	0
NG_063679.1	GIN-41-MGE-S217	0	0	0	0	0	0	0	0	0
NG_063678.1	GIN-41-MGE-S217	0	0	0	0	0	0	0	0	0
NG_063677.1	GIN-41-MGE-S217	0	0	0	0	0	0	0	0	0
NG_063676.1	GIN-41-MGE-S217	0	0	0	0	0	0	0	0	0
NG_063675.1	GIN-41-MGE-S217	0	0	0	0	0	0	0	0	0
NG_063674.1	GIN-41-MGE-S217	0	0	0	0	0	0	0	0	0
NG_063673.1	GIN-41-MGE-S217	0	0	0	0	0	0	0	0	0
NG_063672.1	GIN-41-MGE-S217	0	0	0	0	0	0	0	0	0
NG_063671.1	GIN-41-MGE-S217	0	0	0	0	0	0	0	0	0
NG_063670.1	GIN-41-MGE-S217	0	0	0	0	0	0	0	0	0
NG_063669.1	GIN-41-MGE-S217	0	0	0	0	0	0	0	0	0
NG_063668.1	GIN-41-MGE-S217	0	0	0	0	0	0	0	0	0
NG_063667.1	GIN-41-MGE-S217	0	0	0	0	0	0	0	0	0
NG_063666.1	GIN-41-MGE-S217	0	0	0	0	0	0	0	0	0
NG_063665.1	GIN-41-MGE-S217	0	0	0	0	0	0	0	0	0
NG_063664.1	GIN-41-MGE-S217	0	0	0	0	0	0	0	0	0
NG_063663.1	GIN-41-MGE-S217	0	0	0	0	0	0	0	0	0
NG_063662.1	GIN-41-MGE-S217	0	0	0	0	0	0	0	0	0
NG_063661.1	GIN-41-MGE-S217	0	0	0	0	0	0	0	0	0
NG_063660.1	GIN-41-MGE-S217	0	0	0	0	0	0	0	0	0
NG_063659.1	GIN-41-MGE-S217	0	0	0	0	0	0	0	0	0
NG_063658.1	GIN-41-MGE-S217	0	0	0	0	0	0	0	0	0
NG_063656.1	GIN-41-MGE-S217	0	0	0	0	0	0	0	0	0
NG_063655.1	GIN-41-MGE-S217	0	0	0	0	0	0	0	0	0
NG_063654.1	GIN-41-MGE-S217	0	0	0	0	0	0	0	0	0
NG_063653.1	GIN-41-MGE-S217	0	0	0	0	0	0	0	0	0
NG_063652.1	GIN-41-MGE-S217	0	0	0	0	0	0	0	0	0
NG_063651.1	GIN-41-MGE-S217	0	0	0	0	0	0	0	0	0
NG_063650.1	GIN-41-MGE-S217	0	0	0	0	0	0	0	0	0
NG_063647.1	GIN-41-MGE-S217	0	0	0	0	0	0	0	0	0
NG_063646.1	GIN-41-MGE-S217	0	0	0	0	0	0	0	0	0
NG_063645.1	GIN-41-MGE-S217	0	0	0	0	0	0	0	0	0
NG_063644.1	GIN-41-MGE-S217	0	0	0	0	0	0	0	0	0
NG_063643.1	GIN-41-MGE-S217	0	0	0	0	0	0	0	0	0
NG_063642.1	GIN-41-MGE-S217	0	0	0	0	0	0	0	0	0
NG_063641.1	GIN-41-MGE-S217	0	0	0	0	0	0	0	0	0
NG_063639.1	GIN-41-MGE-S217	0	0	0	0	0	0	0	0	0
NG_063638.1	GIN-41-MGE-S217	0	0	0	0	0	0	0	0	0
NG_063637.1	GIN-41-MGE-S217	0	0	0	0	0	0	0	0	0
NG_063635.1	GIN-41-MGE-S217	0	0	0	0	0	0	0	0	0
NG_063632.1	GIN-41-MGE-S217	0	0	0	0	0	0	0	0	0
NG_063631.1	GIN-41-MGE-S217	0	0	0	0	0	0	0	0	0
NG_063627.1	GIN-41-MGE-S217	0	0	0	0	0	0	0	0	0
NG_063626.1	GIN-41-MGE-S217	0	0	0	0	0	0	0	0	0
NG_063625.1	GIN-41-MGE-S217	0	0	0	0	0	0	0	0	0
NG_063624.1	GIN-41-MGE-S217	0	0	0	0	0	0	0	0	0
NG_063623.1	GIN-41-MGE-S217	0	0	0	0	0	0	0	0	0
NG_063622.1	GIN-41-MGE-S217	0	0	0	0	0	0	0	0	0
NG_063621.1	GIN-41-MGE-S217	0	0	0	0	0	0	0	0	0
NG_063620.1	GIN-41-MGE-S217	0	0	0	0	0	0	0	0	0
NG_063619.1	GIN-41-MGE-S217	0	0	0	0	0	0	0	0	0
NG_063618.1	GIN-41-MGE-S217	0	0	0	0	0	0	0	0	0
NG_063617.1	GIN-41-MGE-S217	0	0	0	0	0	0	0	0	0
NG_063616.1	GIN-41-MGE-S217	0	0	0	0	0	0	0	0	0
NG_063615.1	GIN-41-MGE-S217	0	0	0	0	0	0	0	0	0
NG_063614.1	GIN-41-MGE-S217	0	0	0	0	0	0	0	0	0
NG_063613.1	GIN-41-MGE-S217	0	0	0	0	0	0	0	0	0
NG_063611.1	GIN-41-MGE-S217	0	0	0	0	0	0	0	0	0
NG_063610.1	GIN-41-MGE-S217	0	0	0	0	0	0	0	0	0
NG_063609.1	GIN-41-MGE-S217	0	0	0	0	0	0	0	0	0
NG_063608.1	GIN-41-MGE-S217	0	0	0	0	0	0	0	0	0
NG_063607.1	GIN-41-MGE-S217	0	0	0	0	0	0	0	0	0
NG_063605.1	GIN-41-MGE-S217	0	0	0	0	0	0	0	0	0
NG_063603.1	GIN-41-MGE-S217	0	0	0	0	0	0	0	0	0
NG_063602.1	GIN-41-MGE-S217	0	0	0	0	0	0	0	0	0
NG_063601.1	GIN-41-MGE-S217	0	0	0	0	0	0	0	0	0
NG_063598.1	GIN-41-MGE-S217	0	0	0	0	0	0	0	0	0
NG_063597.1	GIN-41-MGE-S217	0	0	0	0	0	0	0	0	0
NG_063594.1	GIN-41-MGE-S217	0	0	0	0	0	0	0	0	0
NG_063593.1	GIN-41-MGE-S217	0	0	0	0	0	0	0	0	0
NG_063592.1	GIN-41-MGE-S217	0	0	0	0	0	0	0	0	0
NG_063591.1	GIN-41-MGE-S217	0	0	0	0	0	0	0	0	0
NG_063590.1	GIN-41-MGE-S217	0	0	0	0	0	0	0	0	0
NG_063589.1	GIN-41-MGE-S217	0	0	0	0	0	0	0	0	0
NG_063588.1	GIN-41-MGE-S217	0	0	0	0	0	0	0	0	0
NG_063587.1	GIN-41-MGE-S217	0	0	0	0	0	0	0	0	0
NG_063586.1	GIN-41-MGE-S217	0	0	0	0	0	0	0	0	0
NG_063583.1	GIN-41-MGE-S217	0	0	0	0	0	0	0	0	0
NG_063581.1	GIN-41-MGE-S217	0	0	0	0	0	0	0	0	0
NG_063580.1	GIN-41-MGE-S217	0	0	0	0	0	0	0	0	0
NG_063579.1	GIN-41-MGE-S217	0	0	0	0	0	0	0	0	0
NG_063578.1	GIN-41-MGE-S217	0	0	0	0	0	0	0	0	0
NG_063577.1	GIN-41-MGE-S217	0	0	0	0	0	0	0	0	0
NG_063576.1	GIN-41-MGE-S217	0	0	0	0	0	0	0	0	0
NG_063575.1	GIN-41-MGE-S217	0	0	0	0	0	0	0	0	0
NG_063574.1	GIN-41-MGE-S217	0	0	0	0	0	0	0	0	0
NG_063573.1	GIN-41-MGE-S217	0	0	0	0	0	0	0	0	0
NG_063572.1	GIN-41-MGE-S217	0	0	0	0	0	0	0	0	0
NG_063571.1	GIN-41-MGE-S217	0	0	0	0	0	0	0	0	0
NG_063570.1	GIN-41-MGE-S217	0	0	0	0	0	0	0	0	0
NG_063569.1	GIN-41-MGE-S217	0	0	0	0	0	0	0	0	0
NG_063568.1	GIN-41-MGE-S217	0	0	0	0	0	0	0	0	0
NG_063567.1	GIN-41-MGE-S217	0	0	0	0	0	0	0	0	0
NG_063565.1	GIN-41-MGE-S217	0	0	0	0	0	0	0	0	0
NG_063564.1	GIN-41-MGE-S217	0	0	0	0	0	0	0	0	0
NG_063562.1	GIN-41-MGE-S217	0	0	0	0	0	0	0	0	0
NG_063561.1	GIN-41-MGE-S217	0	0	0	0	0	0	0	0	0
NG_063560.1	GIN-41-MGE-S217	0	0	0	0	0	0	0	0	0
NG_063559.1	GIN-41-MGE-S217	0	0	0	0	0	0	0	0	0
NG_063558.1	GIN-41-MGE-S217	0	0	0	0	0	0	0	0	0
NG_063557.1	GIN-41-MGE-S217	0	0	0	0	0	0	0	0	0
NG_063556.1	GIN-41-MGE-S217	0	0	0	0	0	0	0	0	0
NG_063555.1	GIN-41-MGE-S217	0	0	0	0	0	0	0	0	0
NG_063554.1	GIN-41-MGE-S217	0	0	0	0	0	0	0	0	0
NG_063553.1	GIN-41-MGE-S217	0	0	0	0	0	0	0	0	0
NG_063552.1	GIN-41-MGE-S217	0	0	0	0	0	0	0	0	0
NG_063551.1	GIN-41-MGE-S217	0	0	0	0	0	0	0	0	0
NG_063550.1	GIN-41-MGE-S217	0	0	0	0	0	0	0	0	0
NG_063548.1	GIN-41-MGE-S217	0	0	0	0	0	0	0	0	0
NG_063547.1	GIN-41-MGE-S217	0	0	0	0	0	0	0	0	0
NG_063546.1	GIN-41-MGE-S217	0	0	0	0	0	0	0	0	0
NG_063545.1	GIN-41-MGE-S217	0	0	0	0	0	0	0	0	0
NG_063542.1	GIN-41-MGE-S217	0	0	0	0	0	0	0	0	0
NG_063541.1	GIN-41-MGE-S217	0	0	0	0	0	0	0	0	0
NG_063540.1	GIN-41-MGE-S217	0	0	0	0	0	0	0	0	0
NG_063539.1	GIN-41-MGE-S217	0	0	0	0	0	0	0	0	0
NG_063538.1	GIN-41-MGE-S217	0	0	0	0	0	0	0	0	0
NG_063537.1	GIN-41-MGE-S217	0	0	0	0	0	0	0	0	0
NG_063536.1	GIN-41-MGE-S217	0	0	0	0	0	0	0	0	0
NG_063535.1	GIN-41-MGE-S217	0	0	0	0	0	0	0	0	0
NG_063534.1	GIN-41-MGE-S217	0	0	0	0	0	0	0	0	0
NG_063533.1	GIN-41-MGE-S217	0	0	0	0	0	0	0	0	0
NG_063532.1	GIN-41-MGE-S217	0	0	0	0	0	0	0	0	0
NG_063531.1	GIN-41-MGE-S217	0	0	0	0	0	0	0	0	0
NG_063529.1	GIN-41-MGE-S217	0	0	0	0	0	0	0	0	0
NG_063528.1	GIN-41-MGE-S217	0	0	0	0	0	0	0	0	0
NG_063527.1	GIN-41-MGE-S217	0	0	0	0	0	0	0	0	0
NG_063526.1	GIN-41-MGE-S217	0	0	0	0	0	0	0	0	0
NG_063525.1	GIN-41-MGE-S217	0	0	0	0	0	0	0	0	0
NG_063524.1	GIN-41-MGE-S217	0	0	0	0	0	0	0	0	0
NG_063523.1	GIN-41-MGE-S217	0	0	0	0	0	0	0	0	0
NG_063522.1	GIN-41-MGE-S217	0	0	0	0	0	0	0	0	0
NG_063520.1	GIN-41-MGE-S217	0	0	0	0	0	0	0	0	0
NG_063519.1	GIN-41-MGE-S217	0	0	0	0	0	0	0	0	0
NG_063517.1	GIN-41-MGE-S217	0	0	0	0	0	0	0	0	0
NG_063516.1	GIN-41-MGE-S217	0	0	0	0	0	0	0	0	0
NG_063515.1	GIN-41-MGE-S217	0	0	0	0	0	0	0	0	0
NG_063514.1	GIN-41-MGE-S217	0	0	0	0	0	0	0	0	0
NG_063513.1	GIN-41-MGE-S217	0	0	0	0	0	0	0	0	0
NG_063510.1	GIN-41-MGE-S217	0	0	0	0	0	0	0	0	0
NG_063509.1	GIN-41-MGE-S217	0	0	0	0	0	0	0	0	0
NG_063508.1	GIN-41-MGE-S217	0	0	0	0	0	0	0	0	0
NG_063507.1	GIN-41-MGE-S217	0	0	0	0	0	0	0	0	0
NG_063505.1	GIN-41-MGE-S217	0	0	0	0	0	0	0	0	0
NG_063504.1	GIN-41-MGE-S217	0	0	0	0	0	0	0	0	0
NG_063503.1	GIN-41-MGE-S217	0	0	0	0	0	0	0	0	0
NG_063502.1	GIN-41-MGE-S217	0	0	0	0	0	0	0	0	0
NG_063501.1	GIN-41-MGE-S217	0	0	0	0	0	0	0	0	0
NG_063500.1	GIN-41-MGE-S217	0	0	0	0	0	0	0	0	0
NG_063499.1	GIN-41-MGE-S217	0	0	0	0	0	0	0	0	0
NG_063498.1	GIN-41-MGE-S217	0	0	0	0	0	0	0	0	0
NG_063497.1	GIN-41-MGE-S217	0	0	0	0	0	0	0	0	0
NG_063496.1	GIN-41-MGE-S217	0	0	0	0	0	0	0	0	0
NG_063495.1	GIN-41-MGE-S217	0	0	0	0	0	0	0	0	0
NG_063494.1	GIN-41-MGE-S217	0	0	0	0	0	0	0	0	0
NG_063493.1	GIN-41-MGE-S217	0	0	0	0	0	0	0	0	0
NG_063492.1	GIN-41-MGE-S217	0	0	0	0	0	0	0	0	0
NG_063491.1	GIN-41-MGE-S217	0	0	0	0	0	0	0	0	0
NG_063490.1	GIN-41-MGE-S217	0	0	0	0	0	0	0	0	0
NG_063489.1	GIN-41-MGE-S217	0	0	0	0	0	0	0	0	0
NG_063488.1	GIN-41-MGE-S217	0	0	0	0	0	0	0	0	0
NG_063487.1	GIN-41-MGE-S217	0	0	0	0	0	0	0	0	0
NG_063486.1	GIN-41-MGE-S217	0	0	0	0	0	0	0	0	0
NG_063485.1	GIN-41-MGE-S217	0	0	0	0	0	0	0	0	0
NG_063484.1	GIN-41-MGE-S217	0	0	0	0	0	0	0	0	0
NG_063483.1	GIN-41-MGE-S217	0	0	0	0	0	0	0	0	0
NG_063482.1	GIN-41-MGE-S217	0	0	0	0	0	0	0	0	0
NG_063481.1	GIN-41-MGE-S217	0	0	0	0	0	0	0	0	0
NG_063480.1	GIN-41-MGE-S217	0	0	0	0	0	0	0	0	0
NG_063479.1	GIN-41-MGE-S217	0	0	0	0	0	0	0	0	0
NG_063478.1	GIN-41-MGE-S217	0	0	0	0	0	0	0	0	0
NG_063477.1	GIN-41-MGE-S217	0	0	0	0	0	0	0	0	0
NG_063476.1	GIN-41-MGE-S217	0	0	0	0	0	0	0	0	0
NG_063475.1	GIN-41-MGE-S217	0	0	0	0	0	0	0	0	0
NG_063474.1	GIN-41-MGE-S217	0	0	0	0	0	0	0	0	0
NG_063473.1	GIN-41-MGE-S217	0	0	0	0	0	0	0	0	0
NG_063472.1	GIN-41-MGE-S217	0	0	0	0	0	0	0	0	0
NG_063471.1	GIN-41-MGE-S217	0	0	0	0	0	0	0	0	0
NG_063470.1	GIN-41-MGE-S217	0	0	0	0	0	0	0	0	0
NG_063469.1	GIN-41-MGE-S217	0	0	0	0	0	0	0	0	0
NG_063468.1	GIN-41-MGE-S217	0	0	0	0	0	0	0	0	0
NG_063467.1	GIN-41-MGE-S217	0	0	0	0	0	0	0	0	0
NG_063466.1	GIN-41-MGE-S217	0	0	0	0	0	0	0	0	0
NG_063465.1	GIN-41-MGE-S217	0	0	0	0	0	0	0	0	0
NG_063464.1	GIN-41-MGE-S217	0	0	0	0	0	0	0	0	0
NG_063463.1	GIN-41-MGE-S217	0	0	0	0	0	0	0	0	0
NG_063462.1	GIN-41-MGE-S217	0	0	0	0	0	0	0	0	0
NG_063461.1	GIN-41-MGE-S217	0	0	0	0	0	0	0	0	0
NG_063459.1	GIN-41-MGE-S217	0	0	0	0	0	0	0	0	0
NG_063458.1	GIN-41-MGE-S217	0	0	0	0	0	0	0	0	0
NG_063457.1	GIN-41-MGE-S217	0	0	0	0	0	0	0	0	0
NG_063456.1	GIN-41-MGE-S217	0	0	0	0	0	0	0	0	0
NG_063455.1	GIN-41-MGE-S217	0	0	0	0	0	0	0	0	0
NG_063454.1	GIN-41-MGE-S217	0	0	0	0	0	0	0	0	0
NG_063453.1	GIN-41-MGE-S217	0	0	0	0	0	0	0	0	0
NG_063452.1	GIN-41-MGE-S217	0	0	0	0	0	0	0	0	0
NG_063451.1	GIN-41-MGE-S217	0	0	0	0	0	0	0	0	0
NG_063450.1	GIN-41-MGE-S217	0	0	0	0	0	0	0	0	0
NG_063449.1	GIN-41-MGE-S217	0	0	0	0	0	0	0	0	0
NG_063448.1	GIN-41-MGE-S217	0	0	0	0	0	0	0	0	0
NG_063447.1	GIN-41-MGE-S217	0	0	0	0	0	0	0	0	0
NG_063446.1	GIN-41-MGE-S217	0	0	0	0	0	0	0	0	0
NG_063444.1	GIN-41-MGE-S217	0	0	0	0	0	0	0	0	0
NG_063442.1	GIN-41-MGE-S217	0	0	0	0	0	0	0	0	0
NG_063440.1	GIN-41-MGE-S217	0	0	0	0	0	0	0	0	0
NG_063439.1	GIN-41-MGE-S217	0	0	0	0	0	0	0	0	0
NG_063438.1	GIN-41-MGE-S217	0	0	0	0	0	0	0	0	0
NG_063437.1	GIN-41-MGE-S217	0	0	0	0	0	0	0	0	0
NG_063436.1	GIN-41-MGE-S217	0	0	0	0	0	0	0	0	0
NG_063435.1	GIN-41-MGE-S217	0	0	0	0	0	0	0	0	0
NG_063434.1	GIN-41-MGE-S217	0	0	0	0	0	0	0	0	0
NG_063432.1	GIN-41-MGE-S217	0	0	0	0	0	0	0	0	0
NG_063431.1	GIN-41-MGE-S217	0	0	0	0	0	0	0	0	0
NG_063430.1	GIN-41-MGE-S217	0	0	0	0	0	0	0	0	0
NG_063426.1	GIN-41-MGE-S217	0	0	0	0	0	0	0	0	0
NG_063425.1	GIN-41-MGE-S217	0	0	0	0	0	0	0	0	0
NG_063424.1	GIN-41-MGE-S217	0	0	0	0	0	0	0	0	0
NG_063423.1	GIN-41-MGE-S217	0	0	0	0	0	0	0	0	0
NG_063422.1	GIN-41-MGE-S217	0	0	0	0	0	0	0	0	0
NG_063421.1	GIN-41-MGE-S217	0	0	0	0	0	0	0	0	0
NG_063420.1	GIN-41-MGE-S217	0	0	0	0	0	0	0	0	0
NG_063419.1	GIN-41-MGE-S217	0	0	0	0	0	0	0	0	0
NG_063418.1	GIN-41-MGE-S217	0	0	0	0	0	0	0	0	0
NG_063417.1	GIN-41-MGE-S217	0	0	0	0	0	0	0	0	0
NG_063413.1	GIN-41-MGE-S217	0	0	0	0	0	0	0	0	0
NG_063411.1	GIN-41-MGE-S217	0	0	0	0	0	0	0	0	0
NG_063408.1	GIN-41-MGE-S217	0	0	0	0	0	0	0	0	0
NG_063407.1	GIN-41-MGE-S217	0	0	0	0	0	0	0	0	0
NG_063404.1	GIN-41-MGE-S217	0	0	0	0	0	0	0	0	0
NG_063403.1	GIN-41-MGE-S217	0	0	0	0	0	0	0	0	0
NG_063402.1	GIN-41-MGE-S217	0	0	0	0	0	0	0	0	0
NG_063401.1	GIN-41-MGE-S217	0	0	0	0	0	0	0	0	0
NG_063400.1	GIN-41-MGE-S217	0	0	0	0	0	0	0	0	0
NG_063399.1	GIN-41-MGE-S217	0	0	0	0	0	0	0	0	0
NG_063398.1	GIN-41-MGE-S217	0	0	0	0	0	0	0	0	0
NG_063397.1	GIN-41-MGE-S217	0	0	0	0	0	0	0	0	0
NG_063396.1	GIN-41-MGE-S217	0	0	0	0	0	0	0	0	0
NG_063395.1	GIN-41-MGE-S217	0	0	0	0	0	0	0	0	0
NG_063394.1	GIN-41-MGE-S217	0	0	0	0	0	0	0	0	0
NG_063392.1	GIN-41-MGE-S217	0	0	0	0	0	0	0	0	0
NG_063391.1	GIN-41-MGE-S217	0	0	0	0	0	0	0	0	0
NG_063390.1	GIN-41-MGE-S217	0	0	0	0	0	0	0	0	0
NG_063389.1	GIN-41-MGE-S217	0	0	0	0	0	0	0	0	0
NG_063388.1	GIN-41-MGE-S217	0	0	0	0	0	0	0	0	0
NG_063386.1	GIN-41-MGE-S217	0	0	0	0	0	0	0	0	0
NG_063385.1	GIN-41-MGE-S217	0	0	0	0	0	0	0	0	0
NG_063384.1	GIN-41-MGE-S217	0	0	0	0	0	0	0	0	0
NG_063383.1	GIN-41-MGE-S217	0	0	0	0	0	0	0	0	0
NG_063382.1	GIN-41-MGE-S217	0	0	0	0	0	0	0	0	0
NG_063381.1	GIN-41-MGE-S217	0	0	0	0	0	0	0	0	0
NG_063380.1	GIN-41-MGE-S217	0	0	0	0	0	0	0	0	0
NG_063379.1	GIN-41-MGE-S217	0	0	0	0	0	0	0	0	0
NG_063378.1	GIN-41-MGE-S217	0	0	0	0	0	0	0	0	0
NG_063377.1	GIN-41-MGE-S217	0	0	0	0	0	0	0	0	0
NG_063376.1	GIN-41-MGE-S217	0	0	0	0	0	0	0	0	0
NG_063375.1	GIN-41-MGE-S217	0	0	0	0	0	0	0	0	0
NG_063374.1	GIN-41-MGE-S217	0	0	0	0	0	0	0	0	0
NG_063373.1	GIN-41-MGE-S217	0	0	0	0	0	0	0	0	0
NG_063371.1	GIN-41-MGE-S217	0	0	0	0	0	0	0	0	0
NG_063370.1	GIN-41-MGE-S217	0	0	0	0	0	0	0	0	0
NG_063369.1	GIN-41-MGE-S217	0	0	0	0	0	0	0	0	0
NG_063368.1	GIN-41-MGE-S217	0	0	0	0	0	0	0	0	0
NG_063367.1	GIN-41-MGE-S217	0	0	0	0	0	0	0	0	0
NG_063366.1	GIN-41-MGE-S217	0	0	0	0	0	0	0	0	0
NG_063365.1	GIN-41-MGE-S217	0	0	0	0	0	0	0	0	0
NG_063364.1	GIN-41-MGE-S217	0	0	0	0	0	0	0	0	0
NG_063363.1	GIN-41-MGE-S217	0	0	0	0	0	0	0	0	0
NG_063362.1	GIN-41-MGE-S217	0	0	0	0	0	0	0	0	0
NG_063361.1	GIN-41-MGE-S217	0	0	0	0	0	0	0	0	0
NG_063360.1	GIN-41-MGE-S217	0	0	0	0	0	0	0	0	0
NG_063359.1	GIN-41-MGE-S217	0	0	0	0	0	0	0	0	0
NG_063358.1	GIN-41-MGE-S217	0	0	0	0	0	0	0	0	0
NG_063357.1	GIN-41-MGE-S217	0	0	0	0	0	0	0	0	0
NG_063356.1	GIN-41-MGE-S217	0	0	0	0	0	0	0	0	0
NG_063355.1	GIN-41-MGE-S217	0	0	0	0	0	0	0	0	0
NG_063354.1	GIN-41-MGE-S217	0	0	0	0	0	0	0	0	0
NG_063353.1	GIN-41-MGE-S217	0	0	0	0	0	0	0	0	0
NG_063352.1	GIN-41-MGE-S217	0	0	0	0	0	0	0	0	0
NG_063351.1	GIN-41-MGE-S217	0	0	0	0	0	0	0	0	0
NG_063350.1	GIN-41-MGE-S217	0	0	0	0	0	0	0	0	0
NG_063349.1	GIN-41-MGE-S217	0	0	0	0	0	0	0	0	0
NG_063348.1	GIN-41-MGE-S217	0	0	0	0	0	0	0	0	0
NG_063347.1	GIN-41-MGE-S217	0	0	0	0	0	0	0	0	0
NG_063346.1	GIN-41-MGE-S217	0	0	0	0	0	0	0	0	0
NG_063345.1	GIN-41-MGE-S217	0	0	0	0	0	0	0	0	0
NG_063344.1	GIN-41-MGE-S217	0	0	0	0	0	0	0	0	0
NG_063343.1	GIN-41-MGE-S217	0	0	0	0	0	0	0	0	0
NG_063342.1	GIN-41-MGE-S217	0	0	0	0	0	0	0	0	0
NG_063341.1	GIN-41-MGE-S217	0	0	0	0	0	0	0	0	0
NG_063340.1	GIN-41-MGE-S217	0	0	0	0	0	0	0	0	0
NG_063339.1	GIN-41-MGE-S217	0	0	0	0	0	0	0	0	0
NG_063338.1	GIN-41-MGE-S217	0	0	0	0	0	0	0	0	0
NG_063337.1	GIN-41-MGE-S217	0	0	0	0	0	0	0	0	0
NG_063336.1	GIN-41-MGE-S217	0	0	0	0	0	0	0	0	0
NG_063335.1	GIN-41-MGE-S217	0	0	0	0	0	0	0	0	0
NG_063334.1	GIN-41-MGE-S217	0	0	0	0	0	0	0	0	0
NG_063333.1	GIN-41-MGE-S217	0	0	0	0	0	0	0	0	0
NG_063332.1	GIN-41-MGE-S217	0	0	0	0	0	0	0	0	0
NG_063331.1	GIN-41-MGE-S217	0	0	0	0	0	0	0	0	0
NG_063330.1	GIN-41-MGE-S217	0	0	0	0	0	0	0	0	0
NG_063329.1	GIN-41-MGE-S217	0	0	0	0	0	0	0	0	0
NG_063328.1	GIN-41-MGE-S217	0	0	0	0	0	0	0	0	0
NG_063327.1	GIN-41-MGE-S217	0	0	0	0	0	0	0	0	0
NG_063325.1	GIN-41-MGE-S217	0	0	0	0	0	0	0	0	0
NG_063324.1	GIN-41-MGE-S217	0	0	0	0	0	0	0	0	0
NG_063323.1	GIN-41-MGE-S217	0	0	0	0	0	0	0	0	0
NG_063322.1	GIN-41-MGE-S217	0	0	0	0	0	0	0	0	0
NG_063321.1	GIN-41-MGE-S217	0	0	0	0	0	0	0	0	0
NG_063320.1	GIN-41-MGE-S217	0	0	0	0	0	0	0	0	0
NG_063319.1	GIN-41-MGE-S217	0	0	0	0	0	0	0	0	0
NG_063318.1	GIN-41-MGE-S217	0	0	0	0	0	0	0	0	0
NG_063317.1	GIN-41-MGE-S217	0	0	0	0	0	0	0	0	0
NG_063316.1	GIN-41-MGE-S217	0	0	0	0	0	0	0	0	0
NG_063315.1	GIN-41-MGE-S217	0	0	0	0	0	0	0	0	0
NG_063314.1	GIN-41-MGE-S217	0	0	0	0	0	0	0	0	0
NG_063313.1	GIN-41-MGE-S217	0	0	0	0	0	0	0	0	0
NG_063312.1	GIN-41-MGE-S217	0	0	0	0	0	0	0	0	0
NG_063311.1	GIN-41-MGE-S217	0	0	0	0	0	0	0	0	0
NG_063310.1	GIN-41-MGE-S217	0	0	0	0	0	0	0	0	0
NG_063309.1	GIN-41-MGE-S217	0	0	0	0	0	0	0	0	0
NG_063308.1	GIN-41-MGE-S217	0	0	0	0	0	0	0	0	0
NG_063307.1	GIN-41-MGE-S217	0	0	0	0	0	0	0	0	0
NG_063306.1	GIN-41-MGE-S217	0	0	0	0	0	0	0	0	0
NG_063305.1	GIN-41-MGE-S217	0	0	0	0	0	0	0	0	0
NG_063304.1	GIN-41-MGE-S217	0	0	0	0	0	0	0	0	0
NG_063303.1	GIN-41-MGE-S217	0	0	0	0	0	0	0	0	0
NG_063302.1	GIN-41-MGE-S217	0	0	0	0	0	0	0	0	0
NG_063301.1	GIN-41-MGE-S217	0	0	0	0	0	0	0	0	0
NG_063300.1	GIN-41-MGE-S217	0	0	0	0	0	0	0	0	0
NG_063299.1	GIN-41-MGE-S217	0	0	0	0	0	0	0	0	0
NG_063298.1	GIN-41-MGE-S217	0	0	0	0	0	0	0	0	0
NG_063297.1	GIN-41-MGE-S217	0	0	0	0	0	0	0	0	0
NG_063296.1	GIN-41-MGE-S217	0	0	0	0	0	0	0	0	0
NG_063295.1	GIN-41-MGE-S217	0	0	0	0	0	0	0	0	0
NG_063294.1	GIN-41-MGE-S217	0	0	0	0	0	0	0	0	0
NG_063293.1	GIN-41-MGE-S217	0	0	0	0	0	0	0	0	0
NG_063292.1	GIN-41-MGE-S217	0	0	0	0	0	0	0	0	0
NG_063291.1	GIN-41-MGE-S217	0	0	0	0	0	0	0	0	0
NG_063290.1	GIN-41-MGE-S217	0	0	0	0	0	0	0	0	0
NG_063289.1	GIN-41-MGE-S217	0	0	0	0	0	0	0	0	0
NG_063288.1	GIN-41-MGE-S217	0	0	0	0	0	0	0	0	0
NG_063287.1	GIN-41-MGE-S217	0	0	0	0	0	0	0	0	0
NG_063286.1	GIN-41-MGE-S217	0	0	0	0	0	0	0	0	0
NG_063285.1	GIN-41-MGE-S217	0	0	0	0	0	0	0	0	0
NG_063284.1	GIN-41-MGE-S217	0	0	0	0	0	0	0	0	0
NG_063283.1	GIN-41-MGE-S217	0	0	0	0	0	0	0	0	0
NG_063282.1	GIN-41-MGE-S217	0	0	0	0	0	0	0	0	0
NG_063281.1	GIN-41-MGE-S217	0	0	0	0	0	0	0	0	0
NG_063280.1	GIN-41-MGE-S217	0	0	0	0	0	0	0	0	0
NG_063279.1	GIN-41-MGE-S217	0	0	0	0	0	0	0	0	0
NG_063278.1	GIN-41-MGE-S217	0	0	0	0	0	0	0	0	0
NG_063277.1	GIN-41-MGE-S217	0	0	0	0	0	0	0	0	0
NG_063276.1	GIN-41-MGE-S217	0	0	0	0	0	0	0	0	0
NG_063275.1	GIN-41-MGE-S217	0	0	0	0	0	0	0	0	0
NG_063274.1	GIN-41-MGE-S217	0	0	0	0	0	0	0	0	0
NG_063273.1	GIN-41-MGE-S217	0	0	0	0	0	0	0	0	0
NG_063272.1	GIN-41-MGE-S217	0	0	0	0	0	0	0	0	0
NG_063271.1	GIN-41-MGE-S217	0	0	0	0	0	0	0	0	0
NG_063270.1	GIN-41-MGE-S217	0	0	0	0	0	0	0	0	0
NG_063269.1	GIN-41-MGE-S217	0	0	0	0	0	0	0	0	0
NG_063268.1	GIN-41-MGE-S217	0	0	0	0	0	0	0	0	0
NG_063267.1	GIN-41-MGE-S217	0	0	0	0	0	0	0	0	0
NG_063266.1	GIN-41-MGE-S217	0	0	0	0	0	0	0	0	0
NG_063265.1	GIN-41-MGE-S217	0	0	0	0	0	0	0	0	0
NG_063264.1	GIN-41-MGE-S217	0	0	0	0	0	0	0	0	0
NG_063263.1	GIN-41-MGE-S217	0	0	0	0	0	0	0	0	0
NG_063262.1	GIN-41-MGE-S217	0	0	0	0	0	0	0	0	0
NG_063261.1	GIN-41-MGE-S217	0	0	0	0	0	0	0	0	0
NG_063260.1	GIN-41-MGE-S217	0	0	0	0	0	0	0	0	0
NG_063259.1	GIN-41-MGE-S217	0	0	0	0	0	0	0	0	0
NG_063258.1	GIN-41-MGE-S217	0	0	0	0	0	0	0	0	0
NG_063257.1	GIN-41-MGE-S217	0	0	0	0	0	0	0	0	0
NG_063256.1	GIN-41-MGE-S217	0	0	0	0	0	0	0	0	0
NG_063255.1	GIN-41-MGE-S217	0	0	0	0	0	0	0	0	0
NG_063254.1	GIN-41-MGE-S217	0	0	0	0	0	0	0	0	0
NG_063253.1	GIN-41-MGE-S217	0	0	0	0	0	0	0	0	0
NG_063252.1	GIN-41-MGE-S217	0	0	0	0	0	0	0	0	0
NG_063251.1	GIN-41-MGE-S217	0	0	0	0	0	0	0	0	0
NG_063250.1	GIN-41-MGE-S217	0	0	0	0	0	0	0	0	0
NG_063249.1	GIN-41-MGE-S217	0	0	0	0	0	0	0	0	0
NG_063247.1	GIN-41-MGE-S217	0	0	0	0	0	0	0	0	0
NG_063246.1	GIN-41-MGE-S217	0	0	0	0	0	0	0	0	0
NG_063245.1	GIN-41-MGE-S217	0	0	0	0	0	0	0	0	0
NG_063244.1	GIN-41-MGE-S217	0	0	0	0	0	0	0	0	0
NG_063243.1	GIN-41-MGE-S217	0	0	0	0	0	0	0	0	0
NG_063242.1	GIN-41-MGE-S217	0	0	0	0	0	0	0	0	0
NG_063241.1	GIN-41-MGE-S217	0	0	0	0	0	0	0	0	0
NG_063240.1	GIN-41-MGE-S217	0	0	0	0	0	0	0	0	0
NG_063239.1	GIN-41-MGE-S217	0	0	0	0	0	0	0	0	0
NG_063237.1	GIN-41-MGE-S217	0	0	0	0	0	0	0	0	0
NG_063236.1	GIN-41-MGE-S217	0	0	0	0	0	0	0	0	0
NG_063235.1	GIN-41-MGE-S217	0	0	0	0	0	0	0	0	0
NG_063234.1	GIN-41-MGE-S217	0	0	0	0	0	0	0	0	0
NG_063233.1	GIN-41-MGE-S217	0	0	0	0	0	0	0	0	0
NG_063232.1	GIN-41-MGE-S217	0	0	0	0	0	0	0	0	0
NG_063231.1	GIN-41-MGE-S217	0	0	0	0	0	0	0	0	0
NG_063230.1	GIN-41-MGE-S217	0	0	0	0	0	0	0	0	0
NG_063229.1	GIN-41-MGE-S217	0	0	0	0	0	0	0	0	0
NG_063095.1	GIN-41-MGE-S217	0	0	0	0	0	0	0	0	0
NG_063094.1	GIN-41-MGE-S217	0	0	0	0	0	0	0	0	0
NG_063093.1	GIN-41-MGE-S217	0	0	0	0	0	0	0	0	0
NG_063092.1	GIN-41-MGE-S217	0	0	0	0	0	0	0	0	0
NG_063081.1	GIN-41-MGE-S217	0	0	0	0	0	0	0	0	0
NG_063064.1	GIN-41-MGE-S217	0	0	0	0	0	0	0	0	0
NG_063056.1	GIN-41-MGE-S217	0	0	0	0	0	0	0	0	0
NG_063055.1	GIN-41-MGE-S217	0	0	0	0	0	0	0	0	0
NG_063052.1	GIN-41-MGE-S217	0	0	0	0	0	0	0	0	0
NG_063047.1	GIN-41-MGE-S217	0	0	0	0	0	0	0	0	0
NG_063046.1	GIN-41-MGE-S217	0	0	0	0	0	0	0	0	0
NG_063011.1	GIN-41-MGE-S217	0	0	0	0	0	0	0	0	0
NG_062840.1	GIN-41-MGE-S217	0	0	0	0	0	0	0	0	0
NG_062839.1	GIN-41-MGE-S217	0	0	0	0	0	0	0	0	0
NG_062838.1	GIN-41-MGE-S217	0	0	0	0	0	0	0	0	0
NG_062830.1	GIN-41-MGE-S217	0	0	0	0	0	0	0	0	0
NG_062784.1	GIN-41-MGE-S217	0	0	0	0	0	0	0	0	0
NG_062781.1	GIN-41-MGE-S217	0	0	0	0	0	0	0	0	0
NG_062775.1	GIN-41-MGE-S217	0	0	0	0	0	0	0	0	0
NG_062774.1	GIN-41-MGE-S217	0	0	0	0	0	0	0	0	0
NG_062731.1	GIN-41-MGE-S217	0	0	0	0	0	0	0	0	0
NG_062729.1	GIN-41-MGE-S217	0	0	0	0	0	0	0	0	0
NG_062723.1	GIN-41-MGE-S217	0	0	0	0	0	0	0	0	0
NG_062720.1	GIN-41-MGE-S217	0	0	0	0	0	0	0	0	0
NG_062682.1	GIN-41-MGE-S217	0	0	0	0	0	0	0	0	0
NG_062675.1	GIN-41-MGE-S217	0	0	0	0	0	0	0	0	0
NG_062674.1	GIN-41-MGE-S217	0	0	0	0	0	0	0	0	0
NG_062673.1	GIN-41-MGE-S217	0	0	0	0	0	0	0	0	0
NG_062672.1	GIN-41-MGE-S217	0	0	0	0	0	0	0	0	0
NG_062669.1	GIN-41-MGE-S217	0	0	0	0	0	0	0	0	0
NG_062668.1	GIN-41-MGE-S217	0	0	0	0	0	0	0	0	0
NG_062649.1	GIN-41-MGE-S217	0	0	0	0	0	0	0	0	0
NG_063111.1	GIN-41-MGE-S217	0	0	0	0	0	0	0	0	0
NG_063110.1	GIN-41-MGE-S217	0	0	0	0	0	0	0	0	0
NG_063109.1	GIN-41-MGE-S217	0	0	0	0	0	0	0	0	0
NG_063108.1	GIN-41-MGE-S217	0	0	0	0	0	0	0	0	0
NG_063107.1	GIN-41-MGE-S217	0	0	0	0	0	0	0	0	0
NG_063106.1	GIN-41-MGE-S217	0	0	0	0	0	0	0	0	0
NG_063105.1	GIN-41-MGE-S217	0	0	0	0	0	0	0	0	0
NG_063104.1	GIN-41-MGE-S217	0	0	0	0	0	0	0	0	0
NG_063103.1	GIN-41-MGE-S217	0	0	0	0	0	0	0	0	0
NG_063102.1	GIN-41-MGE-S217	0	0	0	0	0	0	0	0	0
NG_063101.1	GIN-41-MGE-S217	0	0	0	0	0	0	0	0	0
NG_063099.1	GIN-41-MGE-S217	0	0	0	0	0	0	0	0	0
NG_063098.1	GIN-41-MGE-S217	0	0	0	0	0	0	0	0	0
NG_063097.1	GIN-41-MGE-S217	0	0	0	0	0	0	0	0	0
NG_063096.1	GIN-41-MGE-S217	0	0	0	0	0	0	0	0	0
NG_063091.1	GIN-41-MGE-S217	0	0	0	0	0	0	0	0	0
NG_063089.1	GIN-41-MGE-S217	0	0	0	0	0	0	0	0	0
NG_063088.1	GIN-41-MGE-S217	0	0	0	0	0	0	0	0	0
NG_063086.1	GIN-41-MGE-S217	0	0	0	0	0	0	0	0	0
NG_063085.1	GIN-41-MGE-S217	0	0	0	0	0	0	0	0	0
NG_063084.1	GIN-41-MGE-S217	0	0	0	0	0	0	0	0	0
NG_063083.1	GIN-41-MGE-S217	0	0	0	0	0	0	0	0	0
NG_063082.1	GIN-41-MGE-S217	0	0	0	0	0	0	0	0	0
NG_063080.1	GIN-41-MGE-S217	0	0	0	0	0	0	0	0	0
NG_063079.1	GIN-41-MGE-S217	0	0	0	0	0	0	0	0	0
NG_063078.1	GIN-41-MGE-S217	0	0	0	0	0	0	0	0	0
NG_063077.1	GIN-41-MGE-S217	0	0	0	0	0	0	0	0	0
NG_063076.1	GIN-41-MGE-S217	0	0	0	0	0	0	0	0	0
NG_063075.1	GIN-41-MGE-S217	0	0	0	0	0	0	0	0	0
NG_063074.1	GIN-41-MGE-S217	0	0	0	0	0	0	0	0	0
NG_063073.1	GIN-41-MGE-S217	0	0	0	0	0	0	0	0	0
NG_063072.1	GIN-41-MGE-S217	0	0	0	0	0	0	0	0	0
NG_063071.1	GIN-41-MGE-S217	0	0	0	0	0	0	0	0	0
NG_063070.1	GIN-41-MGE-S217	0	0	0	0	0	0	0	0	0
NG_063069.1	GIN-41-MGE-S217	0	0	0	0	0	0	0	0	0
NG_063067.1	GIN-41-MGE-S217	0	0	0	0	0	0	0	0	0
NG_063066.1	GIN-41-MGE-S217	0	0	0	0	0	0	0	0	0
NG_063065.1	GIN-41-MGE-S217	0	0	0	0	0	0	0	0	0
NG_063062.1	GIN-41-MGE-S217	0	0	0	0	0	0	0	0	0
NG_063061.1	GIN-41-MGE-S217	0	0	0	0	0	0	0	0	0
NG_063060.1	GIN-41-MGE-S217	0	0	0	0	0	0	0	0	0
NG_063059.1	GIN-41-MGE-S217	0	0	0	0	0	0	0	0	0
NG_063058.1	GIN-41-MGE-S217	0	0	0	0	0	0	0	0	0
NG_063057.1	GIN-41-MGE-S217	0	0	0	0	0	0	0	0	0
NG_063054.1	GIN-41-MGE-S217	0	0	0	0	0	0	0	0	0
NG_063053.1	GIN-41-MGE-S217	0	0	0	0	0	0	0	0	0
NG_063051.1	GIN-41-MGE-S217	0	0	0	0	0	0	0	0	0
NG_063050.1	GIN-41-MGE-S217	0	0	0	0	0	0	0	0	0
NG_063045.1	GIN-41-MGE-S217	0	0	0	0	0	0	0	0	0
NG_063044.1	GIN-41-MGE-S217	0	0	0	0	0	0	0	0	0
NG_063043.1	GIN-41-MGE-S217	0	0	0	0	0	0	0	0	0
NG_063042.1	GIN-41-MGE-S217	0	0	0	0	0	0	0	0	0
NG_063041.1	GIN-41-MGE-S217	0	0	0	0	0	0	0	0	0
NG_063040.1	GIN-41-MGE-S217	0	0	0	0	0	0	0	0	0
NG_063039.1	GIN-41-MGE-S217	0	0	0	0	0	0	0	0	0
NG_063038.1	GIN-41-MGE-S217	0	0	0	0	0	0	0	0	0
NG_063037.1	GIN-41-MGE-S217	0	0	0	0	0	0	0	0	0
NG_063036.1	GIN-41-MGE-S217	0	0	0	0	0	0	0	0	0
NG_063035.1	GIN-41-MGE-S217	0	0	0	0	0	0	0	0	0
NG_063034.1	GIN-41-MGE-S217	0	0	0	0	0	0	0	0	0
NG_063033.1	GIN-41-MGE-S217	0	0	0	0	0	0	0	0	0
NG_063032.1	GIN-41-MGE-S217	0	0	0	0	0	0	0	0	0
NG_063031.1	GIN-41-MGE-S217	0	0	0	0	0	0	0	0	0
NG_063030.1	GIN-41-MGE-S217	0	0	0	0	0	0	0	0	0
NG_063029.1	GIN-41-MGE-S217	0	0	0	0	0	0	0	0	0
NG_063028.1	GIN-41-MGE-S217	0	0	0	0	0	0	0	0	0
NG_063027.1	GIN-41-MGE-S217	0	0	0	0	0	0	0	0	0
NG_063026.1	GIN-41-MGE-S217	0	0	0	0	0	0	0	0	0
NG_063025.1	GIN-41-MGE-S217	0	0	0	0	0	0	0	0	0
NG_063024.1	GIN-41-MGE-S217	0	0	0	0	0	0	0	0	0
NG_063023.1	GIN-41-MGE-S217	0	0	0	0	0	0	0	0	0
NG_063021.1	GIN-41-MGE-S217	0	0	0	0	0	0	0	0	0
NG_063020.1	GIN-41-MGE-S217	0	0	0	0	0	0	0	0	0
NG_063019.1	GIN-41-MGE-S217	0	0	0	0	0	0	0	0	0
NG_063018.1	GIN-41-MGE-S217	0	0	0	0	0	0	0	0	0
NG_063017.1	GIN-41-MGE-S217	0	0	0	0	0	0	0	0	0
NG_063016.1	GIN-41-MGE-S217	0	0	0	0	0	0	0	0	0
NG_063014.1	GIN-41-MGE-S217	0	0	0	0	0	0	0	0	0
NG_063013.1	GIN-41-MGE-S217	0	0	0	0	0	0	0	0	0
NG_063012.1	GIN-41-MGE-S217	0	0	0	0	0	0	0	0	0
NG_063009.1	GIN-41-MGE-S217	0	0	0	0	0	0	0	0	0
NG_063008.1	GIN-41-MGE-S217	0	0	0	0	0	0	0	0	0
NG_063007.1	GIN-41-MGE-S217	0	0	0	0	0	0	0	0	0
NG_063006.1	GIN-41-MGE-S217	0	0	0	0	0	0	0	0	0
NG_063005.1	GIN-41-MGE-S217	0	0	0	0	0	0	0	0	0
NG_063004.1	GIN-41-MGE-S217	0	0	0	0	0	0	0	0	0
NG_063003.1	GIN-41-MGE-S217	0	0	0	0	0	0	0	0	0
NG_063002.1	GIN-41-MGE-S217	0	0	0	0	0	0	0	0	0
NG_063001.1	GIN-41-MGE-S217	0	0	0	0	0	0	0	0	0
NG_063000.1	GIN-41-MGE-S217	0	0	0	0	0	0	0	0	0
NG_062999.1	GIN-41-MGE-S217	0	0	0	0	0	0	0	0	0
NG_062995.1	GIN-41-MGE-S217	0	0	0	0	0	0	0	0	0
NG_062992.1	GIN-41-MGE-S217	0	0	0	0	0	0	0	0	0
NG_062984.1	GIN-41-MGE-S217	0	0	0	0	0	0	0	0	0
NG_062983.1	GIN-41-MGE-S217	0	0	0	0	0	0	0	0	0
NG_062982.1	GIN-41-MGE-S217	0	0	0	0	0	0	0	0	0
NG_062981.1	GIN-41-MGE-S217	0	0	0	0	0	0	0	0	0
NG_062979.1	GIN-41-MGE-S217	0	0	0	0	0	0	0	0	0
NG_062978.1	GIN-41-MGE-S217	0	0	0	0	0	0	0	0	0
NG_062977.1	GIN-41-MGE-S217	0	0	0	0	0	0	0	0	0
NG_062976.1	GIN-41-MGE-S217	0	0	0	0	0	0	0	0	0
NG_062975.1	GIN-41-MGE-S217	0	0	0	0	0	0	0	0	0
NG_062974.1	GIN-41-MGE-S217	0	0	0	0	0	0	0	0	0
NG_062973.1	GIN-41-MGE-S217	0	0	0	0	0	0	0	0	0
NG_062972.1	GIN-41-MGE-S217	0	0	0	0	0	0	0	0	0
NG_062971.1	GIN-41-MGE-S217	0	0	0	0	0	0	0	0	0
NG_062970.1	GIN-41-MGE-S217	0	0	0	0	0	0	0	0	0
NG_062969.1	GIN-41-MGE-S217	0	0	0	0	0	0	0	0	0
NG_062968.1	GIN-41-MGE-S217	0	0	0	0	0	0	0	0	0
NG_062967.1	GIN-41-MGE-S217	0	0	0	0	0	0	0	0	0
NG_062966.1	GIN-41-MGE-S217	0	0	0	0	0	0	0	0	0
NG_062965.1	GIN-41-MGE-S217	0	0	0	0	0	0	0	0	0
NG_062964.1	GIN-41-MGE-S217	0	0	0	0	0	0	0	0	0
NG_062963.1	GIN-41-MGE-S217	0	0	0	0	0	0	0	0	0
NG_062962.1	GIN-41-MGE-S217	0	0	0	0	0	0	0	0	0
NG_062961.1	GIN-41-MGE-S217	0	0	0	0	0	0	0	0	0
NG_062960.1	GIN-41-MGE-S217	0	0	0	0	0	0	0	0	0
NG_062959.1	GIN-41-MGE-S217	0	0	0	0	0	0	0	0	0
NG_062958.1	GIN-41-MGE-S217	0	0	0	0	0	0	0	0	0
NG_062956.1	GIN-41-MGE-S217	0	0	0	0	0	0	0	0	0
NG_062955.1	GIN-41-MGE-S217	0	0	0	0	0	0	0	0	0
NG_062954.1	GIN-41-MGE-S217	0	0	0	0	0	0	0	0	0
NG_062953.1	GIN-41-MGE-S217	0	0	0	0	0	0	0	0	0
NG_062952.1	GIN-41-MGE-S217	0	0	0	0	0	0	0	0	0
NG_062951.1	GIN-41-MGE-S217	0	0	0	0	0	0	0	0	0
NG_062950.1	GIN-41-MGE-S217	0	0	0	0	0	0	0	0	0
NG_062949.1	GIN-41-MGE-S217	0	0	0	0	0	0	0	0	0
NG_062948.1	GIN-41-MGE-S217	0	0	0	0	0	0	0	0	0
NG_062947.1	GIN-41-MGE-S217	0	0	0	0	0	0	0	0	0
NG_062946.1	GIN-41-MGE-S217	0	0	0	0	0	0	0	0	0
NG_062945.1	GIN-41-MGE-S217	0	0	0	0	0	0	0	0	0
NG_062944.1	GIN-41-MGE-S217	0	0	0	0	0	0	0	0	0
NG_062943.1	GIN-41-MGE-S217	0	0	0	0	0	0	0	0	0
NG_062942.1	GIN-41-MGE-S217	0	0	0	0	0	0	0	0	0
NG_062941.1	GIN-41-MGE-S217	0	0	0	0	0	0	0	0	0
NG_062939.1	GIN-41-MGE-S217	0	0	0	0	0	0	0	0	0
NG_062938.1	GIN-41-MGE-S217	0	0	0	0	0	0	0	0	0
NG_062937.1	GIN-41-MGE-S217	0	0	0	0	0	0	0	0	0
NG_062936.1	GIN-41-MGE-S217	0	0	0	0	0	0	0	0	0
NG_062935.1	GIN-41-MGE-S217	0	0	0	0	0	0	0	0	0
NG_062934.1	GIN-41-MGE-S217	0	0	0	0	0	0	0	0	0
NG_062933.1	GIN-41-MGE-S217	0	0	0	0	0	0	0	0	0
NG_062932.1	GIN-41-MGE-S217	0	0	0	0	0	0	0	0	0
NG_062931.1	GIN-41-MGE-S217	0	0	0	0	0	0	0	0	0
NG_062930.1	GIN-41-MGE-S217	0	0	0	0	0	0	0	0	0
NG_062929.1	GIN-41-MGE-S217	0	0	0	0	0	0	0	0	0
NG_062928.1	GIN-41-MGE-S217	0	0	0	0	0	0	0	0	0
NG_062927.1	GIN-41-MGE-S217	0	0	0	0	0	0	0	0	0
NG_062926.1	GIN-41-MGE-S217	0	0	0	0	0	0	0	0	0
NG_062925.1	GIN-41-MGE-S217	0	0	0	0	0	0	0	0	0
NG_062924.1	GIN-41-MGE-S217	0	0	0	0	0	0	0	0	0
NG_062923.1	GIN-41-MGE-S217	0	0	0	0	0	0	0	0	0
NG_062922.1	GIN-41-MGE-S217	0	0	0	0	0	0	0	0	0
NG_062921.1	GIN-41-MGE-S217	0	0	0	0	0	0	0	0	0
NG_062920.1	GIN-41-MGE-S217	0	0	0	0	0	0	0	0	0
NG_062919.1	GIN-41-MGE-S217	0	0	0	0	0	0	0	0	0
NG_062918.1	GIN-41-MGE-S217	0	0	0	0	0	0	0	0	0
NG_062917.1	GIN-41-MGE-S217	0	0	0	0	0	0	0	0	0
NG_062916.1	GIN-41-MGE-S217	0	0	0	0	0	0	0	0	0
NG_062915.1	GIN-41-MGE-S217	0	0	0	0	0	0	0	0	0
NG_062914.1	GIN-41-MGE-S217	0	0	0	0	0	0	0	0	0
NG_062913.1	GIN-41-MGE-S217	0	0	0	0	0	0	0	0	0
NG_062912.1	GIN-41-MGE-S217	0	0	0	0	0	0	0	0	0
NG_062911.1	GIN-41-MGE-S217	0	0	0	0	0	0	0	0	0
NG_062910.1	GIN-41-MGE-S217	0	0	0	0	0	0	0	0	0
NG_062909.1	GIN-41-MGE-S217	0	0	0	0	0	0	0	0	0
NG_062908.1	GIN-41-MGE-S217	0	0	0	0	0	0	0	0	0
NG_062907.1	GIN-41-MGE-S217	0	0	0	0	0	0	0	0	0
NG_062906.1	GIN-41-MGE-S217	0	0	0	0	0	0	0	0	0
NG_062905.1	GIN-41-MGE-S217	0	0	0	0	0	0	0	0	0
NG_062904.1	GIN-41-MGE-S217	0	0	0	0	0	0	0	0	0
NG_062903.1	GIN-41-MGE-S217	0	0	0	0	0	0	0	0	0
NG_062902.1	GIN-41-MGE-S217	0	0	0	0	0	0	0	0	0
NG_062901.1	GIN-41-MGE-S217	0	0	0	0	0	0	0	0	0
NG_062900.1	GIN-41-MGE-S217	0	0	0	0	0	0	0	0	0
NG_062899.1	GIN-41-MGE-S217	0	0	0	0	0	0	0	0	0
NG_062898.1	GIN-41-MGE-S217	0	0	0	0	0	0	0	0	0
NG_062897.1	GIN-41-MGE-S217	0	0	0	0	0	0	0	0	0
NG_062896.1	GIN-41-MGE-S217	0	0	0	0	0	0	0	0	0
NG_062895.1	GIN-41-MGE-S217	0	0	0	0	0	0	0	0	0
NG_062894.1	GIN-41-MGE-S217	0	0	0	0	0	0	0	0	0
NG_062893.1	GIN-41-MGE-S217	0	0	0	0	0	0	0	0	0
NG_062892.1	GIN-41-MGE-S217	0	0	0	0	0	0	0	0	0
NG_062891.1	GIN-41-MGE-S217	0	0	0	0	0	0	0	0	0
NG_062890.1	GIN-41-MGE-S217	0	0	0	0	0	0	0	0	0
NG_062889.1	GIN-41-MGE-S217	0	0	0	0	0	0	0	0	0
NG_062888.1	GIN-41-MGE-S217	0	0	0	0	0	0	0	0	0
NG_062887.1	GIN-41-MGE-S217	0	0	0	0	0	0	0	0	0
NG_062886.1	GIN-41-MGE-S217	0	0	0	0	0	0	0	0	0
NG_062885.1	GIN-41-MGE-S217	0	0	0	0	0	0	0	0	0
NG_062884.1	GIN-41-MGE-S217	0	0	0	0	0	0	0	0	0
NG_062883.1	GIN-41-MGE-S217	0	0	0	0	0	0	0	0	0
NG_062882.1	GIN-41-MGE-S217	0	0	0	0	0	0	0	0	0
NG_062881.1	GIN-41-MGE-S217	0	0	0	0	0	0	0	0	0
NG_062880.1	GIN-41-MGE-S217	0	0	0	0	0	0	0	0	0
NG_062879.1	GIN-41-MGE-S217	0	0	0	0	0	0	0	0	0
NG_062878.1	GIN-41-MGE-S217	0	0	0	0	0	0	0	0	0
NG_062877.1	GIN-41-MGE-S217	0	0	0	0	0	0	0	0	0
NG_062876.1	GIN-41-MGE-S217	0	0	0	0	0	0	0	0	0
NG_062875.1	GIN-41-MGE-S217	0	0	0	0	0	0	0	0	0
NG_062874.1	GIN-41-MGE-S217	0	0	0	0	0	0	0	0	0
NG_062873.1	GIN-41-MGE-S217	0	0	0	0	0	0	0	0	0
NG_062872.1	GIN-41-MGE-S217	0	0	0	0	0	0	0	0	0
NG_062871.1	GIN-41-MGE-S217	0	0	0	0	0	0	0	0	0
NG_062870.1	GIN-41-MGE-S217	0	0	0	0	0	0	0	0	0
NG_062869.1	GIN-41-MGE-S217	0	0	0	0	0	0	0	0	0
NG_062868.1	GIN-41-MGE-S217	0	0	0	0	0	0	0	0	0
NG_062867.1	GIN-41-MGE-S217	0	0	0	0	0	0	0	0	0
NG_062866.1	GIN-41-MGE-S217	0	0	0	0	0	0	0	0	0
NG_062865.1	GIN-41-MGE-S217	0	0	0	0	0	0	0	0	0
NG_062864.1	GIN-41-MGE-S217	0	0	0	0	0	0	0	0	0
NG_062862.1	GIN-41-MGE-S217	0	0	0	0	0	0	0	0	0
NG_062861.1	GIN-41-MGE-S217	0	0	0	0	0	0	0	0	0
NG_062860.1	GIN-41-MGE-S217	0	0	0	0	0	0	0	0	0
NG_062859.1	GIN-41-MGE-S217	0	0	0	0	0	0	0	0	0
NG_062858.1	GIN-41-MGE-S217	0	0	0	0	0	0	0	0	0
NG_062856.1	GIN-41-MGE-S217	0	0	0	0	0	0	0	0	0
NG_062855.1	GIN-41-MGE-S217	0	0	0	0	0	0	0	0	0
NG_062854.1	GIN-41-MGE-S217	0	0	0	0	0	0	0	0	0
NG_062853.1	GIN-41-MGE-S217	0	0	0	0	0	0	0	0	0
NG_062852.1	GIN-41-MGE-S217	0	0	0	0	0	0	0	0	0
NG_062851.1	GIN-41-MGE-S217	0	0	0	0	0	0	0	0	0
NG_062850.1	GIN-41-MGE-S217	0	0	0	0	0	0	0	0	0
NG_062849.1	GIN-41-MGE-S217	0	0	0	0	0	0	0	0	0
NG_062848.1	GIN-41-MGE-S217	0	0	0	0	0	0	0	0	0
NG_062847.1	GIN-41-MGE-S217	0	0	0	0	0	0	0	0	0
NG_062846.1	GIN-41-MGE-S217	0	0	0	0	0	0	0	0	0
NG_062845.1	GIN-41-MGE-S217	0	0	0	0	0	0	0	0	0
NG_062844.1	GIN-41-MGE-S217	0	0	0	0	0	0	0	0	0
NG_062843.1	GIN-41-MGE-S217	0	0	0	0	0	0	0	0	0
NG_062842.1	GIN-41-MGE-S217	0	0	0	0	0	0	0	0	0
NG_062841.1	GIN-41-MGE-S217	0	0	0	0	0	0	0	0	0
NG_062836.1	GIN-41-MGE-S217	0	0	0	0	0	0	0	0	0
NG_062835.1	GIN-41-MGE-S217	0	0	0	0	0	0	0	0	0
NG_062834.1	GIN-41-MGE-S217	0	0	0	0	0	0	0	0	0
NG_062833.1	GIN-41-MGE-S217	0	0	0	0	0	0	0	0	0
NG_062832.1	GIN-41-MGE-S217	0	0	0	0	0	0	0	0	0
NG_062831.1	GIN-41-MGE-S217	0	0	0	0	0	0	0	0	0
NG_062829.1	GIN-41-MGE-S217	0	0	0	0	0	0	0	0	0
NG_062827.1	GIN-41-MGE-S217	0	0	0	0	0	0	0	0	0
NG_062826.1	GIN-41-MGE-S217	0	0	0	0	0	0	0	0	0
NG_062825.1	GIN-41-MGE-S217	0	0	0	0	0	0	0	0	0
NG_062824.1	GIN-41-MGE-S217	0	0	0	0	0	0	0	0	0
NG_062823.1	GIN-41-MGE-S217	0	0	0	0	0	0	0	0	0
NG_062822.1	GIN-41-MGE-S217	0	0	0	0	0	0	0	0	0
NG_062821.1	GIN-41-MGE-S217	0	0	0	0	0	0	0	0	0
NG_062820.1	GIN-41-MGE-S217	0	0	0	0	0	0	0	0	0
NG_062818.1	GIN-41-MGE-S217	0	0	0	0	0	0	0	0	0
NG_062817.1	GIN-41-MGE-S217	0	0	0	0	0	0	0	0	0
NG_062816.1	GIN-41-MGE-S217	0	0	0	0	0	0	0	0	0
NG_062815.1	GIN-41-MGE-S217	0	0	0	0	0	0	0	0	0
NG_062814.1	GIN-41-MGE-S217	0	0	0	0	0	0	0	0	0
NG_062813.1	GIN-41-MGE-S217	0	0	0	0	0	0	0	0	0
NG_062812.1	GIN-41-MGE-S217	0	0	0	0	0	0	0	0	0
NG_062810.1	GIN-41-MGE-S217	0	0	0	0	0	0	0	0	0
NG_062809.1	GIN-41-MGE-S217	0	0	0	0	0	0	0	0	0
NG_062807.1	GIN-41-MGE-S217	0	0	0	0	0	0	0	0	0
NG_062806.1	GIN-41-MGE-S217	0	0	0	0	0	0	0	0	0
NG_062805.1	GIN-41-MGE-S217	0	0	0	0	0	0	0	0	0
NG_062804.1	GIN-41-MGE-S217	0	0	0	0	0	0	0	0	0
NG_062803.1	GIN-41-MGE-S217	0	0	0	0	0	0	0	0	0
NG_062802.1	GIN-41-MGE-S217	0	0	0	0	0	0	0	0	0
NG_062801.1	GIN-41-MGE-S217	0	0	0	0	0	0	0	0	0
NG_062800.1	GIN-41-MGE-S217	0	0	0	0	0	0	0	0	0
NG_062799.1	GIN-41-MGE-S217	0	0	0	0	0	0	0	0	0
NG_062798.1	GIN-41-MGE-S217	0	0	0	0	0	0	0	0	0
NG_062797.1	GIN-41-MGE-S217	0	0	0	0	0	0	0	0	0
NG_062796.1	GIN-41-MGE-S217	0	0	0	0	0	0	0	0	0
NG_062794.1	GIN-41-MGE-S217	0	0	0	0	0	0	0	0	0
NG_062793.1	GIN-41-MGE-S217	0	0	0	0	0	0	0	0	0
NG_062792.1	GIN-41-MGE-S217	0	0	0	0	0	0	0	0	0
NG_062791.1	GIN-41-MGE-S217	0	0	0	0	0	0	0	0	0
NG_062790.1	GIN-41-MGE-S217	0	0	0	0	0	0	0	0	0
NG_062789.1	GIN-41-MGE-S217	0	0	0	0	0	0	0	0	0
NG_062788.1	GIN-41-MGE-S217	0	0	0	0	0	0	0	0	0
NG_062787.1	GIN-41-MGE-S217	0	0	0	0	0	0	0	0	0
NG_062786.1	GIN-41-MGE-S217	0	0	0	0	0	0	0	0	0
NG_062785.1	GIN-41-MGE-S217	0	0	0	0	0	0	0	0	0
NG_062783.1	GIN-41-MGE-S217	0	0	0	0	0	0	0	0	0
NG_062782.1	GIN-41-MGE-S217	0	0	0	0	0	0	0	0	0
NG_062780.1	GIN-41-MGE-S217	0	0	0	0	0	0	0	0	0
NG_062779.1	GIN-41-MGE-S217	0	0	0	0	0	0	0	0	0
NG_062778.1	GIN-41-MGE-S217	0	0	0	0	0	0	0	0	0
NG_062777.1	GIN-41-MGE-S217	0	0	0	0	0	0	0	0	0
NG_062776.1	GIN-41-MGE-S217	0	0	0	0	0	0	0	0	0
NG_062773.1	GIN-41-MGE-S217	0	0	0	0	0	0	0	0	0
NG_062772.1	GIN-41-MGE-S217	0	0	0	0	0	0	0	0	0
NG_062771.1	GIN-41-MGE-S217	0	0	0	0	0	0	0	0	0
NG_062770.1	GIN-41-MGE-S217	0	0	0	0	0	0	0	0	0
NG_062769.1	GIN-41-MGE-S217	0	0	0	0	0	0	0	0	0
NG_062768.1	GIN-41-MGE-S217	0	0	0	0	0	0	0	0	0
NG_062767.1	GIN-41-MGE-S217	0	0	0	0	0	0	0	0	0
NG_062766.1	GIN-41-MGE-S217	0	0	0	0	0	0	0	0	0
NG_062765.1	GIN-41-MGE-S217	0	0	0	0	0	0	0	0	0
NG_062764.1	GIN-41-MGE-S217	0	0	0	0	0	0	0	0	0
NG_062763.1	GIN-41-MGE-S217	0	0	0	0	0	0	0	0	0
NG_062762.1	GIN-41-MGE-S217	0	0	0	0	0	0	0	0	0
NG_062761.1	GIN-41-MGE-S217	0	0	0	0	0	0	0	0	0
NG_062760.1	GIN-41-MGE-S217	0	0	0	0	0	0	0	0	0
NG_062759.1	GIN-41-MGE-S217	0	0	0	0	0	0	0	0	0
NG_062758.1	GIN-41-MGE-S217	0	0	0	0	0	0	0	0	0
NG_062757.1	GIN-41-MGE-S217	0	0	0	0	0	0	0	0	0
NG_062756.1	GIN-41-MGE-S217	0	0	0	0	0	0	0	0	0
NG_062755.1	GIN-41-MGE-S217	0	0	0	0	0	0	0	0	0
NG_062754.1	GIN-41-MGE-S217	0	0	0	0	0	0	0	0	0
NG_062753.1	GIN-41-MGE-S217	0	0	0	0	0	0	0	0	0
NG_062752.1	GIN-41-MGE-S217	0	0	0	0	0	0	0	0	0
NG_062751.1	GIN-41-MGE-S217	0	0	0	0	0	0	0	0	0
NG_062750.1	GIN-41-MGE-S217	0	0	0	0	0	0	0	0	0
NG_062749.1	GIN-41-MGE-S217	0	0	0	0	0	0	0	0	0
NG_062748.1	GIN-41-MGE-S217	0	0	0	0	0	0	0	0	0
NG_062747.1	GIN-41-MGE-S217	0	0	0	0	0	0	0	0	0
NG_062746.1	GIN-41-MGE-S217	0	0	0	0	0	0	0	0	0
NG_062745.1	GIN-41-MGE-S217	0	0	0	0	0	0	0	0	0
NG_062744.1	GIN-41-MGE-S217	0	0	0	0	0	0	0	0	0
NG_062743.1	GIN-41-MGE-S217	0	0	0	0	0	0	0	0	0
NG_062742.1	GIN-41-MGE-S217	0	0	0	0	0	0	0	0	0
NG_062741.1	GIN-41-MGE-S217	0	0	0	0	0	0	0	0	0
NG_062740.1	GIN-41-MGE-S217	0	0	0	0	0	0	0	0	0
NG_062739.1	GIN-41-MGE-S217	0	0	0	0	0	0	0	0	0
NG_062738.1	GIN-41-MGE-S217	0	0	0	0	0	0	0	0	0
NG_062737.1	GIN-41-MGE-S217	0	0	0	0	0	0	0	0	0
NG_062736.1	GIN-41-MGE-S217	0	0	0	0	0	0	0	0	0
NG_062735.1	GIN-41-MGE-S217	0	0	0	0	0	0	0	0	0
NG_062734.1	GIN-41-MGE-S217	0	0	0	0	0	0	0	0	0
NG_062733.1	GIN-41-MGE-S217	0	0	0	0	0	0	0	0	0
NG_062732.1	GIN-41-MGE-S217	0	0	0	0	0	0	0	0	0
NG_062728.1	GIN-41-MGE-S217	0	0	0	0	0	0	0	0	0
NG_062727.1	GIN-41-MGE-S217	0	0	0	0	0	0	0	0	0
NG_062726.1	GIN-41-MGE-S217	0	0	0	0	0	0	0	0	0
NG_062725.1	GIN-41-MGE-S217	0	0	0	0	0	0	0	0	0
NG_062724.1	GIN-41-MGE-S217	0	0	0	0	0	0	0	0	0
NG_062722.1	GIN-41-MGE-S217	0	0	0	0	0	0	0	0	0
NG_062721.1	GIN-41-MGE-S217	0	0	0	0	0	0	0	0	0
NG_062719.1	GIN-41-MGE-S217	0	0	0	0	0	0	0	0	0
NG_062718.1	GIN-41-MGE-S217	0	0	0	0	0	0	0	0	0
NG_062717.1	GIN-41-MGE-S217	0	0	0	0	0	0	0	0	0
NG_062716.1	GIN-41-MGE-S217	0	0	0	0	0	0	0	0	0
NG_062715.1	GIN-41-MGE-S217	0	0	0	0	0	0	0	0	0
NG_062714.1	GIN-41-MGE-S217	0	0	0	0	0	0	0	0	0
NG_062711.1	GIN-41-MGE-S217	0	0	0	0	0	0	0	0	0
NG_062710.1	GIN-41-MGE-S217	0	0	0	0	0	0	0	0	0
NG_062709.1	GIN-41-MGE-S217	0	0	0	0	0	0	0	0	0
NG_062708.1	GIN-41-MGE-S217	0	0	0	0	0	0	0	0	0
NG_062707.1	GIN-41-MGE-S217	0	0	0	0	0	0	0	0	0
NG_062706.1	GIN-41-MGE-S217	0	0	0	0	0	0	0	0	0
NG_062705.1	GIN-41-MGE-S217	0	0	0	0	0	0	0	0	0
NG_062704.1	GIN-41-MGE-S217	0	0	0	0	0	0	0	0	0
NG_062703.1	GIN-41-MGE-S217	0	0	0	0	0	0	0	0	0
NG_062701.1	GIN-41-MGE-S217	0	0	0	0	0	0	0	0	0
NG_062700.1	GIN-41-MGE-S217	0	0	0	0	0	0	0	0	0
NG_062699.1	GIN-41-MGE-S217	0	0	0	0	0	0	0	0	0
NG_062698.1	GIN-41-MGE-S217	0	0	0	0	0	0	0	0	0
NG_062697.1	GIN-41-MGE-S217	0	0	0	0	0	0	0	0	0
NG_062696.1	GIN-41-MGE-S217	0	0	0	0	0	0	0	0	0
NG_062695.1	GIN-41-MGE-S217	0	0	0	0	0	0	0	0	0
NG_062694.1	GIN-41-MGE-S217	0	0	0	0	0	0	0	0	0
NG_062693.1	GIN-41-MGE-S217	0	0	0	0	0	0	0	0	0
NG_062692.1	GIN-41-MGE-S217	0	0	0	0	0	0	0	0	0
NG_062691.1	GIN-41-MGE-S217	0	0	0	0	0	0	0	0	0
NG_062690.1	GIN-41-MGE-S217	0	0	0	0	0	0	0	0	0
NG_062689.1	GIN-41-MGE-S217	0	0	0	0	0	0	0	0	0
NG_062688.1	GIN-41-MGE-S217	0	0	0	0	0	0	0	0	0
NG_062687.1	GIN-41-MGE-S217	0	0	0	0	0	0	0	0	0
NG_062686.1	GIN-41-MGE-S217	0	0	0	0	0	0	0	0	0
NG_062685.1	GIN-41-MGE-S217	0	0	0	0	0	0	0	0	0
NG_062684.1	GIN-41-MGE-S217	0	0	0	0	0	0	0	0	0
NG_062683.1	GIN-41-MGE-S217	0	0	0	0	0	0	0	0	0
NG_062681.1	GIN-41-MGE-S217	0	0	0	0	0	0	0	0	0
NG_062680.1	GIN-41-MGE-S217	0	0	0	0	0	0	0	0	0
NG_062676.1	GIN-41-MGE-S217	0	0	0	0	0	0	0	0	0
NG_062671.1	GIN-41-MGE-S217	0	0	0	0	0	0	0	0	0
NG_062670.1	GIN-41-MGE-S217	0	0	0	0	0	0	0	0	0
NG_062667.1	GIN-41-MGE-S217	0	0	0	0	0	0	0	0	0
NG_062666.1	GIN-41-MGE-S217	0	0	0	0	0	0	0	0	0
NG_062665.1	GIN-41-MGE-S217	0	0	0	0	0	0	0	0	0
NG_062662.1	GIN-41-MGE-S217	0	0	0	0	0	0	0	0	0
NG_062661.1	GIN-41-MGE-S217	0	0	0	0	0	0	0	0	0
NG_062660.1	GIN-41-MGE-S217	0	0	0	0	0	0	0	0	0
NG_062658.1	GIN-41-MGE-S217	0	0	0	0	0	0	0	0	0
NG_062657.1	GIN-41-MGE-S217	0	0	0	0	0	0	0	0	0
NG_062656.1	GIN-41-MGE-S217	0	0	0	0	0	0	0	0	0
NG_062655.1	GIN-41-MGE-S217	0	0	0	0	0	0	0	0	0
NG_062654.1	GIN-41-MGE-S217	0	0	0	0	0	0	0	0	0
NG_062653.1	GIN-41-MGE-S217	0	0	0	0	0	0	0	0	0
NG_062652.1	GIN-41-MGE-S217	0	0	0	0	0	0	0	0	0
NG_062651.1	GIN-41-MGE-S217	0	0	0	0	0	0	0	0	0
NG_062650.1	GIN-41-MGE-S217	0	0	0	0	0	0	0	0	0
NG_062648.1	GIN-41-MGE-S217	0	0	0	0	0	0	0	0	0
NG_062647.1	GIN-41-MGE-S217	0	0	0	0	0	0	0	0	0
NG_062645.1	GIN-41-MGE-S217	0	0	0	0	0	0	0	0	0
NG_062644.1	GIN-41-MGE-S217	0	0	0	0	0	0	0	0	0
NG_062643.1	GIN-41-MGE-S217	0	0	0	0	0	0	0	0	0
NG_062641.1	GIN-41-MGE-S217	0	0	0	0	0	0	0	0	0
NG_062640.1	GIN-41-MGE-S217	0	0	0	0	0	0	0	0	0
NG_062639.1	GIN-41-MGE-S217	0	0	0	0	0	0	0	0	0
NG_062638.1	GIN-41-MGE-S217	0	0	0	0	0	0	0	0	0
NG_062637.1	GIN-41-MGE-S217	0	0	0	0	0	0	0	0	0
NG_062636.1	GIN-41-MGE-S217	0	0	0	0	0	0	0	0	0
NG_062635.1	GIN-41-MGE-S217	0	0	0	0	0	0	0	0	0
NG_062634.1	GIN-41-MGE-S217	0	0	0	0	0	0	0	0	0
NG_062633.1	GIN-41-MGE-S217	0	0	0	0	0	0	0	0	0
NG_062632.1	GIN-41-MGE-S217	0	0	0	0	0	0	0	0	0
NG_062631.1	GIN-41-MGE-S217	0	0	0	0	0	0	0	0	0
NG_062630.1	GIN-41-MGE-S217	0	0	0	0	0	0	0	0	0
NG_062629.1	GIN-41-MGE-S217	0	0	0	0	0	0	0	0	0
NG_062628.1	GIN-41-MGE-S217	0	0	0	0	0	0	0	0	0
NG_062627.1	GIN-41-MGE-S217	0	0	0	0	0	0	0	0	0
NG_062626.1	GIN-41-MGE-S217	0	0	0	0	0	0	0	0	0
NG_062625.1	GIN-41-MGE-S217	0	0	0	0	0	0	0	0	0
NG_062624.1	GIN-41-MGE-S217	0	0	0	0	0	0	0	0	0
NG_062623.1	GIN-41-MGE-S217	0	0	0	0	0	0	0	0	0
NG_062622.1	GIN-41-MGE-S217	0	0	0	0	0	0	0	0	0
NG_062620.1	GIN-41-MGE-S217	0	0	0	0	0	0	0	0	0
NG_062619.1	GIN-41-MGE-S217	0	0	0	0	0	0	0	0	0
NG_062618.1	GIN-41-MGE-S217	0	0	0	0	0	0	0	0	0
NG_062616.1	GIN-41-MGE-S217	0	0	0	0	0	0	0	0	0
NG_062615.1	GIN-41-MGE-S217	0	0	0	0	0	0	0	0	0
NG_062613.1	GIN-41-MGE-S217	0	0	0	0	0	0	0	0	0
NG_062612.1	GIN-41-MGE-S217	0	0	0	0	0	0	0	0	0
NG_062611.1	GIN-41-MGE-S217	0	0	0	0	0	0	0	0	0
NG_062610.1	GIN-41-MGE-S217	0	0	0	0	0	0	0	0	0
NG_062609.1	GIN-41-MGE-S217	0	0	0	0	0	0	0	0	0
NG_062608.1	GIN-41-MGE-S217	0	0	0	0	0	0	0	0	0
NG_062607.1	GIN-41-MGE-S217	0	0	0	0	0	0	0	0	0
NG_062605.1	GIN-41-MGE-S217	0	0	0	0	0	0	0	0	0
NG_062604.1	GIN-41-MGE-S217	0	0	0	0	0	0	0	0	0
NG_062601.1	GIN-41-MGE-S217	0	0	0	0	0	0	0	0	0
NG_062600.1	GIN-41-MGE-S217	0	0	0	0	0	0	0	0	0
NG_062599.1	GIN-41-MGE-S217	0	0	0	0	0	0	0	0	0
NG_062598.1	GIN-41-MGE-S217	0	0	0	0	0	0	0	0	0
NG_062597.1	GIN-41-MGE-S217	0	0	0	0	0	0	0	0	0
NG_062596.1	GIN-41-MGE-S217	0	0	0	0	0	0	0	0	0
NG_062595.1	GIN-41-MGE-S217	0	0	0	0	0	0	0	0	0
NG_062594.1	GIN-41-MGE-S217	0	0	0	0	0	0	0	0	0
NG_062593.1	GIN-41-MGE-S217	0	0	0	0	0	0	0	0	0
NG_013131.1	GIN-41-MGE-S217	0	0	0	0	0	0	0	0	0
NG_062444.1	GIN-41-MGE-S217	0	0	0	0	0	0	0	0	0
NG_062443.1	GIN-41-MGE-S217	0	0	0	0	0	0	0	0	0
NG_062442.1	GIN-41-MGE-S217	0	0	0	0	0	0	0	0	0
NG_062441.1	GIN-41-MGE-S217	0	0	0	0	0	0	0	0	0
NG_062440.1	GIN-41-MGE-S217	0	0	0	0	0	0	0	0	0
NG_062439.1	GIN-41-MGE-S217	0	0	0	0	0	0	0	0	0
NG_062438.1	GIN-41-MGE-S217	0	0	0	0	0	0	0	0	0
NG_062437.1	GIN-41-MGE-S217	0	0	0	0	0	0	0	0	0
NG_062436.1	GIN-41-MGE-S217	0	0	0	0	0	0	0	0	0
NG_062435.1	GIN-41-MGE-S217	0	0	0	0	0	0	0	0	0
NG_062434.1	GIN-41-MGE-S217	0	0	0	0	0	0	0	0	0
NG_062433.1	GIN-41-MGE-S217	0	0	0	0	0	0	0	0	0
NG_062432.1	GIN-41-MGE-S217	0	0	0	0	0	0	0	0	0
NG_062431.1	GIN-41-MGE-S217	0	0	0	0	0	0	0	0	0
NG_062430.1	GIN-41-MGE-S217	0	0	0	0	0	0	0	0	0
NG_062427.1	GIN-41-MGE-S217	0	0	0	0	0	0	0	0	0
NG_062426.1	GIN-41-MGE-S217	0	0	0	0	0	0	0	0	0
NG_062425.1	GIN-41-MGE-S217	0	0	0	0	0	0	0	0	0
NG_062424.1	GIN-41-MGE-S217	0	0	0	0	0	0	0	0	0
NG_062423.1	GIN-41-MGE-S217	0	0	0	0	0	0	0	0	0
NG_062422.1	GIN-41-MGE-S217	0	0	0	0	0	0	0	0	0
NG_062421.1	GIN-41-MGE-S217	0	0	0	0	0	0	0	0	0
NG_062420.1	GIN-41-MGE-S217	0	0	0	0	0	0	0	0	0
NG_062419.1	GIN-41-MGE-S217	0	0	0	0	0	0	0	0	0
NG_062418.1	GIN-41-MGE-S217	0	0	0	0	0	0	0	0	0
NG_062417.1	GIN-41-MGE-S217	0	0	0	0	0	0	0	0	0
NG_062416.1	GIN-41-MGE-S217	0	0	0	0	0	0	0	0	0
NG_062415.1	GIN-41-MGE-S217	0	0	0	0	0	0	0	0	0
NG_062414.1	GIN-41-MGE-S217	0	0	0	0	0	0	0	0	0
NG_062413.1	GIN-41-MGE-S217	0	0	0	0	0	0	0	0	0
NG_062412.1	GIN-41-MGE-S217	0	0	0	0	0	0	0	0	0
NG_062411.1	GIN-41-MGE-S217	0	0	0	0	0	0	0	0	0
NG_062410.1	GIN-41-MGE-S217	0	0	0	0	0	0	0	0	0
NG_062409.1	GIN-41-MGE-S217	0	0	0	0	0	0	0	0	0
NG_062408.1	GIN-41-MGE-S217	0	0	0	0	0	0	0	0	0
NG_062407.1	GIN-41-MGE-S217	0	0	0	0	0	0	0	0	0
NG_062406.1	GIN-41-MGE-S217	0	0	0	0	0	0	0	0	0
NG_062405.1	GIN-41-MGE-S217	0	0	0	0	0	0	0	0	0
NG_062404.1	GIN-41-MGE-S217	0	0	0	0	0	0	0	0	0
NG_062403.1	GIN-41-MGE-S217	0	0	0	0	0	0	0	0	0
NG_062402.1	GIN-41-MGE-S217	0	0	0	0	0	0	0	0	0
NG_062401.1	GIN-41-MGE-S217	0	0	0	0	0	0	0	0	0
NG_062400.1	GIN-41-MGE-S217	0	0	0	0	0	0	0	0	0
NG_062399.1	GIN-41-MGE-S217	0	0	0	0	0	0	0	0	0
NG_062398.1	GIN-41-MGE-S217	0	0	0	0	0	0	0	0	0
NG_062397.1	GIN-41-MGE-S217	0	0	0	0	0	0	0	0	0
NG_062396.1	GIN-41-MGE-S217	0	0	0	0	0	0	0	0	0
NG_062394.1	GIN-41-MGE-S217	0	0	0	0	0	0	0	0	0
NG_062393.1	GIN-41-MGE-S217	0	0	0	0	0	0	0	0	0
NG_062392.1	GIN-41-MGE-S217	0	0	0	0	0	0	0	0	0
NG_062391.1	GIN-41-MGE-S217	0	0	0	0	0	0	0	0	0
NG_062390.1	GIN-41-MGE-S217	0	0	0	0	0	0	0	0	0
NG_062389.1	GIN-41-MGE-S217	0	0	0	0	0	0	0	0	0
NG_062388.1	GIN-41-MGE-S217	0	0	0	0	0	0	0	0	0
NG_062387.1	GIN-41-MGE-S217	0	0	0	0	0	0	0	0	0
NG_062386.1	GIN-41-MGE-S217	0	0	0	0	0	0	0	0	0
NG_062385.1	GIN-41-MGE-S217	0	0	0	0	0	0	0	0	0
NG_062384.1	GIN-41-MGE-S217	0	0	0	0	0	0	0	0	0
NG_062383.1	GIN-41-MGE-S217	0	0	0	0	0	0	0	0	0
NG_062382.1	GIN-41-MGE-S217	0	0	0	0	0	0	0	0	0
NG_062381.1	GIN-41-MGE-S217	0	0	0	0	0	0	0	0	0
NG_062380.1	GIN-41-MGE-S217	0	0	0	0	0	0	0	0	0
NG_062379.1	GIN-41-MGE-S217	0	0	0	0	0	0	0	0	0
NG_062378.1	GIN-41-MGE-S217	0	0	0	0	0	0	0	0	0
NG_062377.1	GIN-41-MGE-S217	0	0	0	0	0	0	0	0	0
NG_062376.1	GIN-41-MGE-S217	0	0	0	0	0	0	0	0	0
NG_062375.1	GIN-41-MGE-S217	0	0	0	0	0	0	0	0	0
NG_062374.1	GIN-41-MGE-S217	0	0	0	0	0	0	0	0	0
NG_062373.1	GIN-41-MGE-S217	0	0	0	0	0	0	0	0	0
NG_062371.1	GIN-41-MGE-S217	0	0	0	0	0	0	0	0	0
NG_062370.1	GIN-41-MGE-S217	0	0	0	0	0	0	0	0	0
NG_062369.1	GIN-41-MGE-S217	0	0	0	0	0	0	0	0	0
NG_062368.1	GIN-41-MGE-S217	0	0	0	0	0	0	0	0	0
NG_062367.1	GIN-41-MGE-S217	0	0	0	0	0	0	0	0	0
NG_062366.1	GIN-41-MGE-S217	0	0	0	0	0	0	0	0	0
NG_062365.1	GIN-41-MGE-S217	0	0	0	0	0	0	0	0	0
NG_062364.1	GIN-41-MGE-S217	0	0	0	0	0	0	0	0	0
NG_062363.1	GIN-41-MGE-S217	0	0	0	0	0	0	0	0	0
NG_062362.1	GIN-41-MGE-S217	0	0	0	0	0	0	0	0	0
NG_062361.1	GIN-41-MGE-S217	0	0	0	0	0	0	0	0	0
NG_062199.1	GIN-41-MGE-S217	0	0	0	0	0	0	0	0	0
NG_062198.1	GIN-41-MGE-S217	0	0	0	0	0	0	0	0	0
NG_062197.1	GIN-41-MGE-S217	0	0	0	0	0	0	0	0	0
NG_062196.1	GIN-41-MGE-S217	0	0	0	0	0	0	0	0	0
NG_062195.1	GIN-41-MGE-S217	0	0	0	0	0	0	0	0	0
NG_062194.1	GIN-41-MGE-S217	0	0	0	0	0	0	0	0	0
NG_062193.1	GIN-41-MGE-S217	0	0	0	0	0	0	0	0	0
NG_062192.1	GIN-41-MGE-S217	0	0	0	0	0	0	0	0	0
NG_062191.1	GIN-41-MGE-S217	0	0	0	0	0	0	0	0	0
NG_062190.1	GIN-41-MGE-S217	0	0	0	0	0	0	0	0	0
NG_062189.1	GIN-41-MGE-S217	0	0	0	0	0	0	0	0	0
NG_062188.1	GIN-41-MGE-S217	0	0	0	0	0	0	0	0	0
NG_062187.1	GIN-41-MGE-S217	0	0	0	0	0	0	0	0	0
NG_062186.1	GIN-41-MGE-S217	0	0	0	0	0	0	0	0	0
NG_062184.1	GIN-41-MGE-S217	0	0	0	0	0	0	0	0	0
NG_062183.1	GIN-41-MGE-S217	0	0	0	0	0	0	0	0	0
NG_062182.1	GIN-41-MGE-S217	0	0	0	0	0	0	0	0	0
NG_062181.1	GIN-41-MGE-S217	0	0	0	0	0	0	0	0	0
NG_062180.1	GIN-41-MGE-S217	0	0	0	0	0	0	0	0	0
NG_062179.1	GIN-41-MGE-S217	0	0	0	0	0	0	0	0	0
NG_062178.1	GIN-41-MGE-S217	0	0	0	0	0	0	0	0	0
NG_062177.1	GIN-41-MGE-S217	0	0	0	0	0	0	0	0	0
NG_062176.1	GIN-41-MGE-S217	0	0	0	0	0	0	0	0	0
NG_062175.1	GIN-41-MGE-S217	0	0	0	0	0	0	0	0	0
NG_062174.1	GIN-41-MGE-S217	0	0	0	0	0	0	0	0	0
NG_062173.1	GIN-41-MGE-S217	0	0	0	0	0	0	0	0	0
NG_062172.1	GIN-41-MGE-S217	0	0	0	0	0	0	0	0	0
NG_062171.1	GIN-41-MGE-S217	0	0	0	0	0	0	0	0	0
NG_062170.1	GIN-41-MGE-S217	0	0	0	0	0	0	0	0	0
NG_062169.1	GIN-41-MGE-S217	0	0	0	0	0	0	0	0	0
NG_062168.1	GIN-41-MGE-S217	0	0	0	0	0	0	0	0	0
NG_062167.1	GIN-41-MGE-S217	0	0	0	0	0	0	0	0	0
NG_062165.1	GIN-41-MGE-S217	0	0	0	0	0	0	0	0	0
NG_062164.1	GIN-41-MGE-S217	0	0	0	0	0	0	0	0	0
NG_062163.1	GIN-41-MGE-S217	0	0	0	0	0	0	0	0	0
NG_062162.1	GIN-41-MGE-S217	0	0	0	0	0	0	0	0	0
NG_062161.1	GIN-41-MGE-S217	0	0	0	0	0	0	0	0	0
NG_062160.1	GIN-41-MGE-S217	0	0	0	0	0	0	0	0	0
NG_062159.1	GIN-41-MGE-S217	0	0	0	0	0	0	0	0	0
NG_062158.1	GIN-41-MGE-S217	0	0	0	0	0	0	0	0	0
NG_062157.1	GIN-41-MGE-S217	0	0	0	0	0	0	0	0	0
NG_062156.1	GIN-41-MGE-S217	0	0	0	0	0	0	0	0	0
NG_062155.1	GIN-41-MGE-S217	0	0	0	0	0	0	0	0	0
NG_062154.1	GIN-41-MGE-S217	0	0	0	0	0	0	0	0	0
NG_062153.1	GIN-41-MGE-S217	0	0	0	0	0	0	0	0	0
NG_062152.1	GIN-41-MGE-S217	0	0	0	0	0	0	0	0	0
NG_062151.1	GIN-41-MGE-S217	0	0	0	0	0	0	0	0	0
NG_062150.1	GIN-41-MGE-S217	0	0	0	0	0	0	0	0	0
NG_062149.1	GIN-41-MGE-S217	0	0	0	0	0	0	0	0	0
NG_062148.1	GIN-41-MGE-S217	0	0	0	0	0	0	0	0	0
NG_062147.1	GIN-41-MGE-S217	0	0	0	0	0	0	0	0	0
NG_062146.1	GIN-41-MGE-S217	0	0	0	0	0	0	0	0	0
NG_062145.1	GIN-41-MGE-S217	0	0	0	0	0	0	0	0	0
NG_062144.1	GIN-41-MGE-S217	0	0	0	0	0	0	0	0	0
NG_062143.1	GIN-41-MGE-S217	0	0	0	0	0	0	0	0	0
NG_062142.1	GIN-41-MGE-S217	0	0	0	0	0	0	0	0	0
NG_062141.1	GIN-41-MGE-S217	0	0	0	0	0	0	0	0	0
NG_062140.1	GIN-41-MGE-S217	0	0	0	0	0	0	0	0	0
NG_062139.1	GIN-41-MGE-S217	0	0	0	0	0	0	0	0	0
NG_062138.1	GIN-41-MGE-S217	0	0	0	0	0	0	0	0	0
NG_062137.1	GIN-41-MGE-S217	0	0	0	0	0	0	0	0	0
NG_062136.1	GIN-41-MGE-S217	0	0	0	0	0	0	0	0	0
NG_062135.1	GIN-41-MGE-S217	0	0	0	0	0	0	0	0	0
NG_062134.1	GIN-41-MGE-S217	0	0	0	0	0	0	0	0	0
NG_062133.1	GIN-41-MGE-S217	0	0	0	0	0	0	0	0	0
NG_062132.1	GIN-41-MGE-S217	0	0	0	0	0	0	0	0	0
NG_062131.1	GIN-41-MGE-S217	0	0	0	0	0	0	0	0	0
NG_062130.1	GIN-41-MGE-S217	0	0	0	0	0	0	0	0	0
NG_062129.1	GIN-41-MGE-S217	0	0	0	0	0	0	0	0	0
NG_062128.1	GIN-41-MGE-S217	0	0	0	0	0	0	0	0	0
NG_062127.1	GIN-41-MGE-S217	0	0	0	0	0	0	0	0	0
NG_062126.1	GIN-41-MGE-S217	0	0	0	0	0	0	0	0	0
NG_062125.1	GIN-41-MGE-S217	0	0	0	0	0	0	0	0	0
NG_062124.1	GIN-41-MGE-S217	0	0	0	0	0	0	0	0	0
NG_062123.1	GIN-41-MGE-S217	0	0	0	0	0	0	0	0	0
NG_062122.1	GIN-41-MGE-S217	0	0	0	0	0	0	0	0	0
NG_062120.1	GIN-41-MGE-S217	0	0	0	0	0	0	0	0	0
NG_062119.1	GIN-41-MGE-S217	0	0	0	0	0	0	0	0	0
NG_062116.1	GIN-41-MGE-S217	0	0	0	0	0	0	0	0	0
NG_062111.1	GIN-41-MGE-S217	0	0	0	0	0	0	0	0	0
NG_062110.1	GIN-41-MGE-S217	0	0	0	0	0	0	0	0	0
NG_062109.1	GIN-41-MGE-S217	0	0	0	0	0	0	0	0	0
NG_062108.1	GIN-41-MGE-S217	0	0	0	0	0	0	0	0	0
NG_062107.1	GIN-41-MGE-S217	0	0	0	0	0	0	0	0	0
NG_062106.1	GIN-41-MGE-S217	0	0	0	0	0	0	0	0	0
NG_062105.1	GIN-41-MGE-S217	0	0	0	0	0	0	0	0	0
NG_062104.1	GIN-41-MGE-S217	0	0	0	0	0	0	0	0	0
NG_062103.1	GIN-41-MGE-S217	0	0	0	0	0	0	0	0	0
NG_062102.1	GIN-41-MGE-S217	0	0	0	0	0	0	0	0	0
NG_062101.1	GIN-41-MGE-S217	0	0	0	0	0	0	0	0	0
NG_062100.1	GIN-41-MGE-S217	0	0	0	0	0	0	0	0	0
NG_062099.1	GIN-41-MGE-S217	0	0	0	0	0	0	0	0	0
NG_062098.1	GIN-41-MGE-S217	0	0	0	0	0	0	0	0	0
NG_062097.1	GIN-41-MGE-S217	0	0	0	0	0	0	0	0	0
NG_062096.1	GIN-41-MGE-S217	0	0	0	0	0	0	0	0	0
NG_062095.1	GIN-41-MGE-S217	0	0	0	0	0	0	0	0	0
NG_062094.1	GIN-41-MGE-S217	0	0	0	0	0	0	0	0	0
NG_062093.1	GIN-41-MGE-S217	0	0	0	0	0	0	0	0	0
NG_062092.1	GIN-41-MGE-S217	0	0	0	0	0	0	0	0	0
NG_062091.1	GIN-41-MGE-S217	0	0	0	0	0	0	0	0	0
NG_062090.1	GIN-41-MGE-S217	0	0	0	0	0	0	0	0	0
NG_062089.1	GIN-41-MGE-S217	0	0	0	0	0	0	0	0	0
NG_062088.1	GIN-41-MGE-S217	0	0	0	0	0	0	0	0	0
NG_062087.1	GIN-41-MGE-S217	0	0	0	0	0	0	0	0	0
NG_062086.1	GIN-41-MGE-S217	0	0	0	0	0	0	0	0	0
NG_062085.1	GIN-41-MGE-S217	0	0	0	0	0	0	0	0	0
NG_062084.1	GIN-41-MGE-S217	0	0	0	0	0	0	0	0	0
NG_062083.1	GIN-41-MGE-S217	0	0	0	0	0	0	0	0	0
NG_062082.1	GIN-41-MGE-S217	0	0	0	0	0	0	0	0	0
NG_062081.1	GIN-41-MGE-S217	0	0	0	0	0	0	0	0	0
NG_062080.1	GIN-41-MGE-S217	0	0	0	0	0	0	0	0	0
NG_062079.1	GIN-41-MGE-S217	0	0	0	0	0	0	0	0	0
NG_062078.1	GIN-41-MGE-S217	0	0	0	0	0	0	0	0	0
NG_062077.1	GIN-41-MGE-S217	0	0	0	0	0	0	0	0	0
NG_062076.1	GIN-41-MGE-S217	0	0	0	0	0	0	0	0	0
NG_062075.1	GIN-41-MGE-S217	0	0	0	0	0	0	0	0	0
NG_062074.1	GIN-41-MGE-S217	0	0	0	0	0	0	0	0	0
NG_062073.1	GIN-41-MGE-S217	0	0	0	0	0	0	0	0	0
NG_062072.1	GIN-41-MGE-S217	0	0	0	0	0	0	0	0	0
NG_062071.1	GIN-41-MGE-S217	0	0	0	0	0	0	0	0	0
NG_062070.1	GIN-41-MGE-S217	0	0	0	0	0	0	0	0	0
NG_062069.1	GIN-41-MGE-S217	0	0	0	0	0	0	0	0	0
NG_062068.1	GIN-41-MGE-S217	0	0	0	0	0	0	0	0	0
NG_062067.1	GIN-41-MGE-S217	0	0	0	0	0	0	0	0	0
NG_062066.1	GIN-41-MGE-S217	0	0	0	0	0	0	0	0	0
NG_062065.1	GIN-41-MGE-S217	0	0	0	0	0	0	0	0	0
NG_062064.1	GIN-41-MGE-S217	0	0	0	0	0	0	0	0	0
NG_062063.1	GIN-41-MGE-S217	0	0	0	0	0	0	0	0	0
NG_062062.1	GIN-41-MGE-S217	0	0	0	0	0	0	0	0	0
NG_062061.1	GIN-41-MGE-S217	0	0	0	0	0	0	0	0	0
NG_062060.1	GIN-41-MGE-S217	0	0	0	0	0	0	0	0	0
NG_062058.1	GIN-41-MGE-S217	0	0	0	0	0	0	0	0	0
NG_062057.1	GIN-41-MGE-S217	0	0	0	0	0	0	0	0	0
NG_062056.1	GIN-41-MGE-S217	0	0	0	0	0	0	0	0	0
NG_062055.1	GIN-41-MGE-S217	0	0	0	0	0	0	0	0	0
NG_062054.1	GIN-41-MGE-S217	0	0	0	0	0	0	0	0	0
NG_062053.1	GIN-41-MGE-S217	0	0	0	0	0	0	0	0	0
NG_062052.1	GIN-41-MGE-S217	0	0	0	0	0	0	0	0	0
NG_062051.1	GIN-41-MGE-S217	0	0	0	0	0	0	0	0	0
NG_062050.1	GIN-41-MGE-S217	0	0	0	0	0	0	0	0	0
NG_062049.1	GIN-41-MGE-S217	0	0	0	0	0	0	0	0	0
NG_062048.1	GIN-41-MGE-S217	0	0	0	0	0	0	0	0	0
NG_062047.1	GIN-41-MGE-S217	0	0	0	0	0	0	0	0	0
NG_062046.1	GIN-41-MGE-S217	0	0	0	0	0	0	0	0	0
NG_062045.1	GIN-41-MGE-S217	0	0	0	0	0	0	0	0	0
NG_062044.1	GIN-41-MGE-S217	0	0	0	0	0	0	0	0	0
NG_062043.1	GIN-41-MGE-S217	0	0	0	0	0	0	0	0	0
NG_062042.1	GIN-41-MGE-S217	0	0	0	0	0	0	0	0	0
NG_062039.1	GIN-41-MGE-S217	0	0	0	0	0	0	0	0	0
NG_062038.1	GIN-41-MGE-S217	0	0	0	0	0	0	0	0	0
NG_062037.1	GIN-41-MGE-S217	0	0	0	0	0	0	0	0	0
NG_062036.1	GIN-41-MGE-S217	0	0	0	0	0	0	0	0	0
NG_062035.1	GIN-41-MGE-S217	0	0	0	0	0	0	0	0	0
NG_062034.1	GIN-41-MGE-S217	0	0	0	0	0	0	0	0	0
NG_062033.1	GIN-41-MGE-S217	0	0	0	0	0	0	0	0	0
NG_062032.1	GIN-41-MGE-S217	0	0	0	0	0	0	0	0	0
NG_062031.1	GIN-41-MGE-S217	0	0	0	0	0	0	0	0	0
NG_062030.1	GIN-41-MGE-S217	0	0	0	0	0	0	0	0	0
NG_062029.1	GIN-41-MGE-S217	0	0	0	0	0	0	0	0	0
NG_062028.1	GIN-41-MGE-S217	0	0	0	0	0	0	0	0	0
NG_062027.1	GIN-41-MGE-S217	0	0	0	0	0	0	0	0	0
NG_062026.1	GIN-41-MGE-S217	0	0	0	0	0	0	0	0	0
NG_062025.1	GIN-41-MGE-S217	0	0	0	0	0	0	0	0	0
NG_062024.1	GIN-41-MGE-S217	0	0	0	0	0	0	0	0	0
NG_062023.1	GIN-41-MGE-S217	0	0	0	0	0	0	0	0	0
NG_062022.1	GIN-41-MGE-S217	0	0	0	0	0	0	0	0	0
NG_062021.1	GIN-41-MGE-S217	0	0	0	0	0	0	0	0	0
NG_062020.1	GIN-41-MGE-S217	0	0	0	0	0	0	0	0	0
NG_062019.1	GIN-41-MGE-S217	0	0	0	0	0	0	0	0	0
NG_062018.1	GIN-41-MGE-S217	0	0	0	0	0	0	0	0	0
NG_062017.1	GIN-41-MGE-S217	0	0	0	0	0	0	0	0	0
NG_062016.1	GIN-41-MGE-S217	0	0	0	0	0	0	0	0	0
NG_062015.1	GIN-41-MGE-S217	0	0	0	0	0	0	0	0	0
NG_062014.1	GIN-41-MGE-S217	0	0	0	0	0	0	0	0	0
NG_062013.1	GIN-41-MGE-S217	0	0	0	0	0	0	0	0	0
NG_062012.1	GIN-41-MGE-S217	0	0	0	0	0	0	0	0	0
NG_062011.1	GIN-41-MGE-S217	0	0	0	0	0	0	0	0	0
NG_062010.1	GIN-41-MGE-S217	0	0	0	0	0	0	0	0	0
NG_062009.1	GIN-41-MGE-S217	0	0	0	0	0	0	0	0	0
NG_062008.1	GIN-41-MGE-S217	0	0	0	0	0	0	0	0	0
NG_061301.1	GIN-41-MGE-S217	0	0	0	0	0	0	0	0	0
NG_061300.1	GIN-41-MGE-S217	0	0	0	0	0	0	0	0	0
NG_061299.1	GIN-41-MGE-S217	0	0	0	0	0	0	0	0	0
NG_061298.1	GIN-41-MGE-S217	0	0	0	0	0	0	0	0	0
NG_061297.1	GIN-41-MGE-S217	0	0	0	0	0	0	0	0	0
NG_061296.1	GIN-41-MGE-S217	0	0	0	0	0	0	0	0	0
NG_061295.1	GIN-41-MGE-S217	0	0	0	0	0	0	0	0	0
NG_061294.1	GIN-41-MGE-S217	0	0	0	0	0	0	0	0	0
NG_061292.1	GIN-41-MGE-S217	0	0	0	0	0	0	0	0	0
NG_061291.1	GIN-41-MGE-S217	0	0	0	0	0	0	0	0	0
NG_061290.1	GIN-41-MGE-S217	0	0	0	0	0	0	0	0	0
NG_061289.1	GIN-41-MGE-S217	0	0	0	0	0	0	0	0	0
NG_061288.1	GIN-41-MGE-S217	0	0	0	0	0	0	0	0	0
NG_061287.1	GIN-41-MGE-S217	0	0	0	0	0	0	0	0	0
NG_061286.1	GIN-41-MGE-S217	0	0	0	0	0	0	0	0	0
NG_061285.1	GIN-41-MGE-S217	0	0	0	0	0	0	0	0	0
NG_061284.1	GIN-41-MGE-S217	0	0	0	0	0	0	0	0	0
NG_061283.1	GIN-41-MGE-S217	0	0	0	0	0	0	0	0	0
NG_061282.1	GIN-41-MGE-S217	0	0	0	0	0	0	0	0	0
NG_061281.1	GIN-41-MGE-S217	0	0	0	0	0	0	0	0	0
NG_061280.1	GIN-41-MGE-S217	0	0	0	0	0	0	0	0	0
NG_061279.1	GIN-41-MGE-S217	0	0	0	0	0	0	0	0	0
NG_061278.1	GIN-41-MGE-S217	0	0	0	0	0	0	0	0	0
NG_061277.1	GIN-41-MGE-S217	0	0	0	0	0	0	0	0	0
NG_061276.1	GIN-41-MGE-S217	0	0	0	0	0	0	0	0	0
NG_061275.1	GIN-41-MGE-S217	0	0	0	0	0	0	0	0	0
NG_061274.1	GIN-41-MGE-S217	0	0	0	0	0	0	0	0	0
NG_061273.1	GIN-41-MGE-S217	0	0	0	0	0	0	0	0	0
NG_061272.1	GIN-41-MGE-S217	0	0	0	0	0	0	0	0	0
NG_061271.1	GIN-41-MGE-S217	0	0	0	0	0	0	0	0	0
NG_061270.1	GIN-41-MGE-S217	0	0	0	0	0	0	0	0	0
NG_061269.1	GIN-41-MGE-S217	0	0	0	0	0	0	0	0	0
NG_061268.1	GIN-41-MGE-S217	0	0	0	0	0	0	0	0	0
NG_061267.1	GIN-41-MGE-S217	0	0	0	0	0	0	0	0	0
NG_061266.1	GIN-41-MGE-S217	0	0	0	0	0	0	0	0	0
NG_061265.1	GIN-41-MGE-S217	0	0	0	0	0	0	0	0	0
NG_061264.1	GIN-41-MGE-S217	0	0	0	0	0	0	0	0	0
NG_061263.1	GIN-41-MGE-S217	0	0	0	0	0	0	0	0	0
NG_061262.1	GIN-41-MGE-S217	0	0	0	0	0	0	0	0	0
NG_061261.1	GIN-41-MGE-S217	0	0	0	0	0	0	0	0	0
NG_061260.1	GIN-41-MGE-S217	0	0	0	0	0	0	0	0	0
NG_061259.1	GIN-41-MGE-S217	0	0	0	0	0	0	0	0	0
NG_061258.1	GIN-41-MGE-S217	0	0	0	0	0	0	0	0	0
NG_061257.1	GIN-41-MGE-S217	0	0	0	0	0	0	0	0	0
NG_061256.1	GIN-41-MGE-S217	0	0	0	0	0	0	0	0	0
NG_061255.1	GIN-41-MGE-S217	0	0	0	0	0	0	0	0	0
NG_061254.1	GIN-41-MGE-S217	0	0	0	0	0	0	0	0	0
NG_061253.1	GIN-41-MGE-S217	0	0	0	0	0	0	0	0	0
NG_061252.1	GIN-41-MGE-S217	0	0	0	0	0	0	0	0	0
NG_061251.1	GIN-41-MGE-S217	0	0	0	0	0	0	0	0	0
NG_061250.1	GIN-41-MGE-S217	0	0	0	0	0	0	0	0	0
NG_061249.1	GIN-41-MGE-S217	0	0	0	0	0	0	0	0	0
NG_061248.1	GIN-41-MGE-S217	0	0	0	0	0	0	0	0	0
NG_061247.1	GIN-41-MGE-S217	0	0	0	0	0	0	0	0	0
NG_061246.1	GIN-41-MGE-S217	0	0	0	0	0	0	0	0	0
NG_061245.1	GIN-41-MGE-S217	0	0	0	0	0	0	0	0	0
NG_061243.1	GIN-41-MGE-S217	0	0	0	0	0	0	0	0	0
NG_061242.1	GIN-41-MGE-S217	0	0	0	0	0	0	0	0	0
NG_061241.1	GIN-41-MGE-S217	0	0	0	0	0	0	0	0	0
NG_061240.1	GIN-41-MGE-S217	0	0	0	0	0	0	0	0	0
NG_061239.1	GIN-41-MGE-S217	0	0	0	0	0	0	0	0	0
NG_061238.1	GIN-41-MGE-S217	0	0	0	0	0	0	0	0	0
NG_061237.1	GIN-41-MGE-S217	0	0	0	0	0	0	0	0	0
NG_061236.1	GIN-41-MGE-S217	0	0	0	0	0	0	0	0	0
NG_061235.1	GIN-41-MGE-S217	0	0	0	0	0	0	0	0	0
NG_061234.1	GIN-41-MGE-S217	0	0	0	0	0	0	0	0	0
NG_061233.1	GIN-41-MGE-S217	0	0	0	0	0	0	0	0	0
NG_061232.1	GIN-41-MGE-S217	0	0	0	0	0	0	0	0	0
NG_061231.1	GIN-41-MGE-S217	0	0	0	0	0	0	0	0	0
NG_061230.1	GIN-41-MGE-S217	0	0	0	0	0	0	0	0	0
NG_061229.1	GIN-41-MGE-S217	0	0	0	0	0	0	0	0	0
NG_061228.1	GIN-41-MGE-S217	0	0	0	0	0	0	0	0	0
NG_061227.1	GIN-41-MGE-S217	0	0	0	0	0	0	0	0	0
NG_061226.1	GIN-41-MGE-S217	0	0	0	0	0	0	0	0	0
NG_061225.1	GIN-41-MGE-S217	0	0	0	0	0	0	0	0	0
NG_061224.1	GIN-41-MGE-S217	0	0	0	0	0	0	0	0	0
NG_061223.1	GIN-41-MGE-S217	0	0	0	0	0	0	0	0	0
NG_061222.1	GIN-41-MGE-S217	0	0	0	0	0	0	0	0	0
NG_061221.1	GIN-41-MGE-S217	0	0	0	0	0	0	0	0	0
NG_061220.1	GIN-41-MGE-S217	0	0	0	0	0	0	0	0	0
NG_061219.1	GIN-41-MGE-S217	0	0	0	0	0	0	0	0	0
NG_061218.1	GIN-41-MGE-S217	0	0	0	0	0	0	0	0	0
NG_061217.1	GIN-41-MGE-S217	0	0	0	0	0	0	0	0	0
NG_061216.1	GIN-41-MGE-S217	0	0	0	0	0	0	0	0	0
NG_061214.1	GIN-41-MGE-S217	0	0	0	0	0	0	0	0	0
NG_061213.1	GIN-41-MGE-S217	0	0	0	0	0	0	0	0	0
NG_061212.1	GIN-41-MGE-S217	0	0	0	0	0	0	0	0	0
NG_061211.1	GIN-41-MGE-S217	0	0	0	0	0	0	0	0	0
NG_061210.1	GIN-41-MGE-S217	0	0	0	0	0	0	0	0	0
NG_061209.1	GIN-41-MGE-S217	0	0	0	0	0	0	0	0	0
NG_061208.1	GIN-41-MGE-S217	0	0	0	0	0	0	0	0	0
NG_061207.1	GIN-41-MGE-S217	0	0	0	0	0	0	0	0	0
NG_061206.1	GIN-41-MGE-S217	0	0	0	0	0	0	0	0	0
NG_061205.1	GIN-41-MGE-S217	0	0	0	0	0	0	0	0	0
NG_061204.1	GIN-41-MGE-S217	0	0	0	0	0	0	0	0	0
NG_061203.1	GIN-41-MGE-S217	0	0	0	0	0	0	0	0	0
NG_061201.1	GIN-41-MGE-S217	0	0	0	0	0	0	0	0	0
NG_061200.1	GIN-41-MGE-S217	0	0	0	0	0	0	0	0	0
NG_061199.1	GIN-41-MGE-S217	0	0	0	0	0	0	0	0	0
NG_061198.1	GIN-41-MGE-S217	0	0	0	0	0	0	0	0	0
NG_061196.1	GIN-41-MGE-S217	0	0	0	0	0	0	0	0	0
NG_061195.1	GIN-41-MGE-S217	0	0	0	0	0	0	0	0	0
NG_061194.1	GIN-41-MGE-S217	0	0	0	0	0	0	0	0	0
NG_061193.1	GIN-41-MGE-S217	0	0	0	0	0	0	0	0	0
NG_061192.1	GIN-41-MGE-S217	0	0	0	0	0	0	0	0	0
NG_061191.1	GIN-41-MGE-S217	0	0	0	0	0	0	0	0	0
NG_061190.1	GIN-41-MGE-S217	0	0	0	0	0	0	0	0	0
NG_061189.1	GIN-41-MGE-S217	0	0	0	0	0	0	0	0	0
NG_061188.1	GIN-41-MGE-S217	0	0	0	0	0	0	0	0	0
NG_061187.1	GIN-41-MGE-S217	0	0	0	0	0	0	0	0	0
NG_061186.1	GIN-41-MGE-S217	0	0	0	0	0	0	0	0	0
NG_061185.1	GIN-41-MGE-S217	0	0	0	0	0	0	0	0	0
NG_061184.1	GIN-41-MGE-S217	0	0	0	0	0	0	0	0	0
NG_061183.1	GIN-41-MGE-S217	0	0	0	0	0	0	0	0	0
NG_061182.1	GIN-41-MGE-S217	0	0	0	0	0	0	0	0	0
NG_061181.1	GIN-41-MGE-S217	0	0	0	0	0	0	0	0	0
NG_061180.1	GIN-41-MGE-S217	0	0	0	0	0	0	0	0	0
NG_061179.1	GIN-41-MGE-S217	0	0	0	0	0	0	0	0	0
NG_061178.1	GIN-41-MGE-S217	0	0	0	0	0	0	0	0	0
NG_061177.1	GIN-41-MGE-S217	0	0	0	0	0	0	0	0	0
NG_061176.1	GIN-41-MGE-S217	0	0	0	0	0	0	0	0	0
NG_061175.1	GIN-41-MGE-S217	0	0	0	0	0	0	0	0	0
NG_061174.1	GIN-41-MGE-S217	0	0	0	0	0	0	0	0	0
NG_061173.1	GIN-41-MGE-S217	0	0	0	0	0	0	0	0	0
NG_061172.1	GIN-41-MGE-S217	0	0	0	0	0	0	0	0	0
NG_061171.1	GIN-41-MGE-S217	0	0	0	0	0	0	0	0	0
NG_061170.1	GIN-41-MGE-S217	0	0	0	0	0	0	0	0	0
NG_061169.1	GIN-41-MGE-S217	0	0	0	0	0	0	0	0	0
NG_061168.1	GIN-41-MGE-S217	0	0	0	0	0	0	0	0	0
NG_061167.1	GIN-41-MGE-S217	0	0	0	0	0	0	0	0	0
NG_061166.1	GIN-41-MGE-S217	0	0	0	0	0	0	0	0	0
NG_061165.1	GIN-41-MGE-S217	0	0	0	0	0	0	0	0	0
NG_061164.1	GIN-41-MGE-S217	0	0	0	0	0	0	0	0	0
NG_061163.1	GIN-41-MGE-S217	0	0	0	0	0	0	0	0	0
NG_061162.1	GIN-41-MGE-S217	0	0	0	0	0	0	0	0	0
NG_061161.1	GIN-41-MGE-S217	0	0	0	0	0	0	0	0	0
NG_061160.1	GIN-41-MGE-S217	0	0	0	0	0	0	0	0	0
NG_061159.1	GIN-41-MGE-S217	0	0	0	0	0	0	0	0	0
NG_061158.1	GIN-41-MGE-S217	0	0	0	0	0	0	0	0	0
NG_061157.1	GIN-41-MGE-S217	0	0	0	0	0	0	0	0	0
NG_061156.1	GIN-41-MGE-S217	0	0	0	0	0	0	0	0	0
NG_061155.1	GIN-41-MGE-S217	0	0	0	0	0	0	0	0	0
NG_061154.1	GIN-41-MGE-S217	0	0	0	0	0	0	0	0	0
NG_061153.1	GIN-41-MGE-S217	0	0	0	0	0	0	0	0	0
NG_061152.1	GIN-41-MGE-S217	0	0	0	0	0	0	0	0	0
NG_061151.1	GIN-41-MGE-S217	0	0	0	0	0	0	0	0	0
NG_061150.1	GIN-41-MGE-S217	0	0	0	0	0	0	0	0	0
NG_061149.1	GIN-41-MGE-S217	0	0	0	0	0	0	0	0	0
NG_061148.1	GIN-41-MGE-S217	0	0	0	0	0	0	0	0	0
NG_061147.1	GIN-41-MGE-S217	0	0	0	0	0	0	0	0	0
NG_061146.1	GIN-41-MGE-S217	0	0	0	0	0	0	0	0	0
NG_061145.1	GIN-41-MGE-S217	0	0	0	0	0	0	0	0	0
NG_061144.1	GIN-41-MGE-S217	0	0	0	0	0	0	0	0	0
NG_061143.1	GIN-41-MGE-S217	0	0	0	0	0	0	0	0	0
NG_061142.1	GIN-41-MGE-S217	0	0	0	0	0	0	0	0	0
NG_061141.1	GIN-41-MGE-S217	0	0	0	0	0	0	0	0	0
NG_061140.1	GIN-41-MGE-S217	0	0	0	0	0	0	0	0	0
NG_061139.1	GIN-41-MGE-S217	0	0	0	0	0	0	0	0	0
NG_061138.1	GIN-41-MGE-S217	0	0	0	0	0	0	0	0	0
NG_061137.1	GIN-41-MGE-S217	0	0	0	0	0	0	0	0	0
NG_061136.1	GIN-41-MGE-S217	0	0	0	0	0	0	0	0	0
NG_061135.1	GIN-41-MGE-S217	0	0	0	0	0	0	0	0	0
NG_061134.1	GIN-41-MGE-S217	0	0	0	0	0	0	0	0	0
NG_061133.1	GIN-41-MGE-S217	0	0	0	0	0	0	0	0	0
NG_061132.1	GIN-41-MGE-S217	0	0	0	0	0	0	0	0	0
NG_061131.1	GIN-41-MGE-S217	0	0	0	0	0	0	0	0	0
NG_061130.1	GIN-41-MGE-S217	0	0	0	0	0	0	0	0	0
NG_061129.1	GIN-41-MGE-S217	0	0	0	0	0	0	0	0	0
NG_061128.1	GIN-41-MGE-S217	0	0	0	0	0	0	0	0	0
NG_061127.1	GIN-41-MGE-S217	0	0	0	0	0	0	0	0	0
NG_061126.1	GIN-41-MGE-S217	0	0	0	0	0	0	0	0	0
NG_061125.1	GIN-41-MGE-S217	0	0	0	0	0	0	0	0	0
NG_061124.1	GIN-41-MGE-S217	0	0	0	0	0	0	0	0	0
NG_061123.1	GIN-41-MGE-S217	0	0	0	0	0	0	0	0	0
NG_061122.1	GIN-41-MGE-S217	0	0	0	0	0	0	0	0	0
NG_061121.1	GIN-41-MGE-S217	0	0	0	0	0	0	0	0	0
NG_061120.1	GIN-41-MGE-S217	0	0	0	0	0	0	0	0	0
NG_061119.1	GIN-41-MGE-S217	0	0	0	0	0	0	0	0	0
NG_061118.1	GIN-41-MGE-S217	0	0	0	0	0	0	0	0	0
NG_061117.1	GIN-41-MGE-S217	0	0	0	0	0	0	0	0	0
NG_061116.1	GIN-41-MGE-S217	0	0	0	0	0	0	0	0	0
NG_061115.1	GIN-41-MGE-S217	0	0	0	0	0	0	0	0	0
NG_061114.1	GIN-41-MGE-S217	0	0	0	0	0	0	0	0	0
NG_061113.1	GIN-41-MGE-S217	0	0	0	0	0	0	0	0	0
NG_061112.1	GIN-41-MGE-S217	0	0	0	0	0	0	0	0	0
NG_061111.1	GIN-41-MGE-S217	0	0	0	0	0	0	0	0	0
NG_061110.1	GIN-41-MGE-S217	0	0	0	0	0	0	0	0	0
NG_061109.1	GIN-41-MGE-S217	0	0	0	0	0	0	0	0	0
NG_061108.1	GIN-41-MGE-S217	0	0	0	0	0	0	0	0	0
NG_061107.1	GIN-41-MGE-S217	0	0	0	0	0	0	0	0	0
NG_061106.1	GIN-41-MGE-S217	0	0	0	0	0	0	0	0	0
NG_061105.1	GIN-41-MGE-S217	0	0	0	0	0	0	0	0	0
NG_061104.1	GIN-41-MGE-S217	0	0	0	0	0	0	0	0	0
NG_061103.1	GIN-41-MGE-S217	0	0	0	0	0	0	0	0	0
NG_061102.1	GIN-41-MGE-S217	0	0	0	0	0	0	0	0	0
NG_061101.1	GIN-41-MGE-S217	0	0	0	0	0	0	0	0	0
NG_061100.1	GIN-41-MGE-S217	0	0	0	0	0	0	0	0	0
NG_061099.1	GIN-41-MGE-S217	0	0	0	0	0	0	0	0	0
NG_061098.1	GIN-41-MGE-S217	0	0	0	0	0	0	0	0	0
NG_061097.1	GIN-41-MGE-S217	0	0	0	0	0	0	0	0	0
NG_061096.1	GIN-41-MGE-S217	0	0	0	0	0	0	0	0	0
NG_061095.1	GIN-41-MGE-S217	0	0	0	0	0	0	0	0	0
NG_061094.1	GIN-41-MGE-S217	0	0	0	0	0	0	0	0	0
NG_061093.1	GIN-41-MGE-S217	0	0	0	0	0	0	0	0	0
NG_061092.1	GIN-41-MGE-S217	0	0	0	0	0	0	0	0	0
NG_061091.1	GIN-41-MGE-S217	0	0	0	0	0	0	0	0	0
NG_061090.1	GIN-41-MGE-S217	0	0	0	0	0	0	0	0	0
NG_061089.1	GIN-41-MGE-S217	0	0	0	0	0	0	0	0	0
NG_061088.1	GIN-41-MGE-S217	0	0	0	0	0	0	0	0	0
NG_061087.1	GIN-41-MGE-S217	0	0	0	0	0	0	0	0	0
NG_061086.1	GIN-41-MGE-S217	0	0	0	0	0	0	0	0	0
NG_061085.1	GIN-41-MGE-S217	0	0	0	0	0	0	0	0	0
NG_061084.1	GIN-41-MGE-S217	0	0	0	0	0	0	0	0	0
NG_061083.1	GIN-41-MGE-S217	0	0	0	0	0	0	0	0	0
NG_061082.1	GIN-41-MGE-S217	0	0	0	0	0	0	0	0	0
NG_061081.1	GIN-41-MGE-S217	0	0	0	0	0	0	0	0	0
NG_061080.1	GIN-41-MGE-S217	0	0	0	0	0	0	0	0	0
NG_061079.1	GIN-41-MGE-S217	0	0	0	0	0	0	0	0	0
NG_061078.1	GIN-41-MGE-S217	0	0	0	0	0	0	0	0	0
NG_061077.1	GIN-41-MGE-S217	0	0	0	0	0	0	0	0	0
NG_061076.1	GIN-41-MGE-S217	0	0	0	0	0	0	0	0	0
NG_061075.1	GIN-41-MGE-S217	0	0	0	0	0	0	0	0	0
NG_061074.1	GIN-41-MGE-S217	0	0	0	0	0	0	0	0	0
NG_061073.1	GIN-41-MGE-S217	0	0	0	0	0	0	0	0	0
NG_061071.1	GIN-41-MGE-S217	0	0	0	0	0	0	0	0	0
NG_061070.1	GIN-41-MGE-S217	0	0	0	0	0	0	0	0	0
NG_061069.1	GIN-41-MGE-S217	0	0	0	0	0	0	0	0	0
NG_061068.1	GIN-41-MGE-S217	0	0	0	0	0	0	0	0	0
NG_061067.1	GIN-41-MGE-S217	0	0	0	0	0	0	0	0	0
NG_061066.1	GIN-41-MGE-S217	0	0	0	0	0	0	0	0	0
NG_061065.1	GIN-41-MGE-S217	0	0	0	0	0	0	0	0	0
NG_061064.1	GIN-41-MGE-S217	0	0	0	0	0	0	0	0	0
NG_061063.1	GIN-41-MGE-S217	0	0	0	0	0	0	0	0	0
NG_061062.1	GIN-41-MGE-S217	0	0	0	0	0	0	0	0	0
NG_061061.1	GIN-41-MGE-S217	0	0	0	0	0	0	0	0	0
NG_061060.1	GIN-41-MGE-S217	0	0	0	0	0	0	0	0	0
NG_061059.1	GIN-41-MGE-S217	0	0	0	0	0	0	0	0	0
NG_061058.1	GIN-41-MGE-S217	0	0	0	0	0	0	0	0	0
NG_061057.1	GIN-41-MGE-S217	0	0	0	0	0	0	0	0	0
NG_061056.1	GIN-41-MGE-S217	0	0	0	0	0	0	0	0	0
NG_061055.1	GIN-41-MGE-S217	0	0	0	0	0	0	0	0	0
NG_061054.1	GIN-41-MGE-S217	0	0	0	0	0	0	0	0	0
NG_061053.1	GIN-41-MGE-S217	0	0	0	0	0	0	0	0	0
NG_061052.1	GIN-41-MGE-S217	0	0	0	0	0	0	0	0	0
NG_061051.1	GIN-41-MGE-S217	0	0	0	0	0	0	0	0	0
NG_061050.1	GIN-41-MGE-S217	0	0	0	0	0	0	0	0	0
NG_061049.1	GIN-41-MGE-S217	0	0	0	0	0	0	0	0	0
NG_061048.1	GIN-41-MGE-S217	0	0	0	0	0	0	0	0	0
NG_061047.1	GIN-41-MGE-S217	0	0	0	0	0	0	0	0	0
NG_061046.1	GIN-41-MGE-S217	0	0	0	0	0	0	0	0	0
NG_061045.1	GIN-41-MGE-S217	0	0	0	0	0	0	0	0	0
NG_061044.1	GIN-41-MGE-S217	0	0	0	0	0	0	0	0	0
NG_061043.1	GIN-41-MGE-S217	0	0	0	0	0	0	0	0	0
NG_061042.1	GIN-41-MGE-S217	0	0	0	0	0	0	0	0	0
NG_061041.1	GIN-41-MGE-S217	0	0	0	0	0	0	0	0	0
NG_061040.1	GIN-41-MGE-S217	0	0	0	0	0	0	0	0	0
NG_061039.1	GIN-41-MGE-S217	0	0	0	0	0	0	0	0	0
NG_061038.1	GIN-41-MGE-S217	0	0	0	0	0	0	0	0	0
NG_061037.1	GIN-41-MGE-S217	0	0	0	0	0	0	0	0	0
NG_061035.1	GIN-41-MGE-S217	0	0	0	0	0	0	0	0	0
NG_061034.1	GIN-41-MGE-S217	0	0	0	0	0	0	0	0	0
NG_061033.1	GIN-41-MGE-S217	0	0	0	0	0	0	0	0	0
NG_061032.1	GIN-41-MGE-S217	0	0	0	0	0	0	0	0	0
NG_061031.1	GIN-41-MGE-S217	0	0	0	0	0	0	0	0	0
NG_061030.1	GIN-41-MGE-S217	0	0	0	0	0	0	0	0	0
NG_061029.1	GIN-41-MGE-S217	0	0	0	0	0	0	0	0	0
NG_061028.1	GIN-41-MGE-S217	0	0	0	0	0	0	0	0	0
NG_061027.1	GIN-41-MGE-S217	0	0	0	0	0	0	0	0	0
NG_061026.1	GIN-41-MGE-S217	0	0	0	0	0	0	0	0	0
NG_061025.1	GIN-41-MGE-S217	0	0	0	0	0	0	0	0	0
NG_061024.1	GIN-41-MGE-S217	0	0	0	0	0	0	0	0	0
NG_061023.1	GIN-41-MGE-S217	0	0	0	0	0	0	0	0	0
NG_061022.1	GIN-41-MGE-S217	0	0	0	0	0	0	0	0	0
NG_061021.1	GIN-41-MGE-S217	0	0	0	0	0	0	0	0	0
NG_061020.1	GIN-41-MGE-S217	0	0	0	0	0	0	0	0	0
NG_061018.1	GIN-41-MGE-S217	0	0	0	0	0	0	0	0	0
NG_061017.1	GIN-41-MGE-S217	0	0	0	0	0	0	0	0	0
NG_061016.1	GIN-41-MGE-S217	0	0	0	0	0	0	0	0	0
NG_061015.1	GIN-41-MGE-S217	0	0	0	0	0	0	0	0	0
NG_061014.1	GIN-41-MGE-S217	0	0	0	0	0	0	0	0	0
NG_061013.1	GIN-41-MGE-S217	0	0	0	0	0	0	0	0	0
NG_061012.1	GIN-41-MGE-S217	0	0	0	0	0	0	0	0	0
NG_061011.1	GIN-41-MGE-S217	0	0	0	0	0	0	0	0	0
NG_061010.1	GIN-41-MGE-S217	0	0	0	0	0	0	0	0	0
NG_061009.1	GIN-41-MGE-S217	0	0	0	0	0	0	0	0	0
NG_061008.1	GIN-41-MGE-S217	0	0	0	0	0	0	0	0	0
NG_061007.1	GIN-41-MGE-S217	0	0	0	0	0	0	0	0	0
NG_061006.1	GIN-41-MGE-S217	0	0	0	0	0	0	0	0	0
NG_061005.1	GIN-41-MGE-S217	0	0	0	0	0	0	0	0	0
NG_061004.1	GIN-41-MGE-S217	0	0	0	0	0	0	0	0	0
NG_061003.1	GIN-41-MGE-S217	0	0	0	0	0	0	0	0	0
NG_061002.1	GIN-41-MGE-S217	0	0	0	0	0	0	0	0	0
NG_061001.1	GIN-41-MGE-S217	0	0	0	0	0	0	0	0	0
NG_060999.1	GIN-41-MGE-S217	0	0	0	0	0	0	0	0	0
NG_060998.1	GIN-41-MGE-S217	0	0	0	0	0	0	0	0	0
NG_060997.1	GIN-41-MGE-S217	0	0	0	0	0	0	0	0	0
NG_060996.1	GIN-41-MGE-S217	0	0	0	0	0	0	0	0	0
NG_060995.1	GIN-41-MGE-S217	0	0	0	0	0	0	0	0	0
NG_060994.1	GIN-41-MGE-S217	0	0	0	0	0	0	0	0	0
NG_060993.1	GIN-41-MGE-S217	0	0	0	0	0	0	0	0	0
NG_060992.1	GIN-41-MGE-S217	0	0	0	0	0	0	0	0	0
NG_060991.1	GIN-41-MGE-S217	0	0	0	0	0	0	0	0	0
NG_060990.1	GIN-41-MGE-S217	0	0	0	0	0	0	0	0	0
NG_060989.1	GIN-41-MGE-S217	0	0	0	0	0	0	0	0	0
NG_060988.1	GIN-41-MGE-S217	0	0	0	0	0	0	0	0	0
NG_060987.1	GIN-41-MGE-S217	0	0	0	0	0	0	0	0	0
NG_060986.1	GIN-41-MGE-S217	0	0	0	0	0	0	0	0	0
NG_060985.1	GIN-41-MGE-S217	0	0	0	0	0	0	0	0	0
NG_060984.1	GIN-41-MGE-S217	0	0	0	0	0	0	0	0	0
NG_060983.1	GIN-41-MGE-S217	0	0	0	0	0	0	0	0	0
NG_060982.1	GIN-41-MGE-S217	0	0	0	0	0	0	0	0	0
NG_060981.1	GIN-41-MGE-S217	0	0	0	0	0	0	0	0	0
NG_060980.1	GIN-41-MGE-S217	0	0	0	0	0	0	0	0	0
NG_060979.1	GIN-41-MGE-S217	0	0	0	0	0	0	0	0	0
NG_060978.1	GIN-41-MGE-S217	0	0	0	0	0	0	0	0	0
NG_060977.1	GIN-41-MGE-S217	0	0	0	0	0	0	0	0	0
NG_060976.1	GIN-41-MGE-S217	0	0	0	0	0	0	0	0	0
NG_060975.1	GIN-41-MGE-S217	0	0	0	0	0	0	0	0	0
NG_060974.1	GIN-41-MGE-S217	0	0	0	0	0	0	0	0	0
NG_060971.1	GIN-41-MGE-S217	0	0	0	0	0	0	0	0	0
NG_060970.1	GIN-41-MGE-S217	0	0	0	0	0	0	0	0	0
NG_060969.1	GIN-41-MGE-S217	0	0	0	0	0	0	0	0	0
NG_060968.1	GIN-41-MGE-S217	0	0	0	0	0	0	0	0	0
NG_013144.1	GIN-41-MGE-S217	0	0	0	0	0	0	0	0	0
NG_060587.1	GIN-41-MGE-S217	0	0	0	0	0	0	0	0	0
NG_016525.1	GIN-41-MGE-S217	0	0	0	0	0	0	0	0	0
NG_016506.1	GIN-41-MGE-S217	0	0	0	0	0	0	0	0	0
NG_016503.1	GIN-41-MGE-S217	0	0	0	0	0	0	0	0	0
NG_013175.1	GIN-41-MGE-S217	0	0	0	0	0	0	0	0	0
NG_017192.1	GIN-41-MGE-S217	0	0	0	0	0	0	0	0	0
NG_017187.1	GIN-41-MGE-S217	0	0	0	0	0	0	0	0	0
NG_017185.1	GIN-41-MGE-S217	0	0	0	0	0	0	0	0	0
NG_017179.1	GIN-41-MGE-S217	0	0	0	0	0	0	0	0	0
NG_017174.1	GIN-41-MGE-S217	0	0	0	0	0	0	0	0	0
NG_017173.1	GIN-41-MGE-S217	0	0	0	0	0	0	0	0	0
NG_017172.1	GIN-41-MGE-S217	0	0	0	0	0	0	0	0	0
NG_017168.1	GIN-41-MGE-S217	0	0	0	0	0	0	0	0	0
NG_017166.1	GIN-41-MGE-S217	0	0	0	0	0	0	0	0	0
NG_016541.1	GIN-41-MGE-S217	0	0	0	0	0	0	0	0	0
NG_016540.1	GIN-41-MGE-S217	0	0	0	0	0	0	0	0	0
NG_016538.1	GIN-41-MGE-S217	0	0	0	0	0	0	0	0	0
NG_016527.1	GIN-41-MGE-S217	0	0	0	0	0	0	0	0	0
NG_016511.1	GIN-41-MGE-S217	0	0	0	0	0	0	0	0	0
NG_016510.1	GIN-41-MGE-S217	0	0	0	0	0	0	0	0	0
NG_016507.1	GIN-41-MGE-S217	0	0	0	0	0	0	0	0	0
NG_016502.1	GIN-41-MGE-S217	0	0	0	0	0	0	0	0	0
NG_016501.1	GIN-41-MGE-S217	0	0	0	0	0	0	0	0	0
NG_016494.1	GIN-41-MGE-S217	0	0	0	0	0	0	0	0	0
NG_013154.1	GIN-41-MGE-S217	0	0	0	0	0	0	0	0	0
NG_013193.1	GIN-41-MGE-S217	0	0	0	0	0	0	0	0	0
NG_013192.1	GIN-41-MGE-S217	0	0	0	0	0	0	0	0	0
NG_012432.1	GIN-41-MGE-S217	0	0	0	0	0	0	0	0	0
NG_017176.1	GIN-41-MGE-S217	0	0	0	0	0	0	0	0	0
NG_016513.1	GIN-41-MGE-S217	0	0	0	0	0	0	0	0	0
*	GIN-41-MGE-S217	1	0	0	0	1	0	0	0	0
