"","Buddy_11","Joans_11","Padme_11","Ginger_14","Buddy_16","Buddy_17","Ivy_17","Padme_17","Buddy_18","Ginger_18","Ivy_18","Franc_19","Ivy_19","Ginger_2","Ginger_20","Buddy_21","Joans_21","Franc_22","Grogu_22","Henry_22","Joans_22","Marshmallow_22","Franc_24","Ivy_24","Marshmallow_24","Henry_25","Ginger_29","Henry_29","Joans_29","Ginger_36","Grogu_36","Henry_36","Franc_37","Grogu_37","Grogu_41","Joans_41","Marshmallow_41","Ginger_42","Grogu_42","Henry_42","Ivy_42","Buddy_44","Franc_44","Ginger_44","Ivy_44","Joans_44","Marshmallow_44","Buddy_45","Franc_45","Grogu_45","Ivy_45","Joans_45","Marshmallow_45","Buddy_46","Charles_46","Ivy_46","Joans_46","Franc_47","Ginger_47","Marshmallow_47","Buddy_48","Charles_48","Franc_48","Grogu_48","Ivy_48","Joans_48","Marshmallow_48","Charles_49","Franc_49","Ginger_49","Henry_49","Ivy_49","Padme_5","Buddy_50","Charles_50","Franc_50","Ginger_50","Grogu_50","Ivy_50","Joans_50","Charles_51","Franc_51","Joans_51","Buddy_52","Ginger_52","Grogu_52","Marshmallow_52","Franc_53","Marshmallow_53","Charles_55","Ginger_55","Ivy_55","Buddy_56","Franc_56","Grogu_56","Joans_56","Buddy_57","Joans_57","Ginger_58","Henry_59","Padme_6","Joans_60","Marshmallow_60","Joans_62","Henry_66","Franc_68","Ginger_7","Padme_7","Grogu_70","Charles_9","Franc_9","Grogu_9","Henry_9","Ivy_9"
"Buddy_11",0,11.5307917361873,17.409135097271,18.2983068691496,24.5234906004065,11.7785464678566,14.6133941951788,28.13017060963,18.9876930321714,19.4744029234787,26.1215049871829,14.8833754941764,24.7921843317705,14.0132058613703,17.6381841800493,15.7015573826026,21.2605551226811,16.8470646316481,19.713043031255,15.0932726437607,16.7245130875565,16.2644685244029,16.472471594103,25.8331844127904,20.2272147748016,15.2092176457093,18.0883165571048,15.5549982208213,15.3128909279942,16.4009730414202,18.7743097681698,16.7621994771587,17.305823193322,19.2253470901394,17.7562336833755,15.8680992120026,24.3543172418198,14.8752423199371,13.6384507897148,20.3793158469141,22.9534933491456,15.7536006248003,23.4788104373126,19.4436103401607,19.21188767916,18.8081527056332,15.256021285839,17.5895889526251,16.8564961645679,16.3260379623501,21.3310921306663,18.0785071981625,16.7496202241619,18.6944849825114,16.4873104080308,19.6369593956848,17.4482428894234,17.0576242620295,16.8036778918822,12.5303598522402,16.0471369150142,21.5413033824778,20.1466141101105,17.9107599624795,21.3408848559874,15.0834514374348,13.8022034681251,21.4701338567966,20.2655294991057,18.8335443500023,16.9315997550748,17.6481731229263,14.5132922181649,15.4673669528335,18.4208383594739,19.8063140079242,17.8406866971466,17.0495604037129,18.927012397485,18.3422996298598,19.3165874140953,19.5253519419154,20.9828071968333,16.0822906286821,18.065288579661,17.1704814090217,15.6707443905797,18.7088255210076,17.9339000302212,16.9977272784316,22.3007608582903,21.8635610077738,15.5907622909254,22.9920626967735,17.9509309263708,17.8504812501881,15.0818915314444,15.3136886852522,19.6088374766164,19.3023668317601,15.7281120478003,15.7341975049567,14.861802130668,16.8462099621825,20.8469301228665,14.7141199022106,17.2749400150796,15.2302159005598,18.3411415391372,15.1939834667464,14.6376069834193,13.7713118749456,19.7527753177256,16.8524246766993
"Joans_11",11.5307917361873,0,21.8134944527177,17.1350788112311,23.2971293376098,14.7282661828527,13.6629916974633,28.9789299812158,18.5251127464096,18.2763428229688,26.7528081284051,15.0317765952476,25.147011432386,13.5113332143666,17.2171990084047,15.0278228769845,18.4850867471714,15.6809861594581,17.6938278154645,15.2217640430935,19.2594888261806,13.5372350434464,16.8300652001805,26.8542052511899,18.6627504430482,15.9784045590047,16.3610734952397,16.1874296193605,13.1550777869634,16.1047161596031,17.2090150300265,16.9332782395778,16.806716273883,17.2594460768358,15.7044168280083,14.0056724231648,23.6805963684111,15.6051724526121,11.3407423154622,19.881427754929,24.441349272375,14.5108361588845,24.2369496196624,18.2710970083489,17.1995623806289,14.2312316404283,12.4358134958881,12.7817101037065,15.0020196507556,14.6452960118494,21.8061988583623,13.3689304675687,14.7123473392205,14.5148504930145,13.5049379915208,20.2288363077927,13.0422903848519,15.3251855633534,16.199576846781,11.6176519931461,13.1313372557382,24.4205558375772,17.8990058484644,15.8451342090803,22.2894027617173,13.162640925614,12.8709991237913,23.7826012466612,17.8335137253164,17.6940128656814,15.5111501163626,19.1496958260371,17.9339014690504,14.8392820689499,20.2351429182821,16.5368277435205,16.5522542588193,14.4206001318193,16.2768523530143,13.708027956592,21.326688255782,17.5080114097112,16.2114209332612,13.2875977394865,16.5638834297949,15.4861615129044,15.4009948042727,16.2629376268982,16.1355586177612,19.0620686964938,21.1602324483785,22.4540021547899,13.806695013778,23.8830997377177,16.8691883087353,13.3650648314824,12.4748024853742,12.7832707788382,18.136061063026,17.7610205125338,19.6101194612358,12.876409812815,14.2687369652727,13.2331623411391,20.7575393816217,13.3039534854196,17.2744599515072,19.8213856628731,19.3055858009048,19.8279188826046,16.0571415351092,15.8505396949469,21.7248056707431,17.8560325187578
"Padme_11",17.409135097271,21.8134944527177,0,21.9323713027951,29.0609852871909,18.0422315876215,22.7364093368988,26.7547269169231,21.5767978704506,23.3936000037915,24.9151007792108,21.888848459087,24.9090221259482,20.7375185287004,21.4222933468705,20.5321651811422,23.818715166218,23.7093496806469,23.6507116719702,20.6201523436164,20.272561760239,23.9751549343145,22.3393215092504,25.8537113489077,24.1245017233843,20.5755687717856,22.8227448192109,20.6390153730788,21.6857147767883,22.0086390052245,23.0023984332944,19.9913088945495,22.8180009920741,23.4708061349585,22.8579996620988,23.7235079819844,26.8597791601668,21.0855373429586,22.6961299662023,24.2735113871895,21.7448706984066,22.1377130962315,23.2480449406256,24.5797024176389,27.4568518746984,26.0618889810188,23.6969364996622,25.074897767755,24.7191702203534,24.7700330794818,23.611257094505,25.6770428842504,23.3926448877597,24.8544303608282,22.8161915108675,23.2794664194959,25.0585166789979,24.2017463846838,23.2942010047706,21.978834329414,22.3186689164417,17.1098408076294,27.0548221218926,23.3732321544876,22.4480210449329,23.2675992561968,23.2525249882007,17.3478215975063,27.1417435712018,24.1633926801362,22.2383724770496,19.330722352467,19.2493733388101,21.8613615981708,20.4605549638912,26.5816104237044,23.3015065964832,23.6992380890006,26.115118209146,25.3552419281429,20.2426552596597,26.4313236500202,27.3336185792496,23.3150655278159,23.5848291946172,23.0629332618269,23.8501006441085,25.7759618352685,22.571394598362,20.6820594883134,27.0813044497614,24.98392140889,23.3486686747239,24.890718640216,22.4716504542446,24.8685592488221,22.4081049772513,23.3101085655648,24.4516662474084,23.7241529871195,18.6058588126242,23.7297491824503,22.88923757486,24.7981231007807,23.6339811061833,23.473687892555,23.8099676029789,15.5592621779103,22.2094450896152,11.2404823403229,20.9077078145909,20.1916630907093,20.4091643473496,23.2616948770094
"Ginger_14",18.2983068691496,17.1350788112311,21.9323713027951,0,23.4350723584309,18.4271226826311,16.8306650097005,30.3622972970183,22.6159493184142,14.7424969948678,22.4637931823745,16.9415187854857,20.2649775583674,20.3599433637937,13.4508773986535,17.048127666871,20.3764444468342,14.3525172714094,18.2673137199489,15.6198969043305,19.4022226020296,15.9434153883638,16.6316467076721,20.5460816625055,17.1754689396671,17.6108780345544,10.4066045326363,16.7379109719875,16.1196422754438,12.7614816461769,18.7040074373169,13.6291087841114,15.7964248956332,19.0344001941241,17.4070910206275,15.875612105869,23.7256111881623,17.161395764818,16.9870484659215,11.9247284550085,20.1499779268628,17.7190679932215,18.3877817521548,12.0211896507781,17.1162965222873,17.9911187154046,15.9763508453169,18.0059485456074,15.8063279974619,16.8466457029354,16.5639311183122,18.4645800180749,16.488654202157,18.3584046887131,15.7199247468191,14.2237655210663,16.6105796753327,14.5275318447897,15.2744276789912,18.8258948872941,15.9907705422831,23.2723050506988,16.1749105073576,18.0520411797913,16.4695006467255,17.4059041541478,17.2086309943982,22.9309046841019,16.2012036626842,11.7619779670735,12.6226369336359,15.5625177895575,22.3426645356233,18.7691134474535,18.9674305545435,16.4828973482421,11.1258609986805,15.9749090454413,15.0691629321278,17.7996912893239,19.8368989222642,16.7708637695705,20.0307212301193,16.8218270591244,11.8388942850626,17.2569795669372,20.2009899317755,16.2347267474276,18.1886872668551,18.8242411700681,12.6315605288344,18.0112599948598,18.7453996059766,17.5407137775895,17.6897009590458,16.7183176631453,16.3325683507573,18.8967647077447,10.9290859137689,14.9256789742904,23.1221635826697,17.2191882024104,20.0703024422132,16.877936324763,18.0297562401005,16.6593960254206,18.9184128492423,23.2344294580925,22.0512801624768,22.4347529305921,18.7535822641649,16.2627527315224,21.7564634088845,19.4950785415725
"Buddy_16",24.5234906004065,23.2971293376098,29.0609852871909,23.4350723584309,0,25.0426282621975,24.1471502174344,31.8078464497628,26.1209968613654,21.0328759597478,29.7450523245613,25.0301613125458,29.8285970707447,23.1491448238789,22.0416336009737,22.7053474218392,25.7074281214582,25.23342492454,22.4193732328271,22.4964196149157,26.1464020868338,20.6197137719389,25.8232137032319,32.9305414705615,24.5568016618996,22.772047137192,21.6869016409567,22.3968093515219,22.4607861385868,23.8125887498843,21.0717496996925,23.745023600114,24.7926582115592,21.5317149946687,20.7518835506989,25.5419599193093,11.413142696776,22.7309915782084,20.6892698880216,23.156198418212,27.8546057364245,23.0373097559461,28.4759660838689,21.262572370426,27.7065995526903,22.363569988598,21.5974607743721,21.4115370448333,24.730953217566,22.2448427224483,26.3156839212716,21.4053395029039,21.1595454222991,22.0131640563337,21.9714063050581,26.0769920265472,21.6743315988072,23.466822065006,23.9474072790717,23.3666264864177,22.1833503237399,29.0079830009703,24.3333682606132,19.9896426724738,27.0600410512359,24.5238281391762,24.6642537050912,26.9545760705333,24.8906862045883,22.5384504994451,21.1765383566569,25.7854307540326,26.6638658835462,24.4806816390782,25.4757761940425,23.299266842843,21.8322277299764,21.4082875610191,23.6257932447716,20.6751522616086,26.4203287790993,24.2211439548231,23.1825352342819,22.6113725925655,20.9991871473965,20.4952377611699,23.9404512552205,23.3443685763788,20.9192264350284,23.6580276033297,24.9355912957142,26.7444325333019,24.865145133855,27.9965521663478,20.8755621054483,21.6606138580996,21.5750486192967,23.6226673590486,22.5400554480909,21.3993371947741,27.0797453560935,24.108242937543,25.597641522504,22.8218227445804,22.4130531968379,25.42959855395,26.9829295377259,27.4783309102246,15.7354391155333,28.4008430224684,25.5249367698244,25.0619320483299,28.3672377891516,26.1708383739782
"Buddy_17",11.7785464678566,14.7282661828527,18.0422315876215,18.4271226826311,25.0426282621975,0,16.5106276793976,29.6369782246132,20.2109877679706,18.7905478151783,23.0792661578997,16.0149172523338,22.3861989171664,16.1465199878835,18.3091278023623,12.6734123434907,21.8712535085094,17.9128921499189,19.5269547219345,16.9852640518501,17.6905655397286,17.6584234436717,17.3945126579899,24.4208749173728,20.3176703352474,18.2741704364609,17.9330884494238,17.6127249688942,13.879292223006,17.5162789627689,19.2745101713983,17.2980522529425,17.595895770355,19.8670790506752,18.3615074006562,17.8848237630835,25.5589790643264,17.5857246949304,15.9768195384787,19.6819744859811,21.6543815588261,15.8511614010677,22.1510888105964,19.5245969938508,20.7315020404873,20.5265753887164,16.9635525780672,19.2962231923246,18.48023767951,18.3055606534305,21.4509851449202,19.7006902351321,18.069112967843,19.8797660452028,18.0370743109754,19.9372002416869,18.8337324840133,17.6743996147401,18.2225872624022,16.0165284589347,16.5347624904665,22.1181117194803,20.8524210738614,18.4115403018625,20.9847115560498,16.6834186401697,16.9416569662528,22.6063784529469,21.2603526657395,19.186902890534,18.1868557326724,17.6492960014595,18.2210217826507,16.2205295258883,19.5434032996736,20.0801139426356,18.1894438065285,17.7346405206576,19.6842269815059,19.8528829046793,20.2430638938559,20.280716932994,22.5673953159733,16.7333183172155,18.0725742554673,17.7977024355143,18.4428152970327,20.0170006081955,18.6715049182621,17.3691255563019,22.1896647936047,21.6993219718718,18.2394018051206,23.0827996772147,18.8675621505974,18.9463715732172,15.6547860174896,17.342786513504,19.6672112481835,19.6363583233349,18.6363006193079,18.0409794294652,18.2094792034861,17.7948622506501,19.8700622884893,16.1962128753041,19.5076535175051,16.9509011735285,20.6300868802901,18.5321743197421,18.0204853364546,13.2603712122871,18.6385018991563,17.4315754634501
"Ivy_17",14.6133941951788,13.6629916974633,22.7364093368988,16.8306650097005,24.1471502174344,16.5106276793976,0,29.6558869054914,21.9078421081257,19.8760633296326,25.8627380974995,7.97116759280626,24.6263287392918,18.0494880135652,18.652130773486,18.4194278141933,20.1496974044894,9.74742236617888,18.9696312999958,16.2714587821264,19.1538823213863,16.6931647253419,10.0684577562707,25.6433629032401,19.5953475614927,17.523757051941,15.0839093629523,17.3489613659491,15.530777290473,14.8843793880257,19.8036208204395,18.1308476540436,12.4341401846906,19.9421827520063,18.3228696657313,16.5034411107986,23.6023464501564,17.0683579070538,14.4528936851635,18.0729722569707,22.4372336241792,16.9555115936182,22.977821042562,16.1888113760223,12.9840637442559,16.6272740169987,15.2764833184406,16.312922394512,9.99062697875445,16.5096334759681,18.866367373769,16.168265182839,16.9222357168521,17.3718565372461,15.4280849405078,18.7633109820289,15.575481373971,11.9845833315856,15.44477186388,15.3021365445309,17.0891607152089,24.9382303974028,13.5265386340876,18.1877058802982,20.0574775379477,17.4518286055887,15.8488094894541,24.30615134429,14.3687312918526,16.2033881405638,16.1134730929866,16.6940555272873,19.7134365749731,16.7067393616921,20.9793277401361,13.2031971029188,15.0342913768286,16.7299325764016,13.2106533139455,16.0535350974151,22.1020430967822,13.1356638658113,18.2193917964901,15.0924068485525,14.7775191244644,17.5381848094772,16.9150346900761,12.3452626987728,18.0945276951001,19.1165541752326,18.8352700488625,19.7545344967773,16.1725388310651,20.7901247877668,18.3106876852157,15.9816492241559,15.8401216943745,15.3225042696569,16.547755540635,19.2404995929416,20.3526058440076,14.3985878989079,17.1024280987756,15.1216770317004,21.0291383925903,10.5563297188465,17.6041370044482,20.791998268146,19.6950352743162,21.2783055658844,16.3778776447757,13.1860351628748,22.1459924207838,17.2600105774014
"Padme_17",28.13017060963,28.9789299812158,26.7547269169231,30.3622972970183,31.8078464497628,29.6369782246132,29.6558869054914,0,23.0365769913577,31.3166267030173,33.4970590948153,29.8305634784739,33.2698211438222,24.6588565035571,30.7247138623305,30.9148189360787,29.0097144932299,31.6234747848015,25.4601208113851,29.6855905700375,30.2168350400497,29.9918690415337,31.3713120724377,37.795756941505,28.4389153552782,29.6993200166274,29.7045820903081,29.8324824583145,29.4263568848621,30.1036601000084,25.2841670726764,31.4360571776725,32.2139849213326,25.1545526472248,25.3405270364553,30.8390142719292,29.9756465441587,29.620599190979,27.2815271178965,32.3123878889977,32.141511770487,31.1314791121266,33.0146037238254,30.7835372264991,35.0028638871927,31.3706219731022,29.5318363443158,30.7146648675276,31.7471653561011,30.9059830222824,31.1728279469793,31.1182041337447,27.9443658026765,32.187946258142,30.0474366707199,32.3475440201164,31.2946149690895,31.5450858167403,28.6833392985851,28.2870879353181,29.0983897147603,30.9184328115101,33.3185459646628,25.7106941428431,31.7120593070883,31.0020192545534,29.0837779785689,26.2767609379164,33.5082620006316,29.913846322223,30.3047752902431,29.9312426249134,27.0221354826129,29.5558528163048,30.6557924615587,31.7745137658438,29.8211872546949,27.6039278621659,31.8403990066509,31.3055573560182,31.9980192916633,33.1894434469515,32.3958411535828,31.1613716568301,30.0328917585463,27.4456863393105,28.1470688811259,31.4725253023651,24.6183979810445,31.4681076133981,34.8657016050074,32.7822569691759,29.1088417254787,34.052582387555,26.4782677849137,30.8096290595023,30.3967401354719,28.5981108236908,30.9958606866027,30.0246460766269,26.7316891491405,29.9072394804411,26.5771785994758,29.7572670041078,32.8641675027687,30.6129962529248,29.1646186067759,26.3632600928313,26.4000290843979,25.8344796344792,25.2730905560003,30.385178384379,30.6451529488136,30.4338834141268
"Buddy_18",18.9876930321714,18.5251127464096,21.5767978704506,22.6159493184142,26.1209968613654,20.2109877679706,21.9078421081257,23.0365769913577,0,23.53381123599,26.9653639811339,22.6746202930774,26.5098236665701,14.54407202519,23.7193329557285,21.4065211392284,17.4096272618509,23.7668518014166,16.7166492465267,22.6560176585576,23.476523263963,20.5863439017175,23.8793178624541,30.3495843760924,19.8730904224295,22.3951642164141,22.5287590760599,22.5617092259549,19.5525557087411,22.6737023057946,16.2913857232852,24.2728766970768,24.0195534962322,16.5190537497173,16.0151469193696,21.1735787774421,25.6463899768625,22.548987677851,17.6175900905544,25.4693397324436,25.7087258837298,22.0412283206772,25.6506235892552,24.4160109935284,25.8969671793363,22.207553819531,19.9889041911499,21.1477080120961,23.2453923506061,22.0078096427235,24.5815937513491,21.7714059712773,19.2117570091687,23.1029965014118,20.8962154816284,24.8476509203732,21.5925669345488,23.6226935513689,21.6182529279948,17.9598812913287,18.6058785949418,24.5453130955559,25.3609497044705,17.0418517303333,24.4503123790466,21.2101167289318,19.4959732951549,21.4292233712362,25.5711969770442,23.6600318167905,23.1289486696735,21.8426578949257,21.677528648962,19.4272833273191,24.0690832458743,23.4770635996438,22.5845542715478,18.5139988199085,23.4837330091352,22.1715907547129,25.2553806726805,25.2428749290447,24.247760410054,21.5740674763645,22.6994454603622,18.3962793563739,21.6045131114525,24.1667545962116,16.01788913036,25.1280569567658,27.5284807771241,25.5413872096071,18.8856093098412,27.011201232911,17.6449543005179,21.8327331915497,20.0453906847168,18.2719308143638,24.2315135559018,24.5230366125697,22.4606026391253,20.6189921275435,19.3172991628947,21.5227700864577,26.1935328838995,20.7965856279821,21.8790622073702,21.4104650016821,19.5880239775934,18.9260166614527,18.7931163288741,22.1424917199135,23.6002421537633,21.5020589345566
"Ginger_18",19.4744029234787,18.2763428229688,23.3936000037915,14.7424969948678,21.0328759597478,18.7905478151783,19.8760633296326,31.3166267030173,23.53381123599,0,21.3360265981428,20.0208685484254,20.0368335068168,20.6304064988885,11.3194117496186,16.5348815064027,22.7413659209018,20.0033703845597,19.6790102982681,15.7420326377432,20.4670356412454,15.977710965872,20.6969464151227,24.4161782415603,20.7571666966976,16.6907955997869,13.4885732100132,15.3771483016223,17.5697349282373,15.7224350572208,19.2882475000313,15.9705529730947,19.2791580047259,20.0399082510518,18.5454259821521,20.6433884932205,21.8475649792541,16.6692446504455,18.0047267205737,15.6065284132985,21.717726346763,17.9181492338261,21.7119652572071,14.3112288364383,22.7038475408292,18.7905698320403,17.5929974932524,17.4750747429407,20.0681079400215,17.7188095143332,20.6506314799724,18.1661586013176,17.7071641566642,18.387585314039,17.3851233542694,17.9409854928856,17.4088961025804,17.9205792646379,18.1137280471982,20.464001948247,17.0534694986362,23.8908937809195,20.3416076461297,18.5501670658927,20.2200336119984,17.7795406527551,20.279294060299,23.3544611183299,20.6729766180166,15.7246014696071,13.6099248895027,19.0503125999951,22.4434852332908,19.3874965458357,18.2748413317514,18.9928374435906,14.2783623862624,17.9877356906447,18.3788044548603,17.1607058673761,18.5854736757469,19.2622798315718,20.0695106259451,17.3932723629045,14.4423135271625,17.9677147396804,19.8523266785911,18.4033137894889,18.8894455246843,16.6294106588182,17.3950912502399,20.3328152622321,20.4534515105802,22.2942612158965,18.1979303711834,16.9573433497806,15.3911246258815,19.9813223411624,15.7541900675454,12.7721218407588,23.6769517221084,18.9902464661198,22.2228120096768,17.101206451157,13.2647190606661,20.2503584059561,21.7546292243538,23.7592424706286,21.9541815863655,23.1534610557917,21.7482074198205,19.1923793723425,22.2721200219831,22.6147164679994
"Ivy_18",26.1215049871829,26.7528081284051,24.9151007792108,22.4637931823745,29.7450523245613,23.0792661578997,25.8627380974995,33.4970590948153,26.9653639811339,21.3360265981428,0,25.1489068513058,9.88607774870833,26.7213978619271,21.5640684688873,23.5560070270322,27.7746933636185,25.5047143088177,23.0776921360776,23.7934584248544,22.7082305636609,25.510944243566,23.9649758187874,18.9648961304677,23.1778046734052,25.1701925657809,22.366883398311,23.4646693401764,23.6305705597178,23.3617354005519,23.2029177690687,22.1451491062223,22.5627860195421,24.8806655663081,23.6913491274997,27.8026044941816,28.8074669882017,25.0977730162434,25.580154562597,22.4923037300799,13.3062017343285,23.1293863406014,20.1587235707693,23.3503784873726,28.9046971919014,27.6078979982487,26.0344234875612,27.0125397422218,26.3805904681631,26.73917001823,21.8934624480213,27.0289120788688,24.2031756805553,26.1466727736907,25.5874429820824,21.4948288248394,26.0031530436009,23.576594147057,25.8999022141538,26.914892221863,24.2680920905309,24.0208495502392,25.9598198152239,24.0773027939696,15.9905881656569,25.7690578265672,28.1487526319047,25.5029649641703,26.0349802933397,24.5979519091927,23.2696451134041,17.858678420471,28.8293649628645,25.7532099197011,25.2352220198794,25.0240872615038,23.0936002692188,24.1295979558265,24.8289512154598,26.2065785053748,24.6820124177214,24.7569117520445,28.4454206966137,24.2911661595993,23.1950601828279,23.3271457803266,27.4662665682734,24.8136635097292,23.4929449673894,22.4306130420211,25.5362616862516,18.1783082393235,27.4670184781234,20.393513091919,22.4289424849776,25.9182097163976,23.7692352812872,27.0421954608567,24.1596787649141,24.7072857144437,28.0767616689314,26.7688462495007,29.4658743160548,27.6964655623436,20.6485217165242,26.3628917784595,29.0276076194979,26.3741077984881,28.1862542173223,26.5805472443555,28.0196227973799,21.834399809128,26.1846608515354,24.881054266046
"Franc_19",14.8833754941764,15.0317765952476,21.888848459087,16.9415187854857,25.0301613125458,16.0149172523338,7.97116759280626,29.8305634784739,22.6746202930774,20.0208685484254,25.1489068513058,0,23.7000842614803,19.2456182058479,18.9277173546871,18.4453821217713,21.3346175283548,10.0120770030738,19.413636423292,17.2224648515038,19.2447736448376,17.0742549056884,8.88523176876048,24.9879451428328,20.1607225151589,18.8609457298038,14.8928778520996,18.0673263738293,15.2658866850954,15.7085749409849,20.469341328625,18.751313593796,11.4602684964701,20.7230175117058,18.8782159296846,17.1876096083467,24.2317938664588,18.4283750660659,15.6321406241832,17.9525896971636,21.7418852957547,16.3507542636937,22.5390958866441,17.0340627665236,14.6120983367096,18.5876045217806,16.7662485561728,17.6261637630438,12.3126289493121,17.7849482178403,18.4388505792906,17.8645108933087,17.6300116491566,18.7022232976751,16.0724303974998,18.530765308603,17.059496143453,11.8213162708988,16.7054166970638,16.9173636036494,17.5259704597235,24.0190105216772,14.983764001411,18.8788147129482,19.502344634529,18.2872002084645,17.5010123960099,23.5829269090749,15.6092180786016,16.9118459051742,16.6348434426078,15.7929122724943,20.4015279218118,17.263940664528,20.6697571271999,14.4937155758816,15.2386728855897,17.2327877197614,14.4610608713587,17.4827688890815,21.7903672912945,14.2193163132456,20.2407209052256,14.9458712705331,15.0923707210344,18.3170586457004,18.2873399296574,13.1275525956315,18.6938898523989,18.2210238595736,19.5065860176286,19.2068777633861,17.7330244499025,20.303230778016,18.9796149836567,16.6165365017277,15.9243923030439,16.1502023635368,16.9363930419142,20.1481290900798,20.367764069254,15.1782315040426,18.7907067524187,16.5688780691414,21.1922444313076,12.0806415512324,19.3566386803009,20.3993277958065,21.0935668249788,20.7441554807245,17.8767442923914,12.7513301841806,23.2524609473422,18.7634803060269
"Ivy_19",24.7921843317705,25.147011432386,24.9090221259482,20.2649775583674,29.8285970707447,22.3861989171664,24.6263287392918,33.2698211438222,26.5098236665701,20.0368335068168,9.88607774870833,23.7000842614803,0,26.4470513537351,20.1656651061129,22.8204486782456,27.0443727531698,23.5658803853748,22.7439595342308,23.2385719939723,22.3158301093039,23.7921642056194,22.7397239633687,16.627392165963,21.9566701557146,24.6724810937502,20.2678165597674,22.7190561078704,22.6145030728718,21.4799284492638,22.9139770329721,21.3386712066777,21.4316594954564,24.2324336298442,22.8416771390718,25.6226334926437,29.2153673473644,24.4662339882882,24.3266984440083,20.9716829468831,14.6316433091919,22.0365597079989,19.6377087562585,21.8455708483753,26.9542562174638,26.3337707788291,24.6026916707057,25.9028588040185,24.8893393370667,24.892013179371,20.5679084931102,26.0600584758119,22.789525425784,25.4963365923727,23.9348344253174,18.8912745915326,24.7043188290654,21.888994014535,24.4096766422763,25.6668991236951,23.2912864912588,23.8818575906952,24.6980730256246,23.4396686941876,14.8244772622137,23.7112531808114,26.5556856078474,25.2419511432094,24.3296204307364,22.4023927256353,21.5296911353308,16.9839014670048,28.01031803195,24.7083030592819,23.6661182264649,23.7272120387886,21.0533867989499,22.7586417809462,23.1871720634557,25.3784393062856,22.9445605659599,23.7596378354754,27.6992936674378,23.2456212970723,21.4050991731058,22.6627224061494,26.4813630122291,23.4160778512299,22.9497032948261,21.3092422150506,23.4194765693118,16.0755241516801,26.2724861849471,18.7948810447949,21.886276689438,24.5065587768355,22.7168995217674,26.0776324274991,22.1187976512128,23.4063986775348,27.4733265867859,25.1120403855741,28.2124893961974,26.0464209120713,21.0016846620059,24.8527717474127,27.2208974337437,26.721440912382,28.4560461386604,25.904329979263,26.5104898553204,20.9995291243781,26.5841266019913,24.6538456515011
"Ginger_2",14.0132058613703,13.5113332143666,20.7375185287004,20.3599433637937,23.1491448238789,16.1465199878835,18.0494880135652,24.6588565035571,14.54407202519,20.6304064988885,26.7213978619271,19.2456182058479,26.4470513537351,0,19.3673956270195,19.2086579026156,21.2484634583663,20.9074358773398,16.7867128375292,15.2258142600282,18.2940035413229,18.1979053484726,20.7500736342706,29.3872122040052,19.6912887493283,14.5633100348948,19.6490861220238,15.8945135386462,17.9984932262414,17.4935121631587,15.8954956334564,18.7412688855289,21.8294798221218,16.6932961738135,15.4200588086269,18.0056405178425,23.1822725694879,14.3784988255238,14.0776086525871,22.7243097269234,25.1150729225339,19.2634513204025,25.1367443367274,21.5967386035947,23.0190144539558,20.2777010687193,15.9954585435955,18.5025703509866,19.8612880373027,18.6132713285699,23.1417401076186,19.1465552491448,17.0915943839125,20.1601290991176,18.906413435043,23.8056491394602,19.1410368676538,21.0575523270881,17.6924233192983,12.4555761550211,17.3725687852831,25.4187232915661,23.2370933312187,15.6144067443954,23.8861884621766,17.3407000586292,14.0778962250607,23.637063142496,23.3073202085834,21.7684539123609,18.9942927381335,20.3919828002806,17.354881575927,16.1714042318867,23.4958392346153,21.5342024373529,20.7246927871471,16.9148119968898,21.8623038565095,19.3839352637988,24.3819998755005,23.1328518365817,21.6061206918877,18.6869959894546,20.4096501527632,16.392238463367,16.2664023804044,21.8424974865302,15.6705904687039,21.9807510106759,25.2448018537033,24.458839247791,15.0837252078984,26.0512791526324,16.4893386921059,19.4307453688688,17.3105706596244,14.4607149824594,21.8841116517131,20.3329052061973,17.927298217032,16.7862108728688,13.9791010811652,18.6099599589994,21.5541105203562,17.2486559424441,16.2960479149318,17.3303817233209,16.7854885156272,17.6113045664261,14.3657678595834,18.3878155484312,18.7073167425678,17.1863929153328
"Ginger_20",17.6381841800493,17.2171990084047,21.4222933468705,13.4508773986535,22.0416336009737,18.3091278023623,18.652130773486,30.7247138623305,23.7193329557285,11.3194117496186,21.5640684688873,18.9277173546871,20.1656651061129,19.3673956270195,0,16.0735904696797,22.6871952774991,18.2309827512295,18.0544239102358,11.8405590089804,18.0187629914278,15.533434451114,18.8671533633274,21.8483146376228,18.1629859694953,14.3598219260138,12.5086009671675,12.320806315021,16.7651378943107,13.7345903542197,17.3435408279817,10.9821007652991,17.3783230108823,18.5639403761089,16.8800222512142,18.7019690045321,21.4738725535709,13.5144455944085,16.4631928449283,14.4587705343681,20.2123337516175,16.404317802056,20.3845110851919,14.6456736841682,21.24365293741,18.2547639807936,16.1497596765622,16.9859195029733,18.5845869565935,17.0555912276564,19.3511409986466,17.8671997687212,15.9030080662042,17.2047266693722,16.3559470352467,17.8738239505383,16.9397541782853,17.133439276581,17.5019530224188,18.3894687911129,16.7433741138963,22.2688879265419,19.2216842777445,17.2262468097805,18.2235389246677,16.6361898050467,18.4649123317279,22.458431771427,19.4497223259745,15.4542854159599,11.7961652260288,17.5920954869025,19.9253287206722,18.0317689528704,17.7011788984501,18.5366655145136,13.7596004396686,16.3289754453522,17.8597059915261,17.1319621106287,17.5959103711121,18.8137791571075,19.2731700156255,16.5915620894774,14.4862514865089,15.9650996553275,18.3585643606617,17.6271551483815,17.5185355881624,14.8633393192548,16.8432434658483,18.7494141937551,19.331863590083,20.4087378888044,16.3236007220913,16.6605054586134,15.0623656199307,19.0759708498766,14.5678723191353,12.3052858440704,21.331684716064,17.8781789243478,20.2309961948976,17.8461297187379,12.1755070874933,19.2831957204003,20.5211341012978,21.0617834320429,21.5332399621709,21.5674819421741,20.2448771703479,16.9810587315179,20.6110095078378,19.9727161547674
"Buddy_21",15.7015573826026,15.0278228769845,20.5321651811422,17.048127666871,22.7053474218392,12.6734123434907,18.4194278141933,30.9148189360787,21.4065211392284,16.5348815064027,23.5560070270322,18.4453821217713,22.8204486782456,19.2086579026156,16.0735904696797,0,18.5194506658215,18.7847214534118,17.2901478614487,18.7196697470074,19.9361448217755,14.7342729262289,19.1992773410497,24.6412759337169,18.1083843180755,19.7682135610915,17.4153162296288,18.6660188545418,10.008204423562,19.225659833584,16.5422181646654,17.4165558105089,16.680694358905,17.21273178936,15.7766849373196,17.8896073713085,23.3601190089153,19.663180630224,15.1483881045464,17.9099000589732,21.909655564418,11.5243257955152,21.74039994672,18.1201381128034,21.2364275611286,16.530832346148,15.9421101707364,15.286496325875,19.2559276673054,16.7004749254033,22.2629362462455,15.8667792767147,14.9466427932531,14.5907694588415,14.893757809336,18.9732444819641,15.1402207836666,16.9438330297083,21.0998702044914,18.3981744805041,13.01415311979,22.2920179111228,19.3381439299638,15.66861231958,21.4189004310624,16.3972602213592,19.2910399572812,22.2894571682189,19.7819195776576,18.2861770494628,17.3930001047593,19.7565547747535,22.1981881778143,15.7313048766627,19.723287322345,18.2758231684454,17.6657953462075,15.1333935411639,18.1041373165424,15.6093127844363,19.3650310593746,18.1269710470379,18.4847548651747,12.9865888623399,17.6220492193689,14.6328551076365,19.6938040407622,18.3389594802439,16.0547694791281,16.4706550945497,21.108228124237,21.9003313027804,18.4215964814166,23.4378551382203,15.8567806725741,15.7747527342785,11.5089061670797,17.7840338539036,18.7943771568696,17.6977901498655,22.9207381014816,18.1842444275665,21.0568908193591,16.9984783471082,18.376348187562,18.505948272628,23.9925239062066,21.8242973043248,22.2030445360088,22.1232431754153,22.4986386218262,15.9842038801851,21.2195135703266,20.4596596546846
"Joans_21",21.2605551226811,18.4850867471714,23.818715166218,20.3764444468342,25.7074281214582,21.8712535085094,20.1496974044894,29.0097144932299,17.4096272618509,22.7413659209018,27.7746933636185,21.3346175283548,27.0443727531698,21.2484634583663,22.6871952774991,18.5194506658215,0,20.1088524799433,17.9838593947233,24.3783456958997,25.8736149992302,19.8227865485824,21.5670306503771,29.1190513814733,20.3843193722434,25.0117194325156,21.3267448585089,24.3541745512003,16.5927920642841,24.0091076573052,18.527234028435,24.0533092957937,21.1465429484389,18.7247675587866,17.6897213583549,20.3925161273117,24.9256699186708,25.0267320668695,18.9870702888328,23.7917836347366,26.0189071719465,18.7276878770254,24.6531406514861,22.9230296960091,22.3224167737843,16.102066699764,20.4554295754738,16.6708057536037,20.329371939042,22.0171900936627,24.3589725209211,16.3383743167953,19.5222509878447,17.7572517033897,16.2082185789591,24.2254351970292,16.9218560049476,20.6581439331215,24.0372933677947,22.2062059408104,15.6563838217738,25.8818410778856,20.4803522659616,18.4966849674038,24.7904213734303,20.911334165949,23.3833302399372,22.9033755602096,21.2508081004746,22.8283600391203,22.3426458800195,22.9525737711295,26.3924845081798,20.600297219334,24.8495572554757,18.9168776921204,21.6795272794194,18.8191390268079,19.859714324212,17.3114057469597,25.2265238839077,20.7286707538854,18.0167006686873,18.3219229145732,21.4619141652752,19.0044118891977,24.2066739226548,20.2723223986319,17.7261796530663,24.8820071295153,25.5904181250547,25.9507968366057,19.3288389443116,26.1177133821459,19.0488880645492,17.7555548508467,17.532847794791,19.277993376724,22.7465507757559,23.4170342108796,27.3045015494239,20.2887220390728,23.6106238491869,19.289343837541,25.5916902122891,20.4369092352712,26.4675217210634,26.124815053698,22.5382187693069,23.5541518441982,24.2399383892115,22.763207483429,26.7897846243359,24.8977427456877
"Franc_22",16.8470646316481,15.6809861594581,23.7093496806469,14.3525172714094,25.23342492454,17.9128921499189,9.74742236617888,31.6234747848015,23.7668518014166,20.0033703845597,25.5047143088177,10.0120770030738,23.5658803853748,20.9074358773398,18.2309827512295,18.7847214534118,20.1088524799433,0,19.3886785480672,17.8143629597012,19.8348577747304,16.7487986501666,10.1673943854857,23.0303030955453,18.6660708658764,19.8402889610625,14.1047314216937,19.3512431394468,15.5792743850964,16.1813411523322,20.4174070885573,17.1847963015565,11.8315817583394,20.1730599029121,18.8106931199104,14.6139042317355,24.9161123889902,19.3777339820786,16.1948323811607,16.5787286488311,22.3884949256474,16.9792357679708,21.8828430555714,15.6692404224223,10.2866889951371,16.2122630137851,15.3013372518692,16.7684228238574,9.19434487855119,17.0852144503247,17.6298291672671,16.6834223082767,17.3201491049987,16.9483511469485,14.6739998792347,16.7580640483191,15.4734394528709,11.1546436197245,16.0781123839987,17.4662238695546,16.646310767493,25.4108495440099,11.1916253037347,18.9570507051283,19.0069274872348,17.6455022651205,16.86056538519,24.8305815966273,11.6202756072699,15.0623086181099,15.6477702218679,16.824826808269,21.9282271691105,17.6524903449238,20.5292076770777,13.0077483837284,14.381275337489,16.856157581437,11.9168517178488,16.728709293903,21.857475676137,12.9196604223494,18.1007663162457,15.8316248186065,14.4222555843557,18.1992302854234,19.5371986457925,12.3521647705835,19.2017057364275,20.1622700984856,16.1098615822271,19.0225342962626,17.1182129181274,18.3395880478397,19.2347179466948,16.0658363692212,16.3291705417576,17.0770272546182,14.1787937318464,18.7379864504264,22.5842806374038,15.4511196169885,18.7819363283109,15.3598985929823,21.8694046994433,10.6021488672177,19.4712886119421,23.3145395695391,22.3130531564753,23.3690336188513,18.4136702655023,14.2213101172371,24.2864456075459,18.3970378260635
"Grogu_22",19.713043031255,17.6938278154645,23.6507116719702,18.2673137199489,22.4193732328271,19.5269547219345,18.9696312999958,25.4601208113851,16.7166492465267,19.6790102982681,23.0776921360776,19.413636423292,22.7439595342308,16.7867128375292,18.0544239102358,17.2901478614487,17.9838593947233,19.3886785480672,0,19.8044937882172,21.0047209256773,14.6620140626301,19.6550705653027,25.885450203825,8.74599439803439,21.5241878374619,16.4934671391957,20.1942259248341,14.3994532103647,19.7725231948633,7.60403195564098,19.960851156785,18.0883586959192,9.03486378086867,7.50017863351356,19.1923750743575,22.4900303043175,21.1486355270431,12.5621419708961,19.4939088598027,21.3326985780778,16.2827183328158,22.7154656868915,18.5297914463022,21.7440839857205,16.658472771555,14.3877498719441,16.224793267195,19.321814443737,17.1266195150286,20.5919717876511,16.7004447130264,10.439065706476,17.5521385410063,15.0224563556818,20.4017491110613,16.2887157994103,17.8092201047001,20.3388261360355,16.7096448358515,14.0087790619623,23.3249703890035,18.8182838596668,8.71889239006036,19.6271356326701,19.0177556927806,17.435391827173,21.3145383138461,19.1383812111776,18.5529274990774,18.7219116125908,19.0914552242616,23.1909200282598,17.7824523603663,21.4025134918079,17.6664164883163,17.7833817297696,9.65733175697246,17.9590843750623,16.9765369426957,22.64616380537,19.7034501971582,18.9403352884484,16.4476014573895,17.8966123611006,8.90877142638661,19.5461372816277,18.3476333447118,7.83677810386978,20.5838721865796,21.9436723157498,19.8654304242699,17.6654857659853,21.3605944698717,9.04746958671772,17.0024582492927,15.5994990265119,16.4923313002871,18.1583528744825,19.9988347025037,23.1938342190751,18.1144371898679,18.6179150917083,18.0577443695905,21.1286400833581,17.9939185884108,22.8758253837299,23.2279621247609,21.3473724572526,22.6273346514289,20.3213980010385,18.0522330232165,24.1317760321525,17.0707600472771
"Henry_22",15.0932726437607,15.2217640430935,20.6201523436164,15.6198969043305,22.4964196149157,16.9852640518501,16.2714587821264,29.6855905700375,22.6560176585576,15.7420326377432,23.7934584248544,17.2224648515038,23.2385719939723,15.2258142600282,11.8405590089804,18.7196697470074,24.3783456958997,17.8143629597012,19.8044937882172,0,16.4107249765854,17.1402688512951,17.6492941550616,24.7560581822455,20.5833191045013,8.95476025826971,13.9773970000928,7.78240291229825,18.6231152367909,11.7593841405055,19.2153238599849,9.74300165192672,18.4941394735275,20.2317909862329,18.7273595472078,18.1465000043114,21.5323923179324,7.30945842517636,16.0307192038715,16.3152503572998,21.9000584613053,18.0987549177178,22.5610902426621,16.0577690857407,20.4973015485949,19.8850487271275,15.6397134062953,18.5944727688301,17.161221606779,17.3504986871958,19.3106934444571,19.2858734918975,18.0044486745449,18.6637997262706,18.2528934621363,20.2227412495829,18.437741921892,17.8957197953829,14.7453312379452,14.6414646197846,19.052798506721,23.4625152000416,20.0942437530319,18.630389760724,19.8414147508556,16.907024799795,15.1490125355673,23.5173649180016,20.4256124267566,16.789001572448,11.7857810902644,17.3075490005084,16.6489007921614,18.1132008461108,19.5704629118019,19.538733455385,15.1873708775113,18.2196078196119,19.2082351514576,18.3702834105568,20.1516864108847,19.8837258441641,20.7899800500813,18.0264630018736,14.9991838177341,17.5426582093546,15.3350754302118,18.7727569555771,19.0163169750722,17.0083519965931,18.2208299230287,20.1755553566608,18.3502531578271,21.5972764076331,18.1066925386839,18.2239913917284,17.0308005442776,17.9190892069707,16.172412988752,14.990175964354,17.8687603962623,17.391105715103,16.7836735276544,18.4401044234184,14.0296950345257,17.4141452857288,15.8363587352554,17.6512819136411,19.0910817230673,19.3482016228075,16.2140608110333,15.8289216991392,17.8302189362187,17.2269216754651
