"","Buddy_11","Joans_11","Padme_11","Ginger_14","Buddy_16","Buddy_17","Ivy_17","Padme_17","Buddy_18","Ginger_18","Ivy_18","Franc_19","Ivy_19","Ginger_2","Ginger_20","Buddy_21","Joans_21","Franc_22","Grogu_22","Henry_22","Joans_22","Marshmallow_22","Franc_24","Ginger_24","Grogu_24","Henry_24","Ivy_24","Marshmallow_24","Henry_25","Ginger_29","Henry_29","Joans_29","Ginger_36","Grogu_36","Henry_36","Joans_36","Franc_37","Grogu_37","Ginger_41","Grogu_41","Joans_41","Marshmallow_41","Ginger_42","Grogu_42","Henry_42","Ivy_42","Buddy_44","Franc_44","Ginger_44","Ivy_44","Joans_44","Marshmallow_44","Buddy_45","Franc_45","Grogu_45","Henry_45","Ivy_45","Joans_45","Marshmallow_45","Buddy_46","Charles_46","Ivy_46","Joans_46","Marshmallow_46","Franc_47","Ginger_47","Ivy_47","Marshmallow_47","Buddy_48","Charles_48","Franc_48","Grogu_48","Henry_48","Ivy_48","Joans_48","Marshmallow_48","Charles_49","Franc_49","Ginger_49","Henry_49","Ivy_49","Joans_49","Marshmallow_49","Padme_5","Buddy_50","Charles_50","Franc_50","Ginger_50","Grogu_50","Ivy_50","Joans_50","Charles_51","Franc_51","Joans_51","Buddy_52","Charles_52","Ginger_52","Grogu_52","Marshmallow_52","Franc_53","Marshmallow_53","Charles_55","Ginger_55","Ivy_55","Buddy_56","Franc_56","Grogu_56","Joans_56","Buddy_57","Joans_57","Ginger_58","Henry_59","Padme_6","Joans_60","Marshmallow_60","Joans_62","Henry_66","Ivy_67","Franc_68","Ginger_7","Padme_7","Grogu_70","Charles_9","Franc_9","Grogu_9","Henry_9","Ivy_9"
"Buddy_11",0,0.29170316606182,0.514446529080675,0.520570213830186,0.715897693079238,0.33350012509382,0.304391342424622,0.893998245833855,0.63486307365262,0.329080675422139,0.594689378757515,0.23511755877939,0.50012528188424,0.631565782891446,0.417344512576649,0.365444764168648,0.510566462423409,0.357527218120385,0.81470367591898,0.364511691884457,0.403377110694184,0.37661038148843,0.294971228421316,0.37176441165437,0.349762321741306,0.278569642410603,0.596861697688006,0.724931232808202,0.30689353184036,0.375093773443361,0.291322830707677,0.434037764161561,0.317744154057772,0.866216554138535,0.467417135709819,0.515128782195549,0.331332833208302,0.889472368092023,0.318073796122577,0.847711927981995,0.462853331109814,0.774661992989484,0.325328330206379,0.652663165791448,0.426426426426426,0.642365887207703,0.514257128564282,0.655484357331323,0.46248124062031,0.492537313432836,0.448793297486557,0.548080530198825,0.377344336084021,0.369540733324991,0.509754877438719,0.471801925722146,0.581756672096228,0.439859964991248,0.749687421855464,0.497811679379767,0.467417135709819,0.474105579184388,0.387846961740435,0.571535767883942,0.438859714928732,0.463414634146341,0.474118529632408,0.443541327997999,0.655620857821683,0.516016016016016,0.428785794673002,0.877469367341835,0.465049393522571,0.484548980357813,0.436545682102628,0.406981108469911,0.752817430503381,0.469234617308654,0.484928080050031,0.405851462865716,0.419604901225306,0.405804353264949,0.50744215134459,0.434037764161561,0.578025278438243,0.458046767537827,0.398548911683763,0.404202101050525,0.675168792198049,0.405276978867075,0.444111027756939,0.397747183979975,0.398274352882331,0.497248624312156,0.407231327411485,0.464598448836627,0.3615903975994,0.748937234308577,0.363306199123356,0.431357839459865,0.862215553888472,0.48836627470603,0.53285523682455,0.558558558558559,0.61961961961962,0.530765382691346,0.804951237809452,0.339252219582343,0.48287071767942,0.633158289572393,0.405479794820468,0.415530824059022,0.429215170859932,0.370435217608804,0.441901188242652,0.339669834917459,0.488058021758159,0.340257790013765,0.365182591295648,0.516637478108581,0.542828560710266,0.614153538384596,0.387887887887888,0.589346004751782,0.354177088544272,0.436337863753856,0.421783168688258
"Joans_11",0.29170316606182,0,0.543178973717146,0.454204204204204,0.744574081043784,0.421704844160721,0.381822734101152,0.915747241725176,0.465965965965966,0.34918648310388,0.658102519112671,0.325240896008009,0.551460448790272,0.579276686272056,0.456048084147258,0.338257386079119,0.338838838838839,0.389681943400952,0.653696984861754,0.435185185185185,0.40575719649562,0.221526908635795,0.346601577168607,0.411411411411411,0.189635749155088,0.352433379206806,0.61690046760187,0.59339421994245,0.409364046069104,0.365945202051795,0.333416739647191,0.26976976976977,0.32957957957958,0.697485299637183,0.481602002503129,0.309896159139247,0.36044038533717,0.718503690729388,0.455819774718398,0.679469535843863,0.4662996329663,0.79731930351998,0.442553191489362,0.458275991492556,0.424064104169275,0.67042042042042,0.393067200600676,0.680915262760875,0.425603804279815,0.478311644978312,0.278528528528529,0.368868868868869,0.231327411485049,0.392186326070624,0.310724565135778,0.41991991991992,0.59679037111334,0.32040535468535,0.563868384836732,0.357607607607608,0.319399249061327,0.454750281637251,0.29463280370324,0.378300588161682,0.441511322407106,0.438798498122653,0.475040660578006,0.363863863863864,0.459209209209209,0.593839989983724,0.459459459459459,0.704241211059677,0.500750750750751,0.515022533800701,0.443456480901691,0.294191286930396,0.76995363989475,0.486171943436366,0.432540675844806,0.410233954710372,0.438258476166646,0.396420077606709,0.306382978723404,0.634384384384384,0.450037565740045,0.512262262262262,0.395919389160095,0.402828181704417,0.523583135243338,0.406906906906907,0.434505192043038,0.479273638071384,0.428678678678679,0.502940808409461,0.264396594892339,0.542621104018025,0.36819717252596,0.590641811585137,0.323308270676692,0.464781683973477,0.693982234455148,0.569658280135186,0.54750980228581,0.62939777137849,0.391260798798047,0.547490927293205,0.641686475666208,0.311561561561562,0.356687101213562,0.435255848867759,0.416374561842764,0.464214214214214,0.589929859719439,0.356776373420098,0.378222778473091,0.377049180327869,0.523023023023023,0.393188079138492,0.275184582655487,0.574670448857,0.698698698698699,0.688227198798949,0.530236634531113,0.684934934934935,0.42710549368039,0.572072072072072,0.361611611611612
"Padme_11",0.514446529080675,0.543178973717146,0,0.473236618309155,0.905705329153605,0.522582259477042,0.656156156156156,0.904010025062657,0.625562781390695,0.617463097322992,0.617437053739196,0.591494684177611,0.616589399824583,0.78786741713571,0.696871088861076,0.47972972972973,0.503501750875438,0.681852315394243,0.870201325497061,0.650575287643822,0.508381285964473,0.676757568176132,0.613661954209934,0.676338169084542,0.668710121356187,0.588345629611104,0.596828046744574,0.850443916468676,0.581831831831832,0.591096661247968,0.517819182193322,0.621810905452726,0.61255627813907,0.889708640740278,0.645734300725544,0.71039139677379,0.64361635613355,0.916468675753408,0.617963472604453,0.880205076903839,0.716811207471648,0.904594966821084,0.643482611958969,0.817931724396649,0.661118758603429,0.684592296148074,0.715822388993121,0.616235234983664,0.604252657911195,0.678285523682455,0.74312156078039,0.75887943971986,0.681380517694135,0.681852315394243,0.658286429018136,0.610805402701351,0.715789473684211,0.733400025009379,0.833687632862323,0.763881940970485,0.73530147610708,0.572626047791818,0.697636613730149,0.753345841150719,0.674377891709391,0.58919189392044,0.516568713267475,0.694847423711856,0.78064032016008,0.51820798398198,0.750375187593797,0.915968488183069,0.687593796898449,0.632382382382382,0.718613093002879,0.673423423423423,0.685410144020038,0.763852407754847,0.621716287215412,0.60335125672127,0.476553707640365,0.73927186288002,0.689266950212659,0.697848924462231,0.740926157697121,0.589044522261131,0.610659326911047,0.569731081926204,0.831936976366137,0.593546773386693,0.721645617106415,0.63624984353486,0.686093046523262,0.77661038148843,0.643393393393393,0.711247341423746,0.613605101913217,0.836688758284357,0.654809619238477,0.688633237464049,0.896961360510191,0.74702865006881,0.661579517971812,0.752721812038543,0.710424227255663,0.691807379612258,0.842691009128423,0.569034517258629,0.707140177566587,0.738651994497937,0.678428428428428,0.680090045022511,0.655733600400601,0.582989368355222,0.715036277207906,0.678048780487805,0.717858929464732,0.505882352941176,0.615759849906191,0.756296914095079,0.630315157578789,0.792922345879705,0.399824802903266,0.77863931965983,0.668542839274547,0.482655103402268,0.646573286643322
"Ginger_14",0.520570213830186,0.454204204204204,0.473236618309155,0,0.817725962141156,0.543214509068168,0.569677257943458,0.995990979704335,0.680420105026257,0.437718859429715,0.632561051972448,0.504564211579342,0.53275710885632,0.845692134550456,0.543043043043043,0.525644233174881,0.443110777694424,0.47022022022022,0.852231528941118,0.582895723930983,0.44072036018009,0.518259129564782,0.4729205753596,0.524631157789447,0.562226391494684,0.484185523190399,0.548489400767818,0.781722715339417,0.519389542156617,0.38367295911989,0.424928116014502,0.498124531132783,0.433608402100525,0.880985123140393,0.460980490245123,0.50093761720215,0.480185023127891,0.902987873484186,0.530015007503752,0.865483185398175,0.609638152409538,0.885092001502065,0.574787393696848,0.729966245780723,0.379707243838359,0.646911727931983,0.621608103038639,0.630150753768844,0.381267975490809,0.486576621644155,0.582395598899725,0.585396349087272,0.550943867983498,0.517017017017017,0.43428785794673,0.412603150787697,0.56802806314207,0.612201525190649,0.754969371171396,0.662665666416604,0.599549774887444,0.35609756097561,0.549943742967871,0.619607352757284,0.497937242155269,0.375937968984492,0.426178272284035,0.659414853713428,0.684671167791948,0.583885900162642,0.554888722180545,0.894736842105263,0.513378344586147,0.512134100575432,0.569515705168314,0.573930447835877,0.763615875798172,0.563836438664499,0.323161580790395,0.420177522190274,0.35991998999875,0.608255159474672,0.571535767883942,0.730682670667667,0.688188188188188,0.538134533633408,0.38786741713571,0.332249593597599,0.7439679959995,0.375843960990248,0.609451181397675,0.542735577524715,0.486871717929482,0.669125922220833,0.51613710282712,0.630769230769231,0.4174271783973,0.797474684335542,0.573002754820937,0.517689711213902,0.879734966870859,0.675797373358349,0.374301675977654,0.611660202677343,0.624671587639184,0.501563086157309,0.820977622202775,0.394598649662416,0.599699962495312,0.675209401175147,0.425068801601201,0.458364591147787,0.754192740926158,0.456046017256471,0.658579289644822,0.435538326872577,0.587396849212303,0.423423423423423,0.431286732524697,0.652768512341561,0.777694423605901,0.832979122390299,0.588389841110972,0.756689172293073,0.557834187820433,0.611805902951476,0.584146036509127
"Buddy_16",0.715897693079238,0.744574081043784,0.905705329153605,0.817725962141156,0,0.768999247554552,0.615953844224257,0.997487752794875,0.937069073586561,0.694796238244514,0.853591160220994,0.731945837512538,0.859080633006782,0.881394182547643,0.700664910299837,0.735105982691584,0.84304876519995,0.665537573704679,0.924041113060918,0.706656637833772,0.836990595611285,0.775548589341693,0.687735139202408,0.613137771091889,0.72686230248307,0.700426171972926,0.881113619262603,0.911005264477313,0.697980684811238,0.774128854349461,0.701679618952118,0.840040115331578,0.700639338097029,0.926548007019303,0.779811912225705,0.810980195537729,0.693657558285285,0.937076961644522,0.788087774294671,0.926046628227626,0.817756619059551,0.259287148594378,0.681504702194357,0.80721985460015,0.737079779227296,0.846308135890686,0.802908726178536,0.833228366292984,0.778836509528586,0.798379687630502,0.708411683590322,0.813212987338598,0.689145149160191,0.699410362564296,0.82271815446339,0.800175504575655,0.828664740610476,0.610930057658561,0.879418400601655,0.666039864610756,0.634608150470219,0.850764986205167,0.687891702180998,0.836760280842528,0.787164702933066,0.841003134796238,0.813236400100276,0.827754795035728,0.844553090134136,0.89488208730557,0.706907358656136,0.914264226623214,0.801930550332205,0.847485262761821,0.73099121706399,0.854258121158911,0.939241777554607,0.743480441323972,0.841003134796238,0.798195036349962,0.84206568062171,0.676950087785302,0.848025078369906,0.800927667042748,0.849956090829256,0.823993982700263,0.81339352896915,0.816700100300903,0.891451491601905,0.828757678325185,0.531962897969416,0.713174404015056,0.737495298984581,0.555917753259779,0.810610811488775,0.630549285176825,0.753070945099022,0.88192529456004,0.707721280602637,0.790172975683129,0.928302832790173,0.727113117632305,0.787337119946542,0.822629202207727,0.868790767686904,0.825727181544634,0.90097768864377,0.735238811583302,0.787415392328904,0.8576084231637,0.768468581462436,0.707910241945594,0.777638348600828,0.823219658976931,0.801128526645768,0.711384152457372,0.610129121223518,0.84644335716974,0.785105315947843,0.822905354606967,0.850821110693243,0.453747806467786,0.916959357752132,0.88742635075843,0.736960882647944,0.767476822851416,0.798671179641469
"Buddy_17",0.33350012509382,0.421704844160721,0.522582259477042,0.543214509068168,0.768999247554552,0,0.417344512576649,0.948615114676025,0.70931832395247,0.345927686725885,0.465547481834127,0.323742807105329,0.37468671679198,0.780585439079309,0.410189009888597,0.266424727818796,0.558223889931207,0.391413193140568,0.806153076538269,0.367854909318324,0.471537595395971,0.363943450519204,0.324574574574575,0.383864915572233,0.46971971971972,0.3024012006003,0.517155021287253,0.665582791395698,0.466149418095357,0.355927963981991,0.399949974987494,0.4223889931207,0.347091932457786,0.861430715357679,0.407231327411485,0.490495247623812,0.373936968484242,0.88344172086043,0.365444764168648,0.844172086043022,0.483612709532149,0.838717756073128,0.462779932440886,0.649824912456228,0.374718397997497,0.579987492182614,0.451588691518639,0.560889782581375,0.482862146609957,0.491785505796014,0.451657285803627,0.53921200750469,0.405702851425713,0.370384278382776,0.528146109582187,0.488180112570356,0.539290637924552,0.451475737868934,0.74712356178089,0.561475922451532,0.47403978481171,0.496996996996997,0.390695347673837,0.561421065799349,0.399449724862431,0.515576129112974,0.46248124062031,0.586241400875547,0.648030018761726,0.543929912390488,0.396873045653533,0.872436218109054,0.401626016260163,0.430359154048304,0.363545317976965,0.48467025403579,0.766783567134269,0.423067300475357,0.505066933566871,0.400450225112556,0.430215107553777,0.392642642642643,0.500562992618541,0.599249530956848,0.525848041056453,0.510444027517198,0.415415415415415,0.409056792594446,0.664332166083042,0.428392745465916,0.446473236618309,0.36379569354031,0.364602876797999,0.522141606204653,0.440120135152046,0.453703703703704,0.347173586793397,0.74712356178089,0.373669046724289,0.404952476238119,0.855177588794397,0.473473473473473,0.539449541284404,0.471339173967459,0.636045056320401,0.466349762321741,0.803401700850425,0.388868042526579,0.44072036018009,0.626813406703352,0.350519334251032,0.341838649155722,0.603355452610492,0.37878408806605,0.53984736644564,0.375531648736552,0.496435272045028,0.418450369257729,0.361270953214911,0.628325965468346,0.676547842401501,0.713106553276638,0.616020025031289,0.74208880550344,0.276207155366525,0.504128096072054,0.482676672920575
"Ivy_17",0.304391342424622,0.381822734101152,0.656156156156156,0.569677257943458,0.615953844224257,0.417344512576649,0,0.916520431185761,0.764323242431824,0.440940940940941,0.582508457586769,0.195546102839985,0.483644566988344,0.736269235581133,0.423885828743115,0.462077596996245,0.583937953465099,0.210315473209815,0.825891181988743,0.342757067800851,0.473473473473473,0.435685685685686,0.231635590038794,0.285213910432825,0.369040170191465,0.315322076297686,0.615127734179329,0.728580362726704,0.405256570713392,0.400875547217011,0.374609130706692,0.534901175881911,0.30147610708031,0.888930581613508,0.44019019019019,0.533708567854909,0.281050656660413,0.90744215134459,0.345845845845846,0.866166353971232,0.490408673894912,0.663368816530996,0.365365365365365,0.641525953721076,0.403680060082614,0.609957468101076,0.516076566996122,0.62166918049271,0.497059927436507,0.479899916597164,0.41080810607956,0.518138603952965,0.40562851782364,0.240861291937907,0.556111597647942,0.495371528646485,0.526447731260968,0.330581613508443,0.730581613508443,0.467850888166125,0.372872872872873,0.526216994118383,0.368355222013759,0.559614662829976,0.370606629143215,0.527027027027027,0.530706691682301,0.494370778083563,0.66199649737303,0.668293904118162,0.310733049787341,0.892682926829268,0.450838128596447,0.479349186483104,0.411794165518968,0.412515644555695,0.812351246398597,0.351182284498937,0.527777777777778,0.459161976235147,0.493183239524703,0.339006382179952,0.482232232232232,0.555416562421816,0.595643465197797,0.567175381536152,0.384057064197222,0.448767671712749,0.670293933708568,0.386039529647235,0.311319574734209,0.432077125328659,0.308731548661496,0.359689728512448,0.46883604505632,0.431610561882117,0.371357098186366,0.764102564102564,0.359559007767477,0.348342714196373,0.879674796747967,0.498435740207734,0.536742013512386,0.484040555764176,0.616973338340218,0.467534092330789,0.819387116948093,0.41105829372029,0.502439024390244,0.621763602251407,0.383229036295369,0.447085313985489,0.541197094916103,0.447516577004879,0.451951951951952,0.370198924058551,0.432074055541656,0.422383575363045,0.33266608282247,0.552218885552219,0.661746309732299,0.564727954971857,0.602703717611716,0.655991993995497,0.330914550231452,0.529608006672227,0.455591693770328
"Padme_17",0.893998245833855,0.915747241725176,0.904010025062657,0.995990979704335,0.997487752794875,0.948615114676025,0.916520431185761,0,0.930092708594337,0.994987468671679,0.991968879407705,0.930585139706804,0.99121375674658,0.896253602305475,0.994734202607824,0.994484833291552,0.995239288398898,0.981193580742227,0.996743079042966,0.910548734652969,0.931578947368421,0.996491228070175,0.952625642311067,0.996742671009772,0.898483519238,0.913065263685331,0.995320073541701,0.996242014280346,0.895462521935322,0.996492546661656,0.915320055117124,0.994738160861939,0.943623152092207,0.996993611424277,0.980701754385965,0.996993611424277,0.993736690467243,0.996993611424277,0.895739348370927,0.996743079042966,0.930205376523627,0.996237300890505,0.895739348370927,0.990229237128899,0.996239187664536,0.993485342019544,0.99398571607568,0.990936555891239,0.99699285803784,0.976790783102354,0.99724379854673,0.990228013029316,0.996743079042966,0.962888665997994,0.992983335421626,0.996742671009772,0.987195581220186,0.997244143805587,0.996242014280346,0.996492107241293,0.995989974937343,0.994736182479007,0.997244143805587,0.994236311239193,0.994989352373794,0.925814536340852,0.994989352373794,0.896266599849662,0.996492107241293,0.992729096151435,0.995990979704335,0.996993611424277,0.993986469556502,0.990975181749812,0.975924764890282,0.896715968914515,0.985949065361937,0.996742262874327,0.997243107769424,0.993486158085933,0.968182387573594,0.997242762250909,0.955388471177945,0.892508143322476,0.964393179538616,0.993234778251065,0.997493420228099,0.996742262874327,0.996993611424277,0.996742671009772,0.997244143805587,0.992978056426332,0.995740415935856,0.997243453201353,0.995988969666583,0.993984208547437,0.997494676186897,0.996743079042966,0.881304893350063,0.996993611424277,0.996242014280346,0.993232234615867,0.997996159305335,0.9929798169738,0.936818352764197,0.994486906402706,0.996242014280346,0.99724379854673,0.995740949517725,0.968432919954904,0.997242416645776,0.993485342019544,0.892901931276649,0.970680365868939,0.888721804511278,0.991229169277033,0.994237033324981,0.902457372116349,0.935095852650044,0.930360721442886,0.892758707090955,0.90329450081423,0.892691488028081,0.897018291155099,0.970429770705425,0.93003840374019,0.895765472312704
"Buddy_18",0.63486307365262,0.465965965965966,0.625562781390695,0.680420105026257,0.937069073586561,0.70931832395247,0.764323242431824,0.930092708594337,0,0.708104052026013,0.823669380087664,0.714642991121671,0.789302267318051,0.620857821683131,0.831081081081081,0.661245934450838,0.444861215303826,0.787537537537538,0.337417177147143,0.779194798699675,0.677338669334667,0.530265132566283,0.744090056285178,0.779694923730933,0.576735459662289,0.702962870358795,0.795526623268236,0.339417427178397,0.708531398548912,0.699212401550194,0.634704338042255,0.460115028757189,0.720430107526882,0.342917864733092,0.797398699349675,0.422677834729341,0.758219777472184,0.347418427303413,0.749874937468734,0.338917364670584,0.729698182424546,0.960695956940794,0.770135067533767,0.311413926740843,0.769798573752033,0.832458114528632,0.533074903088658,0.841708542713568,0.697886707515318,0.729531432382858,0.630907726931733,0.459364841210303,0.585198149768721,0.770770770770771,0.565837188945855,0.701175293823456,0.827110999749436,0.647205900737592,0.32541567695962,0.576394098524631,0.670335167583792,0.690056285178236,0.66195774471809,0.334250343878955,0.771471433929241,0.644822411205603,0.679459932491561,0.455113778444611,0.274318579644911,0.713249092956337,0.830207551887972,0.34841855231904,0.798949737434359,0.75331498623968,0.775747716180703,0.605954465849387,0.806685864529861,0.832937351506815,0.718609304652326,0.714964370546318,0.655206900862608,0.777360850531582,0.403451725862931,0.848712178044511,0.665415415415415,0.735683920980245,0.685553470919325,0.694885582093285,0.305913239154894,0.677669417354339,0.763970496312039,0.78500813415092,0.777444361090273,0.840690258847068,0.474355766825119,0.847154471544715,0.693461682710339,0.323415426928366,0.66015527172552,0.781472684085511,0.339417427178397,0.899437148217636,0.786375385641624,0.852370824471412,0.599649693481797,0.809178441915718,0.325915739467433,0.67966991747937,0.466183272909114,0.466933366670834,0.780085063797848,0.780445111277819,0.862077596996245,0.670626484931849,0.694597298649325,0.745654620482681,0.860715178794699,0.668668668668669,0.624359134675503,0.820213475650434,0.846211552888222,0.844730591323915,0.63017640435381,0.839459864966242,0.791921970739027,0.743038185759546,0.617404351087772
"Ginger_18",0.329080675422139,0.34918648310388,0.617463097322992,0.437718859429715,0.694796238244514,0.345927686725885,0.440940940940941,0.994987468671679,0.708104052026013,0,0.549041713641488,0.314821763602251,0.37426387670718,0.82714196372733,0.264831038798498,0.388138138138138,0.5,0.354943679599499,0.815680880330124,0.311405702851426,0.408056042031524,0.304978734050538,0.338421118478669,0.268134067033517,0.458025772550982,0.250969113417532,0.482136894824708,0.682380892834813,0.412412412412412,0.236213580092535,0.285982243341253,0.347423711855928,0.281140570285143,0.870201325497061,0.30597948461346,0.471301738151807,0.33174940602726,0.905214455420783,0.319239429572179,0.867950481430536,0.469813208805871,0.775134593714787,0.440580435326495,0.682630986619982,0.325991740708297,0.632066033016508,0.459412132582864,0.60970092988188,0.368355222013759,0.415276851234156,0.368184092046023,0.514757378689345,0.319744904339127,0.384230287859825,0.460412757973734,0.383191595797899,0.535338345864662,0.404776791296736,0.7774165311992,0.510505252626313,0.381536152114086,0.410734392593519,0.304489183443791,0.550969355847405,0.419032137051394,0.454590943207406,0.381518069275978,0.647823911955978,0.644822411205603,0.447878863721687,0.401450725362681,0.891959484806803,0.350675337668834,0.399149149149149,0.329578169983728,0.512762762762763,0.769818409517846,0.446404002501563,0.40630472854641,0.223208703263724,0.348755783418782,0.319654697860628,0.512634475856893,0.649074537268634,0.552690863579474,0.448724362181091,0.321406230451645,0.301563477173233,0.69263473802676,0.339669834917459,0.389521070401401,0.334835398673176,0.350175087543772,0.467166979362101,0.384384384384384,0.395971475040661,0.230961610603976,0.762410904089033,0.389028056112224,0.391521820682756,0.880455170689008,0.460527961966721,0.423067300475357,0.507445876611188,0.639093980728319,0.445153220762977,0.80867825434538,0.225862931465733,0.411279229711142,0.650618982118294,0.283533533533534,0.262131065532766,0.655232849273911,0.274046278924328,0.592694520890668,0.31307066916823,0.448724362181091,0.385732165206508,0.389118198874296,0.623853211009174,0.766383191595798,0.727897961735651,0.602052308847453,0.77263631815908,0.344340212632896,0.528685790527018,0.596048024012006
"Ivy_18",0.594689378757515,0.658102519112671,0.617437053739196,0.632561051972448,0.853591160220994,0.465547481834127,0.582508457586769,0.991968879407705,0.823669380087664,0.549041713641488,0,0.564128256513026,0.293851944792974,0.853456913827655,0.540293269833312,0.492043603558451,0.693675641828428,0.53603208422108,0.8251940896569,0.536881653099562,0.541275209820869,0.607415758486784,0.483838636933099,0.580212899185974,0.665246805311952,0.537690959178562,0.486172612582505,0.717004758327072,0.586768575366495,0.580015026296018,0.512396694214876,0.593237319974953,0.542391984971822,0.88580015026296,0.484905424026055,0.656899574254946,0.520661157024793,0.912096168294515,0.543279468871352,0.87152516904583,0.684834321008263,0.884152457372116,0.571088563196793,0.770848985725019,0.53483709273183,0.321978710081403,0.545841683366733,0.401786837800428,0.626503006012024,0.672147566981053,0.595992485911083,0.643832185347527,0.58878036563987,0.519989973680912,0.683617234468938,0.660363180964308,0.479232024093362,0.575256699223641,0.790132732281493,0.621790857858485,0.635224852812226,0.59784515159108,0.553468569997496,0.695891783567134,0.574755822689707,0.701114869096831,0.419734535437015,0.702442078897934,0.72773951158422,0.536591478696742,0.527113337507827,0.900576008014025,0.557921102066374,0.380779350958526,0.554524943594886,0.652173913043478,0.795836468522699,0.56563126252505,0.686834523362145,0.535937891309792,0.434009516654145,0.580556251566024,0.655768508079669,0.704195366311835,0.662363704724903,0.65460237946149,0.51089952392884,0.594939879759519,0.716754320060105,0.551909830932999,0.549962434259955,0.534219102531963,0.506574827802129,0.596693386773547,0.563964415486781,0.563016787772488,0.574004507888805,0.780365639869772,0.554245578828546,0.554219884798397,0.882294014525419,0.586820345778,0.662103505843072,0.419047619047619,0.728070175438597,0.370490981963928,0.821687953919359,0.569693174702567,0.564738292011019,0.712246431254696,0.587269765693522,0.552160300563557,0.730976557603109,0.576152304609218,0.715144682450207,0.630260521042084,0.474765184721353,0.485900488783056,0.611973947895792,0.773937724350948,0.752285535378835,0.830703731530178,0.705012531328321,0.837695679398873,0.459669338677355,0.631917202236875,0.547902316844083
"Franc_19",0.23511755877939,0.325240896008009,0.591494684177611,0.504564211579342,0.731945837512538,0.323742807105329,0.195546102839985,0.930585139706804,0.714642991121671,0.314821763602251,0.564128256513026,0,0.397394136807818,0.772386193096548,0.366036791390314,0.383210309020393,0.524571714392897,0.229132774371168,0.827706926731683,0.310241340502689,0.413883677298311,0.321075672295184,0.181135851888917,0.268225584594223,0.384788591443583,0.213303325831458,0.518404139888156,0.682420605151288,0.414237457775554,0.25631407851963,0.294573643410853,0.40777791671877,0.247467800425159,0.891722930732683,0.381113195747342,0.517379344836209,0.20130032508127,0.91072768192048,0.315572232645403,0.868717179294824,0.44250812974235,0.769404106159239,0.414383989993746,0.643660915228807,0.345845845845846,0.619107165186945,0.467983991995998,0.637391632114587,0.414207103551776,0.397481864420912,0.386519944979367,0.523071151681881,0.328582145536384,0.257664872982105,0.482741370685343,0.412529698636989,0.537401328154367,0.392098024506127,0.735433858464616,0.487057646617482,0.421388367729831,0.437828371278459,0.325581395348837,0.549524762381191,0.307326831707927,0.441651031894934,0.474368592148037,0.518319369763661,0.666374890583969,0.533283283283283,0.294235338251844,0.895223805951488,0.343253720145054,0.369198048292256,0.345181476846058,0.408232203177781,0.773854244928625,0.339669834917459,0.432145090681676,0.323580895223806,0.391847961990498,0.340005003752815,0.464165103189493,0.575340752782293,0.542485295957953,0.473552582218332,0.304728546409807,0.31615807903952,0.670917729432358,0.302238339377266,0.383095773943486,0.339924906132666,0.280980367637864,0.439969984992496,0.361191042161892,0.409056792594446,0.244311077769442,0.766441610402601,0.336505948653726,0.280320080020005,0.882220555138785,0.44283212409307,0.452301534356237,0.427427427427427,0.627627627627628,0.418459229614807,0.821705426356589,0.297986745029386,0.444611152788197,0.622655663915979,0.270361566370574,0.356508690759035,0.565402428338966,0.32216108054027,0.488180112570356,0.304652326163082,0.448543203701388,0.357276936553623,0.298899449724862,0.565007088649821,0.681880705264474,0.692423105776444,0.556056056056056,0.691134175315743,0.261630815407704,0.520220128408238,0.484806802550957
"Ivy_19",0.50012528188424,0.551460448790272,0.616589399824583,0.53275710885632,0.859080633006782,0.37468671679198,0.483644566988344,0.99121375674658,0.789302267318051,0.37426387670718,0.293851944792974,0.397394136807818,0,0.856176396893009,0.401780117838787,0.469858378242888,0.642991356632845,0.419581296226652,0.827154308617234,0.394964299135663,0.45821325648415,0.46648289688009,0.374937343358396,0.396216961042215,0.594486215538847,0.392785571142285,0.380462939750982,0.648046092184369,0.538288006015791,0.421843687374749,0.448396793587174,0.449830890642616,0.412251033446073,0.887274549098196,0.325397819822077,0.588927855711423,0.368236472945892,0.911072144288577,0.38478887357474,0.87124248496994,0.532849152683863,0.899423125156759,0.538654303971933,0.74123246492986,0.429430935071446,0.437554803958412,0.458782260085192,0.458779106356199,0.533199699323478,0.525669922364137,0.499937366904672,0.581360390830515,0.5,0.452927165601103,0.564269606614883,0.54177627458349,0.471570227187147,0.545591182364729,0.757264529058116,0.625454089941125,0.532890615211126,0.47593984962406,0.422094188376753,0.607867702330243,0.441132264529058,0.592532264127302,0.389028056112224,0.646749342352499,0.717148941500689,0.439959889696666,0.446824502066892,0.899799599198397,0.389202054365527,0.248527384384008,0.389167502507523,0.551823536784058,0.758655293527346,0.478576797795039,0.559954892870568,0.361973947895792,0.382264529058116,0.455137844611529,0.54516977822328,0.679068019541526,0.579791901717438,0.55931354127521,0.397744360902256,0.454021548484089,0.684619238476954,0.425278717274208,0.51002004008016,0.402206619859579,0.408743580107729,0.578301177649712,0.472114300037599,0.444360902255639,0.409068136272545,0.778056112224449,0.458035378246142,0.43311623246493,0.883517034068136,0.526315789473684,0.536817498747704,0.35597894209075,0.690398596139383,0.323728388874969,0.82064128256513,0.438807465864963,0.482464929859719,0.679609218436874,0.410953753603208,0.429036702993862,0.729404388714734,0.406414432473064,0.670717955143466,0.523427712352794,0.487410747839158,0.369186410931428,0.482084690553746,0.711613926692828,0.770261806338469,0.8624749498998,0.664577588368012,0.809845922585494,0.371836632422952,0.620335587277736,0.542778404108731
"Ginger_2",0.631565782891446,0.579276686272056,0.78786741713571,0.845692134550456,0.881394182547643,0.780585439079309,0.736269235581133,0.896253602305475,0.620857821683131,0.82714196372733,0.853456913827655,0.772386193096548,0.856176396893009,0,0.833062194969341,0.74827974477668,0.653119919969989,0.835064447503441,0.683670917729432,0.72389646117294,0.782363977485929,0.642526579111945,0.807355516637478,0.853945229461048,0.531398548911684,0.711927981995499,0.900843001418913,0.673418354588647,0.559614662829976,0.85821455363841,0.72768192048012,0.642115793422533,0.782418406902588,0.690172543135784,0.810631644777986,0.637909477369342,0.836209052263066,0.704676169042261,0.610756722951845,0.6911727931983,0.700491953639623,0.913370055082624,0.569731081926204,0.649412353088272,0.852852852852853,0.856446167312742,0.630815407703852,0.853750471164719,0.862181090545273,0.844909530559493,0.640615230711517,0.627610353882706,0.655413853463366,0.807283193592792,0.656828414207104,0.86194823058647,0.856408971306854,0.670917729432358,0.664416104026006,0.621858196823809,0.687554721701063,0.860395296472354,0.712178044511128,0.638069034517259,0.842710677669417,0.781363352095059,0.855713928482121,0.441540577716644,0.630611479304739,0.88038038038038,0.831686882580968,0.686671667916979,0.854695510816556,0.859877392718629,0.765707133917397,0.522832478418616,0.897821187077385,0.820910455227614,0.87567229518449,0.846211552888222,0.832208052013003,0.78533900425319,0.597748592870544,0.397524071526823,0.62958328119134,0.868700762786045,0.839629722291719,0.862931465732866,0.659164791197799,0.846192322120795,0.7871967991998,0.862578222778473,0.844691759409779,0.802651325662831,0.631427499061679,0.864148111083312,0.857964491122781,0.651912978244561,0.630056355666875,0.854713678419605,0.69567391847962,0.857393044783588,0.903602401601067,0.858108108108108,0.591591591591592,0.858429214607304,0.665166291572893,0.83093660122546,0.619154788697174,0.603650912728182,0.860878268484924,0.829936226084782,0.418700713481036,0.812906453226613,0.426391494684178,0.851425712856428,0.823433787670376,0.72268802402703,0.700600300150075,0.5099658076891,0.332749781167938,0.771692923230808,0.45045045045045,0.289233462548456,0.818659329664832,0.501209038605853,0.510566462423409
"Ginger_20",0.417344512576649,0.456048084147258,0.696871088861076,0.543043043043043,0.700664910299837,0.410189009888597,0.423885828743115,0.994734202607824,0.831081081081081,0.264831038798498,0.540293269833312,0.366036791390314,0.401780117838787,0.833062194969341,0,0.424887330996495,0.613113113113113,0.364137240170298,0.808082071812836,0.213963963963964,0.473091364205257,0.393241551939925,0.361121542120416,0.228978978978979,0.443234447365127,0.29913674465157,0.48062792251169,0.644188665081947,0.441912869303956,0.369698486175403,0.356186663330414,0.420670670670671,0.358108108108108,0.862629801075941,0.201251564455569,0.531590141373702,0.339672213186538,0.899161766545728,0.326908635794743,0.86187914425122,0.444778111444778,0.754478266315921,0.413266583229036,0.661453772050544,0.409540503317892,0.615365365365365,0.424352396446002,0.616042242896656,0.517957702415217,0.423923923923924,0.364364364364364,0.522272272272272,0.369198048292256,0.387427998998247,0.55274684019522,0.523023023023023,0.539869608826479,0.396972350806956,0.753784561491305,0.471971971971972,0.379224030037547,0.553135561396921,0.306142875015639,0.562507821298961,0.465031902915051,0.608760951188986,0.544101088452396,0.622622622622623,0.652152152152152,0.530487041442344,0.394394394394394,0.888652570999625,0.38013013013013,0.446419629444166,0.330494677520351,0.531547320981472,0.798521488535271,0.459141534226004,0.550938673341677,0.349680970849493,0.497560365319655,0.305044436099637,0.532665832290363,0.613613613613614,0.533183070373153,0.551551551551552,0.453498560520716,0.438868727318233,0.676717127486551,0.483483483483483,0.367946953584386,0.363556668753914,0.406406406406406,0.428106619947441,0.449674511767651,0.299536863186882,0.372200675591142,0.752033028900288,0.378446115288221,0.437007381458776,0.876642061804079,0.444986856928276,0.454242095603571,0.506698384875423,0.652184800300488,0.444124640220248,0.795821343675716,0.348098098098098,0.406981108469911,0.641936694607782,0.3592889334001,0.345095095095095,0.631012024048096,0.330747090476786,0.569211514392991,0.430609435615067,0.38013013013013,0.510393188079138,0.468652233762983,0.644585349574504,0.738988988988989,0.749030401601401,0.693501940653562,0.764264264264264,0.321236390939807,0.576743410076743,0.572322322322322
"Buddy_21",0.365444764168648,0.338257386079119,0.47972972972973,0.525644233174881,0.735105982691584,0.266424727818796,0.462077596996245,0.994484833291552,0.661245934450838,0.388138138138138,0.492043603558451,0.383210309020393,0.469858378242888,0.74827974477668,0.424887330996495,0,0.452589442081561,0.409614421632449,0.731582238899312,0.498123592694521,0.501251251251251,0.324824824824825,0.369791014891753,0.394295721791344,0.408584657739957,0.416885553470919,0.545667056269828,0.633771106941839,0.505381727158949,0.436898061288305,0.416885553470919,0.349762321741306,0.393294971228421,0.781113195747342,0.467717717717718,0.424640400250156,0.350343964978111,0.805878674171357,0.512262262262262,0.766854283927455,0.518932443703086,0.795115842204133,0.539039039039039,0.581738586616635,0.419451746150958,0.613960470352765,0.398723883397973,0.537456008044243,0.531840360315276,0.537781484570475,0.350012509382037,0.491618714035527,0.285303314571607,0.43114672008012,0.459276867258851,0.546159619714786,0.590624216595638,0.34208880550344,0.672295184490306,0.413560170127596,0.369119119119119,0.546239519459392,0.298061288305191,0.521331164769173,0.475171982489056,0.616366366366366,0.489180737961226,0.561170878158619,0.55241431073305,0.565152084115659,0.441330998248686,0.792870544090056,0.492369276957718,0.483854818523154,0.43558282208589,0.505882352941176,0.763747964424402,0.492055548605029,0.556556556556557,0.481175734834271,0.477923702313946,0.385558753597798,0.502002002002002,0.665248936702527,0.498247371056585,0.561421065799349,0.453134776623702,0.47078693857125,0.593746091307067,0.47960970728046,0.390869293308318,0.441091774132966,0.426319739804854,0.456274239959965,0.359198998748436,0.492679264172194,0.42338961851157,0.66729205753596,0.392633425206715,0.462914321450907,0.779862414008755,0.523463896883995,0.57294186337476,0.587683064213293,0.578921016397547,0.520830726886025,0.725828642901814,0.377533149862397,0.389118198874296,0.579987492182614,0.422027534418023,0.43857893420065,0.641873278236915,0.443513073939697,0.49974974974975,0.393469285624922,0.469352014010508,0.483475212819229,0.395471037157513,0.668501835168502,0.738804103077308,0.731832395247029,0.639253974214545,0.778834125594196,0.389215563618166,0.474228523769808,0.486614961220916
"Joans_21",0.510566462423409,0.338838838838839,0.503501750875438,0.443110777694424,0.84304876519995,0.558223889931207,0.583937953465099,0.995239288398898,0.444861215303826,0.5,0.693675641828428,0.524571714392897,0.642991356632845,0.653119919969989,0.613113113113113,0.452589442081561,0,0.554804804804805,0.611451431428929,0.633658414603651,0.58104052026013,0.345172586293147,0.516948092557849,0.572893223305826,0.448405253283302,0.555694461807726,0.670171924553497,0.581197649706213,0.604953715286465,0.481685210651331,0.477684710588824,0.305826456614154,0.543885971492873,0.67420927615952,0.62656328164082,0.37217152144018,0.536442055256907,0.698462307788474,0.64432216108054,0.658457307163395,0.620810405202601,0.872324446113406,0.634817408704352,0.530441305163145,0.547353934692856,0.70942735683921,0.417031386770039,0.696984924623116,0.549831186695011,0.559779889944973,0.381095273818455,0.460365091272818,0.348168521065133,0.555805805805806,0.443791421783169,0.558139534883721,0.675519919819594,0.40592574071759,0.616452056507063,0.406101525381345,0.449474737368684,0.573983739837398,0.42892861607701,0.481805677128923,0.551943992999125,0.638069034517259,0.531441430178772,0.51712928232058,0.476369092273068,0.593644438884024,0.582645661415354,0.697462182772847,0.620405101275319,0.614460845634226,0.570516831435365,0.517888416312234,0.775134593714787,0.586845066900088,0.58104052026013,0.55919489936242,0.467933491686461,0.537961225766104,0.448974487243622,0.788447111777944,0.535035035035035,0.597399349837459,0.488430268918074,0.473052394647993,0.546693336667083,0.490372593148287,0.527440930116265,0.595795269678388,0.531632908227057,0.591846942603476,0.320490367775832,0.657285803627267,0.493686710838855,0.589698712339042,0.516153268219384,0.55769471183898,0.67570946368296,0.711319574734209,0.554573501209039,0.711747779306893,0.540598023270362,0.654120295110666,0.633954244280535,0.410352588147037,0.387673459182398,0.509438679834979,0.573930447835877,0.573393348337084,0.785732165206508,0.49681130423909,0.56728364182091,0.530073777666625,0.651912978244561,0.582582582582583,0.47430286357384,0.763842561707805,0.824206051512878,0.82447805975747,0.577630426623295,0.856214053513378,0.601100412654746,0.616141404035351,0.527131782945736
