"","buddy_16","buddy_17","ivy_17","padme_17","buddy_18","ginger_18","ivy_18","franc_19","ivy_19","ginger_20","buddy_21","joans_21","franc_22","grogu_22","henry_22","joans_22","marshmallow_22","franc_24","ginger_24","grogu_24","henry_24","ivy_24","marshmallow_24","henry_25","ophelia_43","goose_44","iris_44","jarjarbinks_44","lambchop_44","hamlet_45","hera_45","jarjarbinks_45","korra_45","ophelia_45","goose_46","hamlet_46","iris_46","lambchop_46","hamlet_48","hera_48","iris_48","jarjarbinks_48","korra_48","kubo_48","lambchop_48","ophelia_48","wolverine_48","iris_49","jarjarbinks_49","kubo_49","ophelia_49","wolverine_49","jarjarbinks_50","korra_50","kubo_50","lambchop_50","ophelia_50","wolverine_50","lambchop_51","goose_52","jarjarbinks_52","kubo_52","hera_53","kubo_53","iris_55","lambchop_55","ophelia_55"
"buddy_16",0,2.9520908597678,4.16867487635488,9.96377661377364,3.62375170234606,1.74468218261664,2.00573329403938,3.84147984986638,1.89708012006965,2.38622608727354,2.51909557540763,3.07839283092284,2.75497111185968,4.20116669935498,3.90046013793757,4.51991882978198,2.652831410662,2.91242563900078,3.16643497378125,4.25963743013135,3.86550024495009,2.41200749307554,3.91124629372604,5.3406163323364,4.00138712200405,3.13860796226549,2.87236787898581,0.75096512427099,3.38180349077974,1.06808307835763,2.12831778717449,6.73477996378531,3.78805186998838,3.83414846383865,1.86145192095795,1.1172747529554,3.49863333641274,2.65019219923279,2.18039727835669,2.6054803296478,2.92728542698699,5.53112742004443,4.63271062557962,2.50396784390108,2.75666728774661,3.39769435621968,4.96262107225996,3.13989303476526,3.05498530004674,2.27275592007155,3.6147903744328,3.3572259187383,2.32974403613251,2.26432192993227,2.23054095530585,2.86061090383142,7.90328462050678,5.15704128244935,3.26516584923744,2.60838037335367,2.35670244415483,5.80253513361586,2.80063989154735,2.83706443449036,2.97794882688985,2.88079871569828,5.51421936890108
"buddy_17",2.9520908597678,0,1.83853753284078,8.86298872311136,1.08664226640416,3.09468830603495,2.51823094701182,1.53209599172326,2.09420960472028,2.60737145145478,2.97310038543798,3.59379206606733,2.40904491802834,4.12760325980834,1.30756591941962,2.07016930664274,3.03725033522189,1.52181482210685,3.46402732935003,1.55138912206422,1.43279458037858,2.47683609051159,3.82341179770969,3.00544871579664,2.12816585045641,1.93003822549922,3.14183658340615,2.40263431338592,3.53081267241467,2.51984209931593,2.08006611077563,5.3159260824768,1.56394125690243,2.47495988348358,3.04076887464013,2.37571065254901,2.36591075432088,3.1769498724845,2.41581614862331,1.60824062600756,3.18856698440815,3.01180535211617,2.13008709433531,2.76290986451373,3.18094027910215,2.45955682624748,2.91274332579728,3.49176794483062,0.693547263881693,2.78614731023372,1.55286376846948,1.58824392926096,0.955234955355511,1.51803089334913,2.1516566703726,3.05361704810501,5.43580392518411,3.14934984764296,3.6325484036357,3.29401541921921,1.89032836984818,3.28188442323306,2.21905121031791,2.15329609268159,3.33613769181104,2.82331493012957,3.25406351296785
"ivy_17",4.16867487635488,1.83853753284078,0,8.73964441643043,2.25800811153156,4.45190627754875,3.30962251006146,0.670741818440063,3.29244594972787,3.81310894287669,4.24438167483681,4.42429243313824,3.20804851083586,5.25700053844072,1.59448661644588,1.81945349481957,4.2944322223243,1.64973819160825,4.67848867467791,1.71367117996351,1.60588129606803,3.4606953489226,4.91006486423369,2.556715905661,2.36439662824899,3.00182946762734,3.33878159658025,3.70355263871713,4.69260765682084,3.62770867066001,3.02545016588165,5.1444071993786,1.69951535235176,2.80508787234945,4.10754514112915,3.58430278366977,1.99384460247425,4.39048678740117,3.44874602281,2.5855741340691,3.44660303771045,2.56017754142272,1.85405189924628,3.85916601072875,4.29350431387847,2.96205898568503,2.1455087686595,4.01955720432296,1.73105073382806,4.05368501375648,1.85295087260045,1.69171811293251,2.38668574410615,2.86259411763274,3.35738811453661,4.26283908308207,4.6931952992903,3.07322822603471,4.81121157742425,4.36889077660296,3.06544276767925,2.64421215288824,3.45902310072463,3.28091841984554,3.85982186444501,3.86569491084032,2.84862412735652
"padme_17",9.96377661377364,8.86298872311136,8.73964441643043,0,8.98529422177431,10.3263584795715,9.69670809281789,8.79402745611601,9.51444447245501,9.79218893094002,10.2225323744647,10.7216946003722,9.95461702713237,10.7983681802659,8.42005636631568,8.2995916397549,10.1913300279253,9.21261375291611,10.444920539445,8.48979262539162,8.30144050774947,9.79550773795315,10.5921719166081,8.15405349780225,8.28168036206253,9.5576776946919,9.94832108654563,9.69068920822396,10.4577679963913,9.65826634060725,9.31429019219791,8.54263162234909,8.44776962569306,8.41814311620057,10.4034687601018,9.64627637904263,9.20769489614773,10.230913970393,9.56241015430772,9.10657889953313,10.0737326203286,8.41334548700156,8.29145627509826,9.96364765792282,10.3671636017252,8.70116338894893,8.7584758019471,10.5499043669922,8.92306205092909,10.0430707306957,8.4515127790274,8.91614312987281,9.11491332894005,9.31137870613057,9.66416434908469,10.0233058434974,8.5660095322811,8.72306549659395,10.5544652043418,10.519828121698,9.32040912030829,8.30891818810669,9.66989684867766,9.52345912525106,10.4128088043701,9.42615175834727,6.79890194048961
"buddy_18",3.62375170234606,1.08664226640416,2.25800811153156,8.98529422177431,0,3.44230020134201,3.36738289418882,1.94854653432843,2.6885696713392,2.82567847191168,3.18321804192877,3.76133319469403,2.67602431754771,3.91363881897112,1.56283059288498,2.0419661137787,3.17408077543828,2.25496425610418,3.56332616667367,1.36947788222832,1.88587319747862,2.97529831617877,3.67144918211181,3.20991969820376,2.7034568852606,1.77415948135264,3.86716289697757,3.08835824525146,3.53464521849685,3.15156434450367,2.74042077263257,5.68912020144268,1.96584478381087,3.14942120136118,3.41975340633266,2.91143171095597,2.99813453903497,3.4472741155605,2.93596125133337,2.14498122281543,3.80592262624716,2.9757630068692,2.22240321587952,3.15500170279931,3.26940414739265,3.16092631367655,2.91525117083524,3.84207312775317,1.31141671727845,3.19070847421997,2.17358734801993,2.059682368576,1.69561749679878,1.75419564700301,2.63452027037446,3.19605686617148,5.2882090566599,2.8392189088834,3.71528353881769,3.44852732367289,2.45791510116079,3.239543682007,2.24862636005446,2.32278954097814,3.75743890285928,3.14678828667837,3.41884870210221
"ginger_18",1.74468218261664,3.09468830603495,4.45190627754875,10.3263584795715,3.44230020134201,0,2.510924566865,3.9900893193274,1.80279337521062,1.76636016858724,1.35433082012075,1.78071036788462,1.83929610085696,2.88336117760251,4.28278792704579,4.78294816115506,1.57038432661628,2.9838383638694,1.689140569437,4.46050338074898,4.35817640491109,2.02688904667878,2.72771756829466,5.96993512123265,4.62495206441418,2.37474629285255,3.21944793539243,1.99906720233454,1.86909171984816,1.78724914179861,2.43346878572,7.60255257809172,4.3303244181738,4.54766903793158,1.24117984537392,1.55673091095875,3.86336003351276,1.17591661367806,2.27793431236624,2.70408727845496,3.03337913634874,6.02178090892363,5.07350788478563,1.70842838937655,1.43868687093798,4.13063574541703,5.23384658854994,2.39923136902462,3.23160691048213,1.2995488960203,4.23012118404458,3.57422483735485,2.47255936883661,2.0156073348018,1.75521068811146,1.40819396531121,8.44955449328482,5.34808950638959,1.66652408921734,1.34795521713346,2.46156512370353,6.29420488452613,1.98874327789325,2.14234889602612,2.4037641310919,1.98312609730815,6.04100578728382
"ivy_18",2.00573329403938,2.51823094701182,3.30962251006146,9.69670809281789,3.36738289418882,2.510924566865,0,2.95480823406644,1.31060239159239,2.36720600138853,2.43145957956,2.93601277537582,2.35655691865523,4.03586728265833,3.45383846523485,4.1322957102282,2.65057528647927,2.00716062608321,3.15510276809946,3.89848866069902,3.44863061095035,1.64159946672774,3.66621763508841,4.94271591846363,3.36002499831826,2.89582861352422,1.37244038274083,1.93463072221526,3.37174662068814,1.75390393982456,1.57083654586719,5.95239357534135,3.59747349430848,3.14876958357995,1.97440043245134,1.9681497920956,2.12074022703159,2.92971292901778,1.74921016433194,2.01097672476498,1.57360033944556,5.12110474098397,4.2955547562148,2.06264638924626,2.81360486629886,2.52874891880811,4.35025613942757,2.34730040299071,2.47108087227995,2.10577713005483,2.9773862033783,2.63591684459696,1.90611229985098,2.36660995362682,1.6652199836445,3.03107031952726,7.39382390894054,5.03637888442811,3.40206387003564,2.6847259336241,1.68392731617544,5.36166231859148,2.60108148471981,2.41720198746406,2.05051552007399,3.04660247469921,4.97697347804728
"franc_19",3.84147984986638,1.53209599172326,0.670741818440063,8.79402745611601,1.94854653432843,3.9900893193274,2.95480823406644,0,2.80693428207721,3.21207951506946,3.66749261394697,3.91306658759971,2.70619642102639,4.63656966289649,1.53649776106109,1.84988396947705,3.69656965432044,1.28665797719563,4.09215018635269,1.69817533231473,1.6471927002032,2.88310678262631,4.28218516402792,2.94971111461444,2.35213454854298,2.43921009222307,2.95527855623147,3.42224454715331,4.1054929575378,3.1988948229897,2.50304362079738,5.27184500094486,1.82973839177306,2.74572407808576,3.64025650020627,3.14951951039173,1.75153971611038,3.89992114762736,2.88658577726234,2.00864506831648,3.0084077465359,2.93580794378647,2.09433530435421,3.27396973214443,3.72777619174823,2.7208836839635,2.39223376135372,3.51973205499698,1.32869122640754,3.49915345389552,1.75319889924515,1.56190147574645,1.92288509247863,2.34724820076568,2.79883055105974,3.72678894180711,5.07535470106456,3.21649243544524,4.25249477429437,3.82772212971955,2.52105397053389,3.04228703506044,2.85175702260742,2.67290651286397,3.35870032362405,3.39871232652552,3.06079138269953
"ivy_19",1.89708012006965,2.09420960472028,3.29244594972787,9.51444447245501,2.6885696713392,1.80279337521062,1.31060239159239,2.80693428207721,0,1.35354411575838,1.53805443140212,2.32067818142201,1.68209499661918,3.10655006305737,3.1491633591285,3.67813102936722,1.67961995935806,1.97998270943097,2.23989717996739,3.44762265864816,3.24523430371226,1.09557040687797,2.74819097076193,4.88210437124453,3.18874248473882,1.90286589376953,2.03927903166829,1.82639071088334,2.4071463888334,1.31109545594982,1.10924655319686,6.0111032127317,3.34929251927965,3.04886728467564,1.50933269260069,1.30310246990248,2.37439505811217,2.13022143865219,1.19503457803039,1.47541501414099,1.95873291031852,4.95560761294948,4.02638272507783,1.29186324366583,1.89253320441708,2.50977132602315,4.12414492165818,2.09515126216077,2.04212434631518,1.33668423489956,2.84801846700176,2.40661677844293,1.35317346175087,1.38502250633477,0.801048078107633,2.07815753531013,7.25444438165314,4.54327233974149,2.4951715738583,1.8810829432678,1.13630048053817,5.19441077858041,1.53073890315122,1.3480363595759,1.91339313842471,2.24577303114374,4.77968449233132
"ginger_20",2.38622608727354,2.60737145145478,3.81310894287669,9.79218893094002,2.82567847191168,1.76636016858724,2.36720600138853,3.21207951506946,1.35354411575838,0,0.950183687887732,2.05038408349158,1.74668817800227,2.16004483644993,3.51153633955405,3.98245281215866,0.74335878287037,2.61500466675727,1.56607240040161,3.71653251883909,3.69951336474913,1.08330915808054,1.77545001577188,5.40502967712545,3.86990286530505,1.56427919623938,2.63844839670403,2.44947001833503,1.68047826375718,1.59412375223348,1.41181312620199,6.67778447256022,3.81941304870176,3.84539926611232,1.61832039287424,1.48791186449214,3.13148851259784,1.97653226601221,1.04254544001475,1.55440836155174,2.39139707937083,5.39720660729311,4.41955465833752,0.96767236799638,1.22914443302749,3.20513785054548,4.69110345277026,2.14898311333811,2.45796000699751,1.13797858516431,3.3929349096416,3.16156218733128,1.81608945159565,1.28666483247722,1.02006834630957,1.6736628255722,7.59341669581588,4.91970607359924,1.92025700267924,1.40611498497379,1.34185581613209,5.61484906405759,0.797610460293605,1.01114230754215,2.05211693425598,2.17295659076776,5.23022641030497
"buddy_21",2.51909557540763,2.97310038543798,4.24438167483681,10.2225323744647,3.18321804192877,1.35433082012075,2.43145957956,3.66749261394697,1.53805443140212,0.950183687887732,0,1.52248015458882,1.59203799303378,1.79517661969874,4.06673402015278,4.58207867506321,0.403722130508883,2.87140263080762,0.924882271709087,4.24230772560047,4.24315911222605,1.26544925379033,1.52910324015083,5.92768768167353,4.40747387096623,1.82525969945178,2.82992732600006,2.64235859113261,1.11549990233497,2.03341274853489,2.02859852279267,7.24632321136616,4.35925034714295,4.35463208691102,1.32716604914337,1.90670938744048,3.50358405808278,1.49301318303442,1.68443524352332,2.19877595481541,2.53644668905935,5.90386553970914,4.96946349615124,0.834487480224683,0.759794549791529,3.7601395613385,5.13463602539754,1.85857479863116,2.93107974605237,0.724511269964067,3.97562197928648,3.50728068438813,2.24422173148395,1.81825194749652,1.14434515403469,1.28658522677189,8.18617874282958,5.38736261542403,1.32090028863062,0.89875751838374,1.86599318524005,6.15361114550969,1.1355139826902,1.36124413364484,1.84105962526067,2.13928402616437,5.81303119756846
"joans_21",3.07839283092284,3.59379206606733,4.42429243313824,10.7216946003722,3.76133319469403,1.78071036788462,2.93601277537582,3.91306658759971,2.32067818142201,2.05038408349158,1.52248015458882,0,1.32654751773372,2.3333927572157,4.71624109310339,5.04453859577109,1.68606882351697,2.96796818248004,1.54397065984019,4.78624210897588,4.87587308554042,2.11219365645248,2.18301209896859,6.49343827044024,5.14712978323035,2.29059796584284,2.98031565085482,3.28705676538128,1.47768771963298,2.70438006893576,2.87732135820778,8.07208920571138,4.88714580376097,5.10435818433976,1.46153612687457,2.55010055014649,3.65204053231015,1.64745117161119,2.6799560694969,3.04827602940704,2.58367225298171,6.43043372171201,5.49769957495061,1.7755713688304,1.00479141551835,4.62343665951356,5.1888020044158,1.21030982420957,3.57253648303506,1.79768465580286,4.71908740390846,3.69099916358871,3.05450549812019,2.5337827810602,2.10845954758375,1.59541592425772,8.74675137482138,5.6090653303281,1.48180031736849,0.851696103678382,2.93860492579494,6.64550732207912,2.07475182074468,2.17157031111136,1.45991412054824,2.39565945721631,6.43655833944269
"franc_22",2.75497111185968,2.40904491802834,3.20804851083586,9.95461702713237,2.67602431754771,1.83929610085696,2.35655691865523,2.70619642102639,1.68209499661918,1.74668817800227,1.59203799303378,1.32654751773372,0,2.77323212655751,3.51943944537205,3.83129976721323,1.75175963039865,1.77579274002456,1.78750546380616,3.57868305802295,3.65662570743732,1.57919442837081,2.51569673676314,5.25260509543294,4.0099617751998,1.37877556786203,2.53346244293496,2.74137107936874,1.78099774547624,2.22958049529927,2.12279547341255,7.09103192594763,3.66529888933998,4.0505763108327,1.64987640731439,2.0608422691208,2.75425795984311,1.52883507526146,2.14438546912204,2.12679599259428,2.25697856601392,5.20754250737918,4.25692126415549,1.45401133865045,1.38503626779305,3.71099437392616,4.12227619253186,1.50203085561097,2.39322817117857,1.54441629495483,3.57220867623872,2.58895719283347,1.98246360751864,1.6257563759177,1.43448396445084,1.43514920295024,7.5466556043507,4.55714090327486,1.79992366588562,1.43858371204851,2.17411288943906,5.41435389496729,1.47887298448726,1.42328260132342,1.55146946761883,1.76197959053499,5.24569623382505
"grogu_22",4.20116669935498,4.12760325980834,5.25700053844072,10.7983681802659,3.91363881897112,2.88336117760251,4.03586728265833,4.63656966289649,3.10655006305737,2.16004483644993,1.79517661969874,2.3333927572157,2.77323212655751,0,5.02509663032478,5.41756934781743,1.62401381376312,4.16691863229523,1.60464361324187,5.05530813453084,5.3119979760741,2.68765359334008,0.497145013774781,6.9268269771424,5.52953206059023,2.54250308648431,4.15344356560639,4.2754502596544,1.43523728301646,3.65237883938858,3.44326160300484,8.14493464535399,5.48651317840938,5.56465297828825,2.80634922044894,3.48133751875425,4.64129612064345,2.72758819624471,3.02592824517829,3.36807035481829,3.75663673401197,6.75911029214936,5.90739872132813,2.31398305081076,1.73406462915571,4.95345503131231,5.98618407442737,2.82027971713307,4.02931636052137,2.38949203241144,5.09344332263494,4.64802897862317,3.57988524913684,3.02601446784429,2.67205226896936,2.3004653579586,8.82343622304144,6.13972384515999,1.93350475786858,1.98701165946053,3.16518954589488,6.98303947410771,2.0371545228634,2.36484603886421,2.92943970690948,3.29227534957676,6.67917143862908
"henry_22",3.90046013793757,1.30756591941962,1.59448661644588,8.42005636631568,1.56283059288498,4.28278792704579,3.45383846523485,1.53649776106109,3.1491633591285,3.51153633955405,4.06673402015278,4.71624109310339,3.51943944537205,5.02509663032478,0,1.27366391925055,4.05122817882085,2.32555205669539,4.54728182466924,0.739344260369708,0.478708037963312,3.42731459734219,4.69478093297422,1.93864713377319,1.66975298927328,2.83042961693129,3.84456105473257,3.32777103513008,4.59106367473718,3.38527913344648,2.79972977872853,4.58585405542161,0.898433472507428,2.29127758486289,4.16101647470525,3.29759236776809,2.72464159364316,4.35134043345271,3.17455498616027,2.24177924544948,3.95252960925788,1.94648639052775,1.0555916015981,3.78969913969911,4.25845377236424,2.47944959471786,2.62459364667493,4.5064479723764,1.28185410324931,3.89983006541606,0.998774470347482,2.0706417214719,1.95457316471891,2.46530624873243,3.20399738655258,4.16631694260835,4.23062146264874,2.81983357788417,4.74334553584225,4.39851875831,2.66563926740898,2.15836068044222,3.15931408746212,3.07610167923407,4.32754059121758,3.8116228667674,2.25089355455521
"joans_22",4.51991882978198,2.07016930664274,1.81945349481957,8.2995916397549,2.0419661137787,4.78294816115506,4.1322957102282,1.84988396947705,3.67813102936722,3.98245281215866,4.58207867506321,5.04453859577109,3.83129976721323,5.41756934781743,1.27366391925055,0,4.5313526464589,2.74766542944486,4.93517816697567,1.00574732768983,1.38731755928772,3.96932320229759,5.09774807041326,2.15454268203059,1.96133843915768,3.09946461423098,4.3596399505327,4.027452616318,4.9274110102484,3.92104550988725,3.3446153656177,4.61107394823979,1.32057773604445,2.53080362993784,4.70136497031785,3.79665439341648,2.99603190261837,4.69657183177516,3.75858343784521,2.83306551444107,4.42965916422459,2.05725077390134,1.16687819176372,4.26847635889971,4.6518107335164,2.96317428741255,1.96823681013273,4.86988919059939,1.98922304980021,4.42668425478978,1.78224737238623,2.10397021910141,2.67025892049169,2.92002262046849,3.73469435560615,4.4843126386833,4.05101630943974,2.00737463382984,5.05771580215362,4.81285639189061,3.35925670693614,2.07382827459731,3.58661233141801,3.38448703322328,4.74138696834788,4.06296826245212,2.20701687032743
"marshmallow_22",2.652831410662,3.03725033522189,4.2944322223243,10.1913300279253,3.17408077543828,1.57038432661628,2.65057528647927,3.69656965432044,1.67961995935806,0.74335878287037,0.403722130508883,1.68606882351697,1.75175963039865,1.62401381376312,4.05122817882085,4.5313526464589,0,3.00145292760793,0.975212564311888,4.20919596503242,4.24936413335693,1.35437238913274,1.31606483642721,5.94107702000554,4.41497121965616,1.76119042432384,2.95646017063302,2.77822440098676,1.10702979582517,2.06703666861191,2.01993379182482,7.2193792811413,4.36527894896964,4.37722158909197,1.52789573563842,1.93215236120405,3.58656649751502,1.68958691628249,1.62734796078549,2.16099768029042,2.64881917607795,5.90024490984686,4.95304061539501,0.94667870001325,0.777888015724435,3.76080704677811,5.15901509658451,2.01802387697564,2.94731206444836,0.963569562422971,3.97149189397873,3.59560947593916,2.29540884700517,1.77415851032414,1.27572172931575,1.38926941974919,8.13127705608234,5.36971389229312,1.39840362508458,1.00068761194961,1.86546585107025,6.13803206322422,1.00825608430375,1.3043458581944,2.00578024182109,2.22159748964192,5.78277257664975
"franc_24",2.91242563900078,1.52181482210685,1.64973819160825,9.21261375291611,2.25496425610418,2.9838383638694,2.00716062608321,1.28665797719563,1.97998270943097,2.61500466675727,2.87140263080762,2.96796818248004,1.77579274002456,4.16691863229523,2.32555205669539,2.74766542944486,3.00145292760793,0,3.31650690623796,2.56160070905776,2.33855849732373,2.10972957525305,3.823703322716,3.81325955101069,2.82513224425665,2.10126588843677,2.18993058392432,2.61176882657139,3.38227956505122,2.39260301860149,1.94164071032618,5.90386303241915,2.40275325896431,2.97239396297902,2.65212572917782,2.35655356257383,1.58834477601723,2.93219486876931,2.32111762113038,1.7364441907446,2.22939414977129,3.89447876934353,2.99163028548548,2.46005026377295,2.93654721834243,2.80191684665618,3.01457008355728,2.59343955923877,1.48291386931093,2.60743835536156,2.30775676073846,1.48977560492621,1.49754491773931,1.8881248206075,2.00803477611219,2.89697475553583,6.21276065825009,3.77030588045499,3.42475141502854,2.95707419800633,2.07244564742534,4.07023338198491,2.37964510380285,2.16533077089212,2.429974462591,2.61139516405647,3.96778993879153
"ginger_24",3.16643497378125,3.46402732935003,4.67848867467791,10.444920539445,3.56332616667367,1.689140569437,3.15510276809946,4.09215018635269,2.23989717996739,1.56607240040161,0.924882271709087,1.54397065984019,1.78750546380616,1.60464361324187,4.54728182466924,4.93517816697567,0.975212564311888,3.31650690623796,0,4.63316233690166,4.72195436658782,1.87661405404876,1.51816364350407,6.38980693684394,4.91305459111913,2.03960354433836,3.46462405414724,3.34024625631407,0.390542022453893,2.70714729585197,2.68166332362525,7.81882067905821,4.81254887829993,4.88169790275493,2.02614140738771,2.5530657216735,4.10491593918182,1.21024476052769,2.38455780649905,2.78703190246392,3.14130508986251,6.34652725658403,5.3817158522229,1.26822226566749,0.983141218215873,4.38781242399066,5.55662152352584,2.17247693376721,3.44377428531379,1.14700794300213,4.53975242757477,4.00184858097163,2.8196013223344,2.31988629502634,1.76639308294742,0.929728640403649,8.60542669778408,5.72460871023337,0.540474337082815,1.25209134729281,2.55057072681017,6.57870200469102,1.53024399901888,1.70278388379542,2.26114178254612,1.9548899454499,6.22864624280957
"grogu_24",4.25963743013135,1.55138912206422,1.71367117996351,8.48979262539162,1.36947788222832,4.46050338074898,3.89848866069902,1.69817533231473,3.44762265864816,3.71653251883909,4.24230772560047,4.78624210897588,3.57868305802295,5.05530813453084,0.739344260369708,1.00574732768983,4.20919596503242,2.56160070905776,4.63316233690166,0,1.03860079298775,3.72829961995729,4.75735385079682,2.02448685209921,2.05204956640922,2.77432521043365,4.23936487700909,3.70106278505691,4.62734371359501,3.73257283354529,3.19773465782721,4.88324874860321,1.08084488125346,2.68509634537102,4.3793266494201,3.58965210417293,3.05396773099819,4.43271638226439,3.54235978858208,2.6264559621666,4.28828197247447,1.79570134783581,0.924509542587547,4.01534091578377,4.34301968381345,2.97892806004978,2.42733503736862,4.6645021324735,1.55568965532676,4.12791471793805,1.58748024442026,2.19483246721835,2.28524560191159,2.60078839100456,3.47497367804209,4.21632651961461,4.07530130940499,2.42155505733445,4.78501113866617,4.50823680506392,3.05774141068539,1.98418986033561,3.25825846312173,3.20017757896912,4.53337074617331,3.87558386069577,2.30875680034564
"henry_24",3.86550024495009,1.43279458037858,1.60588129606803,8.30144050774947,1.88587319747862,4.35817640491109,3.44863061095035,1.6471927002032,3.24523430371226,3.69951336474913,4.24315911222605,4.87587308554042,3.65662570743732,5.3119979760741,0.478708037963312,1.38731755928772,4.24936413335693,2.33855849732373,4.72195436658782,1.03860079298775,0,3.55557114839606,4.97934984316853,1.73073424684481,1.61485527086274,3.07393817158622,3.89144326663917,3.29185587964697,4.78664721814804,3.41462510013435,2.8823896855027,4.55556430885845,0.688419762486261,2.22156354237033,4.28158153999804,3.34793442045029,2.79045221097085,4.4296406486102,3.29941998536997,2.38037212600671,4.044121608218,1.92351966673215,1.00656560700307,3.9273566926103,4.45089153235263,2.50522569317416,2.69845913077747,4.65402538531688,1.47510519733908,4.01189807379147,1.00357564718407,2.12764960884704,2.06205218743867,2.64030306545222,3.33177265153111,4.28791381431616,4.22969287911717,2.90594511999178,4.89825781563097,4.57523713080429,2.802828265729,2.12481194494773,3.39391533004571,3.27993753740582,4.46441095886746,3.83305969415721,2.1674170203417
"ivy_24",2.41200749307554,2.47683609051159,3.4606953489226,9.79550773795315,2.97529831617877,2.02688904667878,1.64159946672774,2.88310678262631,1.09557040687797,1.08330915808054,1.26544925379033,2.11219365645248,1.57919442837081,2.68765359334008,3.42731459734219,3.96932320229759,1.35437238913274,2.10972957525305,1.87661405404876,3.72829961995729,3.55557114839606,0,2.28471479301131,5.24968285551265,3.64049531418173,1.85500218670507,1.84398323074409,2.45780977449916,2.068873868619,1.66251230286754,1.07733855069243,6.43759134763021,3.74193232844174,3.55810816428984,1.6584830610406,1.74373171278497,2.56082775415462,2.09162705920179,0.89245956140886,1.37306429134535,1.65900448712185,5.30514648360603,4.35196848841978,0.6792685836848,1.69126332645913,2.87060111383646,4.55631402278246,1.75725348241857,2.26464420820886,1.02507771079184,3.16990858244106,2.89459609019141,1.63248284998092,1.6547884236043,0.565419151108428,1.96303351040118,7.52589155992383,5.03467885571492,2.22567481019647,1.74219499577127,1.04851919330048,5.52048156025725,1.3263833452729,1.16783321802021,1.54267892102387,2.25941151275599,5.11488192795789
"marshmallow_24",3.91124629372604,3.82341179770969,4.91006486423369,10.5921719166081,3.67144918211181,2.72771756829466,3.66621763508841,4.28218516402792,2.74819097076193,1.77545001577188,1.52910324015083,2.18301209896859,2.51569673676314,0.497145013774781,4.69478093297422,5.09774807041326,1.31606483642721,3.823703322716,1.51816364350407,4.75735385079682,4.97934984316853,2.28471479301131,0,6.61271126997422,5.16225423691831,2.26973534583624,3.72593813459975,3.98213808170046,1.39075995418097,3.28937798361416,3.01596599790961,7.761379924494,5.1611082403708,5.18307996200997,2.52770503146825,3.14870761106532,4.22840475294149,2.6274920711839,2.59395159559211,2.96643345167181,3.33283242202252,6.46113894774456,5.59400087373839,1.96980715896995,1.51604867879153,4.5336967662853,5.67459970406373,2.51479081450183,3.67278005503316,2.12365908005915,4.71292219240338,4.31742876000572,3.22825680886579,2.70242723026551,2.31318041047758,2.19431886683636,8.52170851656601,5.89076955362635,1.91871042239861,1.76754187421189,2.75668719467118,6.67817650520151,1.70691487207489,2.01547643360994,2.58925016460795,3.12669354903216,6.35080184545095
"henry_25",5.3406163323364,3.00544871579664,2.556715905661,8.15405349780225,3.20991969820376,5.96993512123265,4.94271591846363,2.94971111461444,4.88210437124453,5.40502967712545,5.92768768167353,6.49343827044024,5.25260509543294,6.9268269771424,1.93864713377319,2.15454268203059,5.94107702000554,3.81325955101069,6.38980693684394,2.02448685209921,1.73073424684481,5.24968285551265,6.61271126997422,0,2.43527785065781,4.66855361306777,5.35107201113896,4.7185803101016,6.44002593380285,5.01932678350055,4.55217591354861,4.27157896492423,1.7586439710765,3.07521186753025,5.89507863489391,4.9612688192684,4.05310568345667,6.03941385956792,4.98235759203498,4.08818969238378,5.55659596432982,0.819719947505586,1.20374360967661,5.62409671356452,6.11458212151118,3.68116519636532,3.09439351394152,6.24423668484595,3.09471213426482,5.69667759900044,2.30181434932175,3.37469028398192,3.7388000847788,4.30186087674277,5.02530024482663,5.92361052733791,2.80985661413375,3.15789129261045,6.54220405630527,6.23012097139357,4.4722651656445,0.909450307214763,5.06645009031267,4.96043734232814,6.05736658424758,5.39328540340091,1.80128096762048
"ophelia_43",4.00138712200405,2.12816585045641,2.36439662824899,8.28168036206253,2.7034568852606,4.62495206441418,3.36002499831826,2.35213454854298,3.18874248473882,3.86990286530505,4.40747387096623,5.14712978323035,4.0099617751998,5.52953206059023,1.66975298927328,1.96133843915768,4.41497121965616,2.82513224425665,4.91305459111913,2.05204956640922,1.61485527086274,3.64049531418173,5.16225423691831,2.43527785065781,0,3.52737512054944,3.76081860660175,3.52858448439705,5.01977600775404,3.49597106996641,2.85162028281449,3.32319709855513,1.75781492165943,0.731686205600767,4.47931467024095,3.53515760085578,2.69827745251089,4.70021924155775,3.32162635924811,2.66708503055819,3.96850067329121,2.63744101665697,1.97049329991806,3.99212558008355,4.70309836059543,1.47208681158575,2.98756406934071,4.74513736728723,1.99914016196797,4.13032572306549,0.99629919438134,2.37863652843056,2.40354181940841,3.04363481983741,3.42902491330347,4.59616250585739,4.51487523516181,3.38568533396401,5.13658936892639,4.80504414358094,2.84031152554042,2.77423105942362,3.67703846629799,3.41687830760564,4.52853385118151,4.16511490013437,2.21151206020956
"goose_44",3.13860796226549,1.93003822549922,3.00182946762734,9.5576776946919,1.77415948135264,2.37474629285255,2.89582861352422,2.43921009222307,1.90286589376953,1.56427919623938,1.82525969945178,2.29059796584284,1.37877556786203,2.54250308648431,2.83042961693129,3.09946461423098,1.76119042432384,2.10126588843677,2.03960354433836,2.77432521043365,3.07393817158622,1.85500218670507,2.26973534583624,4.66855361306777,3.52737512054944,0,3.16495065137598,2.9377578072313,1.9665686196039,2.46224228312375,2.08511680790835,6.57188269705826,3.1313666683624,3.70779760757678,2.31886404125809,2.2140089862947,2.93445715105054,2.14387993206885,2.07148087186395,1.72823094232248,2.92828327248005,4.52785619404063,3.59168957572386,1.81194850959396,1.74887285412389,3.41338099728745,3.779204783221,2.49572676171481,1.83544043301323,1.93698550780411,3.03942098066336,2.48527694314954,1.62877941130927,1.09363797593474,1.58962672003212,1.78119379635637,6.76386518440691,3.92446591346409,2.19138942309952,1.9877277798547,1.91712040826238,4.73454414402432,0.893795017117145,1.01168373760873,2.50226710573983,2.06821267539839,4.599316425163
"iris_44",2.87236787898581,3.14183658340615,3.33878159658025,9.94832108654563,3.86716289697757,3.21944793539243,1.37244038274083,2.95527855623147,2.03927903166829,2.63844839670403,2.82992732600006,2.98031565085482,2.53346244293496,4.15344356560639,3.84456105473257,4.3596399505327,2.95646017063302,2.18993058392432,3.46462405414724,4.23936487700909,3.89144326663917,1.84398323074409,3.72593813459975,5.35107201113896,3.76081860660175,3.16495065137598,0,2.9382732295594,3.62042878524614,2.29263290233515,1.8546248799356,6.13689298023377,4.03842015702862,3.55421172072017,2.37670901446168,2.57018115811429,1.84792589494259,3.4526197609802,1.9746245282536,2.31885053719801,0.508763948652751,5.47236107384814,4.63575562221367,2.31376838342744,3.0294667218658,2.8140232867475,4.457081648034,1.98773159815289,2.8663514153265,2.61836105699553,3.34062021636083,2.98167913270731,2.5312658758699,2.84087813941824,2.17592123381052,3.46544461586238,7.55514838187794,5.39197565410281,3.72530069740576,2.89531040305044,2.14288713478745,5.63992750373938,2.91177021694588,2.69732098065031,1.6468818735981,3.49840160460685,5.234991653385
"jarjarbinks_44",0.75096512427099,2.40263431338592,3.70355263871713,9.69068920822396,3.08835824525146,1.99906720233454,1.93463072221526,3.42224454715331,1.82639071088334,2.44947001833503,2.64235859113261,3.28705676538128,2.74137107936874,4.2754502596544,3.32777103513008,4.027452616318,2.77822440098676,2.61176882657139,3.34024625631407,3.70106278505691,3.29185587964697,2.45780977449916,3.98213808170046,4.7185803101016,3.52858448439705,2.9377578072313,2.9382732295594,0,3.53100977157547,1.27197482705558,2.05994024177263,6.31047097112028,3.2281465897846,3.444758607334,2.06398177868561,1.21163145462995,3.22308103184315,2.83947191845174,2.19683782025061,2.34804490279163,3.02718925955492,4.89720595456397,4.05869743931433,2.64177854732054,2.91137417375137,3.08776023307016,4.4817495766833,3.32620958721836,2.58510388393356,2.42253477882449,3.10031175819235,2.91294718263918,1.93161401412559,2.01528703430714,2.19090109140542,2.98797983280788,7.29459261529076,4.64170045486835,3.46697922715599,2.80750209716031,2.17021668743429,5.18988775634092,2.70192307020873,2.74950792150213,3.14999769388877,2.9667171867768,4.9922506602397
"lambchop_44",3.38180349077974,3.53081267241467,4.69260765682084,10.4577679963913,3.53464521849685,1.86909171984816,3.37174662068814,4.1054929575378,2.4071463888334,1.68047826375718,1.11549990233497,1.47768771963298,1.78099774547624,1.43523728301646,4.59106367473718,4.9274110102484,1.10702979582517,3.38227956505122,0.390542022453893,4.62734371359501,4.78664721814804,2.068873868619,1.39075995418097,6.44002593380285,5.01977600775404,1.9665686196039,3.62042878524614,3.53100977157547,0,2.89531721395254,2.85769487355292,7.93325125097563,4.86698869035597,5.01631410827549,2.14192580750913,2.70878282635739,4.16877176100637,1.35074254890938,2.57166440759131,2.90730481622954,3.26660611984528,6.36149969813471,5.40491889356192,1.49938154271559,0.940439830469826,4.54630787572182,5.50966113199336,2.20150148362106,3.5030346518151,1.44587223986543,4.63983075931245,4.02397719627606,2.94438437752628,2.36877092436813,1.95524175595906,0.963708551431688,8.59956476759786,5.66167177202514,0.559466920304314,1.25729870864506,2.72823239889817,6.58521445823693,1.54982502968294,1.75269618047534,2.33319159687231,2.02287238125419,6.26218633949673
"hamlet_45",1.06808307835763,2.51984209931593,3.62770867066001,9.65826634060725,3.15156434450367,1.78724914179861,1.75390393982456,3.1988948229897,1.31109545594982,1.59412375223348,2.03341274853489,2.70438006893576,2.22958049529927,3.65237883938858,3.38527913344648,3.92104550988725,2.06703666861191,2.39260301860149,2.70714729585197,3.73257283354529,3.41462510013435,1.66251230286754,3.28937798361416,5.01932678350055,3.49597106996641,2.46224228312375,2.29263290233515,1.27197482705558,2.89531721395254,0,1.20664279997681,6.29210327250564,3.3932819683873,3.35189118288114,1.64471273930341,0.472622049354913,2.88176639527103,2.424899744978,1.27379735263471,1.78118150974503,2.2872842633109,5.16374312223217,4.18301330954378,1.83102463770476,2.2591146706758,2.79356953767691,4.50179124542607,2.60875286619978,2.44771117211507,1.80407239376452,3.06727432944705,2.90908340343048,1.73646782163405,1.57634746419902,1.56609110585374,2.46536258089462,7.44986535689376,4.78876849167705,2.88472351134463,2.19196749040432,1.58454952079843,5.39167878047681,2.07591944929952,2.05507979247375,2.41958127818828,2.47428974856939,5.01623282093301
"hera_45",2.12831778717449,2.08006611077563,3.02545016588165,9.31429019219791,2.74042077263257,2.43346878572,1.57083654586719,2.50304362079738,1.10924655319686,1.41181312620199,2.02859852279267,2.87732135820778,2.12279547341255,3.44326160300484,2.79972977872853,3.3446153656177,2.01993379182482,1.94164071032618,2.68166332362525,3.19773465782721,2.8823896855027,1.07733855069243,3.01596599790961,4.55217591354861,2.85162028281449,2.08511680790835,1.8546248799356,2.05994024177263,2.85769487355292,1.20664279997681,0,5.62991416603013,3.03870324053797,2.74901929681919,2.11455106384899,1.38438203677921,2.20094758820828,2.68179001005325,0.594390272128214,0.861019131331827,1.87067290033617,4.67700791340345,3.69707907376669,1.52980093511066,2.383291106269,2.04213028010809,4.07598625194973,2.48873196240752,1.80386016940001,1.75785164136911,2.38794695222202,2.49737374674911,1.21107304757745,1.43275494766347,1.11393564893229,2.56966635896086,6.84502925822588,4.52944182034596,2.98154248487999,2.42819100756739,0.686457814384338,4.87280344296621,1.7068174487891,1.49993882614321,2.23834838916556,2.53181402895985,4.40311992369659
"jarjarbinks_45",6.73477996378531,5.3159260824768,5.1444071993786,8.54263162234909,5.68912020144268,7.60255257809172,5.95239357534135,5.27184500094486,6.0111032127317,6.67778447256022,7.24632321136616,8.07208920571138,7.09103192594763,8.14493464535399,4.58585405542161,4.61107394823979,7.2193792811413,5.90386303241915,7.81882067905821,4.88324874860321,4.55556430885845,6.43759134763021,7.761379924494,4.27157896492423,3.32319709855513,6.57188269705826,6.13689298023377,6.31047097112028,7.93325125097563,6.29210327250564,5.62991416603013,0,4.73110714329386,3.21954903817843,7.29023612399204,6.41775521124136,5.09762855525635,7.78819744804624,6.00669291061812,5.56181646324184,6.4136775648723,4.45631762620914,4.54000277353602,6.84075354410196,7.60482110112034,3.63114907622864,5.07055911647413,7.46732065598114,5.1279171025521,7.03537491674166,3.9689591652604,5.21181607627191,5.52086854873822,6.12200617396972,6.32352006731306,7.65896096579249,4.64955010951225,5.50125355999168,8.11983262174805,7.67967668868247,5.61213588771322,4.42068047960263,6.60180999525509,6.32144933573715,7.21783494462932,7.30125768108354,3.73327132665168
"korra_45",3.78805186998838,1.56394125690243,1.69951535235176,8.44776962569306,1.96584478381087,4.3303244181738,3.59747349430848,1.82973839177306,3.34929251927965,3.81941304870176,4.35925034714295,4.88714580376097,3.66529888933998,5.48651317840938,0.898433472507428,1.32057773604445,4.36527894896964,2.40275325896431,4.81254887829993,1.08084488125346,0.688419762486261,3.74193232844174,5.1611082403708,1.7586439710765,1.75781492165943,3.1313666683624,4.03842015702862,3.2281465897846,4.86698869035597,3.3932819683873,3.03870324053797,4.73110714329386,0,2.31642981486721,4.29822081000705,3.30249665780332,2.95449067153126,4.41455173249772,3.47572315284321,2.6373974902144,4.18226655971769,1.8996409496258,0.895536247422136,4.06283823331544,4.49683844669845,2.73016721930307,2.55700199650877,4.72328194848944,1.65663035201022,4.12487142496197,1.32541719185003,2.11775148324465,2.2062355907949,2.6551933489598,3.49026184305991,4.31454203391839,4.27923689214963,2.63461851432655,4.93503320255849,4.6038634457565,3.04447019825549,2.09697215273899,3.52267127539642,3.4191111736154,4.55759982817039,3.81995400935737,2.31476382157641
"ophelia_45",3.83414846383865,2.47495988348358,2.80508787234945,8.41814311620057,3.14942120136118,4.54766903793158,3.14876958357995,2.74572407808576,3.04886728467564,3.84539926611232,4.35463208691102,5.10435818433976,4.0505763108327,5.56465297828825,2.29127758486289,2.53080362993784,4.37722158909197,2.97239396297902,4.88169790275493,2.68509634537102,2.22156354237033,3.55810816428984,5.18307996200997,3.07521186753025,0.731686205600767,3.70779760757678,3.55421172072017,3.444758607334,5.01631410827549,3.35189118288114,2.74901929681919,3.21954903817843,2.31642981486721,0,4.37747972085245,3.44912764728097,2.674662235181,4.66116728051345,3.22817215986048,2.76504087198399,3.79279580584278,3.31194751359356,2.64829868572773,3.90255549201848,4.68270849167487,1.12199923940404,3.32009117346484,4.63654369904833,2.31725731067151,4.04371480088854,1.48339363347882,2.54890113331184,2.53807907830088,3.16770271990583,3.36798448937983,4.59963668824447,5.10911730944234,3.78782063816754,5.11189740973359,4.75277097965143,2.81444924862116,3.44434395046726,3.75878425472726,3.4431091400047,4.4078657036654,4.18499061542829,2.74998974422273
