"","Ginger_2","Padme_5","Padme_6","Ginger_7","Padme_7","Charles_9","Franc_9","Grogu_9","Henry_9","Ivy_9","Buddy_11","Joans_11","Padme_11","Ginger_14","Buddy_16","Buddy_17","Ivy_17","Padme_17","Buddy_18","Ginger_18","Ivy_18","Franc_19","Ivy_19","Ginger_20","Buddy_21","Joans_21","Franc_22","Grogu_22","Henry_22","Joans_22","Marshmallow_22","Franc_24","Ginger_24","Henry_24","Ivy_24","Marshmallow_24","Henry_25","Ginger_29","Henry_29","Joans_29","Ginger_36","Grogu_36","Henry_36","Franc_37","Grogu_37","Grogu_41","Joans_41","Marshmallow_41","Ginger_42","Grogu_42","Henry_42","Ivy_42","Buddy_44","Franc_44","Ginger_44","Ivy_44","Joans_44","Marshmallow_44","Buddy_45","Franc_45","Grogu_45","Henry_45","Ivy_45","Joans_45","Marshmallow_45","Buddy_46","Charles_46","Ivy_46","Joans_46","Marshmallow_46","Franc_47","Ginger_47","Ivy_47","Marshmallow_47","Buddy_48","Charles_48","Franc_48","Grogu_48","Ivy_48","Joans_48","Marshmallow_48","Charles_49","Franc_49","Ginger_49","Henry_49","Ivy_49","Joans_49","Marshmallow_49","Buddy_50","Charles_50","Franc_50","Ginger_50","Grogu_50","Ivy_50","Joans_50","Charles_51","Franc_51","Joans_51","Buddy_52","Charles_52","Ginger_52","Grogu_52","Marshmallow_52","Franc_53","Marshmallow_53","Charles_55","Ginger_55","Ivy_55","Buddy_56","Franc_56","Grogu_56","Joans_56","Buddy_57","Joans_57","Ginger_58","Henry_59","Joans_60","Marshmallow_60","Joans_62","Henry_66","Ivy_67","Franc_68","Grogu_70"
"Ginger_2",0,0.073562954018362,0.103368862381529,0.0511176187122363,0.0604294335032979,0.160474161115478,0.0758318574227607,0.606929441507699,0.231343119346817,0.317526524186063,0.391302185024437,0.502232831337419,0.484165289256198,0.782843145052253,0.633739080624374,0.47650847903247,0.482675516573822,0.386658235852039,0.377927739329606,0.646916636330542,0.52267514385739,0.502901923025489,0.536350978732698,0.548619381283408,0.528997090044674,0.614685214398394,0.636112243115795,0.364712911513413,0.409049682555679,0.495395554605114,0.528916469607294,0.596106780596149,0.624874682164911,0.439650632586218,0.566492410052836,0.359051598484112,0.294702139431944,0.626195946142437,0.486413728168472,0.501817840325199,0.524337663042004,0.36756615764014,0.536665751167262,0.616230630630631,0.372446997610331,0.369852296166339,0.434659453390155,0.666474628849989,0.289159941305943,0.385295647650425,0.635502375709816,0.566808404548539,0.455452490451321,0.528097783801421,0.691425805768562,0.570241934358029,0.525730407183355,0.462998077652382,0.565438833303182,0.570939552488033,0.576669908523264,0.681987727108651,0.526529912016273,0.575709405284808,0.358707404482779,0.497984570620112,0.575184164651634,0.711440198268213,0.563285857349505,0.440775998660295,0.630547734463441,0.612851127646075,0.693013387520918,0.250880705011351,0.402828272697641,0.434084408089527,0.584335994602496,0.368205346884143,0.623227822463978,0.527916020777243,0.350266056927736,0.339568995830612,0.568511821974965,0.729808286951144,0.606098891632688,0.652360325967256,0.574346541826896,0.434713457493202,0.212557978239196,0.528501169071999,0.597990656835707,0.663182000684045,0.365536778353033,0.630606249185927,0.636942489969181,0.527417261518495,0.583067515426725,0.61505773275529,0.513538307947601,0.51915877113547,0.606739476743352,0.354932021984379,0.38187363941604,0.538440740290114,0.371617224200973,0.504465246395524,0.669795132723556,0.572592291406699,0.193021719206258,0.612392842759335,0.357220908032037,0.663985304356843,0.461114736979507,0.248105216228266,0.646617315928122,0.658530812697849,0.505888356228766,0.187060975102872,0.706201138519924,0.565579362096089,0.440916362705574,0.520280800661345,0.628376730507137
"Padme_5",0.073562954018362,0,0.0367049474657119,0.052235387832321,0.0368686309817216,0.0900692840646651,0.115677474199947,0.561138111944382,0.164604316546763,0.253255703115943,0.331358918459408,0.447049529743185,0.425447928742278,0.757244218166062,0.593597639209648,0.422235829251225,0.427740851654371,0.444184831248085,0.318277994791667,0.60779123159632,0.470801341781588,0.446953937592868,0.48494983277592,0.4969723183391,0.478476544074012,0.57019854783782,0.593369263432958,0.403624338971485,0.350513169971908,0.438707473901487,0.476743654938262,0.549969149962822,0.581202014768448,0.382838143143357,0.516108891108891,0.388590514362057,0.230693543910992,0.582941790655181,0.433290641699422,0.445758339422317,0.474198804997284,0.406369526188432,0.485843714609286,0.568735156792736,0.411186121258277,0.408870967741936,0.377313247573911,0.62914127239816,0.224866464377962,0.365055965055965,0.594697338921922,0.518487044390538,0.39481409001957,0.480999335253712,0.654291512474633,0.521674746309603,0.473825624924526,0.405197779420504,0.516766848391656,0.522722330941509,0.526382958609715,0.644195899000169,0.481221670623786,0.528060152248704,0.390862808503815,0.443212146373287,0.523580607660163,0.676064123825318,0.514266198888509,0.381676668899944,0.586318051575931,0.569839987069662,0.658065601345669,0.201430332320385,0.36232846392209,0.376962480963589,0.537146985832312,0.40697901098187,0.579048113421795,0.476265439573747,0.285189458746137,0.303496746580923,0.520039737977709,0.693821894339359,0.56062019493679,0.612218978342982,0.525834448004479,0.374882955480521,0.175711691313474,0.478577830893337,0.552350998584683,0.622212183573424,0.388320030100244,0.587464905305182,0.594487033110423,0.477094299894721,0.536267939607855,0.567461906974508,0.456973516392828,0.467771279075012,0.563286763878394,0.392343356735991,0.32208210865649,0.486953513903719,0.410678817618881,0.449053443789814,0.629734132782452,0.525757694416164,0.130807355597758,0.568642619991619,0.395601641139299,0.624056643065389,0.403865069721692,0.17823010140804,0.603777017082568,0.619785776062803,0.451090444985147,0.133576691678497,0.670496772094457,0.517738652079999,0.383840242297295,0.467750448643513,0.587188840856863
"Padme_6",0.103368862381529,0.0367049474657119,0,0.0662804147772057,0.0555302685480201,0.0601788130790317,0.144759047440465,0.54063199717167,0.135542579437398,0.225652255187332,0.30498333190871,0.42286176031825,0.400348581213307,0.744197530864197,0.574656534648483,0.397901386421272,0.403432953922941,0.466301878496226,0.322035808364676,0.589004071299052,0.447152449639393,0.422902371400691,0.461302961564696,0.474361662661097,0.455541441727532,0.549846252079378,0.573746388333248,0.436625469592203,0.324620122312664,0.414878796322095,0.453560420704776,0.529022655862411,0.561220311220311,0.357166090067713,0.493844272319608,0.421613900791835,0.202456392500163,0.56322899055621,0.409234545175641,0.421846335623892,0.451185923162882,0.439178706813981,0.462996980975353,0.548091551438521,0.443959749504898,0.441766364090045,0.351966782575524,0.611190368488813,0.196961630851133,0.397853121765148,0.575482444954519,0.496434448710916,0.369714037479216,0.460248456145907,0.637066189624329,0.499592926694239,0.450660536301941,0.380275312443398,0.49467912530011,0.501030058234789,0.50515396015149,0.626592738710881,0.461037414727759,0.506422973104817,0.42386751366196,0.41911753342091,0.501666256258721,0.659576782897242,0.491982684544172,0.374592060760695,0.566499105393201,0.54964401075578,0.641198356579852,0.224722222222222,0.395332786955959,0.351685829819689,0.5157811807573,0.439775759372557,0.558762116556606,0.453201737070667,0.258216350123865,0.303902908708211,0.498078887213657,0.678497328461524,0.540102633128628,0.593525428413488,0.504183250751361,0.349255317578638,0.197504234757918,0.456020934253361,0.53154426385762,0.603857618797124,0.421504206252877,0.567595108695652,0.574943231291936,0.454314442126398,0.514925130736999,0.546971880550994,0.433198760679748,0.444535047828132,0.542968618613568,0.425245013814243,0.29551273034182,0.464378705649842,0.443574005276477,0.425274810945661,0.611633393190381,0.504140346283507,0.131372806965091,0.548350110442275,0.428485395965071,0.605418426840764,0.378970674619312,0.192382677383243,0.584597796715859,0.601359240219569,0.427224055282326,0.1335402643602,0.65367063135578,0.49610465493735,0.35810830707618,0.444189265714465,0.567845615922539
"Ginger_7",0.0511176187122363,0.052235387832321,0.0662804147772057,0,0.0278821781312822,0.12475204829668,0.080691566115739,0.583439878234399,0.197005588647915,0.286039780774678,0.361343878684881,0.475039984147878,0.454712797556792,0.770385574460145,0.613769457171466,0.449677079579788,0.456183956565811,0.420202412245882,0.348324492172338,0.62735681526892,0.49717570111981,0.475374671897491,0.510715006777999,0.522650736478374,0.504048729088783,0.593551523991856,0.615909371527349,0.449535533854003,0.379710605819685,0.467385018969578,0.502130179223893,0.574156445163319,0.602243140396555,0.410730467006586,0.541773873953805,0.436412793960108,0.262084118016321,0.603996422954763,0.459904043865661,0.474109001316851,0.499327013946562,0.45180782811956,0.51117496807152,0.593119357154861,0.456196858070169,0.454190596951841,0.406484192430632,0.64784646984117,0.256709395554275,0.414542709119784,0.615117636218441,0.543722449218693,0.426181937638588,0.505028375346443,0.672030996286233,0.546924610499889,0.50081650193382,0.433875925185726,0.542188534844359,0.547918996879967,0.551819307484597,0.662404909544205,0.503951602522847,0.552972757710291,0.438181609459304,0.471312283469003,0.550285646274697,0.693083807973963,0.539835245660488,0.411040115040766,0.609146585418398,0.591362024697396,0.675871262616645,0.251213436100163,0.411707317073171,0.406217014988389,0.561849229487713,0.452345758753897,0.601827996564839,0.502685778301209,0.317916439761401,0.322979742519792,0.545363614968228,0.712230926206306,0.582846537665815,0.633021234167848,0.550813487385051,0.404791486603284,0.226459936622906,0.503957334543701,0.576274720038123,0.642197344112678,0.436009233136702,0.610193154446848,0.616845480330497,0.502655170444812,0.560721915285451,0.592118226600985,0.486262053641375,0.493998943928301,0.585116250779314,0.439255173809644,0.351630034500136,0.51315395046749,0.455858449244972,0.476801635527287,0.649208436999826,0.549482991380717,0.157521297181877,0.591025484696988,0.44210778322392,0.645210499001368,0.432800506231601,0.224092116917626,0.624849686880202,0.639386992431618,0.478973254149363,0.157820623916811,0.689536629061153,0.54223786314844,0.411848717983266,0.49505531464228,0.60801957774096
"Padme_7",0.0604294335032979,0.0368686309817216,0.0555302685480201,0.0278821781312822,0,0.114337726326346,0.0925869677857385,0.577593271178317,0.188703615355077,0.276330888589532,0.353349586601654,0.465776245871033,0.445689386865857,0.767090180914238,0.608728483148665,0.4421560219876,0.44468546637744,0.426017299113746,0.340317568542095,0.622630852265595,0.486453874220703,0.463423015793468,0.503095771308128,0.515421776291342,0.497143192006798,0.583121112500193,0.605639103639699,0.436949178370965,0.372046477265095,0.45915855752719,0.495485194957491,0.563545659183549,0.597063519393921,0.403697405233419,0.533384382084891,0.423044618744266,0.253957195066799,0.59880943056317,0.452999943236647,0.465258620689655,0.492930320424326,0.439330017001448,0.504397401334689,0.583090198025948,0.443744531933508,0.441745677986376,0.398216109484578,0.643348843138505,0.248174206797662,0.400968350505943,0.610035417284259,0.532887303003271,0.415228708266815,0.49801329819257,0.667821765994312,0.536136268218077,0.489612862895605,0.425667552076052,0.531305101461403,0.537093761673515,0.544661253181433,0.658061057043981,0.497802183468768,0.542200790703247,0.425196443341605,0.459840246917109,0.540193071774961,0.688913896106045,0.528891676747763,0.402723895996698,0.598830573925551,0.586020587185021,0.671264256561648,0.237979118823836,0.398131690432598,0.394722411694686,0.551121516501775,0.439887272910271,0.594920931681857,0.49497835371631,0.308527290923555,0.301746374053871,0.534505159719837,0.706901457960195,0.577148331865313,0.627014533134915,0.540047581284695,0.396425881547415,0.211903317036308,0.496912736222456,0.565757836955043,0.63686845990884,0.422924490299778,0.599894011658718,0.606634403044683,0.49560329716496,0.550080775444265,0.580459416184259,0.473751156336725,0.48661800486618,0.579703429101019,0.426341488420972,0.343966059082338,0.502143933248348,0.443433454819656,0.46868742166453,0.644136597938144,0.543203181489516,0.152190786883402,0.584888131919176,0.429359203472045,0.635253500415574,0.424285973406259,0.207888559936778,0.619012855102365,0.634393501747443,0.468056953832878,0.131932045959889,0.680057765524485,0.535356555538944,0.404584949997268,0.48560639070443,0.602785412098941
"Charles_9",0.160474161115478,0.0900692840646651,0.0601788130790317,0.12475204829668,0.114337726326346,0,0.201781203000128,0.500293750458985,0.0861217483163872,0.178622986435687,0.253757871994852,0.377661096245435,0.353175587413397,0.719398981537752,0.537544347317216,0.350349627392403,0.357538866496669,0.50982577431887,0.345332889279118,0.55256225829955,0.404763908761889,0.377796411202415,0.419377043538117,0.430273718150913,0.410463573877242,0.511963651020483,0.537415982076176,0.466273691582649,0.273833987172302,0.367062727287962,0.408457016772681,0.490016024775383,0.522327998956723,0.30865772561277,0.452459481505125,0.450848466805597,0.149377129769287,0.524335210532205,0.362020611029058,0.377313060901483,0.406340647715251,0.468726515983583,0.418435289221806,0.509985800431519,0.473531897823813,0.471492558878775,0.302786828203587,0.575998629798085,0.143526996282115,0.426619911571886,0.536411550738624,0.455820231021367,0.383657360980817,0.419380829898664,0.603288273264141,0.458775206699361,0.407012871726587,0.383506465974136,0.453493907922346,0.460328655053248,0.462140898582412,0.59205298013245,0.420867314694995,0.466155178814503,0.45333273780279,0.373808010171646,0.460488711060303,0.627703213987016,0.450694297596391,0.403530673324691,0.529560590839751,0.509926199261993,0.6084202394747,0.239063404650662,0.424680429601659,0.304584882280049,0.475926851917994,0.469332370985204,0.521676300578035,0.409322875637908,0.232677287424885,0.335442662969415,0.457323089935156,0.646491157231688,0.499816527227359,0.557263440149555,0.463690307996609,0.34666327050433,0.213748573799398,0.411979078791969,0.493133047210301,0.567669245091077,0.450889914304548,0.531075645517062,0.538702460850112,0.409792587555253,0.475557438694984,0.509014851213854,0.388350996184824,0.399275990414521,0.502888265390328,0.454379239162489,0.246995873577291,0.422062798565187,0.473363994175401,0.378555503006554,0.576063696477801,0.46200267022697,0.151335688686679,0.508827423863469,0.45772115483407,0.571234839079362,0.387393836842277,0.206994582416993,0.547281301490502,0.565180920425516,0.382174946477639,0.147346093133386,0.623001557356043,0.453467652299712,0.310048105164558,0.400214866731468,0.530326080979526
"Franc_9",0.0758318574227607,0.115677474199947,0.144759047440465,0.080691566115739,0.0925869677857385,0.201781203000128,0,0.63494890784663,0.273352722269131,0.358125194090768,0.429584386408312,0.535505262364673,0.515406926299611,0.802120141342756,0.661525312821335,0.511950988005868,0.517743807571679,0.357181959356042,0.417243418078114,0.674370659722222,0.555234530060548,0.535243201262667,0.568285426057642,0.578474639885074,0.562300319488818,0.64379604990439,0.663914534781253,0.4410286461268,0.446806494783093,0.526867988782051,0.560451081675446,0.6259308159493,0.652102114296543,0.475708013701935,0.596683856648606,0.42882319955139,0.335330319699363,0.653649748736912,0.521476510067114,0.53422454518042,0.557678886393341,0.44311330357842,0.568708024604163,0.642795722040092,0.447012288615809,0.445258413394325,0.471442099080633,0.692940012096552,0.330096982174785,0.421314590108519,0.66303570223392,0.598068658416611,0.488778085264608,0.558573974203141,0.715076577209498,0.601168431485055,0.558943373233984,0.496479477932337,0.597030449593052,0.601934552829674,0.604447368421053,0.706434072769461,0.556422298895672,0.606632972071697,0.430638219943229,0.531803688652704,0.603491500951631,0.733537823598744,0.594848536043353,0.475266684405312,0.658008248259076,0.642209110092607,0.71781442325058,0.292473801206732,0.440455558306512,0.470275244511037,0.614682992768744,0.443604989047342,0.651482265392238,0.560811756473058,0.387194359149323,0.360060427582514,0.599599755695035,0.74887069249853,0.634214577337528,0.679515569042347,0.604712007809958,0.469120782490333,0.253583207471566,0.561273923821268,0.627540363368847,0.687607192254495,0.428653578534543,0.65863789615644,0.664901612925069,0.560445957403728,0.613372546978294,0.641358881298036,0.544356875820956,0.552758097165992,0.636434191510999,0.431612910555436,0.42024085224641,0.569801579267058,0.44675197070186,0.536150116491405,0.694222444222444,0.603723682832303,0.234398859304054,0.641498048996339,0.434315989675316,0.690611389823033,0.496467188322741,0.288130585715341,0.671680227938961,0.685444910880187,0.539070948919796,0.213083355546999,0.730374464245432,0.597018808043495,0.476462951387219,0.553715024986682,0.656464859948099
"Grogu_9",0.606929441507699,0.561138111944382,0.54063199717167,0.583439878234399,0.577593271178317,0.500293750458985,0.63494890784663,0,0.43764125744812,0.361256788569564,0.283092950815381,0.153672630635642,0.183230092467906,0.343433854494409,0.193106943740497,0.190833382552714,0.187546330615271,0.792147665778668,0.298630699010206,0.106963388370424,0.17563765651569,0.16020878108689,0.135136876006441,0.130307271878957,0.172093323437349,0.0865489426640506,0.0595471698113207,0.410468452395303,0.263341941037228,0.174450338842722,0.174372395076088,0.0954738579304049,0.0655596047638727,0.231744606839285,0.0929978864116724,0.382751744765703,0.385281968390805,0.0328239102612362,0.175095635410705,0.225016238285237,0.13206111709884,0.415369280425289,0.116424931399451,0.0346376118084441,0.423972298261622,0.419928825622776,0.242603550295858,0.353081963353867,0.39156894100924,0.337658967038671,0.0729197733373098,0.114667733653429,0.257320370476903,0.284326805058968,0.14651386507173,0.0937022057574007,0.193096008629989,0.24736580952103,0.14086264458908,0.075937415700027,0.0783256202373082,0.129736408566722,0.314584496674958,0.139390653065374,0.38689006906525,0.201870758696582,0.12038445581524,0.184644615251749,0.147399622743196,0.287654216425284,0.0543193226942384,0.216285924834193,0.172411003236246,0.420110572136669,0.329037754939028,0.290346666666667,0.102709427702516,0.416463342413834,0.0399762223212959,0.13238016212421,0.330743318006344,0.591571161930678,0.133503974134447,0.220808116767533,0.0421221396297916,0.111480094219408,0.13902043025301,0.238281686989596,0.454661660142207,0.205526234088792,0.133264033264033,0.0947721554375174,0.382080225760935,0.0699542563873703,0.073589164785553,0.161901763224181,0.132271912922963,0.0790015532998591,0.198120006266646,0.164290883917052,0.0689818353900477,0.389695780176644,0.299572879101767,0.18704152630419,0.423181485071275,0.1836112493778,0.106525331506187,0.0906405632835308,0.470460620617519,0.0364621467271929,0.39572934674101,0.10693813006523,0.254461949886635,0.434753325475669,0.0660036517617808,0.116169173820588,0.154148972443508,0.495335751832383,0.186293150800693,0.101313257486243,0.237231051855151,0.13264304486875,0.398261628541295
"Henry_9",0.231343119346817,0.164604316546763,0.135542579437398,0.197005588647915,0.188703615355077,0.0861217483163872,0.273352722269131,0.43764125744812,0,0.0964232837216551,0.176927604473219,0.307685135109934,0.285392929643922,0.67491233510651,0.477293183863841,0.277991437486394,0.286049429865241,0.559205066037551,0.271291072021241,0.492425988392801,0.335907624004328,0.309369891514341,0.350435846459703,0.364164781150035,0.340644198197164,0.44973761889144,0.477031950085842,0.410733355648002,0.197337348985249,0.299092309691311,0.339819585160784,0.426509318268631,0.46076568015205,0.232775132228646,0.386908055972804,0.393177152911277,0.100173236482995,0.462365141757966,0.289326306898515,0.306999048383184,0.336123314649296,0.414050916432695,0.349462158306666,0.450122860269673,0.419995937690421,0.417081940326752,0.22887789928258,0.517593959229074,0.0944392481066892,0.363961734011239,0.47702033856008,0.390240571283632,0.313950167773256,0.360061287027579,0.548249983396427,0.392917036598599,0.3379689276241,0.310483943590944,0.3871354217814,0.394909462272674,0.399212015759685,0.535637433577796,0.363270689086713,0.401130611199748,0.395395069171732,0.303060619534608,0.397760331566572,0.575236380009005,0.384219823356232,0.334086057548118,0.469054967053132,0.445642742035453,0.553694924100735,0.165865841012984,0.358177490649439,0.262890983969232,0.411370970955018,0.414780156592152,0.459255261737722,0.339987831774279,0.155156545187386,0.382814388782145,0.39160811712525,0.600265239859148,0.436578655607112,0.498462647638839,0.398811631841971,0.27229997544635,0.156427870461236,0.344254937163375,0.430469654044132,0.510680114900326,0.392321575061526,0.470415983053311,0.478491701851929,0.341179133189997,0.411780902743633,0.450199203187251,0.321812061605581,0.329726060971701,0.438204091683254,0.397246138466995,0.167210616126307,0.356001885902876,0.41922187436087,0.310002621428304,0.519545069780566,0.395358993191337,0.136840083415651,0.445757338712997,0.401023534885213,0.513327748781064,0.313524001149756,0.147584843109315,0.489011339701721,0.505744170096022,0.312407749939278,0.141745251693452,0.569765630216564,0.387221665389226,0.23541240448338,0.330583047896599,0.469226194138518
"Ivy_9",0.317526524186063,0.253255703115943,0.225652255187332,0.286039780774678,0.276330888589532,0.178622986435687,0.358125194090768,0.361256788569564,0.0964232837216551,0,0.111326306380126,0.22153961885657,0.200155381092574,0.616529291364718,0.403298003107823,0.189213282817027,0.199634295002032,0.609811751283514,0.193988218670288,0.419045803345884,0.250459866220736,0.224217205867055,0.264110001074229,0.283532230060878,0.256303244127011,0.369226119906084,0.39769020121443,0.352699571719441,0.108731560061514,0.213944206543882,0.25741721569134,0.344430800018193,0.386730623100304,0.144030346877322,0.304200405987196,0.330863975546166,0.116807408517797,0.388412068186681,0.201462192467244,0.221051311002384,0.250823749495121,0.356943311759296,0.266575574207821,0.372181332333224,0.363864276392609,0.360291438979964,0.137221501713091,0.486311063393685,0.096812571258613,0.297436372049977,0.401309104657482,0.306248076331179,0.234555619665347,0.285220772846545,0.482032280986702,0.308562269023554,0.252759874928211,0.231529865744835,0.304110924071941,0.310491461983123,0.320206176244518,0.468208673790069,0.293862605432387,0.317941424825563,0.334088701845257,0.216619303449563,0.316553727008712,0.510827102682845,0.300267799836222,0.260114698719459,0.393396382943421,0.370094992377155,0.484868830038543,0.105734881347282,0.288862081314911,0.183055005189169,0.327766649411447,0.357823600762433,0.379500601259107,0.25319780477909,0.0686916886261662,0.396555985828459,0.30665899484365,0.538125214001633,0.360022357297561,0.422642056436026,0.319070551943008,0.191859671030809,0.198602870521483,0.260119484330783,0.349791455303799,0.440716435584941,0.330337241541779,0.39326160815402,0.400118835412953,0.255951751137446,0.329695194995341,0.373847792857474,0.236490191942628,0.242924228963066,0.359167714006424,0.336841169673807,0.0768582628127633,0.274662491006814,0.362827877361755,0.225844371208464,0.449114275790205,0.312261824702981,0.20781871545418,0.365023008105393,0.341583283244352,0.440156901201275,0.233901837785839,0.171933277254908,0.416189737122902,0.431827630903177,0.226568389312338,0.177739740805201,0.499004136663092,0.303528681620711,0.146513165571156,0.242331548984621,0.393747673985858
"Buddy_11",0.391302185024437,0.331358918459408,0.30498333190871,0.361343878684881,0.353349586601654,0.253757871994852,0.429584386408312,0.283092950815381,0.176927604473219,0.111326306380126,0,0.152238390953749,0.11784131005157,0.565651427481401,0.334461306192571,0.210963566742056,0.118418688230009,0.663715696728211,0.295563633442452,0.350276421018732,0.224895688456189,0.145393750720627,0.241629824351774,0.261145560157839,0.295711277043845,0.298535897904324,0.329132591500201,0.461929905111723,0.154655937962519,0.129383034603511,0.300052699659848,0.272597647298467,0.309793649096547,0.101675207786056,0.233571731166986,0.441539821270745,0.115199045880844,0.311688659297128,0.120334591080602,0.33371979780179,0.178243310266645,0.46519053106875,0.236409302774893,0.297613402876561,0.471570531978482,0.468807252809519,0.190349438896105,0.42379141171931,0.127107257385478,0.408210846426761,0.331242191445812,0.232726916098661,0.34970698623823,0.255650156402129,0.411998616874135,0.243224426873539,0.308108619100513,0.346235795454545,0.269877373417722,0.237596103928209,0.239844184752365,0.397063435495367,0.230211384057538,0.271797925661257,0.444736945503124,0.297248845066538,0.266950326040434,0.443819397402291,0.281574982091248,0.374545611909295,0.320013870735416,0.293159351522341,0.421089680416725,0.168160816495414,0.401443550555291,0.201076716016151,0.256801993405653,0.465987549518959,0.309538330990958,0.247549194141803,0.154982123426084,0.467543524852471,0.271469854521204,0.473772807887697,0.281832683909098,0.354900250735855,0.276146584404965,0.298575755622865,0.269999835696564,0.205162190442972,0.280040348001513,0.367583858904951,0.441435730840085,0.322205710646428,0.33142474916388,0.186981553283985,0.270840556738818,0.299755704558449,0.314774057597752,0.219053882651384,0.284273245178488,0.446300067888663,0.142782699322564,0.30598242398609,0.471259605243333,0.289596869978341,0.377408301971578,0.240791781508394,0.278992646705436,0.29243525491328,0.450661319554236,0.371238570241064,0.349558599022059,0.245442228205876,0.34207357127217,0.362900328829202,0.191053511705686,0.267543927309751,0.438686089025593,0.227484164687253,0.071871923290955,0.164243911648103,0.323722970855531
"Joans_11",0.502232831337419,0.447049529743185,0.42286176031825,0.475039984147878,0.465776245871033,0.377661096245435,0.535505262364673,0.153672630635642,0.307685135109934,0.22153961885657,0.152238390953749,0,0.0548345061245765,0.469155083554584,0.259677666922486,0.092412727038516,0.0804074667769791,0.728330041694097,0.190507610748333,0.231699554423934,0.115448549520082,0.043253471204328,0.101074910424131,0.121313538716783,0.167046908908798,0.169822940723634,0.201793151686644,0.381908248976955,0.121460276768971,0.145884357363433,0.170120320855615,0.157513759272553,0.181944884383909,0.08935960591133,0.0903257794499373,0.356377432165598,0.249651494029941,0.18411117103969,0.0905326064164395,0.211833494260273,0.0661661963341461,0.38669328293232,0.0956277238858428,0.165006226650062,0.39485050530465,0.390781903488101,0.0970111140835137,0.402890932982917,0.256698081117314,0.31545661522894,0.210498159045851,0.144574175824176,0.235831717817669,0.188046475454267,0.292980389439401,0.10338608331394,0.179347975103507,0.234151068495945,0.127723516153268,0.106532982750152,0.10803751632435,0.27657099852906,0.240828842641654,0.129367382472432,0.359964491788726,0.170202033610322,0.119166396079936,0.328092205898047,0.141422014376028,0.269777579630455,0.190634183334913,0.190477674259184,0.309473258517844,0.28817913423565,0.30596786714027,0.219701787859515,0.124317625188114,0.387720488466757,0.18196366374847,0.110535453468184,0.190127570032002,0.53102119460501,0.129629095107519,0.361531449407475,0.152205451122017,0.233452188006483,0.13393400353449,0.18376771721241,0.343923229312444,0.180475203831768,0.152337858220211,0.244398506268338,0.355435586120383,0.195151058350606,0.204959883296864,0.116171383433661,0.136437340745888,0.169751194999387,0.186448953021591,0.103996515300011,0.157475943745374,0.362938332640605,0.156905475347317,0.176162980716854,0.393786769374021,0.162304229452516,0.255140438113157,0.108312786192321,0.351208045387865,0.165700827419505,0.368503389535894,0.247090716741603,0.237098208613899,0.318288382731345,0.216719880106861,0.242561043925265,0.048476379857043,0.372882792763771,0.321243885394829,0.109272864001851,0.115998043052838,0.0342694476378168,0.320369799691834
"Padme_11",0.484165289256198,0.425447928742278,0.400348581213307,0.454712797556792,0.445689386865857,0.353175587413397,0.515406926299611,0.183230092467906,0.285392929643922,0.200155381092574,0.11784131005157,0.0548345061245765,0,0.495050247487626,0.269067229639321,0.127536304582278,0.0461066089495142,0.716054759519765,0.231497322638701,0.260192141889395,0.139802888877301,0.047875787345447,0.152594511454707,0.170845481049563,0.217579328612357,0.201216784468104,0.233504567965794,0.41367982142105,0.10681949751071,0.103521491455205,0.219372294372294,0.174611459058223,0.211794274504996,0.071634338390628,0.138782785841609,0.389754818010362,0.227068621051174,0.214489639293937,0.0566721077331157,0.257485654668753,0.0843829050725603,0.41800810052965,0.148849021053494,0.194779358572462,0.425517948717949,0.421997965074026,0.11117960877297,0.408115316230632,0.234495326553407,0.350995756527987,0.236438948618768,0.147333333333333,0.27793991416309,0.188401131372594,0.321478708469817,0.151332129148792,0.230047698990061,0.276334740501614,0.182715495485391,0.137810178045703,0.135029354207436,0.30588662550761,0.227696170194023,0.184649172204077,0.393355885159164,0.219791854969915,0.172129505052529,0.356395926903693,0.196066896377847,0.30953415399469,0.222273185946243,0.19629551419349,0.337563864753165,0.267202826111466,0.345513806321298,0.202509825553334,0.164572900271856,0.418961512939615,0.211176917236143,0.161449267600354,0.165559792621792,0.513325754705065,0.184616677403994,0.385344615708718,0.182793770364392,0.262395787626152,0.188766761307733,0.225092781036753,0.339943292258858,0.150736544650566,0.190455705641114,0.272094820922443,0.389237805545222,0.22670071128944,0.23624535886342,0.11477666869655,0.183636772308384,0.198029205746171,0.233097774496361,0.132211284005504,0.187933094384707,0.39571083409951,0.133989536224173,0.226728793815525,0.424756779134755,0.208030823264226,0.284036340038936,0.149413506434347,0.346820508371649,0.196279069767442,0.400849617672048,0.278239202657807,0.281532256068892,0.314624166215131,0.244724409448819,0.27089768493456,0.09845832244578,0.35050052467645,0.350653726917374,0.130339601459444,0.0800267073636017,0.0611864857674914,0.278517280487077
"Ginger_14",0.782843145052253,0.757244218166062,0.744197530864197,0.770385574460145,0.767090180914238,0.719398981537752,0.802120141342756,0.343433854494409,0.67491233510651,0.616529291364718,0.565651427481401,0.469155083554584,0.495050247487626,0,0.340966799214296,0.489838822704975,0.492289442467379,0.889543069243568,0.574684486340662,0.301349021198904,0.459368651351774,0.476550094884009,0.429982305254928,0.42288343294492,0.435313531353135,0.342993308621769,0.299073464634702,0.628599401059664,0.550990896243468,0.48093728249942,0.443269151309809,0.362908421537045,0.32947453191061,0.521212540660253,0.39694487491698,0.60570555272542,0.634131498875513,0.317353787152445,0.47758034026465,0.474474239699789,0.441787312981409,0.632294345381072,0.427649499224741,0.339014594965227,0.639475438986441,0.635716505183469,0.528231974708502,0.265983562813534,0.638406270411496,0.578616154306032,0.310087173100872,0.406247310902676,0.52414605418139,0.548504669855836,0.214335664335664,0.388638969745082,0.452783721587468,0.509377726083164,0.404820118756549,0.394595538481687,0.38981355161437,0.229935542752838,0.574810867101596,0.400826083135601,0.610528209125247,0.475909878682842,0.394543404735062,0.185325126454994,0.407210427655957,0.532924107142857,0.317723740285786,0.329704281300574,0.232875187802571,0.664310430054375,0.560193449965919,0.549933335501284,0.377743723802226,0.632944228274968,0.314523726880547,0.436648362822859,0.604245283018868,0.7266400411246,0.397899141350303,0.160719964383387,0.343512925827494,0.277418007102569,0.408284023668639,0.537422001585824,0.688727809967912,0.456423549742744,0.38374564696305,0.263641334062329,0.606120404383861,0.32591857000993,0.305430891029197,0.447203230578545,0.396163615660856,0.35884207509315,0.466502423905269,0.448661606072713,0.337805231155294,0.612360706830143,0.57273570324575,0.45830335012393,0.638670117011701,0.470289427052569,0.249252574465729,0.382187248502191,0.699044053746908,0.328147031652647,0.616397645824835,0.27337431252022,0.509275666292988,0.670289232882761,0.289595619208088,0.258889782783588,0.466447162119787,0.715645423972588,0.187374394136423,0.394893319342427,0.524573308657208,0.443379510309278,0.359070753807596
"Buddy_16",0.633739080624374,0.593597639209648,0.574656534648483,0.613769457171466,0.608728483148665,0.537544347317216,0.661525312821335,0.193106943740497,0.477293183863841,0.403298003107823,0.334461306192571,0.259677666922486,0.269067229639321,0.340966799214296,0,0.287298978753375,0.27163440289932,0.805139007812322,0.393603998775885,0.127693864547806,0.238735833410117,0.269277696437287,0.238421187308086,0.250959629384514,0.293914046726276,0.222238246322469,0.188141049636895,0.503585905830995,0.318534367477935,0.245087585681645,0.300689876463982,0.190534276652842,0.213372591405464,0.281838208638911,0.227697306078246,0.479694550503297,0.419187631261451,0.187752053771471,0.227187023014994,0.346074665847288,0.232367758186398,0.507012987012987,0.239602932589373,0.185201417041014,0.514282388546153,0.511519214427344,0.316217702034085,0.208357651453251,0.421946151465582,0.44600454263886,0.148975515940528,0.208078132759477,0.366037735849057,0.316778096147724,0.167184844339427,0.241083780409623,0.31097945291819,0.368121827411168,0.258177922121405,0.209039169735521,0.212931302455704,0.181513840124112,0.354236090073715,0.254130076376973,0.483296545224573,0.297619047619048,0.256503534902876,0.195704261509499,0.273292756337369,0.40075768205416,0.209603092017244,0.207720991445492,0.11775086227641,0.462370579676528,0.432119029969289,0.268123243357904,0.22991423670669,0.507930896320912,0.177294507924806,0.246544947381767,0.381454394246997,0.53591352253176,0.255467130341737,0.229833377413383,0.178176296189168,0.145111255792578,0.269662166700248,0.358242980261329,0.498229982896464,0.166296570441648,0.261745889798445,0.198669465014058,0.479524835847827,0.215142235176918,0.18130924833918,0.185463188840933,0.252475081384032,0.201849661253898,0.321796507827819,0.210327259087926,0.203323099151165,0.48455117879631,0.337572813064381,0.309253525971792,0.514336116664706,0.289263860559985,0.191128871128871,0.212451839476286,0.509953703703704,0.167671630948057,0.489742037059465,0.195813242385041,0.366420152530622,0.480660436659263,0.201772298208438,0.15807560137457,0.275011547344111,0.532723719626858,0.193919852602487,0.167621920563097,0.275670291358844,0.241138543796194,0.288008372126592
"Buddy_17",0.47650847903247,0.422235829251225,0.397901386421272,0.449677079579788,0.4421560219876,0.350349627392403,0.511950988005868,0.190833382552714,0.277991437486394,0.189213282817027,0.210963566742056,0.092412727038516,0.127536304582278,0.489838822704975,0.287298978753375,0,0.146021553547873,0.710775553320647,0.146044178473995,0.250448042283041,0.085131060078868,0.0994772447724477,0.0828178327645051,0.105869445968184,0.0922201746654916,0.203025665175418,0.235358378345573,0.317477206818134,0.0871877148750859,0.206604377319852,0.10033417992247,0.172015000143131,0.219316017054217,0.120923493503717,0.131664244998323,0.290977798771847,0.231656143378172,0.221078134463961,0.143822661589287,0.140389325770272,0.0768421052631579,0.323070590656514,0.0885447579992446,0.206269890842033,0.331680048785446,0.327051271500288,0.0568747067104646,0.425628502551579,0.217607521659738,0.249110794949315,0.230482601117856,0.159500617368638,0.169480834546337,0.201037967768369,0.327800283239469,0.137664799174959,0.106446855577794,0.163846248311433,0.131802697537874,0.133868734422598,0.145966527434433,0.311771978915859,0.283259181715083,0.145296293206529,0.294516870342132,0.101664624183007,0.144100853637854,0.362285559908145,0.127552432073488,0.200238805970149,0.230179799686256,0.242186104661547,0.326040931545519,0.259415239550528,0.237662455693902,0.180916412613187,0.158632382028822,0.324169389138877,0.21312556188193,0.0697575950037049,0.160579759353182,0.48878192565184,0.134565373761965,0.394800525478808,0.189863708773379,0.25350066458533,0.150091620856239,0.117839374555792,0.318212377481335,0.198168839230292,0.185931925015575,0.280411520020322,0.289540982185427,0.232222655429925,0.237270690803415,0.128434605118543,0.160529455837056,0.210182499926766,0.117099741979202,0.080741767582978,0.188504053058217,0.298216630660397,0.11593089368428,0.114844179291938,0.330078966259871,0.0907300896419503,0.290964337118183,0.1345834856195,0.329855371900826,0.195143618596387,0.303945291951604,0.283064033512867,0.167613080086156,0.293888744765223,0.253362323342134,0.267018337101231,0.0761720263463774,0.345259746701498,0.348560804754158,0.133361053361053,0.164720039640405,0.101722098067569,0.379164089422992
"Ivy_17",0.482675516573822,0.427740851654371,0.403432953922941,0.456183956565811,0.44468546637744,0.357538866496669,0.517743807571679,0.187546330615271,0.286049429865241,0.199634295002032,0.118418688230009,0.0804074667769791,0.0461066089495142,0.492289442467379,0.27163440289932,0.146021553547873,0,0.715398988947955,0.248063555114201,0.260126891166423,0.147535047333299,0.0561370123691722,0.172424866861134,0.196927566555626,0.236744759556104,0.18815567835929,0.224913916567633,0.432104448257103,0.11158117398202,0.109946568023017,0.24235268863368,0.159960915047707,0.216068500637639,0.0729196454103517,0.161033351098146,0.408790404203545,0.227384439944162,0.217711279384484,0.0412997266929852,0.280014489753674,0.0881863560732113,0.436154624068685,0.170245606433968,0.196810416915542,0.443393534184027,0.440113891926465,0.133677000211849,0.40950823795749,0.234374086987008,0.371061609472206,0.239853957333816,0.117880356946128,0.298785385682642,0.199588994177418,0.324753523456627,0.16435366536094,0.235945553059337,0.298240425846518,0.189824854045038,0.12578878603397,0.154723870378822,0.308690394483119,0.226818330963579,0.187751228226887,0.412459072893331,0.232866183290205,0.19667432819727,0.359185750636132,0.206610193028746,0.331113134314054,0.212989609524098,0.19717846788415,0.336856010568032,0.268056645368606,0.362096866096866,0.190040395280371,0.164383173063285,0.437072447045249,0.212168627568983,0.1810044885926,0.181202911505555,0.507856200113129,0.189202699325169,0.3917815832436,0.186457747104647,0.262432482771466,0.19316629971294,0.247403322796092,0.355183116076971,0.135826822747683,0.188560707280325,0.277139941319046,0.408542549722856,0.208456303077757,0.222056722497492,0.1134280536807,0.186740947075209,0.186588235294118,0.251987863569784,0.153086938261235,0.188528471646739,0.414533636382947,0.142064470671129,0.23140756302521,0.442798963346909,0.232365253113544,0.287650989462863,0.166798374350869,0.361510449924926,0.196800761157197,0.419515489153372,0.267872959635581,0.300326628846484,0.3308068141708,0.250046790192776,0.27110466399672,0.123075327907097,0.353053276990637,0.342849519743863,0.13373031331738,0.070637250260392,0.0655971291361021,0.282604838232685
