"","hera_1","buddy_11","hera_11","jarjarbinks_11","padme_11","hera_14","iris_14","jarjarbinks_14","jarjarbinks_15","buddy_16","buddy_17","iris_17","lambchop_17","padme_17","buddy_18","hera_18","iris_18","jarjarbinks_18","lambchop_18","franc_19","hera_2","jarjarbinks_2","lambchop_2","goose_20","hera_20","iris_20","buddy_21","jarjarbinks_21","franc_22","goose_22","grogu_22","hera_22","iris_22","iris_23","franc_24","goose_24","grogu_24","hera_24","lambchop_25","jarjarbinks_29","jarjarbinks_3","jarjarbinks_32","grogu_36","franc_37","goose_37","grogu_37","hera_37","lambchop_37","goose_4","grogu_41","hera_41","goose_42","grogu_42","lambchop_42","buddy_44","franc_44","goose_44","iris_44","jarjarbinks_44","lambchop_44","buddy_45","franc_45","grogu_45","hera_45","jarjarbinks_45","buddy_46","goose_46","iris_46","lambchop_46","franc_47","buddy_48","franc_48","grogu_48","hera_48","iris_48","jarjarbinks_48","lambchop_48","franc_49","iris_49","jarjarbinks_49","padme_5","buddy_50","franc_50","grogu_50","jarjarbinks_50","lambchop_50","franc_51","lambchop_51","buddy_52","goose_52","grogu_52","jarjarbinks_52","franc_53","hera_53","iris_55","lambchop_55","buddy_56","franc_56","grogu_56","buddy_57","goose_58","goose_59","iris_59","padme_6","iris_60","hera_67","franc_68","jarjarbinks_68","hera_7","iris_7","padme_7","grogu_70","franc_9","grogu_9"
"hera_1",0,5.05448592042777,3.50509754113953,6.14464053100632,5.69539517193714,2.48997957271159,11.1945750405566,5.99986692547144,3.9423960140429,9.28746799542888,5.72965308528585,6.24331970050211,9.21771742759242,15.5858187692481,3.97249115771247,3.25233161618774,7.01324817275119,3.98346491611226,8.02645589111713,4.92290137889442,9.67425475942729,9.998025058427,12.1139464319122,3.13657499470518,5.35892953451577,4.10872761883968,3.83171313297706,4.8589323548682,3.78858353720466,5.17202342008756,11.22532687333,4.13808087418237,3.6478067061898,2.7559507806703,5.37685054071469,3.56438874323572,5.38899951845775,3.7646095288831,6.20076052753557,3.66724606583075,2.67713805733295,6.25073228134136,12.2823558950991,3.80995361753069,4.76294824223108,13.3394771850417,4.75952313443281,6.11527321156712,15.230545016529,11.6986239362009,2.78711831595343,4.10810846356299,8.72231245415069,4.75592135631339,5.58202043978844,8.11830721856632,3.45340646772681,7.02378035460432,9.39193117008308,3.27038608004851,2.67633547561128,5.39989149016852,3.84522527157456,6.79841406811439,5.58959993728173,6.3084347244794,7.43988267982262,8.00312439755634,2.92592376481991,4.38335921428538,5.99603521531398,6.60576812202863,11.7198028152494,5.68686883137529,5.81779007307068,6.67910777932667,2.81667421735769,6.37408593020017,3.41372376794096,6.06228347459982,10.2562315086272,8.19660514314472,3.81948998274247,7.16391072746826,5.5574467246118,2.45801367430539,5.80376989280344,1.40215497471432,3.48955791720227,2.53044089378915,9.27199319312976,5.0126217427776,6.80307015946549,3.12753884358716,3.6463129771486,4.58949943305405,6.822464590021,4.36108381075605,9.38332135546349,4.26696886868721,5.14969814970095,4.25431668450861,6.40690742989724,10.6160653274112,10.6734159677581,2.40374499639931,3.80890854623157,4.82288099726341,0.575854487337294,4.19509336069633,10.8468321845742,8.24081192644292,8.55139746696494,4.67585570600343
"buddy_11",5.05448592042777,0,3.7181490603203,4.18810431986039,4.79432504218592,4.73706980939512,10.4009460927952,5.59454026736223,4.2617415722178,8.72212239526659,4.38025406890487,6.11995007554345,6.15582429135724,13.6864071349608,2.61635796713737,4.78877757989701,6.51033318857312,4.3902165128438,5.90603506254728,2.94405046683723,8.73963827592636,8.78395742852302,10.8284597639114,4.92380661436057,5.38384685680877,5.47576913651664,5.17404493181819,4.6582102897169,4.22826828252278,1.91826979304054,10.2297550894418,5.16385927492987,5.6731276011087,4.70338711060322,4.39060410042861,3.9605726790206,3.088060355244,4.67476203859998,6.44281530717793,3.34704217073561,4.985697331325,3.69606494885066,11.1964534898045,4.64906365547201,3.84984936669488,12.1608236443575,5.03071302177041,4.25924058585829,12.4224794509923,10.7193965185347,4.02086153039426,4.54559857757057,7.78988464730712,5.21084081467088,5.45707935943591,6.70518176819686,3.79102815810819,7.25143234846727,8.52883687333796,5.0633462373055,4.99827224194605,4.55388120484284,5.47648221503467,5.88057307015106,5.1098841001122,6.25117989562687,7.06323907474203,7.53240167688946,5.08572277707716,5.26412717488198,6.20762169779125,6.74602143603892,10.6817246394459,4.8374770953044,6.22079972140866,3.37228539176391,4.99632991732588,6.47655320100447,5.03050947712023,5.25477398101602,6.39160101639192,5.42397647664682,5.99050873686405,6.92808623144642,5.51831116261174,4.8678085492943,6.08541346935007,5.15205495434564,4.89358539803076,4.87668659152443,8.56364005874148,5.90018739829746,7.57312620328992,3.75179829113992,4.84307890160486,4.57547563298446,3.88514248942191,5.04629862850382,8.56401482355737,5.08699351530037,3.31491376694422,4.26136075656115,6.28257608038939,7.04375919083888,9.83277449427174,5.69300888047688,2.99428469719348,4.18304671654646,5.01737000727321,4.95286448594169,7.44563534254146,5.44469314575134,4.1321696216883,4.00453784154483
"hera_11",3.50509754113953,3.7181490603203,0,4.62002187144707,4.37643564029594,2.23814821566545,10.3859801714774,6.02441401212814,3.98928831059521,10.4063135169727,5.15036453123029,6.28012207922684,8.11353382638926,15.8638178123397,4.23287174615089,4.97960356767219,6.76026513100523,5.10217962487885,7.1987497806423,4.48178889829143,10.6165869104145,9.21839457570121,13.0148729863887,5.19971838165144,6.53126706304049,4.42479487206839,4.41181924945314,5.69229279143083,4.53810717725754,4.24753569240139,12.3409105120477,6.09529456176082,4.28694569677165,4.55642614757815,5.29234100612924,4.32257559918257,4.87274157078918,5.14561803211131,6.42841873120185,3.51278731140586,4.56063430915548,5.60739887615621,13.348777328838,4.78485562618414,5.10665114398895,14.3521205357367,5.44630631046262,6.23741433327484,14.8509147224963,12.8315969389547,2.57961893210591,5.18574665133943,9.77761646538715,5.73944537607613,6.38966998377447,8.10283135822746,4.10914123212881,6.76900474133636,10.1105252047643,4.56928388397004,4.85228766654605,5.43963206024796,4.24401176471116,6.69550994577358,6.56223960745389,7.08599673809689,8.43630392590562,7.51795733676129,3.69562787735419,5.39582701855857,7.35958992813525,7.13450286018312,12.7959422443194,5.92924781657018,5.89485194400939,5.83587972040528,4.64380762899006,7.13799336059107,4.56121291499889,6.35533213717375,9.45554663479606,7.64167917271894,4.95799589078185,8.52768550122543,6.37453072874432,3.80180469711825,6.07691422605757,3.83812520490173,4.6718914929505,4.66758926117192,10.4664520769894,6.25325296500838,7.2692798358101,3.80625423420105,4.57708795556401,5.45105311240728,5.87605664404232,5.07553955343913,10.5292642136979,5.71627650227158,4.99803605539498,5.19197614227202,7.00100790517568,9.71056951604763,10.4841364059002,3.57084239463524,3.29704134612171,4.7236242865884,3.4973134692502,5.10702555970921,9.82546905671867,8.25265830494869,7.11340855994649,5.19360520408581
"jarjarbinks_11",6.14464053100632,4.18810431986039,4.62002187144707,0,4.4939467582892,5.51924190916867,8.41372798936378,3.98308263114272,3.65537781898319,8.15866981088879,2.72124780484781,4.98580767856242,7.89988187427466,13.9884642687805,5.75709931267753,4.97857373534468,5.00704121439979,4.71757213452764,7.15012879431467,3.91398280155373,8.0406128666213,6.86855844199219,10.3121139503508,5.48832252968611,5.05053932290209,5.0292897836462,4.17263877741688,4.7425947149526,4.37689223818598,3.94496423229484,10.0298625186596,6.3413315640627,5.57809931676686,5.19847674063085,4.0270658366656,4.30205123797778,3.81785807628824,4.67564045401581,7.77851272356826,4.62015888983596,5.36486035974229,3.97827682431938,10.8624532093168,4.49653766127112,4.12774728937261,11.7888893659934,4.12088413269224,4.46776688620394,13.0206614690733,10.5107392422661,4.22569827585347,4.72269742967869,7.65353270001069,4.57578705666989,4.40719088566737,5.88828281516329,4.62504778864488,5.72227005430115,7.50315343160325,4.91750559311823,5.59544726188384,4.15837851765385,5.23132739553737,4.10536991001725,4.93533040521929,5.27540471171054,6.252874273441,5.77503554005927,4.69661944639935,4.85433848775059,6.09390910068158,5.59337372085685,10.330950595031,3.82318352319549,4.88239755080363,4.38020831287735,5.39346984888797,5.4610827541249,4.78442355069398,4.643464868684,6.85862372880803,5.31895086737689,5.88155921119297,6.8829483966489,5.10301763222445,5.46388839430801,5.20185484185398,5.96654741400962,4.79677374867857,5.45268486767479,8.29190535183721,5.49615126500632,6.70878140862893,4.28007071086656,4.54655795281114,4.87848184571943,4.89532311941088,4.20959568687032,8.29114398197363,5.01603116863218,4.71894478571743,4.60514522188434,5.02469337588941,6.67718134606192,8.12428345370047,6.42722687778095,4.01865189197739,3.64159462483382,5.88435642511511,4.2231518049561,6.88316599079372,6.1967312605109,6.2704133137835,3.85634943649218
"padme_11",5.69539517193714,4.79432504218592,4.37643564029594,4.4939467582892,0,5.11524824545574,9.28489417087527,5.780648564993,4.6763508827359,9.77245014518562,4.51980094501745,5.65370238094502,8.8578903745391,15.3223956408364,5.43671171108409,5.80298829847945,5.95485126476099,5.86296018303968,7.79544775942208,4.74408564928179,9.81234623456692,8.21433896469324,12.015191208345,6.01406972075994,6.52489895979308,4.68265340201921,4.88603758280313,6.13015156615041,5.36833579979509,5.24522284785983,11.5723183323349,6.60846276974232,4.99409531645054,5.21499827529393,4.90760272556886,5.23513685048216,5.67027070586488,5.53062723140671,8.47840131412134,5.32190886435753,5.99044486172266,6.05254766819488,12.4698377279735,5.10008181029504,5.71770508493292,13.4072329412843,5.47266367380062,6.24142572378992,14.4141210687779,12.0523007353211,4.8262808613377,5.92989032345548,9.21883116953265,5.80725014090967,5.97469585441996,6.76415264977083,5.69268734048278,5.97909108963287,9.2063389123453,5.68427332363775,6.01512971087682,5.50288915882071,5.69015319514808,6.26045773801587,6.49822918700709,6.71230502576746,7.89310969044158,6.62902585240142,5.14329200244966,5.49062926644765,7.28041530952967,6.68746743597125,11.9153374263108,5.76943538336783,5.43848315507428,6.29225944624877,6.05103823647015,6.79139565237158,5.09259218901335,6.54616701865461,8.38706569728178,7.41043044814053,6.07653515169849,8.22612745394855,6.64814218366604,5.88657616204728,5.93660720357958,5.96440549825694,5.29834231467703,5.89922069860474,9.8278762102955,6.61812093603036,7.15473106969104,5.04988998221369,4.78600352294483,6.04790064332068,6.69859541692737,5.41459520050578,9.80593610530065,5.92181646375022,6.16247262110423,5.87536638437835,6.27836710939723,8.31621908735923,9.0206719687454,6.26454066632207,5.19183887125193,5.36458933308371,5.54651886123751,5.19970952665616,8.26197434217063,7.72557121566681,7.8801402953521,5.34452780348203
"hera_14",2.48997957271159,4.73706980939512,2.23814821566545,5.51924190916867,5.11524824545574,0,10.8461462826532,6.10539326371952,3.82776721653887,10.2439935283109,5.71431830448537,6.38116320575243,9.18700410393257,16.1330805495988,4.42736941954602,4.46859727791739,7.05805121223961,4.85100230003085,8.03540265333151,5.15585193109149,10.5723189950138,9.78657168018182,12.9852957895643,4.56199675836751,6.20810646361184,4.32373331746686,4.31234302622609,5.57106644287703,4.42705695452277,5.00528803180704,12.2286202306582,5.57667994974246,3.88119990574068,3.94216917246976,5.65290487479597,4.17639389707877,5.37304178213054,4.80295268239306,6.53892565429826,3.76256932729686,3.90455001502379,6.17692100469037,13.2630313592392,4.59321024023797,5.20733451051349,14.2896309905018,5.38608185030886,6.48841440330351,15.3802158474816,12.7158047351978,2.75291524650471,4.92916775087936,9.67623521238987,5.55182145996035,6.33160934392047,8.5039005042188,4.06786958624098,6.93217196991501,10.0430512136863,4.15160051576884,4.12678899041915,5.66669044349894,4.0223449697505,7.10305816654334,6.46345407107877,6.94788653824778,8.30132150467922,7.6108383915133,3.31065902864401,5.08640687322024,7.08572025963407,6.98685753951407,12.6961565464183,6.1611367769297,5.95032335821579,6.62516666304113,4.03320876526299,6.95200241142811,4.13448087456475,6.47579581066856,10.1979679340074,7.7919965498706,4.32915428223741,8.26282241517088,6.27389197609952,3.31896506297006,6.02181673656522,2.94253345903842,4.24943774969443,3.98339858968631,10.3030340922842,5.88238535555508,6.99104221264753,3.82897279107279,4.33360782995675,5.37132270404645,6.02100945495279,4.96603422593235,10.3965092586236,5.33603000866423,5.42497610619392,5.06656443778076,6.91952899963795,10.4471404000188,10.7584831583662,2.91604665036444,3.65938028355743,4.95528792032657,2.51710721370226,4.89866759921021,10.627437853086,8.70072922738423,8.13396534733827,5.35673312060585
"iris_14",11.1945750405566,10.4009460927952,10.3859801714774,8.41372798936378,9.28489417087527,10.8461462826532,0,7.37758420225552,8.43421553224109,12.2947891518278,8.27353504258382,5.67437566471153,13.2071062633009,17.7817345738422,11.587226728242,10.1975478196536,5.06468864741809,10.1833884128113,12.700873397666,8.93122487190209,12.0980768156414,5.76401376474348,13.9858989290079,10.817362736025,10.0586755616381,7.49864097779709,10.1958249378752,10.2010768742582,9.92020196338077,10.1183065260228,14.2381371808903,11.8053785438427,8.81294375720551,10.1402485010197,7.94034213616652,9.91073474881225,10.0183175330101,9.77156323014839,12.7677819985368,10.1535387753837,10.5530761714112,9.76789348354639,14.7451523820862,9.07420107821866,10.1361776381373,15.5341055152589,8.88515974320518,10.2413552027341,16.8501321427129,14.671651183597,9.42864191775809,10.374689870216,12.3752053193643,10.3030432090106,9.34779166556885,10.4564300674704,10.5670463672586,5.781178149201,11.0009950762316,10.5863630198091,10.8650512745307,9.2023728790045,9.66501702538098,7.79120832415164,10.3050919872796,9.65909011035163,11.0963663419755,5.66886908470455,10.0300741889401,9.25542712661803,11.5728294691665,9.15065952613836,14.294335091146,8.28833257856307,6.50257355441454,10.158480932806,10.8555354641405,9.57522433279514,9.42911859565581,9.77924912219438,10.478338304901,10.9324808739953,10.0758598712625,11.8441893744464,10.1830144638548,10.9702512156308,8.6919312266121,11.1582916171258,9.6008006010457,10.8161945310637,12.6953489391205,10.1681396761763,9.52809255406248,9.89250153055499,8.36057899302496,10.4353954015685,11.1415644712871,9.0721374180351,12.674979266405,10.4910747893641,10.9115307738422,10.3752318119837,8.21495972298677,9.38616669183412,4.87707574342271,11.1385836092019,10.0897781394949,9.34725421169789,10.980530875864,9.21460286827304,8.27073359499804,11.3805246611484,12.1033979522708,9.93944424965615
"jarjarbinks_14",5.99986692547144,5.59454026736223,6.02441401212814,3.98308263114272,5.780648564993,6.10539326371952,7.37758420225552,0,2.54380122724165,7.2923363429601,3.79416573030363,2.94340685261438,9.44768047537316,14.2598411711397,6.41017612212738,4.10777911405537,2.98844098246138,4.1867593144007,8.63117670405228,4.28361119900588,7.33822830524022,5.23575711518253,9.74716278229517,4.86400621656178,3.88244100559874,4.3793419627101,5.09650681732262,4.2210114269575,4.26728271455843,4.89513597059425,9.64810715277082,6.02384648329811,4.91811825709059,4.55392315784613,3.67172267864575,4.02365274028172,4.49497467016585,3.61467891441467,8.23570061267206,4.79175452410507,4.8109487748685,4.47363153398321,10.3869695634737,3.83087085770261,4.30070015521275,11.3760406317827,2.60598133379227,4.58687661202357,13.66570023365,10.1234809948006,4.28983833955042,4.45837629740553,7.22561201636957,4.65869027378999,3.53582169250841,6.62452566754161,4.95686988329359,4.50225074259034,6.32450282775576,5.07210265894703,5.00113324633241,3.67131284291443,4.48432425937276,2.44179891940351,4.37986643657896,4.05663811691057,5.70551363818718,4.40535067493077,4.83236604554201,3.92861708723454,5.91557441828386,4.32142003293905,9.82710071230314,2.09110173791015,3.47200732342782,5.25521057831933,5.11254141313229,4.30258212828061,4.00405790623547,4.24287014006488,7.43466628163507,6.07265094575633,5.00782613854065,6.31629464384333,4.42371290197708,5.60395247432385,3.95529996543515,5.87059452978539,3.89467056183095,4.98352869124495,7.66950744793825,4.34456820039175,5.32633450635857,4.21458383909662,3.71460451251118,4.67955863470746,6.10986140320268,3.17705639570032,7.67552638881296,4.50216896136337,5.49164995312417,4.47761605185507,3.23054199129821,7.08864382308112,6.38327289239393,6.28067591845903,4.7804528313565,3.84701997368015,5.71140737166907,3.74949931994268,7.18556966627913,6.58402219589299,7.90582647934249,4.38135439536353
"jarjarbinks_15",3.9423960140429,4.2617415722178,3.98928831059521,3.65537781898319,4.6763508827359,3.82776721653887,8.43421553224109,2.54380122724165,0,8.29184309459793,3.68883316319413,3.49634116859863,8.70468329358107,14.7854128065722,4.73105233557445,3.27151920229401,4.06360145783806,3.53567043654657,7.79501404903484,3.55691229755464,8.45351047181638,6.84512561862061,10.9320886187217,3.81760457473311,4.17944925931276,3.1117455349196,4.00378379861628,4.01163164410886,3.46307668258051,3.96179944818872,10.4971500814118,5.12376684241428,3.3766412343026,3.11360919340534,3.56180897296743,3.01049301363968,4.06183597595577,3.00982645223848,6.97327804211827,3.34792204729391,3.58627122656678,4.48685705347091,11.4081429100062,3.02958288199002,3.88631489456137,12.4432683178213,2.8510066437951,4.75685055249531,14.0102024565528,10.9964208368587,2.37269199472053,3.88517474221224,7.92080967250175,4.27983935402421,4.04354322572221,6.86125085872542,3.75755548633378,4.86047516860717,7.69135053131689,4.0395891377376,3.80619115652876,3.75205434068284,3.38374875005447,4.01803997378557,4.58398661677338,4.82532759908395,6.43357377911555,5.2431901713122,3.46734795414693,3.48266791947392,5.88661389522953,4.97202044086311,10.8311164443104,3.16773081175913,3.71079936298513,5.10717555561159,3.93553606536943,4.95174786674184,2.91725500049652,4.63803702167145,8.09638819062129,6.21510842622429,3.88890316289382,6.6957035022791,4.62636184828194,4.03488249652743,4.06081092917335,4.07409147628639,2.91994374624946,3.70232423989567,8.48311724139299,4.30651930464796,5.44307352056867,2.73320416073031,2.67220323261117,4.06007390157901,5.41915598246779,2.95266614973455,8.5137491831413,4.0269200531652,4.68794938556627,3.92597293223263,4.26049876126872,7.99933928064621,7.95736496000588,4.4493822453239,3.42147058611256,3.46197263487052,3.74904651577774,3.32171186172152,8.16287420957167,7.01169781914315,7.39180259618282,3.85447748963069
"buddy_16",9.28746799542888,8.72212239526659,10.4063135169727,8.15866981088879,9.77245014518562,10.2439935283109,12.2947891518278,7.2923363429601,8.29184309459793,0,7.30519728072139,8.70166618985273,11.0392953637664,11.125353249782,8.72567526655388,6.24521590038539,8.67012861027637,5.86401505830484,10.266177828903,7.56201144008499,2.05339186525016,9.94718107973116,3.68914278981781,6.41867514923292,4.36739999129977,9.43695411174039,7.49523704966524,5.24450112225279,6.55325777886639,7.79703401951599,3.6089023562013,6.0775553431794,9.73596144798987,7.5995361292537,7.08421932202797,6.78862890172008,6.64511543523532,6.15868433967728,10.2884569584442,8.21971489089725,7.093454748108,6.32779118432438,4.19000578636041,6.77953839398523,5.77034533460818,5.03178669372052,6.15907382665953,5.00473146247436,12.2786667391476,3.9068380197305,9.02948903867779,5.74464929776792,2.23326902224743,5.59840984981146,4.83038646189537,6.55945623527037,7.06977382115119,9.51963031645733,3.21402578946956,6.88871919732844,6.88589516225155,6.38785001142583,8.51671919868129,6.3224542004676,4.31635338214979,4.73224443227441,2.59869797647627,9.30284721073035,8.17499292388357,6.76601251608884,4.20888186187465,6.50974469821345,3.56024637634958,5.89331274683008,8.37877446147915,6.9199959467009,7.03237321640306,5.48015504196868,7.59185866314037,4.89637816899546,7.55104244532596,6.42548348300388,8.81592677282647,3.01228916816551,4.69609729629689,8.2677942185368,7.73416097898501,8.72254477015013,7.21138728387114,7.00450490524906,2.16973937948574,5.40106382635113,8.87018835266257,7.51481077860527,7.74960976375675,6.31660035568784,7.92892211841735,6.51395598993352,2.1672418072543,5.40673232050877,6.99710502988686,5.6438646914339,6.01491683457958,7.99264216353219,9.67281301198826,9.87094572577908,7.94800037307072,6.39968533980876,8.93581947459148,6.21286183974051,8.78288316348685,4.80879919004218,9.31678178162226,5.75631572552352
"buddy_17",5.72965308528585,4.38025406890487,5.15036453123029,2.72124780484781,4.51980094501745,5.71431830448537,8.27353504258382,3.79416573030363,3.68883316319413,7.30519728072139,0,4.48214438075973,8.38960721377391,13.5728617533334,5.14736023282852,4.30682523705724,4.69899000103882,4.37500675832195,7.69089568468555,3.99522586295197,7.11113165537014,7.21058071478242,9.4390417393968,4.85316391560633,4.25603392781222,4.5683021873347,3.25673299435338,4.45629928781987,4.26990015774848,4.53414014709487,8.99287852378776,5.15326647424759,5.48831853253834,4.5823141352364,4.00463068032053,4.27786453876897,4.39227940068266,4.10045303108259,7.74785825508847,4.99685225982037,5.02642952301568,4.55519327980801,9.82233142665266,4.1049787464936,4.09484179760505,10.8128753752183,3.79626052353233,4.41050798888879,13.0838113361219,9.48610586517629,4.56787989869042,4.37049040335836,6.74511078139875,4.11088828575724,3.70168281086726,5.48822304607792,4.53971932303138,5.7809233533831,7.12752721603094,4.58527113689192,5.11535038585259,4.4070592092927,5.64168483221074,3.94281659955353,4.07402980326264,5.04313055981426,5.52447623818735,6.15168773113414,4.88795426892217,4.6636239054597,5.31162125634337,5.72456338052584,9.35032119646483,3.43766448814795,4.72693539313216,4.90151151067576,5.09172333201758,5.37343154375069,4.56837356682386,4.50270088669512,6.75370708155486,5.77186964602686,6.16415826692479,5.93975181935319,4.76446477691,5.41781123510022,5.58139671063022,5.74333431506679,4.66871988381948,4.97175530127249,7.25578441772213,5.06871753918535,7.15969557866465,4.04538827025696,3.95435110587497,4.53332982438104,5.70909876349173,4.19476487579853,7.24572211655314,4.41162162559432,4.79880432047177,4.26461035877168,4.68526649953622,6.75564512658576,7.91165232343994,6.52672226572773,4.59151238997861,3.9548256386299,5.46983407745409,3.62731541798825,6.83506918243235,5.63804468723625,6.96372282167159,3.31022303631829
"iris_17",6.24331970050211,6.11995007554345,6.28012207922684,4.98580767856242,5.65370238094502,6.38116320575243,5.67437566471153,2.94340685261438,3.49634116859863,8.70166618985273,4.48214438075973,0,10.0676477526766,15.2469541438957,6.71418735841513,5.09726607420308,1.26748912353607,5.29717866986251,9.32896538706158,4.40256083548245,8.67553682497394,5.07160548524245,10.9501503514,5.60040162347923,5.29815906841232,3.11663708080394,5.83285873367015,5.50279471952518,5.02410180016127,5.66065359415277,10.8393179668296,6.77322492481876,4.05841898917321,4.74119178703225,3.50409348278721,4.84769161740757,5.66247925080636,4.5171756211663,8.78382749658008,5.51318110976661,5.63103324875179,5.81974156224688,11.6129625285346,4.15003641843508,5.44008988249971,12.5793848526,3.85843270332587,5.81341711543402,14.6116938307984,11.3403427254779,4.79797285218141,5.50156484150163,8.46374805112483,5.52461114757569,4.71158236198359,7.19971832331115,5.87249372814109,2.9114504337438,7.51494171479643,5.86378350646523,5.72686689502849,4.46970449954305,5.17034451484462,4.10291799891057,5.71333818940702,5.16594612810385,6.99182969135423,3.42170872534147,5.31516604742508,4.18129069773384,7.10217540346503,4.73732157600631,11.0273862369783,3.70907527146496,2.28134802598562,6.37689530682645,5.90791618218652,5.05126094121364,4.21632609312399,5.6644247119423,8.0431158916096,7.47558022504954,5.09069146682455,7.46783630800899,5.82222243460384,6.28024231668744,4.05022804753115,6.28456507330082,4.35577914284825,5.69116099015643,8.913267475037,5.59960720560128,5.20436950103302,5.0190036318333,3.29560884367606,5.5471969451029,7.32126416144448,4.16265895262213,8.91928463819741,5.469498835708,6.5330235294883,5.53496568293592,3.6174937852369,7.52769536076139,5.14578456690475,6.70700990577896,5.56683505131781,4.98662615988945,6.01075051463808,4.30260109401441,7.18496131050857,7.61165534658599,8.79773678373037,5.36437458249982
"lambchop_17",9.21771742759242,6.15582429135724,8.11353382638926,7.89988187427466,8.8578903745391,9.18700410393257,13.2071062633009,9.44768047537316,8.70468329358107,11.0392953637664,8.38960721377391,10.0676477526766,0,13.8772801772094,7.27308146701677,8.84372674571489,10.2697943086911,8.4527579432944,3.32913011141826,7.17587351099655,10.8465796228117,11.8759034308818,12.3442997015728,8.84218663141507,9.05574243028575,9.82730236413572,9.09502305202259,8.52463982151695,8.31458092047833,6.54793989586634,11.780262582576,8.81760985897268,10.0534090621276,9.11907539605696,8.34083499230637,8.31121218588898,7.05614253802231,8.77852192678269,6.4513460714688,7.84986582394875,9.02497920289652,7.35379812510304,12.5887051098733,8.82080773048425,7.72957075924576,13.3808262416431,9.06132427610155,7.80849507807575,11.8395731892386,12.1731705572284,8.33383728804257,8.46262039048513,10.0457244889148,8.64412702974929,9.07200446682904,9.17178209097707,7.73602489308581,11.1089099735457,11.1462362240308,8.77437555599393,8.99195991970877,8.5097803492056,9.5202005488014,9.21765844751885,8.48794645519524,9.77450784232439,9.97513871650326,11.2978218498886,8.99872142742986,9.34573598989174,8.86806471671886,10.4209159044953,12.2469167327998,8.56879033240126,10.2988155030373,6.87288661418936,8.82842696474789,10.0596749314926,9.40500688084636,8.84724805821794,7.80472985715139,8.25617823937421,10.0469455452171,9.66054885272666,9.11200685807957,8.26865665369119,9.99513380044093,9.08107186276176,9.15673692002506,8.93026545789686,10.708533995035,9.68225502465037,11.3097857866442,8.0370419028285,9.27146654386769,7.2341954033586,7.33546514209116,8.99687241815812,10.672756085347,8.85697135622926,5.74673932243834,8.07720486203603,10.0670628018449,8.67036097215361,12.8018081976444,9.49438204015959,7.36709777402107,8.24994488748377,9.25090920157189,9.12372387779854,9.28386789125727,7.74166035294015,5.46883818551091,7.73046553122258
"padme_17",15.5858187692481,13.6864071349608,15.8638178123397,13.9884642687805,15.3223956408364,16.1330805495988,17.7817345738422,14.2598411711397,14.7854128065722,11.125353249782,13.5728617533334,15.2469541438957,13.8772801772094,0,13.9273834752827,13.6546663070879,15.221178393676,13.3140510564743,14.2811643247029,13.5778143482094,10.8033563927495,16.0404414799246,10.3880005488179,13.6804104513926,12.5255164522522,15.8899562938862,14.2216579315188,12.981036301952,13.5775086505314,13.3784312235922,10.3367437037079,12.8948433014435,16.280870841684,14.4987971595551,13.7273800608966,13.8264053830957,12.9095695266675,13.5446626252771,14.7114205501604,14.5419919204531,14.3127690111795,12.7170358326718,10.4084488012493,13.9727675932427,12.7599945064266,10.4955635582087,13.67348743771,12.0377861440571,13.8141276092035,10.3555075177206,15.2677823927271,13.1235523482613,10.6949333859729,12.982973707092,12.7426125615169,11.8186624487664,13.5697323703933,16.2087122994574,11.9724272607335,13.929422821903,14.0625636864588,13.4654568442489,15.507390663657,13.4160437132817,12.0268629638976,12.9979349724523,11.677561144678,15.8902894400616,14.9024268911434,14.1341839969609,12.1342975892486,14.1652417257989,10.4195446192972,13.1332636354819,15.3409896099953,12.6615332992696,14.0915800076129,13.4390743006833,14.7326726388259,12.746623375354,11.5735511017629,11.8957455015905,15.7086259531828,11.4201661146873,12.9197765222172,14.5632968980518,14.8582365356525,15.1747279294548,14.3977217796747,14.0750806503276,10.734130920795,13.6297918910237,15.9129346116834,14.0312666233243,14.6857984900112,12.9406910707346,12.9915084018218,13.8751658676081,10.6581618561224,13.1344433181824,12.5886702088498,12.8992535300211,13.7242848238833,12.1574455931138,15.942635830917,16.1441074993055,14.070901440991,13.5088732610001,15.3890711687248,13.6738391807092,13.041406274186,10.6771787346542,12.6803561850132,12.607223584313
"buddy_18",3.97249115771247,2.61635796713737,4.23287174615089,5.75709931267753,5.43671171108409,4.42736941954602,11.587226728242,6.41017612212738,4.73105233557445,8.72567526655388,5.14736023282852,6.71418735841513,7.27308146701677,13.9273834752827,0,4.34667957263323,7.39519424474815,4.36622219614008,6.89704592793066,4.00589384987669,8.78967708529241,10.0763394700245,10.8834713271305,4.11882233686604,5.31975446121375,5.59884934937031,4.90491250821964,4.86748630995365,4.34806001240109,3.56393072313858,10.0094944433308,3.77112084364352,5.54962929799809,3.84360047809902,5.26184606368455,4.0842501055905,4.40975242044917,4.40318696159378,6.19901507602861,3.93609666806594,4.55854423194912,5.18976841416714,11.0563241071166,4.70943527965198,4.32649720298972,12.0630564507529,5.33731869580241,4.96839428696161,13.2784289688979,10.4990336173268,4.43974314776061,4.46480705666038,7.66281261826994,5.06625115194134,5.64942267197227,7.18559226687433,3.85376482790859,8.04255765423325,8.91681396637033,4.7622353806742,4.2664702063085,5.26742500214388,5.80338485853446,6.81739001349288,5.08440124401455,6.53968445181557,7.09176242831633,8.59228644520067,5.06662312915285,5.2955547746666,5.89120353477876,7.16002382959126,10.5474119104844,5.55813926395536,6.82777306907549,5.06531340884693,4.50988587593193,6.76278478659268,4.85132175113084,5.90220636382481,7.87093189650728,6.57409478696453,5.87039541674416,6.55336682725408,5.79856317427628,4.52305782499962,6.59325515229877,4.42023862063374,4.74569940885353,4.16012958837469,8.34902763039847,5.89327632453526,7.88884463034909,3.73128385801377,4.76107918779009,4.43622018925795,5.24689154395743,5.34818898989137,8.37125564433673,4.71330031154726,3.95371828237848,4.27318006736158,6.66408752318545,8.63194570550706,10.8445504676064,5.3702317792619,3.88351013991798,5.01206195857561,4.05139182472907,4.93430598040397,9.09499606415803,6.02364754892319,5.99213195744828,4.19910086778625
"hera_18",3.25233161618774,4.78877757989701,4.97960356767219,4.97857373534468,5.80298829847945,4.46859727791739,10.1975478196536,4.10777911405537,3.27151920229401,6.24521590038539,4.30682523705724,5.09726607420308,8.84372674571489,13.6546663070879,4.34667957263323,0,5.63996340430859,1.49699520021416,7.66729208533113,3.70067179566881,6.63929918412369,8.38453827688344,9.11274532941173,1.07860999160646,2.19673721788685,4.33002573405272,3.16354120467019,2.2568457179075,1.70682865697085,4.1446209160132,8.3900527588247,2.62006680666832,4.2941726780518,2.14179347528495,3.64618910889136,1.7667004333372,3.55755846945394,1.11660288882307,6.53694621451753,3.36664236983785,1.42436102333084,4.25783190764243,9.38929081848246,1.97300801215939,2.32869160433857,10.4440798401155,2.25664348554264,3.50460977508618,13.6419724152363,8.86373368651481,3.28015738854025,1.3942992458098,5.78169503301866,2.32756547689975,2.62876034287497,6.18469190697248,2.15027493256605,6.10188264564027,6.36235254966355,1.80116393011783,1.14571648147923,3.22285899030345,3.4907981602366,4.42409969700923,2.61537938967049,3.4061324120725,4.36399889014626,6.6667850749433,2.65274084071961,2.45676543657805,3.31844844065185,4.3692752609656,8.79705818890679,3.14337894800285,4.61980897796814,5.02127514547396,1.42499429425258,3.71513846333762,2.37100443327656,3.4348039052618,8.22367350231019,6.10449249508681,3.58295509478361,4.25994366316995,2.8330913384045,2.70183494573712,4.24736137104933,2.74864477635904,2.00943707170926,1.13752226883826,6.32249725528909,2.62958870952605,5.63816696505459,2.26749868885063,2.71472862807838,2.67383509228282,5.57098492455015,2.09464226826401,6.43996868878557,1.49237027113827,3.7908678252698,1.6104619442523,3.96762388176643,8.55101578153814,8.84626006434464,4.0740179694069,3.12212614961257,2.8309293925796,2.89174834528768,1.88979128782652,8.94131252204289,5.80979904867641,7.59828879672715,2.41214303503617
"iris_18",7.01324817275119,6.51033318857312,6.76026513100523,5.00704121439979,5.95485126476099,7.05805121223961,5.06468864741809,2.98844098246138,4.06360145783806,8.67012861027637,4.69899000103882,1.26748912353607,10.2697943086911,15.221178393676,7.39519424474815,5.63996340430859,0,5.69396165348131,9.57478341413466,4.65825773097653,8.67648213219951,4.04795255537316,10.8796787301198,6.20813900538347,5.61691221389998,3.75081744697799,6.31726551975159,5.77354721878456,5.42381541317733,5.9315954064446,10.9047415484221,7.40608080547003,4.71838934621191,5.48784925296778,3.61414778412758,5.29013215632086,5.81548431203998,5.02797005436728,9.26332734747688,5.92212115258502,6.17266945205734,5.80037331291975,11.6147551894787,4.52961018212238,5.72143119392374,12.5408704692286,4.10385158197995,5.94090077223167,14.5594396753728,11.3864405548875,5.29872718537837,5.90227102626213,8.57470229857289,5.88115596733993,4.89881222068475,7.20628982230368,6.29063592573678,2.59323930067431,7.34514328478148,6.33710016408837,6.32947232227755,4.59970737468128,5.40802862767709,3.77549094941106,6.01925436085124,5.20579055748855,7.06691752956657,2.83150455855368,5.80433789619883,4.5767863260319,7.42048312234587,4.76273235609736,11.0338383955683,3.80109622201058,2.28484614079745,6.3881303882782,6.44509495053323,5.14715620572216,4.76618288203953,5.70408419520056,7.82981345170905,7.43427167337033,5.63273473930815,7.72524754583298,5.96489509228962,6.83698963709245,4.11903206166489,6.95059865930339,4.86286596609173,6.30335961677246,9.02154559372016,5.85334565535555,5.35979842018661,5.46185104544663,3.90878957809757,5.98752066757505,7.50483335161225,4.46553401742445,9.00850794323059,5.89564418350691,6.85475908181755,5.90794838443625,3.68935257499878,7.16078742019443,4.33911196931324,7.2208582666507,5.93012869393002,5.09571938293485,6.75867268718944,4.7132607369141,6.6823556040698,7.67798307981249,8.87656646367905,5.7062343839739
"jarjarbinks_18",3.98346491611226,4.3902165128438,5.10217962487885,4.71757213452764,5.86296018303968,4.85100230003085,10.1833884128113,4.1867593144007,3.53567043654657,5.86401505830484,4.37500675832195,5.29717866986251,8.4527579432944,13.3140510564743,4.36622219614008,1.49699520021416,5.69396165348131,0,7.40830084044019,3.3259261695911,6.47728123174293,8.23729450774695,8.8777801907446,1.82945584950894,2.13842821158778,4.72353059404037,3.80518807172059,0.98939904123397,1.86197464329611,3.43861611192773,8.27304526585962,3.25175901611413,4.66619914133276,2.78331739962538,3.39497076143336,1.37389997305708,2.70812193876456,1.77668632236401,6.65079354148999,2.63263276068454,1.73804536792653,3.14557567236794,9.24561884386155,2.2296286080401,1.77750313076271,10.2663443689197,2.50839484526127,2.79883772215329,13.1949735997372,8.73408166846695,3.57821421303795,1.37740972722091,5.56891222096497,2.6003877238878,2.76663025712952,6.05822878331406,2.2510967728153,6.13220185684446,5.92225131065271,2.52354507147508,1.94811224194733,2.83842694986081,3.45550487489829,4.43047108413575,2.63164139493325,3.19427094708168,4.14943422006172,6.49388690677876,3.17875277132934,2.65476389880431,3.48018294323722,4.22835541541013,8.63051509783098,3.10161569964548,4.73476319805396,3.86642755084652,2.13370385006186,3.58586336448397,2.75192163872711,2.4351658556551,7.57826254943581,5.51093257685661,3.91213007288223,4.27658194988231,1.82227183115108,3.27724717906812,4.18510248874473,3.47888859707189,2.37704076482106,2.0050127558818,6.22051006106518,1.9024134496749,5.58940594199651,2.63188330841763,3.14248650381446,2.82312067257031,4.93060365004218,2.40728151805143,6.32247081430172,1.79248767836062,3.39639781041821,1.2933294106816,3.89761958527898,7.96222341367094,8.71466535692443,4.58947586582669,2.69087880629782,1.89647139079582,3.67105258184914,2.29164377027667,8.39568446259811,5.26531808029348,6.88596927529096,2.47736477293672
"lambchop_18",8.02645589111713,5.90603506254728,7.1987497806423,7.15012879431467,7.79544775942208,8.03540265333151,12.700873397666,8.63117670405228,7.79501404903484,10.266177828903,7.69089568468555,9.32896538706158,3.32913011141826,14.2811643247029,6.89704592793066,7.66729208533113,9.57478341413466,7.40830084044019,0,6.59569377466857,10.2054887685795,11.3728542886873,11.9197792465022,7.71777641020796,8.08154833819265,8.8381498705808,7.84746959678689,7.54663978107347,7.11795199325763,6.18021656623225,11.2804303895852,7.87250675970391,8.98445569096235,8.09151288011177,7.46438860576685,7.24738354733252,6.36771514852536,7.70588085938424,6.87483039298319,6.98429888762311,7.74280463472284,6.84014352427547,12.1427358018141,7.68633371963028,6.78494854468538,12.9872872586243,8.02668630755993,7.10667385000294,12.0643830865721,11.6781285964653,7.24460376842753,7.29597571595701,9.38797168771329,7.591494714348,8.04798266285722,8.47413283563681,6.61285401397269,10.1587467485323,10.3899685853208,7.36403398918215,7.73952699083042,7.58229752645383,8.22138579890603,8.43479106001562,7.56104938897816,8.70517915199555,9.02974640930206,10.4800793261657,7.61342878120257,8.18840997730389,7.47925253321208,9.33742791740951,11.7559583679966,7.78146741347461,9.30877540485575,6.70053481203843,7.49433135744176,8.96212390945989,8.24528771988797,7.93096362400021,8.35761148141356,7.95174838697246,8.78110201035411,8.7800519722939,8.05730141542457,6.99077844479137,8.94327053560463,7.72907557378075,8.00557239324731,7.68289175543509,10.0303158857413,8.5562735364657,10.2437814745578,7.04756757251915,8.24699734771723,6.60064106773906,7.00410045127087,7.76491832904538,10.0355730549791,7.66201573951675,5.43946142722525,7.01937801412841,9.1681626750061,9.10074472806998,12.2110428211811,8.11321956751965,6.38049476129656,7.26031761443424,8.00660312792177,7.97198066616158,9.64402654862714,7.67113038665836,6.47149429899873,6.7370415475463
"franc_19",4.92290137889442,2.94405046683723,4.48178889829143,3.91398280155373,4.74408564928179,5.15585193109149,8.93122487190209,4.28361119900588,3.55691229755464,7.56201144008499,3.99522586295197,4.40256083548245,7.17587351099655,13.5778143482094,4.00589384987669,3.70067179566881,4.65825773097653,3.3259261695911,6.59569377466857,0,7.70374506471698,7.14396917903806,9.85304867301502,3.87306814385422,4.13583315015703,4.13253608982005,4.75695084799513,3.52352144816199,2.76038325657626,2.0713301811839,9.43791602939377,4.83437221411236,4.33569304950104,3.67800118543156,1.77808769032135,2.63089965359684,2.46534925035329,3.24062659641697,6.79825125931567,3.12424261123178,4.07325113585391,3.22041848625615,10.3855693281802,2.74610625802132,2.70744738111432,11.3481654135599,3.2848549070258,3.18804052783647,12.8381310008352,9.93677517483458,3.40508114755919,3.37707289032239,6.83768617029244,3.80878159652824,3.7894995262907,5.93400243350153,3.26817534625577,5.1740914802381,6.93642563024819,4.11928442248643,4.03197181059552,2.5174273897986,4.23403952165026,4.2983264003494,4.09677056061898,4.35843955073146,5.69028136039662,5.61965095813056,3.9932223627472,3.23459140267034,5.23417300355247,4.5976895127459,9.78300648764441,3.26149072517654,4.15695448092909,3.47132130487172,4.05337578158455,4.42778642395242,3.48156002067631,4.11198205709585,6.25252712817133,5.47213096889178,4.49583339631794,5.84605208235436,4.29048096152607,4.36947172188047,3.94292114568095,4.66322289132666,3.28036656685662,3.96030643963863,7.58816657461573,4.6043080688205,5.64211864546309,3.07235622869457,3.22701829435207,3.46461008663322,4.72410587767143,3.29372098846258,7.59624082554612,3.75067903059792,3.42660788325867,3.10197908649323,4.22969175554809,6.44178303715165,7.7071530704598,5.35030955307636,2.71016774069318,3.02933055432944,4.73281781332559,3.32565366406829,6.63736700408619,5.15064497238015,5.58046343367939,3.0499375435352
