"","JarJarBinks_15","Kubo_15","Buddy_16","Buddy_17","Iris_17","Ivy_17","Kubo_17","Lambchop_17","Padme_17","Wolverine_17","Buddy_18","Ginger_18","Hamlet_18","Hera_18","Iris_18","Ivy_18","JarJarBinks_18","Kubo_18","Lambchop_18","Wolverine_18","Franc_19","Ivy_19","Ophelia_19","Wolverine_19","Ginger_20","Goose_20","Hamlet_20","Hera_20","Iris_20","Korra_20","Ophelia_20","Buddy_21","Hamlet_21","JarJarBinks_21","Joans_21","Korra_21","Kubo_21","Franc_22","Goose_22","Grogu_22","Hamlet_22","Henry_22","Hera_22","Iris_22","Joans_22","Kubo_22","Marshmallow_22","Hamlet_23","Iris_23","Korra_23","Franc_24","Ginger_24","Henry_24","Hera_24","Ivy_24","Kubo_24","Marshmallow_24","Ophelia_24","Wolverine_24","Henry_25","Kubo_25","Ophelia_43","Buddy_44","Franc_44","Ginger_44","Goose_44","Iris_44","Ivy_44","JarJarBinks_44","Joans_44","Lambchop_44","Marshmallow_44","Buddy_45","Franc_45","Grogu_45","Hamlet_45","Henry_45","Hera_45","Ivy_45","JarJarBinks_45","Joans_45","Korra_45","Marshmallow_45","Ophelia_45","Buddy_46","Charles_46","Goose_46","Hamlet_46","Iris_46","Ivy_46","Joans_46","Lambchop_46","Marshmallow_46","Franc_47","Ginger_47","Ivy_47","Marshmallow_47","Buddy_48","Charles_48","Franc_48","Grogu_48","Hamlet_48","Hera_48","Iris_48","Ivy_48","JarJarBinks_48","Joans_48","Korra_48","Kubo_48","Lambchop_48","Marshmallow_48","Ophelia_48","Wolverine_48","Charles_49","Franc_49","Ginger_49","Henry_49","Iris_49","Ivy_49","JarJarBinks_49","Joans_49","Kubo_49","Marshmallow_49","Ophelia_49","Wolverine_49","Buddy_50","Charles_50","Franc_50","Ginger_50","Grogu_50","Ivy_50","JarJarBinks_50","Joans_50","Korra_50","Kubo_50","Lambchop_50","Ophelia_50","Wolverine_50","Charles_51","Franc_51","Joans_51","Lambchop_51","Buddy_52","Charles_52","Ginger_52","Goose_52","Grogu_52","JarJarBinks_52","Kubo_52","Marshmallow_52","Franc_53","Hera_53","Kubo_53","Marshmallow_53","Charles_55","Ginger_55","Iris_55","Ivy_55","Lambchop_55","Ophelia_55","Buddy_56","Franc_56","Grogu_56","Joans_56"
"JarJarBinks_15",0,0.171036647785436,0.737929689132888,0.246773158040993,0.0737949357479803,0.343771991555243,0.170410756743462,0.348066674844284,0.832110023724792,0.314110352459344,0.110329051557276,0.0557318839972868,0.202752196055315,0.243107120816993,0.116555284826738,0.300161123884353,0.276468250328656,0.143366311427299,0.206872065387514,0.220992618065701,0.160036013228622,0.226588099757312,0.150401204531683,0.180116323745678,0.302687014324501,0.238697866921363,0.428574428102002,0.43152835113784,0.196766273116707,0.3446519524618,0.279865735863879,0.204303498000338,0.0797111208376822,0.342769783403537,0.199061975627871,0.234582281757588,0.0935968072629706,0.228472040541457,0.196714684697928,0.885242424242424,0.556617838009407,0.336014730540154,0.377538948043476,0.23668758094328,0.0788194764848821,0.041388904524876,0.157052375376843,0.161800215461198,0.092860336860933,0.234404868381824,0.186846709434301,0.195606754710471,0.139878381646685,0.245485739438381,0.239651520524444,0.0812200518967795,0.787963069159307,0.0648090407166867,0.385789693154196,0.155798381464898,0.3912850303791,0.0389640651786755,0.396820789890826,0.468088900076566,0.133143372407574,0.208690015442985,0.169826027940356,0.177947375262288,0.649528156734024,0.342461364291741,0.213725881380568,0.341043526194161,0.190251602228857,0.271441429857272,0.117111388668105,0.352415412116905,0.0812541279769999,0.341264383153875,0.376186760965823,0.473818706670137,0.365636349671374,0.260854930999664,0.789025530384754,0.0817545838350277,0.429527048190076,0.296310008638776,0.611273858225038,0.259408140591859,0.142643871208533,0.139719547220814,0.259893501149704,0.0859692069831863,0.386971729008399,0.187037878858161,0.180307742674742,0.0731052984574113,0.45383528996381,0.51660525491896,0.080482322315518,0.324908187513502,0.891709379610337,0.288481931642059,0.311616676727098,0.0798160605024133,0.152413932873369,0.349051953930493,0.455605797101449,0.176485144139845,0.179855332571926,0.191089806851826,0.307057745187901,0.334079770568766,0.127891669572271,0.301241540694945,0.391199504918803,0.185772856291832,0.082709773672837,0.0732519800129168,0.165593173685659,0.398848068725392,0.336146212760503,0.123089257081774,0.27136110352639,0.39325500700067,0.0507925884998794,0.512078197671223,0.143984220907298,0.0963392456304548,0.151422786041886,0.645190298606152,0.108729400525436,0.398250485671324,0.317350996171411,0.215617704420341,0.240983077244497,0.0997268756027783,0.601319875776398,0.21214919977306,0.294669465922474,0.163154299155129,0.494809109176155,0.0982165364255105,0.125495211096306,0.47660498004714,0.0462505250234241,0.177290424511445,0.782481584453552,0.323018766589893,0.341492286543455,0.319598306306672,0.131578947368421,0.130630386470812,0.24151747322336,0.874658989856361,0.559577102581198,0.15072233458538,0.0457845509843678,0.484581288961578,0.262468533668974,0.176503151841997,0.369675475727415,0.208571645013447,0.781894242202834,0.101920827433356
"Kubo_15",0.171036647785436,0,0.809452826371661,0.379421552276087,0.211982572246501,0.441606331032161,0.0431887773267821,0.361043021066467,0.820139017038814,0.187655408861407,0.242762053426796,0.193433312376822,0.343357238941998,0.376943026309351,0.252959123044776,0.418771583249137,0.407976454742723,0.0771525871398089,0.240334665334665,0.0964411322333678,0.28434561872362,0.370615936086967,0.301463295542976,0.0998324764600544,0.433839754482969,0.376377747342334,0.505693965333674,0.550914173120102,0.0779060745744146,0.43317559996453,0.375359618394574,0.334809979016088,0.208022361588013,0.470654334860403,0.0696808383662361,0.338382326987562,0.224289299144813,0.353994655179291,0.307206106870229,0.914080225065796,0.591043521697417,0.446035269970259,0.499986677679785,0.111282792720209,0.123722042629241,0.170467343303142,0.292476592226246,0.300043133992667,0.242391982673177,0.319632289234474,0.31668250914997,0.338229481240217,0.259679243641426,0.386224234929942,0.379339241527065,0.174630885198869,0.839680536211699,0.145412181247803,0.263530745253613,0.250377084390444,0.518920316274592,0.194766502241522,0.524477777578893,0.554483169496574,0.0833265952219534,0.331827411966566,0.127444156542999,0.305271912396618,0.738756191084838,0.460438924539872,0.332878120756909,0.458956441117387,0.325327133633893,0.400485180888092,0.134301846917806,0.496304797676804,0.12637308000822,0.472515157850721,0.480177086350283,0.58263184536643,0.488988339556356,0.364315147008706,0.840439804967441,0.121220024254437,0.548266217233836,0.415033336683754,0.701990144619183,0.395553061190802,0.224216301911096,0.078053433908863,0.392142315428496,0.175582221736278,0.508282257920411,0.329552188267163,0.0617415623814942,0.124692991986515,0.534437508866506,0.615848210042016,0.21825221457829,0.442148560367772,0.918999783847738,0.4384315943572,0.456401495289162,0.192828379424527,0.296485524074934,0.442973833359382,0.56427003191823,0.28638789115043,0.320998837507738,0.31508319914117,0.39477979824361,0.468270293379796,0.122807880259397,0.325542155171878,0.507482265219118,0.0768456111188629,0.137208003416894,0.227365048488143,0.0387169198433171,0.508452490270672,0.46315507605663,0.271880486861292,0.396670384599496,0.515516013055652,0.152168862633169,0.577245117196134,0.289390259587958,0.12513267306102,0.0508977043226918,0.725703180934847,0.103397038479275,0.513715864845537,0.446039413499765,0.351975221603467,0.371726269869914,0.183242979545002,0.630656447850717,0.0720641900836912,0.429217760044075,0.294148384147005,0.601361573373676,0.135027096635725,0.274077612653296,0.602703654940938,0.164652360985502,0.314322182961568,0.835091917763516,0.449707076395484,0.434296791275295,0.42514195714345,0.256515924783712,0.275491922978487,0.377104755784061,0.906032836529226,0.648496382273139,0.0918103018830328,0.201309668844833,0.597090021590162,0.394418965183128,0.293596720089452,0.431787412235131,0.342387050314662,0.834437158113384,0.110351357037661
"Buddy_16",0.737929689132888,0.809452826371661,0,0.655020483883435,0.754163942999086,0.604607310811731,0.798790438705962,0.826858314476633,0.835458376286329,0.846634066829666,0.755180265033007,0.738473053892216,0.669628464713977,0.631929787900951,0.74588153755931,0.672364032283151,0.595395025924949,0.78474255597099,0.805777720528824,0.816771311868822,0.69545073023334,0.651615809030515,0.66102537692458,0.805443989140492,0.574980467852383,0.641260098954093,0.590544533558464,0.469492314857941,0.810813230539667,0.617254392728159,0.678522733011262,0.680486764242121,0.731693683622135,0.536687272460723,0.822889839549143,0.665694744420447,0.713388359531468,0.651525932953827,0.686256379252094,0.451340652774666,0.669107052455314,0.573875610959151,0.595506212001058,0.821608063804004,0.768083375305102,0.735260502327656,0.686157261529648,0.681612639607736,0.71703395071775,0.698556103595903,0.678947726191286,0.656530900233902,0.698009847849147,0.618753959873284,0.641934735539746,0.746408665762842,0.230966688057873,0.757767833373477,0.868032075537195,0.724415373929149,0.497140413704634,0.725688738878773,0.49820129290525,0.586024524946176,0.77950101146325,0.679600696104492,0.800968754547534,0.680842181686178,0.265986367755407,0.5809361287177,0.674757834757835,0.563693885866309,0.673751308153363,0.611796246648794,0.759931567162301,0.530843954187473,0.755401924189054,0.575604748728019,0.609912764202943,0.457433808553971,0.56263302704667,0.649020149047751,0.20988530211659,0.759550190176947,0.484355036020117,0.606095238095238,0.263767183857223,0.61322442294015,0.779184685463876,0.795919833345306,0.633387044795359,0.749514481717966,0.548314183462046,0.658825661471548,0.805648635710866,0.76198998780899,0.520002104100367,0.446361097420732,0.756786299872473,0.615089280273021,0.488049931496423,0.581003497503355,0.566141460609546,0.757479038427439,0.690058479532164,0.594350910178617,0.487142899610571,0.685380638554416,0.671778343816604,0.683883682879667,0.629153493436067,0.610779173271553,0.782216055139783,0.790042634485009,0.541874437498479,0.805049181783866,0.756658314174266,0.709398294013679,0.803837815098858,0.517710070233945,0.565575769399601,0.684185820382572,0.624610995850623,0.584252791016518,0.747799504559111,0.539464760811727,0.70958751393534,0.764522268747621,0.79162363740677,0.287173468944234,0.770906811841765,0.505662337662337,0.57584948580636,0.635286347035512,0.638230437835684,0.761472815643721,0.623075733816287,0.822473249739823,0.615979038060132,0.700323665672399,0.415556344162338,0.774339795245719,0.682688735010978,0.467347617176875,0.737305633980869,0.682407907227817,0.192520533581872,0.569554399457136,0.635450029727086,0.586021974189048,0.736939596941547,0.705283817984609,0.627612285536134,0.405066977285964,0.43207673432969,0.780540376795722,0.729071318919385,0.432870588975981,0.642742181929307,0.682725175543469,0.673954208986056,0.645160681599457,0.191157649796393,0.781749059263186
"Buddy_17",0.246773158040993,0.379421552276087,0.655020483883435,0,0.258704460864304,0.177877272905272,0.387882385531679,0.403328519684666,0.806087500711157,0.51291760039152,0.217500881024338,0.259920315518352,0.131532913182047,0.114721493654207,0.243765099423899,0.170062461997679,0.11586521227019,0.3685372524467,0.348464687386113,0.434761625446419,0.1594149432521,0.0881715922587859,0.15584400976345,0.377633860041699,0.141453159900145,0.117488477258892,0.310737166706542,0.281309751434034,0.399685990519618,0.213830332934366,0.178860639789563,0.114579359298952,0.234742116718125,0.180728791196834,0.413539830772053,0.148992649060713,0.211776649746193,0.136708982496634,0.155388442963447,0.834583849851025,0.47371054198928,0.172604088400653,0.19979551844594,0.438260106585732,0.295414678482163,0.258621020146064,0.177980282199711,0.13567655749113,0.212603951762129,0.197430415962052,0.13885121833851,0.137222347402251,0.186197821478178,0.102424257586751,0.0868833017077799,0.269535577332766,0.701485934892325,0.296021529490917,0.566668742604472,0.234561831340466,0.245879160119983,0.223410522952179,0.244540919741817,0.293186766502045,0.363067635701398,0.162235076517088,0.369757294367925,0.163707277019399,0.552584823969779,0.175705048089985,0.17437413481617,0.187108928210994,0.157245704487533,0.109864088207,0.318862302160841,0.198385568963387,0.316021936766168,0.181230944137254,0.227521163281389,0.321282961539058,0.201130515481313,0.15124745505366,0.706904213630671,0.302590757443594,0.287141271602981,0.141251278863463,0.499042978945537,0.104505576584674,0.315329360389584,0.362372758745414,0.118743444911988,0.273594777516441,0.224772417747832,0.136421637879962,0.394172057789679,0.30126346879615,0.313639131604663,0.376775032922399,0.260457976205706,0.171586061917158,0.847933522851519,0.126977822761457,0.144385870351138,0.279956251232676,0.172978987460949,0.213335684417351,0.299361326267156,0.174596016535137,0.132476218951751,0.182226544410485,0.150597986385076,0.180909068681386,0.347528088022968,0.36000270183556,0.241442003717623,0.399344561655227,0.313069245732362,0.220414307218121,0.379079177340963,0.241444287416521,0.17804831653034,0.175485955269349,0.105599513085819,0.244184714105649,0.276022270565244,0.417510221344989,0.172111111111111,0.325398107753901,0.382372100015033,0.524056188060937,0.339411222743825,0.245991110110842,0.154745033024039,0.125588809059333,0.127469718466752,0.28467223899079,0.52173522197537,0.424260620387191,0.119882513590807,0.195461200585652,0.362028023714794,0.317820902501754,0.183525413389686,0.31096326294475,0.282902153490389,0.16420089208133,0.698707771458429,0.164787375328767,0.228966282322118,0.159945962479609,0.27631163009014,0.177413840639647,0.102333888153179,0.820497323432913,0.427445953761743,0.361143716063874,0.237523584213974,0.343464006588045,0.113263219755868,0.149371052087977,0.251894006338883,0.138727580767658,0.699409425093407,0.337166249715715
"Iris_17",0.0737949357479803,0.211982572246501,0.754163942999086,0.258704460864304,0,0.364505530285838,0.201850589395514,0.3626646419965,0.831123975600877,0.329060066431896,0.151449110091821,0.111105740570674,0.239085431222506,0.279506412267443,0.0543056164155876,0.245171315225223,0.310374331550802,0.163334017655512,0.226601088761377,0.250882860279128,0.171781974953808,0.228096185138311,0.18655462184874,0.142734180792775,0.338932296831,0.276400437116929,0.460830599343843,0.465436380690618,0.205138763073376,0.356799849934347,0.309154453019933,0.242491527404465,0.127915354537874,0.371775170209951,0.236980051287175,0.263326660407108,0.115447655831616,0.257935993180513,0.230543008338397,0.892227422479251,0.58063150921871,0.347983048187098,0.407990416544072,0.24689074091034,0.130380582783619,0.0905949798574528,0.192225461613217,0.202572976627906,0.128174041893985,0.263924556898076,0.176160718896865,0.231742538852978,0.154305157890369,0.282144358259142,0.258861931745246,0.133824804191566,0.799368915743538,0.089526270582967,0.392478484771738,0.175738306521774,0.419980580884837,0.0856227729511152,0.426414294045915,0.461015729618453,0.166992214750119,0.242763968072976,0.143024618991794,0.211235535315622,0.630732031675029,0.371779490412185,0.245763020075648,0.366667676186439,0.226510387754917,0.281259449652253,0.156166866430848,0.380417072295947,0.130132365947623,0.337105711432656,0.391544828653207,0.505226949321562,0.401418735656166,0.252912364902981,0.802930718672557,0.130324763691199,0.433291896428989,0.328279014113517,0.635941225125286,0.29731136668177,0.112857430457692,0.187036774101945,0.295430260206587,0.135686968124307,0.422119220716002,0.197593188403221,0.221086435089435,0.119190717048498,0.478076660898747,0.545853319509167,0.0410791474139216,0.29957489137677,0.89896696560336,0.308760153703974,0.335773591643604,0.0586992251702277,0.149615091785805,0.374291805104765,0.488991239158872,0.192649965642153,0.181815811204311,0.225040047517054,0.332565773823684,0.299080157687254,0.151663270364047,0.319262466824975,0.381685204936766,0.227531748616086,0.117174745465879,0.101365207232085,0.186993061988897,0.41217136489331,0.368375025422006,0.153227392014224,0.304287396482829,0.355666360071647,0.09448606127933,0.543690944058868,0.172787645326036,0.12898107885768,0.196118601367626,0.666770391207479,0.145407225302256,0.416929273535489,0.351350265230671,0.241999816193365,0.242117700522609,0.151416751229412,0.618793306760484,0.2534211957391,0.322014692091278,0.150279988700753,0.522342099602632,0.148457852005438,0.154242174629325,0.484478849875588,0.0985862892621784,0.21370107242227,0.796324881545215,0.33849365792169,0.344854989723681,0.335658779528322,0.117404266852519,0.169810339897936,0.26722776994143,0.883044885324329,0.573443047962577,0.183811459664858,0.0669028220569135,0.511677758947711,0.290709365808737,0.202320062370953,0.401395794371209,0.235490858991906,0.796307229885675,0.153200115841298
"Ivy_17",0.343771991555243,0.441606331032161,0.604607310811731,0.177877272905272,0.364505530285838,0,0.454280270457113,0.437121823315853,0.767871846695112,0.576473458434139,0.286578978000233,0.328896695432082,0.19895419313095,0.178667693492492,0.345493497782539,0.238334703350902,0.156883640962246,0.444574465277107,0.390738087032234,0.506963261705212,0.202567777238219,0.190346398454196,0.237200019711231,0.473459515615869,0.145848871729625,0.175586157609741,0.209398100825149,0.191157347204161,0.493212958384509,0.103672434488246,0.238263635069066,0.229991874873045,0.29457245151229,0.126710038304858,0.488398973330387,0.159125104139466,0.28488801242715,0.181583237247028,0.169794569533158,0.802143790849673,0.388735092299821,0.0906237853245614,0.129859150436267,0.519267089070306,0.347136684458522,0.332657053836679,0.245016539266821,0.219528063458699,0.286212530271254,0.20460761136606,0.217489994623977,0.197200752036766,0.230783213287588,0.162315990638546,0.191163221872593,0.31236974377835,0.652207037760106,0.389767119062308,0.626420992800303,0.270068642579684,0.159877326225534,0.313184434921872,0.16311942036486,0.259272409864927,0.43796166854566,0.215885524678557,0.466312042092395,0.221997098404122,0.495760519087616,0.152046872391129,0.229528712053773,0.154421482638472,0.21742275498605,0.147959809682213,0.396885630779551,0.14190932546996,0.386675912625688,0.171415038824222,0.177283170996434,0.22981541496407,0.124142174262862,0.179834860995379,0.651992818671454,0.39001855574455,0.209064659507511,0.172811789425208,0.417077142684814,0.157648049396576,0.4153939915394,0.433511398968512,0.176539786572557,0.348362610697472,0.121565845479169,0.219624942217114,0.448757424326553,0.381701923171222,0.171400400750612,0.286168981481481,0.366218647684034,0.206268221574344,0.813205610673965,0.152782912886437,0.11979044720206,0.382651832586813,0.262582082414827,0.106732714714296,0.207213675213676,0.211488923235446,0.238579663808555,0.239519359145527,0.0978215967613121,0.206583228698341,0.415763013929405,0.395214394753719,0.169344570423816,0.463731674424675,0.389575980368194,0.302248515446033,0.451969039721017,0.170491752401347,0.12669470296203,0.255567388474737,0.132357696146655,0.196463876179179,0.357498039760603,0.318533521100017,0.254615954976966,0.398385276499697,0.447464981117927,0.43987632656472,0.412014985786095,0.16756364325058,0.13803438557774,0.191008292178105,0.211961006808335,0.358532785428234,0.434685904930281,0.478341624135927,0.145775806566994,0.274949083503055,0.261269648036092,0.387725064015969,0.255510223501564,0.285132523467697,0.353967559914215,0.227501781533136,0.642571618920719,0.175167581184578,0.143918339783382,0.102568815121655,0.351492830688378,0.249638310185185,0.174314140899461,0.784801927610954,0.341737491554355,0.435016713343573,0.332163025316724,0.262449671540581,0.164850025694426,0.202734783021556,0.198179979777553,0.211935160685386,0.643242729067085,0.404876998649628
"Kubo_17",0.170410756743462,0.0431887773267821,0.798790438705962,0.387882385531679,0.201850589395514,0.454280270457113,0,0.390960599307761,0.837262298868273,0.173124781420904,0.244931660351208,0.192599560103821,0.343094200068544,0.376915036095776,0.243415204678362,0.415566963611656,0.403311881311765,0.0525665114172578,0.259234721302049,0.0838879833378611,0.28972101932666,0.371800786656553,0.294542732300547,0.0990840965861782,0.430978283875884,0.375222452611471,0.519374952021085,0.549587421637647,0.0698598691198136,0.434966863895773,0.384585534760156,0.345374463051734,0.214816393209745,0.460042934801426,0.0669303098005949,0.348525242591639,0.210234511227359,0.350549968447707,0.322928290811257,0.913372582001682,0.616990194910881,0.440414768580273,0.498536828341946,0.0991891653042288,0.138380582779715,0.154383878969271,0.290917035254076,0.309389026854437,0.239056447048273,0.331637604022701,0.306495005283234,0.333180292571718,0.258177383527635,0.383601072597112,0.382608351474371,0.175870478254979,0.839107022171837,0.133776387802971,0.250622049837169,0.252698311076471,0.506780341918493,0.198877226552607,0.51948587408576,0.566671496390492,0.0579848204668422,0.330543471407856,0.118305884557063,0.303010208802393,0.71173658204805,0.458245759706617,0.332557938497568,0.448486932599725,0.324351956713225,0.379382063093584,0.114107897281477,0.486138200055726,0.118402452863998,0.466304884891424,0.480191251170461,0.586112362926243,0.488203106353262,0.356827100556839,0.840041087956639,0.113597201190538,0.52331615521359,0.413195551156666,0.697451621010304,0.395467618764257,0.215371454076572,0.0720641525900723,0.390170213468492,0.165328042690019,0.507337151037939,0.310540388512602,0.0417076903002337,0.123445152699683,0.550604699071197,0.618897098027268,0.212271283585243,0.419094844295129,0.918846526471761,0.427193523130487,0.449014160851006,0.181496701421677,0.284211614122371,0.454156061317453,0.567057171366273,0.287124463519314,0.311923693200714,0.312998029303402,0.411742591412086,0.458704554816927,0.124840787846344,0.329182326433687,0.483786773602517,0.0525593456042655,0.114781704918464,0.213186120777305,0.0380619941902861,0.496212088037205,0.457505428059825,0.264871951492037,0.393971986199936,0.504297043501344,0.146023961884257,0.590738035152964,0.288936025150563,0.102609398528098,0.0414165332278188,0.724949797139461,0.0838366352503686,0.499102540297267,0.442101387854348,0.337034892482927,0.355335931116838,0.174550982644645,0.664047249612093,0.0789661688790561,0.431451714020613,0.273693006357856,0.594560296986571,0.132236621231451,0.259859349660332,0.603019835079117,0.155758282461074,0.313123441396509,0.8351859116865,0.435521476007306,0.434029257207783,0.422590043911712,0.23479828959412,0.276620440156768,0.374567627137732,0.905856248514145,0.654815150314216,0.0665602832458579,0.194264646772651,0.598228724004363,0.392927022525509,0.307021733938381,0.453301596809534,0.332471196802257,0.834486365171538,0.108786941354571
"Lambchop_17",0.348066674844284,0.361043021066467,0.826858314476633,0.403328519684666,0.3626646419965,0.437121823315853,0.390960599307761,0,0.819618018239323,0.433565195396484,0.324045756631182,0.359449832481044,0.357558901823671,0.393389237157045,0.365012699746005,0.434273325403875,0.42664597355819,0.402641493304675,0.189920933828848,0.402527870963369,0.298703036158906,0.387873164874747,0.342610788659871,0.391064031109726,0.453993062881351,0.385998893193137,0.49592320837974,0.571505666486778,0.393937321937321,0.416598932891252,0.34522480689378,0.36293663971695,0.332086591862178,0.489154630636226,0.390806790005722,0.32960508675834,0.333830199527267,0.376874497280336,0.306435387007286,0.918247250011317,0.484790197335612,0.463492143137894,0.50330215859226,0.406578990883335,0.333447063146291,0.353180526305027,0.343534789155474,0.33488157490003,0.346855597176304,0.27837485154612,0.32807747778716,0.355531703313181,0.307595413215961,0.404144696505211,0.401119152664104,0.320558385924133,0.848126275565591,0.377763912178762,0.467859915072371,0.257324106913568,0.541359337325277,0.33878730898222,0.546048987904882,0.544054304331942,0.402443645217996,0.352930083447267,0.400996605931733,0.345460136849388,0.760432859021882,0.477167119272382,0.361504407443682,0.486349380452107,0.343887712695051,0.421568865670432,0.39466171205873,0.51458872129554,0.381208666812304,0.494619616485928,0.476246726748556,0.597848255215641,0.498013233363582,0.390767089390658,0.847859917944476,0.377273970283749,0.572458840372225,0.439180602006688,0.72299279941514,0.413745942294065,0.392899993815325,0.394527479321896,0.402995391705068,0.37497611704015,0.515614689043856,0.349975029772194,0.393099775121316,0.37125610694301,0.521044992743106,0.612124086898777,0.349154596531441,0.466369301621552,0.92841010974544,0.458069015908864,0.47501899535669,0.373399424409954,0.339379172770167,0.416648190574728,0.571915222715304,0.311117342345666,0.350466514929985,0.35378497813745,0.404950462781906,0.482964382635024,0.35182354493944,0.403299320362391,0.532829109453336,0.416682318584177,0.38548659094339,0.352413596115395,0.38060876410391,0.536195954852169,0.479569929557427,0.339939386736391,0.411185431392116,0.527793857400393,0.355379241318512,0.558585510929902,0.343525981432661,0.389914491010176,0.399969159599074,0.735665734522667,0.391626371939519,0.54007490636704,0.462795599819077,0.374603601395006,0.397364999295035,0.368786492030929,0.467618002195389,0.369057063686431,0.440858602271496,0.368825315391694,0.621541539274524,0.378921424170171,0.345202518910459,0.618362852330982,0.368767445678944,0.340626893968825,0.846172212454689,0.472517514787934,0.389832908524497,0.445513748789792,0.393661089006376,0.330066587503193,0.397651814069867,0.9111045980769,0.659727706946481,0.410027113753389,0.353921866792004,0.61424743774709,0.379235853619217,0.303046992453223,0.393301691079398,0.371999249812453,0.846536103727011,0.378982062662499
"Padme_17",0.832110023724792,0.820139017038814,0.835458376286329,0.806087500711157,0.831123975600877,0.767871846695112,0.837262298868273,0.819618018239323,0,0.863822660966904,0.827361965715227,0.845050856349029,0.835668394496994,0.833769882845986,0.824441146044168,0.816063829787235,0.825627962230414,0.847646338437403,0.804762453305249,0.855644297826779,0.789795939690931,0.816020486899344,0.834501557632399,0.840352755718152,0.824945075638691,0.837168899783431,0.797864913238299,0.818553249443176,0.847785046318654,0.771068681736769,0.812484300427028,0.841144329438941,0.820971367145509,0.820720440153638,0.855605019466721,0.784202318505513,0.816316331030428,0.823288634712726,0.787970641089484,0.877034285022009,0.80245728327333,0.781815479508044,0.833466275501237,0.853185401296042,0.813066831029321,0.827127536312486,0.842118422053852,0.83401679787724,0.844208282519804,0.790976549688422,0.805561112222444,0.839372695406747,0.793530584704627,0.830919783918454,0.814488135207421,0.803261267863686,0.833176921055595,0.841557989914798,0.864662655684567,0.798120504366169,0.822228264563932,0.830414319882724,0.815560540570115,0.748240753654794,0.854049496115464,0.823675758809427,0.839764853448993,0.828240091196072,0.821223056666342,0.827261298391591,0.831596968024598,0.824890829694324,0.840887565958598,0.811998534746594,0.843398396623743,0.816018222757501,0.852630078149366,0.805927188723764,0.763752903830014,0.809351672250632,0.832018536624566,0.797285647974183,0.834725075870388,0.840851256666783,0.819258934203669,0.831628736286868,0.816307465377366,0.827566152951439,0.828541659883436,0.848340756959127,0.835248300718415,0.839105004177885,0.826521145975443,0.827918131344656,0.833182216348296,0.840767199738616,0.756708649100569,0.816349215886559,0.826345556411141,0.82130640551052,0.888056823947235,0.822765263854507,0.808697181329448,0.834878487457751,0.827610732582232,0.772368310003496,0.807584269662921,0.794911046752172,0.825036228795499,0.838992004092481,0.776013730959021,0.812943065043413,0.829129688293473,0.778067435626276,0.81930923777962,0.854798710096584,0.850016291090975,0.839766012529397,0.836890551511105,0.804910260304547,0.827670689498723,0.832188420019627,0.812326323581162,0.80089659877205,0.825027448250006,0.780409533400469,0.833385001870757,0.850957397757227,0.856140550098551,0.818815095360476,0.850378691175219,0.81912456288436,0.830607998570316,0.830847020419344,0.817602557752061,0.835791718500089,0.783034858869482,0.839476566894633,0.813554101834399,0.827398779811426,0.820895522388059,0.849425183307685,0.837960292405634,0.801814294794014,0.850684803875897,0.83975072334743,0.834871679423683,0.833024257284031,0.779605337683228,0.780487507468692,0.844929496562841,0.830694120144343,0.810072914482727,0.869709061014978,0.786042240587695,0.850810881721136,0.835730078043803,0.805725730442978,0.812489732698129,0.778652485239312,0.799203782035332,0.825468416919107,0.831680012001425,0.852295760994095
"Wolverine_17",0.314110352459344,0.187655408861407,0.846634066829666,0.51291760039152,0.329060066431896,0.576473458434139,0.173124781420904,0.433565195396484,0.863822660966904,0,0.389512312188246,0.333501620250787,0.467522374914192,0.496826267016295,0.368949219362498,0.521136010210214,0.523963504629009,0.204419257564729,0.385871780079496,0.105298222578841,0.428375246759935,0.490390869093924,0.425229113884458,0.216478198631935,0.546069004909494,0.494839710786094,0.622508311329403,0.645834541973661,0.147954858405735,0.562258718837924,0.485636786518647,0.467339045163257,0.357087729840871,0.574364405313177,0.167567292266164,0.482677996781979,0.361353067535349,0.482508953132299,0.460486540952929,0.935056827413989,0.680843371938387,0.560460626679087,0.601298682926139,0.0948451153598896,0.295269564640811,0.310000570483199,0.422082810539523,0.439111273635166,0.373158934697489,0.46705864524928,0.439158065866936,0.457684752857833,0.398566329744159,0.502922581414768,0.502949662527693,0.339231000130262,0.878924472801094,0.276916245950435,0.0863441568145925,0.390378110374867,0.608660490061151,0.340939244279494,0.621549300786393,0.664524597336542,0.212051192774771,0.469682677190619,0.254287859824781,0.441814434029463,0.768144269924375,0.569851415290114,0.467047389784499,0.564787598009183,0.451053498100565,0.504979149400792,0.269845605830483,0.595382315101359,0.267809027545817,0.574415594920327,0.588908344806384,0.678397153382204,0.592482579010347,0.486538010881062,0.8787129123844,0.269248716752217,0.617655652074767,0.533330183776634,0.766099266480821,0.515322489212567,0.349024224872411,0.231015128026942,0.508664858850415,0.31988327803697,0.608932036074964,0.43666994279378,0.188039423130464,0.268098533075007,0.65877158902271,0.702490688839296,0.33926492599368,0.529295481472269,0.938979448415351,0.537975235730344,0.564505268026582,0.314787011364508,0.412978956331347,0.575890600473568,0.663850477099932,0.426767507480788,0.439918142073114,0.448642326858537,0.544046792901755,0.562291325695581,0.240094847126905,0.450931939384339,0.582358024264629,0.195312419299859,0.262480244907883,0.348789210540363,0.18515385752065,0.609127621815743,0.566779661016949,0.398001139754769,0.521412933198057,0.607010267901937,0.293887514211195,0.690573857148899,0.418447735970973,0.252070149270101,0.198233819627256,0.787769357808314,0.235494843632549,0.607966545577427,0.553524625032591,0.466352728680171,0.481703843568982,0.329394217530977,0.721544674474704,0.181966767893736,0.54800845347225,0.403008909060346,0.682282724225329,0.28252668979126,0.39348956093245,0.689918395725839,0.298110875201016,0.44075998143285,0.874261666293875,0.545406554137282,0.547650704949096,0.547304170905392,0.36373435227694,0.412127924171085,0.501947657916887,0.929092769440655,0.739633129516398,0.222951529521104,0.331143755952553,0.687608546237926,0.513775232753933,0.44680877181138,0.557708968394032,0.466285926011103,0.874351880994582,0.254244597157184
"Buddy_18",0.110329051557276,0.242762053426796,0.755180265033007,0.217500881024338,0.151449110091821,0.286578978000233,0.244931660351208,0.324045756631182,0.827361965715227,0.389512312188246,0,0.103677329726845,0.137522503584403,0.194812140660516,0.160441665740115,0.300713741529331,0.232893637954902,0.227402459273543,0.221274255636735,0.302394710523391,0.111676177522841,0.219659798905221,0.116675491833327,0.27435824301198,0.273044455632179,0.180680223622959,0.385792866859881,0.411240081316808,0.29087615329523,0.320742714879523,0.256920039486673,0.157891440501044,0.0724238106692819,0.309611205022942,0.256581584925832,0.191261428586088,0.0903238374412112,0.182721522409039,0.135717925201264,0.876524004196664,0.519404617644851,0.309856061043991,0.299022866675865,0.32157687537076,0.144662521160518,0.112206196816234,0.0985892438797329,0.118773077002413,0.0500604828954372,0.195520885757423,0.159037890745208,0.149363411091173,0.104479600967122,0.208363681185079,0.234060734236977,0.137630965226774,0.780397736897381,0.166572829038882,0.458284927498817,0.136337018117607,0.38376769931031,0.079638902086912,0.391306553053358,0.451935007385525,0.216336869756933,0.145948356408732,0.26386143274028,0.12768589928651,0.674019680708744,0.294103457841352,0.158858931914579,0.312069460390356,0.129044553616805,0.239414491663256,0.201397184212478,0.355668095052591,0.157005178975563,0.349241681563923,0.353316283034953,0.444531758075006,0.312724604881931,0.226438620918972,0.774686686959036,0.174334461926575,0.424998093495005,0.249450981298689,0.615641521019605,0.221582929370725,0.226906568798209,0.207392819269808,0.202582600239716,0.164507429538364,0.335028334345274,0.156531682342155,0.243373706750651,0.156413079101505,0.422604299622094,0.487750248866276,0.148182147398917,0.307177348551361,0.893478221366139,0.291160107150217,0.312248149189392,0.169048466242439,0.126682170693497,0.307890909500885,0.418551077688927,0.135245421531493,0.166178065137946,0.129278719023381,0.256318736475785,0.343571279596922,0.210907830373994,0.330243700044623,0.379066069105104,0.252252457053658,0.164832586011818,0.0859589745507583,0.24347335106462,0.378263270942007,0.300715328291053,0.0937740048452857,0.215833947711677,0.400323300396157,0.130823109903638,0.488551806658274,0.0826074259070905,0.175165488844519,0.224057097246654,0.617411402157165,0.188989664627716,0.376637269414004,0.278173494262441,0.178720988765008,0.227882094223125,0.164330916223628,0.586440289090284,0.273100295320309,0.260690004256445,0.134834780453865,0.480038414048567,0.156075232736221,0.0867135495484804,0.487784060599595,0.121783421466848,0.116005689424364,0.772908906197088,0.293497322973648,0.319373843503414,0.289785221899391,0.163632205745246,0.0772385372489398,0.221984499508787,0.863092991065811,0.554794333597184,0.231909929377868,0.104593436923132,0.478522943252783,0.220888566466619,0.145833333333334,0.316159449529594,0.187951858019097,0.773978978724844,0.163739452803919
"Ginger_18",0.0557318839972868,0.193433312376822,0.738473053892216,0.259920315518352,0.111105740570674,0.328896695432082,0.192599560103821,0.359449832481044,0.845050856349029,0.333501620250787,0.103677329726845,0,0.167021946119333,0.206085927601336,0.135059345245859,0.318547584520458,0.247659939888364,0.163177953679273,0.206109394848205,0.248191805523091,0.153729923330908,0.242048944813237,0.133451974412005,0.221404059154332,0.278844255281806,0.200334920717987,0.434663181445629,0.419483877262306,0.233942322618092,0.343196120911999,0.296503535697939,0.175941152721293,0.0638193206075354,0.323593501258878,0.20776104524903,0.231812720437193,0.0840319853459208,0.193656093489149,0.186607753102107,0.877017351268986,0.563180541807236,0.341695032846953,0.341460561106302,0.263597131639573,0.0867705493416056,0.0479437138788844,0.108850241545894,0.139354876398368,0.0762700988211137,0.228952555581023,0.185354218315679,0.166108176100629,0.135093181715627,0.225108954249742,0.248560962846677,0.0736323932806816,0.777386740757891,0.0984849083594806,0.405892142592563,0.171446191797718,0.384825186334674,0.0535353096922611,0.396679075813981,0.476232628131363,0.145969564111389,0.170280682443588,0.205255474452555,0.141942203058235,0.662143101677508,0.296219435170983,0.167607234729894,0.312027929772735,0.142925578099582,0.262425364595253,0.111752583806572,0.370612662836339,0.0796262769946981,0.359500735484987,0.362503467554361,0.457057026860569,0.328258094464431,0.253743050721156,0.775116949100034,0.0948794107164073,0.419322744554597,0.250105669293046,0.604919886379306,0.236115394021884,0.181223438697817,0.133079210185256,0.217318370510357,0.0676665240695539,0.351162050302452,0.166750953084883,0.194261872657061,0.0852104208416835,0.457421350609934,0.488364348928649,0.119254558599084,0.311352210671925,0.884242045342371,0.300230922077225,0.331467641216432,0.106573563563405,0.141854036122374,0.352172624089446,0.43208296937859,0.17193378132308,0.176992074415073,0.140730370311946,0.283580525129711,0.354734124935467,0.162503872652435,0.308697280695184,0.378378682891105,0.172540989558373,0.0882414085362929,0.0595072265746303,0.185639067209109,0.389448100337056,0.306982515510435,0.107248375942513,0.245048766983262,0.421934932421604,0.0759940422225102,0.528250098857901,0.117408521494117,0.100653201954861,0.15487336231583,0.622906965223422,0.11698458342699,0.379016530460625,0.285688845357612,0.192191283292978,0.235839936213685,0.0721837527444689,0.630697043725315,0.226695767827303,0.288827985066575,0.147390487205436,0.475566180491093,0.0720873607319413,0.101035057180826,0.503189446956091,0.0424699378139805,0.130979510096974,0.76908240885035,0.295403575238967,0.357919526983014,0.319004234569486,0.118405960902508,0.104183415778373,0.237846776429987,0.865232974910394,0.578513128756723,0.14456107227679,0.056099535557544,0.485058745010138,0.242584953840111,0.178686548756902,0.356877658243683,0.194729572622395,0.768855847240646,0.0947934419933269
