"","JarJarBinks_15","Kubo_15","Buddy_16","Buddy_17","Iris_17","Ivy_17","Kubo_17","Lambchop_17","Padme_17","Wolverine_17","Buddy_18","Ginger_18","Hamlet_18","Hera_18","Iris_18","Ivy_18","JarJarBinks_18","Kubo_18","Lambchop_18","Wolverine_18","Franc_19","Ivy_19","Ophelia_19","Wolverine_19","Ginger_20","Goose_20","Hamlet_20","Hera_20","Iris_20","Korra_20","Ophelia_20","Buddy_21","Hamlet_21","JarJarBinks_21","Joans_21","Korra_21","Kubo_21","Franc_22","Goose_22","Grogu_22","Hamlet_22","Henry_22","Hera_22","Iris_22","Joans_22","Kubo_22","Marshmallow_22","Hamlet_23","Iris_23","Korra_23","Franc_24","Ginger_24","Henry_24","Hera_24","Ivy_24","Kubo_24","Marshmallow_24","Ophelia_24","Wolverine_24","Henry_25","Kubo_25","Ophelia_43","Buddy_44","Franc_44","Ginger_44","Goose_44","Iris_44","Ivy_44","JarJarBinks_44","Joans_44","Lambchop_44","Marshmallow_44","Buddy_45","Franc_45","Grogu_45","Hamlet_45","Henry_45","Hera_45","Ivy_45","JarJarBinks_45","Joans_45","Korra_45","Marshmallow_45","Ophelia_45","Buddy_46","Charles_46","Goose_46","Hamlet_46","Iris_46","Ivy_46","Joans_46","Lambchop_46","Marshmallow_46","Franc_47","Ginger_47","Ivy_47","Marshmallow_47","Buddy_48","Charles_48","Franc_48","Grogu_48","Hamlet_48","Hera_48","Iris_48","Ivy_48","JarJarBinks_48","Joans_48","Korra_48","Kubo_48","Lambchop_48","Marshmallow_48","Ophelia_48","Wolverine_48","Charles_49","Franc_49","Ginger_49","Henry_49","Iris_49","Ivy_49","JarJarBinks_49","Joans_49","Kubo_49","Marshmallow_49","Ophelia_49","Wolverine_49","Buddy_50","Charles_50","Franc_50","Ginger_50","Grogu_50","Ivy_50","JarJarBinks_50","Joans_50","Korra_50","Kubo_50","Lambchop_50","Ophelia_50","Wolverine_50","Charles_51","Franc_51","Joans_51","Lambchop_51","Buddy_52","Charles_52","Ginger_52","Goose_52","Grogu_52","JarJarBinks_52","Kubo_52","Marshmallow_52","Franc_53","Hera_53","Kubo_53","Marshmallow_53","Charles_55","Ginger_55","Iris_55","Ivy_55","Lambchop_55","Ophelia_55","Buddy_56","Franc_56","Grogu_56","Joans_56"
"JarJarBinks_15",0,0.194894020451006,0.182167086644699,0.258952223641973,0.274450194049159,0.254172537967747,0.0564651385672071,0.663311959460416,0.816916891523104,0.203066680117018,0.382277121374866,0.210905849943283,0.273946992191796,0.24671153257877,0.304784514243974,0.257705647536156,0.30902766798419,0.146401188230099,0.465086468617177,0.151690335553601,0.22771635160987,0.256508370345063,0.213642075031413,0.234723864212126,0.278155546111347,0.35080253325738,0.457029759633728,0.305836366087074,0.200230414746544,0.43535320036007,0.486323957322987,0.334452169743467,0.265007796257796,0.228430843893233,0.264037303283466,0.396090378268596,0.228026803721293,0.186330876994089,0.363456710997169,0.536663392024988,0.638520458663905,0.327838310845142,0.414332185832044,0.179408597697341,0.227579493835172,0.248135571705119,0.335893304076525,0.264193367060146,0.347163563874717,0.483010024736363,0.132926783643234,0.248369696481765,0.296761049927662,0.234928670041418,0.24321381913195,0.288415016575576,0.511971206509833,0.0667156023162874,0.187756921400624,0.442960398587168,0.406047147249744,0.265842301643591,0.397008055235903,0.373620216282849,0.10379746835443,0.288458908792561,0.206036470341647,0.262476493562853,0.250739670124129,0.350699112664695,0.272692009309542,0.395191330849983,0.298726457399103,0.206686275916493,0.223652483584969,0.129140818229737,0.13972091369656,0.149911684016686,0.400483309875986,0.64933400876069,0.301669732049479,0.229161273621538,0.516240966370111,0.242679167736964,0.333527282130851,0.288995391705069,0.322889237025433,0.156012871955822,0.286817991255914,0.129056392032171,0.315299175922609,0.171054497329489,0.431339912019974,0.236153475678279,0.069547390001577,0.182547293174091,0.475899106396091,0.468631390935477,0.358941360787824,0.272245723744712,0.540618740262631,0.218941622656222,0.224070581896552,0.231196610875755,0.206583969465649,0.480340388391883,0.268348779002909,0.31433506044905,0.207987613640875,0.308360047545294,0.38773410166701,0.287167925907872,0.373887711864407,0.610007014262333,0.300959060979101,0.15302525472017,0.206065803835958,0.277491155660377,0.108337824951283,0.262356001486436,0.30698913121716,0.21208,0.34728353640591,0.304403691157575,0.244410520624622,0.52447986750854,0.247955329282312,0.305144207688615,0.181138239339752,0.512393207467567,0.25108518179284,0.214411605206074,0.206193048947666,0.212002892263196,0.250772658664559,0.162745955400087,0.694176196799938,0.395766075681397,0.235925827107791,0.300197663971249,0.226558579424822,0.174248162174204,0.35275768235216,0.253516432237851,0.245600373773556,0.314716658959126,0.517264378431071,0.276462620138038,0.47817521124294,0.363179289687634,0.346006336501584,0.317005701177344,0.249007249808736,0.547110211736834,0.31770747605096,0.165061181983858,0.27246956205706,0.249560889929742,0.243065911124366,0.468898348525708,0.533291848164281,0.198431680062733,0.522561270455297,0.189352383382234
"Kubo_15",0.194894020451006,0,0.23938113543222,0.201461516058143,0.234358778208841,0.0931759576787091,0.152714490300742,0.538733639900955,0.740640076602954,0.380978516543829,0.299846232701179,0.239478363959692,0.24965868753982,0.22705283658981,0.243344231667445,0.217856748703234,0.27777628863216,0.161965155427712,0.297932162156773,0.194328832944202,0.119623251102045,0.237811856260014,0.196648477800638,0.197041403349676,0.254024411816735,0.317044334975369,0.310386828510227,0.278805362294247,0.18920622911544,0.26474027058627,0.345200376365766,0.302158892170074,0.132945757692097,0.206256717768852,0.241429799153325,0.218761093361732,0.163408741489128,0.191770901909151,0.183453904655908,0.485908199466737,0.514344578211938,0.162352826700399,0.37239255589771,0.222877832908676,0.0543531861267876,0.206571128975883,0.302935521822721,0.242136707081356,0.313189149352306,0.319734198732808,0.132825275369473,0.226706853623378,0.123157442289702,0.217457018703949,0.225344485227751,0.10082982254564,0.463701617299655,0.16984505363528,0.367216789703552,0.272892449363038,0.367887075430084,0.12781086825326,0.358722612649855,0.260150812064965,0.272354506870009,0.25797217610351,0.174186778593914,0.239035219295614,0.196226522643714,0.316306372410679,0.248363104697731,0.356164024629897,0.271210179694252,0.183432657926102,0.208002696161034,0.186093260833745,0.255747942094806,0.141184850267876,0.274556404162533,0.55043956043956,0.273532668881506,0.0535177390258569,0.466769671218559,0.117417042307066,0.303020372494402,0.262535434510928,0.293557156068716,0.166888147019739,0.200276384481523,0.308186788828136,0.285306025244106,0.347293118223481,0.388343589482785,0.217595921302046,0.144302003478709,0.291503633314701,0.311057203224039,0.423134364310835,0.249601699415826,0.248851431527064,0.490188425594657,0.205487535034666,0.205212278817344,0.213167053364269,0.194590387234871,0.316353471035875,0.245120290512937,0.128791252288358,0.194907842311555,0.28001195993422,0.210396372940701,0.168025762218875,0.225772294093274,0.539611311456684,0.273538333432463,0.336364669773787,0.193208655134997,0.25345846791395,0.215127009160766,0.197661557908042,0.277996892554081,0.197835864676357,0.298386283408976,0.169764063517507,0.14413468013468,0.385926241502584,0.168212140504332,0.27663990720674,0.220686796103089,0.462826216575701,0.230344558828305,0.194395498209515,0.200104973100643,0.193989562713694,0.231646174047988,0.256234239282712,0.578078637242771,0.243052999631947,0.163068468569506,0.272808666845734,0.210308038116947,0.260425925267537,0.318516863971409,0.209897993498487,0.225530829560671,0.285118219749652,0.468341393516031,0.247873964238988,0.314383614983257,0.182430236337466,0.312585863683517,0.285718329794763,0.23008662581872,0.496190805990823,0.289109514961591,0.2338485101643,0.249450251528753,0.23083913965465,0.406666666666667,0.303357005796127,0.392998072037334,0.187546092923333,0.473129516397999,0.232439467105038
"Buddy_16",0.182167086644699,0.23938113543222,0,0.289803114898619,0.293856312570368,0.273924080524234,0.187326292384658,0.650227304036369,0.806219986972263,0.27502411686343,0.395860449684812,0.131182634168325,0.246115940045171,0.214023847659726,0.315095261358085,0.241593600984464,0.306303622497617,0.158412154613838,0.445636716224952,0.176880762377005,0.272510980966325,0.241469900362029,0.195583596214511,0.259794598706733,0.253785745054508,0.308500597747436,0.433669864855626,0.289035073848003,0.198084551334739,0.417034671739475,0.476188505937358,0.296788696210661,0.266293885782382,0.260793926933418,0.225233037069152,0.388285389398302,0.275386262811687,0.190420780000751,0.355403792937114,0.505979539887613,0.627699224989647,0.321202065883486,0.368624650360055,0.207252098585611,0.245856606537863,0.290189513959467,0.303439408550305,0.249975334626895,0.318896639188332,0.469237335776302,0.192522321428571,0.216277767407131,0.28381548084441,0.20953638602377,0.230414590325096,0.286061085078756,0.482139754250962,0.175288116380125,0.265745007680492,0.420727614444892,0.378962419402703,0.25945537065053,0.368625768625769,0.318808619177937,0.169014669825043,0.290976117967623,0.220779220779221,0.243993917891536,0.115605461273446,0.313393279697113,0.24596905096851,0.370824376924418,0.261117445838084,0.211428188189531,0.215294117647059,0.0917086371495152,0.183473102884025,0.174068366489213,0.355656565656566,0.635568555335138,0.257077379347533,0.224952050415563,0.485746920937624,0.246410977120924,0.300343684418626,0.26021742121921,0.264901076884548,0.102013719849524,0.304807991623511,0.197136611084916,0.276253642849965,0.213766233766234,0.403546238795066,0.2114375069809,0.206796792031347,0.116013662849106,0.464001519724761,0.434176042356056,0.270305410353703,0.232628398791541,0.510287871637565,0.219989388513065,0.257119377982869,0.238281122930289,0.178741465214984,0.463043978816486,0.249801643974737,0.305291279339203,0.187011646763969,0.276981081263044,0.383020948180816,0.270975350188397,0.356874795355515,0.536806617544835,0.25887509619567,0.227529577962211,0.180141329951078,0.244540733862925,0.146650295449313,0.298086753322623,0.272629419085741,0.176632149352336,0.360763898555163,0.296874568215105,0.256694422811957,0.500079605158414,0.168889712239101,0.264695748053201,0.200618875709128,0.481626407805955,0.216973460486435,0.242662257131046,0.183099644793419,0.204810323278046,0.232221438409083,0.192842461612864,0.684116522439123,0.362242971837012,0.187834748018918,0.25604676162322,0.203605285837403,0.20362473347548,0.324562770832684,0.212646736578494,0.206428493864698,0.27596992080921,0.486963958460599,0.291936022337552,0.465364829396325,0.340688953857887,0.312077173640692,0.300512885455582,0.243671747414262,0.516448840221359,0.292264851485148,0.193084957381248,0.23939167628488,0.214854292644597,0.309188160101537,0.459198496112108,0.511360123647604,0.168901194986884,0.492142787855272,0.197721916732129
"Buddy_17",0.258952223641973,0.201461516058143,0.289803114898619,0,0.0795045332652279,0.146427682350012,0.220783123478679,0.496108110849117,0.711143885828309,0.437439863155269,0.145948323254535,0.250341747926729,0.135383229149068,0.173583040102364,0.091333868730379,0.0853932005051937,0.0824385348720522,0.216617389730284,0.247998178437251,0.256151498162337,0.0999590541508855,0.0835355285961872,0.122028262676642,0.142336152219873,0.105700419511393,0.101791060454856,0.239919475394152,0.0849093930521484,0.212662290299052,0.204265694067276,0.276661175178473,0.0921671297285745,0.126118045054973,0.0637085498720553,0.203414777745069,0.168167979002625,0.0485157913641378,0.236389032277655,0.12891574177448,0.317394751116118,0.465279281229704,0.0875151737248345,0.162514411749962,0.28248046694049,0.206554858532838,0.0347204750163538,0.1002620180739,0.099593994386768,0.146331148234299,0.266250621306677,0.171490676124013,0.219276234241316,0.120986129583888,0.175891113637026,0.131737028862004,0.185339661536986,0.290894647572836,0.247428030649937,0.420178709632027,0.231867571490213,0.187758020249545,0.202537871335825,0.169498509343869,0.201438685151039,0.328347883380003,0.0793074932643316,0.147066004720436,0.137514977568479,0.184006376195537,0.106062600363282,0.187005732764957,0.163760499042193,0.131874826917751,0.134051449616482,0.146169583996363,0.265183293817253,0.311839151511208,0.163815864998278,0.282402161596792,0.488859103154486,0.145367589812034,0.208870947137127,0.294433467915127,0.253053658041088,0.101580250695668,0.144852941176471,0.079767758133696,0.243189846135425,0.0681496072449494,0.362074204111948,0.127624844376816,0.378946652150245,0.200267437140333,0.230249464571204,0.242239352361677,0.326105783109343,0.259311706944419,0.237297751151655,0.181109165738193,0.157933370976849,0.324087771203156,0.107276119402985,0.0636155123777385,0.128507007263792,0.212687573007458,0.259779894571349,0.0695484246448507,0.190738801628854,0.208712302537099,0.123284626923718,0.160167278748381,0.138118317543048,0.177562778562887,0.489097061219375,0.133696343182509,0.394140409065782,0.19042700740697,0.177461762460773,0.25356988316746,0.0238112863029585,0.150162405263596,0.213479765307658,0.117759931774572,0.0995550742719933,0.0864458894097485,0.318323310930315,0.198086866597725,0.186101829302826,0.280358106606559,0.289196039775558,0.232291729142926,0.0695036964413471,0.237339952174834,0.123443376514835,0.120268434042317,0.303777527728661,0.539931931558581,0.238587724063009,0.128443967660064,0.160232945091514,0.210251903925015,0.314276401564537,0.116943365737966,0.0809425425634856,0.189362893953242,0.115445991305783,0.298134146599742,0.0531332025177748,0.26064135615854,0.117233217174042,0.114809000523286,0.0897618670468346,0.131207263759668,0.32977828824579,0.0907489899513105,0.290559764713404,0.161846153846154,0.134943621179316,0.442598666807745,0.25248568846038,0.32980775856129,0.1963841138115,0.303862986029288,0.283131771227009
"Iris_17",0.274450194049159,0.234358778208841,0.293856312570368,0.0795045332652279,0,0.164474527600441,0.273435066957334,0.530746960046323,0.733942880474805,0.41250836617833,0.206554121151936,0.245338876291257,0.110606457623664,0.152980132450331,0.049193467588418,0.0677650810523518,0.106349985785543,0.202539166327903,0.293373435529252,0.229580788002198,0.117465509509615,0.0766140128790797,0.111187469575924,0.068851743789709,0.0794244278268752,0.103627644875511,0.290996653334422,0.082516873503157,0.152229068503081,0.258025242482042,0.328769429324954,0.0950503240038605,0.159040473422805,0.0675557974959173,0.173063439319574,0.214989883335486,0.0871727056334303,0.226153749291696,0.175270701352384,0.320845895610152,0.505396153264501,0.141008142325975,0.165319769693527,0.21721022618056,0.245407516891892,0.0751963503460432,0.0961777287153305,0.0833051896881684,0.0797763534706123,0.313090266019491,0.18341864662544,0.194797869006581,0.158072159659965,0.149891383055757,0.10536044362292,0.215999605435131,0.293371504073992,0.222792022792023,0.395502402876114,0.277946165117726,0.190462646947289,0.225409524774033,0.165328011973061,0.240680978438801,0.306495820200082,0.0803964757709251,0.082534879811733,0.125691244239631,0.194691963918515,0.0958174904942966,0.162384315635655,0.170438168440747,0.0965286323441032,0.140273564928747,0.120587803085966,0.269042891809272,0.290226580994251,0.151052647207293,0.314432643935159,0.509125711050603,0.106417219875277,0.254924681344148,0.297090116086966,0.266774835130325,0.0965687822334491,0.112449916649607,0.083007364644312,0.250038772914793,0.0617863674558845,0.340971392422858,0.095602950425982,0.383312666076174,0.204411475731971,0.195035017508754,0.299518993586581,0.323025658113962,0.304902670374462,0.244289044289044,0.18191161356629,0.121361632557732,0.327565519419008,0.0875542076471755,0.0576107061255576,0.06568895332627,0.197268777157045,0.309728156073954,0.0824916744008298,0.225220053578263,0.182937036922218,0.0993080876230944,0.205877231171093,0.137421036799358,0.198090479164808,0.507284303244028,0.0992231235005141,0.368902329265219,0.168276283618582,0.117939422289791,0.275531471446436,0.0774390243902439,0.0965742812876571,0.198079081950854,0.157433123812308,0.126646010844307,0.121705486744047,0.368248063135463,0.196598512515661,0.126658271590476,0.25609916919425,0.291874110953058,0.19065228875975,0.0804440555616318,0.205208660181989,0.131075788988712,0.105003725568866,0.297481461687487,0.570100083895591,0.28164429979045,0.12361006153514,0.10526466626544,0.153853152579383,0.295835733405618,0.108004945970647,0.0789857027245751,0.172020029311187,0.0919582705591404,0.300977198697068,0.0594631507065189,0.307336492890995,0.179172289698605,0.070088791730764,0.0938955626379014,0.114812990700235,0.333473418785459,0.0908799572706636,0.26751676960882,0.105109446838042,0.122572392138621,0.455528580887221,0.296917419180931,0.379590401687615,0.180302704694072,0.307003731584737,0.251986267778323
"Ivy_17",0.254172537967747,0.0931759576787091,0.273924080524234,0.146427682350012,0.164474527600441,0,0.208211320754717,0.50232439984758,0.715762199093844,0.434376007739439,0.248416918562319,0.259804071169164,0.189977942424071,0.169913830874836,0.158552969051516,0.147884590503299,0.219905308753903,0.213978299084682,0.252940057088487,0.252613131376354,0.0560065769191245,0.173239097261264,0.136679837497913,0.12407132243685,0.197169525592665,0.242683119759532,0.281752933885124,0.222384067374666,0.188699704011957,0.217806230987932,0.315026249128088,0.237178111587983,0.105976792651864,0.15338365779367,0.188302087645633,0.177890590440882,0.117578879587894,0.225649003996217,0.141338487557381,0.432380394290737,0.488827421629244,0.111999816129996,0.297136818799376,0.257438952496199,0.109734467778835,0.157246047380916,0.242523489932886,0.185213560620571,0.236571125265393,0.274714319998523,0.158968171894749,0.215671981776765,0.0732265446224257,0.172106911794842,0.161312045792531,0.0702497233315691,0.409068389876144,0.227603128354547,0.415505411331966,0.227446197426919,0.314462934246766,0.119865718799368,0.298917406641528,0.199716746236608,0.324967718438566,0.200321414222579,0.111553025143698,0.164740450538688,0.209240290226206,0.235998414166777,0.187727017688923,0.298525859093823,0.190221925579843,0.125775145296293,0.15439497716895,0.247969217614365,0.308419159718817,0.154617779315116,0.226978574551815,0.519288307336339,0.188149223723891,0.105188909123554,0.412738084978023,0.168684834425268,0.233142827853097,0.197511929107021,0.22229807793299,0.226799783484694,0.119560238204306,0.358648070854118,0.207012474647848,0.389124487004104,0.331511970666475,0.212703415255008,0.196818847729243,0.336728444802579,0.268232524244633,0.361721507457589,0.190544641431081,0.164511738686628,0.437345424567189,0.149768569539343,0.151592154371476,0.136249017109081,0.211493907025726,0.271901025726634,0.18202342691705,0.0832029516848423,0.203534503486415,0.211739106176421,0.181088276008945,0.116923753880754,0.177235346726872,0.508385151686452,0.190051905515308,0.390803000833565,0.186660738105825,0.168800931315483,0.262281845848084,0.142340557275542,0.193453957456299,0.215004685185745,0.247664106892371,0.119002055425615,0.0904214947123412,0.355572107540611,0.135745431893688,0.188897104829077,0.276740995948576,0.408524789705914,0.208290654937639,0.137042062415197,0.221894480766307,0.134599781775453,0.167785234899329,0.303395470552127,0.545724160478259,0.207987269199747,0.113983240076707,0.187479113289518,0.186301047428504,0.310862159329141,0.252217599497606,0.153052382827885,0.189030710456955,0.213902856827098,0.414809306278551,0.19163959170099,0.269078396726495,0.143353490929082,0.231690658821057,0.229602926363781,0.173533716086908,0.442855673284642,0.232709308372335,0.286902887982267,0.165852014158099,0.167038490864421,0.44540973724336,0.261028856322707,0.361934369602763,0.197808741217101,0.419790611279973,0.267721518987342
"Kubo_17",0.0564651385672071,0.152714490300742,0.187326292384658,0.220783123478679,0.273435066957334,0.208211320754717,0,0.635146233834932,0.800233102008791,0.248667681766273,0.337809003382774,0.198732318157223,0.26235554462749,0.23399897593446,0.293309052458439,0.251952632905014,0.29050738991315,0.136508179763228,0.425936877149178,0.146243166673317,0.186038525178733,0.245305318450427,0.19827853331038,0.234745900308492,0.26914973152994,0.335997164308961,0.419329406854334,0.296766668826541,0.190892398090342,0.39563173901023,0.450499106861406,0.319182545167341,0.225871020203916,0.211975892683559,0.250510677808728,0.356530310497782,0.186333458599524,0.171739802224969,0.321410083859613,0.523637164029446,0.611181740678144,0.283701114266987,0.397741454357289,0.175718345437322,0.186629178381756,0.216293079722333,0.32219916329018,0.253591421056181,0.337772436417969,0.445130721719266,0.110068412192414,0.235633066994468,0.251775578310847,0.226362502750679,0.231545258470744,0.246676088022381,0.499848224223414,0.0677504667081518,0.230999485524531,0.403108713957352,0.394833948339483,0.235313364466522,0.386706418800421,0.340472833749051,0.125353925353925,0.272386833979371,0.201100080493695,0.247139588100687,0.232423598627227,0.335078534031414,0.262365591397849,0.382056840792326,0.284362635472218,0.182881519196367,0.217678615838278,0.114609523072758,0.129748438291406,0.143926040505054,0.368188019666899,0.633952099314868,0.287112279124451,0.182650962796784,0.503631164756193,0.219954227747881,0.319242980763245,0.279039378421332,0.308903209259081,0.140017450020864,0.265671987046033,0.162827781715096,0.300481099656357,0.207141898241375,0.418556582649136,0.222860645062438,0.0555095277547638,0.195673794132273,0.437585792724777,0.451785424882502,0.343044349379975,0.258643171806167,0.527710380282028,0.211645070230929,0.221265298193356,0.22562358276644,0.19603674739959,0.442109740535942,0.253609051892314,0.269913721124409,0.197467682626332,0.294442717507685,0.350756327692077,0.267360498618216,0.33186136071887,0.599619658044408,0.286881307063912,0.199598155166903,0.194918411444751,0.263997740591683,0.0951045082776878,0.225673496206917,0.292103810049696,0.199694539900725,0.317447679708826,0.265564147429023,0.206692611773358,0.48637236084453,0.23331752805437,0.290884007216386,0.172159973828413,0.499616505599018,0.237747614159157,0.202515149540627,0.194213604185903,0.195424610051993,0.238558036945134,0.151537822111388,0.670581960863989,0.350949204720369,0.221530762815166,0.286093399965535,0.218748846650674,0.16209012058388,0.342357297918529,0.242113362400616,0.232194686313909,0.300160404081772,0.504580304689834,0.268294198037023,0.440348182283666,0.320097454771655,0.330681635926223,0.305160055784387,0.242431649149761,0.534042961258151,0.307884816422213,0.156213896682621,0.259223131858561,0.23774458236903,0.272198235404543,0.432380207994094,0.496069166977082,0.187638134482113,0.50981893634365,0.178370502286801
"Lambchop_17",0.663311959460416,0.538733639900955,0.650227304036369,0.496108110849117,0.530746960046323,0.50232439984758,0.635146233834932,0,0.368299053584957,0.763047687666051,0.399440709228298,0.661858727738217,0.585711585711586,0.611581010870906,0.500295037099346,0.540571635404682,0.498571792909972,0.63963963963964,0.290570007231926,0.662298700931141,0.519939203462311,0.553145336225597,0.575485599464166,0.566910994764398,0.565459610027855,0.541454630861974,0.324024298159606,0.536582495325025,0.630342555090272,0.325124425619881,0.267904281575276,0.547794504684704,0.514198429987497,0.53600899734526,0.630911347028816,0.362974995648895,0.514812283168036,0.652105800567888,0.39706318775893,0.474923116054293,0.141236306729264,0.429659089527007,0.507175813811211,0.673362371548188,0.513908393996006,0.500217097029602,0.546457439245939,0.561115614079379,0.57799245994345,0.265963975409395,0.612072248517491,0.639515892625319,0.459411881384509,0.612163960972129,0.582870438864306,0.463713595256484,0.463359056579396,0.647601553626765,0.754874152808049,0.317267102941505,0.433733321939965,0.483515096435424,0.47412205419898,0.54204803064651,0.704273380251034,0.54696437729299,0.578658463823073,0.5872231251763,0.576535433070866,0.543940324245235,0.618821908370651,0.48202527813517,0.582857908129101,0.588204571933631,0.592878837184076,0.651179713957849,0.694878566171696,0.601711078415345,0.539501728792687,0.177828693827746,0.592775481724008,0.516956460186103,0.464945256331939,0.509744800420842,0.516589262971015,0.591774891774892,0.545731548518152,0.640302365005697,0.48449288555787,0.723119344098796,0.58077772572117,0.737873793265835,0.460286676860727,0.645270600047413,0.628875122992281,0.706525947488421,0.288987194917,0.440667094291212,0.453761252256509,0.600675858340092,0.477370689655172,0.5669795221843,0.536416048946935,0.573875887979046,0.638261498047174,0.271255060728745,0.545841463574338,0.441981970932728,0.633446321404757,0.577805198637303,0.371916840790503,0.476331026513772,0.401099875820472,0.292902066486972,0.585169723972758,0.740667219720313,0.621682057228042,0.607850563363136,0.667258933355896,0.489448329055344,0.590807310172832,0.6397520718713,0.454372129300633,0.450856994780291,0.514788210332575,0.265362776025237,0.546452615225272,0.614424560738555,0.676615424142508,0.462859571052538,0.646149139153895,0.544135571894782,0.652303867480481,0.57883285205829,0.577786414012141,0.689054762075648,0.104538582778475,0.392445469054797,0.545604918011436,0.599544358080944,0.629931224209078,0.696880415944541,0.531360085273434,0.537768402411553,0.6234495509044,0.574186313512936,0.465777539433648,0.51031477744502,0.271429652778529,0.401879149987528,0.555326908048971,0.53664407755305,0.583023543990087,0.48051353115659,0.522287876431866,0.682822410904769,0.598196743372359,0.590140712059685,0.759658063455532,0.285106475824751,0.226079576036103,0.629294605809129,0.46819533500604,0.678547047445671
"Padme_17",0.816916891523104,0.740640076602954,0.806219986972263,0.711143885828309,0.733942880474805,0.715762199093844,0.800233102008791,0.368299053584957,0,0.874770936957091,0.64712032396791,0.813909788794256,0.770039697400944,0.785304759674581,0.713675613105466,0.738787803469476,0.714339600742804,0.802031385826051,0.581202139378094,0.816467079675947,0.728011555970585,0.747942819610187,0.762436048506183,0.756250184045467,0.757472093524805,0.740288372503197,0.595038031410503,0.739086286946221,0.796281875845801,0.59923203880225,0.548635225977226,0.745163481702454,0.724833047476554,0.738872578235948,0.795583710955852,0.626770864092404,0.725318128390267,0.808491625231996,0.65116198138881,0.619365449187967,0.376323443862711,0.668396196446346,0.718131318258953,0.822100523865406,0.724555092629751,0.71571488725298,0.74549107076914,0.754437803927392,0.762493742085579,0.561335898159759,0.783995186522262,0.802980018768167,0.68756602426838,0.786224462802422,0.768019314283152,0.693917574473567,0.634855747615391,0.807622004848837,0.869943522488175,0.595924339853137,0.671776732340561,0.704384826193567,0.698419423638988,0.730209617755857,0.84118549913908,0.74554741185241,0.763260342436804,0.768813068126648,0.760741985903448,0.742394269871969,0.790335653847028,0.703836671136295,0.766513056835637,0.76920266350506,0.7744241222933,0.808027869879444,0.835721998244428,0.779750075278531,0.726620704992772,0.363434458808531,0.771946849805912,0.724840485652824,0.63480907581627,0.720691537761601,0.72563371656448,0.773553495905696,0.742439368136708,0.801494650005327,0.703305282005372,0.851963296426025,0.765232106514787,0.858809306999089,0.689622877569258,0.805729448633975,0.79588890155401,0.839997522702113,0.564487521840899,0.663881517354976,0.681197393907378,0.777058223901181,0.611244443232334,0.758219035434828,0.738962825634348,0.761280910026735,0.800415578880068,0.567870788696642,0.743146019426055,0.680345602996361,0.799056460203926,0.764705882352941,0.633019303529217,0.700003595699543,0.647255731260982,0.520725196500074,0.767423141419788,0.861919016858358,0.792012617244072,0.782150007123201,0.817460682777138,0.707485399536539,0.771879686905393,0.80137315116093,0.685669250904007,0.682790532123153,0.722794427415489,0.529468861624476,0.742207849220053,0.784817343035031,0.824981659523534,0.639360410669071,0.80539355270972,0.742262496776808,0.808475727488495,0.765032750520946,0.763652774566043,0.831310369400702,0.326205710803517,0.641774463446303,0.742392541203245,0.775586322134034,0.796225101410668,0.836504087786378,0.735459978733546,0.737948955098985,0.791653716408293,0.761072486638579,0.627443823900064,0.722232342589826,0.569095469117192,0.648064725009226,0.749192459035649,0.73927315012438,0.768252543387193,0.610283946495131,0.729971890372453,0.828461365904221,0.776262467662584,0.771022544343698,0.872670143808024,0.568180013236267,0.514918486619502,0.795014270966175,0.623883345702427,0.824783426334124
"Wolverine_17",0.203066680117018,0.380978516543829,0.27502411686343,0.437439863155269,0.41250836617833,0.434376007739439,0.248667681766273,0.763047687666051,0.874770936957091,0,0.524718492202083,0.256171943072901,0.330839031522814,0.291060291060291,0.452098508498092,0.404582454024721,0.427515489691656,0.243954991620781,0.609653569397394,0.204333585285966,0.411299645720679,0.374108699096815,0.337529900541357,0.382462176003753,0.347790169351508,0.406824960297478,0.583223423898708,0.38401559454191,0.28245661851549,0.586257463077407,0.627085841063041,0.380080251082595,0.414455489946932,0.38446541370974,0.302869777511631,0.553217961769031,0.4096421620003,0.241195820433436,0.527229204069419,0.585456788046982,0.744042308129066,0.497261146496815,0.462097912219127,0.215407554671968,0.410315742330372,0.425504820811351,0.3830794320035,0.354038792045175,0.397364201634664,0.624346172135045,0.304321014843853,0.277574942352037,0.470562610997554,0.290249433106576,0.328516787080323,0.463828631564653,0.560846252476979,0.229410616705699,0.0501701206309929,0.591994835377663,0.492378931120972,0.443931979016301,0.455580080011036,0.501389415182519,0.127777163700674,0.378577657971934,0.357967479674797,0.332430373317532,0.377989676504196,0.408536111327062,0.310747448745058,0.454615736022771,0.360476330244455,0.337833305383196,0.311586934717195,0.235063235935456,0.149166486252436,0.30035867688084,0.530492700187327,0.749984150129969,0.359490359870059,0.412158642756157,0.564702795673848,0.417361162327605,0.4132292827945,0.330187454002338,0.397728585178056,0.253251359659494,0.461999455189322,0.133640552995392,0.36292078378831,0.110034440488004,0.484029981767844,0.266443274293921,0.260193082763146,0.185345739056883,0.618431221020093,0.519021568257561,0.502049309540324,0.318191631763029,0.588970366098157,0.346756522098648,0.38449552006233,0.36234458259325,0.252106409164063,0.622045737250024,0.381362568519969,0.485771960669401,0.253886500023626,0.358554155959051,0.546805946163118,0.451836933120356,0.532044821248592,0.693921473582162,0.342503553808847,0.0996823113348918,0.269675390733376,0.319169190826482,0.214154183048823,0.44102455246586,0.35959595959596,0.247163154381615,0.472489316239316,0.477132834734264,0.423934055513003,0.643397547370085,0.402172678753927,0.343686288118683,0.200228714003535,0.56085904773143,0.282523120701921,0.379857131642986,0.257893723527147,0.331894727934332,0.336134453781513,0.190511568669072,0.786115455225403,0.532223670181258,0.391555589798906,0.342157233497206,0.297591297591298,0.193224387860362,0.403860885552321,0.39197720973206,0.274448240834795,0.367324060618642,0.5652820688866,0.414381022979985,0.620846936815825,0.526643888988791,0.391887206749104,0.384549322715384,0.32544934466123,0.596339324857519,0.400933550908884,0.181913774973712,0.327515007024565,0.321946614024547,0.0883668903803132,0.613397644639228,0.655085060383045,0.264397783881931,0.570306518841977,0.224257349545944
"Buddy_18",0.382277121374866,0.299846232701179,0.395860449684812,0.145948323254535,0.206554121151936,0.248416918562319,0.337809003382774,0.399440709228298,0.64712032396791,0.524718492202083,0,0.361578062618197,0.245383234563651,0.281487101669196,0.20313986679353,0.220796359499431,0.125319352187146,0.323011044674796,0.319885921700804,0.359510453850076,0.219019195550431,0.208776782784003,0.241616759207623,0.265368780964343,0.216990197962714,0.183965210150124,0.220699877087702,0.177085268437674,0.321497413005986,0.200963994100932,0.277052004750514,0.190090407420453,0.21805668749434,0.184115188109615,0.311760345576771,0.228693773920952,0.175526852481305,0.342750617024629,0.198253137663768,0.179535479495922,0.364483853422214,0.15036669807842,0.138176733035893,0.382639739969095,0.30700325732899,0.147286131094234,0.190412407472682,0.210790404281755,0.250017447946958,0.26542690923765,0.305381758356806,0.324509547475804,0.221364030725607,0.283954996959254,0.246531848378273,0.278231742442022,0.152754687802049,0.37594302294909,0.512075999880878,0.310497158837885,0.0528529023746702,0.309382980116551,0.095582848524025,0.290167474838026,0.426044834966768,0.19202626641651,0.275574808397201,0.24780701754386,0.29773561096441,0.188502549837738,0.294934640522876,0.104793878485317,0.241693526888496,0.254543692143653,0.257950179700087,0.37804525505243,0.410866536639733,0.293547016026202,0.356959545499069,0.396666086999727,0.25801979716419,0.308362684006141,0.155287429665294,0.357899937123866,0.151430376319827,0.255152667045146,0.192283758556316,0.357296610389274,0.187807276302852,0.457123137976649,0.237977626035159,0.482877406281662,0.0769263480183705,0.335421888053467,0.352136663914121,0.432259840352326,0.142157696100099,0.0982527427874848,0.289383701050232,0.267936805264585,0.187552252670692,0.230547342611956,0.196174914121252,0.252737875124449,0.321951219512195,0.216454456415279,0.189877543418541,0.28016954787234,0.316017316017316,0.23486671040801,0.135667814772292,0.252272137107245,0.261163681864394,0.445447825015582,0.246007935739863,0.486582397278353,0.297950819672131,0.283585036028033,0.368224598075026,0.147942206654991,0.25802691018604,0.322079816609357,0.0695435544483384,0.214393684917702,0.202560728067632,0.193166161476991,0.325850386694956,0.292460523389428,0.381861835643348,0.149399750545681,0.336658095015455,0.200550219155087,0.343964388583399,0.236747222763594,0.232930557577522,0.404765844779083,0.448218232196066,0.308960881628825,0.264225767776446,0.271055249557179,0.315297890209452,0.412999190690146,0.17163733284316,0.216455404471076,0.297502047502047,0.227547651750645,0.160511743364522,0.160291931342073,0.274284746910445,0.159669161087042,0.212828257210707,0.176918965397039,0.241912971080148,0.193099610461881,0.157637381469211,0.39205138057858,0.268953377502873,0.250221043324492,0.532800095505283,0.288909487271916,0.207088046831738,0.307690329879413,0.166264877280234,0.384798807749627
"Ginger_18",0.210905849943283,0.239478363959692,0.131182634168325,0.250341747926729,0.245338876291257,0.259804071169164,0.198732318157223,0.661858727738217,0.813909788794256,0.256171943072901,0.361578062618197,0,0.143751556330262,0.106211088052179,0.287995725480884,0.19162897368924,0.254274886773269,0.0903935050304937,0.458972604251749,0.0895032991944298,0.239162693777034,0.181449737558966,0.152508104716422,0.213063048263627,0.173386541901748,0.207041564792176,0.440329218106996,0.213058869804641,0.119083060434653,0.430562653905125,0.490418616469392,0.201372007059842,0.241523279352227,0.211054287962234,0.104754018142809,0.402317139873701,0.242731361246595,0.0833529181355268,0.369141543445321,0.435099059978782,0.640246011338175,0.331788846599371,0.275703954454531,0.107134278164785,0.262289902691773,0.257706458893733,0.204906830227674,0.178659202621518,0.219428834335667,0.482885033462637,0.132614926889445,0.0949598815922723,0.296331517823694,0.106436747435707,0.15189516697196,0.299140317645345,0.408383111247256,0.170150666561489,0.272796461018884,0.434091274120643,0.332684392034709,0.272300892937675,0.293731907603237,0.30230520724963,0.143342628093412,0.202765589682223,0.176658293163148,0.151383232692038,0.157323808578893,0.212791001831023,0.125657598076056,0.283806093351343,0.158393423206883,0.142250087077673,0.13735650797078,0.129947048440871,0.10936830376275,0.132320250719726,0.362571124217309,0.647976453274467,0.150379888659361,0.240610032770355,0.411914915349455,0.262697022767075,0.239486275497356,0.151697249347212,0.189375020270489,0.0923354997500288,0.292350844387308,0.150418579530111,0.167907591677684,0.172404384010187,0.316161967745678,0.0932111231940344,0.248358528019545,0.0884159165474888,0.477845502096572,0.353316604843989,0.303258967629046,0.137880572509548,0.44088783348276,0.171905663625409,0.212002096436059,0.186095173810327,0.0795874384236453,0.477133427628477,0.189354562800184,0.318508939615428,0.0971907305637754,0.166637524042665,0.39703808180536,0.284169241739957,0.370750414593698,0.587121010756118,0.162149013066444,0.187595747644028,0.0925086844887479,0.144307780320366,0.114504428680213,0.267177877067987,0.162904465720875,0.0791266646020439,0.310945130709566,0.310354658455924,0.235755228505035,0.511040560066752,0.186239089426735,0.152233886281394,0.076195219123506,0.406904737330994,0.0982538642408357,0.193960970464135,0.0708434110946399,0.148954092376808,0.154372252076209,0.0957725086490592,0.695202377763321,0.368598208275076,0.178284008307373,0.156087517883938,0.110072184613083,0.0964471366585041,0.231156752567332,0.19854705844198,0.0993362498114346,0.167605293162423,0.414477319535842,0.241472454299893,0.479038569032979,0.353599832565927,0.227569198818834,0.214700574241181,0.156748346946713,0.447502055423901,0.23047838764459,0.0820001675182176,0.152291247751085,0.13515625,0.289069212410501,0.473140631496029,0.524847479713321,0.0864563162091354,0.420261682242991,0.0701876873793585
