"","hera_1","buddy_11","hera_11","jarjarbinks_11","padme_11","hera_14","iris_14","jarjarbinks_14","jarjarbinks_15","buddy_16","buddy_17","iris_17","lambchop_17","padme_17","buddy_18","hera_18","iris_18","jarjarbinks_18","lambchop_18","franc_19","hera_2","jarjarbinks_2","lambchop_2","goose_20","hera_20","iris_20","buddy_21","jarjarbinks_21","franc_22","goose_22","grogu_22","hera_22","iris_22","iris_23","franc_24","hera_24","jarjarbinks_29","jarjarbinks_3","jarjarbinks_32","grogu_36","franc_37","goose_37","grogu_37","hera_37","lambchop_37","goose_4","grogu_41","hera_41","goose_42","grogu_42","lambchop_42","buddy_44","franc_44","goose_44","iris_44","jarjarbinks_44","lambchop_44","buddy_45","franc_45","grogu_45","hera_45","jarjarbinks_45","buddy_46","goose_46","iris_46","lambchop_46","franc_47","buddy_48","franc_48","grogu_48","hera_48","iris_48","jarjarbinks_48","lambchop_48","franc_49","iris_49","jarjarbinks_49","padme_5","buddy_50","franc_50","grogu_50","jarjarbinks_50","lambchop_50","franc_51","lambchop_51","buddy_52","goose_52","grogu_52","jarjarbinks_52","franc_53","hera_53","iris_55","lambchop_55","buddy_56","franc_56","grogu_56","buddy_57","goose_58","goose_59","iris_59","padme_6","iris_60","hera_67","franc_68","jarjarbinks_68","hera_7","iris_7","padme_7","grogu_70","franc_9","grogu_9"
"hera_1",0,5.06632913543083,3.48790576130969,6.14628313457277,5.67605628931382,2.49139557319616,11.19183489262,5.99549876410423,3.92144945472821,9.29369386761717,5.73042496554129,6.19277471517521,9.23489650548139,15.5338241929651,3.98982040319471,3.23974153702966,7.022323245337,3.97058001017835,8.03768900611754,4.88204340501352,9.66207525359916,9.98399164733644,12.1150515441107,3.10510477663883,5.37518019057729,4.07214590924492,3.85823600986021,4.8578907188147,3.77136626917145,5.16985292462283,11.2360439661485,4.12919053807998,3.59160980295083,2.72932845156627,5.37089715710431,3.76884194109042,3.65661079176186,2.67508387246413,6.25420392354845,12.2514599819194,3.82398354544447,4.73678782718868,13.4213383867807,4.74608740922538,6.11211254500688,15.2226595867378,11.7229926594295,2.74488613094173,4.1106711464746,8.73103320739672,4.73087417757876,5.55259914273346,8.11790608156215,3.42921056721668,6.98296958218382,9.36286689650431,3.23142548412559,2.66390726860845,5.36587285653531,3.81916600236977,6.78706067306148,5.56973870176571,6.27760034074265,7.43282390365413,7.96530623712666,2.92641070816511,4.32656801324223,5.96337924149759,6.58979202143364,11.7223678372614,5.67934885801405,5.82005725539774,6.67773209648324,2.78701362424335,6.34310023526271,3.3886303688628,6.06443190657519,10.2462452402923,8.18098249930295,3.77218797160021,7.14163771423371,5.56276992573378,2.44556500468448,5.7661268278477,1.39151869049939,3.46227234680008,2.5121703348842,9.29142866930073,5.00323345384769,6.77033887927738,3.10598036800636,3.65705549665532,4.55586555032066,6.8146309125374,4.34573839030353,9.35593784465399,4.28740310740334,5.18180832211524,4.22086707012838,6.38241476140906,10.632692730594,10.674727479546,2.38169540819183,3.7959627514867,4.81812180814458,0.546474926979065,4.1869164735186,10.8390216518182,8.23408142504705,8.53643561836162,4.68563807238222
"buddy_11",5.06632913543083,0,3.75496953335514,4.14607385294874,4.71424611093624,4.76202859949654,10.2931737087294,5.51996000822476,4.18486074459541,8.69101963948095,4.30418195889559,5.98266167936674,6.15897908234198,13.6268319899671,2.66081606202641,4.75783913585199,6.42310843804719,4.35736799699163,5.86518143920735,2.81614010336791,8.70519686995973,8.69301451985454,10.7937942525952,4.89496331710509,5.34842271011681,5.39053325886256,5.14278627261227,4.63081837230516,4.19081972420363,1.91069783862374,10.2053805495017,5.14257082686079,5.61583006148471,4.70774601597109,4.31167140639647,4.6359967763798,3.33674200977847,4.97469224497813,3.66326438524674,11.1216727822087,4.6027406790361,3.81545718989136,12.2068214203556,4.97497794909104,4.21368373908888,12.3843063954701,10.7068691271002,3.98021712309184,4.51827737622523,7.77490740916768,5.19358048623564,5.37830726100572,6.64940799635777,3.79112998327499,7.14524550033595,8.46528734244675,5.04116057881586,5.00262586269546,4.49863371311539,5.44785249274132,5.79968797273501,5.06216618379722,6.20263558098036,7.02175218123233,7.41865386930208,5.09254273462642,5.19476669580011,6.17121971906466,6.69095526117649,10.6370509434934,4.7583573190798,6.13103334785044,3.34395827659262,5.00608045357227,6.43124462427603,5.01423452379911,5.21285446082959,6.30374580603783,5.39242895147409,5.95832486859044,6.85662701362756,5.47599050973377,4.88957256406405,6.02391091627922,5.16372252662237,4.86565949899586,4.88123984546579,8.52680110383382,5.86804404624594,7.51371171428708,3.71866037973892,4.79443718796173,4.54538365212104,3.88604093925214,4.99754460322018,8.5071523122189,5.06886663059114,3.3679699561037,4.23398369090659,6.20027531882262,6.97518660652005,9.73389031234598,5.68218433425922,3.01632909999073,4.13082776759301,5.04673818310549,4.91674919443651,7.33901193681758,5.39809121394419,4.13386318479471,3.97655881831854
"hera_11",3.48790576130969,3.75496953335514,0,4.67776063672376,4.3808951487065,2.21543232926304,10.4519587027103,6.08537916612135,4.0247786086326,10.4399718488998,5.19473032362007,6.28529495498948,8.15277867940714,15.8208877346272,4.22455773076036,4.98606416201334,6.8448184229602,5.10761208770173,7.22229045528286,4.4595866408039,10.6412054290807,9.29044989081835,13.0411982298041,5.17817882483971,6.57322814509762,4.4356460241938,4.44127495882011,5.70956135738165,4.53678260412256,4.27021181794981,12.3585195331837,6.06366936415486,4.28827736604202,4.58383497843797,5.34309013126665,5.16784001546218,3.51529959058706,4.57233222083571,5.64556912950776,13.326686195549,4.83854555222364,5.11466837646459,14.4501753054101,5.47815184583113,6.25350455999092,14.8594137804459,12.8622809274479,2.57250402366204,5.19628661259534,9.80981649479916,5.76145858519282,6.39304680790384,8.14163042191386,4.09692708502778,6.80376692384666,10.1309426893704,4.54773698124172,4.86347587284791,5.46530867351341,4.28271081132952,6.74718288785613,6.58056344943889,7.11924969947469,8.45762183874504,7.54693315485767,3.75077279035888,5.39079636687422,7.34879602127408,7.18985054567207,12.8080272741311,5.97569761682066,5.95656149220155,5.86213543900084,4.65162063082045,7.16808536957096,4.59471170218937,6.38895314495161,9.47293060479779,7.66034278529252,4.96132258714262,8.50863469163206,6.39853888028891,3.81226072566927,6.11645908615457,3.82385775388493,4.69927737412321,4.6734339336493,10.4908449134037,6.27882893971644,7.29422800505705,3.8337115747413,4.61220761527795,5.46788435191954,5.88520525751172,5.1103150531629,10.5224402061901,5.7581496373565,5.05759807292639,5.19409744540128,7.03755956199114,9.78693761624663,10.5609271185037,3.54351901049085,3.28174767794256,4.75394757324698,3.50912605373347,5.13992537981578,9.87467041260381,8.26529640211159,7.09806578239854,5.24011269554229
"jarjarbinks_11",6.14628313457277,4.14607385294874,4.67776063672376,0,4.49017086391853,5.51654289913685,8.41871613851638,3.98856833856101,3.641655594847,8.18616162213539,2.72003417706966,4.92930444039838,7.92341701040166,13.9383241514609,5.77203224856059,4.97751542069555,5.03654945566848,4.72848623473507,7.17176923944447,3.88760689635006,8.05376060826807,6.86376651596606,10.3347886654228,5.4716657227825,5.05344566159664,5.02081903827544,4.16532864051177,4.73598078184913,4.34994368883427,3.95275647372833,10.0326472948683,6.30283792637898,5.57382401740285,5.23938072966849,4.03955456319443,4.65262149539286,4.62041299665031,5.37312861587763,3.96777519303107,10.8308281580486,4.51517373081365,4.13549434966437,11.8762757693332,4.10763084467361,4.44284705101479,13.0160052681743,10.5328620518189,4.23417902276608,4.71669702903539,7.68602713558451,4.60706817609717,4.38447341073783,5.9240380019615,4.62583949132095,5.71117436797056,7.5101332988842,4.92200574774177,5.615580390136,4.18009775609934,5.24414634432503,4.09973211743397,4.96374254136508,5.29353144360983,6.26013397948358,5.74419250618647,4.72808950064853,4.8464842814226,6.1002835199675,5.59344678650629,10.3342042928307,3.82896103278661,4.88169818418265,4.38030510038893,5.43292578806458,5.45950795309926,4.79772610546931,4.63596328876413,6.84624505184569,5.3173830280702,5.86643826457978,6.85053260999982,5.10608343421997,5.50569200614779,5.20924669429278,5.96853687753174,4.81615444594166,5.47323055303037,8.29047836990036,5.51800258850281,6.67803347157392,4.29452200013867,4.53247395165456,4.88080418830231,4.93486719982221,4.20771065672435,8.27869607276089,5.03329413983898,4.78604044303896,4.62998482830274,5.02034770637579,6.72632087547219,8.15085959436091,6.39414799649523,4.01748659695355,3.63760684338095,5.91676956863734,4.24148198936557,6.88795927703038,6.20972031958215,6.23909339854499,3.91089693976388
"padme_11",5.67605628931382,4.71424611093624,4.3808951487065,4.49017086391853,0,5.09681909064478,9.274801219225,5.77210656221599,4.65040301995077,9.78163037605737,4.47679380350615,5.61294718364018,8.82814961797067,15.240968299577,5.41597567409456,5.78368585954827,5.95999022710227,5.84775651598456,7.78827005783466,4.70531647350201,9.79962603158997,8.19972679118633,12.0185859277701,5.96330586711021,6.52375804809855,4.65531702808331,4.84383485071364,6.10927772872338,5.36158809990405,5.22497311399952,11.5659960590236,6.56207616842146,4.97599197066712,5.22296634458122,4.9033917234916,5.51129819159043,5.30625211100724,5.98315638083674,6.02595067615365,12.4215087605251,5.08465511526475,5.69085729177046,13.4796646680103,5.45043025837141,6.23440577003866,14.4183004548015,12.0649412159067,4.81641229546958,5.91344713817124,9.2305107452852,5.79932494295968,5.94115519552243,6.76475340056712,5.65530689354211,5.95378974624443,9.19561534651454,5.66108502596494,6.01578595677247,5.49870224732107,5.68495370157001,6.2458550222771,6.50000570012693,6.71094768503526,7.8834481872648,6.59859133697771,5.14170976904639,5.47890195887108,7.26488913045988,6.67459736790421,11.9042853980979,5.75552240380417,5.43073523571153,6.26555840820441,6.0482292443887,6.78040864421484,5.09177689712028,6.54236105022956,8.35270351581627,7.41531795723081,6.06082251139488,8.18607327056431,6.64570952405588,5.87703755633248,5.93896133799242,5.95235072304601,5.30099876453231,5.89481366189883,9.81546905453526,6.61822821518314,7.13901369651722,5.04195996590759,4.76944265280472,5.99794052388317,6.6799448672104,5.40550449061236,9.77026745384114,5.90280834558937,6.17613787374953,5.85969193979378,6.25676611229841,8.32503325138195,9.02562682371494,6.22539104523823,5.1573229969138,5.35877793090169,5.55487019640136,5.20362908419603,8.25135360441498,7.70836918975602,7.82784296814119,5.33006897792277
"hera_14",2.49139557319616,4.76202859949654,2.21543232926304,5.51654289913685,5.09681909064478,0,10.8353619119432,6.08822641062168,3.79825938486541,10.2583318776395,5.70176429910856,6.32495482288908,9.20420832244722,16.0858182709369,4.45043814561133,4.46633855564615,7.07131351543809,4.84661512107349,8.04576117523922,5.11991534953306,10.5796065149363,9.78044990467439,13.0009792947236,4.54507563078946,6.2334393708882,4.2864457979063,4.32578062407819,5.57100913123756,4.42050789416589,5.02040317298828,12.2485610083732,5.57057270691125,3.84690444593608,3.95426609160651,5.67613413712814,4.81633031021245,3.7554132783313,3.9153688572792,6.18601930596166,13.241163184777,4.63103476501022,5.20941497100135,14.3843134645747,5.38275918875789,6.5035035404867,15.3812905246534,12.7491601494736,2.69906928867224,4.9470926940138,9.70433814155282,5.55717690624887,6.31307280174324,8.52254862492185,4.05108131505484,6.90784205315761,10.0376398090066,4.133713881617,4.13776167376472,5.66785876987872,3.99922914845876,7.09063907565591,6.45747367011614,6.95091484647768,8.3119757097588,7.58291649304781,3.34659519268384,5.05955001142387,7.07022862692518,7.01942048737187,12.7094600728746,6.1598899999735,5.96616829006648,6.63288978768282,4.04062165569044,6.96472317622112,4.1406725758094,6.48443328529635,10.1943953148885,7.79090876297348,4.32712982787969,8.25485222806612,6.267001682537,3.32524867583424,6.02569372389194,2.94859551502141,4.25111285636782,3.99137564942536,10.3311578846991,5.87714861829023,7.00043229422515,3.8232397607755,4.34608382552815,5.36020012075495,6.02577275763054,4.96985158770927,10.3843692213168,5.38238076528735,5.46740079152896,5.0550322117762,6.92059494178648,10.4864294932502,10.7768924558802,2.88063969315007,3.63833915012299,4.95098077954494,2.53422092207354,4.90729090013449,10.6344865584498,8.70838609259638,8.11868902636676,5.38379319939283
"iris_14",11.19183489262,10.2931737087294,10.4519587027103,8.41871613851638,9.274801219225,10.8353619119432,0,7.359175615714,8.45785229386897,12.3389865295,8.27306758266749,5.72932214294823,13.2217736595131,17.6996979812832,11.5904179970091,10.1973912331853,5.03921130182937,10.2193327872005,12.7127898221875,9.01132076811855,12.0622646033451,5.74449565431941,14.034357387594,10.7885627290687,10.0286769199406,7.51574900991287,10.1968812767686,10.1935507776809,9.92223876784766,10.1298445057932,14.2308918780784,11.764390545922,8.85806594452857,10.2021100422268,7.922774200396,9.70403244938141,10.1685257430413,10.5655062024725,9.71124949466628,14.7115195587906,9.03400972065828,10.1512156274853,15.6170906045923,8.87854180756313,10.247087234286,16.8494463623175,14.6831902540634,9.48065425867749,10.3744768531241,12.4097043420434,10.3460913779434,9.3740212727265,10.4892225657865,10.5588796831412,5.80970090559155,11.034856344746,10.5984378479698,10.8721994451674,9.24524488829766,9.69956611861335,7.8185549083064,10.339072970687,9.71716516468456,11.1126330264864,5.70039654265018,10.0048634845608,9.30095955925118,11.5746446231648,9.09025826631743,14.302145859059,8.26822061873354,6.47297852427416,10.1234261443567,10.8913435463464,9.62131696807302,9.42503642674861,9.78329688760058,10.4880162230368,10.9703667547802,10.0824644131673,11.8109538548339,10.2085940706993,11.0129157766267,8.74925273461084,11.1733526645001,9.64296633022106,10.8334579534051,12.6940165152918,10.2101421149732,9.51539654866197,9.90969690084211,8.3220183824491,10.4411923753582,11.1888326965798,9.05437763197196,12.6831214538885,10.5006876997036,10.9433985970179,10.4124388931127,8.23380246054209,9.45593356580903,4.8893658250816,11.0959821857049,10.0899270459629,9.40555464209235,11.0128847571863,9.24026843891693,8.29759824401114,11.401981831428,12.0725623247483,9.94145499667713
"jarjarbinks_14",5.99549876410423,5.51996000822476,6.08537916612135,3.98856833856101,5.77210656221599,6.08822641062168,7.359175615714,0,2.56501039284392,7.32607897964978,3.79076781415824,2.85616103442145,9.47025544452699,14.2051661139012,6.41727407765949,4.11214541949982,2.99404361097491,4.21466740618272,8.65225876968363,4.31674285484043,7.33214790754665,5.22765771426047,9.78750809782066,4.84754061594291,3.89840431065224,4.36353902900624,5.09886726568616,4.21646778346601,4.25770136044407,4.9070059758077,9.65958347896263,5.98657298038839,4.92197150525489,4.6046596011713,3.66207616336876,3.55847598002457,4.8015170585431,4.80609744881844,4.44538463515925,10.358092656722,3.83991403140494,4.32403990718674,11.4731543600155,2.6057139633602,4.5929263318647,13.6755660995722,10.1577529464137,4.33591601183181,4.46991955883384,7.26677327738874,4.70372077386549,3.5475513002303,6.67184564535413,4.95665116462053,4.46978487196896,6.34597418815362,5.07724700200008,5.01309992996738,3.69511025890248,4.51303188612919,2.44291171292511,4.40730441184795,4.10426693433136,5.7237503850882,4.36102894339791,4.83853514429932,3.94022488616845,5.92200924720445,4.30451248689221,9.84103422362053,2.10472509092449,3.44962529138921,5.23601662231565,5.1564935215548,4.32363870654475,4.01267880959859,4.23592933271766,7.42885601975913,6.08175863142117,5.00956124244206,6.28040393422245,4.43522884322478,5.65236704371086,3.97463480740304,5.8749888217011,3.92735057612157,5.00537809581271,7.68336022089666,4.376313605705,5.30112549504515,4.23765710987834,3.67644261517541,4.69590657987442,6.15670590015729,3.18910337907956,7.67687409165823,4.52996330087713,5.54022222089823,4.50991559338619,3.2478247097872,7.13012107524814,6.38911398108643,6.24731575764067,4.78788571548368,3.87168295842153,5.74064523609233,3.78304483604022,7.17956007381774,6.60146485292288,7.87815520498828,4.43491842594059
"jarjarbinks_15",3.92144945472821,4.18486074459541,4.0247786086326,3.641655594847,4.65040301995077,3.79825938486541,8.45785229386897,2.56501039284392,0,8.30581136470619,3.67381538372902,3.44658848463928,8.70010544654867,14.7099989898177,4.71363270121396,3.2565095478589,4.110665574988,3.5387380424707,7.78224068943693,3.53708156628311,8.44329771899838,6.86230307589839,10.9488154209056,3.78124459107694,4.19256690363098,3.10401839500968,3.99110305036412,3.99564975513116,3.43525145080351,3.95127801819106,10.4970044995506,5.0719561168737,3.37441444036376,3.150076952429,3.56116839360999,2.96545246158093,3.33619570482667,3.56913405311389,4.4615190636788,11.36532220437,3.04773443055818,3.87849620896709,12.5265070161136,2.85218122325449,4.7447988737053,13.9946720477108,11.0152065153888,2.390250697646,3.88059148705511,7.93895434338148,4.29333875792426,4.02237760322057,6.86546975186819,3.72820878601058,4.85492453396251,7.69485032150584,4.01579650426002,3.80134581213539,3.74936974971516,3.39205167205727,4.02164739155146,4.57907299071675,4.84285152656672,6.4348606057221,5.23690951818897,3.47528937107666,3.46863902666581,5.86277109200159,4.9739150547231,10.8288694736583,3.17926737283018,3.73059202678321,5.08319045905685,3.95154332994129,4.95482077852316,2.92634363125847,4.62339899071555,8.08011984377759,6.2000259022253,3.88537265289656,6.65096004051741,4.61806183907174,4.05557554690711,4.07025027094107,4.05399429052061,2.93749074006277,3.70600133893214,8.48496203186281,4.31716853046734,5.43259979678992,2.72906096880868,2.65473388489368,4.04851200675819,5.43350916769886,2.95465367596234,8.48906075587771,4.04760122950704,4.71354384305577,3.91892172269307,4.27758899240047,8.03044891773803,7.99807850392712,4.39617049145603,3.40057053051515,3.46429743737909,3.76329299235449,3.34182051261692,8.16570830026718,7.00381605997205,7.34646269769712,3.87752458850865
"buddy_16",9.29369386761717,8.69101963948095,10.4399718488998,8.18616162213539,9.78163037605737,10.2583318776395,12.3389865295,7.32607897964978,8.30581136470619,0,7.31604791788749,8.73254373308859,11.0549794390835,11.080310191281,8.73252616665031,6.26420715658243,8.72361155123525,5.88577428065105,10.2773395707664,7.60178004025624,2.04943840338541,9.97672285849867,3.67602950202507,6.43770331346233,4.36693121384214,9.45745528668427,7.48682489973508,5.25393107804082,6.5714453405178,7.8173383330366,3.60333054381882,6.05149376852457,9.75997540892892,7.62123272685422,7.10598236678495,6.18973030063033,8.23350949160986,7.10546190207824,6.34124976824109,4.16795952090253,6.80534341766866,5.78645250105588,5.10738030459761,6.19050799845239,5.01250671166147,12.2715609053134,3.92589831457278,9.05391632972249,5.75737693018791,2.24847137863312,5.63134384420801,4.87631085129033,6.58278323970307,7.09768530927077,9.55299200301312,3.23596217353122,6.91681943082201,6.898986571782,6.43132410487396,8.5291625454615,6.35273660351965,4.31794867094705,4.7471839101068,2.59703117711546,9.33363320033131,8.18254834803858,6.79395176800042,4.22073145228756,6.52282817430462,3.5509954004636,5.91496060870476,8.4191491256131,6.92328538380698,7.05487248799324,5.51028071526973,7.61784346219156,4.92075720703153,7.57521429035228,6.43823236223203,8.82466518407566,3.0028535713452,4.71986746147167,8.29887045436274,7.77193161804034,8.73125201103311,7.24292289211337,7.01768433613225,2.17876683429986,5.42411619670931,8.89522135366454,7.52690339133796,7.78330932177496,6.32773231823324,7.96516793049982,6.54104199343835,2.16113446057578,5.40551950423143,7.04121924999924,5.67174912646982,6.03332034827865,8.00639995432936,9.72902626246635,9.87608996001265,7.99444752978029,6.40650499419016,8.95236607116093,6.23418732275115,8.78991403120191,4.83023817650235,9.31480970718167,5.76001614732405
"buddy_17",5.73042496554129,4.30418195889559,5.19473032362007,2.72003417706966,4.47679380350615,5.70176429910856,8.27306758266749,3.79076781415824,3.67381538372902,7.31604791788749,0,4.44192348948117,8.39937394140136,13.5091787319669,5.15018951887663,4.29918112411838,4.71357499283572,4.37842298696266,7.69124593942025,3.97984705735599,7.10101293323342,7.19941838293086,9.45249287394,4.81724995804775,4.23420382297805,4.53934638812706,3.24209509306597,4.42726655642214,4.23148264002191,4.53361515753328,8.9850774810247,5.09790168484802,5.47826540812304,4.61604065525081,3.96912067045919,4.0516497608058,4.98127124860679,5.02963072222062,4.51575632361576,9.77616330632962,4.07319543976339,4.07941151805698,10.8852820327937,3.77025769739756,4.36559301474948,13.0766666344773,9.49254337384911,4.56961860422831,4.3499487457648,6.76060195032714,4.1215478970641,3.68657728975763,5.48995812951487,4.53156280604687,5.75118841215163,7.11782859091637,4.58759969857348,5.11640098635203,4.42295734232281,5.63735896298,3.94281642563671,4.07317455797117,5.04321953632077,5.51888545597036,6.11404452054282,4.88669250451355,4.63809283546045,5.29941663189973,5.68437026030704,9.34503996358268,3.4187496033388,4.70611455637652,4.87228341825181,5.10400674934511,5.36782556038844,4.55791419297773,4.48933191418299,6.73098053262419,5.7750666058142,6.13335926667622,5.88194212762202,4.76340308876736,5.44022376292522,5.58453090346103,5.74001796501106,4.68435368474479,4.97738592505524,7.24714438328738,5.07826816043874,7.12360651736977,4.04064184386125,3.92893983486075,4.50674315357862,5.73137802497612,4.16647896947075,7.22455899699988,4.4023131578772,4.85060850408267,4.27166465427793,4.66355844105409,6.77282311372203,7.91450690592821,6.48431226604515,4.58726862049004,3.94127128445685,5.49105112029009,3.6313433025593,6.80967230944584,5.63081292962968,6.9378254409742,3.31393099665102
"iris_17",6.19277471517521,5.98266167936674,6.28529495498948,4.92930444039838,5.61294718364018,6.32495482288908,5.72932214294823,2.85616103442145,3.44658848463928,8.73254373308859,4.44192348948117,0,10.0525767855723,15.1767162566798,6.68410792551609,5.05976379492375,1.30586667616305,5.29307011370704,9.30889908791986,4.44189977112737,8.64470479445035,5.04916875880161,10.9900688979564,5.53872065525318,5.26046668531244,3.12352199755097,5.8000750884554,5.46247464857829,4.99162802164381,5.62616398188349,10.8441815431622,6.71281963449671,4.06415068508938,4.75870510163894,3.49049603850805,4.40355812892465,5.48088676957768,5.59550937483061,5.74443784473365,11.5820604813274,4.10797306996669,5.41779836544472,12.6772942227803,3.80155262244584,5.79697236957409,14.5936975902908,11.3687643938831,4.79370679059647,5.47225604971229,8.48965222255927,5.53084075148747,4.70503304845043,7.23350585075175,5.82315463773062,2.93661954409691,7.52004806378224,5.8364461581484,5.69857751485486,4.45536310977081,5.14536596283905,4.08165076182788,5.71660197835651,5.18587154213969,6.99238626075319,3.43714209791519,5.25064492320474,4.1875231751289,7.07451693725711,4.66402732958032,11.0397808442988,3.65554976113389,2.27695134625109,6.31833144705538,5.91273874637492,5.05986504563647,4.16961243773581,5.64156489167004,8.04957850784086,7.46403728334018,5.04550280537907,7.42756074774563,5.81695665852587,6.28479160997788,4.05345293888822,6.25954879705625,4.35262487934689,5.67165632807582,8.91967535341153,5.60585437444585,5.14540144726554,4.98734232866392,3.23525005025646,5.51292820305789,7.32142235522115,4.10595106315439,8.91389218410609,5.45334222534411,6.54021685431885,5.53303237234617,3.61396399111522,7.5866596183342,5.22977184130041,6.62696736139208,5.52262573729941,5.00350977983887,5.99733144100404,4.30722022175055,7.22275857850197,7.61716602662257,8.73585929165431,5.34847959632258
"lambchop_17",9.23489650548139,6.15897908234198,8.15277867940714,7.92341701040166,8.82814961797067,9.20420832244722,13.2217736595131,9.47025544452699,8.70010544654867,11.0549794390835,8.39937394140136,10.0525767855723,0,13.8498817153175,7.29118687193075,8.85460438783586,10.2918801493677,8.45783523140325,3.31188665115353,7.16999561968519,10.8734583030356,11.8868258645289,12.3534600284653,8.91980003828955,9.07535337612388,9.8327124342505,9.05842638494948,8.54509289462748,8.32787908888339,6.58838405781522,11.7933776701884,8.82772192468823,10.0579035611781,9.15143346748076,8.36390671840011,8.80649076970037,7.86397246358016,9.03818493461115,7.40750651517822,12.557196020404,8.84748055723251,7.75702553343073,13.4458120214374,9.07521682505551,7.76305543430832,11.8353900104187,12.1877996923829,8.32396429895613,8.46825993771656,10.0637944163704,8.66334741218953,9.05699416586175,9.17557347016403,7.84141483639552,11.1118314196094,11.1549964497137,8.81307926315147,9.01997170017324,8.51911181260916,9.53331977001122,9.18534915675656,8.50518388241703,9.78986921917829,9.98095812162104,11.2986202699516,9.02294089743176,9.34549679514191,8.90483830764844,10.4346980148406,12.2352056277674,8.57174071923827,10.3074609397434,6.90198664196987,8.8653653946353,10.0661632330672,9.43311768488006,8.85857613362663,7.81343992215762,8.22128120344656,10.0503110619034,9.63416691467129,9.11771044255752,8.28688548560885,9.99742435286625,9.0811741172324,9.17734727307336,8.9480291600221,10.6965748547066,9.69211004606603,11.3091650127497,8.03866390525887,9.29954147507861,7.2783769576803,7.41543612787398,9.01200954836076,10.6604731557219,8.84580415516252,5.7456211839668,8.10787186584844,10.0716826234504,8.63392078185469,12.8221529659432,9.48916299369204,7.49427040483564,8.21462741160667,9.27507809767637,9.14831519683762,9.23871167611581,7.7615164012709,5.55119338646541,7.75463271554863
"padme_17",15.5338241929651,13.6268319899671,15.8208877346272,13.9383241514609,15.240968299577,16.0858182709369,17.6996979812832,14.2051661139012,14.7099989898177,11.080310191281,13.5091787319669,15.1767162566798,13.8498817153175,0,13.8690768498508,13.6056566741326,15.1523663683841,13.266450292056,14.2466443698145,13.5188876738497,10.7692224240254,15.9589912879983,10.3615467932434,13.6485026882503,12.4530555989928,15.8119982770981,14.1458342136684,12.9282801500076,13.5322051015737,13.3357807378358,10.3131427232946,12.8400574701488,16.2215800201936,14.4579272323306,13.6548171387654,13.5143449750611,14.4838032439634,14.2610922874172,12.6676583032058,10.3732405330138,13.9066700394429,12.7091883164437,10.49038482237,13.6216963258822,11.9599225886278,13.8006815995107,10.3308096844875,15.2028211046028,13.0713565135772,10.6491009872104,12.9410030705086,12.6885408372187,11.7521101022321,13.5612671592256,16.1352587511051,11.9304809428388,13.8932426524451,14.0233142616266,13.4231203388867,15.4463517828193,13.3303073127154,11.9774972573134,12.943830420306,11.631265827841,15.8140156727145,14.8453560697101,14.0738096257221,12.1183790529833,14.0943137848535,10.3770203405203,13.059945535346,15.2628225071827,12.5979399144959,14.0494082726651,13.3830767298302,14.6798521752682,12.6916730416942,11.5258292105441,11.8625914667635,15.6446994541203,11.3693078203893,12.8659961343914,14.5169874456158,14.8046734974759,15.1243632687453,14.354602448343,14.0332384705832,10.6726575492991,13.5828706909055,15.8562832666958,13.9683190488262,14.6247683744156,12.8897568907104,12.9602480565685,13.813573442267,10.6169489596454,13.0686617017077,12.5369956911681,12.8556959551969,13.6506551926461,12.0727547544636,15.8678210087616,16.0759060900274,14.0666913239844,13.4223194864328,15.3416686265732,13.6218403321662,12.9515146724372,10.6339897822301,12.6585598852146,12.5388639188736
"buddy_18",3.98982040319471,2.66081606202641,4.22455773076036,5.77203224856059,5.41597567409456,4.45043814561133,11.5904179970091,6.41727407765949,4.71363270121396,8.73252616665031,5.15018951887663,6.68410792551609,7.29118687193075,13.8690768498508,0,4.3572255046102,7.41452379911817,4.3643753352047,6.90906062672689,3.96904782414328,8.80053617524741,10.0736708197041,10.8876272978439,4.12965778539078,5.33951109221121,5.58720601642593,4.91986347467195,4.88122435133854,4.35688072530325,3.57075076786039,10.0254180728098,3.78418059152048,5.5358363163509,3.86276544017603,5.27916267775681,4.4302879082983,3.93383410873534,4.572820496947,5.20332315738412,11.021334639795,4.7376553264103,4.3199243199171,12.1424800434281,5.3475689181713,4.97079089316216,13.2647529085924,10.5223290505126,4.41730098483702,4.47618643268599,7.67720157925064,5.07336794163893,5.64126948725941,7.17530545941444,3.87096934082309,8.03166732497213,8.90294362298807,4.76688491040141,4.29052147919154,5.26096864075447,5.79940539718358,6.8170182983811,5.0726603220321,6.53520866400151,7.09575456402886,8.57431912638601,5.09427309673908,5.27530969240802,5.89341682429944,7.17030567032241,10.5450115244255,5.55870010054271,6.8379301586771,5.06629642511584,4.52243667236684,6.76803073407376,4.87068100337666,5.91172228276101,7.86030077471435,6.56147829701512,5.86542792189183,6.53110670090277,5.80281968123096,4.53459473647551,6.58847814999291,4.44000588284519,4.75778306883082,4.17825916757276,8.36301922568532,5.8954133754311,7.88588792663791,3.71992396466501,4.79781793068022,4.42470797204856,5.22982783103834,5.35798079000674,8.35528430073549,4.74474430294894,3.99433860092698,4.26336445716503,6.65431961065323,8.63748733140203,10.8576172201421,5.37315537480628,3.91698246692639,5.00106003601628,4.07244324816444,4.94810585165013,9.08463133937421,6.01036400193095,5.98145852506124,4.21271180547597
"hera_18",3.23974153702966,4.75783913585199,4.98606416201334,4.97751542069555,5.78368585954827,4.46633855564615,10.1973912331853,4.11214541949982,3.2565095478589,6.26420715658243,4.29918112411838,5.05976379492375,8.85460438783586,13.6056566741326,4.3572255046102,0,5.66123596606852,1.50011361337072,7.67013643613729,3.68766380302006,6.63392338505481,8.3801138843395,9.12848444640629,1.04280824034759,2.22872004632937,4.30807180523197,3.16507097608959,2.25372387771774,1.69861090491558,4.14962252976695,8.40942018138203,2.58745107247685,4.27664886390686,2.15320836591264,3.6444093092394,1.14118928229938,3.35598999442012,1.41011714930635,4.25590464087959,9.36939286957452,2.00869305660146,2.31346143238121,10.5390096476803,2.25983409926386,3.50924514629457,13.6337940299765,8.90103697036213,3.27233409577892,1.41715880815465,5.80623255997651,2.33183637129177,2.62193002180801,6.20144498212613,2.13770961375461,6.08097760909616,6.34983740158703,1.78571156091069,1.15112748838819,3.21519217715126,3.47158290512672,4.42236393281769,2.60404760629488,3.39181046901554,4.37137933405503,6.64696447785772,2.64716659600865,2.42028834367258,3.29194766347084,4.36475540901586,8.81159672482821,3.14381527083277,4.63611473875318,5.01081658892197,1.4366391291351,3.70777760978942,2.36690286966133,3.44534312847907,8.22325024879047,6.09989717467753,3.55674712755474,4.24355364099508,2.84656290400649,2.72191550920889,4.23793661773108,2.74323963536104,2.01688543780717,1.13750485253285,6.35280366744852,2.63368191147125,5.624967620654,2.25191642216202,2.73309767400161,2.64897367606861,5.58618843220192,2.09512327126549,6.42628843382047,1.54031568672617,3.84360795231959,1.59522757611895,3.95953942259508,8.5724044851029,8.86498437942451,4.04745407627561,3.13180355929548,2.82847747945028,2.89478270619296,1.9061748152259,8.93608603897441,5.81543727742992,7.58093848837075,2.43013067609571
"iris_18",7.022323245337,6.42310843804719,6.8448184229602,5.03654945566848,5.95999022710227,7.07131351543809,5.03921130182937,2.99404361097491,4.110665574988,8.72361155123525,4.71357499283572,1.30586667616305,10.2918801493677,15.1523663683841,7.41452379911817,5.66123596606852,0,5.74754552316012,9.59626808832614,4.75307707120526,8.65992538272686,4.0393227898552,10.929724100624,6.20231945157645,5.62494767305559,3.77784829794293,6.34925083777497,5.7884016484364,5.45442087922419,5.96142330551047,10.9178345144361,7.38322734172179,4.77846532793821,5.57258353392728,3.61414715538408,4.98333235296812,5.95836968311608,6.19534185423445,5.77025076327902,11.5896748270769,4.52441769729269,5.76009688802669,12.6429318114675,4.12864076733743,5.9748877669901,14.5589678974644,11.423417457725,5.37808684632907,5.92656875891686,8.62414685415561,5.94889704151076,4.94383696008397,7.24876892639451,6.30071125872924,2.60979514577626,7.38295731103411,6.36551501515682,6.35839117776145,4.66104557232047,5.46144022216494,3.81772516957142,6.06900777120963,5.28447974262699,7.10181390831954,2.84276887809305,5.80595570310218,4.64248749421651,7.43167282178479,4.73436887957823,11.0517478795019,3.80695774913292,2.27431574070285,6.36960797665772,6.50734344774163,5.21328055337028,4.79513289369041,5.73264461350072,7.83577818520469,7.47538793137886,5.66494748841967,7.70711380366525,6.01156559954353,6.90095989141325,4.20014933046392,6.98269067106334,4.93101975082146,6.34195629318675,9.04025247422859,5.91469368662244,5.36931558719321,5.50296440956494,3.88851687293956,6.01343063413945,7.56716882934414,4.47891507123108,9.01932628995102,5.93474169865607,6.90972252968753,5.96469493204834,3.73517421545241,7.21651512206931,4.3470982969165,7.20463764968463,5.95197524336984,5.18310744324215,6.8096410272056,4.77312409518006,6.69117115197521,7.70974971642675,8.85505928068163,5.73635122664674
"jarjarbinks_18",3.97058001017835,4.35736799699163,5.10761208770173,4.72848623473507,5.84775651598456,4.84661512107349,10.2193327872005,4.21466740618272,3.5387380424707,5.88577428065105,4.37842298696266,5.29307011370704,8.45783523140325,13.266450292056,4.3643753352047,1.50011361337072,5.74754552316012,0,7.40263624944252,3.31905590375718,6.48235167333887,8.25867712655925,8.89032431759638,1.79747842618159,2.17521578508707,4.72870453285455,3.80366720398218,0.98894756334283,1.85510709458103,3.43434088244192,8.29246227776048,3.20987958651948,4.65779464060906,2.78917289472505,3.41735052749478,1.81888931684969,2.61616640589393,1.72804057953459,3.15396430418384,9.22987030040785,2.29608369447806,1.75992769508111,10.3619668278377,2.54021093312,2.80826836874255,13.1913282072733,8.77231775186078,3.57923903808305,1.39381124770702,5.59681201161381,2.61315131681648,2.77792777335421,6.08051569938455,2.24368147114066,6.1364695665791,5.9118541118397,2.49228461547597,1.93911637108482,2.83139552820646,3.44511944347545,4.45836414123355,2.61320909912882,3.18804592780677,4.15233180572567,6.49739426418101,3.16194804097267,2.63913560891178,3.45801225374312,4.23140678745994,8.64208540079337,3.12307294563626,4.77100365993565,3.86154165770743,2.15441878848396,3.58978248180175,2.76718853240502,2.45797642835136,7.58366749194848,5.51483789041529,3.88980210760929,4.25668516095849,1.82994171571402,3.29127913890057,4.18759798048392,3.47250764427941,2.38060152655103,2.00462937632361,6.25097808767471,1.90784153841741,5.58115582892514,2.64390044281931,3.18000638641749,2.80927335958592,4.9431946550009,2.43385901782508,6.31007062806404,1.83961991095718,3.44524099054354,1.27816076396833,3.90463754812527,7.99419653350098,8.76237337664501,4.57815444262264,2.69615322740454,1.90230023399958,3.67661230531558,2.31382539807896,8.41023366545011,5.27098145268812,6.858301540707,2.50405816703628
"lambchop_18",8.03768900611754,5.86518143920735,7.22229045528286,7.17176923944447,7.78827005783466,8.04576117523922,12.7127898221875,8.65225876968363,7.78224068943693,10.2773395707664,7.69124593942025,9.30889908791986,3.31188665115353,14.2466443698145,6.90906062672689,7.67013643613729,9.59626808832614,7.40263624944252,0,6.56756737712086,10.2270359761906,11.3776961612827,11.9228641639729,7.76180968833198,8.10128582040222,8.83602322073087,7.77854032983893,7.55543624720618,7.12485466493513,6.20191642425082,11.2894316197089,7.87324281204058,8.98044313162408,8.11229719853166,7.48513515725991,7.73683634200237,6.98865581260041,7.7499916009418,6.8797086879822,12.1103659314863,7.71250759052668,6.79324535169338,13.0520162690908,8.03396078659301,7.0767602683822,12.0620466978905,11.6918286697772,7.22928537083988,7.29657769670369,9.40152950969184,7.60268960132355,8.02137773888046,8.47163954887647,6.68242731314862,10.1554617587681,10.3929307110888,7.40165637187427,7.7604249380373,7.58436919574597,8.22307990844113,8.41297863357982,7.57584181328101,8.71173860787854,9.03159664919137,10.4752709233253,7.64919507593252,8.1795469561528,7.51557412171757,9.35245696556435,11.7447305291094,7.78596778459442,9.3191759299806,6.71912390228953,7.5121050491943,8.95730442571127,8.26710816203326,7.93857305272872,8.34609821591745,7.92138121024695,8.77786716794347,8.75453618309721,8.05650292115839,7.00047421318996,8.93974911264293,7.71578442775021,8.01985484945656,7.69051055065403,10.0163319396395,8.55799709352675,10.2424358733506,7.04239197795454,8.27220896564901,6.6368819755851,7.04110340147611,7.77720082629757,10.012032963192,7.61865883281205,5.46593433619142,7.03097603043059,9.16796334254685,9.05781186708204,12.2309428819148,8.09672363574945,6.47257797330539,7.22768441761776,8.02318714195999,7.98906005525209,9.59741344826964,7.67561363838429,6.49974242616916,6.7537341402342
"franc_19",4.88204340501352,2.81614010336791,4.4595866408039,3.88760689635006,4.70531647350201,5.11991534953306,9.01132076811855,4.31674285484043,3.53708156628311,7.60178004025624,3.97984705735599,4.44189977112737,7.16999561968519,13.5188876738497,3.96904782414328,3.68766380302006,4.75307707120526,3.31905590375718,6.56756737712086,0,7.7141724225108,7.19375312787641,9.88243370595198,3.83698540646391,4.14625557295646,4.16956619046964,4.72327841177309,3.51762878395579,2.76290261090815,2.01223908483183,9.45664342591822,4.7901317741869,4.35036360993313,3.69903397643299,1.86136063634811,3.237654902201,3.09749954773572,4.0490969867478,3.20027471571107,10.3645767680839,2.77367980856008,2.68331333132497,11.4494510233785,3.30085095191313,3.1861831294619,12.8260554342498,9.975232029077,3.38904438625713,3.34975870797898,6.86950519722217,3.82347400349458,3.78836432974957,5.95442193227954,3.23402472777748,5.22508200334898,6.94721780220364,4.09066022940071,4.02956142814944,2.50997778731974,4.22916149916147,4.33681801412798,4.1100062874063,4.38404490280125,5.69833053323429,5.66609338805483,3.97220903792282,3.25311844361581,5.21643019298541,4.59524865040402,9.79124392002446,3.2814516414346,4.21546015702172,3.44170925239803,4.06730613089122,4.44909795447991,3.50456437321309,4.12111832781118,6.26907650947331,5.46565243418045,4.47116654823189,5.81592739261533,4.30362786835684,4.37312253075101,3.97034029016815,4.64422041131297,3.29320872461248,3.95203967817948,7.5995542324699,4.62179924084126,5.63343484139371,3.0610952673153,3.26955299345046,3.45897022431462,4.70492104347728,3.28792131104382,7.58665786251481,3.75300951935786,3.46466190500567,3.10579290988267,4.25523170081122,6.49700636810851,7.80556413619259,5.31165506890526,2.69099670538779,3.05643643244567,4.72812490487643,3.34530191136963,6.69465791479398,5.16079764390535,5.51981521841793,3.02128732589121
