"","jarjarbinks_15","kubo_15","iris_17","kubo_17","lambchop_17","wolverine_17","hamlet_18","hera_18","iris_18","jarjarbinks_18","kubo_18","lambchop_18","wolverine_18","ophelia_19","wolverine_19","goose_20","hamlet_20","hera_20","iris_20","korra_20","ophelia_20","hamlet_21","jarjarbinks_21","korra_21","kubo_21","goose_22","hamlet_22","hera_22","iris_22","korra_22","kubo_22","hamlet_23","iris_23","korra_23","goose_24","hera_24","kubo_24","ophelia_24","wolverine_24","kubo_25","lambchop_25","buddy_44","franc_44","ginger_44","ivy_44","joans_44","marshmallow_44","buddy_45","franc_45","grogu_45","henry_45","ivy_45","joans_45","marshmallow_45","buddy_46","charles_46","ivy_46","joans_46","marshmallow_46","franc_47","ginger_47","ivy_47","marshmallow_47","buddy_48","charles_48","franc_48","grogu_48","henry_48","ivy_48","joans_48","marshmallow_48","charles_49","franc_49","ginger_49","henry_49","ivy_49","joans_49","marshmallow_49","buddy_50","charles_50","franc_50","ginger_50","grogu_50","ivy_50","joans_50","charles_51","franc_51","joans_51","buddy_52","charles_52","ginger_52","grogu_52","marshmallow_52","franc_53","marshmallow_53","charles_55","ginger_55","ivy_55","buddy_56","franc_56","grogu_56","joans_56"
"jarjarbinks_15",0,3.15996923427439,3.47844791923977,3.31717002709803,8.67783002034957,4.32687121159401,3.29387786770072,3.27007921359955,4.04459745985564,3.52165380372085,3.4899599819367,7.76312526189898,3.24304082683547,2.63047282971606,4.31290618964425,3.80705239342677,5.10701532211426,4.158087290441,3.09019421106994,5.07794041147799,4.18451909667388,2.91975310631648,3.99593042769294,4.27046639639594,2.86730236973084,3.9601079331033,7.07173768427598,5.1266333097428,3.38106047473595,5.23622799568604,2.70355223527848,2.50012508958899,3.10886406043362,4.89304970838681,3.00463816204853,3.01503500012443,3.83617540683502,2.20270032209798,4.69725456962137,4.07949673652803,6.96538997015363,4.02571671145871,6.85496864983961,3.76849418670899,3.27777549913486,4.39620322108569,4.15440985742329,3.79173131862378,3.77912185579034,3.38020096320911,3.5201992621453,5.90048416967922,4.47419913023347,8.56884920992834,4.81712462739292,4.02093709187077,3.96382029986284,3.94801598442439,4.51798586771893,3.48326083830012,3.89229353918295,2.98234884432296,5.49282129804392,5.87118451596865,3.83611492567504,4.97393052899049,10.7809759056856,3.29683748076976,3.61781882956887,4.93993354801461,4.33410292865196,9.28338065233305,4.9479001456077,4.24631510539907,3.60594897640367,3.10619888240138,4.13068527128045,3.53329959934379,6.21178641427808,3.49431728345378,3.89969335551399,3.81004999098812,6.64669222746599,3.67492737981353,3.99615810591085,3.6028247229201,4.06127868055589,5.29507071387045,2.93055442875988,5.07257132873976,3.3833678476193,8.4406868789942,4.06400425437467,5.46766350713363,10.1760078025365,6.68783108255951,3.81365821599553,4.91057888013338,5.44201677374854,2.95310200584588,8.47177350189997,3.99758336674224
"kubo_15",3.15996923427439,0,5.48487718411311,2.82892865054287,7.73607245477621,4.7730033749451,4.71922144395415,4.82216317661825,5.86486529076053,4.69233580812434,4.20636289740121,6.83745886226902,4.11427969337292,4.47750093293374,5.60049550959614,5.10235997780302,5.84134612996316,6.02796810170415,4.16270101719239,5.11181278254473,4.85938051912262,3.29984799320837,5.17131610694427,3.95791723970005,3.25541309773781,3.5072359200359,7.03467693029282,6.35981661064648,4.11636449967689,4.57775537274734,3.13729207403919,3.55973977231986,4.4952803234389,4.13812630365578,3.86425503339007,4.7733817364978,2.74279358744498,4.13001130662448,4.90457480303038,5.89265581354376,6.71214716829503,5.77632382366799,7.57179605052478,4.35528794053414,3.89218835050157,5.60028147385619,5.38612439045477,4.87037451492656,4.7162572644385,3.96373919072256,4.26867943325102,6.53486439160424,5.82473176149211,10.0643898880798,6.43462692692573,5.23178809572873,3.88195690047657,5.17693928308978,5.75464956703641,4.86625521410717,2.60851457872832,3.36974103810116,5.8621939112792,7.08098909050228,5.45702892661865,6.36677584182678,12.313020028491,4.58536064924621,5.17330819210088,5.9353102640238,4.1537346416721,9.37304331656028,6.43560891833853,4.27343981300083,4.35022571092939,3.05742052766983,5.5885222456516,4.1796890452114,6.77523506247598,4.94178904745653,4.6064290863123,4.1537225186452,8.1505495893947,4.32458049003247,5.50577821457285,5.35753816129072,5.296341614217,6.85985069331619,4.31079569176705,7.11007334464617,4.34824530565931,10.026755020866,4.78053938570432,6.52906546985438,11.6834616223434,8.17917089029891,4.24603219555939,6.6790795535648,5.11841578517454,4.50739410669395,10.0731765117618,4.47812775463548
"iris_17",3.47844791923977,5.48487718411311,0,5.03701053761181,10.0546676711193,5.47256261281763,5.26612327821675,5.05492623791978,1.25178178609429,5.25364668556102,4.55851982607417,9.31662070859642,4.7208980518746,4.59762630452104,2.08021992172863,5.54758620880039,6.55946744706209,5.24316537093708,3.11963983697688,5.91914764420471,5.85837517783594,5.51629319465235,5.45148169476651,5.72803351985052,4.47532278113575,5.63249453765949,8.53862260112584,6.74149796257747,4.08036872312177,6.50112456852322,4.38564847389578,4.57997497935579,4.71224296229415,6.39292335530816,4.81295295981155,4.49070945259862,5.69969324565616,3.26297798936579,5.68695251163967,4.80155396131774,8.7802483976949,4.67340786136308,7.19582351700218,5.16238618270719,5.07018356236238,5.94314381871589,5.24062955515135,5.68637042601325,4.53878933124944,5.14472981728692,5.34060940627503,6.44753407376961,5.99538925143603,9.065091674408,5.12468250302279,5.60719532188928,6.24983925989908,5.67434056031518,6.08807479091209,4.15941807742645,5.82752028150724,4.73545628982603,6.33619931943459,7.06780678137364,2.33057862865082,4.71865196364723,10.944295058678,4.48888173656886,3.47848307907323,6.4177008704336,5.78484593122108,10.1392600685492,5.02059698308763,6.24935972610844,4.91376076794014,4.42197269466106,5.30881541253007,5.18267715345362,7.47896436853935,4.87031832678572,5.07962016740422,5.74306157849713,7.3824243252196,5.02788001171815,5.30796925950105,4.57364391166592,4.03197578623743,6.01729693052002,4.34940449272302,4.8496670544081,5.13370570347429,8.83698855126467,4.94122345828956,5.25341638466839,10.4969133339301,6.92742214306816,5.23430025677147,5.55439778289237,7.3208545299654,4.14010237627839,8.84382199906643,6.10941081093328
"kubo_17",3.31717002709803,2.82892865054287,5.03701053761181,0,8.86585879106694,2.92662489928733,4.47485219302615,4.30548667011566,5.44346553137778,4.15362685315933,1.94987980787626,7.80614502982589,2.88128442245287,3.88036642002262,5.25840511475672,4.39315014792436,6.04106282868992,5.59806083594835,3.88778188651817,5.07293056596328,5.149032306832,3.21244284881218,4.63084414004472,3.9786559348229,2.16024499976727,3.77861702425836,7.71165089335015,6.28234650694662,2.92846309312331,4.90364785701956,1.52228545186275,3.94624589180267,3.76539672011726,4.4560332772766,3.05991662863934,4.08108299802033,2.5335181176583,3.10049866330137,3.15328694120906,5.15887404679222,7.1252635131682,5.43461343977254,8.02802797114152,2.24025252403548,3.25607335980479,5.00719759241718,4.42844995610958,4.09824132626455,3.72771298511354,2.49731612312096,2.78985028827626,6.29959503907921,5.26224624761654,9.92642144355613,5.43247820032882,4.51100062807837,3.53217012955704,4.56346309213753,5.41156719387762,3.59335945006026,1.57971701203365,2.83246695097763,5.98895839852498,6.9333911518328,5.40312926903405,4.87134102310292,12.1711526702365,3.43452130445562,4.38543845452535,6.08931456751697,4.3416868197756,9.5655549645353,5.20986145561431,3.213330520319,2.33970904616067,2.42105078597025,4.69779789786749,3.79631770966278,7.16299135426217,4.77208447889188,2.49810053254064,2.71218685422176,7.83513645573611,2.39826789018591,4.64527815643536,5.38880049830746,3.56049695957284,6.08456400772225,3.00839810187185,7.24674761035219,2.84085329086818,9.83895264968192,4.22664656404052,4.40597738228132,11.6209294649765,8.21438833370761,2.26482998321959,6.49064611198095,5.67354815001158,3.70713392271697,9.90989192841893,3.72479311895006
"lambchop_17",8.67783002034957,7.73607245477621,10.0546676711193,8.86585879106694,0,10.6609778372719,8.5350621042906,8.79265330325331,10.2654261029507,8.39117841935823,9.97257777523927,3.32750842292074,9.78933082797338,8.92563775885226,10.6300872279878,8.87790206609833,8.10406712053105,8.98780479031895,9.82227324274564,7.31484039944799,8.45032259249582,8.2050162526587,8.47251703255668,7.02378559020292,8.23595485067633,6.49291985636391,7.57853382910435,8.78191602581468,10.0474475651469,6.79732815344194,8.45865771874752,8.28020030852457,9.07264925098274,6.54930562424907,8.26079747550097,8.72654295606693,7.39858719336865,9.75935729428106,10.9078586236426,9.21228910592709,6.44415129182029,9.00010183497033,9.15913514224022,10.1013565886011,8.26375926255659,8.96043733689726,8.97243397352225,8.9360226956875,8.46857401120762,9.4871058051241,9.66328752586199,8.82536477744524,8.92635535309936,10.4717117778624,9.72358874860421,8.98912341257966,9.04300001694662,8.89051804668077,8.58190553076158,9.31337335906632,8.29627191559982,9.05195670936293,6.97275114107921,8.8067910777473,9.68885295589197,10.3922229100326,12.1237564130277,8.85407721385345,9.34005715010021,8.14746883229359,6.72771370060828,11.3283998871635,10.0185856366261,9.75283362854766,9.8935385567858,8.46649428305343,9.09110210417959,7.55548053687192,8.19315825202,8.87509614389803,10.0182379698207,9.72015502291162,9.56309154973077,9.89595316137474,9.09172913420796,8.41386594829753,9.97407620566551,9.52010989894749,9.12070651324928,9.257851570252,9.55712687463615,10.596992982477,7.76533147380438,11.3044788566514,11.5037340102355,9.41355456553344,9.99935651451524,8.98723772296584,7.27798664146682,8.96460652470407,10.5619074292984,9.28427689090547
"wolverine_17",4.32687121159401,4.7730033749451,5.47256261281763,2.92662489928733,10.6609778372719,0,5.07759836752503,5.14524647051993,6.14341279030503,5.50498563898417,2.45969233085293,9.55412996374533,1.6225584626272,4.67787735778383,5.6032419386365,4.99301237022541,7.99136292682164,6.73544991812604,3.90351299211072,7.49009965610465,7.17223767342018,4.9718495703887,6.09353519934353,6.44753390859325,4.29401214614749,6.03985645333331,9.9813330184451,6.87606296315906,2.18849072650962,7.39749332690281,3.5752751801864,4.97466762739795,3.82616036290897,7.01156519079211,4.53798190350416,4.92416891339893,5.28861038307043,3.72941876226635,0.844227810499577,6.20750404936775,8.09304667596765,6.54766942113638,9.31484725997413,2.37933938880509,4.81276718569306,5.99512414392238,5.71307833701053,4.74960470745921,5.41920794586012,3.71983644145093,2.89222376773685,7.54498122516029,6.08870263562819,11.086812155099,6.56640030146066,5.53304077671894,4.19836953411268,5.31453661365871,6.44293359973034,4.40049386974786,3.93058858540362,3.45744284121294,8.16508226788166,8.05808807913118,5.96091330203159,5.70842159902062,13.3468868614585,4.76844150613104,5.11423655538856,7.50057053179247,6.74536063569175,10.7842426330544,6.2083643691403,3.54257595498155,2.5881478692173,3.5653484545961,5.59039565929502,5.59694036067522,9.31366646141361,5.05468765201631,2.4662623416641,2.68388427614325,8.90363791913073,2.39735419373054,5.48087818181688,6.23117003584414,4.41797846159232,7.13163229364276,3.72197479176241,8.25197647415136,2.94455704734228,10.9703004535851,6.32138760813531,4.36194430563389,12.770419183932,9.68758282928749,2.79097824446665,7.5687389175345,8.05011437015323,4.89398109151571,11.0439284177841,3.76072812857419
"hamlet_18",3.29387786770072,4.71922144395415,5.26612327821675,4.47485219302615,8.5350621042906,5.07759836752503,0,1.18990458191091,5.94669048370031,2.14296275764466,4.57745003064378,7.46491410325105,3.91831845931193,2.25255439688747,6.10436436002754,1.10697342009504,5.28466315466701,2.87011025466916,4.20729161592537,5.72929390464996,5.57103077262814,3.35204448336406,2.92060818211948,5.03185572784692,3.9740684822685,4.14733435506079,7.29229734369289,2.1154040809461,4.16988490907052,6.17467486134352,3.54876641402787,2.05748519337891,1.69756386472684,5.69843417182531,2.19352670887522,1.61038605941663,4.74058264012463,4.37267618365881,5.71219457848951,3.21727253962801,6.23935922462203,3.24883574020406,6.32867590002517,4.17678081659843,2.25266543997118,2.02045774743858,2.94857148867689,1.35825599187766,3.79529203506646,3.98203002513282,2.94006113179847,5.34537008322799,1.792501719633,6.7060925621055,4.22446236654134,1.98931338610168,3.26329029501152,1.26449993612182,1.92322214208705,2.95867059358386,4.61215383232438,3.13669392285731,5.49299140451942,3.69319413121091,5.15931251064665,5.06402285862127,9.12402360597518,3.49981730456138,3.30028225951736,3.14712317579083,4.31573435667552,9.62518492191525,4.48373968314231,3.64941419881242,3.80558882570827,3.58739691676294,2.28344929621927,2.56382175698433,6.34151311204421,2.15397337971848,3.89505491417123,3.35910898437232,4.60389400143392,3.65913856944707,1.95669951946645,2.73175894128444,4.77427381898691,3.66173061812523,2.37619120937992,4.69475514432154,2.67891135798484,6.67975012953302,4.53285521669119,6.1384751887156,8.37861822767838,6.50839502406505,4.06316764789714,3.77867420849628,5.68310482549923,2.83971533780896,6.77112813450901,2.51003382497275
"hera_18",3.27007921359955,4.82216317661825,5.05492623791978,4.30548667011566,8.79265330325331,5.14524647051993,1.18990458191091,0,5.593482763607,1.50704578240478,4.19121620462096,7.60211305094845,4.17470330103404,1.8650059974775,5.90318776942635,1.06748179603152,5.20821391112311,2.20604720966445,4.26951324891672,5.34296552986553,5.38816073667427,3.46682258517683,2.25566883447923,4.82778117550176,3.65309541955554,4.15579015966612,7.26239503216649,2.62800126649578,4.25267204104134,6.03147124210704,3.25252338439882,2.04841748681828,2.13789467118802,5.53201642810128,1.77288880004289,1.11181518989422,4.50121042787197,3.92611327636081,5.79320439138789,2.40484476306308,6.50480950774228,2.62135859906319,6.16883304431967,3.79939059082724,1.75610206265241,1.31394626336213,2.1081779018906,1.136747087712,3.23850477943349,3.48650762167492,2.71043386271216,5.0560857337613,1.38698689982575,6.38452654487748,3.40723527971039,1.08327422927836,3.32854135201332,0.873851201889615,1.59162954154235,2.44315791953611,4.42474767079918,3.12437572783416,5.20690299553907,3.30895398287781,5.06010220709058,4.36192810469073,8.76972729534415,3.05824597719866,2.96912631601801,2.79987710329019,4.01113643744302,9.48407978601792,3.71198195808757,3.49054770011544,3.40685511052296,3.64387644628888,1.60312215858765,2.24402047278552,6.12544678597653,2.66582348418336,3.57658775499107,3.26271412223337,4.23705073326219,3.37974733785234,1.20586680075205,2.78728735175296,4.23171872404874,2.92448682410488,2.00331138930998,4.41407416539257,2.48193375928832,6.30222647214944,4.04198290247665,5.64709588707498,8.10233817931485,6.1860232658303,3.61437437452846,3.33737891239595,5.60536471015085,2.07444356693159,6.42087192077112,2.8135405493453
"iris_18",4.04459745985564,5.86486529076053,1.25178178609429,5.44346553137778,10.2654261029507,6.14341279030503,5.94669048370031,5.593482763607,0,5.64646802142283,4.89449118757462,9.57087548005099,5.47994651898,5.02566978203766,2.02311666550412,6.15130704733894,6.77661197186209,5.55449835980747,3.75015564365987,5.80548293667355,6.01554924496485,6.00556222205009,5.71795117624472,5.80976786535142,4.71517452192914,5.90417840703574,8.58710604835892,7.3697424667978,4.73575085407855,6.50188133313969,4.76305275006412,5.0960831075313,5.45102284883103,6.45159566478663,5.25243534280747,4.99747788288074,5.89886141948183,3.55582331733239,6.29346058130857,5.04541045949216,9.26312858017885,4.84851308619658,7.19936430986597,5.5735294849722,5.50313478866211,6.40196893394271,5.52942628516734,6.28551904993072,4.67633165451764,5.38685431875265,5.93628291752317,6.63251025556447,6.49901061834767,9.17742003994371,5.15821328400451,6.04682610757681,6.80892048239411,6.24178489328525,6.55308101994892,4.55061833149332,6.18099697836008,5.22257131742374,6.29057608487297,7.37756922854822,2.6252881109847,4.7387130949325,10.939634441446,4.63478875169676,3.91124518077778,6.70212341243208,5.9069506359585,10.1342006489643,5.10980726831072,6.83039572787788,5.38148684382898,4.95665460476903,5.73682156059961,5.53915623660412,7.44256005130689,5.62987672408382,5.61919983008293,6.35281037935076,7.62850945280926,5.5981282252341,5.76015929677975,5.0629928843085,4.10314830305799,6.23821535107616,4.85371639077264,5.04043705770851,5.74375515883285,8.93465918669881,4.9200381375454,5.41348752394206,10.5623892792516,6.64909013079289,5.66355477056829,5.74696634901935,7.50567680358789,4.44399431851116,8.92252152197735,6.83716970322462
"jarjarbinks_18",3.52165380372085,4.69233580812434,5.25364668556102,4.15362685315933,8.39117841935823,5.50498563898417,2.14296275764466,1.50704578240478,5.64646802142283,0,4.23658329123575,7.33313072349327,4.61474892367648,1.92524639889881,6.02995713360568,1.82144399296302,4.59565851616448,2.1414462414601,4.66735404532144,4.52066869077746,4.69538356549345,3.27480225765108,0.987278376190572,4.00740658611533,3.23095622771286,3.43436648190115,6.54265193554174,3.27614514004062,4.62782832384309,5.18796828073944,2.87784243621557,2.54368054482095,2.78094182389883,4.66627176549771,1.36967164824471,1.76863322712454,3.8673455819772,4.07497797727871,6.09171157543854,2.39572912537642,6.61275409343915,2.75775361228598,6.0394878023295,3.94947507740724,1.89739991240652,1.90209900662077,2.08020039692882,1.94985677224961,2.8422658816032,3.44464087957216,3.09670262324624,4.90233097367886,1.91880635148952,6.29357394687898,3.19651570137654,1.66853140853583,3.95445892758896,1.79872045950302,1.94595709236509,2.64311375535992,4.21352044009429,3.58683512797389,4.33555898479358,3.47930426556743,5.3077391938082,4.22190426793801,8.60459182853548,2.92264349031261,3.26886422356092,2.52177656734262,3.22770331345179,9.3180107515877,3.58461766424247,4.02473203390069,3.57461505678807,3.86772438727667,1.95011905361963,1.83432527909447,5.51156662750169,3.37594768232669,3.90552897429103,3.70008505270597,4.25806383020969,3.79187910471899,1.60211094171555,3.1967781114707,4.16844709810939,2.87492094792933,2.37048232916962,4.56833059404748,2.84875949858545,6.20199702612375,3.15443058520241,5.60141599350803,7.99687319427262,6.00058431624501,3.90091116058346,3.38806814440781,4.93494111153453,2.39497892074189,6.30493286351347,3.5329747000091
"kubo_18",3.4899599819367,4.20636289740121,4.55851982607417,1.94987980787626,9.97257777523927,2.45969233085293,4.57745003064378,4.19121620462096,4.89449118757462,4.23658329123575,0,8.76915573086748,2.58103102587731,3.51518797773331,4.78234731623999,4.30502315502589,6.76668347319102,5.37069489371125,3.70593919220768,5.80127417966205,5.91799826758282,4.22615067150255,4.62470751242248,5.0480952717412,2.56801743566352,4.95140636913113,8.7369159931872,6.4331604836624,2.5265563808338,6.10222297797189,2.07311457671997,4.12074605918741,3.63110455607334,5.70368054600756,3.29097534478191,3.8217143243118,3.99928553833256,2.28011350992651,2.76217549486386,4.64285374015172,7.86991124184077,5.03340015588351,8.01739822220046,1.19264727511738,3.56993614992328,4.90977897085519,4.14813698900983,4.07451584072914,3.67666804361967,2.0969530921578,2.45157809580915,6.25540394474263,5.15247808089082,9.73478297855892,4.77921132016589,4.35321206649827,3.92091929948359,4.5176526420454,5.44297170942086,3.00720330950182,3.10099740326835,2.72741472212123,6.61166844261191,6.8306862658241,5.05232408145345,3.94237701166493,11.9123407970654,3.00037979459007,4.02047676567256,6.2300928577878,5.25878990851935,9.78765613178194,4.48852618594672,3.39755200833391,1.39216514999073,3.04513841603178,4.37084731284312,4.30625652668981,7.76351879112087,4.84375597643845,1.74492011460502,2.64984167866468,7.6369752559192,1.85726885301423,4.33050192292497,5.27311522465143,2.55750774008483,5.66841349326513,2.54870159044472,6.9817357896006,2.43742200035586,9.59334992817478,4.53771613688347,3.14350148514858,11.428114281275,8.02095062259649,1.63993545308111,6.14928291357826,6.85240691394077,3.24735981262425,9.65717546265324,3.96361164535478
"lambchop_18",7.76312526189898,6.83745886226902,9.31662070859642,7.80614502982589,3.32750842292074,9.55412996374533,7.46491410325105,7.60211305094845,9.57087548005099,7.33313072349327,8.76915573086748,0,8.74073521164349,7.79281464338623,9.83115035976282,7.71674676737958,7.74188125664021,8.00294228732724,8.83084212121153,7.04041616585521,8.00756048129682,7.32416508263431,7.47763089403362,6.65397850125547,7.22763984704654,6.1157067051884,7.78434853208031,7.82025784804816,8.97130570434242,6.79742766065419,7.44489155370051,7.18086412063203,8.03466174710414,6.4478844156343,7.18419194265559,7.64080120437174,6.64826081310426,8.68249052091032,9.82798478974874,8.10100260847794,6.86230815452867,7.96433155059208,8.47190950100516,8.79127609502553,7.0496855949732,7.6729260299263,7.74495921840808,7.66885561146806,7.52703769805861,8.18067557482123,8.335192619882,7.85852858287292,7.75807218906954,9.79596372807409,8.64430846830337,7.6724735251948,7.58720502365166,7.66249147681542,7.46444593026732,8.14685743612525,7.20194631360835,7.76307000044578,6.86508586087044,7.39919758261754,8.81564943823522,9.30094507769374,11.6264872067299,7.82676632879827,8.28761078171946,7.00794568738434,6.1596773251088,10.745559511334,8.91183143965191,8.28652882365536,8.59679423624593,7.38243430740473,7.91758483860474,6.62249379913205,7.87635115794556,7.88718543420298,8.74172740859273,8.36660509282167,8.67051742385418,8.60441021635126,7.91394199177602,7.35611031518806,8.9151281334539,8.410008533533,7.95647286409064,8.52683271143345,8.29406523659691,9.90954295389524,7.17335695010756,10.227778928009,10.9984161859464,8.96252862445558,8.6073934949022,8.03244514773569,6.93756087517485,7.72385216666656,9.91613600078481,8.01342566908862
"wolverine_18",3.24304082683547,4.11427969337292,4.7208980518746,2.88128442245287,9.78933082797338,1.6225584626272,3.91831845931193,4.17470330103404,5.47994651898,4.61474892367648,2.58103102587731,8.74073521164349,0,3.634586589676,5.0773399561442,4.04014392992233,7.11736053081941,5.74656394500758,3.14389267936015,6.78780799941241,6.45136448655636,4.21536387383688,5.22705368439707,5.76104283348924,3.6254787662604,5.18647833695279,9.13718716566218,5.74567998524101,1.72453469426712,6.7657750448387,3.01932153796496,3.83998955270736,2.67037013968037,6.38350170936983,3.68264686826974,3.89364152166338,4.85002332334607,3.19400701400647,2.07748022480693,5.3261138778749,7.46377481475234,5.5336256603458,8.22943945744177,2.56358359701515,4.00269741003671,5.14680331973004,4.97489534586178,3.92526647161152,4.69080374003394,3.43736109588599,2.53293961045702,6.68230155551231,5.15503008939198,10.0364352544869,5.85847018258456,4.73346009985211,3.62670560376754,4.41373627102248,5.44808993312499,3.67831660497871,3.81102159684576,2.59916354336187,7.2742394755023,7.05020555955024,5.02222284164675,5.31291817461611,12.3280940396634,3.99072710548207,4.28553536219359,6.41925270415117,5.93531965155459,10.1742877196778,5.62721356620136,3.43921892202086,2.512863074471,2.88843546542285,4.74922374960716,4.68650312959074,8.40133872642254,3.8411188172529,2.56267148930198,2.54492240943032,7.89577055365881,2.37793744868526,4.62012265005724,4.93371405185921,4.10478624814327,6.31099897752584,2.9262686393557,7.063626396268,2.42575935506502,9.943987813313,5.57480009416781,4.60682042656029,11.7019170197572,8.60616960887947,2.9145859101228,6.42529241585233,7.31483911874317,4.04535057542175,9.98916790086279,3.17086051579204
"ophelia_19",2.63047282971606,4.47750093293374,4.59762630452104,3.88036642002262,8.92563775885226,4.67787735778383,2.25255439688747,1.8650059974775,5.02566978203766,1.92524639889881,3.51518797773331,7.79281464338623,3.634586589676,0,5.30949242765867,2.32861460907304,5.5122125300198,3.00890322314436,3.85162850828288,5.34522770113317,5.12060543052649,3.49060629448069,2.39943869904938,4.72398953985433,3.14178199944657,4.1896628946206,7.48791617420441,3.91962961630775,3.8059275052246,5.88578625597393,2.76770873178954,2.46328652100538,2.48677528071042,5.4121556751295,2.05232320169271,1.92719483724748,4.31095563307849,2.94397766874517,5.18530033997429,2.93585017991608,6.87049425192003,3.18052472154263,6.48413346909792,3.32117999299489,2.45953173352801,2.85308171481073,2.98351453362398,2.32860660190155,3.31156269195916,2.64287776024059,2.65013601471086,5.3910051287082,2.893152457593,7.32728100774439,3.74796362628955,2.4675050702448,3.46237068423513,2.46449879510805,3.05738398563706,2.71382995246164,4.18046165667246,2.92360820787047,5.37105465100838,4.47544358335974,4.61995826084047,4.4238580557776,9.61787488144899,2.58976581987799,3.22305340444439,3.70508896300242,4.2748337327891,9.11579593003411,4.11323969979062,3.69068001133161,3.14256515382439,3.42061446466735,2.77066690280741,2.89858912060075,6.36548953240539,3.0759952056866,3.61435886885201,3.20767150026526,5.33734797903443,3.43799750025049,2.39801200708255,3.05549015731888,3.91699392666142,3.87093185288209,2.13237763549227,4.80401225949706,2.44168628564468,7.21747994642536,3.85788045381835,5.36196227268652,9.00512877970239,6.16760306689818,3.43779970541451,3.86758769231086,5.92096145725273,2.218551301133,7.2658896966256,3.2779180981465
"wolverine_19",4.31290618964425,5.60049550959614,2.08021992172863,5.25840511475672,10.6300872279878,5.6032419386365,6.10436436002754,5.90318776942635,2.02311666550412,6.02995713360568,4.78234731623999,9.83115035976282,5.0773399561442,5.30949242765867,0,6.32252905541377,7.52235862662143,6.36786047955537,2.65850691645595,6.69208478548494,6.67011237103994,6.11215622171173,6.2802584597206,6.40608944892655,5.03975697129445,6.33465866934566,9.31592225134868,7.65394834998367,3.91227648321265,7.10715937199391,4.87176166411107,5.21317191869834,5.42083262310978,6.98624489588505,5.51784068810647,5.44857224945463,6.11449707322541,3.93735388476897,5.60223013634882,5.88034434897865,9.26100701245465,5.66241050025177,7.66987660215863,5.34182266440528,5.74588629582721,6.75801280769487,6.09269201618764,6.36378416728326,5.42431318732306,5.36452675416898,5.69830693654204,7.10805331595651,6.86042922775892,10.152319579697,6.07483505790845,6.37395186947313,6.4609268445746,6.43360078102627,6.96442193474296,4.77661486870564,5.97980362446606,4.8661401451736,7.26419669979572,7.96665767749697,2.77318126699205,5.46322342348584,12.0489403104222,5.1544647452437,3.86892361988251,7.26197734740352,6.54212102908294,10.4736721902793,5.90758785846154,6.43045198821024,5.23674906756479,4.42318705194898,6.19886954958211,6.02653651315401,8.31158022143085,5.79832508640227,5.44774228581123,5.97406071444313,8.4553939070445,5.37712464869773,6.1574505701261,5.69858184588998,4.5777119049344,6.99882670038073,5.01008088515199,6.23398523715924,5.58636894997969,9.95791873003167,5.83757220533496,5.70860506311618,11.6070717476556,7.86198939919442,5.46175815700603,6.64155374980243,8.00989346000618,4.96253780314145,9.97027654813083,6.50194993137795
"goose_20",3.80705239342677,5.10235997780302,5.54758620880039,4.39315014792436,8.87790206609833,4.99301237022541,1.10697342009504,1.06748179603152,6.15130704733894,1.82144399296302,4.30502315502589,7.71674676737958,4.04014392992233,2.32861460907304,6.32252905541377,0,5.38327226585056,2.65656913339476,4.5356367094476,5.66822378172386,5.76301980206285,3.60380335044333,2.53793667863531,5.04582710816021,3.84502541587051,4.28990348232532,7.46789315711415,2.34703998675881,4.22241611072214,6.24874726125562,3.39919925769389,2.45520579955503,1.76788106181892,5.75594131102113,1.89689856771779,1.41736067733777,4.75699657328558,4.46142618552885,5.66863587195624,2.80123205678291,6.5203948883598,3.05898878054592,6.35920583182277,3.80773444886051,2.07210935779315,1.45500146708421,2.3021446613021,0.786383124684195,3.47439993434074,3.81237678259503,2.60026830698315,5.17349914129941,1.19280297976158,6.46731797830605,3.67648901393249,1.38360804136253,3.42338878284098,0.681464919378214,1.5875684320176,2.46054900423048,4.58649122468282,3.1674704597821,5.46350862407977,3.4035406423641,5.5014839507987,4.47632636370515,8.86609257235797,3.25733251149639,3.21931751447567,3.03419753586508,4.32907280510905,9.71748409468464,3.86488614216843,3.52575295611904,3.35881312444869,3.77911694121085,1.54476170873288,2.45834176905222,6.40691056021,2.70714073878487,3.4351753890787,3.15285538453784,4.27733546470237,3.30039431789248,1.19683816499517,3.10175477853703,4.36480810930265,3.05417339802556,2.00536945154672,4.93746082011574,2.28523651296461,6.42611766674656,4.35097143195563,5.57394263744905,8.17749902049644,6.59358444491353,3.72327326942562,3.67103278579535,5.80755777912918,2.64980372952933,6.54020029096137,2.55957495339946
"hamlet_20",5.10701532211426,5.84134612996316,6.55946744706209,6.04106282868992,8.10406712053105,7.99136292682164,5.28466315466701,5.20821391112311,6.77661197186209,4.59565851616448,6.76668347319102,7.74188125664021,7.11736053081941,5.5122125300198,7.52235862662143,5.38327226585056,0,4.31900607500192,6.97897004021,3.6144494649029,2.39472265513094,3.7328870539351,4.40746933009332,3.46321021411417,4.72096192586221,3.88828670746956,2.87309857096728,5.61183985168491,7.14763148972101,3.91908362470722,5.1232351067055,5.16710584490687,5.67344761007407,3.85501494648464,4.67461960361249,4.90240386123825,4.69979336843937,6.33569954837692,8.43572749267322,4.89869132994396,7.89638136708736,4.79328799879212,6.37414783729228,6.91302613818727,5.03536537891955,5.31275115138271,4.8632033262921,5.66328437422482,4.56839434467476,6.48305131336289,6.55626465732103,6.14952881509164,5.23562238003203,6.73265741970717,5.10498654064907,5.31482016435553,6.94408249780846,5.43065881927255,5.02131603060564,5.36501582069574,6.32757226957404,6.23679822889714,3.34232995285628,5.54851726535523,6.63445004634092,5.89487246462716,8.49573871582352,5.13057666812101,5.71088440058755,4.54537620095363,3.63359398183593,10.0414074473849,5.43547553305138,7.28249120051627,6.54242662210599,6.30483445008404,5.03550017727037,4.07861099772032,2.22512178547538,5.61245089504871,6.71288906946876,6.98022351804671,5.52894771651321,6.68136809168911,5.13475882395202,4.93768514637238,5.97446457323503,5.12203716673689,5.40788533479417,5.30592339516123,6.26682568866176,6.68602911870497,3.74386121376058,7.32118380605895,7.99789604482618,5.92646610226452,6.87992425963543,5.05093398868993,2.18301607264388,5.28515172940766,6.67845939153167,6.81715935248529
"hera_20",4.158087290441,6.02796810170415,5.24316537093708,5.59806083594835,8.98780479031895,6.73544991812604,2.87011025466916,2.20604720966445,5.55449835980747,2.1414462414601,5.37069489371125,8.00294228732724,5.74656394500758,3.00890322314436,6.36786047955537,2.65656913339476,4.31900607500192,0,5.51889167120406,4.72199554934118,4.96181544273507,4.33105209750532,1.98261145026568,4.75571966342099,4.23769435742968,4.47039812267074,6.46726684771649,3.19628009818807,5.73389499265289,5.86467431422715,4.26133502882391,3.20982414222745,3.62095837337782,5.51308342832219,2.84057130216263,2.04281839852865,5.21390634034409,4.74180785033506,7.36966027483283,1.35679150515238,7.44802946869418,1.57114930934188,5.43275851405402,5.24908571321145,3.0762526273156,2.15241182932852,2.04267309963744,3.08687161460789,3.09718580239711,4.85716878825226,4.53323220055472,4.84251576183309,2.01646253744758,4.67497422344696,2.28063294055901,2.240029948787,5.34368010221652,2.55241064632701,1.9661503013896,3.06703707418777,5.85822691319141,4.65795437156996,4.23078769043516,2.55151895574436,5.28734284932035,3.91357487846852,6.91297095964351,3.50458731444191,3.49238428390461,2.08706613274707,3.91248286325416,9.67522963926722,2.93112725291057,5.51515412623753,4.74350984640259,5.20173570666637,1.84073650898931,2.6988032293014,4.97962531063112,3.7195893359593,4.96849546712123,5.21602855200491,2.70827697549937,4.92163522057776,1.82948247521506,2.67080734108591,4.46866779978537,1.60809968282208,3.23876037820254,3.02835167869904,4.20461131931715,4.50204680026184,3.47622625256518,5.92988101922085,6.34306977931406,4.92479438665034,5.14225635309141,1.87901107107474,5.30889679411732,2.67334218946635,4.59527595900006,4.94374464481524
"iris_20",3.09019421106994,4.16270101719239,3.11963983697688,3.88778188651817,9.82227324274564,3.90351299211072,4.20729161592537,4.26951324891672,3.75015564365987,4.66735404532144,3.70593919220768,8.83084212121153,3.14389267936015,3.85162850828288,2.65850691645595,4.5356367094476,6.97897004021,5.51889167120406,0,6.55616459435489,6.27038417805262,4.57430799559484,5.23004868548287,5.83092695793942,4.18314370198492,5.32862711593766,8.87944747498407,5.91434898441958,1.94335775198475,6.74266028283898,3.6429258184082,3.58800461602828,3.47114199544836,6.42268247818107,4.04047255131989,4.08491231551001,5.09631136442601,3.31906331207023,4.04524404283251,5.2266230915291,7.74890505739643,5.0776136742498,7.42902919360143,3.8187201207211,4.18899086543184,5.25549843529988,5.09489358018233,4.45572321454273,4.83311661424827,3.97498015154674,3.69150605896678,6.56066046766594,5.33697368000916,9.65947585870833,5.7479119458638,4.87458459962131,4.24973328467108,4.67363215326807,5.48744867316955,3.71284424832456,4.44607801262776,3.00045195435417,7.00909798104962,6.87486084864626,3.31775837591933,5.40359487585255,11.8632764210651,4.32093040606385,3.02316436108727,6.12550499157919,5.76915347557811,10.1043404916076,5.61104495433125,4.25930279641067,3.74679450186885,2.55709478277327,4.96258034031722,4.78590113234098,8.02787815738594,4.0601530855491,3.91697112909798,3.82398208875026,7.68427586920282,3.66047930190908,4.80164613424355,4.70584896424122,4.36218204786604,6.23724093340024,3.52014050579411,6.17856984646627,3.64834073962548,9.54002102341367,5.54044209814992,5.55706094351987,11.2629334428517,7.98053880647255,3.88256681648809,6.08019018707038,7.21449622952386,3.97168679659918,9.59372109260545,4.13949232803043
"korra_20",5.07794041147799,5.11181278254473,5.91914764420471,5.07293056596328,7.31484039944799,7.49009965610465,5.72929390464996,5.34296552986553,5.80548293667355,4.52066869077746,5.80127417966205,7.04041616585521,6.78780799941241,5.34522770113317,6.69208478548494,5.66822378172386,3.6144494649029,4.72199554934118,6.55616459435489,0,3.76434320930142,4.5939052996402,4.1961674929917,1.79381314170114,3.62886318053957,2.68140727076327,4.300628983545,6.50143541875554,6.65624875689001,2.07321365282462,4.17993463330957,5.05769952891296,5.86548809036476,2.07568671936857,4.20015421027055,4.89563083374725,3.2365445678971,5.51558577757384,7.83108333302094,4.67253757488247,7.9349360426667,4.62513952871048,6.25799308427086,6.20861681423192,4.39908646559158,5.47564835240838,4.44156269388675,5.82786814133429,3.14773233774192,5.6104337021163,6.25512002646404,5.5470185683292,5.63035111316506,7.45379562747287,4.54330463230816,5.29364880634868,6.70479470699516,5.66550205214951,5.39257159592638,4.8769546497327,5.12573589593607,5.76194469035492,1.88956495896597,5.95716052145865,6.05811181053672,4.90759699730671,9.20343818080894,4.35540189046282,5.28952791552028,4.87697607566896,1.99247049126015,9.34264155413187,4.68576366090734,6.93186501785722,5.84558353902569,5.53296620367493,5.06401110046837,3.55022207015633,3.74568954394259,6.01486897942318,6.09940666083615,6.67369321674752,6.13037017072851,6.09466540486243,5.22573286531216,5.13792404637723,4.85673812729772,5.19206297334675,5.06434334320921,5.5618568372567,6.02682577525432,7.36992228297951,1.9963523403618,6.33473516105444,8.81803629617482,5.67152731892044,6.06852065848873,5.07490219496749,3.40534160160339,4.53575385840916,7.36481683493941,6.91655617695134
"ophelia_20",4.18451909667388,4.85938051912262,5.85837517783594,5.149032306832,8.45032259249582,7.17223767342018,5.57103077262814,5.38816073667427,6.01554924496485,4.69538356549345,5.91799826758282,8.00756048129682,6.45136448655636,5.12060543052649,6.67011237103994,5.76301980206285,2.39472265513094,4.96181544273507,6.27038417805262,3.76434320930142,0,3.31475064216261,4.57258962194997,3.29691552920254,4.14275348269819,3.92468586198044,3.96972252186524,6.56535114273431,6.46287514430492,3.66093754197323,4.45001658172859,5.11727865840679,5.73960270370587,3.50991742647412,4.65699031705488,5.16091239306168,3.9589406362961,5.21482927078458,7.49037327702675,5.31036683567695,7.95081875369688,5.37283142183318,7.16925034364206,6.21162013883916,5.10556427130001,5.87528616172522,5.35227824607546,5.86465265198719,4.74349148552982,5.67419856831867,6.10308218118573,6.5875292982966,5.92285782702147,8.38376385085766,5.60523099744013,5.67926018184949,6.62722708702306,5.83144781585133,5.81372480839549,5.46633940396429,5.52405526715389,5.92564186959923,4.1974927614996,6.67520333742299,6.21929222841182,6.01255821435871,10.1992171886586,5.05323208280833,5.75873571080523,5.48272013555603,3.93011732337158,9.87025510833082,5.86660719082622,6.79693807678992,6.00877045728334,5.79082201479229,5.60861082675742,4.532056815078,3.72066602013825,5.84166214264389,6.32326461580341,6.45934703701629,6.96650180179298,6.26254796498879,5.58507844703257,5.44708539880535,5.71848807220455,6.0226359755745,5.33315086149538,5.98852322023035,5.90963492930237,8.25491096333449,3.76501425481663,6.94310405506198,9.7374514430381,6.84082535066684,6.25625185379332,5.89464535963073,2.8292204221945,5.19741402863116,8.2563708472249,6.62133323317987
"hamlet_21",2.91975310631648,3.29984799320837,5.51629319465235,3.21244284881218,8.2050162526587,4.9718495703887,3.35204448336406,3.46682258517683,6.00556222205009,3.27480225765108,4.22615067150255,7.32416508263431,4.21536387383688,3.49060629448069,6.11215622171173,3.60380335044333,3.7328870539351,4.33105209750532,4.57430799559484,4.5939052996402,3.31475064216261,0,3.77466579384718,3.42999535531228,3.01704692316596,3.14131948449068,5.55989426755427,4.6531586313814,4.35878154517096,4.40925310695265,2.8055658942985,3.33023288947314,3.43471535678659,3.94345532221731,2.80543967389946,3.4472899002522,2.91756226067783,4.24059999904347,5.37434220372703,4.63662026575565,6.40789720532415,4.6655019463417,7.04334532171049,4.1161960284049,3.04489954620232,4.08753011368292,4.07150869070746,3.4980672360137,3.93053123747848,3.69510689766828,3.67261048325398,6.02981361193256,4.17942995237409,8.34095939744988,5.1378783942059,3.82326005035475,3.74744270279531,3.69920633821453,4.16396980792892,3.87938145042752,3.47621064258801,3.55492262589973,4.97187887495412,5.64386406012174,5.63109048730157,5.49373865817483,10.5997675623099,3.59491483397499,4.38123744101336,4.60574506731157,3.57753875186135,9.52765598574779,5.30264107441345,4.05472190311832,4.02821270079915,3.51894716040313,4.07744726232862,2.97374037309639,5.06989687918573,3.81838563505953,4.18086228572735,3.79310540890657,6.42663309669904,3.97435474289171,3.94930504441654,4.3375806659458,4.72111173363805,5.24015671060555,3.28763312439832,6.09218199933941,3.54494713520745,8.31121359826753,3.96170898514451,6.07741359901932,9.95332955529367,6.99598545802868,4.0643726215875,5.47873234937365,3.57664585362727,3.82587820344848,8.37049281013261,3.74910974037114
