"","jarjarbinks_15","kubo_15","iris_17","kubo_17","lambchop_17","wolverine_17","hamlet_18","hera_18","iris_18","jarjarbinks_18","kubo_18","lambchop_18","wolverine_18","ophelia_19","wolverine_19","goose_20","hamlet_20","hera_20","iris_20","korra_20","ophelia_20","hamlet_21","jarjarbinks_21","korra_21","kubo_21","goose_22","hamlet_22","hera_22","iris_22","kubo_22","hamlet_23","iris_23","korra_23","hera_24","kubo_24","ophelia_24","wolverine_24","kubo_25","buddy_44","franc_44","ginger_44","ivy_44","joans_44","marshmallow_44","buddy_45","franc_45","grogu_45","henry_45","ivy_45","joans_45","marshmallow_45","buddy_46","charles_46","ivy_46","joans_46","marshmallow_46","franc_47","ginger_47","ivy_47","marshmallow_47","buddy_48","charles_48","franc_48","grogu_48","ivy_48","joans_48","marshmallow_48","charles_49","franc_49","ginger_49","henry_49","ivy_49","joans_49","marshmallow_49","buddy_50","charles_50","franc_50","ginger_50","grogu_50","ivy_50","joans_50","charles_51","franc_51","joans_51","buddy_52","charles_52","ginger_52","grogu_52","marshmallow_52","franc_53","marshmallow_53","charles_55","ginger_55","ivy_55","buddy_56","franc_56","grogu_56","joans_56"
"jarjarbinks_15",0,3.13892862694395,3.43274771894332,3.31204883123953,8.67869813831921,4.2930896404035,3.27150535503319,3.24056435781786,4.09421086342003,3.52287945361601,3.52507672566996,7.74743790900099,3.2432299921058,2.62781348896144,4.31388069266662,3.75542004033053,5.11936175123819,4.17571630477157,3.08533246047271,5.06725423078948,4.17147867695204,2.87888603644948,3.97951010763952,4.25930227552619,2.86844539296854,3.94798381814804,7.06163431782972,5.04552888528171,3.37508849929363,2.70457760010576,2.51474377208533,3.14044526349252,4.84977015266827,2.9554003717238,3.82218984843058,2.20103399043892,4.69682264762949,4.08911865324708,4.00855525226217,6.86599301192129,3.76692426601408,3.25152192015356,4.33255749186873,4.1519135878887,3.78146390026347,3.74712161597293,3.36637117095725,3.51673334978137,5.89320210196458,4.50021449506135,8.58552619574281,4.83304980034104,3.98949085535914,3.94693041914361,3.96076723981568,4.52634995733987,3.47607327782987,3.87999827369766,2.9500871266215,5.49005219035248,5.80759524363687,3.84047836999986,4.96626919134617,10.7852274474977,3.58609123624179,4.91637219482432,4.31775565736655,9.27631831829104,4.93001891505035,4.24783359133293,3.61445904357043,3.13374998908271,4.10295961320694,3.53675034653902,6.18472028128649,3.46878248069821,3.88346890063518,3.79368994852325,6.61971680831695,3.65898991868127,3.99937318967221,3.57607111516011,4.04099146057483,5.30205706390546,2.93229158056379,5.04785594260656,3.3485245458412,8.44781615822171,4.06528892627435,5.43138785987192,10.1653477349385,6.67089852373627,3.81107188051321,4.91656966507254,5.46412407222806,2.95207989976937,8.45276235487754,3.97784744327355
"kubo_15",3.13892862694395,0,5.42442262539561,2.80396311874724,7.75744112315085,4.71577158996012,4.70820080390243,4.80167230142731,5.88573972377537,4.6856349803042,4.21705585491237,6.84612427039869,4.11924565181399,4.46940476329634,5.58802582235726,5.06615922677651,5.86389581072,6.03955620978576,4.1424931589632,5.0932071589792,4.85912693005644,3.29709137289092,5.15865460270637,3.95213594218847,3.25987736398306,3.50547040547885,7.03679586157547,6.302012725007,4.09105749901095,3.11929763938408,3.57990526557707,4.51616301585361,4.11236705774401,4.7662901076147,2.73011304560682,4.12537249250567,4.89304460156277,5.91331810603962,5.75320114006815,7.5910485987184,4.35973670362294,3.90010567563372,5.56277589615553,5.39324440135873,4.87577294746248,4.71309261494448,3.94718665430264,4.26958178695918,6.54625879590646,5.84803404303468,10.0803503313634,6.43771254209344,5.21438800820845,3.88523426247707,5.18623969279768,5.77048672693487,4.84794085727903,2.5924759062443,3.3581864883621,5.85640379497944,7.03779406137043,5.43107743562295,6.36732167730378,12.3182335200797,5.15485059197444,5.92770839993231,4.1511301901196,9.37698047347912,6.41491522748941,4.28175974976872,4.36152843046707,3.07902813096865,5.55878224417926,4.17899348038112,6.76307042102685,4.94156286193691,4.59133807661233,4.15503293340978,8.13166659691658,4.30051826603768,5.51188645807373,5.35082765515788,5.27927488924266,6.86170467575668,4.3003240389271,7.08458956990031,4.32524011640792,10.0363886398736,4.78047987950119,6.49146630504065,11.679498873572,8.16060962920217,4.22932677632503,6.68074562522344,5.13726457561232,4.50597991731355,10.0547034293167,4.47921250771161
"iris_17",3.43274771894332,5.42442262539561,0,5.01123602090772,10.0482061904089,5.39134580687268,5.24369451415868,5.02313419404149,1.30303441538472,5.2571283884135,4.56055633477844,9.29349385298124,4.63782982438841,4.57413571007444,2.10945540926427,5.50061132643922,6.56349491122787,5.25296841976748,3.12110691714889,5.91741499354413,5.81106032103328,5.4261603780642,5.42592620173061,5.70057037620074,4.44248814518339,5.60425304144101,8.52947107208402,6.66420031149389,4.06760827187253,4.38015902133027,4.55626681558294,4.72966068321832,6.32907907096314,4.36636763906033,5.65524446856281,3.18095265782857,5.64857606328956,4.75755246659092,4.67585526272,7.24962216871424,5.1212563733126,5.02411562843539,5.86722867260849,5.23115944476408,5.660342516753,4.43361661001837,5.10563783605514,5.3149480774077,6.45697707203702,6.02897488454663,9.10466883112832,5.15317354069036,5.57582775371169,6.22488718927122,5.69846056031417,6.09847203143839,4.18598102146933,5.79247857340624,4.66467731688693,6.34638673797905,6.99506242629752,2.35773707148696,4.66536717415581,10.9702988479454,3.45222313335898,6.38633709598041,5.75113158948255,10.1172655378728,5.00483622544323,6.22955606739053,4.88565902700681,4.40890779187493,5.29868698145969,5.17770390803166,7.43306176514829,4.78953305322733,5.03157072137006,5.69983665459424,7.37058825704488,4.96738019814611,5.31012016309011,4.5013006351708,3.9582091566825,6.03652697168157,4.32745931120258,4.84043882397456,5.07147240716734,8.85631327775362,4.92741165689907,5.13706096815992,10.5164080756493,6.89226637781098,5.19844982894152,5.58586364240802,7.33978379832334,4.08420476932181,8.8514585751761,6.05674201651686
"kubo_17",3.31204883123953,2.80396311874724,5.01123602090772,0,8.87071173152039,2.90203757502119,4.49780321249242,4.29299145199571,5.49352040017015,4.14872461373546,1.97313335588287,7.80094023706208,2.90364980212334,3.88164787075697,5.27249487256207,4.40498224280724,6.05294486262471,5.62408751155909,3.90042981835486,5.04802000620974,5.13581793495848,3.20191366042522,4.63213778578573,3.96618972547143,2.16906497677966,3.76557355550713,7.70743222619643,6.23713660668475,2.92604355235127,1.5222496017824,3.97199967120785,3.77672874581099,4.45496459958312,4.07969120085383,2.50975895229068,3.12322397986044,3.17064677058192,5.18444844527831,5.42625908446036,8.05137176821221,2.26573896401377,3.2711302877839,5.00411541738896,4.44285333245459,4.0994405673744,3.74382564721389,2.49401508690694,2.80261283726382,6.32702452952269,5.30917621183499,9.95861682024778,5.44691812061763,4.50932707536654,3.55502462902482,4.59191734015065,5.43132592160302,3.58275524031414,1.5714101936546,2.83428207091146,5.9961084745806,6.88915407100683,5.40191585084733,4.89842643009079,12.1828820184253,4.39379167720486,6.08770054410761,4.31923085047199,9.56976789419398,5.21741555185773,3.22038265060503,2.37805023388264,2.48842338701551,4.69515142281524,3.79553137549916,7.1409175605791,4.77204886899552,2.51670022165664,2.72505000094812,7.83029255208275,2.39364682149702,4.65262624641886,5.38518985028464,3.57642053626811,6.09802916437214,2.99802154070114,7.23372363006423,2.83913658791019,9.86223127181627,4.22500990371051,4.406380672741,11.6171175899028,8.19115569021125,2.26911075347818,6.48757526033036,5.68458153133975,3.73020744012415,9.89661298505242,3.75323238021331
"lambchop_17",8.67869813831921,7.75744112315085,10.0482061904089,8.87071173152039,0,10.6531744942508,8.53289427023329,8.80521195700132,10.288706628702,8.40454875840241,9.99706129077493,3.3142655630895,9.79680526702005,8.94377116732185,10.6405984561618,8.80107717108002,8.13167230771822,9.01274050444222,9.82985076654438,7.32760989994637,8.47477735705113,8.23168109690571,8.49055662342893,7.04335540537036,8.24609831374232,6.54094298004178,7.58623567167191,8.75505946160368,10.059439001924,8.45902161224411,8.3032482314717,9.11190115864991,6.55224899721307,8.77163109194803,7.44645044969551,9.75987726906606,10.9200921819187,9.24406987416248,9.00692788552912,9.18341897590092,10.1249494495019,8.28215407618229,8.94005436923722,9.00261928121448,8.96895457198335,8.48469147696391,9.49800516065124,9.67692845231338,8.84694502257936,8.93729924202237,10.4747056345375,9.74532297626808,8.98708997079582,9.0431755979439,8.91344201067685,8.61144014455332,9.32047338433815,8.33151614247067,9.06753605993992,6.98538716834691,8.82998204132117,9.68329748222753,10.4078347052857,12.1310226477957,9.34765265811047,8.18123108962774,6.79047840944549,11.3493939242463,10.0204704653638,9.76867851003822,9.91894922593041,8.49778253927071,9.07393654560537,7.57771969955055,8.22066534851138,8.90850883738847,10.0270524604181,9.74070263440129,9.55026205889564,9.89944741497836,9.1194576804275,8.45222301911518,9.97905469902421,9.52590354251243,9.14600527005288,9.27266834734101,9.56891981195115,10.6027537186949,7.80498348546059,11.2928106046366,11.5319178285531,9.44225615131335,10.003006770227,9.00868152712535,7.30590641257073,8.98359643250491,10.567383482157,9.32220263347192
"wolverine_17",4.2930896404035,4.71577158996012,5.39134580687268,2.90203757502119,10.6531744942508,0,5.08286909574054,5.11728453792287,6.13986861157831,5.47488873461047,2.42293124729972,9.53754454748863,1.61634504421963,4.65217030420022,5.55529524265596,5.01622034449098,7.97505614844852,6.73239420492471,3.85983386688782,7.42692817466251,7.13197577734567,4.94630556423328,6.06656108713553,6.41084864579562,4.26693598727636,5.99499046973302,9.96026573457395,6.83621507885925,2.11251269205,3.53547579172188,4.94965633386306,3.78740294637144,6.98313708708298,4.89309218910861,5.2379750564331,3.71586341247381,0.846129936650756,6.19985891364844,6.50953002640367,9.29924895910954,2.36424637741369,4.77053113465605,5.98812490094759,5.68593382286818,4.72319247622433,5.37803666647679,3.68961589758181,2.87351120465027,7.53284175461464,6.11477522231036,11.1080308736021,6.54056106433393,5.50748082100194,4.20001041882391,5.31384469210969,6.43712357707969,4.34842386593134,3.89071567892163,3.41303597859893,8.14183854305551,7.99280858185634,5.91385153511011,5.68639489639446,13.3441990057281,5.07847781024112,7.47662427527902,6.68733444847515,10.7471940091685,6.17433779471755,3.51735691324634,2.56527223866876,3.57086397772452,5.57699434727744,5.56535837701045,9.27108140940249,5.02348183344315,2.4597732361019,2.66876817122258,8.8868641385239,2.38224344216719,5.45452992781295,6.18284082736253,4.40180283878944,7.12886038046396,3.68814676693211,8.19480353245772,2.92922721854439,10.9785924506816,6.28854394191751,4.36458777138183,12.7454451958824,9.64322815508995,2.75844419813391,7.52523633446347,8.03768917351926,4.87220222369545,11.007338730963,3.76849153426692
"hamlet_18",3.27150535503319,4.70820080390243,5.24369451415868,4.49780321249242,8.53289427023329,5.08286909574054,0,1.2191553405396,5.98263589914586,2.17565019109247,4.61266717830158,7.44865127756849,3.90725760950059,2.25246924576345,6.09546592089589,1.09336428824389,5.27811062697084,2.87181338170058,4.20873919058781,5.71848739456209,5.57468507310897,3.35101044733741,2.94172560087095,5.03059817259496,3.97543985827366,4.15354766176704,7.28240253958631,2.05333695996392,4.1833423024533,3.56767841403662,2.01774750808682,1.74440645222278,5.68605044222744,1.67870137383734,4.76393843001668,4.38270745087661,5.73993530472862,3.22658327055303,3.22917689250742,6.30470435717247,4.20338611916962,2.21830737667181,2.00969788550818,2.95182661274912,1.41253655168033,3.78456123528503,3.98806155846236,2.98065549418024,5.32165653906642,1.81157908046287,6.72079353402372,4.21872699023489,1.99815460626138,3.25597192391314,1.29454991328423,1.93390381738151,2.95100327771814,4.63684072110661,3.13102865325634,5.47997866274223,3.64029075003381,5.13794752024651,5.0756581403595,9.1225255609709,3.3085701329901,3.14111769828996,4.31598582004592,9.60263239531191,4.49442102984016,3.67618979945586,3.83554136010416,3.61482060032938,2.28645231334538,2.55715336653471,6.32404962987271,2.13091544982443,3.90771825458475,3.38768065531461,4.58229743436125,3.68753564923185,1.99497085523084,2.67961769607263,4.79262173930991,3.67499204876603,2.42055168869663,4.6497918142734,2.71223930915343,6.69244003319213,4.54679266308101,6.143778156799,8.34659768643074,6.47648316800919,4.08924329598212,3.72444078052384,5.6818266970118,2.84349986939719,6.73893598114214,2.52530629544801
"hera_18",3.24056435781786,4.80167230142731,5.02313419404149,4.29299145199571,8.80521195700132,5.11728453792287,1.2191553405396,0,5.62086654975103,1.50448763851786,4.19410636019938,7.60340063562069,4.15177406305631,1.84722620427406,5.88392995047638,1.03595558804513,5.18481832119102,2.21034845655932,4.25932935849777,5.32476879605887,5.36524991391461,3.42278214666813,2.25288663166272,4.80043614442436,3.63468279113148,4.14600414783167,7.24403609882711,2.57981331042406,4.24350410568473,3.23999683480218,2.02955752520876,2.15104789033828,5.49799125987608,1.13717073862479,4.49478270344744,3.91951800540581,5.79017951625899,2.40538611458455,2.61032475632362,6.19552370559784,3.78120130692681,1.7078222507692,1.27933318185061,2.09036744788203,1.14474583280709,3.21099168660486,3.46206879729768,2.70988482906369,5.07191969670239,1.43154401714119,6.42274041476628,3.39098166493862,1.07132559191632,3.31934062342789,0.905830310377937,1.60580023806961,2.41011008789651,4.41620554749186,3.10928901790389,5.19005031137407,3.26858050306371,5.04511462627516,4.35419555922549,8.78735830902248,2.96200599885188,2.81026241510805,3.9975188577598,9.47767185456265,3.71023217626299,3.48928865581457,3.39906595599752,3.65921722978008,1.58977374979268,2.21643385813555,6.1006416111961,2.63669659444184,3.54825277427861,3.24889914641174,4.2314730648718,3.3713047182679,1.22965291362439,2.77191360712451,4.22104807686677,2.93504314973061,2.01043613430455,4.39290471062353,2.46653849782229,6.33505006151808,4.03484707061701,5.61579086178482,8.08956372369767,6.16426605352877,3.61101844388043,3.31515595592092,5.59203327860197,2.0841470743302,6.40932213776061,2.80247266672367
"iris_18",4.09421086342003,5.88573972377537,1.30303441538472,5.49352040017015,10.288706628702,6.13986861157831,5.98263589914586,5.62086654975103,0,5.7057170561438,4.97656806708449,9.58332242453886,5.47746163878431,5.06487528697358,2.01252580842273,6.15799434007529,6.83810923047603,5.61782822787765,3.77801623260118,5.85798145401649,6.03222435356525,5.9864040427499,5.74539111882527,5.84291283041119,4.76123698142962,5.93421331055545,8.6185634719284,7.33170845241548,4.78427281714264,4.83065730631636,5.15853233824525,5.54075822437187,6.44025423780671,4.94054223964658,5.91904918495442,3.57148586728181,6.32753946589761,5.05167195429879,4.90715578656081,7.26557620249482,5.61112669529042,5.52561384574086,6.36790623972234,5.58086850584078,6.31684539685871,4.63377281093483,5.41973128195754,5.98007282879401,6.65766800562344,6.58300515709346,9.23076946389755,5.24457557124064,6.06385098204541,6.84700395609508,6.32053697741344,6.60926300433961,4.63641997187405,6.21496091717927,5.22435007775195,6.34585213902158,7.34205138078866,2.6319028796633,4.73746107918486,10.9723298285828,3.8842903302646,6.71420037565603,5.9262946231467,10.1284307144082,5.14906147565566,6.8756713179501,5.43157518560952,4.97970132452306,5.77889995846417,5.59591917002131,7.43688627354286,5.60416075006478,5.64849402251415,6.38052955415579,7.64193975740454,5.61378597090024,5.815205616001,5.04365397491081,4.0903429522271,6.29810615003334,4.90332733023307,5.06281943867388,5.75039556469029,8.96745102750407,4.96548347664812,5.35775537032282,10.5936032679179,6.62833032091975,5.70060857307115,5.82096104545507,7.58445192317045,4.45374599727104,8.9473785736581,6.84396099591513
"jarjarbinks_18",3.52287945361601,4.6856349803042,5.2571283884135,4.14872461373546,8.40454875840241,5.47488873461047,2.17565019109247,1.50448763851786,5.7057170561438,0,4.2429519255295,7.33225275477517,4.59441705416036,1.9255011483242,6.04360092507923,1.783978076078,4.6008877634348,2.16015450870023,4.68321246555954,4.5084131342437,4.70361085768972,3.2604175427907,0.985798127620073,3.99280025396895,3.22015131785852,3.42788543213712,6.54473760694845,3.20885268285682,4.62743417045211,2.87535782640833,2.55044052932277,2.788715330991,4.65357517676575,1.81078691193406,3.87137681378812,4.08894170911621,6.09255288799127,2.4014857105605,2.76786150360793,6.07516639698686,3.93338133424842,1.8679979693578,1.85130844804986,2.06739388145586,1.94216747793468,2.8241938801403,3.43302758235912,3.08519939152944,4.91294124440949,1.96254083007301,6.32925956769647,3.18681923440685,1.64158581401177,3.95684585571552,1.81532133181694,1.95583340421506,2.62705061132888,4.20580936831286,3.58257596242737,4.32992367332588,3.442641489486,5.32160935503227,4.21983230242516,8.61997629480609,3.29249219686357,2.53403983367513,3.21843148858498,9.32119917032299,3.58507835212068,4.02150860310535,3.56608266290907,3.89753293265622,1.92488584739062,1.81231434952214,5.51317432719186,3.34984456439296,3.88085993087509,3.68904428946826,4.24802953068226,3.77989647601613,1.61071691254683,3.19839752678643,4.17398228219187,2.87823538153825,2.37557665482718,4.57079825542008,2.82877411609375,6.2359005524467,3.15502059634142,5.56959562383259,7.98530646256113,6.0017936086753,3.88840863081995,3.37755349609277,4.94531023688346,2.42305946812315,6.295696914256,3.52900216532335
"kubo_18",3.52507672566996,4.21705585491237,4.56055633477844,1.97313335588287,9.99706129077493,2.42293124729972,4.61266717830158,4.19410636019938,4.97656806708449,4.2429519255295,0,8.77807033489515,2.59121682966328,3.53035047177016,4.81668572115189,4.32676583635135,6.79562893795748,5.40991815983919,3.7443850845873,5.80217405287073,5.92623001982868,4.2286802201606,4.63195103011333,5.05894768607663,2.58597335759576,4.96086029535155,8.75469825648043,6.39583462313939,2.52886727960857,2.08416443842079,4.17042583732805,3.63435741637013,5.71789242984431,3.8236589542086,4.00228207590442,2.34314629816132,2.74822658164165,4.66944009589351,5.039682219913,8.05590818407131,1.18700601398916,3.59459407714681,4.91804159797615,4.16287180693111,4.06732146416941,3.68958529307006,2.11388788850566,2.44933093381032,6.27756754989216,5.21220310807368,9.77608435777473,4.79285917491283,4.34658076353511,3.96137216083722,4.55371928806129,5.46623264728579,2.99606981815571,3.11416052911288,2.73351331603024,6.63863455696104,6.78450374853629,5.07182487617145,3.9490651739499,11.9306731224482,4.03227669812372,6.24256485206543,5.25673418779421,9.8075189140086,4.48254514872333,3.40302892759743,1.38407226980409,3.11434005814622,4.37570213273947,4.32455099315992,7.7602726885644,4.83669081084354,1.73416439941552,2.65026066392503,7.63969868727619,1.830261311426,4.33086987413812,5.27791697138051,2.57278498977581,5.68466737674314,2.5418647191882,6.98400547990173,2.41632864127081,9.62172811755066,4.55295750100856,3.10665873159577,11.4277116263864,8.02545841959303,1.63849671347352,6.15088266528002,6.8938397004723,3.28797408888831,9.64582037670659,3.984967767749
"lambchop_18",7.74743790900099,6.84612427039869,9.29349385298124,7.80094023706208,3.3142655630895,9.53754454748863,7.44865127756849,7.60340063562069,9.58332242453886,7.33225275477517,8.77807033489515,0,8.73777065465763,7.79776011971968,9.82806611061968,7.64611288859464,7.76021324401224,8.01652431221229,8.82480822805779,7.02913286158621,8.02076701745627,7.34050902975893,7.48349430730267,6.65637021655242,7.2284356040463,6.13810346127934,7.77562855948118,7.78454028285099,8.97057146299844,7.42996692124343,7.19225723628251,8.05811055009423,6.4414039232862,7.68988565904178,6.67425658074796,8.67439970942253,9.82654900276221,8.13140042367256,7.95367344736327,8.471749866838,8.80460076991171,7.05478278008859,7.65077192484322,7.76744525930724,7.69234453825595,7.53349575303213,8.17454959988049,8.34050396411192,7.8598344385518,7.76032182750387,9.79272371165871,8.650833825795,7.65841662287399,7.58180404419609,7.6708127019956,7.4800183093892,8.13944915637249,7.21597893558757,7.7731483243671,6.84645043928164,7.42223526321337,8.79127889141641,9.30850115371245,11.6300420600785,8.28919139042222,7.0502146146785,6.1964673805721,10.7125935397711,8.89834050065339,8.29262429442294,8.6105645843323,7.3932465085985,7.88586260943217,6.62744348210557,7.88801045034518,7.90652274461904,8.74011236499507,8.3804536111773,8.65400007265079,8.59810458033387,7.93015126015217,7.39887790376085,8.91470254612292,8.40764491089762,7.9723051652427,8.52966529900776,8.29710842523247,9.90891570845399,7.19116755237189,10.212066912483,11.0120745864309,8.97325916476485,8.60086333879222,8.03380864518975,6.94257036074439,7.73345211863493,9.90566119363944,8.04286035920226
"wolverine_18",3.2432299921058,4.11924565181399,4.63782982438841,2.90364980212334,9.79680526702005,1.61634504421963,3.90725760950059,4.15177406305631,5.47746163878431,4.59441705416036,2.59121682966328,8.73777065465763,0,3.61682340400809,5.00240757751661,4.03327873120424,7.11806625654068,5.74861246000174,3.06612627743954,6.77097667547669,6.44688114939146,4.20452782585098,5.21165138636214,5.75606232731606,3.62899533833191,5.17576377346719,9.13080336439105,5.68648647906478,1.62365363116999,3.00489049975692,3.84724854651692,2.63831650023791,6.38160372066346,3.87766978495959,4.84963557312079,3.21837900525638,2.07975827276166,5.3267619800123,5.49969589894746,8.2157949199127,2.56805945284026,3.99059062990237,5.12772443406217,4.96110478219889,3.89645640529532,4.6771257044821,3.4337109314042,2.52905467745236,6.67760526427291,5.16868222987764,10.0446307196732,5.84193886550114,4.70213822479165,3.63835607970859,4.40976530996257,5.44115859592593,3.61756115680985,3.82162547474554,2.56777303673304,7.26654474471147,6.98481472990021,4.95012815520317,5.29848948659146,12.3172088666989,4.19747585796498,6.40923883480235,5.9166807109112,10.1779063611362,5.60131879050766,3.4394135315664,2.51655163025031,2.8630119543012,4.72634047982864,4.67215075702648,8.38036954995283,3.80424836285528,2.55909016744621,2.53630845376348,7.86921374813796,2.38302911788745,4.59096904869735,4.89146956175248,4.09149183228391,6.30082128310471,2.90762503542023,7.01532812555048,2.41209150151537,9.94069740940905,5.57115535724667,4.5985024400886,11.6718144482555,8.576299980065,2.92424559338112,6.38981742011109,7.33045708717633,4.05012375436814,9.94432858940587,3.16349934880482
"ophelia_19",2.62781348896144,4.46940476329634,4.57413571007444,3.88164787075697,8.94377116732185,4.65217030420022,2.25246924576345,1.84722620427406,5.06487528697358,1.9255011483242,3.53035047177016,7.79776011971968,3.61682340400809,0,5.30029500646379,2.28225387253077,5.52446516117689,3.02212680258209,3.8470582032048,5.33428026272309,5.12887336916489,3.47748316148896,2.38844781876883,4.71500980065678,3.14348960048277,4.18673481892568,7.48608716143754,3.84284587651981,3.79616210548265,2.76482554772827,2.46786686045345,2.48971921560215,5.39935932185356,1.92985324282054,4.31761048861519,2.95297485654619,5.18174540168734,2.94634192805547,3.15921465696605,6.49953768480296,3.30625499371631,2.43586139645025,2.80166896255899,2.98044176050411,2.31723328341941,3.28561156281662,2.63154970955342,2.63564753697291,5.39372275497376,2.92564596194131,7.34437918797841,3.73617769683244,2.41439320396671,3.46324068323071,2.47226227868234,3.05698000929373,2.6849821459433,4.17855166436983,2.90401210573862,5.36413498948799,4.42364751598212,4.6171418970236,4.40411919057548,9.62057847909161,3.20822315393505,3.68881238891969,4.26668537129191,9.12899809427978,4.08950918536104,3.69258270729781,3.13026308342328,3.4502315682388,2.73650015706347,2.89738151011194,6.35350484735109,3.03568158953586,3.58967030430399,3.19644838437081,5.31116437733824,3.42081014153122,2.39616420941714,3.04218634235367,3.90277312282221,3.86917503375974,2.13681151684967,4.78381045018403,2.40709980387481,7.23027389859704,3.86096553379582,5.32489980832433,8.98275068742404,6.15080443898289,3.42986649721901,3.84775250163853,5.94676625854783,2.23414831487345,7.23988771264013,3.27734843593204
"wolverine_19",4.31388069266662,5.58802582235726,2.10945540926427,5.27249487256207,10.6405984561618,5.55529524265596,6.09546592089589,5.88392995047638,2.01252580842273,6.04360092507923,4.81668572115189,9.82806611061968,5.00240757751661,5.30029500646379,0,6.29203090451451,7.54797164377187,6.37870373331294,2.66350594869928,6.70504564037733,6.65683266012673,6.05330258750815,6.26264219854815,6.40504149573134,5.03992851392367,6.32727800481686,9.32376783302214,7.58427247789263,3.92552479681982,4.89606456831896,5.21746150741513,5.45586127527321,6.95557136651106,5.36149854735011,6.09884608545257,3.9124340460936,5.60623884476194,5.8396410191838,5.67169556766424,7.70191643499966,5.33447559996753,5.70972154001366,6.68366771221349,6.09077964883404,6.34775944433285,5.32609725745783,5.35591003741403,5.69337846623485,7.09652425150258,6.89361757406128,10.171641156743,6.09773439056729,6.33888453760772,6.46090278687466,6.46044919583744,6.97310149945865,4.81161516811347,5.97976481106474,4.8191855332091,7.28292997630991,7.89075140918594,2.77102380271895,5.40352008102091,12.0530704484196,3.81012173986949,7.23402487316197,6.52438166980249,10.4588754673781,5.89030609091218,6.43725610805957,5.23372371331702,4.40140845360412,6.19791306662492,6.0328565242311,8.28077991324064,5.71479855178077,5.42828783658397,5.95965818095764,8.43208126639038,5.34458919725604,6.16386106550437,5.63012303911133,4.5264248791083,7.0144288573893,5.00715145117589,6.22493955697781,5.54544637452794,9.95910126572516,5.83932139747017,5.60847597097764,11.6007292468515,7.81641704597793,5.4514148673463,6.65932274974058,8.04956425483089,4.91792188487771,9.95363993920114,6.45856365443016
"goose_20",3.75542004033053,5.06615922677651,5.50061132643922,4.40498224280724,8.80107717108002,5.01622034449098,1.09336428824389,1.03595558804513,6.15799434007529,1.783978076078,4.32676583635135,7.64611288859464,4.03327873120424,2.28225387253077,6.29203090451451,0,5.33600138298458,2.60615983594812,4.52739920267258,5.60232378637782,5.72481603366314,3.57872530809509,2.50640499060767,5.00170175638225,3.81417931042754,4.24855609154511,7.41764854848895,2.27960671550401,4.23603977374148,3.39059998876872,2.38672789679413,1.77781737542293,5.70107968520925,1.48218239048257,4.74202641664936,4.4553517825862,5.70944894985007,2.76664085322559,2.99886790140603,6.3038595995362,3.83508403875152,1.99269134208546,1.44052113059777,2.26219810230175,0.827408832440209,3.42989211437725,3.80175405805832,2.64454367395265,5.1190007890583,1.19463688301448,6.45738552202223,3.62819704197479,1.35756643540818,3.42661244793252,0.675151872793349,1.54157315293817,2.42532433977147,4.59089394714948,3.15984520902293,5.40050107757149,3.3198517284113,5.45184362504129,4.47333541985976,8.83772547896615,3.21088916261766,2.98849419730284,4.2717386672684,9.69755322675581,3.85350715808848,3.5541317186143,3.38764102114376,3.79034124166237,1.52249377751624,2.39449210710263,6.34963467369788,2.6608963816997,3.46013984849369,3.19394699497304,4.23200857258964,3.3397767896501,1.1796153924072,3.02653328416337,4.37972459362092,3.03153030142217,2.03010943400658,4.84955748824234,2.3305369989394,6.41192663107157,4.31262969224108,5.58918581453476,8.11532412055025,6.52707224804726,3.74873105582827,3.55629261834778,5.76430553385543,2.62240870444348,6.47330297150331,2.59275127479969
"hamlet_20",5.11936175123819,5.86389581072,6.56349491122787,6.05294486262471,8.13167230771822,7.97505614844852,5.27811062697084,5.18481832119102,6.83810923047603,4.6008877634348,6.79562893795748,7.76021324401224,7.11806625654068,5.52446516117689,7.54797164377187,5.33600138298458,0,4.32458281580036,6.99609784497708,3.63486378831823,2.42442782428395,3.72147741746802,4.4210082015775,3.47856785774675,4.74041206148422,3.90494503905671,2.8748910841128,5.53643393936626,7.15741869180853,5.15264373334284,5.19139937266564,5.69524008067838,3.86045549607854,4.90732245747692,4.72872938116222,6.35589496295591,8.45993431438279,4.91224134575421,4.80311733539195,6.38672923226067,6.9283564718022,5.02321865622094,5.27710073408692,4.86710264896978,5.66718029751727,4.58086675050411,6.48486696495074,6.56727651638053,6.16278093863669,5.24371360789716,6.73243776412246,5.12130133734681,5.3149432329377,6.94639069067001,5.43869893533948,5.02003922422809,5.37501057690103,6.35018164525062,6.25184634548305,3.36305908904756,5.51428146192926,6.65428183676398,5.91869832661272,8.48158202264109,5.72318920518795,4.53231933075046,3.64920085268461,10.0620327293032,5.44621169246649,7.2892294777771,6.56783271243612,6.34161862966356,5.02143251318398,4.07151278462577,2.23667776922669,5.60968282242627,6.71061682929896,6.98804641623128,5.49294091860656,6.67014120690893,5.14028126128756,4.94631818692086,5.98968820007178,5.11210962370648,5.40520008287791,5.30530320101823,6.26401999550521,6.68267432930159,3.76315012188184,7.30903230078513,7.98411868217394,5.92563096281212,6.88502710235648,5.05400937936164,2.21418980905745,5.30040753500542,6.66711221656452,6.8167318711076
"hera_20",4.17571630477157,6.03955620978576,5.25296841976748,5.62408751155909,9.01274050444222,6.73239420492471,2.87181338170058,2.21034845655932,5.61782822787765,2.16015450870023,5.40991815983919,8.01652431221229,5.74861246000174,3.02212680258209,6.37870373331294,2.60615983594812,4.32458281580036,0,5.53645228861933,4.73814958834233,4.97957909324075,4.32311201489906,1.991041409791,4.76885646270173,4.25874861698531,4.48936264379298,6.47367219882754,3.10930092783835,5.75174279236662,4.29439698836431,3.21763114210832,3.6476620291714,5.50264775741744,2.06010250057673,5.24379295838935,4.77396872534042,7.39415573450301,1.36022207955876,1.60002977106714,5.47247869139207,5.2629604034122,3.05539737948232,2.09826097732037,2.04263019881585,3.09325892683553,3.08825339665058,4.86494716270284,4.55160797122838,4.85833196505606,2.04751764863239,4.69096759552586,2.29439479976052,2.24262575750114,5.35790303162979,2.57344763219717,1.96284186713954,3.09031053796828,5.88281716834125,4.6680787329273,4.23932455036307,2.47297636592884,5.30697231659448,3.9275814564781,6.90841810378603,3.50942573390011,2.0697881545784,3.92233203429192,9.68600622232519,2.94476418817652,5.53013239271935,4.76593254138468,5.24041465354323,1.83701234103187,2.70553616441395,4.97772625407756,3.70399355847532,4.96801311599234,5.22565549074776,2.67127465815999,4.9277707069886,1.84780148709874,2.67859260039444,4.49367994133657,1.61832850517557,3.26685791560624,3.01080506389787,4.2045172691124,4.5095073197377,3.50729758911823,5.92139215142557,6.3121918117021,4.92581060761183,5.16070184665994,1.85576094628087,5.33442138138064,2.69717355505399,4.56833530672035,4.93808531354707
"iris_20",3.08533246047271,4.1424931589632,3.12110691714889,3.90042981835486,9.82985076654438,3.85983386688782,4.20873919058781,4.25932935849777,3.77801623260118,4.68321246555954,3.7443850845873,8.82480822805779,3.06612627743954,3.8470582032048,2.66350594869928,4.52739920267258,6.99609784497708,5.53645228861933,0,6.56013667816657,6.25906383060796,4.52481997458658,5.22142638066409,5.82832170537829,4.19052093059937,5.32311598405838,8.88350586075742,5.86566330361013,1.96744081181504,3.66574269441497,3.58575529073426,3.51273240346172,6.39781537819542,4.03908991098131,5.08036617591092,3.3149011138128,4.05832094518864,5.21420009628765,5.08872251900918,7.45390130581068,3.81466517563798,4.1491679277021,5.20287541169328,5.09761932099937,4.44807000969131,4.76814152280391,3.96166093687915,3.69080690123659,6.55699909022902,5.37014848265456,9.69333200986456,5.76611312570221,4.85027814481632,4.24284972070981,4.69690812355378,5.50174047336884,3.74085188045104,4.43649007310255,2.95962842525534,7.02123465693594,6.81710961939452,3.32377217380837,5.37965665811781,11.8811262920971,3.00747546640191,6.10945772111086,5.75425322887126,10.0856598521088,5.61208710462625,4.26039162804488,3.75053942121781,2.5457557603469,4.97300278603313,4.78986464112987,8.00919832113985,3.98425547694233,3.90524034002375,3.80796790419797,7.67663061921557,3.64271562256897,4.81878519984526,4.65274384655094,4.35188203727142,6.26183991631622,3.53446865657133,6.17044512997426,3.61803037218846,9.56195358419213,5.54936618739233,5.50635082427343,11.2594530532103,7.95639705379269,3.87442378246608,6.09043509737065,7.2334917397253,3.9469430114239,9.58356907078917,4.09272378755048
"korra_20",5.06725423078948,5.0932071589792,5.91741499354413,5.04802000620974,7.32760989994637,7.42692817466251,5.71848739456209,5.32476879605887,5.85798145401649,4.5084131342437,5.80217405287073,7.02913286158621,6.77097667547669,5.33428026272309,6.70504564037733,5.60232378637782,3.63486378831823,4.73814958834233,6.56013667816657,0,3.75022482984246,4.56728710763801,4.17648178986888,1.75160842243864,3.59467476732574,2.66141715289674,4.30660423860702,6.41810678932907,6.64540974665757,4.16791024243307,5.08252097344452,5.8809110045947,1.96636119425247,4.87789378263703,3.21008040432114,5.50573543735544,7.81310481644513,4.67984739298902,4.62749555649725,6.29872016517454,6.1965763075312,4.40757542969562,5.42858344359445,4.45520291383635,5.82461622565327,3.15036830812255,5.58475300482072,6.24735014528531,5.55519748649464,5.66445104071704,7.48017916208263,4.57173954521367,5.29782472954762,6.71589386383917,5.69314098945687,5.41461462977329,4.88612947170422,5.11122200422223,5.74758334130968,1.90665272269791,5.91559856870913,6.05911849355786,4.9244815552203,9.21793813385738,5.30017680783491,4.8456749740359,1.95475360413487,9.32226953165504,4.69621213167381,6.92924097186699,5.85111728454133,5.55116381247046,5.03779477448315,3.54951159113614,3.73080687873877,6.00385316662597,6.07632265848288,6.66034740049019,6.11949135859985,6.0462616331151,5.23307936241412,5.14440367872373,4.84823308552792,5.18820345965521,5.03979407807616,5.57263159841167,5.99008290321967,7.38555472942078,1.97862371126663,6.27078608170796,8.84368362481696,5.67999925775595,6.04035614432943,5.0989743056649,3.44396689387506,4.52871025992584,7.37221447264749,6.91057719444614
"ophelia_20",4.17147867695204,4.85912693005644,5.81106032103328,5.13581793495848,8.47477735705113,7.13197577734567,5.57468507310897,5.36524991391461,6.03222435356525,4.70361085768972,5.92623001982868,8.02076701745627,6.44688114939146,5.12887336916489,6.65683266012673,5.72481603366314,2.42442782428395,4.97957909324075,6.25906383060796,3.75022482984246,0,3.28717608022993,4.58331687264255,3.27692658864133,4.13916574924005,3.92367553373486,3.97544396984659,6.5010627754555,6.44813678206217,4.45931320138642,5.14452452808042,5.76225133184472,3.4843114098235,5.13570232159622,3.95649159607599,5.20173602955157,7.48851369530834,5.31933127907961,5.37279654377283,7.20332974200631,6.21098555340185,5.09818907422274,5.83844614553742,5.3569100565822,5.86980408312555,4.73891360740866,5.6629980667229,6.10549073748423,6.60494279421621,5.95642484298738,8.40679652841141,5.62108827244281,5.67501206198071,6.6273101259994,5.85055942762153,5.8268744873981,5.46471150146874,5.52324922710315,5.91804763054655,4.2101599485933,6.64624862799396,6.2038352937464,6.01191624364212,10.2088577693869,5.73866868019618,5.47516712456716,3.92395609084826,9.88462296544945,5.85527023579144,6.80298885266422,6.01852633807482,5.81365749107077,5.59472973501795,4.52846695234696,3.7021132937344,5.83422333845565,6.30411595198549,6.45982157196786,6.94940375773134,6.23205892518476,5.59448294161695,5.44378884902042,5.69385968221954,6.02681154065424,5.31322814102811,5.97306963315351,5.89535356611232,8.27329485380176,3.75717826245108,6.89595733932278,9.7456411676706,6.8215726385298,6.24550023875497,5.90967592998717,2.88798893741658,5.19575299536921,8.26307096069478,6.62315939679952
"hamlet_21",2.87888603644948,3.29709137289092,5.4261603780642,3.20191366042522,8.23168109690571,4.94630556423328,3.35101044733741,3.42278214666813,5.9864040427499,3.2604175427907,4.2286802201606,7.34050902975893,4.20452782585098,3.47748316148896,6.05330258750815,3.57872530809509,3.72147741746802,4.32311201489906,4.52481997458658,4.56728710763801,3.28717608022993,0,3.76594971655386,3.42659215657639,3.013696807591,3.15020727391311,5.56420609587742,4.60272428178047,4.32418681108193,2.80095104968512,3.32539613690232,3.44068251478911,3.94501074856542,3.43482359024608,2.9328718019194,4.22004163268028,5.38843321412475,4.62430812515072,4.627379178667,7.0182745272135,4.11847887384381,3.01414391161722,4.05135047115154,4.05473998236209,3.49674790823662,3.9220994134006,3.67942962962802,3.67012250121816,6.01253727052315,4.18595718653523,8.34785422362677,5.11564774350878,3.80537749909961,3.75179935767904,3.69539630618694,4.16242765876976,3.82919367728346,3.49311801545883,3.54579146343623,4.96966310479396,5.59493599989045,5.56622066922946,5.47840685126754,10.5859820050828,4.3352909159462,4.58597780842889,3.57105455858641,9.52661423688445,5.28116580300608,4.05815164224486,4.03474871690604,3.53623092267428,4.05030668854137,2.96297559848072,5.05675564884249,3.80088137047876,4.16632340351541,3.79524788126712,6.38870393023062,3.95652289433008,3.93845477386962,4.30270185706284,4.70318634612956,5.22143006887971,3.2586775974509,6.0343444058956,3.53098990451266,8.31313947326264,3.95058051965572,6.04640059153575,9.92305352072631,6.96596987124925,4.05533400723621,5.44096530584437,3.58668048231863,3.8105879945106,8.34011588650713,3.7558930394016
"jarjarbinks_21",3.97951010763952,5.15865460270637,5.42592620173061,4.63213778578573,8.49055662342893,6.06656108713553,2.94172560087095,2.25288663166272,5.74539111882527,0.985798127620073,4.63195103011333,7.48349430730267,5.21165138636214,2.38844781876883,6.26264219854815,2.50640499060767,4.4210082015775,1.991041409791,5.22142638066409,4.17648178986888,4.58331687264255,3.76594971655386,0,3.92129762937443,3.40735009563517,3.5434445006266,6.32101331756933,3.67997235489401,5.19835576866146,3.26133393546776,3.0980213937829,3.43730120111381,4.56717544532027,2.32111280952812,4.0980794315597,4.37319939639588,6.65857680196906,2.20141021904877,2.63643091333675,5.90766437378662,4.41544989081273,2.49635335987338,2.34474580643769,2.16370065640857,2.77340135082029,2.68821371376585,3.87809529822099,3.77269260972818,4.88873623261267,2.4364912412346,5.93345939176078,2.80987518467956,2.20668268915812,4.78008655459176,2.56811209118791,2.38215246421911,2.92077160474018,4.71402618841193,4.17900059454807,3.89183961319545,3.40769817385298,5.51239544990724,3.99343301164566,8.11143461847478,3.65411369384847,2.38996940666675,3.13955157571649,9.35495525794472,3.31496873940062,4.8109605345525,4.02486977431711,4.54565775087663,2.20550161076534,2.18651987554667,5.19054573490104,3.86089617488332,4.42592256890186,4.44234279538949,3.98981370375739,4.37679029169878,2.01804277923409,3.3465848149091,4.22949360982651,2.62379962632006,2.91367453390405,4.34085020212118,3.49062134999574,5.8019822820779,2.77437771807393,5.59443358935998,7.54667347672105,5.68007048815594,4.42174818013664,3.12189659598807,4.92379992973413,2.70740654111717,5.84128586006913,4.42765218017312
