"","jarjarbinks_15","kubo_15","iris_17","kubo_17","lambchop_17","wolverine_17","hamlet_18","hera_18","iris_18","jarjarbinks_18","kubo_18","lambchop_18","wolverine_18","ophelia_19","wolverine_19","goose_20","hamlet_20","hera_20","iris_20","korra_20","ophelia_20","hamlet_21","jarjarbinks_21","korra_21","kubo_21","goose_22","hamlet_22","hera_22","iris_22","korra_22","kubo_22","hamlet_23","iris_23","korra_23","goose_24","hera_24","kubo_24","ophelia_24","wolverine_24","kubo_25","lambchop_25","buddy_44","franc_44","ginger_44","ivy_44","joans_44","marshmallow_44","buddy_45","franc_45","grogu_45","henry_45","ivy_45","joans_45","marshmallow_45","buddy_46","charles_46","ivy_46","joans_46","marshmallow_46","franc_47","ginger_47","ivy_47","marshmallow_47","buddy_48","charles_48","franc_48","grogu_48","henry_48","ivy_48","joans_48","marshmallow_48","charles_49","franc_49","ginger_49","henry_49","ivy_49","joans_49","marshmallow_49","buddy_50","charles_50","franc_50","ginger_50","grogu_50","ivy_50","joans_50","charles_51","franc_51","joans_51","buddy_52","charles_52","ginger_52","grogu_52","marshmallow_52","franc_53","marshmallow_53","charles_55","ginger_55","ivy_55","buddy_56","franc_56","grogu_56","joans_56"
"jarjarbinks_15",0,14.0879917923352,18.5987488828486,15.7392331027572,24.8546572812223,15.0210890779708,12.0469796025543,13.9091063040088,19.5453042857584,18.0927440893113,16.5235024320294,26.5723757914641,14.1305213647427,12.1197430234551,18.8432426179438,20.4976971696374,12.8478540485071,12.8857052530492,18.0175371691326,20.1693741204478,11.1220215153921,12.5973012691014,19.297798888232,19.4014315408935,16.7589385732807,20.4304750732203,16.2506610135109,22.5302073490499,19.5230553938596,19.24311335509,17.5573073379849,15.771017699651,20.5034339742423,19.8690025388781,18.4112277542867,13.8573928564513,18.6022210437677,10.2087874797169,15.0863367312846,18.0796084507894,23.2617460996286,17.8407307353906,20.2268352453584,20.2497654121745,22.8648225526057,22.9176282447766,20.8133192944537,21.7368704987803,21.1490141937064,21.002003899259,20.215795865889,18.2262112292764,22.182858715941,18.8557281059714,21.3751717752899,19.5421667614756,18.8841868527889,21.2866140235713,20.4277117781573,20.1389535909292,22.2192099771278,17.8640242456559,21.3851596216808,20.7228991547351,20.9207495543547,21.2372777412909,19.4868641521587,18.9412821395885,17.8701816956617,21.2234137931408,21.34218191565,21.9588434475589,21.9683259079309,20.8181972165878,19.0120512802091,16.4474641087987,22.7231856959553,20.243498786639,19.2635864702938,21.2875230252115,20.8754569010006,19.5906038688195,19.1494271917112,20.6782795173253,21.5396299093167,21.1525241703528,21.1450201123886,23.6261261624752,18.9083235683155,19.3183016860919,19.5848917933846,18.3628927849802,21.6164627761272,20.4550929539684,19.4300282853776,18.475238221416,22.0945251675238,17.0721423641114,20.0906848845565,16.5065827224109,17.7228335435556,20.7618012595074
"kubo_15",14.0879917923352,0,20.0099678665077,10.5384657564642,21.1409085655185,15.9449674284,15.2053177853726,16.7834518884663,20.7949217555266,15.1038596025022,13.9305404451928,23.1555010281467,15.5342474944745,15.9476284403608,20.0015141862801,19.10700533366,14.6594268256439,16.5389502347684,18.815802666301,16.1212379018107,14.8802910326442,14.7902336034781,16.0416623166352,14.8030518072186,10.9131435408505,16.2889666870692,15.779986490672,20.827485410502,19.7587575603299,14.5330923645865,11.8090571231488,14.8119728870459,20.5792664242648,15.2851789835018,16.14285505935,16.6480045657282,14.6799313275154,16.4623459740275,16.0032436194099,15.0970649791366,19.8983344389928,16.0524757266583,19.9643355847626,19.633048891712,20.0255285494821,20.9194050294213,17.2678657732268,19.6487252166529,18.4341310317891,17.9572057437399,19.3362392289898,18.0815261085944,20.1359115184584,17.4626826085737,19.7032005437477,17.5653091770202,18.185702241497,19.2784182766541,17.3836543050976,18.3058548059175,18.8585645909237,17.2245060918722,16.066922867687,17.7658737803974,20.0273557253096,20.4623904031207,18.193668279719,18.214053607783,18.290809393418,17.9797889320652,16.8990571986138,20.952687245597,20.8160707910381,19.6908440003067,17.4465864314192,14.9575007004352,21.1371838700606,15.9837812502064,16.1813348650715,19.7806941098851,19.7874949230151,18.3664851252504,17.3553663303608,19.8016682470563,20.0687224654468,19.9597880111549,20.5439200264342,22.3510796692613,16.9852148414861,18.0341362759326,18.5688678939093,17.2854619847592,17.5786959941836,19.6907551940348,17.9849088703167,17.4178945371447,21.8496636858223,18.2729645401288,17.1367774550777,18.2009987529858,17.030002259534,19.240630546847
"iris_17",18.5987488828486,20.0099678665077,0,20.1848696781482,24.755544456076,14.4145957674033,16.6431794066144,17.4390845033186,8.93416231900818,19.9921023799318,18.9297391478409,25.8723646055076,13.1498545809479,18.1873782441189,8.62765851092356,17.8666917708427,19.0208676134811,16.6151835627823,9.02926281918881,21.9866829222145,20.2060857319094,19.3707718555111,20.1593485944476,21.3778388931609,20.119505330466,19.587657734013,22.1985274817043,19.9778232203386,10.0478089631052,20.9988772653907,19.7155915307561,19.2536559431276,10.8030871285927,21.5204823294627,18.0672746023273,17.7664716572531,21.1435053770374,18.4632476247954,13.0955565220352,19.4913236019522,22.9786187684365,16.6288093668157,20.5858172723367,18.8378823287345,19.7437176361641,19.5078060923437,20.6220570837444,19.6426271021214,18.175292949154,21.4482842335862,17.8486214575596,18.9043202714111,18.8971739963519,18.9568170658779,19.1817925801724,17.7761920301467,18.6116345157786,18.4028776580967,20.593664041299,15.6434788262706,21.0348276238181,17.59315242185,21.8384390365145,19.1474524547512,19.4903203480217,16.8132427756521,19.2274999466473,19.783012201419,16.6713036608601,20.3372935644817,21.8896015082061,21.5021130932013,17.1007144515556,18.6588453389067,18.4211065167198,16.9419462498058,18.5352120599914,21.056173227155,21.8965824093968,19.8594181920542,16.1672268647822,17.7214342063377,18.2870973864512,15.8725310655512,18.5492326713812,20.5880601673097,16.2855465579459,19.8467376183058,17.0831856246274,18.187723257222,17.6167682176877,18.6804690597942,22.4371005857844,15.4597634997914,19.0826106894796,18.4979961473265,20.8346947667262,16.6664784986026,21.450616432122,17.2688703058916,18.6281978730838,18.1569797479312
"kubo_17",15.7392331027572,10.5384657564642,20.1848696781482,0,21.237666013093,13.8612042605399,14.4786611775658,14.3751486658135,20.4839759593752,11.3972605624231,9.90085635976223,22.4579550739399,14.2682025516911,14.0778336601631,20.5775324104788,15.8455985063291,15.1445853007152,14.5035973780688,19.3549796191742,13.0928882223419,14.9148797926497,14.0719490179767,11.870837336843,11.6565756761304,8.32377758623539,14.1833436456056,15.772291176928,19.3878760978049,19.084438654786,11.888926160859,8.8864118750351,16.4571473618614,19.7751451060205,12.0791011092582,13.3149035689865,15.5871723182866,11.024521289793,15.6843388656607,14.568202608875,13.4957543943141,19.30829781712,15.1546026572649,21.16360949042,16.6597892300363,16.0603783852037,17.8187746328384,13.5522965363027,16.756849670316,14.9168029014027,13.9199596869365,16.4086811446146,16.8329808390994,17.2647768623409,14.9003885747182,16.958645849631,14.5239137580272,16.722516901224,15.916964227548,14.3511744197007,15.2337075346202,16.3918781794579,17.8184723205308,13.4654744288716,15.9854026978714,21.8677256311804,16.6423989628394,16.3380748088227,15.3743383659064,18.5006388442229,16.3025362185595,13.7408215877869,22.2310615833564,16.6220209966674,16.7717196399755,14.6152653774974,15.8148754772072,18.1453500449635,12.6298197760869,15.5564003687083,19.0779933679384,16.921852273616,15.5759175834818,14.8296022503125,16.4915636859309,16.9702498502406,19.8361612154002,17.3656760750012,19.4446865165425,14.5636247644737,18.9348916122645,15.6047597060064,15.4268989072091,15.1957964784277,16.544842764366,16.9219673577974,17.0455650472735,18.3162249006684,17.1897475118196,15.6756098733133,16.8761123984505,15.9450961560455,16.6205833090385
"lambchop_17",24.8546572812223,21.1409085655185,24.755544456076,21.237666013093,0,21.408103564463,22.5638160077771,23.1104215193184,25.3915076319187,20.6864115243567,22.1210506382457,8.94457518953926,22.321189702334,22.7283206419148,25.0845055694333,22.3515599433619,21.6935334120009,23.6807074017457,23.4886148613694,20.5729204848357,21.9373895895974,21.8697037969578,20.0833472065642,19.2565388647325,21.5581310481726,20.0795707330429,19.0220557214025,22.8462309278995,22.372872238464,19.1665311615974,20.275091666316,21.3675811961432,23.2087469855258,18.5012481192631,21.326444313524,23.070470617878,19.3769752864615,25.2799655990783,21.0351297486069,22.1634929241894,13.4701612825013,23.3915177082216,25.426964141869,20.9803569763184,23.6909693434102,22.9833690596535,20.2153157796047,21.9478157008967,21.2013785930377,20.8245112392855,20.0058920016741,22.7350247499707,22.7179313758447,20.6840238813155,24.1461742188097,21.6498337505004,22.58215044254,22.5721720230953,19.1625385384134,21.5839698963688,17.4882196190175,22.6575018327077,19.1856721931784,20.5118967651069,25.1942155075496,24.0941721602121,19.6059515176392,22.4966766306243,23.8337146235081,21.6638351999002,18.9278058191777,21.7763828554111,24.370870933489,19.7557801832715,20.8551315955735,20.0306071185071,22.5195471195233,19.0338457423648,20.4415201696184,22.1125444700928,22.3827405379384,19.6883914152654,19.7563704808817,21.7791774799856,23.0107471538672,23.9672362612422,23.9449923741033,24.4101718236523,22.1654188096473,24.5059293856781,20.5395369982783,20.5561777884419,21.4151238303172,22.1018311847494,18.6736807930286,23.1319718938249,24.9994044438689,24.2235696844311,19.3217254698387,25.3815879344847,20.6173500556627,21.7503146495532
"wolverine_17",15.0210890779708,15.9449674284,14.4145957674033,13.8612042605399,21.408103564463,0,12.1176148206715,11.4340361827784,14.9286296050395,14.8944615401558,12.3310380061612,22.5152846984075,6.65745941223293,12.5442214558545,15.1222442230628,15.3960145616779,14.7956589685937,12.0857001694773,13.9187967829339,16.7126169787603,15.7827913792894,13.5641406473327,14.9275616971389,15.6562572110549,14.3223345398151,17.3312060385323,16.8861139916533,18.2994779001579,13.0791954647822,15.8514190942409,14.6679333298221,15.6045042843004,15.3065224296301,15.9257078279503,15.4150128245243,12.604635669274,15.1510057246059,13.9509143235466,6.92390749973059,14.7700687334481,18.792687031396,14.9934481696844,16.4756310118964,12.2196695820809,17.5995464745684,17.5707335560016,15.324627277559,16.9089469966759,15.4679020121467,15.6853354079028,12.0338794649625,12.9329255016001,16.9705295534176,15.0784223840403,16.9702124025294,15.483711142419,13.3757659756447,15.568697338926,15.6396421194602,13.3925586591707,15.4090110611914,12.6528859598044,17.6171941294168,16.1881606787477,20.2092919191611,14.7048395221075,15.5993567286449,14.1316445835202,13.1148356329343,18.19315088965,17.3795257682054,20.3152157066608,15.2350533735268,13.0430680028135,12.739401670048,12.3601133827255,17.2805289363007,15.8138645353103,18.5120226194404,18.1995018141467,14.0494112827509,11.6208016142405,14.0225898835351,13.5625066637861,16.2409681265315,18.8438280085762,14.9480767444341,18.2370395041786,14.6515585085734,18.1336658162709,11.6269656427641,14.882437416313,17.983583498487,13.6359550565279,15.7001947799815,15.5995854297448,14.4355074096271,11.7192809499423,18.2416498219748,12.0294894278221,14.8235574448347,15.7202936362121
"hamlet_18",12.0469796025543,15.2053177853726,16.6431794066144,14.4786611775658,22.5638160077771,12.1176148206715,0,7.26631157764671,17.7757691383302,13.9876241645055,12.974075357717,23.5382599739127,11.5536295022576,9.08505612102226,18.084645574907,15.735385009555,10.5008438334321,7.99691954159964,16.396744730729,17.2826717890502,13.0285309297283,9.2905181672381,14.6818398391771,16.5186204896705,14.9030512838466,17.6590040413859,14.8287308498695,19.9392126168879,16.9157132396165,16.8431626842732,14.663608228944,10.5978584178597,17.5299699497836,16.930840115469,15.7872010907578,9.07015751886677,16.3076285315727,11.6074301389946,13.2560167016197,14.5179371732767,20.1304129721855,14.8148153265222,18.8456745971426,16.4804410816179,19.7343291829066,18.1382150108802,16.1800981171761,17.1762087329198,18.1810120988698,16.7161994342988,15.7806884795842,15.4601773128198,17.5937067291401,14.0324968410748,17.9126220884402,16.270909496025,15.4961410853187,16.6780183633171,16.1136832609078,16.1570079849328,18.701751571022,15.3761410707648,17.7805070397132,17.1963061883478,19.3977279481921,17.9175399359103,15.0773838667357,15.6478544493547,14.8870522340575,17.4937501997382,17.6990695953557,20.1401895219419,18.1669295496485,16.689083192597,14.1600224067144,14.1372505568548,18.0786592160984,16.5729571362813,17.9500928248027,17.553992220667,17.446564711064,15.4966797462953,14.3334244433011,16.8206503322171,17.108669895825,18.0895249190022,18.6507436417034,19.2411172890596,15.4176168218871,16.957832485459,15.4652228590375,13.6205601491683,18.0817946341366,16.9674722577137,15.2736868187736,15.43115318609,18.4178776527309,14.0611490070437,18.4530934219527,14.3990224169509,13.6686636960578,16.2035946166629
"hera_18",13.9091063040088,16.7834518884663,17.4390845033186,14.3751486658135,23.1104215193184,11.4340361827784,7.26631157764671,0,17.7228128828004,13.9879279816946,12.5550910297064,23.5024630470018,11.9812346703494,9.21429662250223,18.5480706134319,15.63830190716,12.3784074196705,6.6805283709992,16.7873377579847,16.7087743687613,13.8463605355107,9.67089641437554,14.3840352006574,16.0045588387059,15.5929595139171,18.2563028961003,15.2530009162294,20.2402091110231,16.9081242012841,16.6593864181501,15.1931146841742,12.3116262928628,17.8843217958893,16.5175180715618,16.2039544092973,8.03307360496475,15.6577640701231,11.7461873609682,13.6048699073977,14.968661950728,20.2094890214105,15.3421346819387,18.3413479935387,14.7724029771478,18.751584160969,17.7583882041286,15.9638538853299,17.1631593201385,17.1545741084901,15.9845131568162,14.4878580108992,14.1188714745004,17.3173793629466,14.8295084350813,17.3185085191722,16.2223531123248,13.9147285544442,16.2669257782326,16.1700069605501,15.6206483582423,17.5905648057885,14.8297186160375,17.8303790434303,17.3410182466552,20.9463996438108,16.4353669835201,15.8759578043285,14.3671464687328,14.5385261720253,17.4421484076554,17.8141060752523,21.5078697517712,16.8926623826478,15.3076640772681,13.2231973631494,14.1931388713016,17.9287945767564,16.4179555636701,18.8857806709178,17.8901849657322,16.7030571794262,14.4585237397618,15.0775669955961,15.8704728697845,16.6571891735445,18.9247675084508,17.3793944289898,18.6398146164022,15.8381617451594,18.1483670114297,14.294335196713,14.5439564247165,17.9330925795641,16.3870584857386,16.5477359111914,15.9637798478971,16.3809995588528,13.4167635126078,18.8345988277764,13.5839159663842,14.9721259388889,16.1577764419732
"iris_18",19.5453042857584,20.7949217555266,8.93416231900818,20.4839759593752,25.3915076319187,14.9286296050395,17.7757691383302,17.7228128828004,0,20.601396462104,18.20567358382,26.4137498587886,14.0683928753787,18.6242917316464,7.9004530498798,18.211509058584,20.2118035411353,17.6250499973098,10.1845558140499,22.8370265582704,21.3716762256388,19.5021617958358,20.9127334515268,21.6314232820765,20.573322428641,21.0872726368948,22.1791400812115,20.3777800005028,10.6484581070854,21.6235478102322,20.6117821810739,19.9215674204437,12.0316155890784,21.9862168599823,19.3368573546047,17.4060636855902,21.960216229232,18.8085812760632,13.2354440486232,19.5999496578294,22.9402512269165,16.2364948343325,20.0729143069024,17.8785871244065,20.3433872055591,19.7581161600971,21.0285750471067,19.9895488404885,18.3820965783656,20.5589415659412,17.8754503878179,19.2079251633438,19.0452138803833,19.7152891272576,18.3222676469966,18.0870257739341,18.318814462376,18.4546794966753,20.9794363845542,15.85325654268,21.3980250464933,16.2738611183981,22.4232454539724,19.5184744985029,20.0060009032606,16.8552776554059,20.2551371341498,19.0462301104779,17.136368683259,21.2508403169953,22.9017523123494,22.0171096430759,17.271559216902,18.9277692358516,18.8486814829039,17.0458373469158,18.8902785945407,21.3840859076358,21.5474675277751,20.5210976559619,16.8556272631606,17.9878267255752,19.712371904046,16.7524605200456,18.3266003719142,20.1337191879397,15.0128085200007,19.9109075638331,16.5944070798734,19.1186423693306,17.8628334405858,19.7327808064351,22.5856389641522,15.579835695774,20.1893966022782,17.3510995138829,20.4221195087693,17.1951159323733,21.9770686106178,17.9289330512057,19.1830903450216,18.8540620371581
"jarjarbinks_18",18.0927440893113,15.1038596025022,19.9921023799318,11.3972605624231,20.6864115243567,14.8944615401558,13.9876241645055,13.9879279816946,20.601396462104,0,10.6790824939478,21.7725529051693,15.1503527018149,13.9564469874893,20.6051853804008,12.3980469671854,15.4845239573135,14.3013553386759,19.332488770213,13.1431142050549,15.694143980813,14.8904973122724,7.05054890505427,12.1082567245413,11.5323981366287,12.0872970198734,16.0913427009236,16.0906002019172,18.598551170757,12.2369416052025,9.60453030536219,15.7578602703578,19.3660449830566,12.4559923234608,11.0787565200338,14.8520547286383,12.6659668655865,16.9263531856605,15.7550930463178,11.3740819976321,17.18914267467,13.0838703478926,21.0958904678127,14.9319036428004,15.8863253040173,13.8802399969254,9.88968178834128,12.2987325651801,14.0042014838371,12.4680976076757,14.2041858063047,17.743925005065,12.8405012296568,10.9911481723133,13.4088858057184,12.0439394754301,17.9418700340379,12.0494070516623,10.3392178928774,13.5136001646808,15.065794846236,17.6625669731165,10.379593545417,12.0210489141827,22.1035096355214,15.1754304516379,11.887715435206,14.7610990457657,18.0936975831288,13.1095385964786,11.2490334607088,21.9749306942981,14.9105096334455,14.9997976403908,12.3465308775469,16.6776456822716,14.1700960693702,10.1706544111466,13.5468678449829,18.4420528900434,14.528322083168,13.8133075120555,11.1614105288712,14.1533657613541,13.0042347164307,19.2801055085588,16.1264331841735,15.4199183291371,12.4895736397352,18.0795358168672,13.2369785092328,10.9643735486399,12.6764346806817,14.8138682828934,13.161000836619,16.3849635112891,17.0378533635701,17.2993033796697,13.1087513598858,18.6568902022261,12.9488698084367,13.2924867449693
"kubo_18",16.5235024320294,13.9305404451928,18.9297391478409,9.90085635976223,22.1210506382457,12.3310380061612,12.974075357717,12.5550910297064,18.20567358382,10.6790824939478,0,23.0525785916712,12.9146760695367,12.3596665328225,19.1605223132623,13.9853632248049,15.6115257003648,13.55417621898,18.5465003619618,14.7610979055637,15.9512047028234,13.9109867233664,11.7702883827424,13.1648063086639,10.4152469869074,15.4579746837435,17.2157943664989,18.2953605907701,17.8851537272381,13.8296112319939,9.97580687044411,15.8866919967442,18.9237623373489,14.1296231783418,13.6141148628566,13.4634682409583,13.656855753552,14.3930600448099,13.5746185745218,11.0864358769849,18.1937023689931,12.8714818434273,19.596589925877,13.9756952396246,16.2369738158929,16.0591809498262,12.6267075510088,14.9379913686306,14.765778465278,12.2414745636345,13.9214361892384,16.2116865026218,15.1914362574122,13.2894592461505,14.4669449953697,13.2326298341685,14.8874165613727,14.0000359774221,13.1213805635157,13.2696735219291,16.4557642957522,15.5103032227504,14.2269602093834,14.1769630270395,20.6437489160596,14.9521029507102,15.0260246469645,12.9322153040614,16.7883239266555,16.1965626588461,15.1968153873213,21.2699998649677,15.146899409476,14.7244578738698,12.7735268002137,15.4194352732672,16.1834648409038,12.8016606033378,15.719560131455,17.7491237602732,15.1582486169717,13.2840340819648,13.566262764979,14.5599489531022,14.3583274007196,17.9837050633035,14.6796346851518,17.3962485231793,12.4931664273962,17.1922668012136,13.0875102442535,13.9585160187797,14.590189520216,14.1773470083609,15.8645420635017,13.9914316101945,15.9394188269225,15.6731243615664,16.7167899623668,16.2677287068388,14.2489623721422,14.6904071684165
"lambchop_18",26.5723757914641,23.1555010281467,25.8723646055076,22.4579550739399,8.94457518953926,22.5152846984075,23.5382599739127,23.5024630470018,26.4137498587886,21.7725529051693,23.0525785916712,0,23.5839039024416,23.6827237442881,26.1458241935797,23.115562402903,23.7493012682847,24.4869651757866,24.0847270414132,21.895659984725,23.7972249258699,23.0143008650867,20.3169802423323,20.4468541909401,23.1914304726526,21.7482478731224,20.9565481346058,24.9620966399529,22.880895944296,20.9698819384472,21.952071178933,22.6286423821708,23.8594243990623,19.5428204004791,22.7774267508701,24.0618823097486,20.0613105582024,26.753703160692,22.405157776114,23.7757983802761,14.8060596343627,24.7618639673317,26.3602583563817,20.2295344639011,23.478399672669,23.7324079762619,20.3048139991803,22.9543128358027,21.517650757169,20.5043275263697,19.3232304295563,23.3254650605454,23.8588611643352,22.1823684730565,25.3162845313,22.5645149868781,21.7949121621947,23.4735998541648,20.003528014928,21.5208420794798,16.3021609300161,22.8503550248488,20.4879577072395,21.4798031136386,27.2024769417769,24.0910410072103,21.4990541990865,22.8557999262384,24.4410962949434,21.8877682126059,19.1999605162092,24.2411709580522,24.2649855595778,18.6831451480724,20.7928936001838,20.9475213005123,23.109488789574,19.9178158045569,21.8135037497998,21.8082433356723,22.9585021008902,19.4999756455691,20.9671717482077,21.6312318663262,24.256658450677,24.4299607358491,24.2285012697592,25.3337845674769,23.3968917472391,26.1610701628929,20.5837447204816,22.2438707266687,22.78320204858,22.6656841781321,21.0198706816078,24.1775784138155,24.1023967418358,24.8116510237739,20.5899881127674,25.7167718105725,22.9431810620142,22.8296541407026
"wolverine_18",14.1305213647427,15.5342474944745,13.1498545809479,14.2682025516911,22.321189702334,6.65745941223293,11.5536295022576,11.9812346703494,14.0683928753787,15.1503527018149,12.9146760695367,23.5839039024416,0,12.7475627274765,14.325669501147,16.1068864405411,15.0952134742028,12.4782624404242,12.905690913175,18.3768879610001,15.9385044672658,14.4252137568427,15.686860338414,17.0177792596241,14.4735933718526,17.663860785987,17.8657107832197,18.6061466159137,13.2492675879168,17.3053877940189,14.9288848040404,15.4850267751566,14.4159897974835,17.4695414202212,15.7908976132056,13.0433913693216,16.7488153307853,13.7475452686882,7.01553465689627,15.1631443174198,19.7864913579704,14.5533692071615,17.199705686788,14.1599526272015,18.397285847123,18.6612557802587,16.2744454173109,17.8197544784428,16.6282457519404,16.5609395517987,13.7795406855909,14.1283511357078,17.8304804860316,14.9398438632971,17.6806232509034,15.5559730437049,14.1564418135552,16.6321190691154,16.2050291190267,13.6763554082631,17.4387423485918,13.2944758179391,18.095532023986,16.4433212656631,19.6777587379381,15.6478984338197,15.5807889669513,15.1855394671043,13.8329327692427,18.6484373184926,18.2864773641057,20.1403159247155,16.0371686481857,14.8558658263047,14.4912208990427,12.8926945172925,18.159892719057,16.5955348273165,18.4627997455786,18.0730742734007,15.0193181768142,13.2850998894726,14.0544135051944,14.6890527954621,17.3734678608371,18.360804010717,15.5724332601156,19.5930067300234,14.6665504465711,17.1670143191826,13.0917194253349,14.9490948759469,18.5546077288984,14.3315922771547,15.4754484741459,15.2213834509282,16.5210776582811,11.7080874112597,18.9494969341736,12.3622926060382,14.6291436827706,16.5236755197651
"ophelia_19",12.1197430234551,15.9476284403608,18.1873782441189,14.0778336601631,22.7283206419148,12.5442214558545,9.08505612102226,9.21429662250223,18.6242917316464,13.9564469874893,12.3596665328225,23.6827237442881,12.7475627274765,0,18.7491554852281,16.2161222042486,13.3498533373689,10.3007266557935,17.7413327713907,17.0161002689915,12.2500794575138,11.4573422050918,14.3572769039398,15.8293203803433,14.2611862404254,18.031345593634,16.1733801365175,20.4666891833428,17.7964440438414,16.1297296837003,14.2904856142593,13.0625067469446,18.9675711099141,16.8799516951244,16.0870834239422,9.30074958974963,15.647725842219,9.81192074238665,13.2134772848274,14.3891300574041,20.1509439115413,15.3970548323655,19.2820991746186,15.980050743743,20.029324475133,18.7070572886643,16.5944540089909,17.3265927135754,18.1019230683243,16.3834122225472,15.7901847139435,15.6546918404465,17.8836846175395,15.5161243892342,17.458863887311,16.8294707223371,16.2271686767148,17.1268292075901,16.4076512058602,16.7571213029673,18.5937379696452,15.2050520441063,18.4186511573198,17.9607921149205,20.9607287116242,17.9804567830934,16.3497373846424,14.7688058457404,16.5024744171672,18.054563390722,18.5963458459857,21.3736538299881,18.4797977197364,17.0209156027489,14.1154492347028,15.194508933683,18.6205284469705,16.651689500468,18.6607095209851,18.9483465194964,17.4854677563672,15.5141024946464,16.1333775649621,17.0442323235795,16.8709417099864,19.1640437194161,18.243157822566,19.2961716786648,15.9103271172629,18.3971701509673,15.3296355488121,15.0514393300836,17.6916562418575,16.857891999225,16.7638653182407,15.1923852263083,17.9850289588087,14.4586568109334,19.1178466514258,15.401450375091,14.8433359240075,16.6277191397865
"wolverine_19",18.8432426179438,20.0015141862801,8.62765851092356,20.5775324104788,25.0845055694333,15.1222442230628,18.084645574907,18.5480706134319,7.9004530498798,20.6051853804008,19.1605223132623,26.1458241935797,14.325669501147,18.7491554852281,0,18.7917917957604,20.1880655116503,18.5764815984032,7.3831803435897,23.0711374006796,21.127685233694,19.6556223939649,21.0380776836784,21.8394876430976,20.755932150089,20.5736047877581,22.315207904922,20.4041729041046,8.69471366339749,21.7534266521096,20.6048806860261,20.1735891865903,10.659686185103,22.1084425883246,18.4317608911166,18.1490568695634,21.4504527772948,18.7244330831093,12.992592456164,20.0575926638343,22.8302730490681,16.2853327733175,20.5006126354881,18.3176820272294,20.3845841725732,19.7862314140348,21.1717536680412,19.8718307122491,18.4683779054347,21.2053473474381,18.2776339821817,19.5399066945985,19.0119471794257,20.0726989855259,18.4505365117497,18.0152711925086,19.3153314593892,18.7367585320434,21.068848720654,16.0800215956492,21.4292924867686,16.8578398610736,22.6441393678447,19.2125416603958,20.4611126404049,16.9268510169494,20.2213461903254,19.5969945644558,18.0152014755368,21.5152585434948,22.8568607415544,22.030759320212,17.5958011997563,19.1646094939939,18.9013821121617,17.3771882588164,18.9995587983308,21.4190316623968,21.2432836362789,20.8261096848836,16.3811806141518,18.290145057808,19.589216798456,16.5421186672753,18.5028171542861,20.9772540626255,15.2369905825311,19.7719833868167,16.7140057204703,19.4234135329518,18.1197404797932,19.7906727266098,22.7439434946347,15.4503438052409,20.1117453425456,18.2550696081683,21.262545930941,18.1899536258858,21.4842130601753,19.0004972558208,19.4845964025951,18.7924007423986
"goose_20",20.4976971696374,19.10700533366,17.8666917708427,15.8455985063291,22.3515599433619,15.3960145616779,15.735385009555,15.63830190716,18.211509058584,12.3980469671854,13.9853632248049,23.115562402903,16.1068864405411,16.2161222042486,18.7917917957604,0,18.7847677060016,16.2573033903095,17.1993139094573,16.7237155331998,20.0737028931019,17.5831586622381,12.5538808452315,15.6638027506328,16.3912821451321,11.9047192352408,19.7676521139745,13.7845859705897,15.9471836271314,16.5192775742783,14.863315937027,17.4805118720959,15.7896569577445,15.8011401189224,10.0743146581891,15.7930596296494,16.3540543184077,19.6076446767763,15.4177408524802,14.0456853103594,18.1036511699815,11.638804491304,21.6556266221959,15.0608796993993,14.3129371277762,9.37616313906001,11.7817180032926,8.00349937774204,12.8345053378831,13.5409759322842,14.1941665751262,19.1668331280586,8.06138347658906,11.9828802343689,11.5932346421954,10.5516013368918,17.4506783779675,7.17498630096929,11.4585045649933,11.2408677823498,17.4566850269788,17.9014781036603,14.7469646907373,11.2711899567383,22.7883076084687,12.8998812917445,13.4554152067085,15.2472834966715,18.6913054872247,12.7073966741687,15.1861691424816,22.4566137552071,12.8467953741812,15.2484630504763,13.1788889058566,18.2742523309722,8.45177229625333,12.9602560580359,16.0364890625138,18.7431148058445,11.4945504129385,13.7915072775098,12.2845953936477,11.4703587833757,8.40828920659223,19.2821905094857,12.8972601896666,11.4123984539488,9.62236584838206,18.6739058401012,13.1772677758062,12.7330042192703,16.0485705699983,11.0024954002868,14.3956790752237,16.608379396929,17.1002315502568,18.285792938439,14.8809794255225,19.7347167258796,14.4057584439344,7.70038106913635
"hamlet_20",12.8478540485071,14.6594268256439,19.0208676134811,15.1445853007152,21.6935334120009,14.7956589685937,10.5008438334321,12.3784074196705,20.2118035411353,15.4845239573135,15.6115257003648,23.7493012682847,15.0952134742028,13.3498533373689,20.1880655116503,18.7847677060016,0,10.7503315770273,18.9852133371717,16.209104443914,9.90901068789215,7.51958672468648,16.3184566984569,15.9395089680671,15.355821221569,18.085680213353,10.1411120651264,20.9549240244169,19.2620437986672,15.2949672632307,15.0698259519518,13.2625873531669,20.0101280904785,15.7115694899344,16.8686958907875,12.8665015098929,16.0161549887125,13.5193426075438,15.449735634927,16.6869922169031,20.8463366256605,17.5135745174094,20.4554922062223,19.2357050657382,20.9907734444322,20.4142602772304,18.4310128443682,19.1905408537876,18.9641651665705,19.312778787247,18.8141587778648,17.2293942626455,19.5251402664511,16.8666555697505,19.837583376141,18.6731866546601,18.6958757431615,18.996823799907,18.2759677095826,18.8612317634903,19.3791274025446,18.0726532160532,17.6546070239644,19.3588117605269,20.6587566905081,20.348749202416,17.0198042992006,18.3126876529274,17.7945436177829,18.7327094287172,18.1114260008525,20.8738896333506,20.7432077464433,19.6540611222439,17.0478863119265,15.6090717772246,20.0919760701618,17.937839957208,16.3010455011217,20.274456633731,19.5148589826789,18.4490041732869,16.9488172856454,19.4238148003452,19.191303068855,20.9056450804731,20.8200792266057,21.1006754128605,17.6568349270325,19.4516932518309,18.2815908523751,16.0888248667807,18.7178829526394,19.49196218249,16.9748757976113,18.4239147833682,21.3489847503602,17.3321698645046,15.7198566153145,17.4002819235808,15.8051531275757,18.5949104789699
"hera_20",12.8857052530492,16.5389502347684,16.6151835627823,14.5035973780688,23.6807074017457,12.0857001694773,7.99691954159964,6.6805283709992,17.6250499973098,14.3013553386759,13.55417621898,24.4869651757866,12.4782624404242,10.3007266557935,18.5764815984032,16.2573033903095,10.7503315770273,0,17.0190918531193,15.905825316556,12.6489708913365,9.6332562283097,14.6195323637721,16.2973873135178,15.4351829339324,18.460219449157,14.7835611863869,20.358869794232,17.1991914363261,16.1193086921565,15.1064242340546,12.2104986484901,18.3208439099907,16.5146097324014,16.3211645123702,8.91640251393283,15.7746787821413,11.4646240213022,14.1116377943359,15.017539632811,21.0829520690777,15.7974128583879,18.3500052597342,16.0513666542224,18.6820259454067,18.2286167616742,16.4781260959873,17.9626413972381,17.0906986956157,17.0276730674624,15.3570827505465,14.710074145265,18.1049634336995,14.6460747103961,17.920333147721,16.6072611262588,14.2482251201768,16.8396186414921,16.9849746830007,15.7948638608141,18.4424672517373,15.0764549169051,17.8427431193076,17.7137449271097,19.9624805804114,16.7991737922344,15.9269183873909,15.5407460477678,13.4051092872523,17.1904236201639,17.6931557578837,21.3945724518179,16.8870134789829,16.3116729834945,14.255252241064,14.0682855872052,18.6137673400797,17.0397056132727,18.3226594671692,18.3206251739987,16.975116364015,15.392510649606,15.0923361185503,16.0234294680626,17.4027419626447,18.9191335235832,17.6613920798482,19.3609644258293,16.0656151196207,17.660861198537,15.2590460615641,14.3851513710657,18.2452351073658,16.8312559906962,16.5576483653086,16.2033758558066,17.0007708425781,13.0267198974964,18.2192539278631,12.8219948626027,14.617298040589,16.8921798662872
"iris_20",18.0175371691326,18.815802666301,9.02926281918881,19.3549796191742,23.4886148613694,13.9187967829339,16.396744730729,16.7873377579847,10.1845558140499,19.332488770213,18.5465003619618,24.0847270414132,12.905690913175,17.7413327713907,7.3831803435897,17.1993139094573,18.9852133371717,17.0190918531193,0,21.5169092599285,19.9291134994391,18.2771946584732,19.5306847241941,20.5733063918964,19.9374527891791,18.9202865946155,21.0570399592107,18.8820166984585,8.29123816836067,20.6036498961755,19.534032775195,18.2775268095863,9.04218544325136,20.6297677133789,17.0220557897171,17.0915192009067,19.8929880217075,18.3765432704504,11.8350973269436,19.4427645695388,21.5626911843827,15.8982033559632,19.5001766852703,17.074848275382,18.6016284354928,18.5109561254817,19.4897073251617,18.5209397812294,16.9328237442765,20.1545540830272,16.5694252636351,18.2384197627466,17.9803936608895,18.7687152848544,18.206122923839,16.7712183532365,17.4423979438072,17.4512966163196,19.5564271268962,14.4931907200281,19.436266603299,15.968504492452,21.2287911219624,17.7590539489289,20.3071522583139,15.6572726686769,18.8205896246575,19.0247307816126,16.5193931682802,19.8194178265061,20.9823362758425,20.9891799748494,16.3786243063049,17.1997906428711,17.0564114700253,15.7283515758694,17.7967097587186,19.9813857515045,20.2655077822563,19.3289057474439,14.8635065771597,16.3527611145272,17.8501640470709,14.6206480206639,17.9648740082674,20.3731492806863,14.8562320848691,19.3028902170855,15.9906250088242,18.8400853704799,16.325611655231,18.4259178502183,21.7481460907403,14.3654090369347,18.6714064331175,18.7474075328689,19.6478616201685,17.2493360800668,20.2109423196105,17.596112762979,18.5641241745719,17.4328126683446
"korra_20",20.1693741204478,16.1212379018107,21.9866829222145,13.0928882223419,20.5729204848357,16.7126169787603,17.2826717890502,16.7087743687613,22.8370265582704,13.1431142050549,14.7610979055637,21.895659984725,18.3768879610001,17.0161002689915,23.0711374006796,16.7237155331998,16.209104443914,15.905825316556,21.5169092599285,0,16.2009514348393,15.7281609148886,13.1886291898999,9.05782009015316,13.9674165787977,14.6234708029951,14.930545118702,20.1340380540764,20.3334842282343,8.59112685163947,13.720971351916,17.9155697786106,21.8886536479788,8.51649490334319,14.5359235840715,17.4877786034852,8.46145026227022,19.7032452360688,18.0024719905068,17.9353243408294,18.6505012897192,19.3037238026041,22.1166088801447,16.6382407688839,15.7545322314497,17.9979014720884,14.7043663397204,17.6065575073621,13.9248023706519,16.7545023549578,15.8878996688763,17.8229867687024,17.9959215851354,17.6444438275371,18.5030625080037,17.0487673366679,18.979545363023,16.9340759451385,16.4744859685915,16.7655505881377,14.2227690294882,19.5341755585089,13.8480842730853,18.1203614902259,23.5807514563819,17.4596919593146,18.6068840026445,16.0258421299106,19.3837510945037,16.0982219708432,13.4533143059605,23.2619467415047,17.196573115446,15.9972028041958,13.0738615003007,17.1800993350173,18.5355155648726,14.4801837838495,16.6590952532053,19.7254154679812,17.3581724660275,15.0082226264109,17.7049832993321,16.7920879375546,17.3199555409057,20.6807164155515,18.2937010566943,19.4975031673737,17.917155510355,20.2093023235482,14.6432021629848,17.9232207176007,15.5550805537359,17.6143897444719,19.2724260021413,18.9342270131018,16.4617899923677,19.4363241236857,15.5148370855053,19.342366461981,18.8946222144827,17.0682136229539
"ophelia_20",11.1220215153921,14.8802910326442,20.2060857319094,14.9148797926497,21.9373895895974,15.7827913792894,13.0285309297283,13.8463605355107,21.3716762256388,15.694143980813,15.9512047028234,23.7972249258699,15.9385044672658,12.2500794575138,21.127685233694,20.0737028931019,9.90901068789215,12.6489708913365,19.9291134994391,16.2009514348393,0,10.7125380769718,16.3344049614899,15.8974135582976,15.2195694961737,18.6914674562483,11.5345725239333,22.234979699296,20.2621434864474,15.0211341546334,15.0323488609788,15.1247482680834,21.3143534691123,15.8995220352825,17.7573360563814,14.3692813543616,15.6160917112305,11.4789228816317,16.0130567666838,16.7623814651904,21.542326592345,19.0544993442537,21.8944069760612,19.8589361389662,22.1860960368042,21.6589719888141,18.9618697771646,20.3385544022234,19.8222943090523,20.0684820807778,19.2285052636965,18.3297634858038,20.8521083711109,18.6125224968001,20.6828566051103,19.3838036367418,20.6198363188604,20.3077957693611,19.1877300761275,20.2893868925783,19.0701375269393,19.4217007216539,18.0873109256132,20.4036510050192,22.0442280812589,21.157976073044,18.3419173714544,19.0229082121686,18.8539946519397,19.8538202661592,18.4631967019198,21.837372851032,21.8234112585725,19.9473971414658,17.3322850844308,16.9661747459153,21.2977781128306,18.475673618923,17.0447904979428,20.9652236273372,20.2377603732396,18.8226457185268,18.4597319837292,20.0814963499939,20.3581595872663,21.9576017748896,21.7429401133133,22.084405042785,19.3059172927235,20.3010880351785,18.5127921062839,17.5170768401503,18.8363146169279,20.1787228424906,18.4269517133067,19.5972948668938,21.7296105348187,18.0512012147286,16.6794272468432,18.653140862813,17.4582750093746,19.7997449552413
"hamlet_21",12.5973012691014,14.7902336034781,19.3707718555111,14.0719490179767,21.8697037969578,13.5641406473327,9.2905181672381,9.67089641437554,19.5021617958358,14.8904973122724,13.9109867233664,23.0143008650867,14.4252137568427,11.4573422050918,19.6556223939649,17.5831586622381,7.51958672468648,9.6332562283097,18.2771946584732,15.7281609148886,10.7125380769718,0,15.2819124912909,14.7499342749328,14.9711048591062,18.1723724214383,10.1205443335969,21.174433218078,18.3131450007163,15.1543778449306,14.8172358734738,12.8707591575392,19.2469578133949,14.8056311778682,16.5507436769616,10.8377856615506,14.638237228354,12.406252070832,14.687569321569,16.1001162229174,20.1884855381292,16.6404103107849,20.0462097625321,16.8483096537522,19.7970809329293,19.4057770838542,16.9525006006881,18.272250747025,18.0382500033779,16.8874517632072,16.9249907394519,16.4213318418238,18.86366179688,16.2158789362563,18.4351602860235,17.4594262295616,16.4847493923527,17.9745824762912,17.0424458196489,17.4373293608114,17.9625886938642,16.8425574023312,17.3291622866256,18.5763201947757,21.1227074330049,18.9140970197405,17.3091825139998,15.615250226186,17.2840366397081,18.3051292523525,17.2283349108463,21.1373597977079,19.3174178884234,17.1350548633005,14.8142350864942,15.4358820096721,19.2708771188828,16.5449120949579,15.8598755554454,18.725065299289,18.6109824392835,16.4221473440552,16.5545794064817,18.1295593044117,18.1970988263373,19.4556496761587,19.3850422920034,20.1467086600397,16.5260103071899,19.1954003650839,16.4803763642855,16.1559112049507,17.9873155733772,18.2541668535398,17.4267061108119,16.6933273585239,18.6959128381389,16.7000737734181,15.9353530386591,16.5796026461989,16.0572984310434,17.6142813105099
