"","Buddy_11","Joans_11","Padme_11","Ginger_14","Buddy_17","Ivy_17","Padme_17","Buddy_18","Ginger_18","Ivy_18","Franc_19","Ivy_19","Ginger_2","Ginger_20","Buddy_21","Joans_21","Franc_22","Grogu_22","Henry_22","Joans_22","Marshmallow_22","Franc_24","Ivy_24","Marshmallow_24","Henry_25","Ginger_29","Henry_29","Joans_29","Ginger_36","Grogu_36","Henry_36","Franc_37","Grogu_37","Grogu_41","Joans_41","Ginger_42","Grogu_42","Henry_42","Ivy_42","Buddy_44","Franc_44","Ginger_44","Ivy_44","Joans_44","Marshmallow_44","Buddy_45","Franc_45","Grogu_45","Ivy_45","Joans_45","Marshmallow_45","Buddy_46","Charles_46","Ivy_46","Joans_46","Franc_47","Ginger_47","Marshmallow_47","Buddy_48","Charles_48","Franc_48","Grogu_48","Ivy_48","Joans_48","Marshmallow_48","Charles_49","Franc_49","Ginger_49","Henry_49","Ivy_49","Padme_5","Buddy_50","Charles_50","Franc_50","Ginger_50","Grogu_50","Ivy_50","Joans_50","Charles_51","Franc_51","Joans_51","Buddy_52","Ginger_52","Grogu_52","Marshmallow_52","Franc_53","Marshmallow_53","Charles_55","Ginger_55","Ivy_55","Buddy_56","Franc_56","Grogu_56","Joans_56","Buddy_57","Joans_57","Ginger_58","Henry_59","Padme_6","Joans_60","Marshmallow_60","Joans_62","Henry_66","Franc_68","Ginger_7","Padme_7","Charles_9","Franc_9","Grogu_9","Henry_9","Ivy_9"
"Buddy_11",0,11.5301039761996,17.3961921954094,18.2931880071666,11.7589619015679,14.5979624872691,28.0932786856856,18.8940206044498,19.4703446564365,26.1090132898183,14.883244943792,24.7699828660857,13.8972777653236,17.6259934969935,15.7114551474747,21.0580139450808,16.8257346275649,19.6566771047267,15.0926284140719,16.8035401940006,16.2459511838444,16.4551331944697,25.7387314143209,20.2161650664552,15.2230841502121,18.0608503970609,15.55492503784,15.3041646713547,16.4005108109699,18.7126165616451,16.7403772211597,17.3024195838649,19.1705033483797,17.6928302276402,15.9296175457821,14.8752258640725,13.609112556308,20.3544046239427,22.9587633545868,15.7530304052205,23.4849093045498,19.4287737091934,19.0250178879624,18.8242022135627,15.3344085925837,17.5813182427771,16.8399549924965,16.2446323650509,21.2840570304161,18.0714337517754,16.7214549759518,18.6867832127175,16.4698394665953,19.6363813467237,17.4435440045761,17.0570095424297,16.7955257284688,12.5284501538099,16.0344448380276,21.5411898265379,20.1308827672099,17.8523325137918,21.3379865362619,15.0577215175825,13.7841151725558,21.432818562009,20.2473751531612,18.8150240522,16.9107332472046,17.6329056844677,14.513287727636,15.4524062496729,18.420450562084,19.8029955971169,17.8191094659922,16.9853784941158,18.9267554134234,18.3396605504844,19.3049306886815,19.5206697294322,20.9824755305309,16.0817854521254,18.0198270795237,17.1377167496467,15.6632862250789,18.7041731608017,17.8596824860399,16.997637656448,22.2959552909016,21.8577531162948,15.5901357673301,22.9767254205755,17.9094916714219,17.8248302766621,15.0779714281452,15.2985676338192,19.5825411936551,19.3009879767906,15.7123683050959,15.7291647343362,14.8456599896607,16.8394903995485,20.8267531026422,14.709307637991,17.2749399186269,15.2267563375389,15.1922730122779,14.6140719490977,13.7700991610498,19.7527235565959,16.5793074011677
"Joans_11",11.5301039761996,0,21.8028462242129,17.1323310712799,14.7129487197194,13.6460784055011,28.9491119761952,18.4639372142124,18.2743244026352,26.7365103136813,15.0316420485796,25.1195493368637,13.4596134995622,17.2139302583307,14.977357100423,18.2887175010729,15.6533982712918,17.6411956241057,15.2217580447681,19.3349638089265,13.5216231977037,16.8069630851982,26.7365877182898,18.6548622162992,15.9285530600522,16.3378996254894,16.1872406187238,13.1492672920158,16.1047159154159,17.1523960463513,16.8915158646624,16.800167033539,17.2084964620103,15.6442598432205,14.0908743412095,15.6044700097056,11.314697521087,19.8581375825122,24.4113191234964,14.5085071421287,24.2384913722386,18.2601115167356,17.0659531066183,14.0682711586193,12.5341678959955,12.7750229486729,14.9766254362654,14.6451699303309,21.7551560914066,13.3635363398498,14.6880610917487,14.4997232663897,13.4863219527513,20.2269450379663,13.0393064540568,15.3251739391758,16.1947011495705,11.6172811962138,13.1213452005109,24.4204916450175,17.875246493841,15.790090710918,22.2842844148809,13.1240966701871,12.8531426326708,23.7542731359373,17.8086604477176,17.6797989313815,15.4919696422919,19.1371667947238,17.9335358149746,14.8222157270558,20.2351419030565,16.5351349617778,16.5351976327153,14.3556641928964,16.2768294450066,13.706776847261,21.311794154487,17.4992595604489,16.2095858798317,13.2875976511905,16.5221264166605,15.4579522898061,15.3889351328069,16.2603291673941,16.0653169094066,19.0612080690595,21.1520368103354,22.4451665210439,13.804138026764,23.8635719367233,16.8337360187779,13.3366295879964,12.4728991540297,12.7712422322517,18.1124849980692,17.7607114682443,19.5984465411309,12.8735368198808,14.2528745094847,13.2285375589785,20.7368467288212,13.2944705270712,17.2740140882282,19.8203900403621,19.8276563135062,16.0417106845848,15.8829627117884,21.7241314301054,17.7498956782072
"Padme_11",17.3961921954094,21.8028462242129,0,21.9179759705361,18.0153313632205,22.7152652527977,26.7079113864705,21.4637606366468,23.3807186862542,24.8927116909822,21.8784885700143,24.8775536734898,20.5649569141733,21.3903889872601,20.5040493639971,23.6454080364967,23.7035347256978,23.5946839285837,20.6088054987759,20.5420032490344,23.9534403683778,22.3161927530308,25.7313052273453,24.1061056324835,20.6268317395424,22.7914325376217,20.6280614426241,21.6693422153818,21.998100149399,22.9427586218821,19.99969067919,22.8054314008075,23.4167556085294,22.7994025675712,23.7097394357354,21.0748328285182,22.6688766013901,24.2409641602705,21.7632687711216,22.1270844313122,23.21801179007,24.5590318323444,27.3927276386402,25.9495648068212,23.6902184126419,25.0602731107606,24.6985469080299,24.8058854044822,23.5242811351993,25.6634369459102,23.3631616607934,24.839408327823,22.8135601667142,23.2692520970157,25.046375991841,24.1920496513724,23.2788172197601,21.9675700007023,22.2996630784306,17.0965592026798,27.03455668019,23.3193015558297,22.4351097236377,23.2409517550488,23.2515511468186,17.2873268270601,27.1186308977854,24.139893034028,22.2111717922989,19.3036817912125,19.2376696718284,21.8390554403791,20.4492383498228,26.5707654466296,23.2756001084637,23.6427334389074,26.1063341292476,25.3445400912786,20.2201448392864,26.4192183198822,27.3250895544179,23.3050955545361,23.5395338141777,23.0291197055022,23.8355996340691,25.7639667064528,22.5030113918284,20.6710720775615,27.0688982344732,24.9696674747205,23.3385560084288,24.8672405333944,22.428932382294,24.8400867216693,22.3955276695508,23.2907295774968,24.4400345132211,23.713608233478,18.5789032767021,23.7170442385086,22.8886566679291,24.7846176671134,23.6040992580078,23.4609516964501,23.8005062889038,15.5415475829295,11.2182635237302,20.8807537980704,20.193531274543,20.3980582007213,23.0754961420478
"Ginger_14",18.2931880071666,17.1323310712799,21.9179759705361,0,18.4119381440988,16.8121842173097,30.3455797565858,22.5842280269216,14.7424548841054,22.4295136930316,16.9374680663057,20.210731883377,20.3090327316843,13.4325199995428,17.1166961403385,20.3988493101363,14.3052877882393,18.2367145759819,15.6171422461711,19.5360359914933,15.9397232033955,16.5891359911654,20.332877409335,17.1738515059171,17.5669354006658,10.3913292670643,16.7334808467022,16.1194229019537,12.7577242049002,18.6723386458465,13.588290369294,15.7773528995235,19.0071401807162,17.3743947209696,15.8384562988562,17.1553652312968,16.9807837951967,11.8894116062321,20.0901971320066,17.7099994103858,18.3785189170864,12.0167510623224,17.0186388614309,17.9029965048451,15.9757415902768,18.0056332820639,15.7622681350396,16.8995898726051,16.4539138864558,18.4644361767043,16.4798699438401,18.332795056155,15.7053943935451,14.2117936492175,16.6105562792566,14.5246773201026,15.2741591529584,18.8246781780809,15.989452362439,23.2694762733282,16.1281679463413,18.0236110448571,16.4508060126607,17.356278330404,17.1942268133268,22.9121492482398,16.1584054317616,11.7550982262483,12.6045714124474,15.5474468859107,22.338690731347,18.7492478284647,18.9648435022255,16.4827476745561,11.1169826250329,15.9363042367672,15.0654574655728,17.7992755693253,19.8061675791221,16.7487803015044,20.0231478459787,16.8190560203186,11.8015205071058,17.2455692016388,20.1802020607911,16.2347192657444,18.1492511362699,18.8179149889368,12.5997615734824,17.9868861750056,18.7366534437907,17.4944991692551,17.6722197020392,16.7029870524898,16.332326163091,18.8951429045891,10.9035004702911,14.92431096735,23.1113582648623,17.219152915442,20.0573650312936,16.8778816093569,18.0010378003054,16.6397376188042,18.9135035014524,23.2341775870127,22.4338180339999,18.7493811114989,16.2510993392215,21.7512116192172,19.4085469872387
"Buddy_17",11.7589619015679,14.7129487197194,18.0153313632205,18.4119381440988,0,16.4812892241348,29.5991745150297,20.1198763790163,18.7762436092015,23.0515335095108,16.0007975069119,22.3464788821909,16.0536888201251,18.2918053491553,12.6687421354091,21.7167228928548,17.8752941155552,19.4660693119682,16.9719598019954,17.9151219871207,17.6328190412031,17.3603568471047,24.2944350022636,20.298698897956,18.246763337925,17.8982255275877,17.5998475228182,13.8568674871015,17.5034049960572,19.2105555078352,17.4044221232889,17.5774369054896,19.8099002090551,18.2960193134764,17.8516843864195,17.5724701416278,15.9430875415187,19.6435732548211,21.6682545737493,15.8351775887615,22.1159850333237,19.502004180014,20.6056886380913,20.4903905208549,17.0223171758693,19.2796044899651,18.4485090882154,18.2778451554337,21.3583507820839,19.6851310340497,18.0357583763593,19.8581473020664,18.0086633322819,19.924289996853,18.8193443861199,17.6616025167209,18.2053647640154,16.0020401749522,16.5124584362301,22.107902850834,20.8222327234354,18.3502372701081,20.9690536298775,16.6408855737605,16.912864553556,22.564279223006,21.2281986264724,19.1611722183732,18.1559465404515,17.6209812118744,18.2084287509507,16.1894818052767,19.5318689488167,20.0672128309019,18.1605513621081,17.6658566485588,19.6727819739688,19.8404407334161,20.2171374564581,20.2626716358156,22.5563341150506,16.7198356343788,18.0188927976678,17.7592487101182,18.4212778031626,20.0032741297062,18.5968381242172,17.3554362235884,22.1722992042483,21.6804559495074,18.2254372288931,23.0537885566186,18.8225473197895,18.9121356895971,15.6385341108462,17.3201653548909,19.6317098439466,19.6244683007137,18.6101865273172,18.0260742630484,18.1829483635629,17.7782878622479,19.8342097276056,16.1752111864761,19.4958443132993,16.9361561240545,18.5195940947346,17.9933016646172,13.261509302226,18.6258274488871,17.1660541124255
"Ivy_17",14.5979624872691,13.6460784055011,22.7152652527977,16.8121842173097,16.4812892241348,0,29.6142032747752,21.8381946246062,19.8611196842813,25.8408106281477,7.94274508030959,24.5940099546012,17.9959675840131,18.6442390008896,18.4449575068882,19.8969180195339,9.68316186856482,18.900615524381,16.2571648380503,19.1021045646964,16.6624805258081,10.0161678681714,25.5520356848563,19.5730738186495,17.4694098963134,15.0372299782017,17.3359512076696,15.508275424647,14.8688754152693,19.7351804884875,18.152676955127,12.4107336216936,19.8793584376278,18.2506379545081,16.5079595421123,17.0551087800641,14.4107501094111,18.0294884093936,22.3917328247955,16.9415337438256,22.9419605970254,16.1579321786626,13.0021809956527,16.5456046005798,15.4623184164425,16.2907990036074,9.93862555615555,16.5679389406766,18.8226194010877,16.1469937323626,16.8820976311604,17.3499987519659,15.39326294076,18.75053777523,15.5562262510269,11.9651140191721,15.4219341146958,15.2861050255205,17.06474567154,24.9291456523743,13.485280547814,18.1192411130915,20.0428203407151,17.4157043785636,15.8171823016918,24.2635059181298,14.3245927101023,16.1688983079655,16.0762589239218,16.6629293905575,19.7020075426016,16.6774565697316,20.9683484693377,13.1816494345069,14.9947596573803,16.6506786551073,13.1933534833794,16.0368372642655,22.08107770873,13.110908348005,18.2065121107352,15.0770861863179,14.7059491620586,17.4943728542134,16.8942496113428,12.320569148802,18.0101688282411,19.1046259194598,18.8171417688118,19.7362077530626,16.1578283836521,20.7615453958524,18.2589841361124,15.937782363237,15.8225607104211,15.2935004409808,16.5019861848753,19.2276240439043,20.3280768177568,14.377942468878,17.0736378693322,15.0998657640592,20.9955383096295,10.5275597671777,17.5913309372157,20.7789147830559,21.2666908668537,16.3440198455611,13.1549092682663,22.1357278374766,17.101846697127
"Padme_17",28.0932786856856,28.9491119761952,26.7079113864705,30.3455797565858,29.5991745150297,29.6142032747752,0,23.0357934289258,31.2992649078667,33.421545433484,29.7987247985635,33.176572616198,24.3888804208289,30.6948618639532,30.8915619704045,28.8725245567641,31.5556822939207,25.4600727643979,29.6570788598412,30.2339471840905,29.9845109160432,31.2943719655062,37.6121705077799,28.4284430129361,29.6570490153542,29.7012670330731,29.7999661132787,29.4118677253575,30.0748345502016,25.2840387730059,31.3814967609145,32.1645807579124,25.1545502758188,25.3404583699965,30.7913698597205,29.584480442387,27.2760605485532,32.2831655781625,32.1111934550902,31.0916508980549,32.9400355025693,30.7760086815583,34.8508155005042,31.3379855632102,29.4694859864969,30.7014507949835,31.6717616628831,30.875379496106,31.1680900432717,31.104168161184,27.940425347622,32.1271888578255,30.0202988428703,32.3084000703333,31.2774853647779,31.5184771080538,28.6686823722845,28.2607043223978,29.0873327081025,30.8880538999867,33.2434186335725,25.7106935922306,31.6613922623345,30.915026553206,29.0504342300097,26.2656167080912,33.4433261493204,29.9077240139663,30.2829276438458,29.9018730410241,26.9843356361668,29.5075257239312,30.6273313094897,31.7562336655948,29.8158717558465,27.5954920892452,31.8121232214991,31.285190227411,31.9282974577214,33.1368457629501,32.3583465804205,31.1337085647389,30.0233600255238,27.4430559627658,28.0812598445268,31.4558947775297,24.6176672798788,31.4325558648112,34.8137212931035,32.7245592003057,29.0659310139159,33.9761763944036,26.4773440037475,30.7929772998582,30.3769617684566,28.5880145795091,30.9811646685159,30.0002750014189,26.6949826244769,29.8890721595376,26.5383533149623,29.7416340543275,32.8194535584982,30.5590557553087,29.12912703984,26.3396453417971,25.8060234216775,25.2657162361164,30.3418038573206,30.6091311702898,30.4729943728507
"Buddy_18",18.8940206044498,18.4639372142124,21.4637606366468,22.5842280269216,20.1198763790163,21.8381946246062,23.0357934289258,0,23.4895453617645,26.8426833686937,22.6203490983043,26.3972049057235,14.6006010133486,23.6682562999183,21.3423802370102,17.1932034727339,23.6719713564632,16.69923701511,22.5944836209062,23.3895958258487,20.5686095642117,23.7480044374333,30.0791166338302,19.8273532859605,22.3234832085869,22.5198427245996,22.4936512996922,19.5208338457027,22.6235608641424,16.2636518248451,24.1868887392191,23.9148570823786,16.5010597700396,16.0146110603897,21.0922584426362,22.4685500869628,17.6022047308987,25.4239008391512,25.6207955140435,21.9345662204761,25.5548124865644,24.4004783169848,25.6301663214436,22.1756181508328,19.9682193674311,21.1195540978326,23.1235628594364,21.9301945445489,24.4673058435524,21.7423444130656,19.166424564155,22.976713421948,20.8329255140055,24.7724067185132,21.5371004976921,23.5759465818687,21.5898992798939,17.9043331744547,18.5794095280708,24.3941194351146,25.2446287559606,17.0078339457025,24.3212600251205,21.0234795814995,19.4188781363792,21.3546471682189,25.4706161257424,23.6466654653877,23.0796720890759,21.7295129796513,21.6170018153844,19.3375203878335,23.9606013197972,23.4428145203481,22.5719967643262,18.4839773700315,23.4337361002477,22.1069062754347,25.086235462479,25.1476871322888,24.1662335077713,21.4955339750948,22.6831114643709,18.3519231552887,21.500873721823,24.1362932259301,16.0003336869362,25.0051681068705,27.432555416165,25.4299784486432,18.8024844697044,26.8488852712843,17.6082695418779,21.8017912726756,19.9900192227837,18.247225719022,24.2066415078343,24.4830705072207,22.393130816868,20.5821361628891,19.2503839265572,21.4917867656317,26.1046686787046,20.699563980348,21.818380724178,21.3574651862207,18.8441947344609,18.7760604519829,22.0808785722351,23.5337113699581,21.3104266243256
"Ginger_18",19.4703446564365,18.2743244026352,23.3807186862542,14.7424548841054,18.7762436092015,19.8611196842813,31.2992649078667,23.4895453617645,0,21.3019551812677,20.0180620590935,19.9845502492332,20.5659402382872,11.3050679054915,16.5381848420194,22.7399605870049,19.9711557712741,19.6486826680263,15.7399166195496,20.5473517111803,15.9732309829718,20.6647975854213,24.2421213048444,20.7553983041535,16.7371764294245,13.4752717833012,15.3731682944771,17.5693296615994,15.7200400182239,19.2555164446168,15.9500668948566,19.2649216005368,20.012193836757,18.5126768374256,20.8029920726587,16.6639607170955,17.997878650027,15.5795557074891,21.6923063680686,17.9102620075299,21.7240773973376,14.3066528246829,22.6043001078115,18.6989914810898,17.6086563642884,17.4744995193909,20.0354665779549,17.6726548925694,20.5931071638798,18.1658368496655,17.6978781638265,18.3638426766389,17.3721097987526,17.9326074675566,17.40889454774,17.9187969469607,18.1132911471185,20.4632208593314,17.0517727840296,23.8886474852716,20.3065612254355,18.5205412886918,20.2061468569866,17.7335355907661,20.2674110493623,23.3350533515178,20.6410734576692,15.718514927546,13.5929368404876,19.0382215738453,22.4401632902918,19.3692210933102,18.2727263420513,18.9928051830443,14.2703045837208,17.951689804493,18.3763733689356,17.16048828818,18.5547323178344,19.2445988742756,20.0628882839348,17.3911753100739,14.4100405084869,17.9554901447816,19.8327699150879,18.4033032981287,18.8492047449495,16.623246263497,17.3737950243102,20.3128219456596,20.446392427215,22.2599051513305,18.1793797542222,16.9416747378773,15.3910309202813,19.9793208756657,15.7356756524171,12.7710320949611,23.6667035327154,18.9902464623825,22.2115163515447,17.1010275945794,13.2267841439496,20.2355673193549,21.7510296912908,23.759130482231,23.1528400746079,21.743913064625,19.1603697648285,22.2677183959422,22.5691439284834
"Ivy_18",26.1090132898183,26.7365103136813,24.8927116909822,22.4295136930316,23.0515335095108,25.8408106281477,33.421545433484,26.8426833686937,21.3019551812677,0,25.133851189639,9.88313407438396,26.5094610781913,21.5502798313112,23.4555697223292,27.7465240029619,25.4942305671973,22.963052489951,23.7745975347102,22.8542005366906,25.4617434996775,23.9649190656726,18.8608411827435,23.13074465191,25.2244446687255,22.2939997272037,23.449070342176,23.5934147924449,23.3431821104591,23.085785747439,22.1759623958827,22.5580035102746,24.7779140362761,23.5787627249726,27.8782500522193,25.0854742341746,25.523480891097,22.4402051702913,13.3059705720495,23.1195724957897,20.2922015252083,23.2977282888907,28.9630625628234,27.4579424448129,25.9975159053835,26.9789301202046,26.3805195621499,26.7029331055655,21.8142182611345,26.9969818575903,24.1377299672777,26.1452664912586,25.5522405754648,21.4847835470365,25.9748617159278,23.5573434174046,25.865674159757,26.8953104009076,24.2249831798575,24.0048094821292,25.959817160378,23.9716351117508,15.9840839755491,25.7689547120482,28.1219634138434,25.4246934691229,26.0248879024301,24.5430348832634,23.222850628834,17.8118344773618,28.8177247926515,25.7350133491103,25.2181799471879,24.9967071253712,23.0320520054959,24.0265130024264,24.8124023031438,26.1826825296874,24.681633459495,24.7539926771779,28.4370564873585,24.2731566051462,23.1074783591272,23.2522341682015,27.4643516912527,24.7834098600834,23.366139084021,22.4179855727213,25.5339337257514,18.1757689885784,27.458895034415,20.3934881084493,22.3371811728678,25.8666736134196,23.7413224344381,27.0012201022237,24.0993060742321,24.6854527601956,28.0502418370682,26.7416806641019,29.4419784689233,27.6667094369922,20.612628435143,26.3593609699546,29.0163161668341,26.3497884912608,26.5603609437894,27.9717352096104,21.8478087058534,26.1735558049235,24.8043361275824
"Franc_19",14.883244943792,15.0316420485796,21.8784885700143,16.9374680663057,16.0007975069119,7.94274508030959,29.7987247985635,22.6203490983043,20.0180620590935,25.133851189639,0,23.6740147134335,19.2218178140756,18.9331185131527,18.4139037171864,21.1402078774243,9.97271466285808,19.3610952336174,17.2222922146911,19.2610850330401,17.0593382991485,8.84750483311688,24.9334364941789,20.1516079853006,18.8200551867745,14.8635553429956,18.067320456031,15.2591179796266,15.7084572956029,20.417320134702,18.8434107770829,11.4530906269055,20.6764290404977,18.823455364472,17.2098704669183,18.4281814986496,15.6099971423659,17.925648125979,21.7297637362329,16.3495749827781,22.4911662646865,17.01979306828,14.5808486724236,18.5023803473233,16.9121724007062,17.6197082149316,12.2860280899643,17.8160027736829,18.3823742160946,17.8590090461299,17.6065827615168,18.6926314731371,16.0557617357798,18.5295410034195,17.0560561932537,11.8210285593357,16.6990540276745,16.9166404565056,17.5165101988494,24.0190093171927,14.9591589311815,18.8280757251715,19.4979489640924,18.2628716338147,17.4874250474729,23.5517164850338,15.583380624911,16.8941851146113,16.6153847245189,15.7768999786563,20.4014643731205,17.2500270465405,20.6696780093744,14.4906061342626,15.2168718462061,17.1739580417433,14.4610153325706,17.4809984514377,21.778024846135,14.2108740033472,20.2399177214206,14.9457293535227,15.042316762114,18.289856232589,18.2791944661452,13.1227553409957,18.6280521651706,18.2206447726875,19.4995123523892,19.1985289198403,17.7318726750081,20.2831844583144,18.9443356590567,16.5914219279095,15.9219038995475,16.1383730769451,16.9086338774453,20.147425537311,20.3561601568118,15.1745210807857,18.7784053286154,16.5637193278984,21.172282303579,12.0726760348438,19.3565440928735,20.3976418022453,20.7434941559652,17.8602661762778,12.7269107094443,23.2522121818999,18.581416468606
"Ivy_19",24.7699828660857,25.1195493368637,24.8775536734898,20.210731883377,22.3464788821909,24.5940099546012,33.176572616198,26.3972049057235,19.9845502492332,9.88313407438396,23.6740147134335,0,26.1737767632643,20.1334179272139,22.6832439384162,26.9731238849657,23.5503256048973,22.6018356961507,23.2081637917216,22.4445722892452,23.7220769565692,22.7378312144193,16.564489252808,21.8893958148464,24.7308786648163,20.1643419394177,22.6925709689377,22.5602264795738,21.4479249179841,22.7694275919192,21.3516489987013,21.4200355119493,24.1031183714122,22.6990973654536,25.7285548217344,24.444675965143,24.2489742295205,20.9002738263715,14.616980541455,22.0175576996124,19.6811506121192,21.7705908675808,26.9951900410551,26.1899501318306,24.5158072362114,25.8541165224864,24.8875022353254,24.847738228051,20.4925362468977,26.0136447409452,22.6998328492682,25.4911869770025,23.8842484657518,18.8699046895214,24.6614999548253,21.8564160678591,24.3589833244008,25.6355721660545,23.2301048293227,23.8556311174545,24.6967774173983,23.3065553400485,14.8080700651948,23.7106556354051,26.516839195936,25.1436771976714,24.3149072023287,22.3230317256821,21.4629940058592,16.9171731882059,27.9902390326384,24.6813415799149,23.6372533903421,23.6851893077962,20.9650906526788,22.6253923179941,23.1587553030288,25.3419665751194,22.9414465563072,23.751510512851,27.6836433270647,23.2158325830071,21.2872915187575,22.5643571860524,26.47532307006,23.3701308664537,22.7928190792757,21.2860565982102,23.4121430511535,16.0662809121076,26.2567490830965,18.7937154827337,21.7684464480212,24.4361584454922,22.6741608257288,26.0202288062415,22.0343434368389,23.3713904781697,27.4362066901229,25.0703217750197,28.1781240036679,26.001753815167,20.9557994174329,24.8436662792114,27.2006079198461,26.6861139811412,25.8728370243846,26.4438378626223,21.0084286195078,26.5651700368572,24.5993581797929
"Ginger_2",13.8972777653236,13.4596134995622,20.5649569141733,20.3090327316843,16.0536888201251,17.9959675840131,24.3888804208289,14.6006010133486,20.5659402382872,26.5094610781913,19.2218178140756,26.1737767632643,0,19.2814007115648,19.1593911560931,21.0537177235364,20.8200427704311,16.6536171763176,15.061744519056,18.2604839707309,18.1545627987991,20.576341840751,29.0452554804761,19.5374091057168,14.4264312506799,19.6073562141046,15.7865751465272,17.9532563799199,17.4534971198845,15.8074928157063,18.5577157062235,21.757784168645,16.5977407212194,15.3060138728817,17.8983848342493,14.331573648226,14.0065418071332,22.6805617851496,24.8567300730781,19.1216630417061,24.9738738852633,21.5379518900052,22.7190508912302,20.199105546034,15.9507058239088,18.4740512487526,19.7774104023866,18.4936022914017,22.9309741306387,19.1081733537381,16.9591838635133,20.1419810901358,18.8801317348207,23.6013422866731,19.080800889699,20.9735840267946,17.6410567956524,12.3173503590599,17.3754577496871,25.3318942808163,23.1584760854988,15.5352695355657,23.6876918666434,17.1385839356925,14.0039612878073,23.5801927572981,23.2128125550219,21.7035401156028,18.8557340727911,20.1187323679138,17.2897101431813,15.9855397176561,23.3827147165663,21.529619177558,20.6649210721795,16.7946305887097,21.8189007615211,19.3922605805579,24.2507885855814,23.0917753098476,21.578471932448,18.6496858319913,20.378507690566,16.2254950352764,16.1713901856487,21.8119569641004,15.538663572379,21.9050813501583,25.1993197193741,24.1471172915727,14.9363531447408,25.7897185010488,16.3223159877842,19.4192677273078,17.3044460957605,14.4782135195982,21.8311073107173,20.1661380571662,17.7682616208881,16.7524434701968,13.922878211998,18.5015311243858,21.4664943254057,17.1245746612108,16.2504332782106,17.2682522163205,17.5201911321849,14.2718749727038,18.1504764099274,18.5558853976108,17.0327933709233
"Ginger_20",17.6259934969935,17.2139302583307,21.3903889872601,13.4325199995428,18.2918053491553,18.6442390008896,30.6948618639532,23.6682562999183,11.3050679054915,21.5502798313112,18.9331185131527,20.1334179272139,19.2814007115648,0,16.0142366171436,22.649773870766,18.2101530805196,18.0077528292306,11.851006921702,18.1009465708324,15.5109607048618,18.8523083796881,21.6856963349931,18.1529678321801,14.410888390745,12.4749588465583,12.3297492837229,16.7505403771378,13.7345405298216,17.2915568382461,10.9269565568285,17.3782055691027,18.5166856858313,16.8273687987693,18.9544408782886,13.5250285695272,16.4474792689308,14.4168159257174,20.1881867597748,16.4074483156888,20.486566951257,14.6304627706232,21.2060625268344,18.1118513575717,16.1306739517399,16.9806599395031,18.5710368575372,16.9769010396786,19.2929976569954,17.8675857289355,15.8809499233141,17.197684579014,16.3333069903197,17.868891539205,16.9392621396055,17.1377031123204,17.4929381613136,18.3878966405778,16.7290177357674,22.2525076784166,19.2082761217128,17.1800259390459,18.2218619502572,16.6116501477968,18.4482481197649,22.4101336370072,19.4357512488457,15.4281401158159,11.7742943927642,17.5781957323256,19.9140475619761,18.0124317910517,17.6779892341004,18.5425326641634,13.7320457207424,16.2710076322634,17.86146691632,17.1360420220697,17.5591652359977,18.8134895778788,19.2787345302973,16.5902163679998,14.4375377078074,15.9396105515545,18.3567463551549,17.6305002100136,17.4503853314683,14.8658325039648,16.8296814454604,18.7526993601874,19.3268046878647,20.3937519541314,16.2862337823004,16.6347073450962,15.0635406730604,19.0685682665934,14.5300852902291,12.3060712537761,21.3155531358143,17.8743345663533,20.2188011543739,17.8338358691556,12.1548976367219,19.2756494823205,20.5148824005501,21.0543156601727,21.5508881197125,20.225731358051,16.9740759864142,20.5999023596258,19.971983744684
"Buddy_21",15.7114551474747,14.977357100423,20.5040493639971,17.1166961403385,12.6687421354091,18.4449575068882,30.8915619704045,21.3423802370102,16.5381848420194,23.4555697223292,18.4139037171864,22.6832439384162,19.1593911560931,16.0142366171436,0,18.5061653736439,18.8005056509305,17.2456097913629,18.7307794809348,20.124049635972,14.7479127167381,19.1627432535598,24.5283508681144,18.0680123156205,19.7471449853055,17.3936952692423,18.649681676032,9.98542979953306,19.2611700648047,16.4936660703658,17.4100840111024,16.6271762149549,17.1422862723697,15.7272268165126,18.1598962600449,19.6216594822163,15.1268999563418,18.0088900589567,21.8512582509269,11.465613087021,21.7047161928082,18.245686284883,21.2223186300194,16.4063447286327,16.0948291844541,15.2714756147063,19.2772912793661,16.7325704367045,22.1179954301565,15.7917374910302,14.9223626121432,14.4846197751648,14.7859181885118,19.0426235482762,15.1570121824291,16.9562026652237,21.223199373319,18.3845160533829,12.9584035667949,22.2787269598054,19.3417819075898,15.6223360022132,21.4066222005143,16.4622153714243,19.3867775281842,22.237498616692,19.73740289255,18.3943488875511,17.4366273373161,19.7316533064939,22.1678029203637,15.7824439059099,19.7761919650451,18.2523803878935,17.6749969459489,15.1083599989353,18.1413892902799,15.5453799275584,19.2712986291339,18.1394959416383,18.4639337767263,12.9653053195453,17.6534602533918,14.6045756438821,19.6359216537143,18.3266510478929,15.9970415721323,16.3348086761871,21.2068396980828,21.7962912805186,18.4521713876425,23.4169174105725,15.8237358369015,15.7246501297546,11.4469649416491,17.7698297660446,18.8913622524944,17.7538332915042,22.8652752762485,18.1563169658007,21.0778873067057,17.0925571025912,18.3584673785168,18.5533033170759,24.0482230595599,21.8136336897297,22.0902401117772,22.5405309106667,16.0630914518376,21.2616845094418,20.3549757587007
"Joans_21",21.0580139450808,18.2887175010729,23.6454080364967,20.3988493101363,21.7167228928548,19.8969180195339,28.8725245567641,17.1932034727339,22.7399605870049,27.7465240029619,21.1402078774243,26.9731238849657,21.0537177235364,22.649773870766,18.5061653736439,0,19.9126065625436,17.9374990226562,24.2195082480063,25.8458375650619,19.8223891351657,21.3593809273574,28.9485343395312,20.4078674466433,24.7452128392579,21.3013938616087,24.1909062322842,16.5922551471173,23.861032806326,18.5067780652391,23.888615643084,21.0643103927548,18.7076376540753,17.669344447993,20.3259026869257,24.8397348270211,18.8916294743875,23.7931638399337,25.9927941994337,18.7112533122862,24.6428009466205,22.9227702541745,22.1915791987066,16.1344029337696,20.4772948626486,16.6704360175297,20.0974151283944,21.9529107963376,24.1913425184388,16.3377335641243,19.5196188350655,17.6473020040306,16.2089551500254,24.2402508517736,16.8750099366324,20.6519568942135,23.8882289401094,22.0176552626715,15.6563790202348,25.8272897990653,20.4292152995533,18.4795855175623,24.7588114071507,20.7306147972446,23.1840911785495,22.8476274665162,21.2524283823715,22.8065565000817,22.2674595953562,22.8030006628057,26.2082549859133,20.4386498304248,24.7517616100133,18.9146879270776,21.6561666845294,18.7953563228125,19.8035861363334,17.3080816518264,25.1284601268315,20.700623729354,17.9735984393476,18.2882073704563,21.4244804756755,18.9746877821459,24.0303080101957,20.2709814492253,17.6719296341044,24.8413657837666,25.5739878667131,25.9251130559231,19.1380308628781,26.0459545993673,19.0403982193242,17.7157392527529,17.5027394622065,19.1486896975232,22.7574968441351,23.3395922680441,27.1402871451595,20.139096465821,23.3911049068429,19.1886600640082,25.5369902751815,20.2244172513995,26.2779665990149,25.9388445409092,23.3336142830099,24.0364758088598,22.6502806480025,26.5996735006849,24.6906441195888
"Franc_22",16.8257346275649,15.6533982712918,23.7035347256978,14.3052877882393,17.8752941155552,9.68316186856482,31.5556822939207,23.6719713564632,19.9711557712741,25.4942305671973,9.97271466285808,23.5503256048973,20.8200427704311,18.2101530805196,18.8005056509305,19.9126065625436,0,19.2728220297269,17.7895898017401,19.8184002316866,16.6852913314228,10.1424258926304,22.960449889534,18.6162608033414,19.7771430911607,14.0071767778111,19.3313400332045,15.5304020873074,16.1547192240119,20.3043240271401,17.1612086295449,11.8112455630707,20.0655522579889,18.6902285480787,14.6147712063992,19.3597713011151,16.1192295106318,16.5096790913484,22.3426508878207,16.9616323111077,21.8988701452883,15.6026950766479,10.2524285163306,16.13964835163,15.48314086411,16.7216221302049,9.16695591310716,17.0612435210011,17.5712559871341,16.6384871158868,17.2430178061052,16.9350470562192,14.6480925726116,16.7406008179205,15.4313332188208,11.114718965864,16.030341932626,17.4377883483615,16.5925822325138,25.395191417388,11.1680121005426,18.8431907227242,18.9943511841464,17.6289948817561,16.8444113145259,24.7602174285499,11.5788440773852,14.9864396295895,15.5834790827333,16.7764840106437,21.9115713452697,17.620546402347,20.5083428414584,12.9605784779469,14.2977447341137,16.7273546666537,11.8819738458867,16.6946887861658,21.8466305920675,12.901903455614,18.0839069297545,15.8042374463573,14.2987263214196,18.1182858681471,19.5256381223228,12.2984495431275,19.0694465631757,20.1457930602262,16.0957832223905,19.0106865076442,17.1008801332797,18.3244722025616,19.144408762194,15.9910020534943,16.2926195882791,17.0217373919165,14.1209721571167,18.7110094481381,22.5512293181883,15.4093687045243,18.7693256400608,15.313048807857,21.8311597888536,10.5799429388397,19.4527876282521,23.289658114215,23.3474956819966,18.3520514853207,14.1933042957028,24.2725762546229,18.247554842332
"Grogu_22",19.6566771047267,17.6411956241057,23.5946839285837,18.2367145759819,19.4660693119682,18.900615524381,25.4600727643979,16.69923701511,19.6486826680263,22.963052489951,19.3610952336174,22.6018356961507,16.6536171763176,18.0077528292306,17.2456097913629,17.9374990226562,19.2728220297269,0,19.7584131184097,20.9389513206331,14.6446296799166,19.5264084804918,25.6207631769801,8.70735868985039,21.4617627764193,16.4860904263583,20.1426793678727,14.3665566541319,19.7252441503838,7.6039684195592,19.8701444038819,17.9952571365318,9.03478157995325,7.5001725795605,19.1124963121587,21.094531587238,12.5480156481474,19.4427670102106,21.2664692862151,16.2015585989345,22.6538367413337,18.5153969643652,21.5069446627071,16.4722140388059,14.3909335135956,16.1969378138428,19.1919701167542,17.0837346530516,20.5059696502327,16.6714308459587,10.4261695890406,17.4347912944156,14.9644309747401,20.3356989791922,16.2525555988393,17.7583694905567,20.3158582978674,16.6612429491689,13.9828729696868,23.2817230814126,18.6789592930079,8.71878064976298,19.5405679403898,18.8694637729923,17.3761720955608,21.2998870654408,19.0192623441179,18.5413742249822,18.6839873734411,19.0423436896083,23.1437582367824,17.6976106784841,21.3586118531392,17.6304245170067,17.7728309687318,9.63243239921456,17.9051312197907,16.9355800802671,22.5428565076646,19.6099495847748,18.8719839917623,16.3910954370677,17.8795775094097,8.89841530187803,19.4462954944113,18.3162624246895,7.83552368310117,20.5258175396864,21.8566255531747,19.765145064095,17.590176807962,21.2332100144651,9.04342080724793,16.969982624424,15.5573603430276,16.472462232704,18.1313373488769,19.9591688562551,23.1488402009656,18.0815082818443,18.5590004481338,18.0292577276153,21.0555642344782,17.8969078656897,22.8273895060704,23.1987251923843,22.5921316756423,20.3106791744102,17.9745963572052,24.0829137203541,16.9709056691662
"Henry_22",15.0926284140719,15.2217580447681,20.6088054987759,15.6171422461711,16.9719598019954,16.2571648380503,29.6570788598412,22.5944836209062,15.7399166195496,23.7745975347102,17.2222922146911,23.2081637917216,15.061744519056,11.851006921702,18.7307794809348,24.2195082480063,17.7895898017401,19.7584131184097,0,16.4688483217608,17.1284488796223,17.6265847623205,24.6386147775465,20.5765190570598,8.83308561956856,13.951100642018,7.78186221542583,18.6192900858499,11.7593728188554,19.1656118465298,9.72743380019243,18.4878401443412,20.1892266065068,18.6779304464116,18.2147104814443,7.30767235083482,16.0129472576525,16.2870972913728,21.8802596630159,18.0966884868912,22.5860746398889,16.0457961259922,20.3022103977394,19.7855840850438,15.7101283037679,18.5901722961946,17.1383336146267,17.3063943866994,19.2447381973877,19.2823960739832,17.9852384307404,18.6515528130198,18.2392881582669,20.2206600388671,18.4358308352401,17.895718992033,14.7403326632081,14.6412498359688,19.0462718747092,23.4624122451701,20.0724577291389,18.5845524738699,19.835334733649,16.8762228519831,15.1339224122853,23.4892576695958,20.4034752442454,16.7745865625898,11.7609550140442,17.2938138231685,16.6484084758864,18.0990404560054,19.5704527706467,19.537459751878,15.1694427964464,18.1691358680807,19.2081917741593,18.3694811136669,20.1353838542788,19.8756391802836,20.7883862143658,18.0264590200451,14.9539238762634,17.5184764160824,15.3224205170863,18.7707021023516,18.9578197781766,17.0072381536023,18.2108695303273,20.1652948391705,18.3481286951489,21.5750708251297,18.0744800426714,18.2035554272266,17.029573985959,17.9109233687723,16.1464963163732,14.9898981571244,17.8560084807442,17.3891847708293,16.770220623677,18.4370372788491,13.998925735932,17.4065064892462,15.8357607060888,17.6503108081479,19.347999093473,16.1993609049969,15.807873053541,17.8292625712928,17.1283387081413
"Joans_22",16.8035401940006,19.3349638089265,20.5420032490344,19.5360359914933,17.9151219871207,19.1021045646964,30.2339471840905,23.3895958258487,20.5473517111803,22.8542005366906,19.2610850330401,22.4445722892452,18.2604839707309,18.1009465708324,20.124049635972,25.8458375650619,19.8184002316866,20.9389513206331,16.4688483217608,0,20.3685779809965,19.38080316549,23.298869943108,20.8830524558493,16.2626969285859,19.2167651992198,16.7483143934109,19.3676135560018,18.8030016788395,19.7290189228016,16.4474542864203,19.9090147249793,21.3665994489156,19.6805217290475,21.6159852909595,16.4156651690109,19.232253254928,21.4330667020204,20.0913026256457,19.4069622161601,21.6212479671355,20.3011821382647,22.8006860886465,22.7594312830748,19.5956722768097,21.8716231095205,20.1910546799278,20.0857780186972,18.6528667478451,22.3076467606685,19.2467864806639,21.8541550958232,20.9899437699769,19.0004114290316,21.4901566298775,20.6466399522678,19.3361649806328,18.3680929499774,21.4193920598923,22.7874371883545,22.6364465623806,19.9394931771965,18.5157178349481,20.167631103086,18.683285451724,23.0134237593917,22.8580152167644,20.2919593941283,17.8035456354066,15.4376717025612,18.7208000486326,17.8943877468805,21.1019599328514,21.9835165404709,19.6754436013767,19.4029202569878,21.3349561260592,21.9458360794486,22.039021486755,22.6216581916374,23.7473433119691,19.8472413700568,19.6746619586813,18.7549798840632,19.5341644233,21.6324033546129,19.767399943804,18.9710263812183,22.5536551501406,18.9145584114284,18.1231548115354,19.337733565146,18.6635786778196,21.3166387572482,19.9921519394492,17.8250467368026,20.4576892786244,19.6437694506989,19.9244501841942,18.0743257313311,19.6002729517599,21.6785956662211,20.1200071376387,19.326779433756,20.5891828310991,18.8932724155593,19.6373710920701,18.4820843272449,17.1922016007821,21.1011323339427,19.0201535303143
