"","Buddy_11","Joans_11","Padme_11","Ginger_14","Buddy_17","Ivy_17","Padme_17","Buddy_18","Ginger_18","Ivy_18","Franc_19","Ivy_19","Ginger_2","Ginger_20","Buddy_21","Joans_21","Franc_22","Grogu_22","Henry_22","Joans_22","Marshmallow_22","Franc_24","Ginger_24","Grogu_24","Henry_24","Ivy_24","Marshmallow_24","Henry_25","Ginger_29","Henry_29","Joans_29","Ginger_36","Grogu_36","Henry_36","Joans_36","Franc_37","Grogu_37","Ginger_41","Grogu_41","Joans_41","Ginger_42","Grogu_42","Henry_42","Ivy_42","Buddy_44","Franc_44","Ginger_44","Ivy_44","Joans_44","Marshmallow_44","Buddy_45","Franc_45","Grogu_45","Henry_45","Ivy_45","Joans_45","Marshmallow_45","Buddy_46","Charles_46","Ivy_46","Joans_46","Marshmallow_46","Franc_47","Ginger_47","Ivy_47","Marshmallow_47","Buddy_48","Charles_48","Franc_48","Grogu_48","Henry_48","Ivy_48","Joans_48","Marshmallow_48","Charles_49","Franc_49","Ginger_49","Henry_49","Ivy_49","Joans_49","Marshmallow_49","Padme_5","Buddy_50","Charles_50","Franc_50","Ginger_50","Grogu_50","Ivy_50","Joans_50","Charles_51","Franc_51","Joans_51","Buddy_52","Charles_52","Ginger_52","Grogu_52","Marshmallow_52","Franc_53","Marshmallow_53","Charles_55","Ginger_55","Ivy_55","Buddy_56","Franc_56","Grogu_56","Joans_56","Buddy_57","Joans_57","Ginger_58","Henry_59","Padme_6","Joans_60","Marshmallow_60","Joans_62","Henry_66","Ivy_67","Franc_68","Ginger_7","Padme_7","Charles_9","Franc_9","Grogu_9","Henry_9","Ivy_9"
"Buddy_11",0,0.29170316606182,0.514446529080675,0.520570213830186,0.333416739647191,0.304391342424622,0.893998245833855,0.63486307365262,0.329080675422139,0.594587822600852,0.23511755877939,0.50012528188424,0.631565782891446,0.417344512576649,0.365444764168648,0.510566462423409,0.357527218120385,0.81470367591898,0.364432216108054,0.403377110694184,0.37661038148843,0.294883022644814,0.37176441165437,0.349762321741306,0.278569642410603,0.596861697688006,0.724931232808202,0.30689353184036,0.375093773443361,0.291322830707677,0.434037764161561,0.317744154057772,0.866216554138535,0.467417135709819,0.515128782195549,0.331332833208302,0.889472368092023,0.318073796122577,0.847711927981995,0.462898115724529,0.324993745308982,0.652663165791448,0.425819364523393,0.642365887207703,0.514385789342007,0.655111780959558,0.46248124062031,0.492119089316988,0.448474237118559,0.548080530198825,0.377344336084021,0.369382901489548,0.509320655573627,0.471735867933967,0.581506076932715,0.439859964991248,0.749937484371093,0.497811679379767,0.467850888166125,0.473855391543658,0.387846961740435,0.571178383787841,0.438859714928732,0.463481740870435,0.474052769788671,0.443791421783169,0.655327663831916,0.516016016016016,0.428714357178589,0.877469367341835,0.464982491245623,0.48467025403579,0.436545682102628,0.406981108469911,0.752597971704019,0.469234617308654,0.484992496248124,0.406027260222583,0.419604901225306,0.405804353264949,0.50744215134459,0.434037764161561,0.578381083448017,0.457978989494747,0.398624140087555,0.404702351175588,0.675378266850069,0.405276978867075,0.444111027756939,0.397647647647648,0.39809952488122,0.497248624312156,0.407305479109332,0.464598448836627,0.361430715357679,0.748937234308577,0.363226452905812,0.431107776944236,0.862215553888472,0.488430268918074,0.532816278875824,0.558558558558559,0.619559779889945,0.530765382691346,0.805201300325081,0.339337085678549,0.483120780195049,0.633408352088022,0.405554165624218,0.414530448918344,0.429715859306546,0.370435217608804,0.441691691691692,0.340170085042521,0.488122030507627,0.340257790013765,0.3652739554666,0.516677785190127,0.542828560710266,0.388138138138138,0.589846192322121,0.354177088544272,0.436337863753856,0.421855463865967
"Joans_11",0.29170316606182,0,0.543178973717146,0.454204204204204,0.42163244867301,0.381822734101152,0.915747241725176,0.465965965965966,0.34918648310388,0.658016798295098,0.325240896008009,0.551460448790272,0.579276686272056,0.456048084147258,0.338257386079119,0.338838838838839,0.389681943400952,0.653696984861754,0.435114503816794,0.40575719649562,0.221526908635795,0.346519779669504,0.411411411411411,0.189635749155088,0.352433379206806,0.61690046760187,0.59339421994245,0.409364046069104,0.365945202051795,0.333416739647191,0.26976976976977,0.32957957957958,0.697485299637183,0.481602002503129,0.309896159139247,0.36044038533717,0.718503690729388,0.455819774718398,0.679469535843863,0.466344148803069,0.442733758918513,0.458275991492556,0.423957942170484,0.67042042042042,0.392915258480411,0.680784215156466,0.425353522713052,0.477890872684799,0.277937679889876,0.368868868868869,0.231327411485049,0.392034068136273,0.310465698547822,0.419847328244275,0.59653961885657,0.32040535468535,0.563618165895158,0.357607607607608,0.319814745274753,0.454499937413944,0.29463280370324,0.378144949305295,0.441511322407106,0.43861844575147,0.474974974974975,0.363613613613614,0.458891252659242,0.593839989983724,0.459642097359529,0.704241211059677,0.500688274308597,0.514400200350614,0.443206011271133,0.294441662493741,0.769731896767727,0.486171943436366,0.432111125015643,0.41016016016016,0.438258476166646,0.396420077606709,0.306382978723404,0.634384384384384,0.449924887330997,0.512201226379677,0.395994993742178,0.402577900137655,0.524024024024024,0.406906906906907,0.434505192043038,0.47915362464004,0.428499937445265,0.502940808409461,0.264488671923895,0.542621104018025,0.36753848079089,0.590641811585137,0.323223461586665,0.464531465031903,0.693982234455148,0.569962453066333,0.547638912064075,0.62939777137849,0.391815792766863,0.547490927293205,0.642186913549356,0.312390488110138,0.356436882271988,0.435506067809333,0.416447615471273,0.463463463463463,0.589679358717435,0.356275810286572,0.377738825591586,0.376798898761106,0.52308269736019,0.393188079138492,0.275003129302791,0.574705931425711,0.698698698698699,0.530737448353575,0.685185185185185,0.42710549368039,0.572238905572239,0.361691480045039
"Padme_11",0.514446529080675,0.543178973717146,0,0.473236618309155,0.522522522522523,0.656156156156156,0.904010025062657,0.625562781390695,0.617463097322992,0.617341185315123,0.591494684177611,0.616589399824583,0.78786741713571,0.696871088861076,0.47972972972973,0.503501750875438,0.681852315394243,0.870201325497061,0.650531582238899,0.508381285964473,0.676757568176132,0.613613613613614,0.676338169084542,0.668710121356187,0.588345629611104,0.596828046744574,0.850443916468676,0.581831831831832,0.591096661247968,0.517819182193322,0.621810905452726,0.61255627813907,0.889708640740278,0.645734300725544,0.71039139677379,0.64361635613355,0.916468675753408,0.617963472604453,0.880205076903839,0.716834820311849,0.643438008257225,0.818181818181818,0.660953334167396,0.684592296148074,0.716001501313649,0.616128627056902,0.604252657911195,0.67789824854045,0.743339587242026,0.75887943971986,0.681380517694135,0.682273410115173,0.658408408408408,0.610756722951845,0.715789473684211,0.733400025009379,0.833937726647493,0.763881940970485,0.735518578756412,0.572626047791818,0.697636613730149,0.753284123608157,0.674377891709391,0.589493433395872,0.516508254127064,0.695347673836918,0.780612883051907,0.51820798398198,0.750343964978111,0.915968488183069,0.687554721701063,0.633291614518148,0.718613093002879,0.673173173173173,0.685699974956173,0.763852407754847,0.622013758599124,0.603301650825413,0.476553707640365,0.73927186288002,0.689266950212659,0.697848924462231,0.740490490490491,0.589243277048155,0.610708031023267,0.569731081926204,0.832166083041521,0.593546773386693,0.721645617106415,0.636591165060693,0.686382393397524,0.77661038148843,0.643438008257225,0.711247341423746,0.613258286429018,0.836688758284357,0.654766378554428,0.688883331249218,0.89746154808053,0.746810107580686,0.661551292743953,0.752721812038543,0.710068792995622,0.691807379612258,0.842190821558084,0.568676507380535,0.707390271351757,0.738902088283106,0.678468660077568,0.67983991995998,0.656234351527291,0.583489681050657,0.714679013890627,0.678048780487805,0.717894210328873,0.505882352941176,0.615913924684099,0.756317237928446,0.630315157578789,0.400075084470029,0.778889444722361,0.668542839274547,0.482655103402268,0.646617481555583
"Ginger_14",0.520570213830186,0.454204204204204,0.473236618309155,0,0.54315736802602,0.569677257943458,0.995990979704335,0.680420105026257,0.437718859429715,0.632468996617813,0.504564211579342,0.53275710885632,0.845692134550456,0.543043043043043,0.525644233174881,0.443110777694424,0.47022022022022,0.852231528941118,0.582843566337377,0.44072036018009,0.518259129564782,0.472854640980736,0.524631157789447,0.562226391494684,0.484185523190399,0.548489400767818,0.781722715339417,0.519389542156617,0.38367295911989,0.424928116014502,0.498124531132783,0.433608402100525,0.880985123140393,0.460980490245123,0.50093761720215,0.480185023127891,0.902987873484186,0.530015007503752,0.865483185398175,0.609670696123385,0.574484052532833,0.729966245780723,0.379362101313321,0.646911727931983,0.621263289555972,0.630038930051488,0.381768163061148,0.486490993995997,0.582593472552207,0.585396349087272,0.550943867983498,0.516896120150188,0.434075556667501,0.412529698636989,0.56802806314207,0.612201525190649,0.754969371171396,0.662665666416604,0.598749218261413,0.35609756097561,0.549943742967871,0.619762351469669,0.497937242155269,0.37626609978742,0.426106526631658,0.659414853713428,0.684881830686507,0.583885900162642,0.555083156183569,0.894736842105263,0.513317494060273,0.512512512512513,0.569515705168314,0.573680260195146,0.763645468202304,0.563836438664499,0.323496311116669,0.420355088772193,0.35991998999875,0.608255159474672,0.571535767883942,0.730682670667667,0.688766574931198,0.538076778792047,0.387943971985993,0.33199949981243,0.744436109027257,0.375843960990248,0.609201150143768,0.5431002126861,0.486435804475559,0.669125922220833,0.516197623514697,0.630769230769231,0.417531574340378,0.797474684335542,0.572949279899812,0.517939742467808,0.879734966870859,0.676088044022011,0.374416277518346,0.611660202677343,0.625359509816181,0.501563086157309,0.820977622202775,0.394447223611806,0.599699962495312,0.675459432429054,0.425140712945591,0.458614653663416,0.754943679599499,0.456296111041641,0.658451144751658,0.435788420657747,0.587448431053882,0.423423423423423,0.431644777986241,0.652797465188026,0.777694423605901,0.58889027899412,0.757189297324331,0.557834187820433,0.611972652993163,0.584198024753094
"Buddy_17",0.333416739647191,0.42163244867301,0.522522522522523,0.54315736802602,0,0.417271589486859,0.948608673853096,0.709281961471103,0.345845845845846,0.465346534653465,0.32365820092581,0.37460834691064,0.78055798823971,0.410115172759139,0.266332916145181,0.558168626469852,0.391337005508262,0.806128830519074,0.367696734642812,0.471471471471471,0.363863863863864,0.324405506883605,0.38378784088066,0.469653360030034,0.302313946216385,0.517114710302221,0.665540963101939,0.466082603254068,0.355847404627892,0.399874921826141,0.422316737553165,0.34701025769327,0.861413383364603,0.407157157157157,0.490431519699812,0.37385866166354,0.883427141963727,0.365365365365365,0.844152595372108,0.483612709532149,0.462144913027156,0.649781113195747,0.374796646227005,0.57993495121341,0.451382805656363,0.561000125643925,0.482797447766796,0.491324657991325,0.451520080070061,0.539154365774331,0.40562851782364,0.369897320310543,0.527909887359199,0.488052045539847,0.539232890448734,0.45140712945591,0.746841776110069,0.561421065799349,0.473657865098236,0.496934050807158,0.3906191369606,0.561006131898386,0.399374609130707,0.515576129112974,0.462346760070053,0.586690017513135,0.647941949205555,0.54387282513456,0.396471912923808,0.872420262664165,0.401476291755286,0.430395593390085,0.363465631651434,0.484355444305382,0.767034068136273,0.422995120730639,0.505066933566871,0.400300225168877,0.430143839899937,0.392566637467151,0.500500500500501,0.599199399549662,0.52540675844806,0.510321531339922,0.415415415415415,0.408982860002502,0.664498373780335,0.428321240930698,0.446404002501563,0.364376017023407,0.364352720450281,0.522081821593895,0.440120135152046,0.453635339757227,0.346428124609033,0.747091932457786,0.37351209121664,0.405378361475922,0.854909318323952,0.473223223223223,0.539205872539206,0.471273000375516,0.63668209683473,0.46628299762292,0.803377110694184,0.388638638638639,0.440900562851782,0.627016885553471,0.350519334251032,0.341255941956467,0.603305785123967,0.378956587013637,0.539116284891726,0.375703740773177,0.496435272045028,0.418377566349524,0.361281441621825,0.628325965468346,0.676507380535402,0.616472649893604,0.742056542406805,0.276116602026773,0.504086738949124,0.482676672920575
"Ivy_17",0.304391342424622,0.381822734101152,0.656156156156156,0.569677257943458,0.417271589486859,0,0.916520431185761,0.764323242431824,0.440940940940941,0.582403810001253,0.195546102839985,0.483644566988344,0.736269235581133,0.423885828743115,0.462077596996245,0.583937953465099,0.210315473209815,0.825891181988743,0.342674840485425,0.473473473473473,0.435685685685686,0.23153942428035,0.285213910432825,0.369040170191465,0.315322076297686,0.615127734179329,0.728580362726704,0.405256570713392,0.400875547217011,0.374609130706692,0.534901175881911,0.30147610708031,0.888930581613508,0.44019019019019,0.533708567854909,0.281050656660413,0.90744215134459,0.345845845845846,0.866166353971232,0.490451171712117,0.365035665123264,0.641275797373358,0.403579026404705,0.609957468101076,0.516456013014642,0.622314361100641,0.497310146378081,0.479646312979646,0.410984611535093,0.518138603952965,0.40562851782364,0.240921612822439,0.555694618272841,0.49530839484549,0.526447731260968,0.330581613508443,0.73083176985616,0.467850888166125,0.372544112126142,0.526717557251908,0.368355222013759,0.559254160931047,0.370606629143215,0.527086200425372,0.530647985989492,0.494871153365024,0.662204428875266,0.668293904118162,0.310396597022395,0.892682926829268,0.45076942324534,0.479469203805709,0.411543758607738,0.412515644555695,0.812875751503006,0.351182284498937,0.528337295133242,0.459344508381286,0.493183239524703,0.33875610061319,0.482232232232232,0.555416562421816,0.594993742177722,0.567121231077193,0.384134134134134,0.448517452771175,0.670502877157868,0.386039529647235,0.311319574734209,0.43196895731631,0.30931832395247,0.359689728512448,0.468652233762983,0.431610561882117,0.371450018766421,0.764102564102564,0.359478762059892,0.348092557848655,0.879674796747967,0.498748748748749,0.537037037037037,0.484040555764176,0.617165019391968,0.467534092330789,0.819387116948093,0.411411411411411,0.502439024390244,0.621763602251407,0.383306219496934,0.446835126344759,0.540946656649136,0.447766795946453,0.451746150957567,0.370949580883273,0.432145090681676,0.422383575363045,0.333249906144412,0.552256234881975,0.661746309732299,0.60320440605833,0.656492369276958,0.330914550231452,0.529941618015012,0.455659787367104
"Padme_17",0.893998245833855,0.915747241725176,0.904010025062657,0.995990979704335,0.948608673853096,0.916520431185761,0,0.930092708594337,0.994987468671679,0.991966863311159,0.930585139706804,0.99121375674658,0.896253602305475,0.994734202607824,0.994484833291552,0.995239288398898,0.981193580742227,0.996743079042966,0.910537526625736,0.931578947368421,0.996491228070175,0.952619704186513,0.996742671009772,0.898483519238,0.913065263685331,0.995320073541701,0.996242014280346,0.895462521935322,0.996492546661656,0.915320055117124,0.994738160861939,0.943623152092207,0.996993611424277,0.980701754385965,0.996993611424277,0.993736690467243,0.996993611424277,0.895739348370927,0.996743079042966,0.930211202938476,0.895726281488908,0.990229237128899,0.996240130342148,0.993485342019544,0.994234866524627,0.990688310054109,0.99699285803784,0.976619906479626,0.997243453201353,0.990228013029316,0.996743079042966,0.963130173062453,0.992730007520682,0.996742262874327,0.987195581220186,0.997244143805587,0.996242014280346,0.996492107241293,0.995989472364958,0.994986840456198,0.997244143805587,0.993984208547437,0.994989352373794,0.92582383160005,0.994988724630418,0.896266599849662,0.99699285803784,0.992729096151435,0.995739882220273,0.996993611424277,0.99398571607568,0.991223671013039,0.975924764890282,0.896715968914515,0.985950827897642,0.996742262874327,0.99699285803784,0.993485342019544,0.968182387573594,0.997242762250909,0.955388471177945,0.892508143322476,0.963900726999248,0.99323393058514,0.99749373433584,0.996742262874327,0.996993234778251,0.996742671009772,0.997244143805587,0.9929798169738,0.995740949517725,0.997243453201353,0.995989472364958,0.993984208547437,0.99699285803784,0.996743079042966,0.881540971263647,0.997244143805587,0.996492546661656,0.993233082706767,0.997828991315965,0.9929798169738,0.936599423631124,0.994486906402706,0.996242014280346,0.997243107769424,0.995740949517725,0.968432919954904,0.997242762250909,0.992984214482586,0.893152746425884,0.970930961032452,0.888429234047888,0.991229169277033,0.994237755229863,0.902457372116349,0.935330241884948,0.930366535860399,0.892758707090955,0.892440767205716,0.897018291155099,0.970429770705425,0.929871430956754,0.895778529374922
"Buddy_18",0.63486307365262,0.465965965965966,0.625562781390695,0.680420105026257,0.709281961471103,0.764323242431824,0.930092708594337,0,0.708104052026013,0.82362520355756,0.714642991121671,0.789302267318051,0.620857821683131,0.831081081081081,0.661245934450838,0.444861215303826,0.787537537537538,0.337417177147143,0.779167187695386,0.677338669334667,0.530265132566283,0.744058043532649,0.779694923730933,0.576735459662289,0.702962870358795,0.795526623268236,0.339417427178397,0.708531398548912,0.699212401550194,0.634704338042255,0.460115028757189,0.720430107526882,0.342917864733092,0.797398699349675,0.422677834729341,0.758219777472184,0.347418427303413,0.749874937468734,0.338917364670584,0.729720716965402,0.770606629143215,0.311413926740843,0.77010631644778,0.832458114528632,0.532958098811757,0.841517016199925,0.697886707515318,0.729152768512342,0.630861573089909,0.459364841210303,0.585198149768721,0.770463078848561,0.565424068051038,0.701137926722521,0.827110999749436,0.647205900737592,0.325165645705713,0.576394098524631,0.670544090056285,0.690056285178236,0.66195774471809,0.333833646028768,0.771471433929241,0.644866825059397,0.679419854963741,0.455113778444611,0.27397774165312,0.713249092956337,0.830186319869951,0.34841855231904,0.798924596723771,0.753253253253253,0.775747716180703,0.605954465849387,0.806459689534301,0.832937351506815,0.718394397899212,0.714928732183046,0.655206900862608,0.777360850531582,0.403451725862931,0.848712178044511,0.665499124343257,0.735650869075903,0.685592796398199,0.694885582093285,0.305826456614154,0.677669417354339,0.763970496312039,0.78506192918804,0.777472184023003,0.840690258847068,0.474421513445904,0.847154471544715,0.69288483181193,0.323415426928366,0.660112711333751,0.781472684085511,0.339667458432304,0.8991995997999,0.786357571714476,0.852370824471412,0.599349756158559,0.809178441915718,0.325665708213527,0.679339669834917,0.46643330416302,0.466933366670834,0.780112570356473,0.779694923730933,0.862077596996245,0.67037639114668,0.694232453396722,0.745654620482681,0.860732591573947,0.668668668668669,0.62426516572858,0.82022846660552,0.846211552888222,0.630426623295383,0.838959739934984,0.791921970739027,0.743038185759546,0.61745218152269
"Ginger_18",0.329080675422139,0.34918648310388,0.617463097322992,0.437718859429715,0.345845845845846,0.440940940940941,0.994987468671679,0.708104052026013,0,0.54892870567598,0.314821763602251,0.37426387670718,0.82714196372733,0.264831038798498,0.388138138138138,0.5,0.354943679599499,0.815680880330124,0.311319574734209,0.408056042031524,0.304978734050538,0.338338338338338,0.268134067033517,0.458025772550982,0.250969113417532,0.482136894824708,0.682380892834813,0.412412412412412,0.236213580092535,0.285982243341253,0.347423711855928,0.281140570285143,0.870201325497061,0.30597948461346,0.471301738151807,0.33174940602726,0.905214455420783,0.319239429572179,0.867950481430536,0.469857416826482,0.440760665582385,0.682881080405152,0.326160390341549,0.632066033016508,0.459527086200425,0.60984800904409,0.368355222013759,0.414845704753962,0.368105065666041,0.514757378689345,0.319744904339127,0.384076114171257,0.46046046046046,0.383114446529081,0.535338345864662,0.404776791296736,0.777666624984369,0.510505252626313,0.381959214312523,0.410984611535093,0.304489183443791,0.551107218816464,0.419032137051394,0.454659161976235,0.38144072036018,0.647823911955978,0.644277673545966,0.447878863721687,0.401125703564728,0.891959484806803,0.350594121325829,0.398998748435544,0.329578169983728,0.513013013013013,0.769596794390183,0.446404002501563,0.406378986866792,0.223111555777889,0.348755783418782,0.320155135743776,0.512634475856893,0.649074537268634,0.553053053053053,0.448655409631019,0.321491118338754,0.301063164477799,0.693096548274137,0.339669834917459,0.389270976616231,0.334751595544988,0.350256346129799,0.467166979362101,0.384461403728262,0.395971475040661,0.231269543464665,0.762410904089033,0.388951521984216,0.391521820682756,0.880455170689008,0.460345258944208,0.423352793994996,0.507445876611188,0.639024390243902,0.445153220762977,0.808928348130549,0.226419814861146,0.411029135925972,0.650869075903464,0.28362317027399,0.261130565282641,0.654982473710566,0.273545966228893,0.592541609310474,0.31307066916823,0.448793297486557,0.385732165206508,0.38946578255974,0.623884580101743,0.766383191595798,0.602552871980979,0.772886443221611,0.344340212632896,0.529019346230821,0.596098536951357
"Ivy_18",0.594587822600852,0.658016798295098,0.617341185315123,0.632468996617813,0.465346534653465,0.582403810001253,0.991966863311159,0.82362520355756,0.54892870567598,0,0.564019042846404,0.293674698795181,0.853420195439739,0.540178011783879,0.491916280235619,0.693598897657522,0.535915757803686,0.825150300601202,0.536958155850664,0.541160255607067,0.60731737877459,0.483644566988344,0.580107728923963,0.66516290726817,0.537575150300601,0.48608673853096,0.716933867735471,0.586664995613485,0.579909819639279,0.512274549098196,0.593135412752098,0.54227733934611,0.885771543086172,0.484776343816564,0.656813627254509,0.520541082164329,0.912074148296593,0.543165016915173,0.871492985971944,0.684808013355593,0.570676691729323,0.770791583166333,0.53483709273183,0.32180884379306,0.545614035087719,0.40186210367388,0.626659984966174,0.672038072973199,0.596091205211726,0.643742953776776,0.588677354709419,0.520501567398119,0.683168316831683,0.66023552994237,0.47885025731141,0.575150300601202,0.790330661322645,0.621696104221471,0.635087719298246,0.59749373433584,0.553356713426854,0.695739348370927,0.574649298597194,0.701327987972939,0.419767004885381,0.702618063384692,0.727386619894763,0.53647530709451,0.526685041343022,0.900551102204409,0.557754948634427,0.381722452049643,0.554413239719157,0.652086727660108,0.796061708265396,0.565522425457279,0.686795289401153,0.535763497432043,0.433867735470942,0.580451127819549,0.655682245332665,0.704121257672554,0.662363704724903,0.654472563267352,0.510838240821952,0.594337258832373,0.716647876738068,0.551797569835901,0.549849699398798,0.534971170719479,0.506513026052104,0.596592332748685,0.56390977443609,0.562907268170426,0.574542721122526,0.780310621242485,0.554077791718946,0.55435871743487,0.882014028056112,0.586267385039469,0.662352842948986,0.418901980446227,0.727637183663242,0.370333249812077,0.821392785571142,0.568976318757048,0.564629258517034,0.712424849699399,0.587218045112782,0.552298634598522,0.730658307210031,0.5760461037334,0.7152168463274,0.630167877724881,0.474699398797595,0.485771593330826,0.612280701754386,0.77391885122725,0.752223474884129,0.705189270493858,0.837905549292246,0.459533951390629,0.631354871024293,0.547845691382766
"Franc_19",0.23511755877939,0.325240896008009,0.591494684177611,0.504564211579342,0.32365820092581,0.195546102839985,0.930585139706804,0.714642991121671,0.314821763602251,0.564019042846404,0,0.397394136807818,0.772386193096548,0.366036791390314,0.383210309020393,0.524571714392897,0.229132774371168,0.827706926731683,0.310155077538769,0.413883677298311,0.321075672295184,0.1810334042287,0.268225584594223,0.384788591443583,0.213303325831458,0.518404139888156,0.682420605151288,0.414237457775554,0.25631407851963,0.294573643410853,0.40777791671877,0.247467800425159,0.891722930732683,0.381113195747342,0.517379344836209,0.20130032508127,0.91072768192048,0.315572232645403,0.868717179294824,0.442554610638653,0.414310733049787,0.643660915228807,0.346009507130348,0.619107165186945,0.468101075806855,0.637277066063803,0.414207103551776,0.397381369360354,0.386443221610805,0.523071151681881,0.328582145536384,0.257729377894605,0.482297009883648,0.412456228114057,0.537401328154367,0.392098024506127,0.735433858464616,0.487057646617482,0.421566174630973,0.438078558919189,0.325581395348837,0.549662246685014,0.307326831707927,0.441970985492746,0.47430286357384,0.518569463548831,0.66608304152076,0.533283283283283,0.293896948474237,0.895223805951488,0.343171585792896,0.369540733324991,0.345181476846058,0.408482422119354,0.773882559158633,0.339669834917459,0.431965982991496,0.323496311116669,0.391847961990498,0.339754816112084,0.464165103189493,0.575340752782293,0.542849993744526,0.473486743371686,0.304815509693558,0.31615807903952,0.671376766287358,0.302238339377266,0.382845711427857,0.34009009009009,0.281070267566892,0.439969984992496,0.361270953214911,0.409056792594446,0.244122061030515,0.766441610402601,0.336422845691383,0.280070017504376,0.881970492623156,0.443151969981238,0.452589442081561,0.427427427427427,0.627313656828414,0.418459229614807,0.821705426356589,0.297811131957473,0.444861215303826,0.622655663915979,0.270452839629722,0.356008503188696,0.565402428338966,0.32216108054027,0.488488488488488,0.304902451225613,0.44861215303826,0.357276936553623,0.298974230673005,0.565043362241494,0.681880705264474,0.556806806806807,0.691134175315743,0.261630815407704,0.520220128408238,0.484871217804451
"Ivy_19",0.50012528188424,0.551460448790272,0.616589399824583,0.53275710885632,0.37460834691064,0.483644566988344,0.99121375674658,0.789302267318051,0.37426387670718,0.293674698795181,0.397394136807818,0,0.856176396893009,0.401780117838787,0.469858378242888,0.642991356632845,0.419581296226652,0.827154308617234,0.394888499123027,0.45821325648415,0.46648289688009,0.374859004887831,0.396216961042215,0.594486215538847,0.392785571142285,0.380462939750982,0.648046092184369,0.538288006015791,0.421843687374749,0.448396793587174,0.449830890642616,0.412251033446073,0.887274549098196,0.325397819822077,0.588927855711423,0.368236472945892,0.911072144288577,0.38478887357474,0.87124248496994,0.532888146911519,0.538345864661654,0.74123246492986,0.429573934837093,0.437554803958412,0.459147869674185,0.459235027679919,0.533199699323478,0.52575770226267,0.499624154347281,0.581360390830515,0.5,0.452789968652038,0.564356435643564,0.541718867451766,0.471319191665621,0.545591182364729,0.75751503006012,0.625454089941125,0.532581453634085,0.47593984962406,0.422094188376753,0.607769423558897,0.441132264529058,0.592833876221498,0.388951521984216,0.646999874733809,0.716862941618642,0.439959889696666,0.447005762966675,0.899799599198397,0.389125532448008,0.249592578663658,0.389167502507523,0.551823536784058,0.75843471717045,0.478576797795039,0.560010022550739,0.361894024802706,0.382264529058116,0.455137844611529,0.54516977822328,0.679068019541526,0.579646572252162,0.559508895013781,0.397819822077434,0.453520420947131,0.684579731930352,0.425278717274208,0.51002004008016,0.402607169716721,0.409068136272545,0.578301177649712,0.47218045112782,0.444360902255639,0.409170633926334,0.778056112224449,0.457967377666248,0.433617234468938,0.883266533066132,0.525873950632753,0.537112799532437,0.35597894209075,0.69030318215986,0.323728388874969,0.820140280561122,0.438666833730109,0.482464929859719,0.679859719438878,0.411027568922306,0.428535638231241,0.729404388714734,0.406664996241543,0.670844823263976,0.522676021047357,0.4874749498998,0.369186410931428,0.482456140350877,0.71163800300551,0.770261806338469,0.664828277763851,0.810096454966804,0.371836632422952,0.620001669588446,0.542835671342685
"Ginger_2",0.631565782891446,0.579276686272056,0.78786741713571,0.845692134550456,0.78055798823971,0.736269235581133,0.896253602305475,0.620857821683131,0.82714196372733,0.853420195439739,0.772386193096548,0.856176396893009,0,0.833062194969341,0.74827974477668,0.653119919969989,0.835064447503441,0.683670917729432,0.723861930965483,0.782363977485929,0.642526579111945,0.807331414988115,0.853945229461048,0.531398548911684,0.711927981995499,0.900843001418913,0.673418354588647,0.559614662829976,0.85821455363841,0.72768192048012,0.642115793422533,0.782418406902588,0.690172543135784,0.810631644777986,0.637909477369342,0.836209052263066,0.704676169042261,0.610756722951845,0.6911727931983,0.700516925129231,0.569427070302727,0.649662415603901,0.852639479609707,0.856446167312742,0.630723042281711,0.853554383320774,0.862181090545273,0.844550079226086,0.640570285142571,0.627610353882706,0.655413853463366,0.806984603830267,0.656449393219067,0.861930965482741,0.856408971306854,0.670917729432358,0.664166041510378,0.621858196823809,0.687515636727546,0.860395296472354,0.712178044511128,0.637728296222167,0.842710677669417,0.781390695347674,0.855695885957234,0.441540577716644,0.630315157578789,0.88038038038038,0.831665832916458,0.686671667916979,0.854677338669335,0.859592041046177,0.765707133917397,0.522832478418616,0.897333166395393,0.820910455227614,0.87543771885943,0.846192322120795,0.832208052013003,0.78558919189392,0.597748592870544,0.397524071526823,0.629675966470662,0.868684342171086,0.839649781113196,0.862931465732866,0.659372264599225,0.846192322120795,0.7871967991998,0.862862862862863,0.844961240310077,0.802651325662831,0.631473605203903,0.864148111083312,0.857428714357179,0.651912978244561,0.63001002004008,0.854713678419605,0.695923980995249,0.857160725453408,0.903594362438496,0.858108108108108,0.591545772886443,0.858429214607304,0.665166291572893,0.830894308943089,0.619404851212803,0.603900975243811,0.860895671753815,0.829436038514443,0.418951057704343,0.812906453226613,0.425925925925926,0.851175587793897,0.823455863965991,0.72268802402703,0.700525394045534,0.510006671114076,0.332749781167938,0.45045045045045,0.289233462548456,0.818659329664832,0.501209038605853,0.510627656914229
"Ginger_20",0.417344512576649,0.456048084147258,0.696871088861076,0.543043043043043,0.410115172759139,0.423885828743115,0.994734202607824,0.831081081081081,0.264831038798498,0.540178011783879,0.366036791390314,0.401780117838787,0.833062194969341,0,0.424887330996495,0.613113113113113,0.364137240170298,0.808082071812836,0.213865598798648,0.473091364205257,0.393241551939925,0.361041562343515,0.228978978978979,0.443234447365127,0.29913674465157,0.48062792251169,0.644188665081947,0.441912869303956,0.369698486175403,0.356186663330414,0.420670670670671,0.358108108108108,0.862629801075941,0.201251564455569,0.531590141373702,0.339672213186538,0.899161766545728,0.326908635794743,0.86187914425122,0.444824422387188,0.412942796344974,0.661703990992118,0.409437977218676,0.615365365365365,0.424458630617098,0.61568430312932,0.517707420848455,0.423994660437177,0.363283694155925,0.522272272272272,0.369198048292256,0.3875250501002,0.553079619429144,0.522963333750469,0.539618856569709,0.396972350806956,0.754034780432879,0.471971971971972,0.380147703091751,0.553135561396921,0.306142875015639,0.562898986105896,0.465031902915051,0.608809911150044,0.544044044044044,0.622622622622623,0.652108622199975,0.530487041442344,0.394318608434489,0.888652570999625,0.38005255912902,0.446531430002504,0.330494677520351,0.531797696544817,0.798546730142821,0.459141534226004,0.550244024527594,0.34984984984985,0.497560365319655,0.305294780322944,0.532665832290363,0.613613613613614,0.533800701051577,0.551745713928169,0.453566958698373,0.43861844575147,0.676676676676677,0.483483483483483,0.367696734642812,0.364216852385126,0.406480670586763,0.428106619947441,0.44974339717111,0.299536863186882,0.372043548992617,0.752033028900288,0.378368216568492,0.437007381458776,0.876892280745652,0.444806007509387,0.454530285332888,0.506698384875423,0.652108622199975,0.444124640220248,0.795821343675716,0.348685857321652,0.406730889528337,0.642186913549356,0.359369132557266,0.344844844844845,0.631763527054108,0.330246527343261,0.568799298860649,0.430609435615067,0.380207681721506,0.510393188079138,0.468769558142446,0.644614999582881,0.738988988988989,0.694002754476024,0.764514514514514,0.321236390939807,0.576576576576577,0.572375828850244
"Buddy_21",0.365444764168648,0.338257386079119,0.47972972972973,0.525644233174881,0.266332916145181,0.462077596996245,0.994484833291552,0.661245934450838,0.388138138138138,0.491916280235619,0.383210309020393,0.469858378242888,0.74827974477668,0.424887330996495,0,0.452589442081561,0.409614421632449,0.731582238899312,0.498060803202802,0.501251251251251,0.324824824824825,0.369712140175219,0.394295721791344,0.408584657739957,0.416885553470919,0.545667056269828,0.633771106941839,0.505381727158949,0.436898061288305,0.416885553470919,0.349762321741306,0.393294971228421,0.781113195747342,0.467717717717718,0.424640400250156,0.350343964978111,0.805878674171357,0.512262262262262,0.766854283927455,0.5189725627554,0.539481917156801,0.581738586616635,0.41934676511075,0.613960470352765,0.398573395069453,0.538132931272773,0.531840360315276,0.537704371037704,0.349931189791067,0.491618714035527,0.285303314571607,0.430503380916604,0.458573216520651,0.546102839984987,0.590373527199799,0.34208880550344,0.672295184490306,0.413560170127596,0.369540733324991,0.546489801026154,0.298061288305191,0.521461644349894,0.475171982489056,0.616164143625673,0.489116837628221,0.561421065799349,0.552608532465908,0.565152084115659,0.441010884523958,0.792870544090056,0.492305767546603,0.483725588382574,0.43558282208589,0.505882352941176,0.763276553106212,0.492055548605029,0.556361816589516,0.481110833124844,0.477923702313946,0.385308472031035,0.502002002002002,0.665248936702527,0.498122653316646,0.561366195420993,0.453203203203203,0.470536719629676,0.593945459094321,0.47960970728046,0.3906191369606,0.440981349355364,0.42614133833646,0.456274239959965,0.359279189087724,0.492679264172194,0.423495558613787,0.66729205753596,0.392557323643654,0.462914321450907,0.779612257661038,0.523773773773774,0.572739406072739,0.587683064213293,0.579381959214313,0.520830726886025,0.726078799249531,0.377877877877878,0.388868042526579,0.580237648530331,0.422099862345138,0.438078558919189,0.642624593037816,0.443763292881271,0.499061209162599,0.393219066683348,0.469418386491557,0.483475212819229,0.395319734701539,0.668529485361581,0.738804103077308,0.639504318437852,0.778834125594196,0.389215563618166,0.474395329441201,0.486679174484053
"Joans_21",0.510566462423409,0.338838838838839,0.503501750875438,0.443110777694424,0.558168626469852,0.583937953465099,0.995239288398898,0.444861215303826,0.5,0.693598897657522,0.524571714392897,0.642991356632845,0.653119919969989,0.613113113113113,0.452589442081561,0,0.554804804804805,0.611451431428929,0.633612604726772,0.58104052026013,0.345172586293147,0.516887665749312,0.572893223305826,0.448405253283302,0.555694461807726,0.670171924553497,0.581197649706213,0.604953715286465,0.481685210651331,0.477684710588824,0.305826456614154,0.543885971492873,0.67420927615952,0.62656328164082,0.37217152144018,0.536442055256907,0.698462307788474,0.64432216108054,0.658457307163395,0.620842017507295,0.635272045028143,0.530191273909239,0.547217010631645,0.70942735683921,0.416885553470919,0.696847921637574,0.55008128048018,0.560040026684456,0.380517694135301,0.460365091272818,0.348168521065133,0.556195244055069,0.443832874655992,0.558084281605602,0.675770483588073,0.40592574071759,0.61670208776097,0.406101525381345,0.448905565978737,0.573733583489681,0.42892861607701,0.481425891181989,0.551943992999125,0.638114292859822,0.531382845711428,0.51712928232058,0.475553332499687,0.593644438884024,0.582843566337377,0.697462182772847,0.620357634112792,0.614114114114114,0.570266549868602,0.517638228671504,0.775162744116174,0.586845066900088,0.580842816056021,0.559389847461865,0.467933491686461,0.537711069418387,0.448974487243622,0.788447111777944,0.535401551163373,0.597349005877204,0.488494247123562,0.472802300862824,0.54688672168042,0.490372593148287,0.527440930116265,0.595896409358188,0.531441430178772,0.591846942603476,0.320325203252033,0.657285803627267,0.493810178817056,0.589698712339042,0.516092673763306,0.557944743092887,0.67570946368296,0.711605802901451,0.554703135423616,0.711747779306893,0.540827810428911,0.654120295110666,0.633704213026628,0.410705352676338,0.387423427928491,0.509438679834979,0.573983739837398,0.573643410852713,0.786232790988736,0.49656121045392,0.566871012135619,0.529823683881456,0.65195649456182,0.582582582582583,0.474171357098186,0.763862252980905,0.824206051512878,0.577630426623295,0.856714178544636,0.601100412654746,0.616141404035351,0.527190898862358
"Franc_22",0.357527218120385,0.389681943400952,0.681852315394243,0.47022022022022,0.391337005508262,0.210315473209815,0.981193580742227,0.787537537537538,0.354943679599499,0.535915757803686,0.229132774371168,0.419581296226652,0.835064447503441,0.364137240170298,0.409614421632449,0.554804804804805,0,0.825597397723008,0.375547490927293,0.447058823529412,0.364705882352941,0.181772658988483,0.291041041041041,0.35060708474152,0.321156011510071,0.496325985303941,0.697235080695609,0.462694041061592,0.298386087826849,0.374702865006881,0.467217217217217,0.242742742742743,0.889153008882772,0.308635794743429,0.44626548229701,0.191792818716377,0.906918553734518,0.391989987484355,0.86638308519955,0.445992159479523,0.451245462510953,0.641936694607782,0.292527224934285,0.584584584584585,0.48278883464764,0.585270830715094,0.405831560505569,0.386117136659436,0.343761731948442,0.438938938938939,0.346928562492181,0.173847695390782,0.459689534301452,0.40783381303967,0.45962888665998,0.336669585887652,0.731014637808082,0.437687687687688,0.350857428964827,0.418200025034422,0.307894407606656,0.551383151833771,0.306643312898786,0.481416593667876,0.476476476476476,0.578828828828829,0.638843699161557,0.620132715662952,0.212363909398073,0.893656949831102,0.378550869728444,0.396193338342099,0.339762053850971,0.399849774661993,0.793034327236282,0.240145163308722,0.433863095982981,0.348598598598599,0.402977605404729,0.312805107022155,0.466833541927409,0.626126126126126,0.580370555833751,0.51345263421349,0.299374217772215,0.342510324114629,0.668168168168168,0.285285285285285,0.331915425997748,0.362464004006511,0.241085950206431,0.390814666499812,0.41419451746151,0.373889097509075,0.287448379426855,0.764794194920555,0.378117558591302,0.308394845489804,0.880645564869261,0.469586983729662,0.425663273819456,0.407286841116815,0.605305969215367,0.326242022275059,0.820092581008382,0.328911138923655,0.464281246090329,0.629425747529088,0.24971836274878,0.320820820820821,0.631513026052104,0.390814666499812,0.523475647927883,0.253660367913903,0.405479794820468,0.40145254194841,0.267242458380273,0.548177191957954,0.759259259259259,0.683235257293101,0.736486486486487,0.279689650857214,0.574741408074741,0.496059051670211
