"","Buddy_11","Joans_11","Padme_11","Ginger_14","Buddy_17","Ivy_17","Padme_17","Buddy_18","Ginger_18","Ivy_18","Franc_19","Ivy_19","Ginger_2","Ginger_20","Buddy_21","Joans_21","Franc_22","Grogu_22","Henry_22","Joans_22","Marshmallow_22","Franc_24","Ginger_24","Grogu_24","Henry_24","Ivy_24","Marshmallow_24","Henry_25","Ginger_29","Henry_29","Joans_29","Ginger_36","Grogu_36","Henry_36","Joans_36","Franc_37","Grogu_37","Ginger_41","Grogu_41","Joans_41","Ginger_42","Grogu_42","Henry_42","Ivy_42","Buddy_44","Franc_44","Ginger_44","Ivy_44","Joans_44","Marshmallow_44","Buddy_45","Franc_45","Grogu_45","Henry_45","Ivy_45","Joans_45","Marshmallow_45","Buddy_46","Charles_46","Ivy_46","Joans_46","Marshmallow_46","Franc_47","Ginger_47","Ivy_47","Marshmallow_47","Buddy_48","Charles_48","Franc_48","Grogu_48","Henry_48","Ivy_48","Joans_48","Marshmallow_48","Charles_49","Franc_49","Ginger_49","Henry_49","Ivy_49","Joans_49","Marshmallow_49","Padme_5","Buddy_50","Charles_50","Franc_50","Ginger_50","Grogu_50","Ivy_50","Joans_50","Charles_51","Franc_51","Joans_51","Buddy_52","Charles_52","Ginger_52","Grogu_52","Marshmallow_52","Franc_53","Marshmallow_53","Charles_55","Ginger_55","Ivy_55","Buddy_56","Franc_56","Grogu_56","Joans_56","Buddy_57","Joans_57","Ginger_58","Henry_59","Padme_6","Joans_60","Marshmallow_60","Joans_62","Henry_66","Ivy_67","Franc_68","Ginger_7","Padme_7","Charles_9","Franc_9","Grogu_9","Henry_9","Ivy_9"
"Buddy_11",0,0.385245901639344,0.538461538461538,0.544,0.441860465116279,0.450704225352113,0.847328244274809,0.710526315789474,0.587786259541985,0.604938271604938,0.44,0.611464968152866,0.486486486486487,0.507246376811594,0.441666666666667,0.640287769784173,0.48,0.576576576576577,0.511811023622047,0.443609022556391,0.53781512605042,0.455172413793103,0.570175438596491,0.452380952380952,0.488188976377953,0.572222222222222,0.567164179104478,0.492307692307692,0.617391304347826,0.483870967741936,0.429752066115703,0.511627906976744,0.560747663551402,0.5,0.544,0.419117647058823,0.551724137931034,0.504201680672269,0.568807339449541,0.506493506493506,0.459677419354839,0.422018348623853,0.5390625,0.535714285714286,0.42962962962963,0.546583850931677,0.627118644067797,0.51219512195122,0.533834586466165,0.4609375,0.552,0.459459459459459,0.448818897637795,0.587719298245614,0.552631578947368,0.537190082644628,0.47787610619469,0.483443708609272,0.485074626865672,0.533834586466165,0.512,0.529411764705882,0.469230769230769,0.603174603174603,0.530769230769231,0.428571428571429,0.422413793103448,0.537878787878788,0.540880503144654,0.564814814814815,0.534883720930233,0.552447552447552,0.467105263157895,0.496350364963504,0.609375,0.513698630136986,0.578512396694215,0.536,0.46031746031746,0.558139534883721,0.466666666666667,0.51063829787234,0.435714285714286,0.529850746268657,0.544,0.584745762711864,0.5625,0.550724637681159,0.51937984496124,0.569620253164557,0.488888888888889,0.554744525547445,0.421875,0.532374100719424,0.575221238938053,0.495412844036697,0.482517482517482,0.5,0.587155963302752,0.492537313432836,0.612244897959184,0.539473684210526,0.416666666666667,0.549019607843137,0.495495495495495,0.560975609756098,0.382608695652174,0.424778761061947,0.606299212598425,0.571428571428572,0.548148148148148,0.495798319327731,0.488721804511278,0.569230769230769,0.492307692307692,0.503448275862069,0.464788732394366,0.575539568345324,0.479338842975207,0.544776119402985,0.545454545454545,0.365079365079365,0.553846153846154,0.481203007518797
"Joans_11",0.385245901639344,0,0.653061224489796,0.563025210084034,0.492063492063492,0.496402877697842,0.88,0.704761904761905,0.56198347107438,0.639240506329114,0.504065040650406,0.62,0.490384615384615,0.544776119402985,0.442477876106195,0.576,0.523809523809524,0.613207547169811,0.540983606557377,0.548148148148148,0.531531531531532,0.520833333333333,0.579439252336449,0.528,0.478991596638655,0.640883977900552,0.607692307692308,0.531746031746032,0.59047619047619,0.525,0.429824561403509,0.540322580645161,0.57,0.548148148148148,0.5,0.488888888888889,0.546296296296296,0.535087719298246,0.564356435643564,0.5,0.536585365853658,0.436893203883495,0.614173228346457,0.624113475177305,0.465648854961832,0.640243902439024,0.601851851851852,0.534591194968553,0.413793103448276,0.5,0.425925925925926,0.503448275862069,0.48780487804878,0.598130841121495,0.625,0.356435643564356,0.481132075471698,0.442857142857143,0.464,0.584615384615385,0.423423423423423,0.481481481481481,0.507936507936508,0.58974358974359,0.625954198473282,0.482758620689655,0.436363636363636,0.610687022900763,0.564935064935065,0.56,0.491525423728814,0.6,0.447552447552448,0.555555555555556,0.642276422764228,0.528571428571429,0.6,0.47787610619469,0.547619047619048,0.4375,0.469026548672566,0.568345323741007,0.43609022556391,0.590909090909091,0.513043478260869,0.555555555555556,0.514851485148515,0.557251908396946,0.378378378378378,0.612903225806452,0.503875968992248,0.454545454545455,0.394957983193277,0.591240875912409,0.557692307692308,0.5,0.549295774647887,0.491228070175439,0.611650485436893,0.553030303030303,0.659722222222222,0.620915032679738,0.465116279069767,0.602649006622517,0.581818181818182,0.448598130841121,0.364485981308411,0.394230769230769,0.593220338983051,0.557251908396946,0.587786259541985,0.429906542056075,0.549618320610687,0.4375,0.52,0.589041095890411,0.489051094890511,0.561538461538462,0.581967213114754,0.647058823529412,0.577586206896552,0.522727272727273,0.648854961832061,0.574626865671642
"Padme_11",0.538461538461538,0.653061224489796,0,0.603053435114504,0.525547445255474,0.592356687898089,0.803149606299213,0.766666666666667,0.661870503597122,0.58125,0.579710144927536,0.605095541401274,0.614754098360656,0.591836734693877,0.575757575757576,0.716216216216216,0.612121212121212,0.663865546218487,0.560606060606061,0.524822695035461,0.694029850746269,0.584905660377358,0.688,0.609929078014184,0.601449275362319,0.574585635359116,0.57037037037037,0.572463768115942,0.65546218487395,0.568181818181818,0.654929577464789,0.640845070422535,0.640350877192982,0.503597122302158,0.664233576642336,0.56,0.658730158730159,0.520661157024793,0.646551724137931,0.633136094674556,0.577777777777778,0.6484375,0.63768115942029,0.517985611510791,0.551020408163265,0.53125,0.7265625,0.653846153846154,0.693333333333333,0.63448275862069,0.690647482014389,0.636904761904762,0.605633802816901,0.682926829268293,0.516778523489933,0.719424460431655,0.637795275590551,0.622754491017964,0.612244897959184,0.537313432835821,0.654676258992806,0.715328467153285,0.581560283687943,0.698529411764706,0.523076923076923,0.575757575757576,0.595419847328244,0.31304347826087,0.645348837209302,0.7,0.633093525179856,0.594594594594595,0.598802395209581,0.591836734693877,0.456896551724138,0.6375,0.699248120300752,0.616541353383459,0.522727272727273,0.727891156462585,0.669064748201439,0.544827586206897,0.598726114649682,0.453125,0.702127659574468,0.6875,0.704,0.686274509803922,0.693877551020408,0.506578947368421,0.668831168831169,0.724358974358974,0.58041958041958,0.446969696969697,0.661157024793388,0.625,0.593548387096774,0.713286713286713,0.708333333333333,0.507352941176471,0.642384105960265,0.57051282051282,0.609271523178808,0.561290322580645,0.622950819672131,0.710144927536232,0.635036496350365,0.654135338345865,0.681481481481482,0.66,0.551470588235294,0.646616541353383,0.587412587412587,0.719178082191781,0.592857142857143,0.506849315068493,0.587096774193548,0.690789473684211,0.458333333333333,0.444444444444444,0.648854961832061,0.542253521126761,0.620437956204379,0.58041958041958
"Ginger_14",0.544,0.563025210084034,0.603053435114504,0,0.565573770491803,0.562962962962963,0.883928571428571,0.777777777777778,0.580357142857143,0.620689655172414,0.555555555555556,0.618705035971223,0.607843137254902,0.571428571428572,0.5625,0.641666666666667,0.481203007518797,0.565217391304348,0.504587155963303,0.596899224806202,0.616822429906542,0.565217391304348,0.460674157303371,0.517543859649123,0.517857142857143,0.55625,0.448598130841121,0.571428571428572,0.416666666666667,0.540540540540541,0.644628099173554,0.419047619047619,0.608695652173913,0.439655172413793,0.607142857142857,0.534883720930233,0.536082474226804,0.509803921568628,0.571428571428572,0.5,0.539823008849558,0.525252525252525,0.39,0.590551181102362,0.622222222222222,0.555555555555556,0.454545454545455,0.517006802721088,0.543103448275862,0.445454545454545,0.616071428571429,0.503703703703704,0.5,0.48314606741573,0.552238805970149,0.614678899082569,0.554455445544554,0.6,0.560975609756098,0.420560747663551,0.532110091743119,0.607476635514019,0.546218487394958,0.529411764705882,0.613445378151261,0.522935779816514,0.559633027522936,0.619834710743802,0.569444444444444,0.642105263157895,0.462264150943396,0.563492063492063,0.582191780821918,0.461538461538462,0.666666666666667,0.5078125,0.43010752688172,0.490384615384615,0.526315789473684,0.632478632478633,0.537037037037037,0.616541353383459,0.601449275362319,0.513043478260869,0.555555555555556,0.467391304347826,0.563829787234043,0.56198347107438,0.58974358974359,0.601398601398601,0.564516129032258,0.65625,0.592,0.609375,0.5,0.577319587628866,0.635714285714286,0.62280701754386,0.652631578947368,0.603174603174603,0.424778761061947,0.589928057553957,0.559055118110236,0.526315789473684,0.561224489795918,0.614678899082569,0.584070796460177,0.605504587155963,0.393617021276596,0.608,0.712121212121212,0.570093457943925,0.577235772357724,0.608695652173913,0.583333333333333,0.496062992125984,0.534351145038168,0.491228070175439,0.626086956521739,0.6796875,0.469387755102041,0.524590163934426,0.591304347826087,0.495726495726496
"Buddy_17",0.441860465116279,0.492063492063492,0.525547445255474,0.565573770491803,0,0.5,0.838709677419355,0.653846153846154,0.598425196850394,0.52027027027027,0.459016393442623,0.554794520547945,0.481132075471698,0.598591549295775,0.512396694214876,0.690647482014389,0.536423841059603,0.588785046728972,0.508196721311475,0.473282442748092,0.642276422764228,0.513698630136986,0.581818181818182,0.542635658914729,0.543307086614173,0.603351955307263,0.531746031746032,0.534883720930233,0.605504587155963,0.516393442622951,0.46218487394958,0.5546875,0.586538461538462,0.54014598540146,0.6328125,0.481751824817518,0.575221238938053,0.5,0.607476635514019,0.59748427672956,0.53968253968254,0.539823008849558,0.56,0.511278195488722,0.470149253731343,0.572327044025157,0.640350877192982,0.597633136094675,0.607407407407407,0.538461538461538,0.62992125984252,0.526666666666667,0.549618320610687,0.6,0.551020408163265,0.617886178861789,0.539823008849558,0.558441558441558,0.50381679389313,0.564885496183206,0.556451612903226,0.576271186440678,0.523076923076923,0.555555555555556,0.491803278688525,0.5,0.521008403361345,0.535433070866142,0.575949367088608,0.60377358490566,0.610687022900763,0.54014598540146,0.493333333333333,0.536764705882353,0.586776859504132,0.581081081081081,0.58974358974359,0.569105691056911,0.454545454545455,0.612403100775194,0.525,0.560283687943262,0.463768115942029,0.527131782945736,0.565573770491803,0.596491228070175,0.612612612612613,0.601449275362319,0.616541353383459,0.63125,0.540740740740741,0.635714285714286,0.42741935483871,0.551470588235294,0.560747663551402,0.532710280373832,0.551724137931034,0.603174603174603,0.586538461538462,0.5,0.612676056338028,0.517241379310345,0.503703703703704,0.537414965986394,0.584070796460177,0.60655737704918,0.483050847457627,0.486725663716814,0.583333333333333,0.659722222222222,0.58955223880597,0.554621848739496,0.541353383458647,0.612403100775194,0.5,0.444444444444444,0.482014388489209,0.5078125,0.487179487179487,0.575757575757576,0.530434782608696,0.4453125,0.563492063492063,0.5
"Ivy_17",0.450704225352113,0.496402877697842,0.592356687898089,0.562962962962963,0.5,0,0.868055555555556,0.776923076923077,0.650684931506849,0.591715976331361,0.395348837209302,0.647058823529412,0.615384615384615,0.620253164556962,0.588652482269504,0.63265306122449,0.431372549019608,0.64,0.477272727272727,0.510204081632653,0.569230769230769,0.383561643835616,0.6,0.5,0.563380281690141,0.53804347826087,0.553191489361702,0.555555555555556,0.609756097560976,0.561151079136691,0.525547445255474,0.553191489361702,0.661290322580645,0.52027027027027,0.594202898550725,0.343065693430657,0.636363636363636,0.549618320610687,0.645161290322581,0.533333333333333,0.539568345323741,0.479338842975207,0.547445255474453,0.533783783783784,0.506666666666667,0.552941176470588,0.596774193548387,0.419753086419753,0.521428571428571,0.507142857142857,0.580882352941176,0.378378378378378,0.463235294117647,0.581967213114754,0.493506493506494,0.557251908396946,0.551181102362205,0.455128205128205,0.464285714285714,0.531914893617021,0.522388059701492,0.614814814814815,0.389312977099237,0.607407407407407,0.55,0.492424242424242,0.544776119402985,0.605442176870748,0.394736842105263,0.653225806451613,0.584507042253521,0.577922077922078,0.558823529411765,0.527027027027027,0.661971830985915,0.420689655172414,0.584615384615385,0.533834586466165,0.517985611510791,0.565217391304348,0.48062015503876,0.549019607843137,0.5,0.568493150684932,0.448,0.579365079365079,0.626984126984127,0.42962962962963,0.507352941176471,0.608187134502924,0.423357664233577,0.561643835616438,0.471428571428571,0.588235294117647,0.604838709677419,0.592,0.52258064516129,0.464566929133858,0.661290322580645,0.582781456953642,0.578947368421053,0.518987341772152,0.454545454545455,0.480519480519481,0.579365079365079,0.58955223880597,0.522388059701492,0.503937007874016,0.58955223880597,0.632258064516129,0.56551724137931,0.51937984496124,0.520833333333333,0.595744680851064,0.604026845637584,0.442176870748299,0.402777777777778,0.571428571428572,0.569343065693431,0.62,0.586466165413534,0.453900709219858,0.648648648648649,0.460431654676259
"Padme_17",0.847328244274809,0.88,0.803149606299213,0.883928571428571,0.838709677419355,0.868055555555556,0,0.831168831168831,0.846846846846847,0.850340136054422,0.878048780487805,0.841726618705036,0.831578947368421,0.862595419847328,0.859649122807018,0.9,0.903846153846154,0.877777777777778,0.842105263157895,0.837209302325581,0.885714285714286,0.879194630872483,0.88421052631579,0.896,0.865546218487395,0.895027624309392,0.89344262295082,0.851239669421488,0.866666666666667,0.81981981981982,0.872881355932203,0.855932203389831,0.885057471264368,0.87218045112782,0.91304347826087,0.879432624113475,0.900990099009901,0.836538461538462,0.875,0.898089171974522,0.844827586206896,0.872549019607843,0.888888888888889,0.852713178294574,0.884892086330935,0.879746835443038,0.894736842105263,0.912790697674419,0.930232558139535,0.870967741935484,0.902654867256637,0.903846153846154,0.861788617886179,0.881720430107527,0.86013986013986,0.918918918918919,0.883495145631068,0.925,0.902255639097744,0.896,0.925,0.865384615384615,0.890625,0.898148148148148,0.854700854700855,0.859649122807018,0.913793103448276,0.847457627118644,0.926380368098159,0.886363636363636,0.852173913043478,0.837209302325581,0.826666666666667,0.896296296296296,0.836538461538462,0.933333333333333,0.904761904761905,0.864864864864865,0.858333333333333,0.925,0.866071428571429,0.813953488372093,0.882758620689655,0.861788617886179,0.931623931623932,0.888888888888889,0.893617021276596,0.916666666666667,0.928,0.865771812080537,0.902985074626866,0.931818181818182,0.893129770992366,0.869230769230769,0.893617021276596,0.885416666666667,0.75968992248062,0.923076923076923,0.858823529411765,0.8671875,0.919117647058824,0.854166666666667,0.857142857142857,0.9,0.877551020408163,0.918918918918919,0.878260869565217,0.858490566037736,0.918918918918919,0.808333333333333,0.831932773109244,0.890909090909091,0.819672131147541,0.878260869565217,0.841666666666667,0.857142857142857,0.889655172413793,0.862903225806452,0.79047619047619,0.8,0.877358490566038,0.844961240310078,0.81981981981982,0.8671875
"Buddy_18",0.710526315789474,0.704761904761905,0.766666666666667,0.777777777777778,0.653846153846154,0.776923076923077,0.831168831168831,0,0.694736842105263,0.759398496240601,0.747663551401869,0.753968253968254,0.61038961038961,0.75,0.714285714285714,0.707070707070707,0.798561151079137,0.723684210526316,0.707070707070707,0.76271186440678,0.730337078651685,0.783582089552239,0.75609756097561,0.699029126213592,0.69,0.819277108433735,0.787037037037037,0.738317757009346,0.693333333333333,0.704081632653061,0.759615384615385,0.702970297029703,0.708333333333333,0.783333333333333,0.712765957446808,0.777777777777778,0.755813953488372,0.7,0.733333333333333,0.766423357664234,0.725490196078431,0.694117647058824,0.776699029126214,0.758620689655172,0.772357723577236,0.79020979020979,0.768292682926829,0.803921568627451,0.792792792792793,0.728971962616822,0.762886597938144,0.781021897810219,0.728971962616822,0.765432098765432,0.804511278195489,0.765957446808511,0.738636363636364,0.808510638297872,0.786324786324786,0.781818181818182,0.774509803921569,0.642857142857143,0.789473684210526,0.707865168539326,0.737864077669903,0.673684210526316,0.729166666666667,0.766355140186916,0.836734693877551,0.746666666666667,0.732673267326733,0.752136752136752,0.696969696969697,0.75,0.75531914893617,0.835820895522388,0.766666666666667,0.742268041237113,0.745283018867924,0.774509803921569,0.66304347826087,0.768595041322314,0.736,0.774774774774775,0.801980198019802,0.707317073170732,0.75,0.801724137931034,0.785046728971963,0.821428571428572,0.798319327731092,0.808695652173913,0.752212389380531,0.777777777777778,0.701298701298701,0.728395061728395,0.721311475409836,0.78,0.726027397260274,0.741071428571428,0.818181818181818,0.761538461538462,0.745762711864407,0.833333333333333,0.72289156626506,0.778947368421053,0.670212765957447,0.685393258426966,0.791666666666667,0.736363636363636,0.783783783783784,0.717391304347826,0.738738738738739,0.737373737373737,0.701923076923077,0.752,0.744,0.707547169811321,0.731958762886598,0.711538461538462,0.693181818181818,0.739130434782609,0.742574257425743,0.741071428571428
"Ginger_18",0.587786259541985,0.56198347107438,0.661870503597122,0.580357142857143,0.598425196850394,0.650684931506849,0.846846846846847,0.694736842105263,0,0.55,0.645669291338583,0.533834586466165,0.57843137254902,0.449152542372881,0.522522522522523,0.692913385826772,0.70253164556962,0.622448979591837,0.530973451327434,0.637037037037037,0.575471698113208,0.668874172185431,0.556701030927835,0.634920634920635,0.44954128440367,0.607142857142857,0.626016260162602,0.508620689655172,0.537634408602151,0.457943925233645,0.664,0.491071428571429,0.606382978723404,0.551181102362205,0.629310344827586,0.608695652173913,0.605769230769231,0.495145631067961,0.628865979381443,0.689873417721519,0.539130434782609,0.607476635514019,0.548672566371681,0.566929133858268,0.610294117647059,0.593333333333333,0.56701030927835,0.68452380952381,0.590163934426229,0.619047619047619,0.614035087719298,0.685897435897436,0.56198347107438,0.531914893617021,0.650684931506849,0.625,0.553398058252427,0.589041095890411,0.636363636363636,0.578512396694215,0.630252100840336,0.524271844660194,0.635658914728682,0.633928571428571,0.539130434782609,0.598290598290598,0.571428571428572,0.650793650793651,0.69375,0.625,0.462962962962963,0.584615384615385,0.571428571428572,0.644444444444444,0.640350877192982,0.680272108843537,0.62037037037037,0.545454545454545,0.598360655737705,0.652892561983471,0.536363636363636,0.604477611940299,0.609929078014184,0.585365853658537,0.641025641025641,0.530612244897959,0.633663366336634,0.627906976744186,0.6,0.58041958041958,0.639097744360902,0.653846153846154,0.579365079365079,0.5859375,0.577319587628866,0.59,0.60431654676259,0.608695652173913,0.635416666666667,0.532786885245902,0.607692307692308,0.588652482269504,0.632352941176471,0.664429530201342,0.545454545454545,0.649122807017544,0.531531531531532,0.652173913043478,0.6,0.460869565217391,0.65891472868217,0.594594594594595,0.671641791044776,0.630252100840336,0.412844036697248,0.60431654676259,0.664383561643836,0.6328125,0.635593220338983,0.601626016260163,0.681034482758621,0.603053435114504,0.601694915254237,0.633587786259542
"Ivy_18",0.604938271604938,0.639240506329114,0.58125,0.620689655172414,0.52027027027027,0.591715976331361,0.850340136054422,0.759398496240601,0.55,0,0.598684210526316,0.238805970149254,0.671428571428571,0.506666666666667,0.633333333333333,0.737804878048781,0.602272727272727,0.666666666666667,0.5625,0.575949367088608,0.628571428571429,0.55952380952381,0.596899224806202,0.616883116883117,0.551724137931034,0.428571428571429,0.571428571428572,0.573333333333333,0.648854961832061,0.528571428571429,0.631578947368421,0.5,0.696969696969697,0.56687898089172,0.701298701298701,0.496774193548387,0.661870503597122,0.579710144927536,0.67175572519084,0.701570680628272,0.558620689655173,0.642857142857143,0.576388888888889,0.323308270676692,0.571428571428572,0.463414634146341,0.666666666666667,0.656410256410256,0.685185185185185,0.664596273291925,0.732484076433121,0.633333333333333,0.594771241830065,0.623076923076923,0.484076433121019,0.7,0.623188405797101,0.596590909090909,0.635802469135802,0.541095890410959,0.649006622516556,0.65034965034965,0.562913907284768,0.652777777777778,0.451851851851852,0.614864864864865,0.613793103448276,0.611842105263158,0.595505617977528,0.699248120300752,0.572413793103448,0.404255319148936,0.532163742690058,0.658682634730539,0.657534246575342,0.641618497109827,0.661971830985915,0.641891891891892,0.441176470588235,0.700636942675159,0.644295302013423,0.666666666666667,0.563636363636364,0.594771241830065,0.648648648648649,0.609022556390977,0.664179104477612,0.6375,0.677215189873418,0.589595375722543,0.60377358490566,0.714285714285714,0.552631578947368,0.576923076923077,0.643939393939394,0.641791044776119,0.575757575757576,0.63265306122449,0.687022900763359,0.493150684931507,0.594936708860759,0.410596026490066,0.632530120481928,0.481012658227848,0.619402985074627,0.673469387755102,0.602739726027397,0.710526315789474,0.636363636363636,0.645962732919255,0.636942675159236,0.668918918918919,0.672727272727273,0.763636363636364,0.482269503546099,0.453947368421053,0.56969696969697,0.615384615384615,0.625850340136054,0.607843137254902,0.706666666666667,0.506666666666667,0.579310344827586,0.562091503267974
"Franc_19",0.44,0.504065040650406,0.579710144927536,0.555555555555556,0.459016393442623,0.395348837209302,0.878048780487805,0.747663551401869,0.645669291338583,0.598684210526316,0,0.614864864864865,0.577981651376147,0.640845070422535,0.525423728813559,0.696296296296296,0.430656934306569,0.564356435643564,0.508474576271186,0.541353383458647,0.54954954954955,0.401515151515151,0.54368932038835,0.532258064516129,0.568,0.581395348837209,0.544715447154472,0.581395348837209,0.54,0.529411764705882,0.487179487179487,0.544715447154472,0.617647058823529,0.562962962962963,0.567796610169492,0.330578512396694,0.616071428571429,0.539823008849558,0.598039215686274,0.590909090909091,0.576,0.485714285714286,0.56198347107438,0.534351145038168,0.457364341085271,0.574193548387097,0.594339622641509,0.490196078431373,0.566929133858268,0.528,0.6,0.453237410071943,0.516129032258065,0.549019607843137,0.489051094890511,0.56140350877193,0.527777777777778,0.5,0.48,0.544,0.533898305084746,0.578947368421053,0.309090909090909,0.594827586206897,0.528925619834711,0.48695652173913,0.521739130434783,0.582677165354331,0.446808510638298,0.594059405940594,0.569105691056911,0.562962962962963,0.580645161290323,0.591240875912409,0.625,0.466165413533835,0.567567567567568,0.559322033898305,0.466101694915254,0.558333333333333,0.513043478260869,0.592857142857143,0.517985611510791,0.551181102362205,0.435185185185185,0.547169811320755,0.563106796116505,0.479674796747967,0.504201680672269,0.634615384615385,0.38135593220339,0.576923076923077,0.398305084745763,0.553030303030303,0.52,0.548076923076923,0.563380281690141,0.411214953271028,0.603960396039604,0.488,0.605839416058394,0.528169014084507,0.515151515151515,0.507142857142857,0.547169811320755,0.522522522522523,0.441441441441441,0.443396226415094,0.586206896551724,0.644927536231884,0.603053435114504,0.504504504504504,0.553846153846154,0.581967213114754,0.581395348837209,0.466165413533835,0.385826771653543,0.609022556390977,0.538461538461538,0.621212121212121,0.582608695652174,0.430894308943089,0.611111111111111,0.511811023622047
"Ivy_19",0.611464968152866,0.62,0.605095541401274,0.618705035971223,0.554794520547945,0.647058823529412,0.841726618705036,0.753968253968254,0.533834586466165,0.238805970149254,0.614864864864865,0,0.651515151515151,0.5,0.612676056338028,0.699346405228758,0.616279069767442,0.645161290322581,0.588652482269504,0.581699346405229,0.616541353383459,0.56441717791411,0.616,0.642384105960265,0.536231884057971,0.447674418604651,0.557142857142857,0.608108108108108,0.626016260162602,0.533333333333333,0.639455782312925,0.525547445255474,0.67741935483871,0.572368421052632,0.684931506849315,0.538961038961039,0.641221374045801,0.597014925373134,0.639344262295082,0.702702702702703,0.594405594405594,0.641791044776119,0.612676056338028,0.358778625954198,0.567741935483871,0.484472049689441,0.687022900763359,0.663157894736842,0.67741935483871,0.655844155844156,0.743421052631579,0.64,0.591836734693877,0.632,0.506493506493506,0.692307692307692,0.610687022900763,0.626436781609195,0.607843137254902,0.556338028169014,0.657534246575342,0.639705882352941,0.597315436241611,0.699300699300699,0.477272727272727,0.641379310344828,0.601449275362319,0.619047619047619,0.64804469273743,0.68,0.568345323741007,0.392592592592593,0.562130177514793,0.682926829268293,0.657142857142857,0.640718562874252,0.671532846715328,0.668965517241379,0.430769230769231,0.693333333333333,0.643356643356643,0.641975308641975,0.58641975308642,0.601351351351351,0.666666666666667,0.638461538461539,0.632,0.653846153846154,0.66,0.552147239263804,0.628205128205128,0.716049382716049,0.577181208053691,0.582781456953642,0.6640625,0.62992125984252,0.607361963190184,0.640845070422535,0.688,0.49645390070922,0.61038961038961,0.4,0.648148148148148,0.483660130718954,0.584,0.683098591549296,0.589928057553957,0.703448275862069,0.635036496350365,0.627450980392157,0.65359477124183,0.640287769784173,0.68944099378882,0.727272727272727,0.507246376811594,0.476510067114094,0.583850931677019,0.640522875816993,0.624113475177305,0.614864864864865,0.699300699300699,0.530612244897959,0.585714285714286,0.586666666666667
"Ginger_2",0.486486486486487,0.490384615384615,0.614754098360656,0.607843137254902,0.481132075471698,0.615384615384615,0.831578947368421,0.61038961038961,0.57843137254902,0.671428571428571,0.577981651376147,0.651515151515151,0,0.605042016806723,0.53,0.71551724137931,0.657142857142857,0.578313253012048,0.53921568627451,0.547826086956522,0.543478260869565,0.626865671641791,0.602272727272727,0.495145631067961,0.524271844660194,0.738372093023256,0.630630630630631,0.514285714285714,0.548780487804878,0.549019607843137,0.571428571428572,0.566037735849057,0.48,0.596638655462185,0.621359223300971,0.611111111111111,0.561797752808989,0.431818181818182,0.473684210526316,0.633093525179856,0.49,0.447058823529412,0.651376146788991,0.625,0.590163934426229,0.680272108843537,0.613636363636364,0.666666666666667,0.616071428571429,0.559633027522936,0.54639175257732,0.617647058823529,0.546296296296296,0.60919540229885,0.676470588235294,0.557894736842105,0.482758620689655,0.640287769784173,0.582608695652174,0.652173913043478,0.554455445544554,0.465909090909091,0.629310344827586,0.583333333333333,0.614678899082569,0.452631578947368,0.510416666666667,0.596330275229358,0.702702702702703,0.544303797468354,0.567307692307692,0.653225806451613,0.601449275362319,0.543859649122807,0.62,0.67910447761194,0.625,0.555555555555556,0.547169811320755,0.596153846153846,0.484210526315789,0.629032258064516,0.568,0.634782608695652,0.621359223300971,0.573033707865169,0.55952380952381,0.666666666666667,0.588785046728972,0.708333333333333,0.655737704918033,0.637931034482759,0.540540540540541,0.655737704918033,0.542168674698795,0.48780487804878,0.560975609756098,0.598039215686274,0.519480519480519,0.591304347826087,0.708661417322835,0.651851851851852,0.530434782608696,0.7,0.488095238095238,0.557894736842105,0.463157894736842,0.431818181818182,0.63,0.65546218487395,0.607142857142857,0.505376344086022,0.522935779816514,0.54,0.555555555555556,0.595238095238095,0.598425196850394,0.55045871559633,0.5,0.551401869158878,0.553191489361702,0.581196581196581,0.59047619047619,0.566371681415929
"Ginger_20",0.507246376811594,0.544776119402985,0.591836734693877,0.571428571428572,0.598591549295775,0.620253164556962,0.862595419847328,0.75,0.449152542372881,0.506666666666667,0.640845070422535,0.5,0.605042016806723,0,0.565891472868217,0.710344827586207,0.621951219512195,0.619469026548673,0.467213114754098,0.556338028169014,0.578512396694215,0.60377358490566,0.54954954954955,0.537878787878788,0.362068965517241,0.508771929824561,0.571428571428572,0.435483870967742,0.559633027522936,0.396551724137931,0.657142857142857,0.403361344537815,0.618181818181818,0.410852713178295,0.646616541353383,0.551020408163265,0.581196581196581,0.482758620689655,0.612612612612613,0.626506024096385,0.411764705882353,0.547008547008547,0.52,0.539568345323741,0.6,0.522292993630573,0.584070796460177,0.632768361581921,0.611510791366906,0.555555555555556,0.623076923076923,0.646706586826347,0.511450381679389,0.554545454545455,0.556291390728477,0.653846153846154,0.547008547008547,0.58125,0.63265306122449,0.537878787878788,0.647058823529412,0.546218487394958,0.622377622377622,0.596774193548387,0.5,0.543307086614173,0.574803149606299,0.595588235294118,0.630952380952381,0.621621621621622,0.415254237288136,0.535714285714286,0.528662420382166,0.583333333333333,0.676691729323308,0.621794871794872,0.583333333333333,0.516393442622951,0.545454545454545,0.666666666666667,0.532258064516129,0.545454545454545,0.523809523809524,0.576642335766423,0.636363636363636,0.526785714285714,0.592920353982301,0.63448275862069,0.640287769784173,0.564102564102564,0.625850340136054,0.657534246575342,0.571428571428572,0.577464788732394,0.580357142857143,0.566371681415929,0.557046979865772,0.618320610687023,0.654867256637168,0.473282442748092,0.557142857142857,0.523489932885906,0.582191780821918,0.607594936708861,0.552631578947368,0.653846153846154,0.551181102362205,0.635658914728682,0.577235772357724,0.465116279069767,0.633802816901408,0.584,0.636986301369863,0.647058823529412,0.341880341880342,0.557046979865772,0.597402597402597,0.548148148148148,0.6,0.580882352941176,0.62992125984252,0.488888888888889,0.546875,0.550724637681159
"Buddy_21",0.441666666666667,0.442477876106195,0.575757575757576,0.5625,0.512396694214876,0.588652482269504,0.859649122807018,0.714285714285714,0.522522522522523,0.633333333333333,0.525423728813559,0.612676056338028,0.53,0.565891472868217,0,0.634146341463415,0.601351351351351,0.494505494505495,0.5,0.48780487804878,0.528846153846154,0.55,0.520833333333333,0.53781512605042,0.563025210084034,0.659090909090909,0.513043478260869,0.541666666666667,0.5625,0.508928571428572,0.39047619047619,0.598360655737705,0.471264367816092,0.546875,0.536363636363636,0.496124031007752,0.5,0.532710280373832,0.48314606741573,0.568493150684932,0.53448275862069,0.474747474747475,0.530973451327434,0.5625,0.421487603305785,0.616883116883117,0.603960396039604,0.614906832298137,0.48695652173913,0.521008403361345,0.490566037735849,0.591836734693877,0.533333333333333,0.571428571428572,0.588652482269504,0.424242424242424,0.443298969072165,0.447761194029851,0.495867768595041,0.573770491803279,0.457943925233645,0.519230769230769,0.564516129032258,0.686440677966102,0.53448275862069,0.517857142857143,0.471698113207547,0.554621848739496,0.583892617449664,0.477272727272727,0.576271186440678,0.590909090909091,0.517482517482517,0.587786259541985,0.585585585585586,0.579710144927536,0.614678899082569,0.527272727272727,0.521367521367521,0.552631578947368,0.518181818181818,0.6,0.522388059701492,0.580645161290323,0.536363636363636,0.58252427184466,0.526315789473684,0.556451612903226,0.440366972477064,0.605442176870748,0.547619047619048,0.525,0.383928571428571,0.51219512195122,0.6,0.411111111111111,0.537313432835821,0.540540540540541,0.488636363636364,0.528455284552846,0.634328358208955,0.574468085106383,0.519685039370079,0.594405594405594,0.479166666666667,0.5,0.35,0.490384615384615,0.568807339449541,0.612403100775194,0.622047244094488,0.495238095238095,0.571428571428572,0.565217391304348,0.541666666666667,0.6,0.572463768115942,0.648854961832061,0.518181818181818,0.608,0.628318584070796,0.508064516129032,0.631147540983607,0.563492063492063
"Joans_21",0.640287769784173,0.576,0.716216216216216,0.641666666666667,0.690647482014389,0.63265306122449,0.9,0.707070707070707,0.692913385826772,0.737804878048781,0.696296296296296,0.699346405228758,0.71551724137931,0.710344827586207,0.634146341463415,0,0.642857142857143,0.736363636363636,0.712121212121212,0.754966887417219,0.76984126984127,0.651315789473684,0.736842105263158,0.686567164179104,0.689393939393939,0.720430107526882,0.708955223880597,0.74468085106383,0.727272727272727,0.7,0.694656488549618,0.699248120300752,0.75,0.685314685314685,0.582608695652174,0.666666666666667,0.73728813559322,0.69672131147541,0.731481481481482,0.593333333333333,0.753623188405797,0.714285714285714,0.717557251908397,0.743243243243243,0.631205673758865,0.680981595092024,0.756521739130435,0.628048780487805,0.557377049180328,0.681481481481482,0.578947368421053,0.615894039735099,0.661654135338346,0.743362831858407,0.751552795031056,0.614035087719298,0.735537190082645,0.6,0.584615384615385,0.72463768115942,0.608333333333333,0.689075630252101,0.646616541353383,0.744,0.716417910447761,0.717557251908397,0.586206896551724,0.739130434782609,0.643312101910828,0.774774774774775,0.702290076335878,0.72972972972973,0.628205128205128,0.736486486486486,0.707317073170732,0.671140939597315,0.766129032258065,0.71875,0.713235294117647,0.653225806451613,0.69047619047619,0.726666666666667,0.675496688741722,0.719424460431655,0.67479674796748,0.735042735042735,0.732142857142857,0.659259259259259,0.634920634920635,0.673076923076923,0.659420289855073,0.633587786259542,0.644444444444444,0.706293706293706,0.743362831858407,0.75,0.738853503184713,0.67741935483871,0.75,0.683453237410072,0.741496598639456,0.739130434782609,0.633093525179856,0.739130434782609,0.71304347826087,0.672268907563025,0.642276422764228,0.69672131147541,0.725806451612903,0.743055555555556,0.779310344827586,0.677685950413223,0.709219858156028,0.642276422764228,0.708029197080292,0.738853503184713,0.664429530201342,0.721428571428571,0.759398496240601,0.715328467153285,0.753968253968254,0.727891156462585,0.71969696969697,0.746575342465753
"Franc_22",0.48,0.523809523809524,0.612121212121212,0.481203007518797,0.536423841059603,0.431372549019608,0.903846153846154,0.798561151079137,0.70253164556962,0.602272727272727,0.430656934306569,0.616279069767442,0.657142857142857,0.621951219512195,0.601351351351351,0.642857142857143,0,0.651515151515151,0.568493150684932,0.572327044025157,0.652777777777778,0.415584415584416,0.613636363636364,0.517241379310345,0.623376623376623,0.478021978021978,0.49645390070922,0.615384615384615,0.623076923076923,0.622516556291391,0.581081081081081,0.567567567567568,0.691729323308271,0.476510067114094,0.567375886524823,0.39041095890411,0.627737226277372,0.595744680851064,0.656488549618321,0.397435897435897,0.62987012987013,0.588235294117647,0.531914893617021,0.59375,0.503225806451613,0.540229885057471,0.631578947368421,0.296774193548387,0.517241379310345,0.482517482517482,0.604166666666667,0.335570469798658,0.523809523809524,0.607692307692308,0.471337579617834,0.562043795620438,0.598540145985402,0.44375,0.440559440559441,0.485915492957746,0.528571428571429,0.673469387755102,0.424460431654676,0.579710144927536,0.602649006622517,0.591836734693877,0.55,0.634615384615385,0.352941176470588,0.684210526315789,0.606666666666667,0.554140127388535,0.511764705882353,0.503311258278146,0.705882352941176,0.319148936170213,0.534351145038168,0.570422535211268,0.54421768707483,0.579310344827586,0.583333333333333,0.588957055214724,0.50625,0.523809523809524,0.46969696969697,0.593984962406015,0.628787878787879,0.405797101449275,0.544827586206897,0.586206896551724,0.411347517730496,0.527027027027027,0.529801324503311,0.591194968553459,0.596899224806202,0.626865671641791,0.605882352941177,0.496296296296296,0.701492537313433,0.62111801242236,0.465753424657534,0.55952380952381,0.452702702702703,0.477987421383648,0.625,0.602836879432624,0.549295774647887,0.565217391304348,0.518796992481203,0.625,0.65,0.547445255474453,0.536423841059603,0.579310344827586,0.658385093167702,0.470967741935484,0.312056737588652,0.546666666666667,0.649006622516556,0.680981595092024,0.548148148148148,0.483221476510067,0.67515923566879,0.51006711409396
"Grogu_22",0.576576576576577,0.613207547169811,0.663865546218487,0.565217391304348,0.588785046728972,0.64,0.877777777777778,0.723684210526316,0.622448979591837,0.666666666666667,0.564356435643564,0.645161290322581,0.578313253012048,0.619469026548673,0.494505494505495,0.736363636363636,0.651515151515151,0,0.536842105263158,0.585585585585586,0.558139534883721,0.619047619047619,0.472972972972973,0.55,0.594059405940594,0.69811320754717,0.456521739130435,0.609523809523809,0.527027027027027,0.531914893617021,0.6,0.594059405940594,0.349206349206349,0.610619469026549,0.610526315789474,0.565217391304348,0.405405405405405,0.545454545454545,0.34375,0.676470588235294,0.59,0.455696202531646,0.572916666666667,0.603603603603604,0.591304347826087,0.676258992805755,0.564102564102564,0.689189189189189,0.605769230769231,0.558823529411765,0.606382978723404,0.671641791044776,0.515151515151515,0.479452054794521,0.60655737704918,0.556818181818182,0.415584415584416,0.633587786259542,0.583333333333333,0.592233009708738,0.568421052631579,0.546511627906977,0.607476635514019,0.645161290322581,0.561224489795918,0.510869565217391,0.585106382978723,0.638095238095238,0.661764705882353,0.384615384615385,0.61,0.62280701754386,0.644444444444444,0.607142857142857,0.652631578947368,0.642276422764228,0.597701149425287,0.614583333333333,0.530612244897959,0.64,0.559139784946237,0.740157480314961,0.648,0.638888888888889,0.580645161290323,0.555555555555556,0.391304347826087,0.611111111111111,0.59,0.705882352941176,0.625,0.666666666666667,0.552380952380952,0.649122807017544,0.558441558441558,0.347826086956522,0.596638655462185,0.614583333333333,0.424242424242424,0.592592592592593,0.649122807017544,0.601626016260163,0.605263157894737,0.624,0.352112676056338,0.604395604395604,0.537634408602151,0.577777777777778,0.573033707865169,0.672566371681416,0.684684684684685,0.566666666666667,0.601851851851852,0.64,0.596153846153846,0.596638655462185,0.588235294117647,0.666666666666667,0.604166666666667,0.705357142857143,0.6,0.528301886792453,0.62,0.48
