"","Buddy_11","Joans_11","Padme_11","Ginger_14","Buddy_17","Ivy_17","Padme_17","Buddy_18","Ginger_18","Ivy_18","Franc_19","Ivy_19","Ginger_2","Ginger_20","Buddy_21","Joans_21","Franc_22","Grogu_22","Henry_22","Joans_22","Marshmallow_22","Franc_24","Ginger_24","Grogu_24","Henry_24","Ivy_24","Marshmallow_24","Henry_25","Ginger_29","Henry_29","Joans_29","Ginger_36","Grogu_36","Henry_36","Joans_36","Franc_37","Grogu_37","Ginger_41","Grogu_41","Joans_41","Ginger_42","Grogu_42","Henry_42","Ivy_42","Buddy_44","Franc_44","Ginger_44","Ivy_44","Joans_44","Marshmallow_44","Buddy_45","Franc_45","Grogu_45","Henry_45","Ivy_45","Joans_45","Marshmallow_45","Buddy_46","Charles_46","Ivy_46","Joans_46","Marshmallow_46","Franc_47","Ginger_47","Ivy_47","Marshmallow_47","Buddy_48","Charles_48","Franc_48","Grogu_48","Henry_48","Ivy_48","Joans_48","Marshmallow_48","Charles_49","Franc_49","Ginger_49","Henry_49","Ivy_49","Joans_49","Marshmallow_49","Padme_5","Buddy_50","Charles_50","Franc_50","Ginger_50","Grogu_50","Ivy_50","Joans_50","Charles_51","Franc_51","Joans_51","Buddy_52","Charles_52","Ginger_52","Grogu_52","Marshmallow_52","Franc_53","Marshmallow_53","Charles_55","Ginger_55","Ivy_55","Buddy_56","Franc_56","Grogu_56","Joans_56","Buddy_57","Joans_57","Ginger_58","Henry_59","Padme_6","Joans_60","Marshmallow_60","Joans_62","Henry_66","Ivy_67","Franc_68","Ginger_7","Padme_7","Charles_9","Franc_9","Grogu_9","Henry_9","Ivy_9"
"Buddy_11",0,0.243928251465927,0.369095830502835,0.436026896286931,0.330252077693906,0.369740584850922,0.566698157852525,0.525981576198579,0.360163187412441,0.403734140195866,0.315953987103409,0.412173596426777,0.381583074051714,0.297026138756587,0.269278698531256,0.4645789227562,0.374615441188755,0.426092957039866,0.396412940379067,0.327192808055618,0.351231130033353,0.381274178085883,0.400142399218434,0.315381398047275,0.304469436024404,0.387167879782905,0.42329510480024,0.326101345352283,0.421700129283705,0.315594966333166,0.268069533309508,0.328738957226521,0.459020399000316,0.383037970492722,0.347590213852209,0.323393195859814,0.431184575531341,0.317945504914769,0.483264024875668,0.388501365670858,0.318954221097222,0.296634294948493,0.373153814491755,0.376715513707979,0.312143473064491,0.347140420074905,0.474235240483292,0.400766624510931,0.413539860968447,0.343441702042985,0.379891222330275,0.353923927483365,0.325059949683385,0.428012697310026,0.392486405956909,0.408884519527557,0.351608015711265,0.348664480205754,0.340556743495576,0.358315422942195,0.401981042696725,0.336840936537324,0.328475559238027,0.40828725109843,0.376329107698758,0.329624125245696,0.247959289626544,0.362954282556145,0.447391099035217,0.431167165241353,0.320137889864117,0.375319078638881,0.31131682974135,0.400771346377211,0.424037012196747,0.429756127044213,0.436078518234586,0.384193560153424,0.349675039675075,0.417896574299588,0.307031454222086,0.299520602699552,0.230327450084983,0.32186907330966,0.450600124150849,0.382545521434438,0.434364036118314,0.435758946826257,0.377833106643826,0.350013714311784,0.351639194045482,0.407190595485933,0.280361158485612,0.320850999802032,0.397303309207572,0.399054671808739,0.290217129599831,0.343658054498017,0.443652686783429,0.269896105505179,0.459121042902628,0.364898979996405,0.319962227027942,0.40936003855123,0.391298323820182,0.358236283981735,0.192975587531293,0.293266983458177,0.460993232469279,0.306624026438905,0.33346034375518,0.361217977601107,0.358324148753585,0.415061976240946,0.298709626203234,0.384699155978313,0.363916368944199,0.435862932326277,0.305105499713469,0.381387752471951,0.453333906942638,0.338715037655549,0.395098848226691,0.38823120404692
"Joans_11",0.243928251465927,0,0.476773009896849,0.457372385892282,0.362577611265301,0.352289409378639,0.572956624868143,0.524266029675443,0.372031478336938,0.440920677578367,0.35352980307664,0.446879322976735,0.35916488481022,0.365592571238214,0.293726106493899,0.389555509120319,0.371115364985818,0.449550586605333,0.382472193437272,0.389895711274866,0.368649967046673,0.402932938257531,0.415064294063698,0.371485589094811,0.328262738613659,0.475507698073106,0.44153686635457,0.354598076881188,0.41321838902669,0.33219192179928,0.284616798382247,0.39589211075204,0.465360296765157,0.391752313103789,0.309187345751254,0.396770216532512,0.429503482272163,0.335595651054221,0.478171385460139,0.345548428626717,0.347301683752974,0.34541433192101,0.431629002337968,0.438390286959295,0.314844694473176,0.426910421819135,0.49761692072821,0.39799551425127,0.332111337015608,0.374239977006498,0.299537612164954,0.371738287052214,0.339533279548696,0.419301385172136,0.463709930385351,0.290512830324559,0.369678676004608,0.312547753803344,0.317462503726958,0.402963815416854,0.322295241929631,0.320888665549413,0.361205627827926,0.42194977116685,0.435035957236022,0.341585281190543,0.278652748355578,0.453864638592735,0.455808990366367,0.425142090012003,0.35102262557299,0.43287212174929,0.306353044050727,0.444128725771592,0.448415982996027,0.414399845968899,0.477749731564779,0.36748011132114,0.384790578567208,0.308678872698635,0.333306360344436,0.341566892677498,0.282278760242945,0.408012811632229,0.421902576676414,0.406391782145944,0.419469209674161,0.440114028358068,0.296156519389994,0.421120075405411,0.38753422380193,0.344533399675054,0.272180822414117,0.441405955625941,0.406099350509709,0.407401886414776,0.354846377101158,0.368298800607118,0.447227024327199,0.38673586687228,0.481024623588717,0.424657860910391,0.293600267684372,0.438107425160293,0.431670260204322,0.286999398851278,0.223433156395069,0.293029554256192,0.467834990678856,0.332012194347852,0.372360755062382,0.310715481301663,0.358390088724296,0.29444019391623,0.340688137107345,0.445364301309577,0.39661736086598,0.410961979544963,0.412431227973581,0.452914083255694,0.457678103504061,0.421502439903255,0.437097200570449,0.439769314410878
"Padme_11",0.369095830502835,0.476773009896849,0,0.457992275850502,0.392723690573604,0.490644390519992,0.548664939270953,0.534988484922232,0.439522200113868,0.41060164028268,0.417250411855244,0.432162588435055,0.4673235421613,0.356935942032259,0.355550660724968,0.522180609189452,0.468874930134577,0.438078642930728,0.384190673582028,0.329002772968316,0.480803908613293,0.447521186358859,0.477795916105602,0.42360311278396,0.367981100849891,0.433105141563846,0.41237183905092,0.369946407185157,0.450100801756993,0.380929427313863,0.443326799186704,0.451097531541411,0.489342883227794,0.360286571016279,0.454610094135218,0.416872115559523,0.439959511985937,0.328812792354131,0.500662204515116,0.47399003342617,0.412154355977674,0.491595405301969,0.454456436064778,0.371773568895545,0.37412115762794,0.380953874466639,0.566014951859799,0.539970741826825,0.531021337832779,0.43979616479582,0.492407003561768,0.51441470866905,0.417208151799422,0.494543365431977,0.404789872127019,0.561769507407975,0.445564074819183,0.482452460919553,0.427895780608608,0.398116887099304,0.504068527907761,0.522745533835134,0.429630037020807,0.499246304014924,0.403769490142052,0.468678913110017,0.3744215885796,0.16513098374259,0.534533167561476,0.540330241418398,0.387737513872394,0.433110877382478,0.401121353098735,0.454267756264645,0.28299682225072,0.501891478310048,0.533495107482434,0.40398348378573,0.394701940069461,0.528152629325243,0.499838771888032,0.343940117142516,0.398758708802101,0.264076564099872,0.560177842057013,0.499195281495589,0.49493590451777,0.557721020419459,0.51700148687268,0.324001146138528,0.498050272410155,0.549874796992391,0.387073130363852,0.238914148470522,0.455882809450138,0.490850804883274,0.4274283806913,0.505459288477707,0.485606546975421,0.266408540707067,0.52175465839055,0.390938258939215,0.437094199956963,0.448460668549914,0.447648000339365,0.489394509650833,0.407090885305532,0.482393854783351,0.509465684407921,0.405751133073824,0.31384891626269,0.489232614093687,0.449498115186845,0.476155861045557,0.393592915735831,0.413635722938634,0.433567458668449,0.546520596637658,0.269634463673088,0.247651291909772,0.509384887489171,0.394893334791977,0.401185998288996,0.465619371817637
"Ginger_14",0.436026896286931,0.457372385892282,0.457992275850502,0,0.421865672032785,0.456536390942169,0.575275874088235,0.536641419857695,0.430941658565789,0.482087246334554,0.40407780343607,0.502976607442297,0.428807894539724,0.426666916715465,0.446716186532624,0.492689616580182,0.400361889836672,0.416345992457246,0.377499754356576,0.460225235602435,0.498754816999429,0.466047136151514,0.350265267663632,0.435397255268567,0.383022430719645,0.45256579203851,0.37514141308977,0.455600306586986,0.286671751865432,0.443228008929472,0.501755509627986,0.289575701457576,0.515365707876069,0.347541087394773,0.472950847332666,0.422668239315696,0.412954037509449,0.391084528852939,0.503912640412199,0.382653179034237,0.409778235073918,0.419215970772623,0.304228716795935,0.486837336005594,0.513304247214783,0.438494511126276,0.349906000902031,0.436886832771458,0.457943648667216,0.402878574491728,0.502614267650873,0.404836112093044,0.431728488295218,0.390244624317798,0.421947378763355,0.500541949804225,0.457638722881934,0.497052717874892,0.428018386399809,0.346016028596792,0.441345719011867,0.476133342304746,0.405730051407445,0.363774000579159,0.493959187433605,0.436477518923147,0.441759657074014,0.49236888596072,0.492120321682751,0.521608071155916,0.382693864169351,0.454070520830652,0.438520417423706,0.349796465128742,0.528184099972017,0.438962871476293,0.30582333279062,0.365609066797668,0.458695920141231,0.515579879837376,0.431282677649862,0.468951628714491,0.453892962301399,0.420491076197527,0.446262302839654,0.352798984952274,0.495000448245637,0.456629583539943,0.48977275368726,0.448498394669306,0.417947104157258,0.53591981558628,0.471670799070763,0.456301819970472,0.316527503451735,0.49471182259259,0.498657944102296,0.50165517670934,0.491634990293547,0.471324040625906,0.340357025394406,0.47162549916339,0.446322216283772,0.453673501215568,0.466034226436803,0.469493895626622,0.444493526771926,0.423475970525421,0.297320044346313,0.423147054564366,0.533871350632541,0.441200276416444,0.440181020984475,0.425165640999187,0.420666296638476,0.396004072893242,0.408682916572207,0.357516120228703,0.450203479697155,0.484244782007894,0.39823852341861,0.41687559399659,0.432374988537062,0.356505133121205
"Buddy_17",0.330252077693906,0.362577611265301,0.392723690573604,0.421865672032785,0,0.381988338153154,0.545165346922143,0.489436080556233,0.425230413930723,0.373440967709941,0.323015873807602,0.40222727171808,0.36250899006182,0.386451784809987,0.328937563187269,0.491783195550181,0.391805207085273,0.374401883286306,0.344894383107207,0.322559649910559,0.466068278408735,0.412321917268046,0.422621942925378,0.409122494879887,0.389326230723608,0.444938750311503,0.367074118236379,0.398896147489221,0.427276255041159,0.346173898098362,0.311681055783024,0.410604741478896,0.468637346907071,0.382412872045302,0.473477278232838,0.356877393390289,0.399738860521492,0.34540963196482,0.479660628185767,0.442445056573778,0.387936494952568,0.426433240432608,0.38430468823976,0.393639685515738,0.352136313726597,0.369148842044109,0.501740449199408,0.471167400618277,0.481825466700117,0.418692480511721,0.49415171954823,0.420370318412917,0.405917413418399,0.428628970783791,0.390629729274684,0.486241725772687,0.395178554559181,0.430397575347338,0.35136982199874,0.415324619970686,0.428587454586325,0.400609046031026,0.354999412524518,0.428744546815771,0.350391508883358,0.398528340909693,0.355253335327923,0.370058815517642,0.472658791875433,0.483670854486568,0.435721167083112,0.363853752761354,0.312256822142092,0.425986260391527,0.385390438023447,0.433397567317179,0.459981015088596,0.420665021810509,0.324718392705756,0.456877860947682,0.417891795893443,0.382568167701579,0.335270548475255,0.362411261999759,0.471754840979121,0.468110585111413,0.457853424728129,0.496343726103581,0.46862647961096,0.428658479997571,0.421744168172935,0.488346743494079,0.288519203527145,0.377390001858345,0.427654624803572,0.446180989026979,0.414713161643389,0.492127651008833,0.406511258169052,0.361466859596273,0.470034882336424,0.359401069786246,0.359307713976172,0.400122533467498,0.40691167904495,0.429006573974206,0.350911056508621,0.381364692574606,0.457401467018596,0.463162801591965,0.397956927976596,0.423528561025694,0.40602097724931,0.441223351426386,0.364970226735557,0.363981756034632,0.369132315765989,0.381971478163142,0.326999361886614,0.36325362179876,0.434377919856028,0.350165382524453,0.380585446828814,0.384266057095245
"Ivy_17",0.369740584850922,0.352289409378639,0.490644390519992,0.456536390942169,0.381988338153154,0,0.624473240053003,0.604092959311181,0.500280597998875,0.417016001484459,0.281154946819145,0.441172270358349,0.448566231799445,0.455699767908937,0.42685427818109,0.47943208847306,0.315509917483879,0.468600829509609,0.341592887792551,0.364128615729307,0.42471163450799,0.26452786249848,0.45237427463978,0.398534880875899,0.44459653822025,0.397408859753202,0.456720513351621,0.440546334017664,0.441208744951258,0.414372831239923,0.378025430385324,0.433130807290462,0.529008167116622,0.378153767014291,0.463779955185824,0.240769516373455,0.48303989556962,0.418882408211583,0.531314047600258,0.448185083617075,0.381620644909167,0.352801308739642,0.394973094635885,0.370824716035394,0.387989986875374,0.399641867700701,0.4593840816683,0.29144267203656,0.414362023284064,0.393944400798726,0.466051190952099,0.247299055255392,0.388005358903529,0.445556076718246,0.352248607657077,0.426436959616776,0.424346763790772,0.318581258050952,0.305577778655554,0.446131127522503,0.424694126002598,0.422279658129815,0.265196225190436,0.475039187299082,0.39847204185102,0.381909910883347,0.409068990436278,0.493809150288264,0.297120761074166,0.519514088525014,0.454453260416168,0.377530410159268,0.441063239351591,0.451506607813735,0.479447462421864,0.356145608663534,0.429035414777907,0.367347760210971,0.349972539257271,0.418762069696885,0.380109517021908,0.374921595995195,0.391760721446695,0.427073151198438,0.329287475399616,0.458233063514406,0.520651318329085,0.329287807271042,0.391347864130848,0.45916199469925,0.295488514131242,0.420782464415737,0.351843715569332,0.455343872932194,0.453571258523295,0.483518036820003,0.38997395702131,0.373808612614351,0.497511278642008,0.443809900087403,0.4919429171644,0.356017526705737,0.355888351679802,0.336856094290849,0.457551736009641,0.387346305687881,0.395774310522435,0.348805693605624,0.46671518219971,0.422363445884281,0.415326759992896,0.394938281889005,0.359830930322264,0.45235532624961,0.433184355875607,0.313089872866632,0.28514092624317,0.455607459759308,0.426995919958228,0.480566427008074,0.500422958359815,0.322574672627583,0.496860645031214,0.370922676866479
"Padme_17",0.566698157852525,0.572956624868143,0.548664939270953,0.575275874088235,0.545165346922143,0.624473240053003,0,0.482445939053607,0.480278908699489,0.551635001619061,0.595166703845419,0.535740666494229,0.533474095062469,0.509602133577506,0.537143370994017,0.595555101908693,0.652432490357522,0.56813909332354,0.560125993938806,0.601415643772035,0.58467896724697,0.616316267598391,0.557853223754758,0.648496356317428,0.534218369939193,0.630727962438499,0.606270468698519,0.544740902422455,0.500912042284947,0.488350269844218,0.586646749079402,0.522675402318167,0.652056030664773,0.619151128944325,0.614526112212812,0.628764248743426,0.642376288852818,0.470913035732879,0.624197476913581,0.623800496493134,0.56618058840906,0.619064188693075,0.580015670474207,0.535102726253455,0.631070991533761,0.575523709820033,0.627789796088362,0.680445143172528,0.690752310052396,0.619781849390568,0.647580614547365,0.667643230940987,0.586810317304872,0.539336345440458,0.591550199684891,0.680233406753657,0.593213514803692,0.706729596657771,0.607858002217273,0.536968055225909,0.670316327518349,0.561633470552492,0.600148910132941,0.570433765136562,0.544491564546611,0.623618198041165,0.586390849348804,0.559491448584532,0.722817347933856,0.654617323250502,0.499961625772798,0.524314369311871,0.551697480370921,0.678565714001375,0.503242050159593,0.693130978425934,0.635595668203869,0.603979856904467,0.531547431660701,0.63991393290066,0.568987141566141,0.537570062131369,0.579908629304246,0.539750681694467,0.702055923937853,0.536575010106878,0.605767477714053,0.672830036488246,0.687544451263809,0.580897950377261,0.628975938091449,0.702430960114818,0.613596168090111,0.559489412248605,0.559042144389489,0.664141747475041,0.562258859827792,0.633284744502278,0.571048499465607,0.550388884964626,0.664856364619353,0.545041112712585,0.551435727350398,0.615900665910635,0.572819230023974,0.621892777332084,0.552452720303461,0.594166613260528,0.650006517625849,0.555080808810027,0.531856246331858,0.596969819322206,0.6481754295474,0.559198253652661,0.552098931432743,0.612170075589816,0.630506748836572,0.598023951612033,0.518616914253388,0.475534605435997,0.645449075509872,0.599868577769256,0.437745944730992,0.614250068363734
"Buddy_18",0.525981576198579,0.524266029675443,0.534988484922232,0.536641419857695,0.489436080556233,0.604092959311181,0.482445939053607,0,0.45406642850535,0.510884374344624,0.576931857406292,0.513078335229619,0.44165122135076,0.52226067750504,0.477086992181099,0.433270927781217,0.624995921931362,0.519603429329822,0.552831806436309,0.58874764618066,0.579858951426209,0.617793975878382,0.5377959224155,0.580009485453194,0.510759379292182,0.60890973035617,0.563128000345512,0.569615119551202,0.489243875769573,0.512146330572151,0.560883945123712,0.524350486449287,0.574745956666702,0.611299062621758,0.534603207783312,0.620134039067603,0.590640511908771,0.483169013541188,0.594026831930577,0.554106240058111,0.571914182319379,0.582727299566585,0.546853754712415,0.501969675383125,0.598891488964903,0.534018739400783,0.605704242630738,0.640457433346022,0.632781166137509,0.591131996759393,0.568316335287259,0.637638084585322,0.568482009150889,0.542843973468971,0.566566072104362,0.61012637839423,0.577641194219316,0.653293511967333,0.601426096421285,0.496859441388319,0.610433889444131,0.474406084145324,0.59129301791472,0.509981786873818,0.498484451772123,0.558430460751226,0.507152077005794,0.551871982377726,0.685360788152972,0.609974275948692,0.515992520316425,0.489558677977442,0.495715427046743,0.618597449112498,0.479651666020626,0.670037551586013,0.601207404570207,0.581138526613065,0.52624550443266,0.583756550029358,0.474491989704254,0.561266735866409,0.574704741856573,0.545923271606718,0.649938230847062,0.49302650201381,0.582915702705782,0.651524031114138,0.638379159031046,0.609200207652232,0.605152086483147,0.661934686459464,0.585172091951483,0.555582618836333,0.490471289029403,0.602606678650663,0.538544245483597,0.58132466276436,0.542452920883474,0.542688690440992,0.633547625961391,0.527338488923732,0.568315309409034,0.604308328892261,0.556855057864092,0.583597580788103,0.468819358069772,0.560661824110639,0.599343900785213,0.530174154455837,0.53544427671091,0.574229532452833,0.59808849882734,0.488908382077741,0.533344803025774,0.595463004377263,0.579708333046284,0.529029012575322,0.549620913651376,0.47157515917046,0.555445759165658,0.600152586971609,0.477673325673415,0.599543134262688
"Ginger_18",0.360163187412441,0.372031478336938,0.439522200113868,0.430941658565789,0.425230413930723,0.500280597998875,0.480278908699489,0.45406642850535,0,0.428325716906027,0.49723337608897,0.394561243171377,0.384632560418889,0.285087264744673,0.358300630837308,0.488134348189213,0.559251111638208,0.505096096910322,0.413524495827319,0.451156527721567,0.448215768272833,0.531222630350294,0.402041976109451,0.487295521708267,0.326900979745459,0.498096301586948,0.4928484082356,0.34890273970841,0.366938798525083,0.303152395649496,0.470907295018993,0.331577171606667,0.500563150022955,0.443518372930888,0.441711697622505,0.524856636868098,0.48893148906339,0.320874755224653,0.522983168504459,0.485384390005843,0.339175675618362,0.488671173959378,0.404345534013601,0.442410950548184,0.484872281481891,0.444678229417908,0.458281161409593,0.550209398553296,0.469272016714073,0.461263085193619,0.431931264662946,0.540117433035822,0.421542751750669,0.381638843731563,0.504864530366248,0.520470582702858,0.429203612562973,0.48767612963479,0.481091501572229,0.418808119167357,0.461449278224445,0.418363657963952,0.516543613597294,0.423508040073485,0.412856118909751,0.461599618378217,0.388393492051486,0.462615628202171,0.586868058913605,0.507402383158234,0.326288775290246,0.435356298863994,0.382921532682292,0.48028015355081,0.427257393637844,0.562307597352417,0.499683453863309,0.416445260726251,0.457778031325885,0.475600494596173,0.398079422295521,0.362666308217028,0.440307772096075,0.387264765666317,0.531772059932027,0.366019358541414,0.503623601779942,0.502824087068743,0.45696438286837,0.419970032780846,0.480631216542789,0.488085120373663,0.450811433221973,0.428263083486708,0.415204527392969,0.493594873912008,0.401725631807019,0.462269456139362,0.473957763909736,0.366437362120378,0.47689147970111,0.454067712770449,0.423506083259691,0.51398582519589,0.417468076240694,0.457654660123658,0.368692252695799,0.486372366229218,0.484995081774448,0.276393694070281,0.400319303298745,0.430273248781878,0.488647523637116,0.39999372389424,0.298231204938669,0.503337511086412,0.530728368624976,0.447366244684293,0.429574317081191,0.403870561916538,0.552901759583781,0.501485278111331,0.359904412123957,0.518264402368678
"Ivy_18",0.403734140195866,0.440920677578367,0.41060164028268,0.482087246334554,0.373440967709941,0.417016001484459,0.551635001619061,0.510884374344624,0.428325716906027,0,0.408159939998454,0.106086225079457,0.508415025703532,0.335559224819916,0.446851347740097,0.538498458722708,0.445816197285339,0.498720828036073,0.398051227411092,0.418435394418478,0.46715932049578,0.360700407223089,0.444046433288457,0.45976740087327,0.359088502692413,0.256514484075917,0.445538448881184,0.403719104742102,0.474204590759034,0.344029479693566,0.440736773068667,0.354564603443298,0.608832287243296,0.426453326834482,0.540341002720666,0.32909708229474,0.534408136620265,0.345358852171225,0.584075281858116,0.541310820382433,0.414130745108685,0.500132453024134,0.437439384096351,0.162122415075442,0.4316298454764,0.273695077012343,0.549640988353132,0.491831465842279,0.584160359927785,0.502288426050825,0.584736110648954,0.492744356132607,0.476178223784974,0.46274501457472,0.302920898035517,0.580369511215759,0.503182362220005,0.499784610641937,0.499768071382732,0.387161072572484,0.553115769310291,0.492027246548114,0.418923854241676,0.44208145659201,0.309058975152016,0.445830176398417,0.448048197890236,0.453098083747214,0.478658499784352,0.590033483402942,0.388643381765632,0.224735010442081,0.381983226844495,0.547991189623145,0.463111101964255,0.515739964392584,0.515944476475565,0.461268928668959,0.263775865192821,0.560695797836023,0.463660216260266,0.420902790550758,0.391383737089073,0.43802148639669,0.515785771339244,0.439653924801602,0.523747479320847,0.505672955336532,0.547575269940539,0.427518714509267,0.442290869468176,0.583846822192681,0.404396076901495,0.407484340553795,0.464292350274215,0.560387584430357,0.40186661191003,0.477601565575165,0.545676985096972,0.334429237601425,0.463974634645396,0.233086451852197,0.474132724405036,0.298968986145837,0.516034723752841,0.51306586270594,0.410958582275745,0.533092374193581,0.501843405168779,0.448372050391451,0.4004237856392,0.532063571341524,0.497450238770762,0.551075165901834,0.367277170433504,0.309050195677,0.374135784670736,0.430394568660855,0.415995235468782,0.383599701874189,0.557471153908655,0.344682048395711,0.341939161592891,0.43915442264099
"Franc_19",0.315953987103409,0.35352980307664,0.417250411855244,0.40407780343607,0.323015873807602,0.281154946819145,0.595166703845419,0.576931857406292,0.49723337608897,0.408159939998454,0,0.414968967717229,0.399844542989323,0.435436783403155,0.390657249385841,0.532634039950414,0.24056248310679,0.363008621088379,0.348579255263825,0.373088851849819,0.389167588841063,0.305258994252561,0.389355887422058,0.375629603191792,0.37601686026468,0.395629763762164,0.404144614571391,0.397394947042157,0.381767504897822,0.377135001248384,0.366085028625447,0.377191870602803,0.496082517892,0.35224816765828,0.423887064197652,0.211595705846616,0.427542300701076,0.384044129385448,0.475497788334054,0.439980853429897,0.421993915981822,0.340529715927757,0.38459843379476,0.368659147037925,0.313463845435613,0.37978359534979,0.432592507306235,0.350679419232541,0.465312557871425,0.396906973267264,0.480954523748508,0.293908728119778,0.350972707770859,0.399525752624444,0.311468445420556,0.430916922286669,0.366396145777038,0.338366220201093,0.2771865993442,0.358563367933266,0.416347264458906,0.427098469664736,0.14062970131042,0.449793780613156,0.370251394824759,0.381788327048518,0.37023017646122,0.424871062993406,0.359016465327491,0.459171316965335,0.373641062255768,0.405816590777852,0.421202930351533,0.445018727852397,0.491167441557395,0.336228699052921,0.394443153718537,0.364115474670338,0.314200813256739,0.435878739499071,0.40571665107011,0.404424464389929,0.327349680596391,0.380647915161818,0.370654835858713,0.429609551423826,0.441798172332082,0.39358147382282,0.398566748864839,0.439022287775511,0.31099635162168,0.458778401499631,0.269095320578694,0.383419801400594,0.358669350970107,0.439372008052817,0.405336701305469,0.345821397562488,0.422817992337186,0.360017405014876,0.465120851836076,0.358730933086016,0.356247125340121,0.353722450995687,0.386883742145215,0.348021881064712,0.32917872621106,0.282985906785965,0.435747342276299,0.421252868693061,0.426868355049643,0.38648285322842,0.381665128261669,0.466800797336511,0.381628164792428,0.27829999263312,0.247642138442882,0.467128258182778,0.355097740922185,0.457030278427761,0.464919617985277,0.259687959637831,0.439077798078528,0.329483282434018
"Ivy_19",0.412173596426777,0.446879322976735,0.432162588435055,0.502976607442297,0.40222727171808,0.441172270358349,0.535740666494229,0.513078335229619,0.394561243171377,0.106086225079457,0.414968967717229,0,0.505056687573006,0.334712048571044,0.429629598979985,0.536431316753772,0.466883490418144,0.498206970093679,0.42975795022106,0.438023860917401,0.446670616627845,0.386405454234604,0.454433569133577,0.486514158271448,0.369801937692934,0.272240483391343,0.435601306822072,0.394999172470059,0.46198763046117,0.337878164431965,0.462352282159226,0.371014709827818,0.592578649843202,0.447933433139644,0.522166449137282,0.365760086797959,0.517309320752827,0.364119847909444,0.565690939897414,0.553736632028039,0.423401488462105,0.508354796413491,0.439226947266831,0.167819256296818,0.435791917121754,0.29445859659569,0.545339225131087,0.500266730967829,0.584289813157144,0.50782145518263,0.589628462695297,0.50233092966024,0.474714950166153,0.446522016515609,0.303162966658978,0.578308332239463,0.470268753762815,0.502600368939606,0.475403592626873,0.376150993649294,0.557992339654911,0.492101767564778,0.439840875303679,0.485112461826924,0.296425589916988,0.477090091529082,0.429207815629719,0.473457182122541,0.499744839638949,0.572591317999008,0.387050445476592,0.224325281222784,0.410943269802579,0.568929949934527,0.472739848419718,0.518898009334285,0.526779949012719,0.498340052562459,0.243290093899992,0.570760731706491,0.475893235015446,0.410314460496551,0.401497037752052,0.439514758582911,0.525926966782394,0.444757465036282,0.502924352488983,0.495940177862255,0.543508533312022,0.421477404723679,0.436381466630681,0.594630590698305,0.430187796291866,0.421112521641125,0.484807493185105,0.542317978542905,0.409858088373686,0.473938822682337,0.529491862283133,0.34186299879063,0.481244508014116,0.231820645954101,0.485994563036376,0.286594972391399,0.477745896192094,0.513519083014822,0.414112905250994,0.519928044197581,0.503513755293049,0.438735373647707,0.429831007416956,0.528762946683667,0.513001450410991,0.549223907089407,0.365293117668891,0.305820453569371,0.391236142094019,0.465917792658487,0.417183650317313,0.408060910345786,0.573655745936004,0.356539795268691,0.338572818875258,0.448536072142234
"Ginger_2",0.381583074051714,0.35916488481022,0.4673235421613,0.428807894539724,0.36250899006182,0.448566231799445,0.533474095062469,0.44165122135076,0.384632560418889,0.508415025703532,0.399844542989323,0.505056687573006,0,0.455574972049377,0.385366848774206,0.510836950578463,0.471878155671166,0.378110579883617,0.404129453986987,0.426417026382049,0.420537330055726,0.488730067127798,0.46466179640255,0.42511666472185,0.4375328525428,0.577983271197904,0.487489713531161,0.452352493475412,0.408934373449666,0.420810301564877,0.387392966820655,0.488296691602291,0.381533091980939,0.449534065040143,0.443576786892474,0.462650721645682,0.417016881406158,0.362591217495524,0.382207724765356,0.472807735275018,0.425007956956641,0.347006989899028,0.506750018138342,0.472392588151856,0.439343112347275,0.503244581965927,0.483243451465598,0.511856329218985,0.502785403702184,0.461637365649289,0.40930358533737,0.464792603505702,0.427892189283963,0.459240720338289,0.485844909503218,0.40437041276846,0.376881739558979,0.466358252867419,0.403576113429658,0.483050969243852,0.420417681170003,0.316959438785182,0.429332171361577,0.489870492011949,0.478327931324149,0.375647754535919,0.388359259157392,0.447376635447336,0.563993574862669,0.418424597127315,0.429466277542512,0.510203767363663,0.444801755951647,0.426416853650649,0.442303803526196,0.535961905955032,0.483323361999556,0.423767650183744,0.421731916701883,0.475850105411779,0.377420164508053,0.45816433600322,0.437680241985168,0.47867085169694,0.514094318041805,0.462465780977251,0.473716962801257,0.561728489551492,0.465536044505745,0.533828176601982,0.502467946998339,0.507007852624258,0.418555315622547,0.486386283621876,0.421274549557406,0.408840511619939,0.436767919969488,0.454362398604265,0.365015695104325,0.456370492219984,0.570230114856738,0.484305594943366,0.40889184854779,0.523290937682393,0.365005376140449,0.382544951338984,0.321088726077933,0.281831421160777,0.511637785051708,0.471978820530083,0.426950845841444,0.422358518208936,0.385145219035317,0.377841092325856,0.413892260179371,0.449715171573408,0.438256967433848,0.480802256442669,0.394261644571298,0.409087640024669,0.493773600042333,0.459351686698157,0.478480266926957,0.478532141971192
"Ginger_20",0.297026138756587,0.365592571238214,0.356935942032259,0.426666916715465,0.386451784809987,0.455699767908937,0.509602133577506,0.52226067750504,0.285087264744673,0.335559224819916,0.435436783403155,0.334712048571044,0.455574972049377,0,0.339434169119397,0.495147742116218,0.462700430229587,0.464855242542099,0.322362561218619,0.388598606536691,0.383789923429815,0.42461956013517,0.376857794848605,0.373807726480797,0.219962026557681,0.373276683573865,0.428436955998453,0.244822206477608,0.380137524373307,0.208201181653854,0.432787933014892,0.277083636271871,0.503518143073137,0.305609796386467,0.458560276712674,0.415807061532353,0.442205604616934,0.233360477210218,0.498353548856759,0.456359523803981,0.252063886474147,0.417886538362099,0.3625380587849,0.353655593962867,0.423481078920293,0.347966454046695,0.447520144956967,0.48840228963048,0.484596769772875,0.376277292338434,0.465568210165267,0.475044312140949,0.372965839504867,0.388317700564191,0.35813311860212,0.532020100887768,0.379586236403155,0.451820131843116,0.441022077676563,0.353012842234615,0.507763097359369,0.405348922375505,0.413569203013868,0.38322910788282,0.338233271334984,0.371571624706474,0.375817081154419,0.38972014474058,0.508839616393273,0.499179194747623,0.236767110771786,0.328825423173632,0.335253796355,0.431183914363418,0.434064638317922,0.481786953579956,0.442611866391834,0.361051931950578,0.371902145499383,0.484028947055471,0.384214046625399,0.281612820040159,0.308549168187375,0.344511073481939,0.501657173409841,0.351210847068147,0.442470255234046,0.481540037956479,0.499477158143168,0.35203020168946,0.449869935155668,0.498604422246971,0.386311518487781,0.348935778711684,0.384847956926631,0.451199445954653,0.328609571834443,0.441115487358169,0.487279528532417,0.270524092988697,0.428822795714324,0.324770706672902,0.365922461991432,0.432534273089943,0.420776711265978,0.447592715158806,0.357025146924744,0.455584234193568,0.441883990384938,0.275005561555847,0.370806350233943,0.433866911664208,0.43588748571846,0.433957274573417,0.234693247720688,0.389133405937913,0.443267956370225,0.387812498712952,0.364295378043662,0.360720695054244,0.484022580715298,0.372912898061061,0.29850137937925,0.425748559112049
"Buddy_21",0.269278698531256,0.293726106493899,0.355550660724968,0.446716186532624,0.328937563187269,0.42685427818109,0.537143370994017,0.477086992181099,0.358300630837308,0.446851347740097,0.390657249385841,0.429629598979985,0.385366848774206,0.339434169119397,0,0.453660341494805,0.433817881992563,0.383792359851751,0.352639025353154,0.325047374915322,0.364923330744783,0.411262949778554,0.391496808887258,0.356897610677476,0.355983944790276,0.471918734517349,0.355670266443319,0.362115958695637,0.407884765120714,0.335415177360963,0.28700652138109,0.410603661501855,0.41232301565117,0.389036070084796,0.369841143320595,0.39506322298043,0.378733278097746,0.294444666817787,0.408668994620522,0.384756404342004,0.361243098743356,0.376288693526105,0.38614643554184,0.396340941530508,0.301662722258478,0.387482353120502,0.487300349523209,0.471309970262655,0.394152964363702,0.367377353391156,0.397330822967072,0.454687375759959,0.348721087593617,0.411202200417706,0.421414726530743,0.382797025749439,0.328647965682549,0.352004069902172,0.363481202546638,0.380276209824049,0.379237764688604,0.358376090569211,0.408595440432915,0.453169201796167,0.371247301687425,0.381324598896408,0.292706776011587,0.362431338706764,0.485508457451641,0.396979054357143,0.356627862569931,0.396318112370036,0.302410746717356,0.417044086825512,0.373286679154228,0.436838626021692,0.499053863014581,0.375574634907526,0.364776229202913,0.401785330201401,0.355584237088733,0.371712023588657,0.335208346664547,0.371645592152794,0.455893686606487,0.409377777720516,0.384588324893726,0.450571388923956,0.37960939741022,0.401782999129027,0.420687422701856,0.396059703413877,0.307355164358512,0.340133408942901,0.43922207241013,0.364503513153145,0.335809375927492,0.395665960522799,0.367890408384598,0.342550183871657,0.484331934718,0.382287112922837,0.294916245954745,0.420573325012092,0.354596601784598,0.357903511726479,0.265253535190309,0.382458370528685,0.445812857951927,0.374134018031935,0.336672416688318,0.363517565562052,0.367810145785443,0.36803198943664,0.376488221229091,0.458061130954253,0.405797819359652,0.454035987627885,0.356014394776702,0.366881288690758,0.463398852726285,0.396402088316741,0.391801460957455,0.412210703499443
"Joans_21",0.4645789227562,0.389555509120319,0.522180609189452,0.492689616580182,0.491783195550181,0.47943208847306,0.595555101908693,0.433270927781217,0.488134348189213,0.538498458722708,0.532634039950414,0.536431316753772,0.510836950578463,0.495147742116218,0.453660341494805,0,0.478099870805766,0.577508220732345,0.533581501186725,0.548172069601126,0.604575020386694,0.498855166528497,0.57334727589071,0.53667749792023,0.483528133276807,0.563577420959874,0.54922183252674,0.541702570120673,0.537842901964175,0.508635602693469,0.536788190223805,0.503412189288735,0.628992272774722,0.536331124146841,0.444192938023622,0.563367442492898,0.587370537303069,0.478347795942185,0.615910906578348,0.390551618717423,0.534346530369752,0.57494496347835,0.546796275550412,0.560207960018425,0.510679308655345,0.499617840981875,0.633731201126179,0.478591410360065,0.456024178206159,0.510073511944022,0.446932384034285,0.466321009901751,0.514906740972969,0.569279255886234,0.586480899305382,0.517735597802708,0.593344942809844,0.488369677593139,0.452717213860046,0.550722056875814,0.495728039465224,0.505548507914453,0.524594239569885,0.511885070254721,0.550516137957826,0.554940049778129,0.43910512171601,0.558676713201451,0.528398559438612,0.644469475070594,0.489384390359693,0.533163811413469,0.4038666536382,0.587498976717966,0.476940205894371,0.536334803832528,0.608954161667471,0.537971005155861,0.551984221462796,0.499674722713237,0.492966651349142,0.490070904027205,0.471127641921437,0.51374842993264,0.544555586885219,0.521473662225528,0.602074908846214,0.52886083137815,0.53875606958769,0.492987211856589,0.505942825482095,0.516756597385642,0.469548317741044,0.541752953752589,0.535397873762862,0.624439016449588,0.545771406584116,0.504930627771038,0.595539273011234,0.501714905248375,0.584088037817,0.528544885107442,0.438348940588437,0.594229156780013,0.581074433484862,0.524484673764309,0.461589262174267,0.534413291733535,0.572937001187322,0.491873381867936,0.520175028048735,0.513082564623912,0.531684398760611,0.38429801779152,0.525504154784422,0.598589070997194,0.514161725775626,0.499774107822197,0.557138142839516,0.488902493630919,0.566371315917898,0.590421668335742,0.465657428537427,0.600318832653982
"Franc_22",0.374615441188755,0.371115364985818,0.468874930134577,0.400361889836672,0.391805207085273,0.315509917483879,0.652432490357522,0.624995921931362,0.559251111638208,0.445816197285339,0.24056248310679,0.466883490418144,0.471878155671166,0.462700430229587,0.433817881992563,0.478099870805766,0,0.43364657143309,0.377666888824193,0.401443475198021,0.464835284421618,0.2990010227901,0.435551127340883,0.379506891423567,0.435380177376465,0.393557450369116,0.394285047985509,0.45655038038575,0.459928573870832,0.450774164944832,0.407263664982534,0.430631582795039,0.543928098833373,0.318622555704138,0.440096881988383,0.290091067180383,0.446987543585707,0.429880812406892,0.517114066814367,0.349641906709034,0.464532105555635,0.408270860873611,0.401657640984722,0.434326941067078,0.359842618750299,0.406913963042913,0.495449038565541,0.274951786604863,0.409647335062366,0.384381664955016,0.471883261833248,0.226604683694677,0.401952222629357,0.47595128276587,0.338474628475911,0.393585641384821,0.446918794526021,0.314406549098719,0.27625829107267,0.400904125375631,0.406874295987646,0.487445979030291,0.237427859994644,0.471403789150133,0.442245825731728,0.429331268565225,0.406637597616973,0.482198256312565,0.289080006623363,0.509247646348184,0.444555527441516,0.420453681738798,0.407594710199045,0.416258756515471,0.532683113963641,0.255648471116173,0.420653578230484,0.385542340294116,0.404833987549288,0.446931840566278,0.448071586935167,0.427640973781169,0.350253299487281,0.4147404840382,0.358891496161277,0.496268823687671,0.482777955624849,0.342091734710504,0.392439994037958,0.432677957147606,0.316185937214792,0.405357304244424,0.344111138125556,0.428930031201026,0.431099675818345,0.489565333749911,0.4584095779464,0.362538052407914,0.489510966848257,0.438447827730082,0.426176590137491,0.408481173368797,0.328964037833365,0.38046941024807,0.471873412184271,0.396885290556252,0.398200500781072,0.376429321723345,0.411951162237324,0.442289005694736,0.461279701642764,0.41915045902493,0.369638632203491,0.436750630721832,0.470786723420446,0.330453551445824,0.238090994150098,0.449312807358541,0.4423953729036,0.497174774408977,0.460371588305453,0.349745194308237,0.503037644938538,0.365981222830531
