"","Ginger_2","Padme_5","Padme_6","Ginger_7","Padme_7","Charles_9","Franc_9","Grogu_9","Henry_9","Ivy_9","Buddy_11","Joans_11","Padme_11","Ginger_14","Buddy_17","Ivy_17","Padme_17","Buddy_18","Ginger_18","Ivy_18","Franc_19","Ivy_19","Ginger_20","Buddy_21","Joans_21","Franc_22","Grogu_22","Henry_22","Joans_22","Marshmallow_22","Franc_24","Ginger_24","Henry_24","Ivy_24","Marshmallow_24","Henry_25","Ginger_29","Henry_29","Joans_29","Ginger_36","Grogu_36","Henry_36","Franc_37","Grogu_37","Grogu_41","Joans_41","Ginger_42","Grogu_42","Henry_42","Ivy_42","Buddy_44","Franc_44","Ginger_44","Ivy_44","Joans_44","Marshmallow_44","Buddy_45","Franc_45","Grogu_45","Henry_45","Ivy_45","Joans_45","Marshmallow_45","Buddy_46","Charles_46","Ivy_46","Joans_46","Marshmallow_46","Franc_47","Ginger_47","Ivy_47","Marshmallow_47","Buddy_48","Charles_48","Franc_48","Grogu_48","Ivy_48","Joans_48","Marshmallow_48","Charles_49","Franc_49","Ginger_49","Henry_49","Ivy_49","Joans_49","Marshmallow_49","Buddy_50","Charles_50","Franc_50","Ginger_50","Grogu_50","Ivy_50","Joans_50","Charles_51","Franc_51","Joans_51","Buddy_52","Charles_52","Ginger_52","Grogu_52","Marshmallow_52","Franc_53","Marshmallow_53","Charles_55","Ginger_55","Ivy_55","Buddy_56","Franc_56","Grogu_56","Joans_56","Buddy_57","Joans_57","Ginger_58","Henry_59","Joans_60","Marshmallow_60","Joans_62","Henry_66","Ivy_67","Franc_68"
"Ginger_2",0,0.230788354488137,0.249056428735201,0.146409938149716,0.196065687204572,0.264696690462336,0.112357780192761,0.558024978537856,0.325175091046905,0.347721222893472,0.417073187285773,0.394253798820766,0.503361306936448,0.575835531679924,0.503020291325914,0.512198200178623,0.179172389588293,0.232000489657252,0.541127836375131,0.54012597498625,0.534642003879974,0.558630447885947,0.575136464207959,0.491563960782099,0.419007976013383,0.586928741698392,0.179772026982086,0.497624150618752,0.484599118125871,0.421535756358608,0.556317929833044,0.58826073628493,0.483319499020691,0.582145752063312,0.262038856576571,0.364340335059116,0.589146106347963,0.498304001240574,0.398286615957474,0.536064110464661,0.171243279017939,0.56847456579589,0.595035930059329,0.195182118058149,0.182663412617538,0.466932000266846,0.371612002753464,0.252051690631032,0.570139681470851,0.575561178397628,0.381372648962749,0.469251495222362,0.582970710698861,0.561989774693431,0.439616796695447,0.336518334750943,0.441977926415155,0.553129719160551,0.442614651586047,0.583707046787259,0.480663823153645,0.462927796291105,0.219137855040421,0.399543731741814,0.480046590124174,0.58553749032633,0.479045342778777,0.291677851744536,0.579530110517959,0.514716652011886,0.549361472469308,0.219442797154898,0.235722578626076,0.499667325215729,0.579154417648736,0.184325061569957,0.587780742566389,0.514167582314467,0.343982331822458,0.232364254853301,0.57863160756342,0.596610786901924,0.577932199573045,0.5487745171873,0.509255808515624,0.326369172014531,0.233404733878645,0.507206084813479,0.577649372875042,0.591549543749057,0.248735574112723,0.580500095607224,0.531244692788788,0.544600073840468,0.581249607715293,0.529481722542199,0.39792872774063,0.583404874009279,0.589787594165995,0.196742967772499,0.401075493563667,0.591913694563605,0.183245273446423,0.579590582572992,0.590756014578085,0.590418357750142,0.161050397337843,0.593901179467525,0.180035189443775,0.531126144951804,0.35550236151652,0.171267240079541,0.59765535467855,0.561567296854129,0.497527960634733,0.218638669185205,0.556526849464587,0.568958264282355,0.442613213060289,0.463404434434717
"Padme_5",0.230788354488137,0,0.0710858511190429,0.121935338698234,0.0956388307091081,0.187703180534098,0.199493374894237,0.359166531081383,0.172989786254969,0.194220844857452,0.219461987157008,0.243891963539258,0.397211449797224,0.466266926165334,0.319912962574989,0.319050732405583,0.346891609773081,0.314737711289143,0.341961452016539,0.372848462342777,0.325077660306172,0.366149603284697,0.366140817076567,0.322301226738976,0.31620121086475,0.379595953634015,0.331361747600949,0.293676799277309,0.295296837327566,0.296823012989212,0.352814960307698,0.391338139789834,0.278358379412283,0.402880213954319,0.258906187055478,0.179143959818598,0.414985945840776,0.293947649837601,0.313616032231503,0.335259061013754,0.361606064661158,0.359931381861011,0.386927903366011,0.385649866228806,0.367143549971006,0.34652424061476,0.179020936898808,0.235946061322719,0.372774589234073,0.421921054509765,0.223014695086377,0.308672701542917,0.410108762802137,0.388576995430518,0.287121887128137,0.239437419139572,0.2871824448509,0.352315501551219,0.375276187342954,0.442325944725404,0.301800937391586,0.314156276459851,0.305664359268065,0.252676724297935,0.321059004495713,0.494248981342988,0.311402302320431,0.238837183820846,0.380898774038825,0.434332695609087,0.377622918239844,0.182231927464599,0.249663127970118,0.311428028167961,0.378562499110979,0.375973480951,0.397950032471663,0.313935343247055,0.279644418697357,0.189499599476135,0.371693623463155,0.486604749225857,0.392991352397524,0.360075861298867,0.336239027847882,0.274978404335657,0.162311574574433,0.343106100090675,0.373756305121003,0.451947054500868,0.271189828694256,0.405596538737839,0.365702336779979,0.325728632816228,0.380069715792354,0.363968937949794,0.271981289187166,0.374266621156548,0.402365096019387,0.293685153318219,0.214184605554457,0.388238251144105,0.373353807153081,0.36632884025363,0.416475149044604,0.399830535472309,0.159560438902549,0.399325260657124,0.32245394800271,0.337625390115019,0.238833857379844,0.188018649368129,0.41329594649852,0.359458363894952,0.360756510108705,0.104364080926194,0.362919087038777,0.379522636373851,0.328737996238147,0.323796769045432
"Padme_6",0.249056428735201,0.0710858511190429,0,0.155134129835836,0.0874851320655685,0.202139290526373,0.222059040880827,0.3373720733689,0.165326483554058,0.181722400936852,0.224912743090415,0.253431006273923,0.407316177751146,0.490419130115484,0.344751138172002,0.298810633243412,0.364381129507419,0.350315269915478,0.360946796787723,0.365858873995993,0.303907798658253,0.383637076577142,0.352391777613459,0.3261597623519,0.335905066426331,0.35953054715242,0.346554532218675,0.281316627351213,0.290421832796009,0.325290256690224,0.326089700258175,0.377165442298239,0.276028252111917,0.431871549041091,0.29738930571609,0.174820738621555,0.436658297109392,0.28553981853569,0.346985324386379,0.312681272532475,0.376101785709413,0.36537930942431,0.362327016272445,0.40101110136185,0.382187391128779,0.380320795333139,0.169920542027715,0.239757961366649,0.356496548313678,0.40841361026533,0.249768996264763,0.294914766901246,0.437726614147791,0.416785029245801,0.2757621318317,0.274089341909873,0.28225438981894,0.331040034745287,0.408126684738528,0.472713127598489,0.294896753706995,0.305450934483279,0.315808117429277,0.242480261656809,0.310104509366008,0.516753787707225,0.298817403253183,0.28110647187029,0.396774719287864,0.470460771701394,0.374949808860335,0.209160529008689,0.276810880083806,0.296771397514851,0.357413389944805,0.390647534664281,0.391276538532627,0.335571324912868,0.313025535097095,0.209968220325195,0.35319421403627,0.519291710831634,0.42988066794283,0.38115091024806,0.329935303193748,0.301722239090009,0.199868790376274,0.382815205506443,0.364183258220463,0.486019451889674,0.316466498084811,0.438457709282225,0.356739773710373,0.315830323615523,0.362851743173941,0.35654462867869,0.304616344939844,0.359159480505054,0.420391057989997,0.312905841056144,0.218680373871644,0.375129969183014,0.388169528383775,0.351986943789512,0.442562965771324,0.394052411089332,0.196152563449923,0.39231141737625,0.338902072725136,0.341229183823967,0.274269052179527,0.223587227028326,0.431818767445083,0.365783387830717,0.391954652798563,0.132251199235283,0.374224650375083,0.358017830339727,0.34848518012824,0.344049682191093
"Ginger_7",0.146409938149716,0.121935338698234,0.155134129835836,0,0.140916960268001,0.192604719580852,0.097608632744416,0.432597357648985,0.226640431245344,0.264177165692915,0.297589497990023,0.303830101376534,0.408002802248521,0.454706158252497,0.383049716886383,0.387475428680952,0.268399057908691,0.242430175206471,0.417697848939713,0.449793289256739,0.401224780551999,0.44793184490149,0.449745195896641,0.39545296459878,0.357043214669119,0.454138062488855,0.28698435552664,0.375969192093423,0.377516278296582,0.327098843947205,0.427726602912797,0.46076674993652,0.357987699082506,0.466701105371228,0.242376910978605,0.247945474360203,0.447466899554488,0.377931291067218,0.322430250954112,0.405406217268784,0.310894534770154,0.447295762822613,0.464027081857543,0.329567715764558,0.315025991031975,0.348650616232026,0.254429311907949,0.206659794914145,0.436984148728867,0.490709150609551,0.304994167089335,0.382178649643379,0.446338605929097,0.425750372147329,0.362419024412478,0.250489190178656,0.362143093390959,0.423896300092407,0.366524721961572,0.446315784239652,0.370795358044009,0.386444150146326,0.258014715104272,0.334656417175297,0.39311276985498,0.486629488103752,0.386849411441619,0.225377080636023,0.443533186965,0.410826790836372,0.445949676945512,0.154935630059139,0.18794725074209,0.405982589962686,0.451050212563754,0.32050224068622,0.47780965060699,0.398774866417422,0.278420375735193,0.176173346536127,0.450057403646988,0.473493924827914,0.453785605451083,0.440214019319833,0.403935274776648,0.26997996776909,0.176027003375364,0.380446203158385,0.452344907247239,0.450347607810623,0.231678618434029,0.448697325234428,0.438532220064204,0.418802358135451,0.453315701812386,0.440289505198177,0.313493407210134,0.475559934706966,0.450141084912122,0.251966141951695,0.292847422063143,0.461497705477125,0.318655686753824,0.466797160632119,0.447067836847315,0.484836053235293,0.113317211961969,0.478775666265882,0.275364926866254,0.415743322532458,0.27768556326739,0.123698757708907,0.452483739491229,0.440942939886237,0.368058587071907,0.118819605868221,0.427480908277393,0.466351174522598,0.328947469646689,0.342206596384686
"Padme_7",0.196065687204572,0.0956388307091081,0.0874851320655685,0.140916960268001,0,0.216133999050109,0.196037393701845,0.417310479577204,0.207795996268251,0.236414310631174,0.288552085955898,0.309557024275753,0.414398760527414,0.506600436841356,0.382671704385708,0.372129853318647,0.321672798912709,0.340429783278775,0.42072576505762,0.411155278916738,0.381898219903878,0.403833596562722,0.43288736474656,0.384084434140606,0.374417160899671,0.439677210659381,0.326051203265602,0.353373405290149,0.333700430337924,0.374758042874449,0.402926615261151,0.463056447273067,0.34440428143685,0.449245014630324,0.296016631905392,0.235958870959276,0.482536398184286,0.353845640181038,0.376850948265431,0.383774044085788,0.344607499371279,0.404087743817884,0.442403639567879,0.369801044153614,0.350611121788201,0.403427491515699,0.237625944640016,0.245974826644208,0.418659578477113,0.453408702564543,0.280091441751084,0.336073585164639,0.474400450075529,0.456139017821655,0.358205371775045,0.308488973656514,0.363619239272789,0.406886952425096,0.44242192659814,0.51107062264576,0.350284521794054,0.38202937608117,0.301436915264625,0.314876987967946,0.390120066776956,0.5507020509212,0.3826890640881,0.298532625390536,0.439435147203502,0.502900039576508,0.430620086668091,0.21330224018067,0.27443993491915,0.338086466202826,0.433939616107961,0.359697467625091,0.444665154140559,0.375115820416441,0.344363570023962,0.212074785285198,0.430496494548598,0.55930519142834,0.466449144890456,0.422348919379518,0.412810927387147,0.331371775631593,0.224791907615532,0.421254584714232,0.434959664323736,0.527543204610859,0.323368484250092,0.474019086264695,0.429507690037446,0.402183123568761,0.437670435001311,0.430910841047241,0.340748340609287,0.432243772725023,0.464485233130727,0.299599940077679,0.276861264819798,0.452503193367873,0.357000273389756,0.43469188240428,0.480612152064455,0.449244162954248,0.193285228513444,0.449332090308034,0.308487718826585,0.415034127119907,0.306928737485584,0.221389377026767,0.479655670332806,0.44177236906835,0.433968751974826,0.159253004500645,0.447745365433997,0.422704323413543,0.374304620266917,0.384472613862726
"Charles_9",0.264696690462336,0.187703180534098,0.202139290526373,0.192604719580852,0.216133999050109,0,0.242853783816694,0.392496172435856,0.216368046527412,0.264180588730792,0.231629774138041,0.238107342198751,0.27196451137311,0.369756862759008,0.340500031779599,0.357844271653173,0.385767426565468,0.27802321081075,0.360919057355033,0.412618245681268,0.345038986247555,0.372889787715983,0.412393857520535,0.346839483641502,0.2705874067082,0.413268890872559,0.356576913245069,0.339744311908635,0.269035778709734,0.27761718071177,0.379683919662255,0.426821487182446,0.307387516014558,0.393273832122515,0.278980454892082,0.217496879855621,0.387185448127734,0.305883894197117,0.241480825280634,0.351893248948099,0.388308283347174,0.383900366689558,0.410399343416774,0.414858186404574,0.394638683334674,0.298277758883432,0.257388100961815,0.318234306733483,0.37566429549627,0.486123123297555,0.258247773035339,0.356349990490827,0.405050075440442,0.377851899758997,0.327778613813045,0.216553786596911,0.321916287024719,0.396246606180397,0.287265020133602,0.39926311615928,0.323693118575727,0.372317368380142,0.331078835442479,0.358726534362726,0.353882384715217,0.378003447445527,0.346999068295326,0.230996672191753,0.403490561973761,0.337943834049945,0.36770836171965,0.213421335928025,0.279534339496782,0.286793673556938,0.43319261380307,0.406290047706272,0.406983691603493,0.358146906000847,0.193667940955334,0.166564221467061,0.432364109084716,0.396948403097286,0.383792384162639,0.352559238845456,0.388067233070783,0.17997374039774,0.154630951882185,0.318997051603509,0.389091301092275,0.387361687080597,0.305830226229543,0.381281844389317,0.41915888684305,0.371323085082224,0.41616939695725,0.45771199288948,0.247945764303114,0.431809001735624,0.390236164015828,0.324199268776643,0.257788068469591,0.423960114390649,0.401966189559052,0.443111219322802,0.389405811501192,0.443367979193668,0.153452886025392,0.417734427617976,0.351259673477589,0.356256304625815,0.231376325969702,0.20640701833295,0.397522115365905,0.397959696203407,0.298858317411133,0.170888127302571,0.391947049357454,0.47354172559631,0.226732829674284,0.279603607482198
"Franc_9",0.112357780192761,0.199493374894237,0.222059040880827,0.097608632744416,0.196037393701845,0.242853783816694,0,0.528931521725544,0.312351511296197,0.346083964128489,0.391292729310349,0.398725364261938,0.4862196003533,0.546101877950941,0.479294901674073,0.480898525997577,0.186184381823069,0.24337770429878,0.518141484592292,0.523470219480787,0.500630573647874,0.534838965335439,0.547812454659731,0.484785888747963,0.446962291038067,0.555060092498655,0.247027390229042,0.473021675629683,0.455933942583088,0.426444587174567,0.52592650416231,0.557823894690657,0.45727882154947,0.555994936272949,0.286624507854225,0.337921143956366,0.553293981187374,0.472416848781074,0.410049905369816,0.506781632605364,0.270027651611437,0.541985555754768,0.56575786050249,0.274479902089402,0.259632713921736,0.444829438643705,0.345801242147819,0.264242357152264,0.540039746935797,0.558230636789748,0.391485492704411,0.452924012025268,0.547646342201009,0.532128746713626,0.45033573731289,0.3413229095904,0.450710001571479,0.523105789009785,0.442953636505121,0.547877959949246,0.452135139595526,0.469919197045989,0.230165133636228,0.416253369084528,0.479566177464302,0.555336352372095,0.477513160345817,0.294645421921764,0.547340985020369,0.479534816770011,0.526849840733653,0.225975324384828,0.251063202191911,0.482758682669249,0.550479905902322,0.269372331939005,0.562138701499023,0.498422213772894,0.33839306036477,0.208407051795284,0.551114412193943,0.553507614809702,0.544877468570997,0.523502293636331,0.498176507364149,0.331166702592725,0.239728126839308,0.473753029036976,0.548027076413796,0.552284899758325,0.238755232276968,0.547478097860916,0.522630827365806,0.517194459089802,0.551331125193664,0.517959979937381,0.406734924843349,0.561796933227669,0.555596548082125,0.22615076621734,0.390590447906055,0.558833014735095,0.264139881393797,0.55819000755046,0.554498232606192,0.565286343334596,0.165036748832361,0.565814143689411,0.245026105004824,0.511795218553248,0.368931246350589,0.175428094629557,0.559362748315571,0.541350573518733,0.467573447917571,0.205092048220161,0.525996856580022,0.550308554604469,0.414314355105096,0.444571430298285
"Grogu_9",0.558024978537856,0.359166531081383,0.3373720733689,0.432597357648985,0.417310479577204,0.392496172435856,0.528931521725544,0,0.304320896150561,0.242629655211689,0.182833928471487,0.221030924369711,0.317617130940737,0.289498067745279,0.163758439282102,0.177235073654857,0.660200403596888,0.508018395164575,0.159303804143509,0.21909277131287,0.117823474913765,0.15961481482607,0.0947129143117418,0.208811260962168,0.2598123805977,0.103585960963568,0.539547826718272,0.115468934592661,0.180302236461681,0.210363467390399,0.105562482050611,0.118636816989377,0.129038326572309,0.180201104961122,0.439571520285865,0.235225509976812,0.191848062214675,0.154307976317968,0.255886625072146,0.139618789141262,0.572794610358264,0.135976848526381,0.128816308622406,0.598774837794704,0.579747271870618,0.241251481538257,0.223937243823292,0.420779887308964,0.123912624876704,0.294491767171823,0.240521938847022,0.244041531623756,0.211390833645627,0.176933893986822,0.166374724793508,0.305995677406556,0.171858039269831,0.0943716761753556,0.267941124256733,0.247275153164158,0.186058728755762,0.219232082047298,0.50346247212612,0.256243076935859,0.174312219434573,0.276100267212031,0.140757673870209,0.373093767091084,0.161616181687052,0.28665664475627,0.142695353121491,0.413951283197517,0.434316845172005,0.183172733007955,0.103629743120201,0.587899505951316,0.124938518749246,0.140505224046145,0.295247316310842,0.487055947979707,0.127237118429053,0.291849609456828,0.188527179079749,0.160817062210222,0.14488008104517,0.344212342518897,0.373574715303531,0.218509568136212,0.134761898624548,0.243906708654968,0.474001390101106,0.198388780990029,0.221252855991053,0.0814152812403177,0.113524459931548,0.269575483533469,0.24652915643823,0.173063964530728,0.1739992965644,0.503529990873647,0.210623857377782,0.107285008470362,0.585605165735921,0.125931399188384,0.20462016095318,0.13693910498111,0.436374317354718,0.128583206647209,0.530188273734585,0.152404993458999,0.272041856643767,0.444010470139845,0.186004375594549,0.122234680532547,0.226920730094599,0.367600422287088,0.150185937155375,0.245641083777603,0.239348293460145,0.197492071745105
"Henry_9",0.325175091046905,0.172989786254969,0.165326483554058,0.226640431245344,0.207795996268251,0.216368046527412,0.312351511296197,0.304320896150561,0,0.173419136999505,0.181321234242907,0.208117379696188,0.286758457208167,0.418104123452258,0.217590195392593,0.280435704238285,0.437204747364901,0.336131107851779,0.297033595852665,0.293767995683159,0.283846221818059,0.309487100224643,0.319211804905677,0.193725235491548,0.269081670138235,0.335853706240707,0.393866829217337,0.257522048747774,0.247767432209169,0.27910410766853,0.304795627734449,0.348352800664427,0.236507146439446,0.335643912349737,0.340629822200385,0.125324979760982,0.389813957839077,0.247051313493596,0.288845998575317,0.275197997550339,0.423068487103375,0.315595634261668,0.33172746382869,0.452214588053906,0.432447090223299,0.337234184695126,0.146314147296218,0.306547965394814,0.310992926448311,0.383885125416102,0.208447683644937,0.212989236295762,0.369932705406423,0.367342811249888,0.249124311662371,0.266651217777555,0.24841500177459,0.307582620715112,0.351252941411727,0.414173803136015,0.264566726136922,0.276011743875377,0.384123931860206,0.229116788360528,0.282988050940833,0.453326854215062,0.269641849105052,0.294992503041483,0.349726929439428,0.407299394295371,0.30532951216619,0.260642191779329,0.302052817088188,0.274654343773865,0.340903905196137,0.442178505360161,0.360311857154568,0.303803890430938,0.278845531773807,0.278426157271092,0.342057825500432,0.462844148670058,0.384559232386419,0.32808848549702,0.302568475410054,0.292586875569234,0.214125733232487,0.332808046283042,0.336229200200003,0.437270119056251,0.357611039906206,0.392918394764897,0.323473656956137,0.295903420089912,0.328336307867326,0.341430773599991,0.258330362596827,0.358951226145942,0.372727481812548,0.369092361783729,0.193061789281449,0.35297248948198,0.4362496278136,0.3458352693529,0.390254493481221,0.380430936162854,0.228547699413526,0.362307656057328,0.388867669412778,0.299207058501797,0.234167420532473,0.251623524312099,0.386507634878593,0.316985449527735,0.34494068185851,0.187928559231628,0.316660469076687,0.334168896360315,0.276384283111764,0.297032986168735
"Ivy_9",0.347721222893472,0.194220844857452,0.181722400936852,0.264177165692915,0.236414310631174,0.264180588730792,0.346083964128489,0.242629655211689,0.173419136999505,0,0.195319691113987,0.177014947157544,0.358945919961406,0.406228816980505,0.279596518937949,0.214180274058614,0.482568583436225,0.325099331943554,0.31781199736873,0.248371660532692,0.250825005781379,0.281180948943609,0.280828115122354,0.267449299367515,0.259414167644155,0.268830947196561,0.362035206526108,0.193915797167226,0.212849506449418,0.237855784446579,0.236171473273594,0.30405656365461,0.217275166971908,0.332248214163108,0.273362266240708,0.125133958192632,0.372958170399156,0.199633322224597,0.250744573095377,0.240131884819427,0.395673498777795,0.283440708510351,0.274630924788823,0.420650207607052,0.40134340402383,0.286347842991666,0.110131610184461,0.257440598394426,0.282129220871948,0.304880313871023,0.157831750129049,0.178338156837562,0.370288148038227,0.334039367854466,0.17275522699535,0.198378316794449,0.184571900086646,0.232188742774852,0.306790768148415,0.403793807086231,0.166004728320262,0.208937263722065,0.319665395906909,0.158882313282414,0.216882218276828,0.438751494793722,0.196432136576029,0.234548113185555,0.324671634878465,0.399045026264693,0.258957393845489,0.182802831357477,0.265354829417435,0.229941422138701,0.257654118341117,0.410648841005616,0.257645279695284,0.262189724339718,0.199145287614583,0.322265513371124,0.259316833884888,0.445769732610984,0.359624401135647,0.28840997854822,0.246692517282078,0.220480833735842,0.199680600648096,0.328822370817354,0.280405743585631,0.411378534539812,0.298941527750206,0.358269982316865,0.27547425686897,0.241166435240126,0.265956450830017,0.284596243635189,0.210541003733073,0.288381932811739,0.354629373727487,0.326442269809913,0.129563512408166,0.290960393716074,0.407924087215783,0.290048591757662,0.368162998806403,0.260190729162117,0.229602394206782,0.25144245239176,0.35290224988919,0.284858870186325,0.190005880783438,0.236353057225485,0.373537848590131,0.304925640506281,0.318071104806429,0.173564941601914,0.325333881071691,0.27804092477017,0.265326215254855,0.253069111960993
"Buddy_11",0.417073187285773,0.219461987157008,0.224912743090415,0.297589497990023,0.288552085955898,0.231629774138041,0.391292729310349,0.182833928471487,0.181321234242907,0.195319691113987,0,0.0909496888961138,0.263398439036938,0.310901197731597,0.15980856177101,0.181747395256544,0.529256098656769,0.37969380880813,0.159209944757454,0.30385606685345,0.124243345699501,0.208576884858614,0.200481310156287,0.165396368184588,0.160336945314259,0.187527461504363,0.451309180685348,0.140451262017967,0.133578042635365,0.134511322609427,0.171172410795174,0.208233257774427,0.106246582557977,0.250560396366406,0.369246615925334,0.138448483432276,0.241162847519251,0.132207481457396,0.178046748081579,0.147549916755022,0.482503325671522,0.203994634817607,0.188096165905353,0.507363176339107,0.488089937006843,0.198090267580853,0.16434143128415,0.335460935695942,0.193441049796931,0.387826096298038,0.177993328574843,0.258704894431728,0.253542300280551,0.214995591818962,0.143700324690289,0.224821648733147,0.12944026566576,0.177805969470493,0.217983868341112,0.28578345996864,0.204808182404227,0.210466279433017,0.42006859322339,0.235825199778715,0.173001699869675,0.32734021520779,0.134051021104567,0.285279259415035,0.219160587112983,0.279792033377445,0.215428309738424,0.276910356271292,0.342538920098854,0.153886374128057,0.210630276778021,0.497063987791921,0.238441447065202,0.164054937367224,0.192793629288872,0.342020398537594,0.211203975302684,0.328804745004735,0.237745604347008,0.196089006130749,0.171938967150987,0.250686961798602,0.242184780007721,0.195364543680152,0.192505308215446,0.28871040882805,0.384366527125855,0.243002473478311,0.25764476855575,0.162942607551347,0.201852417175295,0.303193576329605,0.144760323574808,0.246569296497582,0.224544336403588,0.413205420514894,0.118504700767762,0.21462024432957,0.494467277109437,0.23156850431805,0.248549193057803,0.276672834260979,0.290746588087655,0.246055829797657,0.44127140726832,0.144307584336816,0.192048584208676,0.300476007628287,0.239677143757439,0.196305749038739,0.192453475019575,0.23385665873029,0.167164749913963,0.325511612235355,0.161150870999629,0.149690255526794
"Joans_11",0.394253798820766,0.243891963539258,0.253431006273923,0.303830101376534,0.309557024275753,0.238107342198751,0.398725364261938,0.221030924369711,0.208117379696188,0.177014947157544,0.0909496888961138,0,0.258413038122472,0.301231824046939,0.185462469851847,0.211860311227672,0.531489139331247,0.313237324140752,0.18470958464257,0.324338568921725,0.161309026966268,0.238295373236823,0.231967137272478,0.171408936311367,0.113869753022025,0.223483718979789,0.391898084975042,0.181175816986698,0.165219817376848,0.102945026774674,0.199828464841972,0.239517325216158,0.149499095022466,0.271572564491236,0.308930270135119,0.164400349817028,0.246318462827727,0.15729658732739,0.125884311544805,0.173369856261135,0.421766388280723,0.234649148819118,0.218185141037974,0.445678677979321,0.426066591063105,0.212544925439548,0.18790198769897,0.264882765481508,0.212085780831934,0.401041188696094,0.126304628231919,0.275082665081621,0.25507975426283,0.229766916064068,0.122858401600011,0.165536941159839,0.114260272042601,0.207272203946012,0.181840687916946,0.283170093694586,0.231192559939885,0.197156349506424,0.349590560908427,0.199566551427255,0.157030663077445,0.328704395967836,0.134913598388913,0.221513786161334,0.231660095213032,0.282264042099664,0.240010545816335,0.241334157148352,0.279774274521155,0.196070086612175,0.242279215614836,0.435484327932553,0.268248107115634,0.178603963730214,0.16512221746983,0.349544648693774,0.239328024753056,0.324680675804676,0.245225664889911,0.213864047229502,0.189436739912301,0.182632445684019,0.225756172360325,0.22058080233313,0.213419001365042,0.294886328794397,0.323164534292083,0.250313356964865,0.264152621775198,0.201762621856321,0.23557540779493,0.307869919461233,0.0963743774552127,0.271634394771812,0.232612246928199,0.353231066252508,0.109516513785091,0.246490958527129,0.432876287104103,0.271055277192936,0.255726966116847,0.306388929834895,0.260248779242933,0.27502834224303,0.380925078142719,0.151360961802925,0.137465589163978,0.271264318278911,0.246193395900768,0.232137681584429,0.186851233821253,0.213355307843961,0.193694590814287,0.339312482241156,0.192896638444163,0.138247547403636
"Padme_11",0.503361306936448,0.397211449797224,0.407316177751146,0.408002802248521,0.414398760527414,0.27196451137311,0.4862196003533,0.317617130940737,0.286758457208167,0.358945919961406,0.263398439036938,0.258413038122472,0,0.249871209195234,0.188263227133152,0.33425772632549,0.602703558571338,0.424584968101503,0.285774853851229,0.334161060182161,0.266725453001312,0.262386862939487,0.335019148992,0.183151716239251,0.250369572909081,0.3348374678919,0.507120245069736,0.281803429104599,0.213790438031665,0.280613407099091,0.30217331226402,0.355557493751813,0.259343989758136,0.260762965323574,0.431538431584437,0.323737685785173,0.289113115107728,0.24454492417852,0.258982582330786,0.274084323017463,0.53412591333415,0.291455081845072,0.326711902269499,0.563222044993939,0.543263363177551,0.27316959798491,0.363388427730268,0.432564188421946,0.29144157208526,0.448955863221432,0.320043728358891,0.304655103125843,0.301545121609763,0.290541849880891,0.335481899405422,0.318263259133667,0.323110378567013,0.320511192054554,0.267900402696568,0.303944261019735,0.33277660590246,0.385263591581602,0.481353661029247,0.417670559612116,0.336077635357482,0.293351231012028,0.313411400932002,0.370884794506742,0.317182910097315,0.26195486930206,0.267793059558829,0.377643565288913,0.415862146852149,0.229277545847103,0.358055798013903,0.553883559315573,0.323054750221853,0.289898667028795,0.293700814083327,0.40465917171043,0.351840513484102,0.322833169355356,0.291270941969225,0.245473526863849,0.343381588724216,0.320822533353802,0.348109457341002,0.250913004450228,0.294680824729269,0.290028764250568,0.462052530965631,0.278749093874102,0.387609600324118,0.297603176543929,0.341161883728454,0.43401185051214,0.271054936566171,0.363550682292965,0.299161543586864,0.474469575696131,0.300946932598471,0.350257748151388,0.550458190722378,0.365498120151386,0.282383271664182,0.365134480520514,0.385261913103952,0.334427224112492,0.493759767479846,0.268931702015502,0.308528820731141,0.399163949694328,0.30910719225223,0.321788386889055,0.233312865862266,0.372380665657879,0.311435454910917,0.425831259326977,0.203718265381439,0.241921143300706
"Ginger_14",0.575835531679924,0.466266926165334,0.490419130115484,0.454706158252497,0.506600436841356,0.369756862759008,0.546101877950941,0.289498067745279,0.418104123452258,0.406228816980505,0.310901197731597,0.301231824046939,0.249871209195234,0,0.28302063830544,0.378396308887345,0.687494136825279,0.493223824722244,0.219099211728027,0.40624915857894,0.271341184092909,0.263975015695666,0.267176944462204,0.321503643013929,0.253921380870211,0.289392041894814,0.55859629012822,0.309342790245806,0.256571017748579,0.270711581512402,0.307051241810498,0.28461186245264,0.272596919841002,0.241354911021552,0.469107842420103,0.377109710326458,0.140507516191537,0.278432971511569,0.254801984438206,0.27776297193536,0.587310176470272,0.220367986274554,0.288884342283036,0.616031711315243,0.595659381016942,0.264193240133082,0.410975124066072,0.469152564623372,0.211649210992168,0.462045349627053,0.359411911009858,0.41014879473345,0.173955995441208,0.204566277729441,0.360513331631304,0.343330311936652,0.346101859991633,0.313639868760877,0.227250999999518,0.163968630855778,0.369992004848367,0.415559118334209,0.512496742429325,0.456120689285938,0.370210151057352,0.1450434483726,0.322675015912639,0.390541214962039,0.203812086251639,0.168837955251591,0.268560905289902,0.421143504272328,0.447785349244572,0.304980488423648,0.322077846951169,0.604616015047797,0.285285163456367,0.268864869429058,0.320755786296566,0.497183783410757,0.315632949013153,0.150611470721562,0.16129450690327,0.18522923773301,0.355005968748943,0.347367202968013,0.409690737888813,0.219641366291149,0.206167430306775,0.125935169555566,0.494566141075171,0.138695977485787,0.4191544535308,0.28687763975764,0.298177126767285,0.471768232784492,0.290791273211409,0.360389578143648,0.161156817049064,0.520156652518685,0.347168558043983,0.285131873652521,0.602275533956417,0.340339891804011,0.129611743123187,0.3442684986473,0.441227817889884,0.297149200688454,0.543560977981197,0.214948772988078,0.33816769895118,0.456620452612213,0.161928722954287,0.226704443916494,0.182985735027536,0.426219624214192,0.21846744067364,0.425675460924376,0.227399094276067,0.223992569530445
"Buddy_17",0.503020291325914,0.319912962574989,0.344751138172002,0.383049716886383,0.382671704385708,0.340500031779599,0.479294901674073,0.163758439282102,0.217590195392593,0.279596518937949,0.15980856177101,0.185462469851847,0.188263227133152,0.28302063830544,0,0.241090185649717,0.611478930435371,0.441990676019041,0.159001057602401,0.25704365839736,0.155713643418633,0.158734111905959,0.205149477748144,0.111363140909559,0.210832521270394,0.206306222374428,0.492017274514349,0.158857218316918,0.184776238296203,0.174292679579541,0.191739382815164,0.229542493380911,0.130479352418211,0.158931708777895,0.400752789471088,0.243712480541986,0.214173897522467,0.172484235877497,0.21334378030103,0.163877134532846,0.524971656662712,0.185510293544344,0.21705224990708,0.551293169897767,0.531451864218166,0.193685252554821,0.266369623414643,0.378891085288499,0.173561937804299,0.377536995800737,0.210189472208864,0.242327810532198,0.228077261659837,0.177343486325039,0.215300536080163,0.261685724426069,0.210558667944918,0.18334153712684,0.2452453191515,0.262868084953102,0.254007913405257,0.26647926460346,0.465502077296459,0.313579424479251,0.227521630655569,0.304942278838465,0.183732867962973,0.326425599139687,0.195593807293497,0.269346999071508,0.19617970174831,0.366207897390884,0.383884767371974,0.196332571391504,0.215787309714803,0.540907670857773,0.229599052298595,0.130295103929368,0.257757216646036,0.432412673508835,0.206123355329809,0.312463093557658,0.208179448101234,0.186897733410466,0.198079622970985,0.295022788408683,0.318922118125871,0.196909217500967,0.201626546815218,0.26747603916334,0.425127901931141,0.220234164105244,0.272858674045748,0.1553520977778,0.207166025597535,0.32774634121415,0.198523739101098,0.25908740521554,0.194848727929214,0.455202924299186,0.188632534652727,0.22305353539277,0.537692338340833,0.227193126126984,0.226076808024792,0.253571733867431,0.380647299194691,0.236870208029345,0.482768549055911,0.170417452413166,0.22254772734513,0.388355540486199,0.214362435765458,0.185471124634005,0.193782105663047,0.322261208909003,0.18461883270311,0.336083016964506,0.195106901105773,0.170507611074391
"Ivy_17",0.512198200178623,0.319050732405583,0.298810633243412,0.387475428680952,0.372129853318647,0.357844271653173,0.480898525997577,0.177235073654857,0.280435704238285,0.214180274058614,0.181747395256544,0.211860311227672,0.33425772632549,0.378396308887345,0.241090185649717,0,0.609023393020352,0.474085866354073,0.257752365278756,0.210503045858505,0.14897054190675,0.25933953053388,0.212859681508241,0.236480994933875,0.295465423030153,0.139261616944999,0.518910560969078,0.1455414217179,0.203901909944291,0.269058131254605,0.112250342778342,0.154863318389399,0.170341288134634,0.3026920936564,0.432861711684883,0.206262391931306,0.307536902859179,0.166750704950793,0.319537410579778,0.165857707545129,0.550910691563195,0.244204763277855,0.182385330396306,0.575560937799323,0.557035745207021,0.271696024576993,0.182216339957765,0.400516304127727,0.235433424219582,0.291557749984609,0.257936825774937,0.245554288581428,0.332673051213224,0.26819401421303,0.15732765957249,0.300841156441513,0.168265255073866,0.121225921001284,0.341587411759659,0.36401010301654,0.154058443191961,0.11628016869836,0.479034496774859,0.177241809438122,0.12334483373494,0.39936599293504,0.156242041668469,0.358345266653874,0.264960665048533,0.36416029570673,0.239810000350959,0.358452479400705,0.41902058523308,0.20704434403669,0.134208862760755,0.564891043900715,0.217927139961597,0.213219371164088,0.295291861068171,0.446411376949442,0.192127131015952,0.408176491828627,0.320313342759332,0.280278845548942,0.111792871974693,0.315471221244196,0.34904416043307,0.291232448516501,0.218134375870637,0.366275478119581,0.454221650399539,0.29788091478516,0.131107486761397,0.177221103297429,0.140814489366001,0.174296635043094,0.272960133156176,0.137599609865502,0.283797951309002,0.483800298742524,0.178964435909663,0.174830954835461,0.562945867110406,0.241541665510539,0.309817405646127,0.194193959708305,0.393101554978833,0.217781182477952,0.509326590008412,0.226831733977793,0.286357581086393,0.397805939250371,0.298966776759938,0.254394359889599,0.278753234199918,0.322849096807421,0.242336716738963,0.21235287577326,0.27680642560232,0.233063677568245
"Padme_17",0.179172389588293,0.346891609773081,0.364381129507419,0.268399057908691,0.321672798912709,0.385767426565468,0.186184381823069,0.660200403596888,0.437204747364901,0.482568583436225,0.529256098656769,0.531489139331247,0.602703558571338,0.687494136825279,0.611478930435371,0.609023393020352,0,0.327699121147421,0.646804101769777,0.635226417552509,0.634659446270988,0.657648603443951,0.675984333425349,0.613122861114762,0.559352147635263,0.689291112450893,0.302269493868099,0.603623211853933,0.588826445380639,0.563054795629159,0.656981609861337,0.685195582102192,0.590212558737406,0.685226115974673,0.395103724433037,0.478726151835725,0.691712544464644,0.602226653653887,0.545214514082547,0.639285390230887,0.277098579395828,0.678786307347628,0.701287831035832,0.260660118636999,0.275614783532105,0.588536652023251,0.485196150050727,0.385549392343636,0.673718571221577,0.665349762664565,0.523564400203716,0.567191759190141,0.683085846606319,0.673920810646225,0.578452435806415,0.479379118872359,0.577985176742139,0.655250056073025,0.581862785931563,0.68567057054545,0.576382528015949,0.590313211536236,0.34434070777456,0.536194734132675,0.603671387245218,0.690611208349441,0.606818033110986,0.430903412450181,0.684928339964259,0.617142958046671,0.646981746423823,0.368544893237617,0.378884656359659,0.599893701070666,0.682374534202861,0.266463980821655,0.687105545578887,0.633236657480756,0.484641917787594,0.328357542200834,0.688246185919944,0.693744906074155,0.682481364531286,0.650377443402233,0.622817155370559,0.47059469856472,0.382747037539001,0.607093589204231,0.681932556413496,0.692627110550737,0.362249853135469,0.687069269234345,0.63743898265866,0.645568490476826,0.681094016596193,0.632312569668586,0.542451394672452,0.682914460197289,0.693404046950066,0.331144250391182,0.52273781792487,0.689413767519411,0.269317381700208,0.676286162246526,0.693518122235627,0.686926200032481,0.319142481324229,0.694948530077852,0.310462214600666,0.643293916395698,0.503318074206716,0.321898397846042,0.698458709545296,0.665978432028433,0.606878373742233,0.357490544385915,0.655926398777763,0.664685526735044,0.551958133573546,0.584608412745655
"Buddy_18",0.232000489657252,0.314737711289143,0.350315269915478,0.242430175206471,0.340429783278775,0.27802321081075,0.24337770429878,0.508018395164575,0.336131107851779,0.325099331943554,0.37969380880813,0.313237324140752,0.424584968101503,0.493223824722244,0.441990676019041,0.474085866354073,0.327699121147421,0,0.465577895718895,0.492004100014264,0.470321953947005,0.496223488184613,0.528350526213749,0.423548992133124,0.321193746680166,0.523831173934832,0.145492474700685,0.465574798105232,0.427616190523506,0.332960219057906,0.493020219718912,0.527350076602486,0.432048388722847,0.520302110148377,0.134744046039292,0.358331819288464,0.505604048554825,0.430402724335396,0.29908722678352,0.466442131223362,0.168588680365877,0.512426536835935,0.529905728583946,0.175509422952612,0.156406949097302,0.418907282130269,0.383230143583481,0.156061287388759,0.495629787284572,0.53738357585101,0.30670547298974,0.432648294839082,0.502489738981736,0.486557119167146,0.380331541065028,0.233233086629039,0.369360614386394,0.496634787113415,0.356224233314875,0.501340414077543,0.432082949332869,0.40794261917663,0.129450134442572,0.342956999275261,0.419594295140442,0.498880202326752,0.414131537691313,0.163488971006065,0.513438270609209,0.429683761040113,0.468508019222141,0.178921312665293,0.10988190920604,0.432305407716188,0.531755844837139,0.174718540790148,0.514437316976859,0.466887329698894,0.300339714763784,0.283350819042286,0.532924440328911,0.511178758512201,0.499573911927063,0.463775522983881,0.45715800852789,0.217108890067204,0.243500728270855,0.435061340608192,0.496775442199069,0.506276233518343,0.0950339176746314,0.496234773750458,0.480210184875871,0.487566619749248,0.518899139376675,0.493716861693228,0.304135463747011,0.545286799724346,0.505583951321143,0.130968322781733,0.361185145136775,0.529791358857905,0.160146647567473,0.554851751312606,0.509891703304227,0.545779248611298,0.183390495346254,0.526746414162966,0.149728693733369,0.449998895497412,0.26426934258661,0.14346212175309,0.518992155319586,0.492312395787991,0.409919875518291,0.254933072329001,0.474689433558924,0.543285102081411,0.381174375373243,0.37954653099753
