"","buddy_16","buddy_17","ivy_17","padme_17","buddy_18","ginger_18","ivy_18","franc_19","ivy_19","ginger_20","buddy_21","joans_21","franc_22","grogu_22","henry_22","joans_22","marshmallow_22","franc_24","ginger_24","henry_24","ivy_24","marshmallow_24","henry_25","ophelia_43","goose_44","iris_44","jarjarbinks_44","lambchop_44","hamlet_45","hera_45","jarjarbinks_45","korra_45","ophelia_45","goose_46","hamlet_46","iris_46","lambchop_46","hamlet_48","hera_48","iris_48","jarjarbinks_48","korra_48","kubo_48","lambchop_48","ophelia_48","wolverine_48","iris_49","jarjarbinks_49","kubo_49","ophelia_49","wolverine_49","jarjarbinks_50","korra_50","kubo_50","lambchop_50","ophelia_50","wolverine_50","lambchop_51","goose_52","jarjarbinks_52","kubo_52","hera_53","kubo_53","iris_55","lambchop_55","ophelia_55"
"buddy_16",0,7.25687218801014,6.65741739407239,11.0544421433062,8.70743991526479,7.91721772418316,8.14713846764277,7.55823489474585,7.02282169136789,5.54360427545684,7.47190556888491,9.80563831242285,6.53215308969692,3.58649666235016,6.20358492308949,9.09272994113823,7.04297349023094,6.98362051923279,6.71779561267326,7.74663697882437,6.7286300410793,2.61636658503096,8.63090638153658,7.96197793331973,7.07044513904208,9.3650191102846,3.22194771483144,6.88137516651918,5.43250213702343,6.29912267790416,4.29851147380605,7.20554812118807,8.43723333138787,2.58377494856687,6.0263685474605,9.14953512429034,8.12656978265355,5.93984395608849,5.86336057622203,8.27237360173448,6.88886475844883,7.73552253791896,6.78858428788295,7.02876408505825,6.95729713207221,9.45840621332475,7.56421487790178,4.86798043751684,7.08463392560294,6.91673546453525,8.42446456556478,4.68629867344819,6.50931816516326,6.17147866802977,8.24188897412893,7.84610720922047,10.353146222083,8.70169435295764,6.99296070658151,5.3874033277932,7.49781918336206,7.49181477880796,6.25493981649289,7.69936398184295,6.25862414912882,7.71393564321105
"buddy_17",7.25687218801014,0,4.36239981164469,13.5133096987857,5.12910032656625,5.09760773502985,4.71823164922157,4.0004178307548,2.92433884308719,3.96561278169744,3.2331263338601,6.2761685078759,4.26051100851412,8.89292205720369,4.21767249043933,4.62928084451048,5.09335265555874,3.94819709520144,4.72081311139323,4.40903805929312,2.68152825741566,7.25022520917928,5.16923074175658,3.33711191297586,4.54094317114284,5.67068723277503,7.08382987111672,4.58041038432378,3.52911686178,3.94383945527312,4.04488373007259,5.3481954340111,4.44303817899141,5.47815549501546,3.89797400370664,6.04528455916814,4.87523067705397,3.75888034433147,3.41536439382,4.65803675179616,4.8656923312268,4.95242562812006,3.45110208987809,5.09341492359924,4.30152627063447,5.53480159892868,4.55782210908558,4.48781748553247,4.14668851186719,4.77249482601764,4.55852769804994,4.74835714889435,4.68591636525836,4.13988783775475,5.43505612038384,7.13710229174855,6.12593849143962,5.73767954675443,4.96541822106162,5.06283478583447,5.35041943303646,4.03539851901917,3.41722083993503,3.9144225297935,4.50674229948621,3.87973789837149
"ivy_17",6.65741739407239,4.36239981164469,0,12.4330595763112,4.15011022972682,4.87475575982211,6.42544690583636,1.971113214192,4.62606013807452,3.67564354993912,5.24308769763736,6.52806414612496,3.24917583299614,8.20537339571707,2.42812559409302,4.05352496392022,4.75264710189157,3.09741880627169,4.30013419982584,2.90336400778004,4.40161226967425,6.64693108022694,3.20286953256678,3.99170949914804,3.49038223068865,6.61992961627816,6.29373478719742,4.5505427312085,3.73773852712156,4.40991785617411,3.5663996411268,3.71473180987081,4.93217413379694,5.01634306757396,3.42968266854501,6.76187863870824,4.94469419474462,4.24735829682148,3.36386968812613,5.54762034378546,2.64552316072597,3.00538039381684,4.39438700277623,4.56450284431507,5.60570950435785,5.48560976937105,4.64701539109507,3.79356080390992,4.1760933846548,5.67314635373483,4.61932244720839,4.12881515481615,3.563437637433,3.97982576886194,4.99793526940222,5.43718263591074,5.91309190803774,5.50854927657682,4.52356923157579,4.8535501283518,3.09332782310767,3.73492267253727,3.37140746493914,4.61518368238811,3.47856816822182,3.20416963660534
"padme_17",11.0544421433062,13.5133096987857,12.4330595763112,0,13.859753075448,14.7334980875695,14.6142247869871,13.5561160837774,13.7666032474772,13.1663507675581,14.1621443684422,15.8211258423832,13.5376585107766,10.2502809558848,12.8923067319945,14.7304551474725,14.2504422277012,13.6279810168094,13.9879510304063,13.9898267984967,13.6156592077617,10.5260266060689,14.1019737066363,14.3759064373842,13.5572868496766,16.0907473592086,11.921444655779,13.8962942729676,12.9808994852186,13.3689550774909,11.9318830400198,13.8975294592207,15.1759709587997,11.6219647480863,13.360912499885,15.782904894164,14.8519393434862,13.508912414136,13.0639788117523,15.2471703653908,12.6043578242105,13.8923890558586,14.0733857187051,14.0524655104438,13.9975198420908,15.396144963214,14.6836859941591,12.6928443251603,14.2082630542732,13.6921687838272,14.906881925897,12.8677326304375,13.8031763618704,13.7112254269728,14.5215956046309,11.2555479908554,15.6193276419622,15.1301820491626,14.0359299807577,13.5842315697276,13.0004960613896,13.9732023383971,13.3229105904202,14.6230937334639,12.8937517863564,12.8387821074541
"buddy_18",8.70743991526479,5.12910032656625,4.15011022972682,13.859753075448,0,4.20467662594036,8.24983396444684,3.94971623088645,5.8579286280066,4.86752951977495,4.91117731362207,4.15753693987538,4.33928666830133,9.97851166055522,5.50608628076528,4.4206182595672,4.47753969570825,5.22081046097639,4.5252853503082,5.04877740537582,5.74184464080901,8.5108754127949,5.4748219204836,3.86280448264757,3.86105121093896,7.91493666735961,8.89000434978334,4.75763030310819,5.81507267430635,6.79924052044285,5.06328428324617,6.29121685552722,5.13556489401122,7.08275984589557,4.34269172271787,8.47445498317702,5.06637423297543,5.93389470353413,5.54429019468734,6.75887406374963,5.04979457124012,5.20226199510086,5.66360755690941,4.51564474077746,7.67997741527704,5.65030713488562,4.8553284989864,5.89411129942106,4.80430658110012,7.97875206682539,5.15218904237017,5.79382812006926,4.84222761996489,5.8371131398895,4.51004232467595,7.9344733788496,4.49711597789154,4.43027180192806,4.17170942658243,5.88741812500297,6.21900313251221,3.70699197576071,4.93129176143943,4.76127382060042,4.40525222032881,4.88702444151061
"ginger_18",7.91721772418316,5.09760773502985,4.87475575982211,14.7334980875695,4.20467662594036,0,7.30024131938328,3.96492932407885,4.80244583971562,2.73725942386713,3.3489713771499,3.13272779606471,2.34972091366571,10.0553178688171,5.03860224529118,4.04021201014332,1.18748221675488,4.1946470060451,1.94981323170007,4.2540735109939,4.37170919045244,8.29513674021964,5.49738132947619,2.85780991187799,2.35343426488007,6.06679607673416,7.87890011595731,2.03898171956447,4.54338491710678,5.59589130482665,4.37568995469057,5.24862946942853,2.56133499365775,6.00686959952264,2.44757131039492,6.91944572662772,1.8558167741243,4.26456918340288,4.54403990852021,4.84439372292942,5.69685358172406,4.67336187114714,3.64483171943507,1.47783920434128,6.4956235214828,5.10620402746741,2.21991644510697,4.67402208657456,2.27203340881937,7.2238143845594,3.69241885607589,4.11635562678682,2.720510342698,3.72131633660858,1.88716979962677,9.57607119706315,4.78812552443126,1.2972741538936,1.26364193495241,3.62474170939421,6.58468709745374,2.17777695920693,3.36044303270297,2.83596929406493,3.4994392484063,4.72746962047676
"ivy_18",8.14713846764277,4.71823164922157,6.42544690583636,14.6142247869871,8.24983396444684,7.30024131938328,0,5.9476105819048,3.03376547842711,5.88688237194483,6.35076861075937,8.95581956894494,6.23112535220283,9.89089232881169,5.4150216305677,6.87657847566896,7.14387569398009,5.00973039948398,6.44559772543896,5.82650965778743,3.98396867927231,8.38254866537992,6.45222280360294,5.58835999807292,7.01275598952459,4.69599508961598,6.97282768802341,6.82130954278386,4.28055588389425,3.70851524396114,6.01219983025652,5.91003991719955,5.90784456360351,6.59593486821791,5.7751305861608,4.59772781371347,6.66342043394758,4.17615197354421,4.20003587492314,4.13674785501538,6.93350874330126,6.35235742551807,4.27896593423001,7.26285416641347,3.52401813439835,6.76950586964373,5.95536164147033,6.07153789602743,5.54981245791295,3.96764720747497,5.99220848982522,6.44209659796589,6.12895724894395,4.91194402169931,7.75240883289998,8.34225707351391,8.64736221776038,8.01186034542297,7.15491938039795,6.62863404788629,6.20662760042182,6.33863115008805,5.03324522149521,5.12812899938302,6.4467693590087,5.5851801726577
"franc_19",7.55823489474585,4.0004178307548,1.971113214192,13.5561160837774,3.94971623088645,3.96492932407885,5.9476105819048,0,4.09422895322424,3.40010914094054,4.72606058906723,5.68526396485951,2.76527444686459,9.38901171136921,2.68828144253291,3.29290539197902,4.0871045058761,1.83476785719074,3.60242303478023,2.26449232371772,3.96193482069817,7.73209287087691,2.92219029584879,2.99045942775342,3.2432901752938,5.11836347754897,6.92066855630889,4.08849215526431,3.69867849358146,4.34951828236782,4.10207862853904,3.40280242929617,3.80814873359319,5.67023647371915,3.05503295961122,5.59180743751151,3.97627352558501,3.90134878032002,3.29706605728434,4.15956716545826,3.44132746947208,2.63122737520788,3.41840090466847,4.0539644733181,5.40044854959043,4.54472878292923,3.49436292323838,4.11467183129158,3.16201803879833,5.72484003959196,3.61229084742427,4.29056637032954,2.96072067669612,3.2465329064474,4.38832710289409,6.7880101672288,5.1661609023295,4.63405564055487,3.93443032715126,4.61018459701073,3.59064504102567,3.05175074467844,2.83606139307735,3.25946696792718,3.53790497723799,3.00426432254859
"ivy_19",7.02282169136789,2.92433884308719,4.62606013807452,13.7666032474772,5.8579286280066,4.80244583971562,3.03376547842711,4.09422895322424,0,3.52418124677875,3.84819518044584,6.38537758874209,3.90084802156799,8.85280769228208,4.05199527122359,5.0582974218773,4.65789675204231,3.46834866018677,4.07074442610721,4.2582067030178,1.72091304235791,7.13717341540146,5.22690148855568,3.14292389264232,4.59737081124266,4.70485627514081,6.39734390873633,4.35399691529121,2.53336224273616,2.81081545723237,3.81013040080231,4.85907462692462,3.75585777529018,5.09944550600342,3.34139347750765,5.1181953443804,4.39581114394672,2.36184109565201,2.49128999590517,3.519223752671,5.51767319319639,4.92268567367788,2.31740594153623,4.79075610150168,3.27597858460921,5.53722273812388,3.80841614044386,4.40927947109293,3.11599170060231,4.04423171264856,4.30500297754613,4.59262713128524,4.07282146586748,3.14620806956708,5.25762362961918,7.75638090061041,6.75767522929605,5.52087843564478,4.61342359698107,4.6929059918871,5.43608851786776,3.89785334477577,2.74395718935228,3.1340386417472,4.17712319222398,3.98912521544527
"ginger_20",5.54360427545684,3.96561278169744,3.67564354993912,13.1663507675581,4.86752951977495,2.73725942386713,5.88688237194483,3.40010914094054,3.52418124677875,0,3.22539984626103,5.19756754437776,1.75237812704612,7.88432813412641,3.23364946108481,4.45342559998304,2.29510221402281,3.12981771802694,1.92354829429127,3.4754039027236,3.0004510991788,6.10031108247797,4.86327283347921,3.11591900909246,2.56395791938615,5.6538923419762,5.46143631678194,2.28746643186583,2.41714785245881,3.75067207968633,2.34720802543728,3.97560532717173,3.36913135630883,3.54960180830647,1.19672751171357,6.08798821029089,2.97368320276679,2.61553550424152,2.77317453764374,4.32599284424555,4.50601537349002,3.91523816842677,2.59531469630131,2.38306896913706,4.8525334517055,5.23962464183006,2.52188882885517,2.66940852168433,2.03183883125109,5.46310093408913,3.74631253468525,2.1855843714106,1.90590805438831,2.15364555046548,3.48656164074704,7.89030567070654,5.88736634528748,3.76374776857604,2.2653564976417,2.24931330583832,5.19175140012284,2.49750070084467,1.79913176202827,2.93660642479263,2.62864454771492,3.94245099802069
"buddy_21",7.47190556888491,3.2331263338601,5.24308769763736,14.1621443684422,4.91117731362207,3.3489713771499,6.35076861075937,4.72606058906723,3.84819518044584,3.22539984626103,0,4.29828962956536,3.48898967563797,9.20215233725032,5.31316187417177,4.81874105926424,3.48877851000529,4.78050409585727,3.55348372845398,5.11032642351125,3.12577346888767,7.48576822338731,6.26599558179389,3.48180814187505,3.54592323196382,6.53630466634688,7.76141955878704,2.66666294504906,4.30758489045476,5.21335466464534,4.11164801929533,6.19945062799285,3.82220985098444,5.4852724956147,3.37887527221573,7.30902764692564,3.23352553749693,4.32625897883731,4.50948363681879,5.34077090432595,6.08870041007507,5.75203795593661,3.55609237729186,3.3823859097014,5.98088593393959,6.16304442101238,3.73717216737755,4.85199192089465,3.51992583855721,6.78786300941317,4.73250610736963,4.58426548683578,4.29017159712953,4.34256875213237,3.62329809567697,9.1520686865438,5.90755344039313,3.75768218376959,3.32498485217441,4.49834656264311,6.97372890057077,3.29102049729529,3.54150518122404,3.67431144246182,4.04364274110923,5.07862229600164
"joans_21",9.80563831242285,6.2761685078759,6.52806414612496,15.8211258423832,4.15753693987538,3.13272779606471,8.95581956894494,5.68526396485951,6.38537758874209,5.19756754437776,4.29828962956536,0,4.71531362998616,11.5398576832799,7.13869007650844,5.42405443480543,3.74344077893483,6.21711709756536,4.36130687658269,6.29468259757635,6.01281372702949,9.90891163727899,7.18118395205128,4.36374045419405,4.43014118159126,7.78663009425972,9.99929965206922,4.09073710063412,6.71875279143158,7.67338670857666,6.26079667384826,7.44422753920873,4.3758089998018,8.04420797648148,4.83852719356737,8.79540011751092,3.91853394973191,6.42025977600176,6.61489536166699,6.74234597550443,7.42961303806461,6.68482813472353,5.61661182298508,3.93074628064923,8.34658201961788,6.56388053842183,4.47884220312031,6.90555345057008,4.58551384746673,9.0877533211,5.50437860611844,6.43974215307303,5.25766411068413,6.11731061621014,3.46180546756408,10.9258646658824,5.3225611110547,2.85863400317128,3.70773402805609,5.95013734954594,8.41420845173096,4.24662742562277,5.5806945943956,4.74558780442681,5.35962641217891,6.44486316764633
"franc_22",6.53215308969692,4.26051100851412,3.24917583299614,13.5376585107766,4.33928666830133,2.34972091366571,6.23112535220283,2.76527444686459,3.90084802156799,1.75237812704612,3.48898967563797,4.71531362998616,0,8.54021410272077,3.37257687742235,3.6953395103099,2.12960421930951,2.78532285001082,1.72586291076368,3.26325236499258,3.2339633110201,6.72242161677802,4.48854330419304,2.93576265976314,1.58706799133934,5.57009944680632,6.24638349612754,1.72413705566116,3.1561063050611,4.2186047684493,2.87194094008818,3.90482367964822,2.93050395414465,4.4177513695449,1.53866943467202,6.07384193107867,2.25162666591707,3.14345034160773,3.10456125959039,4.24414586398662,4.40718946976804,3.57622865012293,2.66989435551602,1.7667370893259,5.38002965026511,4.97742054875645,2.37845657016827,3.21064073640239,1.99798305187756,5.92875854804527,3.45482624402374,3.00120712234531,1.5967186438994,2.30764500575558,2.72076915821431,7.96443632018769,5.28220422103765,3.05513880520354,1.91312283236941,3.23670756430423,4.98812242483837,2.24923408143091,1.98654408585466,2.80616427227125,2.54555237681333,3.66998552117973
"grogu_22",3.58649666235016,8.89292205720369,8.20537339571707,10.2502809558848,9.97851166055522,10.0553178688171,9.89089232881169,9.38901171136921,8.85280769228208,7.88432813412641,9.20215233725032,11.5398576832799,8.54021410272077,0,8.41782711339732,11.06592033464,9.24577349025336,9.04096715402276,8.81630895643962,10.0547683490361,8.61230328256173,1.98043303839438,10.7475688108077,10.0395400938545,8.88130851638801,11.7340883528389,5.66391479948084,8.7861239374609,7.58373217571807,8.35884191118836,6.06238768984749,9.69552872006547,10.7790506861577,4.74986773090718,8.17994615319898,11.5426964345286,10.2525273701368,8.2239775008196,7.97727179593223,10.6052111095928,8.90607704867465,10.0742564110828,8.97271204158487,9.02549411860499,9.12647436851145,11.6923353922146,9.83529094938744,7.56410017406924,9.33345421004715,9.00032452711122,10.7842527904939,7.51747983072904,8.86966926492078,8.60096335061865,10.1382877309181,8.46631403154799,12.2620167032223,10.635410134921,9.00549100015463,8.33756257836698,9.4064517448353,9.40303641335862,8.3353747162081,9.82365907500166,7.97295010717383,9.73463276887845
"henry_22",6.20358492308949,4.21767249043933,2.42812559409302,12.8923067319945,5.50608628076528,5.03860224529118,5.4150216305677,2.68828144253291,4.05199527122359,3.23364946108481,5.31316187417177,7.13869007650844,3.37257687742235,8.41782711339732,0,4.0826730069006,4.84453903048781,2.72679845346571,4.0955409444957,2.00024823500321,3.90091725640512,6.83309368898116,2.70726403716408,4.01087993378967,4.21647127490419,5.4128406015373,5.04463751979155,4.7554563975226,2.94040387994567,3.5295544401504,3.75054461679382,1.802491835707,4.58260666585153,4.46858447285568,3.39621505091638,5.17386112302328,4.78748910582498,3.38400713948658,2.76613317780037,4.47965410442256,2.888444362892,2.04383245764492,3.68589041043724,4.86570360932645,4.47991985386737,4.61653548840651,4.06860661621588,2.95525431887129,3.70528140733391,4.49363926369774,3.69257090676356,3.41951916413766,2.91042458659807,2.83529241195614,5.54942519153728,5.75668995452203,6.06942642643339,5.98374994258583,4.80236615584172,4.03375125695097,2.2499755174501,4.1581681456175,2.81864804267955,4.27270030579367,3.82951137090384,3.04684660522553
"joans_22",9.09272994113823,4.62928084451048,4.05352496392022,14.7304551474725,4.4206182595672,4.04021201014332,6.87657847566896,3.29290539197902,5.0582974218773,4.45342559998304,4.81874105926424,5.42405443480543,3.6953395103099,11.06592033464,4.0826730069006,0,4.49842315118669,4.09736081557466,4.43479828023247,2.88334670484152,4.74466840184848,9.33941045493652,3.05789538713898,3.22362558368964,3.52285779987029,5.99099762797263,8.48861695669829,4.39057082984751,5.05712011684715,5.43653295838045,5.47103902963619,4.18133793037146,3.44820974816291,7.18042447801798,4.11624791100545,6.08330093370117,3.78839381588811,4.99428233080847,4.59688675547497,5.13031298206308,4.17785380619821,3.01421147965275,4.51839691241277,4.38634916922805,6.28390080876096,2.9377335131136,4.12510228308092,5.03860528747312,3.97591170944354,6.57308396018012,2.27545420863056,5.23212823310119,3.87470444216068,4.3676298580739,4.12476377430703,7.72474809441182,2.71920704652322,4.38969889645638,4.43856897989486,5.36892249248874,4.38741439099318,3.4553820246646,3.71392336376536,4.23108208963683,4.61491328876847,3.17970830896525
"marshmallow_22",7.04297349023094,5.09335265555874,4.75264710189157,14.2504422277012,4.47753969570825,1.18748221675488,7.14387569398009,4.0871045058761,4.65789675204231,2.29510221402281,3.48877851000529,3.74344077893483,2.12960421930951,9.24577349025336,4.84453903048781,4.49842315118669,0,4.0961592937837,1.51018225449221,4.41535879727293,4.2768631148501,7.49372123026476,5.71761693525941,3.05822454458441,2.3954429313641,6.15415988102035,7.12329914818609,1.82419417209909,4.18373140490018,5.35235456301597,3.67043353116087,5.10788869091013,2.84632421288107,5.22227516918809,2.01695310597452,6.88682305928714,2.23910285366176,3.76116917938448,4.12987688465503,4.84242328028948,5.511670480834,4.70077096059514,3.43997288612492,1.05675194192287,6.17774640751558,5.45364639799897,2.27377802697856,4.09144633252182,2.13024389377312,6.83360959048574,4.0036118146118,3.38207815343317,2.3607729613728,3.39057955045167,2.21997566435835,9.31273318668278,5.3693021377268,1.92723649769657,0.65600177663406,2.86891965306808,6.47614631926679,2.5947965252716,3.22365698257926,2.89913434858606,3.18030649708731,4.82290138466831
"franc_24",6.98362051923279,3.94819709520144,3.09741880627169,13.6279810168094,5.22081046097639,4.1946470060451,5.00973039948398,1.83476785719074,3.46834866018677,3.12981771802694,4.78050409585727,6.21711709756536,2.78532285001082,9.04096715402276,2.72679845346571,4.09736081557466,4.0961592937837,0,3.44551968982995,2.78848265514866,3.38467292351092,7.34186985475121,3.70890304438373,3.27919929278158,3.73787181411517,3.834953539703,6.08751989562559,4.0259379446675,3.05263186583438,3.60937664304792,3.87089966359862,3.18932511941365,3.66877371412585,5.07727926767441,2.94765008091492,4.30535467737551,3.86633660911452,3.08926606357476,2.72929733687337,2.89585541889911,4.1788460470295,3.16355092939953,2.30212828406613,4.12813014006087,4.54479671882599,4.7184654078401,3.16664121649701,3.79848649106238,2.73651894855886,4.97728680048915,3.61243441044009,3.92729350612208,2.7577626550755,2.07733916784646,4.69267430060807,7.23769546444054,5.95715094614869,4.97034665847523,4.05550420483593,4.18193225974336,3.91058963680107,3.52432053776599,2.32473726758863,2.74675919827698,3.65073191415103,3.38380209676632
"ginger_24",6.71779561267326,4.72081311139323,4.30013419982584,13.9879510304063,4.5252853503082,1.94981323170007,6.44559772543896,3.60242303478023,4.07074442610721,1.92354829429127,3.55348372845398,4.36130687658269,1.72586291076368,8.81630895643962,4.0955409444957,4.43479828023247,1.51018225449221,3.44551968982995,0,3.97014961759609,3.80213718252605,7.102783791472,5.32509309604595,3.02632898648184,2.74611009997352,5.53265631112462,6.32368353266691,2.08850265154196,3.55893649341382,4.84442787357988,3.31236631800257,4.38268216605502,3.07152779073693,4.61630510879379,1.76292280923429,6.15680985496361,2.27070722889737,3.19640730058157,3.60580967178259,4.20636544174353,5.36220959884612,4.26949721035315,2.85534763656513,1.78636293395582,5.69111616426604,5.12485495883251,1.4890753172841,3.95655891529202,1.59428493468736,6.29051449604294,3.74364503427628,3.39435153180511,1.61430013960312,2.71795784013409,3.03399406251184,8.78297937136631,5.58095848338904,2.84495604288178,1.40291662588241,3.0544068807949,5.84301529456755,2.70970603099263,2.66052112743602,2.39442974673064,2.69654249813866,4.58902212027745
"henry_24",7.74663697882437,4.40903805929312,2.90336400778004,13.9898267984967,5.04877740537582,4.2540735109939,5.82650965778743,2.26449232371772,4.2582067030178,3.4754039027236,5.11032642351125,6.29468259757635,3.26325236499258,10.0547683490361,2.00024823500321,2.88334670484152,4.41535879727293,2.78848265514866,3.97014961759609,0,4.09360792445228,8.36189380004078,1.63768047185602,3.19398102775931,3.80478422810069,4.9993165272897,6.76290044997565,4.53101936950781,3.67136407590515,4.06477899423937,4.71076944087374,2.06442972334746,3.52072854504218,5.92459905301727,3.40558565985457,5.10006568531839,4.01978273121996,3.79844959379242,3.35386161515078,4.14407815232647,3.21879492859036,1.21731568943028,3.7267833943921,4.50009261621978,4.94679673897315,3.72060780313892,3.53756550206785,3.71303032874454,3.30576908511533,5.21033146782258,2.68960694655349,4.01546691486042,2.81402937079398,3.11322287307886,4.74186952556433,6.91949510170026,4.96573038805834,5.10796815735123,4.44882039276695,4.23754758093697,2.99207736600436,3.48522687592497,2.99435879701437,3.79094447802081,3.95898048653439,2.56873781144541
"ivy_24",6.7286300410793,2.68152825741566,4.40161226967425,13.6156592077617,5.74184464080901,4.37170919045244,3.98396867927231,3.96193482069817,1.72091304235791,3.0004510991788,3.12577346888767,6.01281372702949,3.2339633110201,8.61230328256173,3.90091725640512,4.74466840184848,4.2768631148501,3.38467292351092,3.80213718252605,4.09360792445228,0,6.7895945623678,5.17662757472012,3.25978654454186,3.89329292383413,4.99837262698687,6.3394108828559,3.57414031117723,2.4541735197528,2.81997984342611,3.48287856175378,4.78466364694085,3.51403655641404,4.69094462460636,3.02579393182665,5.45875917284497,3.82604957184057,2.59493156747319,2.63425653034831,3.78109554879355,5.30211892277792,4.7876418028602,2.14951192076079,4.21895827565814,3.63533327478826,5.64566367017707,3.69118480433173,3.80746872426809,3.07078032474924,4.4861897998476,4.15713575879641,4.08912695325522,3.79640234738327,2.80635624222616,4.66206071478147,7.86159252520485,6.54233022221367,5.06504557888353,4.18658061543583,4.33028083514712,5.44100916672006,3.52472933220795,2.36561084998442,3.29872269691655,3.9426733175708,3.81141152218736
"marshmallow_24",2.61636658503096,7.25022520917928,6.64693108022694,10.5260266060689,8.5108754127949,8.29513674021964,8.38254866537992,7.73209287087691,7.13717341540146,6.10031108247797,7.48576822338731,9.90891163727899,6.72242161677802,1.98043303839438,6.83309368898116,9.33941045493652,7.49372123026476,7.34186985475121,7.102783791472,8.36189380004078,6.7895945623678,0,9.14679170811235,8.26715002810289,7.06991035342655,10.0799031617578,4.68883426839176,6.97679221752122,5.81269575228936,6.61336462509523,4.26435685465814,8.10955097638268,8.91665321576379,3.10923589904989,6.37460421119453,9.96623515594026,8.44562471424144,6.44313456057043,6.20787827702152,8.88766998236123,7.42216214460957,8.44284316890452,7.18017806850121,7.2486209790961,7.48017300095661,10.0636989609334,8.10667980465644,5.81545023177702,7.55168471297045,7.47675779988952,9.03222308724333,5.79346102178304,7.13592852007309,6.80619799343209,8.35579896402884,7.71816745219993,10.6390210937804,8.88159554676688,7.26094928355616,6.64962988666172,7.98572267973251,7.6175272972319,6.52861995682035,8.082067289297,6.33230635169668,8.01950295794595
"henry_25",8.63090638153658,5.16923074175658,3.20286953256678,14.1019737066363,5.4748219204836,5.49738132947619,6.45222280360294,2.92219029584879,5.22690148855568,4.86327283347921,6.26599558179389,7.18118395205128,4.48854330419304,10.7475688108077,2.70726403716408,3.05789538713898,5.71761693525941,3.70890304438373,5.32509309604595,1.63768047185602,5.17662757472012,9.14679170811235,0,4.19882338468297,4.77724617474535,5.78814602081662,7.56177261463148,5.76116416374821,4.77707234579014,4.88426023177712,5.72075647186282,2.70508646839789,4.63560295034249,6.97180534623756,4.69559442070402,5.63622456457502,5.23570920716072,4.99304119557111,4.34214972088307,5.17350229251938,3.11310004622563,1.66594422231155,4.9334980264651,5.73722818646329,5.70646588171789,3.91179366269363,4.94101631218364,4.74855545197243,4.63952477123623,5.7266132788752,3.44670663524678,5.21358015011656,4.16934348891742,4.37632999133951,5.77215831865302,6.28958178433132,5.05413635495459,6.20669526571342,5.7240326572291,5.58321409118686,2.38600254834385,4.53366824398897,4.12740591623561,5.03671180264281,5.00314572397351,2.83571963982643
"ophelia_43",7.96197793331973,3.33711191297586,3.99170949914804,14.3759064373842,3.86280448264757,2.85780991187799,5.58835999807292,2.99045942775342,3.14292389264232,3.11591900909246,3.48180814187505,4.36374045419405,2.93576265976314,10.0395400938545,4.01087993378967,3.22362558368964,3.05822454458441,3.27919929278158,3.02632898648184,3.19398102775931,3.25978654454186,8.26715002810289,4.19882338468297,0,3.14467022419443,5.07153345310247,7.56825061075357,3.47651398438816,3.51906394807534,4.18883940959715,4.07199513946321,4.41873929992181,1.89507436621642,6.095356750351,2.47161092347543,5.731717827704,3.11137374331347,3.09068329103243,3.0829298383585,3.87351561829713,4.62606501691398,3.7092539530769,2.89968975975375,3.38422921927646,4.66094856444729,4.07713033661203,2.67795391728572,4.28136629913319,2.09649894459048,5.25215634636781,2.84300225786694,4.20637928166842,3.01222635128691,3.29470850670451,3.50429863087368,8.09699628307419,4.48986597199072,3.51302227980852,3.10644642187947,3.99206441232479,5.22476102898053,2.27475692671685,2.73063644792732,2.371342514862,3.59063790066993,3.08215527706126
"goose_44",7.07044513904208,4.54094317114284,3.49038223068865,13.5572868496766,3.86105121093896,2.35343426488007,7.01275598952459,3.2432901752938,4.59737081124266,2.56395791938615,3.54592323196382,4.43014118159126,1.58706799133934,8.88130851638801,4.21647127490419,3.52285779987029,2.3954429313641,3.73787181411517,2.74611009997352,3.80478422810069,3.89329292383413,7.06991035342655,4.77724617474535,3.14467022419443,0,6.58015269104379,7.25234920795573,1.92967816713834,3.93517741105877,4.85088559040943,3.32599189206473,4.86645768028529,3.28081616916367,5.19230975364145,2.17335622501721,7.10870859741551,2.75281372726865,4.07583738207221,3.86332796029024,5.26856413692971,4.40280875988742,4.11677290262223,3.72282594154835,1.79038444251987,6.12470727620938,5.24570915525863,3.38172079293132,3.74747438066111,2.97324126014851,6.6529988761862,3.86745644709619,3.57153427662865,2.80652641404764,3.51955472624113,2.19519961944683,8.0779193646691,4.79299477980553,2.67249813600652,2.08965175048537,3.8792934457561,5.50408838350139,1.849139183621,2.75074312627472,3.59073244183569,3.02189410277383,3.76340739681722
"iris_44",9.3650191102846,5.67068723277503,6.61992961627816,16.0907473592086,7.91493666735961,6.06679607673416,4.69599508961598,5.11836347754897,4.70485627514081,5.6538923419762,6.53630466634688,7.78663009425972,5.57009944680632,11.7340883528389,5.4128406015373,5.99099762797263,6.15415988102035,3.834953539703,5.53265631112462,4.9993165272897,4.99837262698687,10.0799031617578,5.78814602081662,5.07153345310247,6.58015269104379,0,7.85448063258545,6.29524421731449,5.20113152435258,5.13152703138479,6.82351123239905,4.90468239904546,4.68233802555268,7.56440191137617,5.55210790450547,2.01139244584267,5.39433157587364,4.70746575262518,5.01860615714578,1.60119897920986,7.03402076445483,5.38008322096435,3.65668739164583,6.44172547974127,5.06563133703729,5.37548126209482,4.47369398193985,6.23160516478999,4.56237313693443,5.67265588178646,4.68481114314098,6.31546172886827,5.07552947392024,4.04119811153723,6.84674398782567,9.85457606979274,7.45131647681714,6.76782231786441,6.32922015251615,6.03451867335997,6.25579423892572,5.92892284269506,4.89858680495086,3.81014040046766,6.47354851065711,5.57802544716402
"jarjarbinks_44",3.22194771483144,7.08382987111672,6.29373478719742,11.921444655779,8.89000434978334,7.87890011595731,6.97282768802341,6.92066855630889,6.39734390873633,5.46143631678194,7.76141955878704,9.99929965206922,6.24638349612754,5.66391479948084,5.04463751979155,8.48861695669829,7.12329914818609,6.08751989562559,6.32368353266691,6.76290044997565,6.3394108828559,4.68883426839176,7.56177261463148,7.56825061075357,7.25234920795573,7.85448063258545,0,7.03656591832938,4.88716885552509,5.56080086709693,4.76864018376654,5.58508417703196,7.90170318224438,3.09747514995776,5.91604036682951,7.31067072831863,7.72112943033247,5.20791519544216,5.22405542958261,7.01620320097905,6.60086470098109,6.64409344340844,6.08592109251529,7.18035892471456,5.95100017568195,8.42018965427115,6.83862344435848,4.8012264062268,6.47705494908135,5.70614550364616,7.54206241051919,4.84794864992666,5.75004706271096,5.24975401994028,8.39985549999836,7.42632483525296,10.0164524054965,8.79488142298017,7.11301630007745,5.43651627505766,6.20235047254995,7.46403841613787,5.76340914089784,7.0971886307367,6.13404000138601,7.09627049684064
"lambchop_44",6.88137516651918,4.58041038432378,4.5505427312085,13.8962942729676,4.75763030310819,2.03898171956447,6.82130954278386,4.08849215526431,4.35399691529121,2.28746643186583,2.66666294504906,4.09073710063412,1.72413705566116,8.7861239374609,4.7554563975226,4.39057082984751,1.82419417209909,4.0259379446675,2.08850265154196,4.53101936950781,3.57414031117723,6.97679221752122,5.76116416374821,3.47651398438816,1.92967816713834,6.29524421731449,7.03656591832938,0,4.01999153499413,5.06181784921125,3.37429479568716,5.31269516004083,3.19679643294864,4.81918266406019,2.28917556908441,6.97935292759462,1.81723294160804,3.87830164960787,4.091746611878,4.9820404757612,5.53014655997448,4.93255896351289,3.17482116872354,1.15116588592,6.13565766744518,5.84236276020627,2.8616521296769,4.05981603180656,2.59601221814243,6.83509496916398,4.25437819949569,3.57826751753735,2.79211220464765,3.33946349548255,1.97836251095426,9.04604411711934,5.62992553699719,2.37048553820993,1.59460720184792,3.58537728060453,6.4041354326135,2.66400096692524,2.90371173978196,3.27369998064897,2.95883827185416,4.71585834013544
"hamlet_45",5.43250213702343,3.52911686178,3.73773852712156,12.9808994852186,5.81507267430635,4.54338491710678,4.28055588389425,3.69867849358146,2.53336224273616,2.41714785245881,4.30758489045476,6.71875279143158,3.1561063050611,7.58373217571807,2.94040387994567,5.05712011684715,4.18373140490018,3.05263186583438,3.55893649341382,3.67136407590515,2.4541735197528,5.81269575228936,4.77707234579014,3.51906394807534,3.93517741105877,5.20113152435258,4.88716885552509,4.01999153499413,0,1.59874507987457,2.58971002114852,3.89513541686581,4.03201698555835,3.63430965875231,2.29743582811608,5.32455091346352,4.46701085304964,1.52682889869188,1.30643861279356,3.96408667533692,4.66580314569139,4.21390334439359,2.52449880667531,4.24624486139902,2.90785312705615,5.45578665874631,3.7263904342442,3.10175479431363,3.00252808587464,3.52393440712493,4.21279934310188,3.25271106470624,3.16181187023694,2.2710369415946,5.11565748041138,7.05532699846639,6.82497316609502,5.47891244060839,4.14545112851501,3.60819594373593,4.61154248509689,3.40308058550481,1.94597821862422,3.53096652790559,3.50151800509709,3.60078424554461
"hera_45",6.29912267790416,3.94383945527312,4.40991785617411,13.3689550774909,6.79924052044285,5.59589130482665,3.70851524396114,4.34951828236782,2.81081545723237,3.75067207968633,5.21335466464534,7.67338670857666,4.2186047684493,8.35884191118836,3.5295544401504,5.43653295838045,5.35235456301597,3.60937664304792,4.84442787357988,4.06477899423937,2.81997984342611,6.61336462509523,4.88426023177712,4.18883940959715,4.85088559040943,5.13152703138479,5.56080086709693,5.06181784921125,1.59874507987457,0,3.85480891059187,4.26366962204909,4.48432349376126,4.73937145491384,3.55661452016931,5.08362113177024,5.27625952183271,2.27287623486225,1.87331215641571,4.13390361620455,5.12142009263575,4.64321172307755,3.17204752676301,5.35605846300506,2.06433918369008,5.79328294601405,4.76136428494719,3.90334444881936,3.99976760989383,2.76486489834246,4.65364946317488,4.29602143311536,4.25784471944159,3.04899705624622,5.97039823129797,7.16395953378684,7.3937387471386,6.4296205552648,5.35755227166285,4.70839881077684,4.71493389695822,4.28804793702473,2.88676758632342,4.39159171588185,4.6602208008601,3.71449089703102
"jarjarbinks_45",4.29851147380605,4.04488373007259,3.5663996411268,11.9318830400198,5.06328428324617,4.37568995469057,6.01219983025652,4.10207862853904,3.81013040080231,2.34720802543728,4.11164801929533,6.26079667384826,2.87194094008818,6.06238768984749,3.75054461679382,5.47103902963619,3.67043353116087,3.87089966359862,3.31236631800257,4.71076944087374,3.48287856175378,4.26435685465814,5.72075647186282,4.07199513946321,3.32599189206473,6.82351123239905,4.76864018376654,3.37429479568716,2.58971002114852,3.85480891059187,0,4.94164262972468,4.79068781863029,2.53614648846411,2.33128906263785,6.99975487368004,4.59377392950657,2.94654343302503,2.7274672876758,5.45870773735043,4.51911047244176,4.8997994073928,3.55162856564784,3.53978448649627,4.86101234438083,6.33835104194748,4.23428094991302,2.90065300893841,3.52574649365387,5.14964429246637,5.11311006279856,2.72472113308109,3.33093543992596,3.27196788785962,4.61240906979453,6.83528210242485,6.84295664061715,5.06863890806561,3.47275998153335,3.41366083956233,5.30948923296295,3.69478538406076,2.74019832092835,4.21350424953362,2.88437481023683,4.38621555805886
"korra_45",7.20554812118807,5.3481954340111,3.71473180987081,13.8975294592207,6.29121685552722,5.24862946942853,5.91003991719955,3.40280242929617,4.85907462692462,3.97560532717173,6.19945062799285,7.44422753920873,3.90482367964822,9.69552872006547,1.802491835707,4.18133793037146,5.10788869091013,3.18932511941365,4.38268216605502,2.06442972334746,4.78466364694085,8.10955097638268,2.70508646839789,4.41873929992181,4.86645768028529,4.90468239904546,5.58508417703196,5.31269516004083,3.89513541686581,4.26366962204909,4.94164262972468,0,4.4934433982237,5.53075452857974,4.06958796028996,4.48469898383693,4.87941229460177,3.87872076300143,3.58942305331711,4.21691475171945,3.74669435675614,1.67130096501467,4.10748858684557,5.24643564375122,4.87562634624079,4.15463625783966,4.04475832519174,3.68052488337875,3.90908458943465,4.8571698396511,3.37882949747149,4.00115476537519,2.9368542694589,3.03277833153458,5.88396067203852,6.88107942149843,6.05381193011354,6.18032854592966,5.19460794579253,4.29058528503282,2.68874992606763,4.79641418227555,3.5854416113433,4.49487761722702,4.69573886475864,3.60379849805689
"ophelia_45",8.43723333138787,4.44303817899141,4.93217413379694,15.1759709587997,5.13556489401122,2.56133499365775,5.90784456360351,3.80814873359319,3.75585777529018,3.36913135630883,3.82220985098444,4.3758089998018,2.93050395414465,10.7790506861577,4.58260666585153,3.44820974816291,2.84632421288107,3.66877371412585,3.07152779073693,3.52072854504218,3.51403655641404,8.91665321576379,4.63560295034249,1.89507436621642,3.28081616916367,4.68233802555268,7.90170318224438,3.19679643294864,4.03201698555835,4.48432349376126,4.79068781863029,4.4934433982237,0,6.51852934520043,2.88687985074106,5.46147995083398,2.26868438421392,3.36650507782776,3.68029090963544,3.5769254638538,5.4256933878583,4.01079489881961,2.80827860997878,3.11936996946968,4.94681571696009,4.31592555905985,2.51313855149944,4.49352971863173,2.05048045719468,5.7032713499735,2.70064240071104,4.33358273138533,2.96629229141874,3.12501981624623,3.08389649993186,9.23339898797465,4.81697058635011,3.07891502879566,3.09366103984379,3.94021206154915,5.86577474516905,2.80530168841919,3.09637546948083,2.60937834447835,4.19264420867657,3.69660513507189
"goose_46",2.58377494856687,5.47815549501546,5.01634306757396,11.6219647480863,7.08275984589557,6.00686959952264,6.59593486821791,5.67023647371915,5.09944550600342,3.54960180830647,5.4852724956147,8.04420797648148,4.4177513695449,4.74986773090718,4.46858447285568,7.18042447801798,5.22227516918809,5.07727926767441,4.61630510879379,5.92459905301727,4.69094462460636,3.10923589904989,6.97180534623756,6.095356750351,5.19230975364145,7.56440191137617,3.09747514995776,4.81918266406019,3.63430965875231,4.73937145491384,2.53614648846411,5.53075452857974,6.51852934520043,0,4.11728277175529,7.51304685706516,5.99399154546257,4.13455026715956,4.14611346806128,6.383445203278,5.71747597394452,6.04668041199009,4.73611385219702,5.11523245331957,5.65728238197298,7.74120437381981,5.45741169216847,3.49848503108317,5.0350605901004,5.82987328434388,6.55035585479239,3.33401160981865,4.5056101769171,4.18295154372602,6.39470254487529,7.38548900529166,8.64975478574865,6.81865133420936,5.0855597095801,4.07921375148782,6.12273863464075,5.59753421972332,4.19074678883901,5.67483311639702,4.37763436192971,6.06861762134491
"hamlet_46",6.0263685474605,3.89797400370664,3.42968266854501,13.360912499885,4.34269172271787,2.44757131039492,5.7751305861608,3.05503295961122,3.34139347750765,1.19672751171357,3.37887527221573,4.83852719356737,1.53866943467202,8.17994615319898,3.39621505091638,4.11624791100545,2.01695310597452,2.94765008091492,1.76292280923429,3.40558565985457,3.02579393182665,6.37460421119453,4.69559442070402,2.47161092347543,2.17335622501721,5.55210790450547,5.91604036682951,2.28917556908441,2.29743582811608,3.55661452016931,2.33128906263785,4.06958796028996,2.88687985074106,4.11728277175529,0,6.03418462954582,2.88793135201612,2.29452312027989,2.35787766982481,4.15780149229883,4.47022261603116,3.83975062603154,2.48260235081299,2.13907490872989,4.62582056575742,4.96491859356807,2.39089014550212,3.08016702378515,1.7057592213853,5.23601413319544,3.5347555380545,2.7057441437792,1.84568132352293,2.26241323521017,3.16004890589021,7.8248155364648,5.5364078968924,3.3676258552739,1.94601974549336,2.71292987566163,5.1101611297642,1.8925448760001,1.70544516393874,2.56772637500708,2.43710095200598,3.59527011046739
