"","wolverine_1","hamlet_11","joans_11","ginger_14","kubo_14","wolverine_14","kubo_15","ivy_17","kubo_17","wolverine_17","ginger_18","hamlet_18","ivy_18","kubo_18","wolverine_18","ivy_19","ophelia_19","wolverine_19","ginger_2","ginger_20","hamlet_20","korra_20","ophelia_20","hamlet_21","joans_21","korra_21","kubo_21","hamlet_22","henry_22","joans_22","kubo_22","marshmallow_22","hamlet_23","korra_23","ginger_24","henry_24","ivy_24","kubo_24","marshmallow_24","ophelia_24","wolverine_24","henry_25","kubo_25","ginger_29","henry_29","joans_29","korra_29","kubo_30","hamlet_31","ginger_36","henry_36","kubo_37","ophelia_37","wolverine_37","hamlet_41","joans_41","marshmallow_41","ginger_42","henry_42","ivy_42","ophelia_43","ginger_44","ivy_44","joans_44","marshmallow_44","hamlet_45","henry_45","ivy_45","joans_45","korra_45","marshmallow_45","ophelia_45","charles_46","hamlet_46","ivy_46","joans_46","marshmallow_46","ginger_47","ivy_47","marshmallow_47","charles_48","hamlet_48","ivy_48","joans_48","korra_48","kubo_48","marshmallow_48","ophelia_48","wolverine_48","charles_49","ginger_49","henry_49","ivy_49","joans_49","kubo_49","marshmallow_49","ophelia_49","wolverine_49","charles_50","ginger_50","ivy_50","joans_50","korra_50","kubo_50","ophelia_50","wolverine_50","charles_51","joans_51","charles_52","ginger_52","kubo_52","marshmallow_52","kubo_53","marshmallow_53","charles_55","ginger_55","ivy_55","ophelia_55","joans_56","joans_57","ophelia_57","wolverine_57","ginger_58","wolverine_58","hamlet_59","henry_59","ophelia_59","korra_6","joans_60","marshmallow_60","wolverine_60","joans_62","henry_66","hamlet_67","ivy_67","ginger_7","charles_9","henry_9","ivy_9","korra_9"
"wolverine_1",0,16.3778844061293,20.5694114732066,16.5941628914757,19.4626346183905,16.1430322874021,16.5666665811313,19.1948819791867,17.8574908689801,11.6622981312445,17.919691421704,13.992937473907,15.3456943202696,15.3820614751113,10.1110297920603,14.6754882152163,15.7537213005676,15.5327428257625,22.4309912196305,17.5262199395685,17.2202085595247,21.5816179284313,18.6131142606833,16.3321626269494,22.5423422980474,20.2719966092579,17.3973103749185,19.6326139346404,19.1002524542655,17.965382833401,17.8772844847022,19.0740273504679,17.2579696775892,20.6031584292269,16.078771541931,19.4457525129039,17.1250086058155,20.1752733260136,19.0702458124137,16.134340472711,11.2537512673329,20.5343330954223,17.6936774201425,16.3482448553568,18.7496078700807,17.4897787672151,20.7444214711843,18.5201200046751,17.5870201153727,17.9813829530376,17.87285615382,14.5198196224276,20.5688889104504,11.1287991463019,20.1272148378052,25.1189611152875,24.1295091721856,20.5926972670432,16.7692012950679,13.8384031429048,18.4123971654956,17.3351162255402,22.1796832724224,21.95196483265,19.9892274792027,17.1852532634544,17.1925046648899,15.9367632653672,21.4088283059125,21.1542875806637,18.1406451385121,18.6048344370643,18.7630702675153,17.2713649047183,14.7674614693654,19.9907605195181,19.575619014222,20.4426149229492,12.2407093107998,20.8484827133572,19.2573731097175,16.4177587798956,14.0884541355521,20.895904802748,20.2272286164406,14.4585377893429,21.7665352536707,18.2518485822132,15.0170798711821,20.9202090900309,18.1301879415354,17.3150664363726,12.4343886516644,21.797776992707,12.4868758775683,19.9556850881454,19.5681523179028,15.9287969849377,19.3549104249606,16.5272231709621,18.8948708523562,20.5274337081575,19.3460976091163,14.9959403992742,23.2476659186256,15.540583029541,18.6898202594813,23.0953543223299,17.6585889412417,16.5298361383027,19.9769665083911,21.7055332575022,13.895246052612,18.7490129778588,15.6831316205655,19.3742794504374,13.4092800050354,20.3804251192536,20.0194837168724,20.9953708951182,18.0149724743135,14.7577619426207,18.038210840464,13.3727645358781,17.4740218322918,20.3745557871532,23.3289769210947,19.937711488912,20.9065445692696,23.6894408865716,16.8366632535748,22.0526832410109,17.903727459848,19.0643931789704,16.0488212832021,24.4842042576495,21.5752565511117,23.5648446095476,20.9139256400465,18.2104792076392
"hamlet_11",16.3778844061293,0,19.7601034574667,18.2290735338362,16.6983827000084,18.8220070831681,15.5445598561285,19.9537386351491,18.4168917471769,16.1389556581201,19.1317983070698,12.9807279342986,18.9805857709103,18.0916109876793,16.1987570910848,18.9732179074495,15.2787860996596,19.6543556731511,19.6536847585415,16.762211075497,14.4240996554717,21.0035316778043,16.4188902308227,13.9663755340242,22.2222193777453,20.2709083544055,18.9424656852009,16.4453470844077,18.2714623213503,12.1187033749147,18.7351322120197,20.0704483405607,10.7000895402859,20.422684469607,18.3595999365462,19.0596468980898,20.3686863061308,19.8296912767793,18.7596830413794,16.2647828232444,16.8154195701474,19.1109092133192,17.9801993551415,18.8913130060525,17.7803098309135,17.1935468961694,19.9242270791423,18.5767074529601,14.6502328285774,19.4173004655343,16.1004785959625,14.4869793201529,16.6152561584533,17.2686161083984,14.9824123484337,24.4945834597963,23.6575560188682,19.0819670240036,20.2277514801839,17.1074694357822,15.5257967060041,20.5644536334059,23.5152459527275,22.0158033403808,20.7486276649166,12.952122790817,20.0596994464747,18.614551973639,21.549406578986,20.3006772069336,18.1727402488168,16.1834374351648,19.6825362655584,14.582285503556,18.4750868537631,20.8203230195438,20.4834744567271,21.8193161498157,16.5696589553427,20.5223567086581,19.7884074194293,12.7141328621632,16.7370831687321,20.7739915435492,19.7451915122171,16.2044682634207,21.3433753669891,16.3955673463605,19.1141254235582,20.0879057434865,20.7990727358064,19.2126657335699,15.1718401136119,22.4546928055276,15.9817984599563,20.0974429357518,16.353947766044,19.472229565865,20.987317295409,19.7429546787286,21.2261899668048,21.0410000350622,18.9834760168299,17.9010407502631,19.5931707667844,18.6250159204234,20.2074541095658,23.233797909583,18.3722569487957,19.9097878024429,19.1880397626708,21.5040645689717,16.8440384773455,18.2361053435631,18.1422417451013,22.6610164079492,18.28873185171,17.0046625049344,20.4587366374184,20.4826142856583,16.3423465771241,17.3399810756927,20.3275832955058,16.7908495887911,11.5695299453111,20.8148447462189,21.5546445370323,19.2372622137594,20.1217384221487,22.7285898586147,20.0257441475365,22.367119955817,18.6736431840169,15.573362746464,18.7756150388115,24.2634490664388,19.2819626380066,21.0339157352896,20.4484450635586,18.8855711490949
"joans_11",20.5694114732066,19.7601034574667,0,16.1605273470634,16.4327713730495,22.5422182195602,17.0077992821446,13.0326738902816,15.2007876002743,18.2462273309084,17.2378748044466,18.3841153831909,25.32778895839,15.4703262547259,18.5211802014672,23.7761193930289,19.0241381764357,21.0897053916046,12.7342500633956,16.2581509365158,18.851244803549,16.5098660658563,20.266682603339,18.2674937410126,17.379884664531,14.7068069223509,15.9290235841003,17.969857487116,14.3844274664946,18.4548803735571,13.7854318132077,12.7019272778509,18.6740878571682,14.5003737329566,15.6604514156649,14.0422938148027,25.35721749319,15.5130827609183,17.5346251653638,21.9517875365158,18.1550852350631,15.288520435036,15.218514180594,15.4011208033882,15.2325647792037,12.1942244248898,14.5840086082615,13.3015999982686,19.5206894621217,15.2551725984398,16.0528272063381,17.105129688385,19.4219504003372,19.4505150358907,21.3942910906094,15.3803979352566,22.6735511269212,14.9831325220817,18.7775517862921,23.2559451931178,21.1471243241935,17.4277103788743,16.147129131902,13.4157912579544,11.8471594810774,20.743769635293,16.5197169236088,20.615226435927,12.6885681544938,13.7804259602531,14.0227146063278,21.546675728266,12.6818144231815,18.9436953517672,19.529576116059,12.3812829019213,11.7262055100863,15.2000184497158,19.9979068794728,10.6409637967358,23.2484388096919,19.488581008779,21.2565843168802,12.7117899620078,13.0966655823223,20.1183428908575,11.9117444480571,23.1702851866455,19.0196650281654,22.5883086537374,16.5313065603268,14.6093855794776,18.0559344856761,13.683211956933,18.0931498703319,10.4470721115306,21.6731457813082,19.5110980875297,19.3647829302524,15.5821771708652,15.3303775291537,12.9792755201561,12.4950881035532,19.0899615364919,21.9569705017044,16.957440111473,20.2756610173947,15.4895945358766,19.8178023080325,15.8263128312216,15.0913506968925,14.3791647984121,19.4230038142429,15.5485217494101,18.076591342593,19.9226564073202,21.2830195172668,21.416823651819,12.8163713101509,12.0260590420731,21.5516394165504,18.7353446400311,17.0475765213642,17.9133349892254,19.2220593219319,16.8039924991356,22.7946492119854,20.24073945435,12.0443486656816,13.22774012933,19.9824546918261,12.5847534251766,19.7403696853603,22.6880501263437,19.9352294923436,16.3319811014917,18.9160670827449,20.5496585937477,16.7039723052177,16.5038411769326
"ginger_14",16.5941628914757,18.2290735338362,16.1605273470634,0,19.5269944532802,18.4690217096696,18.6828315018615,15.9679658781431,16.7863403325857,13.3636047431462,13.9912235399457,16.1699153063493,21.1887105743671,15.6550038863947,14.914738204194,19.1498578807013,16.8635411775428,19.2998488631545,19.4446420933367,12.7367085592798,18.3294090313944,15.7004052810506,19.6906565074768,17.122529041448,19.2497036874598,16.7630427029492,17.8294369975363,18.8301425004491,14.7618282686526,18.4291085991339,17.6218864886027,15.1381601744343,18.1397296217623,16.2001717384515,9.38301304718508,14.4239289232324,19.2083956038566,14.8418171779184,16.3447574361204,18.9985173047234,15.0127630554739,16.9645713425134,18.6400981254378,9.90785616191253,15.7646968453434,15.1129246425945,17.2495185445337,17.4610123055293,16.6257966566054,12.0718578867101,12.7394692100885,14.4710058131313,20.5029839239881,16.8072683614637,19.3949937406318,17.9446608447235,22.5692445096001,16.5681055364371,11.4013654988756,19.0391957253768,19.8279174130041,11.6780515046124,16.2963642163986,17.0369870748778,15.1795656456992,18.6718748701481,11.5376228407934,15.4356237079375,17.5552316339711,17.374963678638,15.9303245497134,18.3351246303914,14.6049143212012,16.9661348544971,13.4281656308602,15.6297047310892,16.2364836329841,14.4105898846861,14.9514437026508,17.8007288754768,21.9302487005074,17.3053115708911,15.9176556954299,16.4648448701424,16.5325922364085,14.609797378696,16.2467054323996,20.0678027655524,18.2952067926156,21.834693288934,11.3699023004323,11.9067928313419,14.4431361154563,17.5946620294555,13.9569144310662,16.2025482212455,20.3495678975347,17.092044442186,17.7798651420859,10.6364995122955,14.1980426852489,16.8906837985347,14.690575174625,14.3664050766777,23.3374047490518,15.5743308619039,18.7793238499149,19.1165692503139,18.8668097337556,11.2931876441112,17.9098376974673,19.0348051119784,15.4970428757483,17.6244263581964,17.8920445316249,11.9338989413471,17.0688188277519,20.3523669450852,15.8249993521371,17.808715979395,20.5996261883303,18.1380810014986,10.4274481423979,16.7678220449536,19.2782945013103,14.0437952230616,23.1602473003827,20.0107144226278,16.3341273792325,19.0804225009395,17.4718804599463,15.9053196226668,17.1328091418173,21.0132336693218,17.3928900977887,18.1755684312886,21.2911120120585,20.5641461967968,18.4481184060315,16.444444442813
"kubo_14",19.4626346183905,16.6983827000084,16.4327713730495,19.5269944532802,0,23.0096589418304,9.60075004757259,18.0705785321394,14.1435878637757,18.6576190543445,21.1450757557699,17.6605496346124,22.1556571259535,16.3365900328636,19.0412161690783,22.1827112559682,18.5315324545435,22.6742921718075,14.4511104849837,18.3349045027885,15.0999499952728,15.2456144036879,15.1673641861419,16.1193203382512,21.7535412961196,15.4321103877339,13.2400618268974,14.3192701652274,15.7819594818458,14.7075407987032,12.9691075115695,19.3362113651937,16.0370823542419,14.7493081697489,19.4924442713424,17.1730157494658,23.3915114189773,15.4257085335445,19.7563126592261,19.5439066922766,18.9753203992561,15.9891679506052,15.5818294889435,19.6629858416023,16.6749215836792,18.0004775663052,13.2595541106406,14.529295216065,18.078243493569,18.3389447543038,16.2604151100072,15.3950301693119,12.3741064551472,20.2417477748149,17.708809980682,20.3593361271522,24.2878081604945,16.0283314768643,21.7218580372141,20.2882258982329,17.0967495201615,21.6622611388015,21.6272378752237,21.4274145302299,17.7920415323947,19.2972234162413,20.7738388339827,19.7533754407978,20.8720248143188,17.5908686937814,18.9234696194159,17.8735639272111,19.0916134147391,18.3575597424902,20.8510647679573,20.253142787775,18.7218295551963,18.5986167517002,19.3932242752945,15.2867190108971,21.7185178430437,18.1460664598898,20.0921044058361,18.3031861153852,17.375045595805,18.5882069373726,16.6052015552751,18.7746404652156,18.0749325084344,21.7673341545244,21.1380697596249,17.8769588961716,16.744716542218,21.6870920686097,18.4561012047999,16.5976932998559,16.4382475639727,18.5582904211643,21.3239897046123,20.0466222172277,21.3593807219822,20.8270834231182,17.0874696852142,19.2533036475518,16.0502056612638,15.5287462391696,21.545214513891,22.62025613769,20.1973110123435,20.475786326514,15.0010030337759,17.9148698384769,18.9438231359324,18.5149797637097,19.715681747041,23.6368063257684,20.8975009054329,17.0169289765838,20.4831382628315,15.5980363921673,18.2307715516654,15.6515371345917,21.1479969558104,16.3221222181183,14.5527525297343,20.5840302387897,19.7257694696104,17.571580939282,17.5902668178119,16.1697491776826,20.1308727909454,20.4119485706835,21.1821704050157,19.3614145799256,15.9925092221669,19.0318320991406,16.8225166457069,19.0584832068024,17.0647759572801,18.0070166474122
"wolverine_14",16.1430322874021,18.8220070831681,22.5422182195602,18.4690217096696,23.0096589418304,0,20.0926504762183,19.5525814376628,20.6402960141645,16.1371904842323,22.9994687477818,18.6518247251338,21.1556669733049,20.2217339973237,14.8424927827489,19.9361542908383,20.1635610653699,11.942535851907,25.9104973433199,21.332351858484,20.7201698826811,24.0699612356113,22.2133909468144,20.1788533952223,22.9780303228405,23.5104595249098,21.6708453960196,22.6385232444863,23.1893830601956,21.4618772713406,22.0320522653562,22.0673818373962,21.1091301827925,23.4280755076574,19.7760122944957,23.1572772093279,19.0801606121837,22.1321457469135,20.4726496206701,19.3771237676461,14.9932280806697,24.9605887179546,22.0669369180282,19.815539405704,23.3527848360203,18.955548775118,23.9487125244719,21.8437384774103,20.5406300535273,21.8477448130531,20.6546596362755,17.7455051267759,23.0805400968022,14.5257039386631,21.4960018446993,25.6083828818431,27.8450536505613,24.7285581660822,20.5695110922997,18.788702420483,20.8724708555631,20.5943618292991,21.3296948400806,22.2952659540405,22.6531658298049,21.4256566739912,20.1951490498693,19.8328646494172,22.8665961680423,24.1216931169229,20.9812312685227,20.4705890430515,19.7548335154283,21.2381067590263,17.4598833118414,21.7390655330965,23.0713338023366,23.0217714527871,18.2910576214121,23.8684794024234,20.7632907086841,19.0941802746701,18.6631117071582,23.2731435398654,23.2089119760551,17.2832301457918,23.5713148889998,21.194369219851,17.28029187478,22.5623463937516,20.2900537903092,20.855065694466,17.9097738104961,22.9138374181403,17.4300135305439,22.7958160506744,22.3038312485684,17.5736785305317,21.3153393865564,19.7655628423208,19.2935557707249,22.3764643551958,22.7225358454419,18.7065092397954,25.7013145514321,18.8885597104536,21.4198880328842,23.7806008247346,20.2768958388158,20.0480891430913,23.0580547840708,25.16435506879,17.5536468915837,21.6122739218484,21.1022054139254,21.9404253717875,19.0444299507876,22.6234623143895,21.8600191515235,23.3234771899386,22.5693005117127,17.8471719946477,20.3845852394286,17.2025538145495,20.7964517935576,23.6547794864433,26.5880851844415,22.3295457852361,21.9897704310178,25.7087960922333,19.5015207187613,23.1120395333205,23.928048899226,24.0789597610956,20.4269456737824,26.6916336551588,24.1982813820364,27.441160393758,22.5965409018269,21.8276664448029
"kubo_15",16.5666665811313,15.5445598561285,17.0077992821446,18.6828315018615,9.60075004757259,20.0926504762183,0,17.0880880796348,10.9527724281578,16.7369079955777,20.7477712828116,15.6968449718507,21.5932931993994,14.5088052948044,16.0491885278514,20.6679489803218,16.4523273016946,20.5836946569035,17.3661106260457,18.1422183778642,15.1792892300354,16.7560360509522,15.3167407168604,15.2616476048175,22.4968721319635,15.3491703963236,11.2877073164484,16.347042600334,16.7749859432012,14.8714975622387,12.3492483713543,18.5775699437718,15.4893809539882,15.8869974730951,19.0009354010764,17.780982361954,21.2767180662301,15.051060659532,19.4967599304337,16.9807145962996,16.6068159838978,17.6152265287123,15.5007984690933,18.9847165508504,17.0237241038221,16.8615509438455,15.425455373269,14.3572868024293,17.2421404851688,18.4114664758274,16.629655588586,14.2322564675881,14.8228118151939,17.7097993509387,16.5583972107538,20.5896160394238,24.7763758770281,17.6985987183741,20.7625804437786,19.0098882103797,14.6913834525986,20.730707886068,20.5445313852847,21.7640779061864,17.9408368089632,18.2872178499747,20.1603373888175,18.6832425393758,20.968755346605,17.5230962938677,18.1784719059303,16.1634294275656,18.2002481603625,17.3809594487283,18.6127334188254,20.0310473307039,18.1615502390663,19.6431496941356,17.7736063148551,16.484254949114,20.6430379549165,16.3613893234474,18.9863790398763,18.784867358491,16.3826913610244,16.8536703944703,17.5497796135438,17.6272698530906,17.7128882993162,21.7550668502064,20.3889711533129,17.7929419893382,15.4728841405168,21.9394530962256,15.9426206194317,16.4593325386479,16.3785597835129,19.087294427911,20.4320215210241,19.1144958878256,20.5442721255845,20.8560202720116,17.0267005252415,17.7463781663665,18.1935609768509,16.4154120427483,20.6074744001139,23.2345740977599,18.5589895760487,19.5956236783481,15.5103732157649,18.1994272327451,16.1455810079064,19.0150786596468,17.8086624033864,22.5272059116235,18.9068410065439,16.8121722914272,20.0900434597658,16.9722067135767,16.6652427051262,15.5040644529821,20.6458316323922,15.36317093064,13.2232326315071,21.2284694093186,20.6317032337297,16.2900601047338,18.1721539242015,18.3959852086172,20.1502778907375,21.1292614891826,20.7004063675654,20.2188339901418,15.2633055294815,21.2434040353013,17.8958373019902,21.5482064586472,18.0008192274585,15.7214268771033
"ivy_17",19.1948819791867,19.9537386351491,13.0326738902816,15.9679658781431,18.0705785321394,19.5525814376628,17.0880880796348,0,14.9552336658201,16.1793355106507,18.9587925058128,18.0291313345873,24.6631684942985,15.7247274976657,15.9861462219885,23.4688394194272,17.9792356676685,17.3266436450136,17.3410411329705,17.7645102030185,18.2763105241956,15.6624623713321,19.4247109694915,18.0804624074637,19.2494499346427,13.8190331937931,15.8159568015295,18.5499729364031,15.6810436900726,18.618772739718,15.3253876959427,15.8619614322647,18.8894912612282,14.3086545097645,14.5985998204276,15.8865986683672,24.2996324652338,13.7414827857998,18.7402180549654,20.5383652240111,15.1362212658647,16.9954056775331,18.2081823008656,14.3036991049634,16.6102153546048,14.7037752141476,14.9194801488608,16.664799116375,19.2125063834972,14.1286614484735,17.3568026136272,16.1250817868286,19.3872028397857,16.9979612691806,21.034321642969,18.0410690990667,22.6869266297765,16.34460484527,17.1951282256637,21.6210485902035,20.0354289766306,15.5345696141602,12.2565009337526,15.9480603022493,14.9814228461373,20.5082333361992,14.9108926926793,18.0221616923533,15.4571560722818,14.7234114223389,16.35716810647,20.671597263571,14.8820465683469,18.6166744709945,18.144584708905,14.8715860589961,15.7051176659427,14.6029929294775,18.5966928050845,14.5145531526487,23.8808897353314,18.8155474315129,19.4295756138235,16.966175441783,13.6843249361433,17.6694869246096,14.9859117780315,22.283499690773,15.8550175065158,23.3344464043825,15.4119619563517,15.3651361658965,15.8213130774309,15.8809091068717,15.6393346668649,14.1589398420042,20.9658669922964,16.8851916029798,20.0054573163167,14.3433448487001,12.7279846848104,15.3333020668738,13.9311383323771,16.545203943193,21.8648296598145,15.3992278801511,21.1053515433388,17.6485451101291,20.8119942664235,14.2905035491953,14.453105152184,16.0610783370059,17.1428512551077,17.6452487414599,18.2112190082201,17.7713602451225,18.910794315838,20.9036091121502,15.5350473182839,14.9535208930158,20.6322349934597,16.4097998824531,15.5689878660457,16.0870703514822,18.719110590849,18.3853408085212,22.9114441286453,21.9561539185389,13.8555475376008,16.3674132205725,18.2953692253667,14.3947513124174,20.2700705324095,22.5337884026943,17.8022911958905,16.9078793769073,20.3409822464692,21.1713633006941,16.2032598368602,14.9845743859108
"kubo_17",17.8574908689801,18.4168917471769,15.2007876002743,16.7863403325857,14.1435878637757,20.6402960141645,10.9527724281578,14.9552336658201,0,14.5999931914802,19.404509080664,14.9619579736671,24.6762523164505,10.5354906551535,14.7755351180956,22.8588380056295,14.4077787341824,21.2363975807941,17.3267999744813,17.2903952880162,15.5061713235963,13.6602701528113,15.3829788795302,14.51140093899,22.2804916534555,12.0528431038238,8.9056576849426,16.2302233052765,15.822257438722,16.0520275136731,9.45470390340419,15.2157850805934,17.081928152462,12.5171583625343,16.9914531757462,16.0999072996737,22.7193499034751,11.2549564802704,18.6128436737561,16.2452414875654,15.2093049840444,16.808096288389,13.9221182247744,16.5343755576499,16.1288821624233,16.4150016137381,14.1864611467279,12.6457798937142,15.8993605580229,16.6261919659276,16.2322086849585,17.0345490874226,17.0150533007035,18.375763293674,16.5241634041233,18.3588746270923,22.8410933660794,16.6707790427563,18.8770828400096,21.6379093204391,16.8024522278684,17.4298177359809,16.6001540534533,18.4375701851947,14.1712639952998,17.8768727137555,17.1290990884291,17.4148030450356,18.0250685613735,13.3670915717057,15.4374535143584,16.6611307872661,15.2350158453072,15.3549681281778,17.3950359440346,16.5947463181912,14.9381589783435,17.0944214714618,18.3627695786969,13.9202564338516,22.5575851527096,15.4832977641432,19.1592469231378,17.0535692945889,12.5467020213851,17.8453827453552,14.3998168417186,18.5581825860531,17.962618033665,23.0134347142323,17.4073132589093,14.9702745064124,16.338424381925,18.8636810748912,15.7026451446821,12.943423948201,16.5890776807635,18.6731864794907,19.7630918188214,16.2190716054062,17.2259559747202,17.684195433373,13.5844892836292,16.2477629836977,20.134303884496,16.4886398125381,20.4647520113837,20.2618201998494,19.5532369436482,16.4486112892136,13.6393580578513,15.6655161030651,16.5105892473776,17.7987544548866,17.4755564218298,18.7897251287607,17.8002493995144,17.9001058617324,17.4215783336015,15.0767651791962,17.1152690932844,17.629002658806,17.440067747711,16.2293109560537,14.7110166899787,18.9894390465951,20.1119537321738,17.0362102434182,15.9807480286164,16.3033759915184,20.2891692881245,18.7237436324175,20.0867847529142,21.0532190272039,17.089650904301,19.3623254830994,20.4598048294567,24.1309352957182,17.5479473358302,11.259483671511
"wolverine_17",11.6622981312445,16.1389556581201,18.2462273309084,13.3636047431462,18.6576190543445,16.1371904842323,16.7369079955777,16.1793355106507,14.5999931914802,0,16.9742990086545,12.2317224775107,19.0543054377989,13.0242224075221,7.18147338428936,17.3887134818808,12.6872099878938,15.7552940173552,20.6326869512339,15.7800141101524,15.1182373221119,17.2849642491299,16.1874945541869,13.9280320841446,21.0305049805169,16.1567120542843,14.922489503683,17.2634841787913,16.929657201008,16.2629731156451,15.3936052473709,15.5733699847531,16.0859655566934,16.46332881319,12.4088552470999,17.1709084986737,19.0165340771717,15.6030855576291,16.7011167804928,14.2547392630975,7.34926213971998,18.3990338311102,15.3877329983829,12.0182935878076,17.0776195055507,15.7533312557444,16.992200919645,16.5972872175804,14.6466709304526,15.5494653029999,15.8416820098088,15.0577966253699,18.7498725986897,12.3375913095361,18.3715078745349,22.7241686266947,21.2260272600674,18.2703918091462,14.6944801446124,16.1099728339727,17.4515923670559,12.6571228517742,18.2060821930991,17.9670392309838,15.8376876674015,15.4131015996713,12.0955607711774,13.3119365486849,17.5951409545999,17.2338280789524,15.3675460095623,16.6428512777914,15.7810198902272,14.3091251249141,13.2205515794199,16.0656372229602,16.1954940649704,15.764904998166,12.8580559325467,17.9675144559691,20.8474888355309,14.077059787731,13.8540423352684,18.9300392632792,16.7138668409767,14.1779097522379,17.8175892226008,17.1815691913375,14.4638553372911,20.8197396192297,13.4178797218545,12.9324391379126,12.7837844017414,17.7681320863384,11.6977612773773,16.1800877799976,17.1280043240557,14.5665781453205,18.6601926116187,11.7951323803303,14.1171844348039,16.8019616395454,15.2817750479915,13.4473412909234,21.3772243871152,13.8585837751479,19.2858754105977,18.8475021713221,18.6896509576467,11.7322456204607,17.373018282525,18.7430053728679,14.2383067770009,15.8847071531867,16.2311455220295,14.5781228009773,12.4593596592469,18.8009987147709,16.3184177673141,17.7505002132026,16.7847586124134,14.8871110191338,13.0485815444516,12.8095912062526,16.3650901385995,16.7909470916306,20.6069254225474,19.4484279827544,17.5656369040298,20.2016980024499,15.6186825854534,18.7493806383215,18.1412547006548,18.0405847691032,17.4509573747612,20.9396361560159,21.7746961380641,23.7883058874331,18.5397032101643,14.6561921985416
"ginger_18",17.919691421704,19.1317983070698,17.2378748044466,13.9912235399457,21.1450757557699,22.9994687477818,20.7477712828116,18.9587925058128,19.404509080664,16.9742990086545,0,16.2780895096493,20.3661860040096,15.6119270859339,17.507882109889,19.1744219536935,16.4549428397457,21.6074950508947,19.8251762466747,10.7333400410624,19.6161482746763,19.0449957793082,20.6924461360324,17.9298680367778,21.4570691566432,17.5784959080359,19.7357978076346,19.912767499559,14.7780082211419,19.6172566663858,18.8168587091346,14.9993150542946,17.7543924417116,18.1303309879516,12.282888012632,13.707842329317,23.0612156502953,17.8640444975573,19.6715935297342,19.9256991134837,17.7084637356304,16.067354370969,18.5679713049044,12.7271050983243,14.5517367811629,16.435961264588,18.5409838661852,18.8005418070887,18.0787078945497,14.9369717743213,14.9738663890666,18.197910732587,22.2651690340446,18.9740654369944,22.4514292759214,22.3711078348805,20.7109607075867,15.9790858300976,14.6900460654532,20.8124739404911,21.831907867237,13.6679206913072,21.4296935562129,17.6831021250563,16.6286905879652,17.0763340453186,13.5097940335916,19.3896289051775,17.183924060169,17.3717834518628,16.9734786641194,20.88475295459,16.2432569563369,16.5937642340807,17.0877154936195,16.4043558609422,15.430038663701,17.0401911587457,16.7008270388184,19.2516837826091,22.6767120202012,18.4504796686052,19.3131094142159,16.9401383042924,16.8053618858709,18.735428098339,19.1132018874473,21.0291162052437,20.7980604574591,22.2182949991776,14.8777314912914,12.9478866356169,18.0404149156892,17.4650499571104,16.6443848034781,16.9061639595822,21.7957682824254,20.350509449249,17.2483154049364,13.4055018621316,17.1850739952986,16.2086580743032,14.8453738571436,17.7683774277759,24.8719470939513,18.187007230995,17.5733315737847,19.1146868352059,18.1286250296914,13.4220842113674,19.4637933735445,18.6493388566998,18.8192285658501,18.2224090152509,15.7854606411158,16.2149844847974,19.2355595178914,22.5451862963106,16.0668615393303,18.8585413282792,20.5019087290432,20.7379586481802,14.6480627664009,19.4447107094814,19.7265436942384,12.0078372499963,23.7087671602505,21.550166407117,18.0107492481202,21.0218036795395,19.0518618103761,16.088725135365,12.5176107876344,19.7738106299845,19.608812873408,20.7501258048218,22.0782399924831,21.2704595676022,21.4127252842279,16.7668091649855
"hamlet_18",13.992937473907,12.9807279342986,18.3841153831909,16.1699153063493,17.6605496346124,18.6518247251338,15.6968449718507,18.0291313345873,14.9619579736671,12.2317224775107,16.2780895096493,0,19.3946090978181,13.3573158251351,12.0260938008407,18.3677821677423,9.37499684797247,18.6677016942391,19.6788044074271,14.5563889370503,10.7479775688804,17.8454226472961,13.2527567119016,9.48973356346732,22.9077429555283,16.9578251601973,15.3617647603141,15.2499809619415,15.7926012702217,12.2408993767021,15.1479891686571,15.6740729303542,11.0017225166491,17.3441559530577,15.3693372784344,16.6575460658104,20.3040221050055,16.6419592661532,16.7556729813752,11.9584989493461,13.6689428725347,17.9773960478675,14.8684628287883,14.9679941564043,16.3801691758346,15.6657245991473,17.7304954171315,16.8992185921575,11.6696015931207,18.327725161512,14.5316591986261,16.5043486075806,16.5640626147523,15.4528321544378,14.6926329821133,22.2209733869494,22.2517748330005,17.5570425899733,18.095923215052,17.8061183246172,15.0099180638996,17.1959497948188,20.4013682154228,18.6799600971708,16.7478521549094,11.8528975580716,16.343402712926,15.9008211327934,18.2896845123478,17.1077295909867,14.5056436173133,15.1352358374118,16.6925822783908,10.6036117713772,15.6707328330788,17.0629758759781,16.7813574354307,19.2981934154538,15.8027324184602,18.1985733301362,20.0811190334891,8.70562112720918,15.5459174045552,18.1568768188749,16.8101673038531,16.0847423578666,18.2044555362519,14.8405108939229,17.3532370206274,20.8004336725181,17.2520583683621,14.5674403707002,14.5872415806783,18.6650678600641,14.0611717903833,17.0303800935156,14.481731129176,17.6082915149295,18.2179847391024,16.0122056394105,17.4384843400649,17.687384020026,14.8179771569615,15.2795040592878,20.417068255355,16.6216938380919,18.7121568880934,19.9333684690243,17.4328068031415,15.8190664694103,16.7891755893901,18.7268555280053,15.5930487516912,15.8969375925571,16.0446536764162,18.7977628420745,14.6208627937112,17.2615227638123,16.8684497323116,17.4387545874414,14.0255721969842,16.4165847067604,16.2338104431142,14.9019578850058,11.9410327906985,16.8790098668643,19.4233158695569,18.2920394374143,17.2702617786632,20.2857685439936,18.7867697157382,19.5886606232602,16.8834754063131,15.9448725762211,17.5929608341393,22.8156945349929,21.5101454462477,24.0209759089611,19.619076089978,15.4027819363847
"ivy_18",15.3456943202696,18.9805857709103,25.32778895839,21.1887105743671,22.1556571259535,21.1556669733049,21.5932931993994,24.6631684942985,24.6762523164505,19.0543054377989,20.3661860040096,19.3946090978181,0,21.4447602166481,18.5577891212816,9.38955352315143,21.6435472217304,20.4889042161599,25.4545407221362,20.5976024247603,21.9391880210727,25.8713844145744,22.8295811501196,22.0785201950109,26.1572098506766,25.6654808950018,23.7731051446352,24.0079135091293,22.5978470581817,21.9499552295725,23.3706601697792,24.2196218673682,19.603865438418,25.8351007032525,20.4320194933209,23.4399738822743,17.7535456255514,25.8956391919985,21.9456760652269,21.6555263257643,19.4172519034653,23.9898301948975,22.2466710413412,21.248655402356,22.4078106014839,22.3758154394149,25.2631779361785,23.806865134387,22.3923635425965,22.0631340998528,20.8595744680752,18.5271353883281,23.4703476665049,18.3726711411354,24.2517425804376,29.3102936095821,27.4106152274573,23.8023460970537,21.261399669281,12.7000555798176,22.5862873398209,22.3322211524821,27.5726130503834,26.0859875422004,24.7662386248789,20.2419729045788,21.7806416520852,20.6586913461248,25.6190892093401,26.3842417973612,23.0474773016581,22.6650418138496,24.0171842818267,21.6760195145788,20.5394297651062,24.5885578506082,24.6518003320817,24.5672600861231,15.9368694446318,25.3958252169542,22.6890534529847,20.0121616609726,15.8478322824571,24.5085620427923,25.8349009398841,17.1704890781897,26.5803250125649,20.7524000695543,20.3720579084254,24.1975124132679,23.3259100296381,22.0514501251841,16.7693081084382,25.9844760512218,17.6884927742643,24.9870721093903,22.4251158929168,20.6631546819384,23.8782950219546,21.9059862150025,23.4908339166075,24.8191134686724,24.3213679130822,19.8086045293035,25.7480047101926,20.6312697759981,23.4869616734994,26.9437523897293,22.0502408434669,21.9148458473023,24.8848881543234,26.0474153507218,19.0172017782119,22.3975924735188,21.4412685714974,24.2359656208842,17.4215439102013,24.2221375354802,24.5230298756053,25.5645839370224,21.411136723948,19.983615404241,22.8509705270891,19.6741131651656,21.1234925699162,23.4556875792738,26.7015106117781,21.7131251880627,25.3281843078593,27.9523694689726,21.2207621623869,26.2456331136561,19.640922123511,19.3072949271226,19.0298808821277,27.7824972892787,25.1628143601561,24.9283071447722,23.6109224163804,24.4740573405704
"kubo_18",15.3820614751113,18.0916109876793,15.4703262547259,15.6550038863947,16.3365900328636,20.2217339973237,14.5088052948044,15.7247274976657,10.5354906551535,13.0242224075221,15.6119270859339,13.3573158251351,21.4447602166481,0,13.4531967523803,20.382456148772,12.8205748655154,19.7190518166,18.6789807425422,15.1480820195487,15.9878793151471,15.3285162326301,16.4730928345809,14.3704022088522,21.3965529296195,13.6111081986788,10.9518137828011,17.7709960117481,15.4193669505039,17.0429387798272,10.5005149248513,12.929333924665,16.5820788548969,14.6112836163832,14.700106249929,15.6983807127661,21.4116506063716,13.994109037175,18.0448884206187,14.984076483768,14.2061255312646,16.6421919953935,11.6443945924269,14.6949857885384,15.0574230518369,15.1124899273597,15.9966225215141,13.0204082082243,15.3623657400528,16.0370023453175,15.0682293506926,16.0264494108742,19.2038000912217,16.9091641519057,18.6107274468076,20.3626379745117,20.3562079060089,16.5897803471771,16.1897587251466,19.5399652292058,18.7619296727343,14.790974258493,16.8465671824119,16.5181175131264,13.2514737312646,16.1018909963579,14.5232506720646,16.7296278083509,15.9084668289206,13.2134357339814,13.7479894746162,17.8592576644742,13.8200903025752,14.4749126436685,15.4692305726917,14.5661686146596,13.8938457284555,17.1382110192507,15.9149263627425,14.6796807309687,21.3386597366076,14.3862654899768,17.5292513054103,16.9912640375631,13.2922077633916,15.6717013496229,15.6874687133953,17.903519787873,17.620368148685,22.0756717379202,15.3982281859606,13.149964374355,15.9021573095182,16.8633764708509,12.1210238570566,13.1226558666235,17.3648338303578,17.7058006502531,18.4064753544758,13.8974193124239,15.1860723556227,15.0055129600987,11.7682686339769,13.4428495593008,22.4785625520244,16.4017356830748,18.5334652772869,18.1444074342791,17.7193515309677,13.6891335005816,14.7951386171949,15.2231584350546,14.0515746331323,16.7295208583188,14.3752354823803,16.3376173657665,16.3272937582074,19.2923309003964,15.4553699420384,15.7048134472912,16.7733727373705,18.3179537161265,15.3713065661475,16.1872856689514,16.1985030332465,16.7121483230143,20.587250473561,15.670260002001,16.1444586306129,18.0802407544132,19.0558351097535,17.7266856614501,16.1570794923899,18.9150699545976,17.1283161286557,20.8127661646301,21.3964292669,24.1582327896925,18.2898470559065,10.9764916936296
"wolverine_18",10.1110297920603,16.1987570910848,18.5211802014672,14.914738204194,19.0412161690783,14.8424927827489,16.0491885278514,15.9861462219885,14.7755351180956,7.18147338428936,17.507882109889,12.0260938008407,18.5577891212816,13.4531967523803,0,16.7695550641912,13.1977025859388,14.5808720338931,20.7896966224874,16.5533090316493,15.5354027297105,19.1342901190256,16.5788189340809,14.89507943254,21.2756722646686,17.5556794658457,14.9866670068433,18.3799263210255,17.7507115133048,16.894287596537,15.4287683799006,15.9552038680122,16.0681770377008,18.0000285521681,13.7048844374827,18.2114660776096,19.013236957111,17.3119691679612,16.8964580081191,14.450127205204,7.04652350283544,19.7143204600866,15.6658961349549,13.3726877710229,17.9648294923091,15.1480848102487,18.4242301531446,16.6739987187902,15.7853605863982,16.4465565780144,17.1500768119203,15.4766407087351,19.1615047372665,10.9420179605069,18.8539203076464,23.1581903643134,22.4412115545651,19.4007214386245,15.7254051374117,15.8957178150543,16.971912786239,14.8755285035205,19.0262526293535,19.0301639888055,16.7814506152259,16.2854034105144,14.2344997092645,14.7374950224788,18.4200099852086,18.506870228107,15.2956398939333,17.1082260912386,15.8286271046708,15.4451105053406,14.3309044771526,17.0998022999489,16.7469849562223,17.9454672449714,13.5644621783172,18.3189013912485,20.1797524714501,14.2566359316667,14.2533355957889,19.1365976982959,17.4615257360469,14.7209816646687,18.8051963497017,17.7468025978997,14.2178454410258,20.6454908653947,15.4138808518683,14.8936167343811,13.064984263549,18.6879916790969,12.1705446614931,17.0041285911524,17.6869111556365,15.1305983560778,18.5104180985256,13.6120664935944,15.2454854564392,17.9051686857908,16.661681955097,14.1736505043041,21.6672661033164,14.3714503174648,18.7460585135949,20.2177282878815,17.5510797896904,13.4775548000504,17.9291598337137,19.2927530819429,13.889456365467,15.8579731623768,15.6501776418417,16.9976156314422,12.2701343141861,19.3052835876252,17.165606267215,18.0080190008585,17.0570815797738,13.8963534259989,15.0290284991355,11.9952447566784,16.3123110519452,18.5739978052189,21.693411727586,19.3956155538399,17.9159550213435,20.8764516615284,16.2012140661355,19.8008216695409,18.4674509584801,18.9304692958618,17.1117993798357,22.3303934130429,21.3305190625831,24.4532552310073,18.972798620697,15.618897413828
"ivy_19",14.6754882152163,18.9732179074495,23.7761193930289,19.1498578807013,22.1827112559682,19.9361542908383,20.6679489803218,23.4688394194272,22.8588380056295,17.3887134818808,19.1744219536935,18.3677821677423,9.38955352315143,20.382456148772,16.7695550641912,0,20.5142954223129,20.723632201299,25.141452101332,19.3003817046195,21.4208634062835,24.6299554462477,22.4137505834505,21.3193097151454,25.4360535612963,24.0807943650861,22.4099957155566,23.4887710827886,22.0062322347588,21.5986593983567,22.5071618204581,22.5542819465467,18.9275902608769,24.2406279772364,18.9196947330039,22.0064115178315,15.4523857901952,24.0438323025326,20.8100741964908,21.4346760112574,18.0715574671561,23.6157306592233,21.9382384608686,19.1883876121417,21.6357869249733,21.3900724298772,24.2235610613993,22.616870937751,21.2235281026243,20.3311847546643,20.0032000488879,17.6368802577038,23.4610565898335,17.4793855502853,23.0742223711416,27.2145029286943,27.7776631253533,23.3839407726314,19.8016605981501,13.8150342119338,22.1116734681755,20.8039016146199,25.6426758953811,24.9147368333024,23.3668338531711,20.2919524318047,19.9815139491277,19.3250084943443,24.712873895725,25.2048437640784,21.6804175625108,21.9900327764014,22.4650677493474,21.0247816706851,18.0710856295913,23.3633014363474,22.7282426258158,23.1009154180491,15.5675967305035,24.1976527038951,22.5146845566403,19.1982449222985,14.4570327501561,22.4861407072691,24.173463502876,17.1055889436673,25.0599919295791,21.093388033165,20.1730534812263,23.9394024136087,21.2081836536765,20.5013600510953,15.9793849619622,24.870714431582,16.4759778256251,23.2892922087964,22.5087971633638,20.0134448819558,22.5003318636668,19.9153215261889,21.9189521526843,24.0235415917679,22.8785090452916,18.790283893142,26.0367799648454,19.9089048458281,21.9070731892783,26.287746352562,21.2179022004048,20.0684035312413,24.2226692177064,25.0756188287864,17.8845661938965,21.8724050946409,20.353386738471,22.0995650323794,15.2873223668269,23.997749576118,23.2293406095647,24.627654135926,21.7624074198905,19.5340378925658,20.8608343379973,18.7115620025298,20.7750924886131,22.237992356992,26.4678935199305,20.5330207801559,23.7231123044814,26.759488635266,20.128574410363,24.6828618160965,19.8457124466754,21.1256521836232,18.2197473740916,26.0846971456694,24.5240914313724,25.37718692443,23.3675910807221,23.1775308032623
