"","hera_1","wolverine_1","hamlet_11","hera_11","jarjarbinks_11","hera_14","iris_14","jarjarbinks_14","kubo_14","wolverine_14","jarjarbinks_15","kubo_15","iris_17","kubo_17","lambchop_17","wolverine_17","hamlet_18","hera_18","iris_18","jarjarbinks_18","kubo_18","lambchop_18","wolverine_18","ophelia_19","wolverine_19","hera_2","jarjarbinks_2","lambchop_2","goose_20","hamlet_20","hera_20","iris_20","korra_20","ophelia_20","hamlet_21","jarjarbinks_21","korra_21","kubo_21","goose_22","hamlet_22","hera_22","iris_22","kubo_22","hamlet_23","iris_23","korra_23","hera_24","kubo_24","ophelia_24","wolverine_24","kubo_25","jarjarbinks_29","korra_29","jarjarbinks_3","kubo_30","hamlet_31","jarjarbinks_32","goose_37","hera_37","kubo_37","lambchop_37","ophelia_37","wolverine_37","goose_4","hamlet_41","hera_41","goose_42","lambchop_42","ophelia_43","goose_44","iris_44","jarjarbinks_44","lambchop_44","hamlet_45","hera_45","jarjarbinks_45","korra_45","ophelia_45","goose_46","hamlet_46","iris_46","lambchop_46","hamlet_48","hera_48","iris_48","jarjarbinks_48","korra_48","kubo_48","lambchop_48","ophelia_48","wolverine_48","iris_49","jarjarbinks_49","kubo_49","ophelia_49","wolverine_49","jarjarbinks_50","korra_50","kubo_50","lambchop_50","ophelia_50","wolverine_50","lambchop_51","goose_52","jarjarbinks_52","kubo_52","hera_53","kubo_53","iris_55","lambchop_55","ophelia_55","ophelia_57","wolverine_57","goose_58","wolverine_58","goose_59","hamlet_59","iris_59","ophelia_59","korra_6","iris_60","wolverine_60","hamlet_67","hera_67","jarjarbinks_68","hera_7","iris_7","korra_9"
"hera_1",0,1.25660643393799,1.35482552666382,3.66375139552957,4.24882133929234,2.25274982417823,5.36648166670446,2.78304930302246,7.12651933574227,3.48360419645754,2.63304105158609,4.19230960750352,3.14880579116975,2.96788560541522,7.41503857835958,1.23323281666731,0.796446028808953,0.692077129365339,3.67428460234737,1.90133873420814,1.37592153749322,5.73334135774984,1.38740426020247,1.70560389875421,3.43841716542494,2.37052575644143,3.53567076611133,1.44405829098305,1.34596064797593,5.32119321554474,1.45381301183846,2.37533943075899,5.21752801053941,5.83034277387401,3.60418548780297,2.33268573288108,5.23955414640196,3.23175086466636,4.75217245269055,7.11701017890926,1.99387090808951,2.22159263744104,2.82680871681514,1.39273946318499,2.90586281838136,5.94631811717923,0.77106432928203,4.70466141942843,2.45249921662052,1.62437138665936,1.69594995760453,3.50500934697406,6.81602853174405,0.901193040349422,2.40221366531546,2.16086020964549,4.6639469879199,2.3725880246059,2.2454319852852,1.82236728598759,3.08310096482822,7.58476642093016,1.84673457040222,7.79497498178237,2.53446509134206,2.50221011791231,1.42787456135366,1.26499450926819,4.37062444660013,1.82016953005221,3.01981920165749,2.45334567332313,1.2750318574664,1.7246172123961,2.03497617724627,7.29916968948627,4.15077432012187,4.32851650739999,1.45036922088961,1.51120335821899,3.60661645857489,1.13052285710908,1.84598710847043,2.29067136756827,2.76782921189452,5.77553244467294,4.79885075344261,1.24015533637356,0.919032460366447,3.86425337748238,4.98467935131349,2.10768405473307,2.94175132055979,1.07080800445748,3.96177842522565,3.43211528879285,2.27598664433851,1.63674325691875,1.47101864484063,1.00368942816562,8.01996739244064,5.13988122178375,1.21489624986154,1.04526437541739,2.14875755777157,5.9924713214557,1.36877306475983,1.52336644093376,2.14506513432594,1.62791418804481,5.62656402499149,3.25036974863968,6.06722843158441,3.40729497742878,4.83263284039715,1.62125470012427,3.30040202516699,2.83196277341525,6.19823973496676,1.7050004394108,4.14236727617881,3.09678220145894,2.80902310008239,1.04938659281647,3.09151066648165,0.348889863587236,1.99072339934196,2.14475989103835
"wolverine_1",1.25660643393799,0,1.01115378475004,3.389454516535,3.88853438491542,2.43553599982475,4.45231783017061,2.12073636113191,6.79601085239915,2.61052200140716,2.23981718499558,3.91945150420536,2.40466520269264,2.74419621142573,7.03447991282841,1.07388165249594,1.15100750895994,0.811700083816327,2.88999472153314,1.66756798941394,0.857551729517241,5.36488087247327,0.548900628971606,1.13879494831778,2.72748848973809,2.61161812402601,2.61655724234528,1.84357217188364,1.71668579465065,5.36460797252816,1.17199028094841,1.81796444081994,4.88634287852283,5.71122397791091,3.73435372616893,1.98323330078472,4.93232237480568,2.9511485082283,4.47496244763774,7.02061323243689,2.44800305770125,1.9699981016863,2.5442660858222,1.25864431342068,2.95935720841403,5.61268434825217,1.05672521360462,4.43518027104753,1.68717614336282,0.968268827757254,1.53801350648225,3.2541309738523,6.48831420929141,0.778642744071027,2.3060242039929,1.78122180323259,4.36924062322808,2.26747988437871,1.420051661182,1.44710813970928,2.93597125691918,7.25175665585411,1.31446834596513,7.47049239356001,2.03544793370013,2.04480766342036,1.6141022832494,1.70951973696729,3.78655291889448,1.97550031009565,2.27503606375946,2.266681406886,1.75018265863535,1.56577845854219,1.35236750414178,6.62212375410773,3.8627943621986,3.68361108651554,1.59317855123417,1.59937162603124,3.01799621615051,1.52653707080907,1.20892025582053,1.72041697601144,2.13399880535593,5.44329133409319,4.50323136939488,0.482396826313688,1.57291260183161,3.10604799097803,4.81851874511984,1.9751383422547,2.50392115449981,0.407596873652742,3.38963634678649,3.12492335719901,1.75466495331597,1.67253899431382,0.669804232010531,1.52639700080685,7.66788758538297,5.17214102887413,1.78689240667132,1.62978657983503,1.34476467377931,5.67156044642588,1.39035071361432,1.31027132548996,1.80971271872126,1.82852790527145,5.19933205070984,2.61462855050677,6.1014361640204,3.19899016718083,4.88987138113847,1.63771414209294,2.85860100072006,2.29584743482535,5.69627066317273,1.23408921324733,3.31301061463998,2.76645064904644,2.33472148621982,1.32149453183862,2.79737786787824,1.29738153736549,1.91671992870983,1.6965676577451
"hamlet_11",1.35482552666382,1.01115378475004,0,3.14117102334265,3.56785069740636,2.26307103238683,4.68051646132625,2.09334818892857,6.48102800307676,2.80902926542546,2.11578079418018,3.64321284790394,2.53404522965187,2.60513661544864,6.79902100340191,1.22615733692873,0.766095415343069,0.813234194274879,3.07228243162589,1.26734797171218,1.09958080613583,5.21570115965125,0.770161597830373,1.34297016787457,2.92120769550238,3.25837417373155,3.15114954108372,1.84160579940626,1.76120083303567,4.92625403686111,0.474549465549163,2.10772026328259,4.6869286898604,5.370683435034,3.29904505852437,1.62474652701026,4.63622805241058,2.52152157948576,4.20632628941115,6.60501624782288,2.4069878337315,2.07794601455082,2.13234576730469,0.735914237726097,2.91384305207675,5.37470833487314,0.762091879181053,4.16504615172258,1.8709501890244,1.44408373270077,0.968333442578065,2.93466351806003,6.18807428807542,0.684055173816601,1.52739571430585,1.93038276529031,4.12485789684695,1.96616577829482,1.69040385783906,1.35410600329474,2.65333215828409,6.92702097170274,1.27208887141818,7.13994351711338,1.9606918879619,2.03977414448383,1.44976878061955,1.67278871483673,3.74630760844617,1.42164119174077,2.63765973231628,2.74058354582079,1.47832232963082,1.97932363699693,1.47566904774055,6.52962336450182,3.78157781452061,3.75674027245818,1.9041577959694,1.90137054238585,3.0377510830601,1.92108782138572,1.17724891464846,1.47734717842246,2.39851591239004,5.22348474748372,4.3003389008715,0.788849417715613,1.37649206667197,3.14557238017097,4.6162502087723,2.14140388472878,2.32057345580734,1.0073934630024,3.2820154673613,3.09057679275206,1.74191766520469,1.4191688892542,0.865732684928508,1.60244545480096,7.33254133646419,4.90377674579209,1.78754554951038,1.60398421178862,1.27053720431874,5.43135981046887,0.6258365193993,0.747411932853017,2.03392937802021,2.09368415205001,4.99322833191091,2.73471033083072,5.71566700423185,2.99656465963241,4.52448238828961,1.30974310500819,2.64440165317797,2.55793095058609,5.51531082294701,0.821358525834538,3.57238972711981,2.84483581390148,2.94339197192704,1.16571879664844,2.7915745405411,1.47746269852908,2.03208462570886,2.01753047213002
"hera_11",3.66375139552957,3.389454516535,3.14117102334265,0,1.10624370601606,2.21574469203008,4.72669978987764,2.06357589824324,3.68589330969738,3.33988919607778,1.5633818820356,0.691328974618788,3.77021021752163,0.847200918773353,4.08979788606109,3.36174986414062,3.4635022781938,3.52230937471086,3.99288310082233,2.25849651766405,2.77687095139323,2.55638360025457,3.19914987239497,3.10028310930707,3.93190998060476,4.34470807769556,4.01265693071532,4.05243057962068,4.26042061748463,2.93967434585838,2.91734580904696,3.79050417796778,2.05196209528004,2.95573251618487,2.06851988529753,1.67734840705187,1.85973499471751,0.944849750164886,1.56947307571418,4.08081987028226,4.94031981622889,3.92074159145667,1.29632132600729,2.68610255406592,4.79388853410932,2.57513173062905,3.41560641976495,1.25963034907387,2.58556357281318,3.0895973339621,3.46357849370575,1.01212256917122,3.33680674318882,3.19729654825951,2.31481238789401,2.19704100779938,1.57167045588068,2.00177906587405,2.96678150627071,1.99467302922852,1.66463821481234,4.13332572984397,3.27522114612139,4.40365049371505,1.75625222475922,1.73521139571757,3.16596223230709,4.15659179494697,1.94527476297477,2.4994359350556,3.75277871789258,3.59062496895219,4.09607344278049,3.27769071193037,2.64720242792297,4.96492863750019,1.31448326738922,2.45149601729029,4.06193948476876,3.22130277367158,2.74785564986724,3.87919147322502,2.9999374430682,2.17097361214652,3.79437726226805,2.54412998335566,1.49604595697178,3.41906914928272,3.97483795918335,2.6738269041187,2.67647270816187,4.19964593374404,1.40901035313424,3.56516945963043,1.55115039991794,2.12938989812643,1.98279258166069,2.27240459660382,3.00866588407335,3.72474673280882,4.56231195726203,2.87334585771988,4.2302820724957,4.13372523253513,2.66163843803258,2.61455497397898,2.88385613266812,2.72358618267837,4.04581070587165,3.24175568277288,2.45402779402677,2.08001109613744,3.5405595048772,1.45115069836732,2.57075512509989,2.74933772989695,1.05258450241978,4.27397351220805,3.00071533169402,3.0512765333339,4.17840195047304,2.15511962032336,3.3101452210136,3.60296428457139,1.70357098023164,3.88791731466683,4.20767634884168,2.44031222742998
"jarjarbinks_11",4.24882133929234,3.88853438491542,3.56785069740636,1.10624370601606,0,2.77777543761604,4.66531334122491,2.39198936491043,2.94028382876457,3.67136914638041,2.18004962358265,0.654878461314152,4.0681913397948,1.52386621335771,3.51992795703641,4.0810549276403,3.91224621572742,3.99231974838782,4.21209779710592,2.51546463625676,3.25388355618141,2.121598264946,3.73460228364609,3.43782138892135,4.25407047200263,4.81400915355284,4.03323226405246,4.29585488119377,4.66736376860573,2.62282824418561,3.29560752558728,4.26188877673501,1.3016242064277,2.43157865847097,2.19669932207253,1.98847359278067,1.08846001504998,1.12547288381192,1.00996377464734,3.45954941675054,5.35261844271607,4.48377958100367,1.47771292501032,3.09417457676258,5.24620810933632,1.83468737854033,3.89944560922066,0.797556994288338,3.03290244436661,3.78523707588763,3.700528702648,0.865104144774849,2.63409017944505,3.64522409645682,2.48191565226438,2.7398178350244,0.809325055203617,2.2515898949968,3.32877664575476,2.63369067666159,1.69398758670686,3.41053825425855,3.74076214077866,3.63539354128805,2.08711756271842,2.16466212286155,3.55333399283191,4.68591454934563,1.68809629245761,2.9377911019144,4.0854092203155,3.79036792434593,4.62662576222998,3.70379413617854,3.04936800204537,4.41992860505141,1.14047887327307,2.35972624173714,4.41550114684532,3.63977879636162,2.85381884981755,4.50801990962824,3.35995961942384,2.47244337266937,4.15904481781706,1.76240586032469,0.948486187018074,3.9274246933139,4.44436049824651,2.61651412061973,2.47179135599594,4.67698280740144,1.531066053599,4.04920292911618,1.21547024999276,2.21279711041242,2.24818655860285,2.67312545823817,3.41121480492763,4.33776282477916,3.84580083921695,2.65462020488479,4.82423914387717,4.58421159762691,2.90320182420452,1.90152063714955,3.28068673375041,3.18436863396987,4.49836568610866,4.00694744187929,1.99322224583272,2.28156562780006,3.18389956687325,1.49449115309533,2.52736770903893,3.08792068366241,1.2545680689229,4.57062286590689,2.26217517271477,3.37398844518866,4.27524004377596,2.3908080783134,3.68415636011533,4.2796172505646,1.7638339965282,4.42194655937296,4.63127345485527,2.80011027568324
"hera_14",2.25274982417823,2.43553599982475,2.26307103238683,2.21574469203008,2.77777543761604,0,5.33161120742736,2.23995087627534,5.47777519951393,3.63248968991713,1.58947688402952,2.61431532645765,3.59639309908898,1.56755136316439,5.89887276102219,2.40310175041652,2.24135308748113,2.28143302309582,4.00039654460867,1.65170615500367,1.97761083944036,4.242992633543,2.41879398976822,2.43340230285138,3.815481366727,3.15353727343179,3.8152450078927,2.64776148984302,2.88285985060978,3.27490158165147,1.93811582017593,3.14193079524448,3.60539022628501,3.79261294366933,1.60041583555681,1.68078910896208,3.61393665890339,1.97012477315134,3.1828072918642,5.14109644375668,3.43794488590845,3.11583680404194,1.77425403968516,1.75446235843009,3.84862055253714,4.29517399570874,2.26939055430581,3.06585876800459,2.52266703151965,2.41924776955524,2.65835897566123,2.1447351912197,5.14822878662592,2.05494054924395,1.93502780063225,1.54301805526711,3.10756488309155,1.49794630404633,2.68800261224884,1.51402325933626,1.82446345585071,5.96319234482154,2.50868054490524,6.17246282049514,1.65202547279605,1.61688395254988,1.91725926752138,2.7224818572399,3.11744079086082,1.5147195156509,3.46940482858101,2.78275960080079,2.71788488101651,2.43281009234766,2.27355264274339,6.12731593595503,2.70665630732665,3.24862210863883,2.76909340276369,2.16650721761691,2.86168522223104,2.40027933607924,2.49534303118693,2.039468672448,3.36080841946269,4.20736928556077,3.24404511221189,2.45173714747766,2.55998044634328,3.23680871270009,3.06440026512149,3.15539736805601,1.96412350863441,2.43282285927404,2.8686287319179,1.86852485934925,1.82701612273882,1.39979799079315,2.05959980451753,2.25163497624882,6.42213316205013,3.01500053158083,2.73636301031759,2.68878077948951,2.39227790623574,4.36661226800675,1.88082806633619,1.62619324556007,3.13908381646818,2.1100241555871,4.15784625530504,2.66620718666379,4.00302750919954,2.03947240352862,2.71866625835557,1.68217609675584,2.20443977680535,3.58590272346501,4.71217601646915,2.37356252097622,4.31188847830868,1.58942593776036,2.95715459122661,2.47431312748191,1.92337272242355,2.42122051107447,3.12269892687152,1.96548886997998
"iris_14",5.36648166670446,4.45231783017061,4.68051646132625,4.72669978987764,4.66531334122491,5.33161120742736,0,3.43213129654083,6.40443736792572,2.15310401425266,4.10181004650864,4.89005463580816,2.7292479938753,4.64461116571073,6.57604322050033,5.013394481251,4.97674025241945,4.96848240134688,2.1820573212648,4.56153034153447,4.21157648826591,5.57386747658807,4.38680919541266,3.88477933018341,2.62350158049196,5.33196291673978,2.71238767044128,5.37308520738325,5.20703874625742,6.35284614076767,4.58145339599605,3.70377884919675,5.22581415411551,6.12324261244483,5.6291285955749,4.32300557045237,5.2981294334631,4.5490000394937,5.02102524068449,7.13152881330065,6.11777990608986,4.34467917348358,4.40436512093004,4.58030572529402,5.00278523454866,5.63099010107697,4.86030831467497,5.13416160416748,3.31255311225244,4.24302189669861,4.46760493534546,4.79539349399737,6.19410365539483,4.79938959347963,4.89572561387814,4.22150712172608,5.0711383127784,4.67289254455795,3.3957269851664,4.47846049572056,4.78281813814525,6.733755543657,4.0241971454847,6.9569682615858,4.04781275832635,4.03803975007494,4.91990256683818,6.02526912446857,3.99335700322908,5.2209359840309,2.70863039084276,4.44806709204756,5.9432433225539,4.10887166504411,3.53789023873912,4.95258227899847,4.69642411552019,3.72942536928922,4.75613862394964,4.46638050976675,3.01450673676172,5.80789800482967,3.71913615707472,3.7859888912616,3.10196423806078,5.56121013709859,5.07739384031852,4.50222349008628,5.47250464049455,2.97626044975692,5.17864988274361,4.62659844276664,4.13213637513785,4.80616669403273,3.69134501626322,4.29993303629138,4.09534325297622,4.69230440923353,4.28078815309893,5.82019466913527,6.99266875720882,6.24284175952268,6.11937956660591,5.37424396210272,3.68333668123846,5.66521704997315,4.95907961422493,4.75684698533943,4.23642858323924,5.67713448721106,5.14116307743118,3.13769873326257,6.72893568258764,4.88675899822854,6.02560072452648,4.87415742934668,3.9312386544232,3.67127726049598,4.99186000697957,4.06531322636701,1.58591873772558,4.36772332158628,3.76272163605215,5.35134238156804,4.65141061981028,5.42811509107112,4.59621284931718,4.01973105341482
"jarjarbinks_14",2.78304930302246,2.12073636113191,2.09334818892857,2.06357589824324,2.39198936491043,2.23995087627534,3.43213129654083,0,5.14005897996763,1.82289669564763,0.87628236301676,2.44924856815543,2.43884213705006,1.71122432620597,5.40878259265084,2.44922267815461,2.43551448913406,2.44321409339089,2.6505867159278,1.69183227207419,1.50437204673212,3.8782806612814,1.92107619997091,1.54412778337957,2.68585087846909,3.40710003933602,2.44633152645385,3.08098960411708,3.29020630065437,4.07231772275931,1.8616873029996,2.62071098465986,3.43759023288689,4.15735814179825,2.80608310082695,1.33019060197903,3.36840677659623,1.71839832200562,3.13561255696303,5.44908876540412,4.17775883772349,2.97068941200079,1.52667724632001,1.75109286853891,3.99061313574125,4.02805206578858,2.33810008358264,2.9726742292738,0.780736041991293,1.91185369213048,2.20993048449663,2.14743268936301,4.8155953436915,2.18977967247432,2.1436593886431,1.147607388734,3.0051792956133,2.0696450847425,1.1707728063954,1.50153970576684,2.31871432006393,5.59157525489039,2.14788011292981,5.83442961245338,1.0057919468531,0.854613983260137,2.57725398133363,3.49489507227248,2.06330311116626,2.39707304586763,2.38178551102659,2.49902429717554,3.42490362746228,1.91316101630045,0.986277611910009,4.81037007627158,2.45730563902127,2.03370753452471,2.94762064683411,2.04137351215982,2.03899266068566,3.24079181794396,1.4011036709462,0.928544506912721,2.49229424121114,3.96734367817038,3.02942544094549,2.22503356590833,3.15087395876019,1.46371199352457,3.52693119079419,3.24344259327845,1.52934305070873,2.42384186094667,1.66556911256888,2.17147020764981,1.28940455470574,1.74344419644908,1.77056545650926,3.13930737568347,5.96602956250907,3.9813631161388,3.5714038219819,3.227453580166,1.17650091675182,4.11760578097138,2.19180413874995,1.90075741467214,2.97248603435042,2.91561851281785,3.55171315111416,0.961055536766094,4.77246088380169,2.37559458659174,3.67286039322125,2.30405160454493,1.20614337119345,3.08993943852143,3.9078050702796,1.68433159963175,2.81063583426378,1.9544411548037,2.04785091377491,2.79078943375735,2.10181691987613,2.95874255273803,3.18745195901712,1.37211820451677
"kubo_14",7.12651933574227,6.79601085239915,6.48102800307676,3.68589330969738,2.94028382876457,5.47777519951393,6.40443736792572,5.14005897996763,0,6.11711571511196,4.97890677230842,3.04094449102783,6.6355040012333,4.28501230072304,1.77196005853725,6.96652644301788,6.8062334927253,6.90489387165114,6.61936107007,5.40516868720118,6.14315288160416,2.25716641543706,6.64290412796856,6.26837800211379,6.73213584101157,7.36628475815002,6.43635465459175,7.07106220373943,7.50410611617012,3.50286858523342,6.2112507748532,6.99723461511096,2.1318247460152,2.64839450450394,4.4167586611758,4.90605098332936,1.9210263530677,4.00683694757055,2.56335667574904,2.29815225094681,8.15727106652725,7.24026339449596,4.38659198621129,6.00732663200199,7.88644782200461,1.3041657899041,6.79596896427465,2.49963568496273,5.7790078137709,6.63860426510256,6.52509002443159,3.65877554805438,0.42726380893683,6.5587716972797,5.26649275553425,5.53826023159032,2.54703428486995,5.03299654181605,6.09869698258106,5.53418360833114,4.32578689876362,0.523377107276304,6.58804304194847,0.799641154921384,4.96003492812273,5.00351329764052,6.36995146855389,7.54118431211249,3.65148091861076,5.75341850345719,6.65932417024989,6.33312918750458,7.4923824714173,6.44345566887212,5.87708778576457,4.4498065281263,3.22883258706156,4.29692833973817,7.21505868486914,6.39841880800507,5.21903735484351,7.34414978671672,6.20349909701317,5.34953783719573,6.79885054341147,1.57053741122231,2.42183140164591,6.8440874992639,7.30949003134202,4.86975195217202,3.75463183634988,7.45092350921116,4.37498275460735,6.96331946330142,3.62920207205283,4.63754123167539,5.11130702338366,5.53302244833094,6.32826950119717,7.18841973200205,1.04829044853293,3.67463263606609,7.69138904364717,7.43972712297355,5.74838281492766,1.26117684119175,6.17113652588461,6.10276188115887,7.27187099410156,6.74506197213075,2.40601816503838,4.80134303728679,3.39648610336542,3.99102756397701,3.86066250730632,5.92526338429673,4.05654048708252,7.21880376239108,1.89393437395662,6.24185656843685,6.50477462444101,4.93935535879618,6.16982053989595,7.16796612600314,4.35872133051648,7.29874588464378,7.41356964279015,5.55491028461239
"wolverine_14",3.48360419645754,2.61052200140716,2.80902926542546,3.33988919607778,3.67136914638041,3.63248968991713,2.15310401425266,1.82289669564763,6.11711571511196,0,2.37555856271509,3.74645873023615,1.38233998557661,3.13569192016239,6.32797832584836,2.94647607619987,3.14365869178136,3.13547874786271,1.32004315310298,2.93000467826871,2.39171096333605,4.97654384996495,2.42686565368254,2.22344560449939,1.47110814254576,4.00186437339427,2.26401925280273,3.88397957566232,3.59090639792847,5.41271549597658,2.7593589175913,2.08885283431849,4.58813208917357,5.44601139473862,4.25986396839047,2.69987289178494,4.56424398503281,3.12096945189934,4.19225664801616,6.63498504315305,4.49886180652106,2.61121100581532,2.92814689567547,2.78364324104177,3.59345899052577,5.13153274681258,2.9954003707465,4.18734968008362,1.4546700343766,2.19745400973866,2.83277885197263,3.53926889857384,5.82624198229154,2.97903356674594,3.27698808346853,2.49755339308055,4.23380933300286,3.17583338665714,1.65312610573943,2.60712186410596,3.49445517451252,6.51081212731365,2.20294981457971,6.77949479506173,2.50831996727214,2.45208556595568,3.26359364577837,4.16600346533902,3.17182496294816,3.44704847118967,1.43476684878345,3.31791269011868,4.04462251299879,2.54231596925578,1.72868157808722,5.24572354678605,3.74330429000269,2.93346957642162,3.274265274655,2.88975356618328,2.10926806411114,3.95666673266631,1.93321469633223,2.13265095955889,1.69468329616892,5.05692249667796,4.24241749261301,2.60543307577634,3.68543315861514,2.0746022537755,4.47270185176213,3.04413712039842,2.76514311960335,2.9937398983832,2.79866903933546,3.21715314885345,2.56354341302759,3.00207555984238,2.50291025303032,3.91862651284561,6.84550709404065,5.32818492648934,4.20728453306731,3.65944072542225,2.02474174006084,5.17518844305378,3.1422879498686,2.88633801901569,2.67150759455226,3.75959832668945,4.54312945022319,1.92024743375037,5.97845778980534,3.65295932763277,4.95449172205553,3.22179766791329,2.60575318080286,2.50935869388969,4.77813147491463,2.2922951943138,1.5142552751412,3.12081108599854,2.58203157443408,3.31024724478986,3.42528590232966,3.61100015256728,3.05132159817522,2.52173199994622
"jarjarbinks_15",2.63304105158609,2.23981718499558,2.11578079418018,1.5633818820356,2.18004962358265,1.58947688402952,4.10181004650864,0.87628236301676,4.97890677230842,2.37555856271509,0,2.05916642569536,2.80373041063575,1.16842109153035,5.28885651488114,2.27989934627481,2.40434459041195,2.43957261239229,3.09971466126341,1.60696721242811,1.61887071066241,3.70241900276871,2.02498145910047,1.92628322333914,3.01277716727704,3.43387179409156,3.105900771351,3.14044315841078,3.27045828796246,3.59712811683503,1.84447407291624,2.75069068324332,3.24092668440986,3.79129354457233,2.21570129347768,1.18185046790493,3.13481377358594,1.36974618098574,2.83719733272536,5.11579384184985,4.06505129733092,2.9298285635455,1.2728712062357,1.69134218438323,3.93252953579894,3.83938373648609,2.32521193074136,2.63156849152139,1.33410900592884,1.8989271310462,2.44242645263763,1.8399393818232,4.63269282442946,2.16982835045918,1.94174207710997,0.948158493369716,2.76850265779652,1.76300279915857,1.74908175552641,1.16729758343733,1.98532552209724,5.44109921112755,2.19046546683279,5.69758293554592,0.920870150088594,0.699103231252972,2.40211476303306,3.29847751650684,2.11999753245375,2.00883190237489,2.75175113523174,2.75375822311908,3.22239217785862,2.13624498213447,1.40114459065691,5.08056375124115,2.2355587952501,2.19735624824979,3.03443169833488,2.13578139213097,2.15201776846855,2.99921224300723,1.79978061192395,1.18914649411024,2.77518184188126,3.80418147492447,2.77925235975442,2.28527075147621,3.02719488970879,1.99331673732564,3.13160446770324,3.22180532838146,1.41469358802922,2.47318941208608,1.82549894111522,1.87467333921969,1.35211306428367,1.5380950012789,1.87490745883345,2.86365133254357,5.84379345857234,3.48655280703523,3.33501512260641,3.14693676422364,1.63445234806373,3.92055906256312,2.04920943913748,1.69193111428191,3.03490001018122,2.51832699881468,3.40808315765544,1.43975727202983,4.31177378953401,2.02280274465422,3.10212402635257,2.10452917512235,1.12355497723236,3.31474180829365,3.90545094303917,1.92260353106149,3.35682621569825,1.62639191975009,2.38453241203307,2.58550761691101,1.89800120075073,2.85622115913619,3.21288789031006,1.53156367929027
"kubo_15",4.19230960750352,3.91945150420536,3.64321284790394,0.691328974618788,0.654878461314152,2.61431532645765,4.89005463580816,2.44924856815543,3.04094449102783,3.74645873023615,2.05916642569536,0,4.19923529215495,1.30075022812127,3.5571107899653,3.97671937704503,3.95025656147947,4.02475016051911,4.36645787233332,2.63998238524062,3.27016837900336,2.09964681288687,3.74916701113393,3.52926473047731,4.3556081909893,4.73017382426364,4.26684668374303,4.41723041317961,4.73320812106241,2.5672326283887,3.3845771069508,4.30603589732536,1.46516740369892,2.421454838588,2.08688806282128,2.08135939652257,1.18860902282485,1.19531884174646,1.08680319801024,3.47892523957912,5.41621988280357,4.4749738288677,1.60256147298407,3.15496509001304,5.28399909294224,1.92498184889098,3.91938957704945,0.621168178053351,3.0498775282497,3.69508633701921,3.8621170082714,0.997411737751917,2.69308573958618,3.69057101096754,2.64485791541679,2.65889629533847,1.0072759719791,2.33982207943293,3.4052001267087,2.56520746714241,1.81676869147206,3.50056865332974,3.79856970112176,3.7593684293179,2.15833181596256,2.1573208756205,3.60934058086958,4.67693696131913,1.80205572494799,2.94730985055947,4.18335598250017,3.86546244328516,4.62396301697884,3.70072375340312,3.10869292951331,4.62853447568114,1.03578814315737,2.4338175453419,4.49547533846495,3.63275136016461,2.99970188908653,4.42178043887974,3.45597472970224,2.59916451719605,4.25082601331636,1.91314197839706,0.895661385691653,3.9630142017714,4.47081361661277,2.79597076895454,2.45455496006404,4.7150929456118,1.69087355035091,4.08599101450495,1.4724341698394,2.27279558720617,2.35946455797613,2.68881183337584,3.49575125712329,4.26770024812633,3.94062308793328,2.53996884534865,4.77547966200848,4.62032626644137,3.06804365517065,1.97407842842512,3.34855131709527,3.22070198890964,4.55593205821632,3.81933710726215,2.0045933963688,2.34241544803151,3.11216761054328,1.53453704556715,2.35005536327473,3.17136807487897,1.31361212822661,4.70927493111802,2.44612263016033,3.49811682316351,4.46997382708527,2.39139846210301,3.65407683743425,4.19759711634027,1.84082125590598,4.39707195326079,4.69943253498849,2.82167310906931
"iris_17",3.14880579116975,2.40466520269264,2.53404522965187,3.77021021752163,4.0681913397948,3.59639309908898,2.7292479938753,2.43884213705006,6.6355040012333,1.38233998557661,2.80373041063575,4.19923529215495,0,3.44437916480817,6.95490354768575,2.81836173326214,2.77321351913375,2.79823139749219,0.61609942104249,2.824680702293,2.41526990219,5.55101765353419,2.34129880150268,2.27959713004671,0.455728187043841,3.94968584668948,2.42108750127429,3.41936036111376,2.76596939340436,5.5830738176808,2.50811661951371,1.10129607264371,4.98426260247935,5.77512118421451,4.31856380731803,2.81802272814,5.02941070801862,3.39268028492054,4.45100124589418,6.97552744568908,3.57455147540709,1.66290322809319,3.08802412112508,2.60499503079391,2.37621351972892,5.62540086597673,2.67434360491961,4.60939656720104,2.09501780408703,2.23144275355559,2.53790894704472,3.78184658079188,6.36975891374383,2.67769510765934,3.07558981110207,2.76882007153843,4.58069517848096,2.92236440655319,2.09244147995013,2.65421742279839,3.38303106277379,7.0467955421347,1.50336515996863,7.29389709687086,2.74836174089472,2.79930479208085,2.64468905956614,3.64855013917289,3.85663369713945,3.11923085349695,0.714467511038223,3.38421410779756,3.49526275778009,2.62264949778414,1.98151209278415,6.07519670869574,4.21172493304396,3.67774804222616,2.60344511003582,2.8697932202552,1.91263261736014,3.59374352090498,1.99383505124384,2.30140682070124,0.62872018445909,5.49300771027605,4.70943507800045,2.2450088469866,3.03376497637222,2.86469001301942,4.50450251410615,1.9823721089448,2.9488851063659,2.68098034949401,3.40627849290623,3.15677370699463,2.70162980043837,2.93370877446626,2.270128014792,3.53046992750513,7.41298622341002,5.48144268174656,3.70291475008805,2.94130413312314,2.16979492919771,5.64205014434161,2.82842794162665,2.64388335642804,1.61018161325471,3.64095565293011,5.17525483459778,2.65501888845206,6.13155996555935,3.7456746456848,5.08989491821604,2.75847466692973,3.10242779426605,1.27454194908903,5.42812287908338,2.12029702831563,1.34215003241125,3.13744084828956,3.05481117115596,3.0025048250292,3.56655069668898,3.20206603704825,2.0013921548434,2.76174885261781
"kubo_17",2.96788560541522,2.74419621142573,2.60513661544864,0.847200918773353,1.52386621335771,1.56755136316439,4.64461116571073,1.71122432620597,4.28501230072304,3.13569192016239,1.16842109153035,1.30075022812127,3.44437916480817,0,4.66277196122289,2.82356875460814,2.83004867989706,2.85059122261679,3.71829040607597,1.63992559484101,2.10673393720034,2.99544574846469,2.64150030227594,2.47440864517528,3.63291620107055,3.55494041040285,3.49649570322301,3.30719935597629,3.58825514751782,3.13463760587856,2.35427380460591,3.31059949039588,2.4117411352594,3.27372666846456,1.89584194249148,1.16148790732547,2.39272520460003,0.964983086928853,1.99466134950149,4.52476955918178,4.2951703303386,3.46197104083346,0.975233494330166,2.08461117675746,4.34359736664414,3.07912118720654,2.78990295919302,1.81025956947399,2.16002149066303,2.55619775605838,2.92767132601954,0.97325295083889,3.94560338269408,2.52669888978903,1.97318095770279,1.55852100512221,1.8915691738453,1.42441210166289,2.46033360418471,1.39404086858369,1.26821705870029,4.75345665384299,2.78109994365798,4.99103161448244,1.19530598272485,1.14472722768128,2.50239030832645,3.51635223181214,2.03636179381004,1.97233349960879,3.33116097139709,2.83187341650614,3.5082276066779,2.57618920877387,2.11173934505828,5.24869262272682,1.3805075118003,2.39897149920534,3.33303055650753,2.47609007526684,2.51501393237511,3.164752705619,2.47255081838774,1.71583098445329,3.35684128662433,2.97207507418752,1.92335842897132,2.82365177453355,3.32630917621243,2.5189559331448,2.76320634938742,3.64810445777927,0.996693998436714,2.89383061094536,1.60709694587859,1.73338007605288,1.32727660575347,1.56143209304465,2.36799409467374,3.06092810837854,5.2027312676468,2.91322384874034,3.59458543126616,3.45769406859945,2.15289890131671,3.13031354154979,2.31945819806208,2.16796371854547,3.50708389958288,2.62540993497182,2.94896619211179,1.77471239513421,3.7855617072409,1.18097157508225,2.69691324985368,2.10804345622681,0.987045638875749,3.77365520113231,3.4741094135771,2.52816730962612,3.91451595594577,1.6076535359327,2.6790480513824,3.06332472321076,1.10027689593323,3.16716703965162,3.63112574907864,1.70998463003505
"lambchop_17",7.41503857835958,7.03447991282841,6.79902100340191,4.08979788606109,3.51992795703641,5.89887276102219,6.57604322050033,5.40878259265084,1.77196005853725,6.32797832584836,5.28885651488114,3.5571107899653,6.95490354768575,4.66277196122289,0,7.19538789432804,7.13935209027043,7.20545294984321,6.92169129289623,5.79896740145833,6.40708175568155,1.82406260932302,6.8850784441184,6.52582987422984,7.03782791780769,7.55230416399593,6.62880317961879,7.41641158923462,7.87460617262311,4.36379208583718,6.56831749129413,7.3173604627887,2.86518016195058,3.56619090845458,5.04863427654671,5.28844782722146,2.71477801032492,4.48400890883022,3.29666293841067,3.41888312345112,8.55142337928168,7.58151390924535,4.83836103092564,6.35554911329147,8.30662360651385,2.15855947880679,7.11234914412251,3.13806719455133,5.98558177937224,6.84205525586122,6.87724784288842,4.17530410308355,1.89482702547176,6.87555013227758,5.7580837540298,5.84077326774617,3.22063783023935,5.51888930095454,6.31266932727461,5.84180897329455,4.88583313788574,1.81235628425352,6.93365289880967,1.89180184879397,5.29084209076113,5.29378460906222,6.80219101497728,7.80241280706073,4.02059280508451,6.21734430322909,6.94886320156848,6.56176439726667,7.81353550120939,6.68345018503336,6.13761144099841,4.76501664443524,3.66256994481091,4.61909186819676,7.56543494107339,6.66808756796322,5.65867211516847,7.56267321178843,6.48044727995838,5.65938382750173,7.12231557794324,2.46963288782312,3.00418123766928,7.12639846043297,7.66838977370018,5.1699167980315,4.50380298926076,7.82154341451834,4.82759076142552,7.21966926982294,4.02113097967456,5.14780529648041,5.44723905205156,5.90501882123068,6.63671790916846,7.40456933095724,2.01193517672834,4.44212738729565,7.98787470197442,7.81051070600196,6.04150769105781,2.21246776008017,6.54962644755552,6.47807152064108,7.62091721254785,6.79585490404382,2.49861531238004,5.05778490118799,4.33926616620353,4.23807819311903,4.61431827389355,6.33605082363021,4.43841417848735,7.57838192240245,2.55787623823222,6.56601811835996,6.79368565368836,5.37422580055065,6.29695452017243,7.44127371075295,4.75487190819551,7.59574907169685,7.80190085918667,5.80975935327635
"wolverine_17",1.23323281666731,1.07388165249594,1.22615733692873,3.36174986414062,4.0810549276403,2.40310175041652,5.013394481251,2.44922267815461,6.96652644301788,2.94647607619987,2.27989934627481,3.97671937704503,2.81836173326214,2.82356875460814,7.19538789432804,0,1.35894066824434,1.19724368226333,3.3566831260266,2.06165689078803,1.40666628050832,5.5538473626143,0.858181105612206,1.8486226722127,3.09268811082687,3.07146486921565,3.55192060833706,2.45629418332644,2.07408689653824,5.40888067801259,1.46334989654346,2.13779437362436,5.15194487753912,5.84384883791378,3.73279794349744,2.24713373985546,5.09630951548219,3.04575574676762,4.64850931902517,7.12312289939433,2.60764210899664,1.96263720763168,2.74484090623364,1.54662936285602,3.00166216362296,5.82273320484011,1.22913858378887,4.54016610822181,2.04086138251245,0.854769373119606,1.9962746448976,3.44831945601687,6.6381980085004,1.24746028185164,2.43186850964309,2.00519988191836,4.60551261683885,2.55928803051967,1.9933699175077,1.50358870455554,3.21322065404836,7.40759843408029,1.5747588272784,7.65782788353368,2.40309476889204,2.35043689661758,1.9538776986399,1.63050776187817,4.08922420082475,1.95685116695546,2.80423361145813,3.03753266345882,1.53542174789873,2.12487384908588,1.85032036598146,6.95787468653805,4.1119099804834,4.01794335950374,2.23448441447115,2.11438753265275,3.43229608007842,1.50168093190331,1.74465408695643,2.12373416588467,2.58970292098746,5.69799355653885,4.68499540999426,0.960585383457952,1.66905506389928,3.54408755823152,5.00290505520393,2.1882590446245,2.85176784617235,1.13051233606215,3.75323943863339,3.47863048201863,2.26844673255298,1.96161258743303,1.41233858493695,1.35224847465935,7.81511132205052,5.28797442799022,1.53437119816589,1.85777400819737,1.98303284245956,5.87134543271975,1.5316393076264,1.39327769745337,2.13558362521861,1.49487713686158,5.34514229157001,3.03850583642713,6.16386380407505,3.4398726483223,4.87666597412728,1.98053476795838,3.07497330516716,2.84454220136964,5.96616960384029,1.69693341978863,3.90037043452896,3.12167351848575,2.92805543376617,0.590793093965773,3.21100540049536,1.45770023742834,2.23644035447755,2.28527233898075
"hamlet_18",0.796446028808953,1.15100750895994,0.766095415343069,3.4635022781938,3.91224621572742,2.24135308748113,4.97674025241945,2.43551448913406,6.8062334927253,3.14365869178136,2.40434459041195,3.95025656147947,2.77321351913375,2.83004867989706,7.13935209027043,1.35894066824434,0,0.461197742539771,3.30745323694171,1.4828828580296,1.16181253730434,5.52406089950822,1.12617290808105,1.35458679662973,3.12878865483779,2.80744576607701,3.28498454021168,1.32215232190417,1.29955379545558,5.0494614320614,0.837259944185571,2.19577802879587,4.96035827253835,5.55364628146629,3.37121818276041,1.95067468627042,4.94711024683802,2.8689202463576,4.48551230124297,6.80691238474858,2.05707966438029,2.10366711310422,2.44406650272556,0.895639639239049,2.77562038494851,5.67334849218373,0.230855118355681,4.45885564155193,2.16525545890253,1.64399572279184,0.948908946060799,3.21629850860854,6.51255371514065,0.570952115834585,1.84951674788165,2.05672746644654,4.39666968064205,2.09083450171245,1.92517676661844,1.66874733388953,2.81979505189011,7.25872587908341,1.49264790041462,7.46282428118517,2.25767340666341,2.28264091029229,1.23940660838742,1.48173220523147,4.07296609550664,1.55052926851262,2.77152239082758,2.48869692406773,1.31902032109032,1.70867929513403,1.68668724874801,6.87611726310953,3.98432339294014,4.05006418431279,1.44005351872149,1.53791170878007,3.27177527669577,1.68582722605203,1.38005864089068,1.85224435436442,2.49769942865739,5.50730560932804,4.5712284663839,0.993936219923077,0.879960052831378,3.46654487268936,4.7559135076174,2.02835619261864,2.62280650263462,1.02935439479529,3.61827892302597,3.22617237652705,1.99423252752113,1.38905047767434,1.12730843964773,1.39770309021253,7.67969314918824,4.97427152129335,1.5543713243333,1.07372800568273,1.65995452416219,5.72536337562504,0.83441498352182,1.09127415174918,1.99735852130882,2.05202496715103,5.33567299531879,2.98283185767224,5.82312654320278,3.20159620218517,4.62742967291555,1.31886912152261,2.97551275248489,2.58529305202372,5.85748351671589,1.06038651639093,3.78599730453947,2.96263996730546,2.87201658495311,1.14110795980894,2.94355077893258,0.889205249030496,1.84337092727266,2.05061107298813
