"","hera_1","wolverine_1","hamlet_11","hera_11","jarjarbinks_11","hera_14","iris_14","jarjarbinks_14","kubo_14","wolverine_14","jarjarbinks_15","kubo_15","iris_17","kubo_17","lambchop_17","wolverine_17","hamlet_18","hera_18","iris_18","jarjarbinks_18","kubo_18","lambchop_18","wolverine_18","ophelia_19","wolverine_19","hera_2","jarjarbinks_2","lambchop_2","goose_20","hamlet_20","hera_20","iris_20","korra_20","ophelia_20","hamlet_21","jarjarbinks_21","korra_21","kubo_21","goose_22","hamlet_22","hera_22","iris_22","korra_22","kubo_22","hamlet_23","iris_23","korra_23","goose_24","hera_24","kubo_24","ophelia_24","wolverine_24","kubo_25","lambchop_25","jarjarbinks_29","korra_29","jarjarbinks_3","kubo_30","hamlet_31","jarjarbinks_32","goose_37","hera_37","kubo_37","lambchop_37","ophelia_37","wolverine_37","goose_4","hamlet_41","hera_41","goose_42","lambchop_42","ophelia_43","goose_44","iris_44","jarjarbinks_44","lambchop_44","hamlet_45","hera_45","jarjarbinks_45","korra_45","ophelia_45","goose_46","hamlet_46","iris_46","lambchop_46","hamlet_48","hera_48","iris_48","jarjarbinks_48","korra_48","kubo_48","lambchop_48","ophelia_48","wolverine_48","iris_49","jarjarbinks_49","kubo_49","ophelia_49","wolverine_49","jarjarbinks_50","korra_50","kubo_50","lambchop_50","ophelia_50","wolverine_50","lambchop_51","goose_52","jarjarbinks_52","kubo_52","hera_53","kubo_53","iris_55","lambchop_55","ophelia_55","ophelia_57","wolverine_57","goose_58","wolverine_58","goose_59","hamlet_59","iris_59","ophelia_59","korra_6","iris_60","wolverine_60","hamlet_67","hera_67","jarjarbinks_68","hera_7","iris_7","korra_9","ophelia_9"
"hera_1",0,1.2610857976415,1.35054024688931,3.67914145770539,4.28896180003043,2.24651004927077,5.41055952024033,2.78521878537475,7.24797709752519,3.49461336235367,2.63490309831168,4.22882873874849,3.16786155088008,2.98452410368325,7.61465476890522,1.22770505709534,0.789134673646574,0.684374007580501,3.68685977937435,1.91860177360633,1.38603600268097,5.87893349978947,1.40412027189907,1.72983923066862,3.45925758147606,2.38005179771124,3.57675618076015,1.45551237609649,1.36313126203825,5.36550769706038,1.45196498141061,2.37887129909657,5.30136958971826,5.8921446079951,3.61765398441495,2.34123362076315,5.30395341391164,3.24032809965816,4.8135583592493,7.20285175014592,2.01610286418386,2.23360473289275,6.46839483194726,2.85139200180491,1.41703456124218,2.90429668367029,6.05022502404882,1.88064310136308,0.756631519739127,4.74826060329263,2.45230649027973,1.60371317814268,1.71641967434623,3.02756232013625,3.54323614266211,6.90556609331985,0.9068666094583,2.4201899412485,2.16439503359289,4.73238347146403,2.41749015299562,2.25264919429077,1.78691162344548,3.14310852003423,7.71876950520097,1.84551933391916,7.9334858594502,2.55360993068551,2.50386735850965,1.45299872887451,1.25010111598908,4.41150845154313,1.82762268708118,3.05056862048211,2.48440851135377,1.30826134554599,1.72767018741807,2.05829366103773,7.38027275319729,4.20334697368512,4.36793530846685,1.47471933913154,1.53090567888216,3.65318259399791,1.14574212905895,1.82858905107959,2.30172006716348,2.77493794676409,5.86552104043555,4.847021741876,1.18067333855308,0.914299351993622,3.89313264338801,5.04798386035597,2.11009523292403,2.97703361631213,1.06417446422332,4.00838636919661,3.48855256902472,2.30658479294242,1.6449895223446,1.47690545041,1.02709560202863,8.15798450583534,5.18442222362333,1.23764834329095,1.05668095448464,2.15474265343861,6.08905934152056,1.36318198315779,1.52857192585436,2.1372961646072,1.6394630837619,5.75992599644706,3.27585505294017,6.1226495862053,3.49317557443366,4.85779426816539,1.65452758605286,3.33076211558827,2.85850364655107,6.31705786916556,1.72972684701405,4.17531321027986,3.14210740586161,2.82127439912815,1.05599634816119,3.14849081381731,0.362678772884112,2.00004038120051,2.14691067403994,1.48011485422492
"wolverine_1",1.2610857976415,0,1.01783902845282,3.40819604237185,3.93055224716644,2.45309573367957,4.49125515423947,2.12658485964818,6.91669071883933,2.61995512019621,2.23798177822795,3.960789710714,2.4240365971411,2.76817023608245,7.23160469019232,1.09997548677093,1.15927985920795,0.827129921588122,2.90026286995941,1.67551124330219,0.857992060676433,5.50808050423396,0.579441625969568,1.13906642405975,2.74547171941072,2.60049132044656,2.64902351647263,1.8384312453251,1.75324926926659,5.40490575792831,1.17326772127836,1.82401676985342,4.9689849769539,5.77256429458832,3.74425426882557,2.00097260318926,4.99749093064563,2.9655797669866,4.53861053919156,7.1076637214254,2.4843830905949,1.99615250278222,6.12266153753493,2.56996275766187,1.28505738091411,2.96016790253269,5.71641038773065,1.75321488735658,1.07371974171905,4.48296191535422,1.6800729353269,0.967461781825465,1.5423950307331,3.06856765939804,3.29384884314275,6.57888215826005,0.786976558739088,2.32671523252994,1.79098323360631,4.43861519820971,2.31474962565156,1.4171731412543,1.43650930817345,2.99255519413083,7.38568858731469,1.32454019499501,7.60757436616995,2.05426186260603,2.04257049991905,1.63288985433315,1.6978584572534,3.82835875979713,1.98287559932783,2.29856612277473,2.28311749082515,1.81751855258531,1.56097704026881,1.37313604028939,6.7000943540855,3.91321985091575,3.72194144985254,1.60496327768821,1.60481780386492,3.06498859364801,1.58348292289557,1.1907345855279,1.73722821446684,2.1414456710716,5.53337046045911,4.55269644455241,0.499405938778322,1.56084775852301,3.13080370959435,4.8863779355444,1.98310235824555,2.5390104190415,0.458506071866726,3.4351421805246,3.17746402506096,1.78311902933857,1.69180367998593,0.67938604178687,1.55913234006494,7.8055545408817,5.21796172733944,1.82634555367743,1.63432187941909,1.3511917274375,5.76754283468449,1.39789228067153,1.32029395896671,1.82331786869878,1.8418140745395,5.32948020222443,2.63778530689765,6.1567446965978,3.28471265718307,4.92311836909464,1.6541319597142,2.89456365723257,2.31786690336117,5.8143045034221,1.24990659216464,3.3405672793242,2.81289330385569,2.33086333802743,1.36830177032795,2.84601412298939,1.29946911466056,1.927196898604,1.70001778755225,0.77469520908651
"hamlet_11",1.35054024688931,1.01783902845282,0,3.18734726617402,3.63220633049557,2.2978472664361,4.73225293341353,2.12232310975317,6.62541379398115,2.82995036673681,2.1374242541365,3.70571701162444,2.55736752378023,2.64415362397385,7.01789316285335,1.24402217881643,0.773155025794929,0.816641374347487,3.09303063450922,1.30059785356501,1.11237765191539,5.37864952408156,0.777777685656902,1.3663943719455,2.94960242983744,3.26150833450162,3.19231742331261,1.83401239939777,1.78506451284621,4.99098382604342,0.506808576392442,2.12061255240691,4.79438144895027,5.45921790980502,3.33470646362208,1.66331509840803,4.72506821294064,2.56053136477436,4.29338098396946,6.71738894438523,2.42737790238064,2.0891741097985,5.89212776578055,2.18313024502251,0.771993365728177,2.9135275238215,5.49985300467828,1.48696096214659,0.780384454021345,4.2332592756571,1.88690697728162,1.44820523643979,0.975475576387216,3.01980092129958,2.995991989003,6.3011117353398,0.690744863890891,1.56602711118497,1.95732867519222,4.21709473906516,2.03399972904335,1.7033469329942,1.35587571786899,2.73247297372009,7.08201779209691,1.29055230111575,7.30078224019561,2.0036831424178,2.06777082750032,1.47938110549059,1.64697200562349,3.80981270752383,1.45225441666139,2.66794387735596,2.76310703696881,1.54053783848921,1.98702216467802,1.50732945534278,6.62616122254156,3.85595352896341,3.81405028143378,1.92022653151408,1.91285291831814,3.1074354037135,1.95774132348356,1.17014754206585,1.50972338739,2.41620407857915,5.33525750652213,4.37278896779049,0.752997312148893,1.35406779631588,3.19049810234483,4.71022776176022,2.14452725212469,2.38019143462523,1.02481555062333,3.34967368706335,3.16865332617678,1.79160830012491,1.45199184919624,0.893701712869878,1.62254025777623,7.49515545068034,4.97397153193953,1.80831783243748,1.60261948416269,1.2900439152365,5.55057257979669,0.651283388741059,0.786897746384594,2.04312638324331,2.1009920368504,5.1456964574402,2.77690685994001,5.79615157883604,3.10053088311008,4.58032796836154,1.3401978285444,2.70302374030326,2.58148005101421,5.65548824165259,0.857010739734631,3.61351946004087,2.91375352766351,2.96080173184269,1.18967000802503,2.86174755350543,1.47687422166171,2.04191731224287,2.03862253233868,0.976821313177304
"hera_11",3.67914145770539,3.40819604237185,3.18734726617402,0,1.11789848967072,2.24570120268918,4.72005630346734,2.05619184098924,3.78577300976325,3.32899133898908,1.5758433974884,0.703420218070708,3.75895556118585,0.832187429569815,4.26932715701887,3.42925306975705,3.49976365123496,3.56377586805214,3.97970479534721,2.26564751467169,2.78410031216714,2.67115468246638,3.22897579033686,3.14133144600325,3.9232612727702,4.34086307701343,3.99461244804667,4.05126732512217,4.29839930486839,2.93982056508087,2.9358619062123,3.78844288916129,2.1001867345013,2.98435930308609,2.04682165475839,1.68001247743007,1.89928006714601,0.952092532393027,1.59599302059514,4.1412865281882,4.97099059680314,3.94072265726127,3.05410746339032,1.29289689779023,2.6797230848342,4.79622606806819,2.65086086631959,2.34641528788447,3.47431275630011,1.27244271302932,2.60161420801628,3.12127081135747,3.4844483209347,2.87322132645425,1.01246578289055,3.40376328611207,3.2124423257936,2.32074811694932,2.18656675184807,1.60262934487475,1.98726144206078,2.96383397353012,2.04246353933851,1.66640484416329,4.24556055467491,3.29154868853331,4.51953228074763,1.74770919258652,1.74832327798988,3.16222661821709,4.16396456236407,1.94363597257891,2.49666595867308,3.72718037551894,3.53636907925666,4.19444954731831,3.27541570152842,2.64424712312326,5.00182925293218,1.31909301779482,2.43820019889461,4.08702461482329,3.19269941415703,2.74145659630846,3.95959544647258,3.02449501034538,2.16549775823619,3.7890405925957,2.5996042122902,1.50839813967549,3.43773180016954,3.97374782566238,2.67329010014364,2.69372608892397,4.19440597076183,1.40789309501337,3.63728276807425,1.54901970956363,2.1098849509676,1.97202375590097,2.27811647068584,3.02317026689247,3.78354419455796,4.68248719475356,2.87846538176827,4.2885664285533,4.15370896879299,2.66077451686354,2.68414734674474,2.90900991436233,2.73246870408263,4.04844863761185,3.23696011171849,2.55592490046224,2.06295800678961,3.55895413668278,1.46257964125548,2.58216302672101,2.74109470535066,1.04947547532867,4.25675996000446,3.08703862469341,3.06396094899517,4.16562883837144,2.14120706386213,3.31167377408616,3.66755492198916,1.69339318726856,3.9092597348101,4.21119201668381,2.43153168993537,3.07680012106606
"jarjarbinks_11",4.28896180003043,3.93055224716644,3.63220633049557,1.11789848967072,0,2.83554989388082,4.66243266095334,2.40713782498596,3.01967088431099,3.67768027916625,2.20774665115163,0.664737709742743,4.07458671771245,1.54134883481757,3.67552949864896,4.16438377769445,3.97059443763963,4.05828016856464,4.21382268420859,2.54244908125318,3.28603553751305,2.21285946132129,3.78472503844114,3.50021699749481,4.26192784133457,4.84059297582335,4.03295498582623,4.31958309929477,4.73169190383074,2.61127108196039,3.33046219225978,4.28125669876565,1.34913009560235,2.45002495845394,2.18620355470925,2.01526537835769,1.11234689327094,1.14833523275785,1.03347505634306,3.50221450775544,5.40498660544025,4.52834201922426,2.2720368827034,1.49322073116058,3.10532987098404,5.26895489403598,1.89329870820423,2.73420577287206,3.98013573339054,0.810572325765321,3.071309693476,3.84003082589649,3.73689019092888,3.47117753044099,0.868285217369358,2.68290072251427,3.68220550510694,2.49596919759408,2.75810655267586,0.832623750898009,2.25805450747301,3.34635809666522,2.70706440518216,1.69855438426728,3.50197722031495,3.77788521517079,3.73208699626295,2.10265008352875,2.20705773438041,3.5711970847828,4.71393889055267,1.6894389592029,2.95329878675875,4.07833257732255,3.76122967309213,4.74613873246077,3.72885303524011,3.06341511858859,4.44492725240208,1.14743111764778,2.35056254991744,4.4655548784618,3.63711952129005,2.86024916373711,4.61447957611318,3.40550173775072,2.48617040663797,4.17528629164587,1.80828903724663,0.959143147157499,3.9711995126276,4.4638692728991,2.62553860622739,2.49347926447446,4.69472352692742,1.54920162029446,4.145877774529,1.21178335608383,2.20972191401257,2.26173286012478,2.70638406438877,3.4517042327827,4.41491411334489,3.94207014524406,2.66402326309738,4.90549696882709,4.6262820818347,2.92286740611253,1.95691130372789,3.32429037011875,3.21318829239196,4.52512714871823,4.02558329507665,2.06580357660318,2.28168185851366,3.19480441426881,1.49518897528089,2.54587718184183,3.09847219207206,1.25059551253372,4.57295509025742,2.32970184805907,3.40240543694311,4.27471133219831,2.39966977996507,3.71643903269109,4.36263009841411,1.7662273489026,4.46758069708086,4.65632476655642,2.82276544527872,3.61687099843895
"hera_14",2.24651004927077,2.45309573367957,2.2978472664361,2.24570120268918,2.83554989388082,0,5.38111696422082,2.2626897106273,5.61138217334583,3.65400584336734,1.62990433135887,2.66462746348321,3.61389194403884,1.60157370352233,6.11233515716673,2.44554680142376,2.25906522940646,2.31318330074877,4.01902502796549,1.67352854775006,1.99430032559828,4.40251255809374,2.45683823564005,2.49359175154639,3.84050428136962,3.14954293731218,3.84990810875169,2.6443444108247,2.90092050477105,3.32587002691468,1.94974954604581,3.14802442356402,3.70258281748055,3.86855453488751,1.61569255347288,1.69143486197816,3.69154304887532,1.99314061020572,3.25471501276608,5.23738667690507,3.44278324386584,3.1402764946443,4.82878711927374,1.80592616831057,1.75458146812317,3.84664977471785,4.41334850644966,1.58437570079277,2.30340458411961,3.12256717629154,2.55214368409449,2.43077852530213,2.67834258391031,2.55695193020542,2.19179286528699,5.25087450276912,2.05873345735216,1.94972657561126,1.56497083329536,3.18680968789849,1.5250786020317,2.70097776557415,1.52363507382995,1.88816492636467,6.10946592585594,2.5216333503055,6.32183620318587,1.6902148960099,1.65482574901742,1.91021642107881,2.70840392052814,3.17544508903735,1.50248114604201,3.48431562795293,2.76524333746661,2.77344508112627,2.43418514412004,2.28975073138901,6.22370382489442,2.76924170782445,3.30131852092964,2.79867263707222,2.14509300225153,2.91881371786336,2.44014133902342,2.51473343747061,2.06365929392532,3.37041362100904,4.30699145580354,3.30429187815789,2.42869330580608,2.54487960861566,3.28841905882848,3.14270598437186,3.14805510193544,2.01478441913051,2.49004501330534,2.93021006448235,1.94556092247238,1.8540561695813,1.40386967043159,2.08236243279058,2.29606144548209,6.57225340281294,3.06646747941671,2.76396402620597,2.69828441521269,2.40403805612998,4.47578792835097,1.88460356766312,1.63135646033378,3.1300109287724,2.1092678876552,4.30627004870765,2.70059860414021,4.06432908234706,2.13183509854611,2.75203603184587,1.69615155757792,2.24625924211814,3.59655162077042,4.84596190225777,2.39823587248628,4.34496374148181,1.64855568296137,2.98759098817738,2.505914730761,1.98907054188659,2.42290169244792,3.12239441404343,1.97764934069275,2.39026141436947
"iris_14",5.41055952024033,4.49125515423947,4.73225293341353,4.72005630346734,4.66243266095334,5.38111696422082,0,3.46648057425079,6.43134356441248,2.19342794260664,4.1053314850286,4.89116118080414,2.76044362196583,4.67297621004484,6.65383066737415,5.09829009665519,5.03025920637162,5.02218987160527,2.20927504098202,4.56326499803931,4.23877301640201,5.60509650539255,4.42009259610151,3.89959560553735,2.63457351191922,5.35074028931604,2.71908258372923,5.39335183215079,5.28446033113908,6.32810676890184,4.60867391690921,3.73755276249971,5.22776768662292,6.12251721478162,5.60560511341759,4.3483463980449,5.29911533829797,4.55365389201698,5.01998050729101,7.15842661620125,6.18520992719636,4.39366275406535,5.86703741945423,4.40346432538008,4.61518644041842,5.02663529981789,5.65567095924876,4.57622916893863,4.93003426278452,5.13083882834339,3.34647425081933,4.30730798035225,4.48497384760338,5.88377485081619,4.79554964940429,6.20903181396495,4.83475454279555,4.90780153990816,4.24442039471937,5.08341978101707,4.68707503135945,3.42246369111361,4.53306275078655,4.77939082321029,6.77945009210276,4.06614406468446,7.0004022374824,4.05313379266495,4.04171362728494,4.93992541921433,6.04367080557045,4.00603894062275,5.23907636924433,2.71806924043209,4.47046905917003,6.04399705693416,4.15492393774375,3.55643584445494,4.96516928417396,4.69317510212784,3.7420100357403,4.79401677010307,4.50216608646077,3.00850278982954,5.90646557463822,3.78275555613228,3.81936605168828,3.1443323576204,5.57671726086477,5.07285910341615,4.61275549437537,5.49998345137325,2.99379337457701,5.19142539550954,4.65626721920972,4.13197225534237,4.89894393093669,3.68459171652526,4.29041168303404,4.10010198975907,4.72698000194226,4.31262427383081,5.89854143810348,7.04029031110709,6.24092287503874,6.19203173608352,5.41187884892057,3.70881159245105,5.67440372538826,4.99514574317294,4.77500044405022,4.29707440908648,5.69644389158958,5.15248193077483,3.14494260442208,6.72334284158998,4.88743353069803,6.03274472095955,4.86658601673222,3.96518525662642,3.67844857303885,5.02567633590763,4.08613486055039,1.60088898922753,4.37509422500887,3.77110840563259,5.43142070891002,4.63687708913885,5.46783427414182,4.63406193611778,4.06078527936954,4.14814236879762
"jarjarbinks_14",2.78521878537475,2.12658485964818,2.12232310975317,2.05619184098924,2.40713782498596,2.2626897106273,3.46648057425079,0,5.23810290805317,1.83242185577761,0.861187228982155,2.46345024605585,2.4507196388369,1.7047543901512,5.58547540592068,2.49324823588796,2.46279976497456,2.47339190459149,2.66109148156918,1.67244857376143,1.49809109134121,3.99458362082037,1.93134879241547,1.56768859949489,2.69536426388926,3.39339952147544,2.45975534903748,3.07131948872398,3.33233336557532,4.07657833132819,1.87263565868058,2.62540172556568,3.49431834583411,4.19319282338413,2.7816554521165,1.33417619308886,3.40742458852292,1.71482000227552,3.17002809234387,5.51226870641475,4.20764102571792,2.99305973364836,4.47818934309805,1.52030750760584,1.739240868969,3.9918593479228,4.10414610957892,1.97139690785261,2.3789723155478,2.99418225979391,0.803073831448102,1.94122443714586,2.20929165996048,3.17117534303518,2.15316889194917,4.88342375438292,2.19288006850389,2.13418589729579,1.13660769408005,3.04351401444883,2.07357868088944,1.16556791905203,1.53256351925103,2.33291635494839,5.70155182989717,2.16541713209759,5.94890685335935,1.00369689954022,0.840026484090069,2.56891056147023,3.48002804566031,2.08955425828304,2.38241232776434,2.37796292176623,2.4761923201192,3.50563240975613,1.91058801677992,0.973706480129431,4.88064577024855,2.48189792470481,2.05597272003124,2.96427874656744,2.01723674428017,2.06890027714116,3.3093771483809,1.4336347708786,0.930338044712445,2.50670112679907,4.02996205571488,3.05108893165506,2.26146416565292,3.13883390366022,1.49260657913808,3.57500538885595,3.2414068835921,1.54309574255837,2.48877857135222,1.69539558138618,2.18681061885115,1.27877751596069,1.7504117014711,1.78741922759775,3.18109869610474,6.08330012894297,3.99839721781419,3.61256081243822,3.23670470811315,1.17886501362549,4.18714162622151,2.20156813923795,1.89756809753201,2.98805767149503,2.90214326454008,3.66163438965373,0.972392025315417,4.79855035093291,2.41565534399196,3.68702068476685,2.27979577431403,1.21918669237368,3.08798760992154,4.01133360122727,1.68998556637907,2.83201976482417,1.97039979675425,2.04463860025392,2.84016031775807,2.10446982495757,2.96319427915138,3.19515933379282,1.37548302398444,1.64097579186866
"kubo_14",7.24797709752519,6.91669071883933,6.62541379398115,3.78577300976325,3.01967088431099,5.61138217334583,6.43134356441248,5.23810290805317,0,6.19311805135241,5.09253464518735,3.12798352763538,6.70395858696125,4.38566404897727,1.85982254325798,7.13260178772586,6.94434531488067,7.04995436827957,6.67968777102221,5.51183579688451,6.25596501645464,2.28816290341456,6.77280286948268,6.40627510122943,6.79770021957864,7.46881327393399,6.48789838407312,7.17067681365298,7.64022709604276,3.53190191199375,6.32562031119423,7.08451003965555,2.16716610313349,2.67950733839433,4.49225311986535,5.01337115057666,1.97787254198032,4.11438328761424,2.61492955070926,2.30407584045737,8.27860459189631,7.35495787291684,0.923923249649824,4.48212008281475,6.09844361081599,7.97505518499811,1.3158561719329,5.65751299137645,6.95709356208711,2.57781257805159,5.89901924167932,6.77548899937713,6.64041593045297,5.88353876855667,3.74023717703548,0.453697033832061,6.67487028294564,5.36061820008544,5.63478429476233,2.59388372618998,5.10543578750398,6.19674782916505,5.6882591321939,4.38912738635107,0.543005274417894,6.69832906886912,0.820795142793423,5.05280703938708,5.12498661846852,6.45873353475341,7.65178502490503,3.71710883525145,5.84788470176325,6.70979200831866,6.370361532251,7.69008829587367,6.54675405675294,5.96988399932256,4.45843350012116,3.29448026757538,4.34796935856889,7.33561844882262,6.47357066582044,5.27088768087981,7.53150033215422,6.33010547063132,5.44361833187635,6.87944801042979,1.58960431505366,2.49263923814649,6.96970442258284,7.40692173393297,4.94527831256686,3.78619432973612,7.53613488743457,4.46097016500247,7.13844490483788,3.69442068946926,4.68289857591836,5.20122452960197,5.64450158563078,6.44411791528909,7.34584036521073,1.06212306996482,3.72269270801969,7.85370487069581,7.5569351104505,5.84805914872198,1.28235269986684,6.29469339772163,6.21036559351433,7.36644769915454,6.84634631693965,2.42311693035089,4.87667707579282,3.41825093564223,4.03941683109378,3.94118942572978,6.01142909555784,4.13592606428816,7.27681312703455,1.89023084625723,6.34640395894301,6.54884476107157,5.00392842167577,6.27855372865242,7.33290110864792,4.42456541040327,7.42431926253691,7.5054336137965,5.65598360295709,6.58336405313924
"wolverine_14",3.49461336235367,2.61995512019621,2.82995036673681,3.32899133898908,3.67768027916625,3.65400584336734,2.19342794260664,1.83242185577761,6.19311805135241,0,2.3494433022561,3.75037828675679,1.39356672348027,3.1464600557232,6.47458191597451,2.99713746294321,3.16680680068586,3.15797620937843,1.33803022822182,2.91378451059231,2.38759003756071,5.06443552174832,2.42325098097576,2.21523013611491,1.47258983224083,3.99924786145248,2.28524410194379,3.88180448966105,3.64199255663759,5.40242415252591,2.7624347298471,2.10030623343102,4.62498491364545,5.46752496764522,4.22929556066743,2.70598490953678,4.5895639004453,3.11380917020631,4.21394812863466,6.68868169774222,4.54250109852845,2.62374200853979,5.51835760796682,2.9167692544941,2.79273651835742,3.59313158503625,5.19526425640112,2.91743199754387,3.03401145482777,4.19403920767413,1.4518876481777,2.22771944093193,2.82630577449259,4.22451680417325,3.54357201590849,5.87716155558397,2.98653321233538,3.27342777138363,2.49540368463122,4.26873680578919,3.18446815425819,1.64758411467355,2.62598152958855,3.50412493102505,6.60291457714093,2.21915203794571,6.87353910097033,2.49731394723496,2.43072450436637,3.26653656275348,4.15679874659612,3.19351487059914,3.44338401930058,1.43088578798004,3.32787934712637,4.11614985692474,2.55846060773143,1.72262840070446,5.29470072049315,3.75665552008496,2.95387562002426,3.29394027479049,2.89857311417914,2.12215753306046,4.02376286581633,1.96625923300414,2.140562933484,1.72007368454609,5.10794424955936,4.25467327268797,2.68415298038793,3.68555236830845,2.08870695040318,4.50657660231959,3.0478665317008,2.76346686741958,3.05653977122631,2.80792280418956,3.22143146168588,2.55615523330707,3.01227720340994,2.50660050943267,3.96917956148153,6.94603383018692,5.33594151770888,4.24765578838763,3.67164420175732,2.02439683437877,5.2263255161236,3.1521345321083,2.87574726259605,2.70628206272432,3.75349834032072,4.61552103768085,1.9223997539086,5.99086526012967,3.68014822991696,4.95875098246014,3.19958426361353,2.64064727288063,2.50794936285176,4.86218548859233,2.28550506482694,1.54362913691778,3.13156038594984,2.5700272702984,3.3544522590185,3.42497757091743,3.62053135525559,3.06738242097191,2.53934691524681,2.16105477917365
"jarjarbinks_15",2.63490309831168,2.23798177822795,2.1374242541365,1.5758433974884,2.20774665115163,1.62990433135887,4.1053314850286,0.861187228982155,5.09253464518735,2.3494433022561,0,2.08889193141276,2.77973688547058,1.18036852400385,5.49121322341569,2.32356994387222,2.42501940048969,2.46685165679326,3.07694293602398,1.59272444554135,1.60796975508772,3.85016241285802,2.0290450299955,1.95146004000292,2.99418326808279,3.42935996169135,3.1006933234936,3.13085515273716,3.29831823654751,3.62425914639105,1.8465616659414,2.73017510382261,3.31315049523171,3.84937215100113,2.21090962403387,1.17694904254828,3.18943365645617,1.37184849479764,2.88380901203147,5.19891079190468,4.08380285655052,2.9292849630952,4.33032379191701,1.26884118848031,1.6716862489628,3.915456003821,3.93358047042111,1.73980826176632,2.36246664320686,2.6667143093946,1.33018052184488,1.91043656762868,2.43551162962792,2.77696627792957,1.86175615554514,4.71438109333703,2.16609449731176,1.93064937788061,0.955424732729615,2.82372103499432,1.76604971709936,1.72559654559279,1.19233079950135,2.01336739209919,5.56565027081754,2.18444675196987,5.82804779019352,0.917453812142944,0.698745309793691,2.38819981042914,3.28714028155512,2.14800689157972,1.99139517116976,2.72003744907061,2.72665276526682,3.29927065206927,2.12751945368418,1.3739909705492,5.14216522870421,2.27875240600253,2.21429590582814,3.04789687011498,2.10757005815644,2.16173121279619,3.07001323288379,1.80643047397359,1.17303501552077,2.75848491696304,3.88075156872524,2.81821297131001,2.28846817919619,3.01127519661557,2.00088079959627,3.19097051149396,3.19979580061357,1.42851212687345,2.53041819574075,1.85260093855371,1.89929813886764,1.3391544890078,1.54306835852884,1.8766927600631,2.91672518998888,5.97762626595507,3.52625092079195,3.3759255402534,3.15187286829247,1.61284652374457,4.00807045104499,2.05308549408151,1.6796285470108,3.02220963296203,2.52197980582401,3.53721941286979,1.43676957792385,4.35814671238124,2.09315714694453,3.13441563303362,2.08436945846531,1.14980102705364,3.28928094576777,4.0152775833127,1.91590275581652,3.3451176645905,1.64836497641932,2.38676159812168,2.62826376548708,1.92332550774553,2.8612016190591,3.20091392516803,1.5310225214919,1.81362648997055
"kubo_15",4.22882873874849,3.960789710714,3.70571701162444,0.703420218070708,0.664737709742743,2.66462746348321,4.89116118080414,2.46345024605585,3.12798352763538,3.75037828675679,2.08889193141276,0,4.20233621790795,1.31456102058344,3.73317705553469,4.05706474184892,4.005656654913,4.08845055693053,4.36662374706637,2.66808010002959,3.30199502534552,2.21867441180949,3.79797849259264,3.59439049086763,4.3602388647844,4.75780576368484,4.2734088972853,4.44100618064018,4.79241101726085,2.55096999400151,3.41904745650387,4.32083700814992,1.5185911921976,2.43761766558975,2.06901499112568,2.10560480392743,1.21818595948741,1.21388332698725,1.10677163038181,3.52024298235654,5.46413767056992,4.51150452304829,2.39240587930676,1.61640831175235,3.16522342933108,5.29961030852716,1.99244317314133,2.79868076658608,3.99675999320088,0.629289123372629,3.08786591458992,3.74623199421734,3.89943901352168,3.2945223008087,1.00664417375197,2.74608200117253,3.72631265487037,2.65774318696163,2.67663973273897,1.03572185548046,2.34320784131362,3.42403113248875,2.63434757552223,1.82593377755241,3.59820308292538,3.83096266930554,3.8629897101879,2.17580007009473,2.20002557354942,3.62455660600864,4.70438499916697,1.80753731784253,2.95758321740965,4.1749921675017,3.83852037774614,4.73885362806986,3.72483642297238,3.12469996982017,4.6586028314443,1.05280981454122,2.42850246956508,4.54481444425543,3.62902145739635,3.00365963082631,4.52661210904729,3.50033989782629,2.61271854320726,4.26362490689584,1.96393300689998,0.911454966626734,4.00134328123713,4.48769914489021,2.80851620924508,2.46631235919391,4.72712040491848,1.71172987027271,4.18102516923316,1.47997204990538,2.26758615262173,2.37575231573209,2.71818523349141,3.53478685535803,4.34575401189115,4.04529930662941,2.54208722324176,4.85283152323664,4.65964892259421,3.08894398990708,2.03789537265705,3.38916825736877,3.24597883031191,4.57632681258486,3.83930971342796,2.10130019422219,2.34695130150408,3.11588194599504,1.55304183155571,2.35609175554957,3.18326438368334,1.31547655558117,4.70918816075746,2.52268366415173,3.52728791343281,4.47003055568546,2.39792859196553,3.68928726904284,4.27592177839193,1.85421756741463,4.44029150740937,4.72015513173912,2.84442489630285,3.62718330816791
"iris_17",3.16786155088008,2.4240365971411,2.55736752378023,3.75895556118585,4.07458671771245,3.61389194403884,2.76044362196583,2.4507196388369,6.70395858696125,1.39356672348027,2.77973688547058,4.20233621790795,0,3.46368847978007,7.09057799659984,2.88531189700073,2.79595076955504,2.81983371729275,0.619135167974107,2.80793872710287,2.417528313334,5.6324725607375,2.35299503970143,2.27627348571357,0.45991536641613,3.95397729308263,2.4395698320002,3.4205399243523,2.81746422019054,5.5744942508507,2.50100183145258,1.11179232875556,5.01587691297468,5.79605045427216,4.2883853784167,2.8174247899813,5.05247807843057,3.38056172599501,4.46882901470694,7.03001065089641,3.61840801634494,1.67971770512718,6.01897186673084,3.07409051279488,2.6268348969572,2.37112503943555,5.68755488357112,2.55145621163888,2.71717872021337,4.61226629951166,2.09738704585338,2.25811104410676,2.53422546129316,4.29746840802966,3.7846351419687,6.41618689496713,2.68555236228887,3.07380611669556,2.76816305219532,4.61696611301588,2.93063906165876,2.09055154594859,2.65838054908036,3.38700973331288,7.13430946498179,1.51387440994116,7.38178626489776,2.73355105201486,2.77836462431837,2.64853590590532,3.64407436640169,3.87908173869511,3.11902979641168,0.722979060433658,3.40103976408531,3.55891313399332,2.64808057912309,1.9784252452246,6.11803825048022,4.22279793819625,3.69901754124956,2.62733791660007,2.8926711316514,1.91942457128935,3.6518615477173,2.02491012901682,2.31580078162094,0.65541149892421,5.54075335288114,4.71949848817422,2.32448213541582,3.04207155129543,2.88307344079226,4.53239256183237,1.9857770804529,2.93984173232586,2.74501744886236,3.41194870513824,3.16178046917129,2.69288673757225,2.94083469736471,2.26743906314885,3.58653435274468,7.50568602205098,5.48849096889937,3.74491137188906,2.95613463815532,2.16125676596275,5.68748874107389,2.83457613654107,2.63078115052947,1.6472648613083,3.64374122542228,5.23705519270333,2.65589279699652,6.14386700210312,3.76556130802921,5.09069293573825,2.73494703235084,3.14224149077358,1.26755868653954,5.50545795339115,2.11827964138858,1.36601165349367,3.1457429578931,3.0489115100276,3.0487247892285,3.56520779310559,3.21922195049063,2.0169348940738,2.77909278707328,2.20981282033782
"kubo_17",2.98452410368325,2.76817023608245,2.64415362397385,0.832187429569815,1.54134883481757,1.60157370352233,4.67297621004484,1.7047543901512,4.38566404897727,3.1464600557232,1.18036852400385,1.31456102058344,3.46368847978007,0,4.84558867864775,2.88339634673695,2.86325269878485,2.89384705132295,3.7361496909408,1.64607437991773,2.12099268448291,3.12635423476754,2.67450251492149,2.52556391908639,3.65754584994935,3.57183667106266,3.51392053286189,3.31295179530422,3.64024242587236,3.14314812661138,2.36573238319248,3.33350700370081,2.4836311724665,3.31239388429184,1.87129989426094,1.15659989401572,2.43412600285907,0.944214230910289,2.04668416526847,4.58564625801862,4.33579725301622,3.50832610254712,3.58891156691307,0.970970403852314,2.07596930481864,4.36894980988102,3.16484157528973,1.74727897746666,2.84548574364228,1.83694133875334,2.18008874841475,2.59110369575654,2.9449586197262,2.52370201555902,0.981763580928591,4.01367246905098,2.54274007421474,1.96619404186107,1.56268055244465,1.94124566879141,1.44013458098015,2.46174731932797,1.44318677159519,1.31319082341812,4.86634976778258,2.81087646306734,5.10671416326214,1.20274472612871,1.16966646526132,2.51529195547557,3.52106197564934,2.05506853762089,1.96041053037729,3.34457839516663,2.79841189709004,3.60031123311777,2.58676496640972,2.12019618733196,5.30081379418206,1.41703507207108,2.41118973981637,3.3789656270494,2.45782961383322,2.55945727223302,3.25232418970419,2.49483357048706,1.71300038658169,3.38083879068009,3.04251476234218,1.95184462426827,2.84087396653179,3.32807467565793,2.5350546080295,2.82362747165129,3.66709840360644,1.02960075508445,2.97025667346755,1.6317967370535,1.77574196964803,1.33268183804061,1.56990377470797,2.392409794135,3.12084806898185,5.31841799790092,2.93792502996979,3.65145521581906,3.48689056789359,2.15394825293178,3.21072167528637,2.33404653960263,2.17282994947801,3.53161130729206,2.62821567938827,3.06230013064992,1.78083363785118,3.81746699646323,1.25433534442063,2.71503985417064,2.11539994665665,0.986035181810039,3.79230733457631,3.57390644675318,2.54355721654044,3.94042946917402,1.64590446705576,2.70582388392425,3.1222147274573,1.13911423178322,3.19123574886678,3.65674315591385,1.71553855087356,2.51557828744617
"lambchop_17",7.61465476890522,7.23160469019232,7.01789316285335,4.26932715701887,3.67552949864896,6.11233515716673,6.65383066737415,5.58547540592068,1.85982254325798,6.47458191597451,5.49121322341569,3.73317705553469,7.09057799659984,4.84558867864775,0,7.44209578924021,7.35323129043776,7.42488952251374,7.04390080054506,5.97859691805309,6.59869518799104,1.87324317644741,7.09359688012023,6.73441421173815,7.16370439200943,7.72533496803832,6.73808451629069,7.58204380621813,8.07867446620825,4.4560094993567,6.76359379000407,7.47322511211348,2.95547999898046,3.65527901361429,5.19718836448112,5.47587547306893,2.84788196268889,4.67256376691034,3.40896836838796,3.46671919479991,8.73885960052158,7.76902100050129,2.14929929001273,5.01323361759865,6.52277595355804,8.45980637603208,2.25485227681898,6.1601963863116,7.34844009328296,3.28895582467184,6.18612850588607,7.06322810121641,7.06304674967485,5.67088169593413,4.33334796926127,1.98057687789486,7.06711432271809,5.92380511109962,6.00786883949499,3.32714652138766,5.65565155584953,6.48886423797559,6.07895532528516,5.02857204277037,1.86154346458196,7.11669679053906,1.90831299307072,5.46076407050567,5.49511507746505,6.95882275002372,7.98415003407487,4.16107198445779,6.366405454741,7.06677296163594,6.67191866117942,8.0820914683573,6.86292796511646,6.31845997613825,4.80962141625918,3.80721794901738,4.74102480907421,7.74846255475868,6.81934525851443,5.7720676154882,7.83269419452524,6.68239895911931,5.83130188729069,7.26962870295658,2.56169856142557,3.14516358857445,7.32902465384201,7.83099205549161,5.31448639457896,4.59427146521449,7.97520134832478,4.98579063341602,7.46777458136418,4.16227957486947,5.25788878004055,5.61373978421121,6.09552522169572,6.82734389864763,7.63096408007041,2.01875662700834,4.55285028222306,8.2268526968867,7.99572561631246,6.2179295891461,2.32128644670796,6.74966922278593,6.66369103966252,7.78597823981532,6.96400864142706,2.54594152494032,5.20853371772491,4.41665801546845,4.35430268287158,4.76344730828191,6.49557544942903,4.59216055097595,7.69769628607095,2.60942585285603,6.74250067402256,6.89503837727173,5.50181969593211,6.48056297338421,7.68984207601649,4.89554511728298,7.79630642855664,7.95975062899833,5.98735641064211,6.90183669337941
"wolverine_17",1.22770505709534,1.09997548677093,1.24402217881643,3.42925306975705,4.16438377769445,2.44554680142376,5.09829009665519,2.49324823588796,7.13260178772586,2.99713746294321,2.32356994387222,4.05706474184892,2.88531189700073,2.88339634673695,7.44209578924021,0,1.37229412063981,1.20487124727096,3.4207127091095,2.10941625193129,1.43762713455816,5.74558093464636,0.883195516233859,1.88364426421229,3.16672547503052,3.07877323609631,3.62152457497035,2.46262535300304,2.11810279155905,5.48970894249573,1.50562355119753,2.19967027746747,5.28164981214834,5.94869973533951,3.78210912012741,2.30157556041271,5.20334174149845,3.10163753349344,4.76025021960322,7.25198921594522,2.65020324100753,2.01671459914798,6.38064811454551,2.81227943874551,1.59765888738976,3.04364868930261,5.96959784862852,2.11165156011881,1.24237973559288,4.62785615404124,2.07045816001599,0.879355455235804,2.02137200434775,2.95842169489513,3.52972574230733,6.77018494767366,1.27567590460833,2.48725846064432,2.05373831312706,4.71855971775823,2.65424763177354,2.02342226212022,1.52240859893867,3.32321555008777,7.58377231327356,1.63724061925141,7.83899796645115,2.46913738441512,2.39384664036784,2.02118291697775,1.61687435482523,4.16747121999654,2.00453804809193,2.88163224035907,3.07484633831611,1.58533406789271,2.14581919660453,1.91244677785037,7.06633812185396,4.20682592387911,4.09170495745318,2.2779236929364,2.14211035493556,3.54188718992692,1.54025736390307,1.76020346575253,2.17720687169653,2.65432457805706,5.83034470895855,4.77609537901285,0.96566580644982,1.6752036225687,3.60397577915095,5.12500211139823,2.23956877489096,2.93664994280051,1.14145327942476,3.84100868752826,3.58748774042524,2.33747709517228,2.00607825973717,1.45847666792602,1.38273407093211,7.99918770637063,5.37453316241135,1.54672958717902,1.8808057303913,2.0230334388879,6.01336534750198,1.56338505775163,1.44234833307154,2.19152520231412,1.53331343931819,5.52493576946893,3.10482435171096,6.26215127125971,3.57846561762311,4.94861182471478,2.04746439245643,3.15646464625521,2.91780063903839,6.12848116625973,1.74735395920481,3.98103364557223,3.21946782872245,2.95562199492887,0.616439501965432,3.30792264541985,1.45939689475736,2.29162517685224,2.32289373228424,1.15844353571642
"hamlet_18",0.789134673646574,1.15927985920795,0.773155025794929,3.49976365123496,3.97059443763963,2.25906522940646,5.03025920637162,2.46279976497456,6.94434531488067,3.16680680068586,2.42501940048969,4.005656654913,2.79595076955504,2.86325269878485,7.35323129043776,1.37229412063981,0,0.450714097202679,3.3252718114239,1.51206033971518,1.18190854822971,5.6817509544953,1.14817077280749,1.38773345696289,3.15369349931994,2.80677865819029,3.32811545629531,1.31231675910465,1.30593237640386,5.10993498319187,0.85170376528234,2.19859472769312,5.05872452699908,5.63508251224091,3.40194102277531,1.97915886048801,5.0292569368862,2.89907929621952,4.56209110781905,6.91243959554138,2.06040505228133,2.10906941040938,6.19488748009931,2.4873265559452,0.939428928797746,2.76391627371355,5.79270341562733,1.58820101256959,0.240784265742888,4.51928640987209,2.18454064750947,1.64069249538693,0.977502762457224,3.11708664061336,3.26953021019727,6.61984273805753,0.5738310560926,1.88292807890395,2.07985709873237,4.48064078069808,2.14462046514845,1.94438710911712,1.65495338428527,2.88742616098011,7.40888060151708,1.49747077445852,7.61795419590206,2.29273632043022,2.30455272287014,1.25589540398667,1.45120041346638,4.13419061902318,1.56904653741107,2.80154123326601,2.51650225849565,1.35885285240741,1.71597043199198,1.72097119110292,6.9768469076957,4.05105567184505,4.10785909929301,1.44518922401326,1.55701155303841,3.3310919841094,1.70194726464968,1.37351595692021,1.88122086568182,2.50627463473009,5.61178524047109,4.63629746223842,0.942691494791676,0.848398464055022,3.5140923998282,4.83657844659588,2.01780254140937,2.67110689070805,1.03538696757136,3.68205718857899,3.2953318259363,2.0369055404313,1.41291203799041,1.14484135539524,1.41457241143692,7.83645389093713,5.03519892766929,1.5692408579572,1.05959247133381,1.6787134248225,5.83719008657634,0.843382958098995,1.11449063753324,1.98506662754175,2.05813572185452,5.48422994260484,3.02337106713746,5.8957438630197,3.29554382058338,4.67239082397517,1.34658933108951,3.02813525728698,2.60276654296518,5.99356733771489,1.10029837965995,3.82418972583035,3.0209333964506,2.89031863445639,1.15705975902275,3.00616291151952,0.878008654492721,1.83948322463946,2.06525364365437,1.20145370959473
