"","Hera_1","Wolverine_1","Hera_2","JarJarBinks_2","Lambchop_2","JarJarBinks_3","Goose_4","Korra_6","Hera_7","Iris_7","Korra_9","Hamlet_11","Hera_11","JarJarBinks_11","Hera_14","Iris_14","JarJarBinks_14","Kubo_14","Wolverine_14","JarJarBinks_15","Kubo_15","Iris_17","Kubo_17","Lambchop_17","Wolverine_17","Hamlet_18","Hera_18","Iris_18","JarJarBinks_18","Kubo_18","Lambchop_18","Wolverine_18","Ophelia_19","Wolverine_19","Goose_20","Hamlet_20","Hera_20","Iris_20","Korra_20","Ophelia_20","Hamlet_21","JarJarBinks_21","Korra_21","Kubo_21","Goose_22","Hamlet_22","Hera_22","Iris_22","Kubo_22","Hamlet_23","Iris_23","Korra_23","Hera_24","Kubo_24","Ophelia_24","Wolverine_24","Kubo_25","JarJarBinks_29","Korra_29","Kubo_30","Hamlet_31","JarJarBinks_32","Goose_37","Hera_37","Kubo_37","Lambchop_37","Ophelia_37","Wolverine_37","Hamlet_41","Hera_41","Goose_42","Lambchop_42","Ophelia_43","Goose_44","Iris_44","JarJarBinks_44","Lambchop_44","Hamlet_45","Hera_45","JarJarBinks_45","Korra_45","Ophelia_45","Goose_46","Hamlet_46","Iris_46","Lambchop_46","Hamlet_48","Hera_48","Iris_48","JarJarBinks_48","Korra_48","Kubo_48","Lambchop_48","Ophelia_48","Wolverine_48","Iris_49","JarJarBinks_49","Kubo_49","Ophelia_49","Wolverine_49","JarJarBinks_50","Korra_50","Kubo_50","Lambchop_50","Ophelia_50","Wolverine_50","Lambchop_51","Goose_52","JarJarBinks_52","Kubo_52","Hera_53","Kubo_53","Iris_55","Lambchop_55","Ophelia_55","Ophelia_57","Wolverine_57","Goose_58","Wolverine_58","Goose_59","Hamlet_59","Iris_59","Ophelia_59","Iris_60","Wolverine_60","Hamlet_67","Hera_67","JarJarBinks_68"
"Hera_1",0,0.0913440626359286,0.285292878213232,0.395364806866953,0.363578928367279,0.175791608173452,0.725176185968234,0.308043391983067,0.0593386952636282,0.252391412173174,0.143689556104075,0.23221765076541,0.172602960751886,0.388002104893878,0.0804670242978858,0.498615487443904,0.188733266269442,0.648414888604698,0.197762777242044,0.137763947543899,0.259566620562471,0.294523559855224,0.128762964836833,0.69603924680759,0.171549021727381,0.191427029527407,0.150572303724005,0.337034804403693,0.302403909655264,0.102371558270756,0.509745301165728,0.0811218602999912,0.202036967182195,0.262737333380476,0.260088427258053,0.486342028128772,0.26210374131669,0.15004048582996,0.481961916882863,0.533934040569932,0.290077113836328,0.259714134462679,0.449006413626327,0.291476770287736,0.416821291090864,0.676760147830678,0.331134782178544,0.0953425138145777,0.3065066790414,0.226724678293573,0.268275422829241,0.527228054500782,0.151983180366312,0.347974864679898,0.101986183074266,0.192532088681447,0.380860705506027,0.328012769353552,0.589509512660594,0.405479530325972,0.101126539166885,0.426892667605329,0.318215493638267,0.158702253476107,0.0626617870213336,0.366065544305314,0.684540484879689,0.191819628235477,0.212195666741121,0.135221282334192,0.267978830122107,0.147416666666667,0.320146661520648,0.250876314471708,0.225451746508815,0.247054636056238,0.171479996727481,0.0940793419587011,0.167649269971907,0.683039175445797,0.284075915964681,0.289424238357267,0.262324250776262,0.112183657195618,0.340468018720749,0.110763011622031,0.219898794463462,0.260280736404035,0.234109204822788,0.524310472722368,0.365973512314976,0.130825049284845,0.211836827366987,0.332761469055788,0.418720294513586,0.191161077728242,0.316185736905031,0.122029462665147,0.357888013625719,0.296779982055628,0.248535208266752,0.196368884837435,0.202975718439636,0.0397655922980327,0.727085492397906,0.418802010381478,0.0401288672004548,0.21613144137416,0.290257377711899,0.523238245574473,0.262559174733272,0.203922169449977,0.199189788274861,0.221340716681753,0.517155735442921,0.222985129429044,0.554751054133481,0.372028843585863,0.353555383423703,0.300158709165454,0.262442801830341,0.336599459832925,0.573559816759233,0.403492932313856,0.217613132209406,0.258482636584826,0.0848355229656788,0.292296375551692
"Wolverine_1",0.0913440626359286,0,0.314946696016229,0.325335944725532,0.318592907477675,0.115675990675991,0.686340987311861,0.23589615576635,0.0384424603174603,0.197350023303815,0.0887087653157398,0.16064047792713,0.200691651317521,0.320728524626576,0.141237757866222,0.436756360973824,0.114108033841926,0.600947093403005,0.13761401737751,0.17102069362735,0.187310473524609,0.220525896414343,0.160673717195456,0.654259881603555,0.221620557251157,0.14376306118037,0.0972806490384615,0.26482853799766,0.231929212362911,0.0262774297758342,0.449522919863882,0.0233303212026616,0.126121036649954,0.187240405382954,0.215308479049819,0.432458560279173,0.193927944052236,0.0721937235968618,0.418748535270682,0.476296138254747,0.233831482607443,0.186983779480545,0.385688478522682,0.219773178701865,0.350755518050684,0.632140160096662,0.279166018360044,0.0586657999512472,0.234733122791658,0.15902256938444,0.217929108199774,0.469537589626895,0.102505179883217,0.278108251369339,0.129184686849271,0.216781186489887,0.319409697821504,0.258472402450433,0.536655331598245,0.342387613744398,0.133608481022902,0.360158992360107,0.246370636394071,0.0821907600596125,0.0842348666281278,0.295277604137069,0.640937965187402,0.112795040063812,0.136220966729441,0.0897538332762622,0.211549103219296,0.0984813265147993,0.25072939460248,0.192139737991266,0.148994672624162,0.172300799144013,0.123847970142433,0.102568180011131,0.0916743585010153,0.639548473954404,0.210226004908992,0.217168522267207,0.208662838392125,0.0778111470806193,0.270450652648987,0.181742431256365,0.144729503625209,0.186501359146059,0.158380317785751,0.46448087431694,0.298584664355141,0.0498577164464195,0.165450810963949,0.261836097092045,0.351914370207532,0.127685007425653,0.244238224610031,0.0449751009685135,0.288633939638523,0.222629681868046,0.172922296733727,0.129353233830846,0.123670165765384,0.0860893063955733,0.68849707205187,0.359286293592863,0.0839041843012348,0.170747062115277,0.218440436880874,0.465043222046493,0.202802310910419,0.132163323782235,0.126813925226964,0.265769921818094,0.45818615330272,0.147794953007195,0.504326430182489,0.301568528061727,0.295273858069059,0.237147491889194,0.189464628416385,0.263029654721578,0.51894576310953,0.33565964300094,0.140609840609841,0.278289716181349,0.156456876456876,0.218095838587642
"Hera_2",0.285292878213232,0.314946696016229,0,0.438640439522901,0.485427015380932,0.379313015528792,0.765121007411294,0.460266315962518,0.300944190788599,0.435451505016722,0.272617708500723,0.426540982399293,0.346575891069283,0.477911880180311,0.298273857436723,0.57063060065128,0.337483189241114,0.699364168637912,0.344468280723261,0.310134956337655,0.369678601635185,0.448389482886154,0.310959534669624,0.739940130101894,0.30292810877362,0.392289728570882,0.36257052538914,0.462615937914064,0.458687588221777,0.304084210526316,0.575286189069424,0.313344780522168,0.35748810371314,0.418733750263509,0.448198905045856,0.561283044779048,0.443478870278226,0.358414727280035,0.550162048882716,0.601344032539735,0.403970826580227,0.419513221575366,0.529602595296026,0.42956627564991,0.500992063492063,0.723709679916998,0.505343911874631,0.323789217179409,0.44174245419797,0.407619047619048,0.461059737702612,0.594963180493448,0.357899807321773,0.443155452436195,0.299370152962852,0.301844165396942,0.515762182546697,0.448324022346369,0.64960984982159,0.545563072025468,0.286945972878125,0.507477567298106,0.460927491673072,0.326218907446344,0.308833296435687,0.482315783200739,0.73045789537272,0.39417296130723,0.373765763100477,0.305963488843813,0.438600110011001,0.378634352123744,0.419909820600556,0.437822084799374,0.380161677954992,0.26596873452642,0.400284263959391,0.20947238637813,0.331997485462832,0.729442086112796,0.378841885802677,0.391721975786279,0.397891963109354,0.227276514204782,0.448074715318502,0.265862086233662,0.381482165958233,0.413941751655977,0.398668210770122,0.58881475842923,0.458468691324174,0.3488759367194,0.422740086449916,0.429916284947086,0.501503636065394,0.392007392007392,0.445672428195078,0.335819019689987,0.450480972835622,0.404598308668076,0.398659139026111,0.36130078847097,0.397074268567142,0.300092250922509,0.767092451052246,0.498660836294069,0.314197124870807,0.419711413628102,0.445735525566755,0.591995328362231,0.447639108302615,0.40327918743105,0.397532738660087,0.287658227848101,0.587201978792112,0.334719486393813,0.61923754163396,0.47210579136903,0.448450114007518,0.4654044637281,0.373115533946623,0.488023484588239,0.6346818007392,0.488125315816069,0.348661255371506,0.184339887640449,0.315436241610738,0.394622262106558
"JarJarBinks_2",0.395364806866953,0.325335944725532,0.438640439522901,0,0.142541107400396,0.240460726608484,0.485616956850871,0.122704962734048,0.348307147599026,0.180246678413258,0.279459529686891,0.198547274913499,0.342219225682649,0.126141148026179,0.395633430677235,0.189027019258408,0.245141097480943,0.368579234972678,0.234249439504245,0.370171230043842,0.280230646429507,0.150940348448137,0.353374233128834,0.441843109404528,0.509946086633203,0.227879337261419,0.26399543852374,0.11320129827118,0.124432540403123,0.309000348124146,0.271305844942991,0.342092216162618,0.210267613326051,0.204042325526097,0.153773361722262,0.24529620569789,0.162944150388075,0.290808899979206,0.165916163280249,0.283324834268231,0.217338980305029,0.181941244923647,0.184730585147445,0.178440728216056,0.166937310799703,0.43935013432263,0.145118494160336,0.356810849237163,0.14653740242598,0.201036852273005,0.224437360232193,0.231936045915753,0.266329048175562,0.250098000784006,0.322538719809379,0.493348862870104,0.159061743978121,0.148723861897687,0.307481539961919,0.182080984110712,0.356383268800785,0.141369517197854,0.124350134993418,0.256701030927835,0.366078832439604,0.121686389277686,0.421769474620657,0.238916567613363,0.227691096126397,0.29927045472374,0.155408729879806,0.296621836280843,0.224188659058488,0.194871794871795,0.214370965777615,0.214655934268039,0.278036527290805,0.324998652799483,0.252452298629786,0.419933880557616,0.274837875885625,0.259179364787957,0.149428537763638,0.306311338067502,0.114399196892322,0.45903104701746,0.200403463885062,0.170536011014575,0.210139478471801,0.208671621552035,0.241420268951767,0.295934916119427,0.214339021841883,0.14908946251768,0.245978752665883,0.257209290570425,0.13146537266039,0.300643301390705,0.137167477653212,0.176154109198678,0.183554718241003,0.233216957605985,0.215959058952128,0.393813965355938,0.487872356973811,0.309248151764542,0.397402448464692,0.202653383310318,0.12739322533137,0.231550148837689,0.167450924473597,0.233400200601805,0.242726225649757,0.530918809326329,0.242594662568115,0.240519911234667,0.320764037543224,0.116597501632576,0.322431428757574,0.132315521628499,0.204257740268361,0.128074713903626,0.275631477197097,0.079183175861018,0.24875061244488,0.376419165956511,0.458305896438192,0.170879120879121
"Lambchop_2",0.363578928367279,0.318592907477675,0.485427015380932,0.142541107400396,0,0.215700835432966,0.498553060135956,0.106177743102348,0.316570366714091,0.160523245712016,0.322238538097569,0.177049180327869,0.422229458374037,0.216677113277282,0.38494334773975,0.282227123607584,0.325559922969373,0.382030801941557,0.373295424630127,0.416599143419377,0.376471757166277,0.197674418604651,0.400542217501887,0.454932035493941,0.49402872754638,0.195379312159566,0.235700919371898,0.20325837540156,0.115078521667257,0.304220925011226,0.373446839340699,0.337476513947102,0.224287677270488,0.265714852270474,0.126753618185853,0.259134067603494,0.145076694705591,0.301923233861973,0.251044048451407,0.324918153329015,0.258855848474625,0.194870779285078,0.286578185809799,0.223355762969394,0.256342121652481,0.423377234857898,0.0796998867497169,0.350256719157846,0.177598863367274,0.182481751824817,0.200307516801825,0.317238830919745,0.23743001576344,0.346347863460538,0.383265665370092,0.503024421801714,0.0429469273743017,0.204904808002581,0.3746660730187,0.0688849226585075,0.387180733918714,0.227114077521278,0.125365378369601,0.303459246676912,0.370760437519947,0.120128512642211,0.435119977464212,0.238012159661644,0.265215939161935,0.344684112558853,0.132487185745668,0.260808075205901,0.353694992236924,0.172543042055024,0.274705164701098,0.269299731048909,0.242939710192566,0.355534841680084,0.287030588739487,0.433853189794712,0.377751081210956,0.395007763047892,0.127295943424025,0.32294917521177,0.211489197705788,0.426768390317415,0.214577394252254,0.197278238277867,0.239611277015741,0.265615052698592,0.346406954990646,0.284942343044956,0.181489853716839,0.276247789236741,0.312298803136608,0.240437447168216,0.18359375,0.283228910270754,0.259145527369826,0.245528300991602,0.208592312664711,0.226392977154914,0.211353847750506,0.359692509385615,0.500826820704497,0.355297903944545,0.365774240231549,0.173450735048016,0.146580428793868,0.327482891890934,0.1404860405777,0.217008567161833,0.234467784550187,0.51163997146748,0.344027365199388,0.363955618892508,0.34034802351785,0.175480769230769,0.371932515337423,0.104833943978253,0.297373427886635,0.113272441518803,0.325612834921411,0.186131694173122,0.302769183563886,0.469393642185427,0.429508817312849,0.220519907550811
"JarJarBinks_3",0.175791608173452,0.115675990675991,0.379313015528792,0.240460726608484,0.215700835432966,0,0.629914805891558,0.140510633392888,0.128361767116144,0.0900526122598801,0.167757633914802,0.0583558594371124,0.274635130054346,0.228227141083988,0.216631018049458,0.357435609819233,0.159474795460544,0.533446019970576,0.219834819518937,0.254552872667928,0.234118115298656,0.128684357459814,0.241271643485666,0.593824131433761,0.310954371299199,0.0311760063141279,0.0289637270305349,0.174934000277894,0.135482014388489,0.116453258194529,0.368770345479366,0.133851851851852,0.0396435950413223,0.101468747137317,0.110787525785706,0.339443026739154,0.0911195734958111,0.105670986765412,0.335672050127968,0.395969630886035,0.125505117541221,0.0888692417914087,0.297153610915079,0.122062123538443,0.260924214417745,0.568192379182156,0.180143148696427,0.152339738888074,0.13838602569655,0.0539145851141292,0.113725250549988,0.388699325696645,0.0390766807082435,0.212662515022397,0.216969521465286,0.321183533447684,0.223364461534437,0.162973931994077,0.461667842222343,0.246497251007119,0.222303420052616,0.272766800328518,0.152318999746557,0.127144503966909,0.176615064007145,0.204449376453181,0.578145610825071,0.030395237307756,0.0895045965270685,0.174758959118084,0.103220973782772,0.0655518864610413,0.217672535013218,0.0825314581791265,0.105168666729661,0.163784896041276,0.043234643054787,0.197569044879171,0.10743468173106,0.576636724699987,0.248258633357825,0.262737087831923,0.103323372272028,0.161347329728201,0.176415817723738,0.267397757255937,0.0497734669134069,0.0887263863497867,0.0663241329615589,0.385083651665884,0.217336152219873,0.0761295792560144,0.0580732875825456,0.167492070558121,0.263966719686774,0.0390932222993292,0.149747267952447,0.0787370813652023,0.195340741732494,0.129141468213779,0.0771446961105832,0.038384100798857,0.0294374252754709,0.17533792890977,0.63207137988723,0.263987083200822,0.177413678489031,0.0638161684695641,0.121288433382138,0.384442031509291,0.0924569754668619,0.0279976450578923,0.029381039435884,0.344775669978922,0.376350364963504,0.21396801362733,0.419959551960174,0.211686099829687,0.24645491412863,0.133736675309709,0.136695461735004,0.175718849840256,0.442862453531599,0.248841113533288,0.155676842038459,0.355546525802519,0.249170262197146,0.124047245010764
"Goose_4",0.725176185968234,0.686340987311861,0.765121007411294,0.485616956850871,0.498553060135956,0.629914805891558,0,0.540122659022018,0.701001837997359,0.593232576049288,0.656368182332173,0.599741011764419,0.644378616525876,0.47029769655606,0.702599239563463,0.390844269918363,0.623730241316089,0.145959092261124,0.628132618838409,0.693045377586497,0.576190189587722,0.568598192821023,0.668303730469744,0.114758058671477,0.784682474788771,0.6212571145756,0.646555402183461,0.539636792944199,0.540311406495855,0.672755548190544,0.349975006885858,0.692166589159303,0.612817614390328,0.601832589795697,0.580718672039916,0.371785875132231,0.574035585136418,0.663273769132172,0.374634411297735,0.311659462055716,0.553246753246753,0.574513597634985,0.409956737909214,0.553701945894637,0.443349049864266,0.133689929239746,0.548150843299961,0.701879505664264,0.540136630333815,0.598190221831974,0.61219629540534,0.317377167630058,0.645852960018088,0.505814487957345,0.679028165765397,0.777681332392991,0.477239652079737,0.520735937264364,0.238673667281586,0.457237903450118,0.691514528156338,0.43045419888901,0.530602981739464,0.641678972793032,0.69634076911133,0.491049172898255,0.0833395360377125,0.630066834476174,0.606875458771715,0.653757451259625,0.572177068041582,0.664824158827556,0.525927649179947,0.583610990390651,0.615340611725758,0.612355826594193,0.651883414855529,0.683047813858348,0.636660802734838,0.250118101426334,0.557468882125135,0.55076639663683,0.584419626291282,0.673337145035258,0.526481685993006,0.764638131461938,0.603444479780806,0.574851018838908,0.6108148813934,0.322437477985206,0.486765172460681,0.666687839022345,0.614828298730689,0.518586284364361,0.447549766096607,0.642730529421244,0.531605010195165,0.672160775878527,0.495242544754265,0.555401254545669,0.58323197533689,0.615718050390365,0.614941186592756,0.720551460479975,0.05577886764246,0.439691529099892,0.725945910377048,0.61123221239805,0.550980345781793,0.322657045241527,0.574365262550491,0.617835181389376,0.633877893489956,0.789136425962883,0.343059311522743,0.60025818079963,0.287442554695786,0.490161102769342,0.503861026011727,0.544371607809967,0.573768129862645,0.539621771217712,0.273097148121138,0.478526588501013,0.613431633425286,0.711033387968974,0.757367545225187,0.557993064892789
"Korra_6",0.308043391983067,0.23589615576635,0.460266315962518,0.122704962734048,0.106177743102348,0.140510633392888,0.540122659022018,0,0.263311915516254,0.089368093552194,0.247875396049865,0.0911008130532508,0.332210700463825,0.132997411242604,0.316859255465574,0.23450441609421,0.230861792344717,0.428700756358964,0.27993596889918,0.319620955218204,0.292229230975708,0.100644726962015,0.310776177690993,0.500580631165218,0.425761973875181,0.124571428571429,0.1674047829938,0.111713532296621,0.0248589293884398,0.213521713812866,0.321546918995537,0.244492276525703,0.131466486729645,0.17083099006454,0.066673767174353,0.224238274563506,0.0540663334847796,0.204751466319095,0.214039586505329,0.276886687855717,0.185296791791142,0.0979060251918808,0.214767950405503,0.129693187727509,0.179932251422499,0.469151600958397,0.0798608466011528,0.27037037037037,0.081805898998139,0.0953315459244313,0.134083601286174,0.272088875678086,0.16462963510994,0.267595379089409,0.28574089018561,0.409501289767842,0.102823381051353,0.117450412302206,0.348351006095016,0.128980277342775,0.297496871088861,0.156773211567732,0.0407201456250156,0.208003285806489,0.273709636409865,0.0764844486333647,0.479778946667554,0.14101128434835,0.173496659242762,0.254496107846938,0.0629757420918166,0.20146409341158,0.278455790784558,0.0892046682515669,0.184832558267522,0.205716900384895,0.175023877745941,0.282222222222222,0.18808074335149,0.478854607891607,0.308957195017738,0.320570222839792,0.0763765541740675,0.261547818154174,0.125668969543641,0.391846921797005,0.113374519953248,0.0984710787982465,0.143655336747829,0.269138108133346,0.275122549019608,0.198942217088665,0.115037763499042,0.191197513198796,0.243724838858702,0.169655409864287,0.0941632295963004,0.211945402913066,0.178768152228342,0.16998288677173,0.120932856874177,0.143616119369242,0.117082641604997,0.306390915933113,0.542556309871375,0.302733730673646,0.309133101276314,0.110887884368547,0.0502297248464199,0.270490421886411,0.0592013703029654,0.126542683273617,0.154553713377243,0.460397284385215,0.282098131018994,0.281459234563139,0.310161382462154,0.100264284210772,0.308591198316115,0.034349396977253,0.206362762891,0.056039119804401,0.328606658446363,0.121368059144738,0.230377222622279,0.412753055616966,0.36931976582102,0.15254324282708
"Hera_7",0.0593386952636282,0.0384424603174603,0.300944190788599,0.348307147599026,0.316570366714091,0.128361767116144,0.701001837997359,0.263311915516254,0,0.204974853880658,0.098823075438935,0.185124729427629,0.214865540722502,0.3463059195662,0.131836647423562,0.460296096904442,0.143078970718722,0.618835559953818,0.162679249456261,0.185804110224923,0.214939283649104,0.248756704046806,0.174478330658106,0.670046945693335,0.223000406008932,0.145446507515473,0.103252095025755,0.292197671220317,0.25865464015753,0.0557461752714649,0.469369349056391,0.0457532861476239,0.154517898383372,0.216008139732067,0.206734006734007,0.447955790531327,0.216535299888366,0.102077059686511,0.439324774132192,0.498270644185041,0.245536734227618,0.215018451433795,0.409417520256841,0.247353287152006,0.37594811181689,0.64890243902439,0.276764472640761,0.0647392101316447,0.262312326671129,0.181442643787734,0.220268802606571,0.491255546854607,0.106149990360517,0.305025788652993,0.143420080453165,0.241822895891504,0.339053339053339,0.28496326129062,0.556670318476234,0.36378953183262,0.147859276468636,0.384958304924739,0.272552485502527,0.111170415554708,0.0971704506946797,0.319685403654869,0.657371465964693,0.143524526343109,0.164766248574686,0.101468468819382,0.217561688419515,0.0949131021347512,0.277450919675481,0.205006858710562,0.178023521151483,0.196573027955081,0.120945102932003,0.111799217731421,0.121359773371105,0.655972410910231,0.233509963915347,0.244855834354641,0.210513979574753,0.0777098565663829,0.297004691447131,0.155106707317073,0.173587862383361,0.214778725131953,0.18750654336067,0.484733743351792,0.324386857936141,0.0811005071277403,0.162805849138555,0.289246587918477,0.377303795111832,0.141830573767456,0.271205947307848,0.0658418029164826,0.314984888941052,0.247036267774405,0.197016653611688,0.151035234289866,0.152909727991908,0.0614456239263533,0.703090493471607,0.374577938478718,0.0584965708906719,0.163176327639197,0.245677653305705,0.487430566228292,0.216348108987393,0.155400952032223,0.150029231218942,0.261872591702947,0.480732220382223,0.176495410908324,0.519767441860465,0.324947709234692,0.310571437106073,0.253895567003753,0.217749560988788,0.287071783077109,0.5396548994776,0.360840496657116,0.165663716814159,0.291972949132608,0.138483685220729,0.242108646737384
"Iris_7",0.252391412173174,0.197350023303815,0.435451505016722,0.180246678413258,0.160523245712016,0.0900526122598801,0.593232576049288,0.089368093552194,0.204974853880658,0,0.246560246843613,0.0517530196608576,0.344388956939602,0.179473505599457,0.294516095925558,0.28324478953821,0.235058065300663,0.491275046633371,0.269826828010797,0.33134752733304,0.300496524329692,0.0653628690830624,0.316713254891764,0.555118986811258,0.384422700587084,0.0757199151257957,0.108851224105461,0.0930069748748931,0.0880210007500268,0.202586629217153,0.325895969878678,0.216144953011967,0.120328982656893,0.138150632588945,0.0423676363022562,0.290868260331186,0.042901121247211,0.149174751165428,0.285934955955413,0.348635473841784,0.170727696313554,0.0933499138004127,0.248514148851237,0.128724279835391,0.20763723150358,0.527755227724435,0.108827700623478,0.194237855946399,0.0906306257892899,0.0690977201556967,0.054488813367318,0.341657339148559,0.117963563135207,0.273205082410573,0.293564618644068,0.393560342830669,0.171448874078067,0.116097255883043,0.416501079913607,0.19749827590307,0.299632721202003,0.223647112323783,0.0990470690153047,0.203329592218481,0.260202349426224,0.150630719762553,0.538263665594855,0.101014717981534,0.167679150693011,0.253719978425711,0.0444697833523375,0.146869363566091,0.280125852123755,0.0487345026566874,0.145029273834144,0.202060154227015,0.124087127706865,0.272458045409674,0.186535070078277,0.536640623927282,0.31100609173109,0.323347443829371,0.0442720730307188,0.241781376518219,0.0992378126758402,0.343393695506372,0.107298667609952,0.0942319642958025,0.104489724935509,0.337809255845542,0.276285191232497,0.156528213927288,0.0565812272211268,0.191153566607829,0.223467673257072,0.0814481015741558,0.0989340702724043,0.162432089527961,0.175495278883963,0.152203764034356,0.112442841318981,0.12356184084372,0.0871186137373617,0.255455532593086,0.59539848937882,0.292252467843255,0.25377375244184,0.0464703795672224,0.073723184144615,0.336680092619618,0.0436725688748091,0.0920497044275546,0.0765942072619979,0.419025126795462,0.328504709886804,0.281626462094916,0.370847683590712,0.160478072005301,0.300104264679704,0.0814115628016733,0.209261661684246,0.0943687323219337,0.396438579688553,0.170224282789297,0.22084702017832,0.421778572151216,0.321966574233681,0.146823249269401
"Korra_9",0.143689556104075,0.0887087653157398,0.272617708500723,0.279459529686891,0.322238538097569,0.167757633914802,0.656368182332173,0.247875396049865,0.098823075438935,0.246560246843613,0,0.214065674772236,0.137823907364259,0.274105084655945,0.138735515981025,0.405859951130385,0.0734828630747762,0.565395549767324,0.114324507807196,0.120783711102574,0.146035547712089,0.213668499607227,0.1085018163138,0.622267984623833,0.281844171166674,0.192590833531228,0.158923342858151,0.2396302847036,0.235577633874449,0.0689884158488895,0.403521549138891,0.0964747401127776,0.12724246962889,0.17769815827519,0.260137982705335,0.402320206643404,0.230262745343952,0.119249158845405,0.371567589484829,0.4347333978145,0.203748635205629,0.168434264198306,0.340436277928762,0.179888878768558,0.305266875189184,0.598339540429541,0.321932778073129,0.129437673235372,0.198077379539521,0.18678235908142,0.270560115734189,0.427678294172446,0.154874770058016,0.231131414478294,0.0915152650309047,0.265264192237259,0.335728457289935,0.210900745840505,0.497516647658291,0.346826508900306,0.092635321708212,0.315195097239726,0.239965297860035,0.0679550467387879,0.0969507729077522,0.265866673890078,0.607715747714598,0.165096915096915,0.110504326084811,0.0478468899521531,0.234311428923684,0.164481568912293,0.203396193721662,0.222049344298733,0.135375429943539,0.135757192538729,0.188163396590544,0.0798824273542434,0.0726187170230492,0.606238097986035,0.156463407264157,0.172140736074867,0.221380209950929,0.053724142972005,0.225684979626247,0.215691318327974,0.144980434711124,0.161529053905736,0.156318574932232,0.42109866311274,0.251835595654176,0.123977206312098,0.222789626514469,0.221787438233698,0.309861271097311,0.191408114558473,0.205788527347602,0.116359362374201,0.242049761080903,0.166230522183894,0.142794043412418,0.133107859223789,0.164578891257996,0.137881450710976,0.658492553031443,0.328042857858108,0.146335524713903,0.223882566386277,0.204310785995966,0.423558897243108,0.239094249552464,0.174914819687616,0.187232753105956,0.294497221724323,0.415938237733682,0.106077348066298,0.476085794070465,0.249771714024816,0.265512426696453,0.260250451463927,0.141587102832994,0.280097238318682,0.479430289961981,0.30237569911232,0.0913252460517281,0.194414690130069,0.219004876364735,0.159106539485094
"Hamlet_11",0.23221765076541,0.16064047792713,0.426540982399293,0.198547274913499,0.177049180327869,0.0583558594371124,0.599741011764419,0.0911008130532508,0.185124729427629,0.0517530196608576,0.214065674772236,0,0.306746861924686,0.180643387407204,0.268153230417381,0.315832512108695,0.196764306253357,0.497585429793497,0.252411271512324,0.28993497314108,0.263897876345667,0.0769709308901708,0.282157254649548,0.563763214656619,0.349216146154796,0.0457108653876445,0.0833306111782576,0.12556270096463,0.0915893030345019,0.166144627536429,0.330663942798774,0.170707605434974,0.0871220327442666,0.133552399953057,0.0706434589929736,0.297155172413793,0.0409250585480094,0.149601652404839,0.297456010630318,0.3554729743015,0.138089562404223,0.0524373095851887,0.252548751282929,0.0872936965599522,0.217847769028871,0.533981965555065,0.136529730926808,0.189945110652729,0.0887962190714485,0.0256971022416621,0.0620908316942137,0.351802416404659,0.0888190214187463,0.242680580810077,0.254998100894306,0.35437031028189,0.174097664543524,0.117276302321823,0.421522921522921,0.198411920399961,0.268438839145734,0.232911333161725,0.110351191445476,0.170910506341432,0.220618995284858,0.163412704489192,0.544447228486316,0.0704466265441876,0.136270397697701,0.220665961945032,0.0653414001728609,0.117412167376934,0.252378499986447,0.0371752717793774,0.149316890339741,0.181024309653056,0.0890336231692399,0.243454688947603,0.150801312994787,0.542790086893353,0.285180995475113,0.299031034966999,0.0649953574744662,0.208653975968678,0.133972682359779,0.317963346489,0.0692536034519693,0.0548382374469331,0.104348349070788,0.34815462933503,0.250797702616464,0.117670872410769,0.0293852980420144,0.160286503742254,0.225829383886256,0.0881757184453728,0.107978665505606,0.127153126271531,0.152740434332989,0.135398673873071,0.0790883929097226,0.0872420554639111,0.0527848336534292,0.22738260933265,0.601584786053883,0.274234814744622,0.226995689014419,0.0346520978484393,0.0762293927011413,0.346308778367168,0.0446535901721054,0.0470400200570372,0.0742953670973191,0.393784069644455,0.334888911433499,0.25475239133067,0.380958698989746,0.170227848101266,0.276342052736632,0.0950201137467055,0.172429920201105,0.132959647211965,0.405459327106194,0.207642323731937,0.19912326098207,0.395198197563895,0.288965761232753,0.125598588591111
"Hera_11",0.172602960751886,0.200691651317521,0.346575891069283,0.342219225682649,0.422229458374037,0.274635130054346,0.644378616525876,0.332210700463825,0.214865540722502,0.344388956939602,0.137823907364259,0.306746861924686,0,0.251011396388059,0.11528919212281,0.443313921547083,0.131606639736583,0.550165765136974,0.141241790236306,0.0895510954496706,0.109965419679346,0.277911743428985,0.0519922432402766,0.611453961984695,0.284829301379154,0.292167145998985,0.268109058927001,0.28794261641808,0.317756733634245,0.176795173631548,0.394123433557162,0.182927295674456,0.232745742455931,0.241660396287936,0.363271153187381,0.399710485840948,0.320280245214563,0.224949669763006,0.361651413280565,0.428859074192024,0.207443267776097,0.241141855515212,0.320354322202751,0.191821899136756,0.285786214188611,0.586361029833409,0.421086751532296,0.206738595494984,0.239062222485347,0.282293225743476,0.358682352941176,0.413347663435504,0.257461370210964,0.206353645236164,0.0843013483733612,0.271553834512841,0.412136130136986,0.20321712748297,0.480088170462895,0.403097161798218,0.10118800678861,0.300036995930448,0.298978590801547,0.155616074857721,0.12733002805642,0.280767671306933,0.593194544149318,0.262677829963923,0.174470877768663,0.106252670559749,0.333804809052334,0.278962807373339,0.220112375738366,0.297203129454246,0.213814085965821,0.258231361170682,0.291065255354788,0.148580968280467,0.170947864017171,0.616912124967576,0.145845894127578,0.203818415776401,0.336163093320114,0.173032069970845,0.255250539775117,0.252830833653805,0.241234543605891,0.239152876403791,0.248438807699736,0.410561330561331,0.232865601427529,0.232607270343119,0.323945537467958,0.249223403345778,0.317704688593422,0.295701849836779,0.227604166666667,0.236302373278641,0.248328400745369,0.193971399750786,0.226915087807642,0.229952239404161,0.270153518973882,0.193995381062356,0.645625109591443,0.33629822106736,0.205339805825243,0.329714078899747,0.284319908700483,0.408190500020852,0.32911432062408,0.269540055852764,0.290439571510125,0.31579887469858,0.397286451366329,0.153980809128631,0.470882521603291,0.246944682675815,0.265938475256353,0.345246182473344,0.155294631983262,0.372725990692427,0.464143388671691,0.349549365014338,0.143146016111673,0.213593714242124,0.221624876349404,0.191372572417291
"JarJarBinks_11",0.388002104893878,0.320728524626576,0.477911880180311,0.126141148026179,0.216677113277282,0.228227141083988,0.47029769655606,0.132997411242604,0.3463059195662,0.179473505599457,0.274105084655945,0.180643387407204,0.251011396388059,0,0.347931044275937,0.215768390386016,0.217677625147914,0.348708181517059,0.25371601673812,0.330912366635701,0.146925409338993,0.144185391279848,0.289392042671311,0.426572577216912,0.498382492863939,0.213548883756736,0.254809725158562,0.113475654926258,0.120520871813816,0.297412497609224,0.197571960054827,0.328609189584388,0.202033486772219,0.197937595313597,0.160814911140009,0.174818654782106,0.142387706284582,0.288539016115352,0.123445792970345,0.215542471507764,0.122383139055693,0.14324396199502,0.0856829573934837,0.113221777044544,0.0531371471599813,0.405471030403224,0.20204839565408,0.353167736533631,0.0938259601361206,0.1784104211811,0.218697021070477,0.182774490466798,0.252244379121316,0.12139726391287,0.306565712390848,0.484536729188884,0.211044859054092,0.0677969923116813,0.261545689452666,0.210718077908018,0.331589201224603,0.0545636509207366,0.110385042996846,0.246426319108682,0.336400067731557,0.103986209868563,0.404009359387845,0.23045596308993,0.193281524191527,0.266113763033681,0.144669385029926,0.287890245219834,0.167044424297371,0.157322012394476,0.214854506214185,0.235075262018822,0.263169130597214,0.317294473467143,0.238453304091277,0.432653630930477,0.163265785333552,0.21469929025028,0.169269146818258,0.301261701261701,0.085851191268468,0.465720031689926,0.186397353648757,0.143782320815814,0.207331834687878,0.17875336868643,0.128011723632602,0.287097561637148,0.205707913012622,0.122056444364552,0.152123333400773,0.256420163305257,0.0847981807845367,0.297366486015414,0.083625590868495,0.122840379397509,0.158658865231008,0.206270962496189,0.205902452605735,0.385096585478873,0.472556774258601,0.211351362284836,0.389131390068844,0.201366559485531,0.109945682712118,0.176720757150576,0.142739633231722,0.208605887162715,0.241771699749962,0.516803420415606,0.1641775198188,0.217395623773688,0.257760144033608,0.0586598754467438,0.211089773304196,0.143094841930116,0.142381389063179,0.171383998217071,0.242583624643212,0.117781766417033,0.209002894500449,0.392080374933348,0.446090736545644,0.127212595490963
"Hera_14",0.0804670242978858,0.141237757866222,0.298273857436723,0.395633430677235,0.38494334773975,0.216631018049458,0.702599239563463,0.316859255465574,0.131836647423562,0.294516095925558,0.138735515981025,0.268153230417381,0.11528919212281,0.347931044275937,0,0.49651490780241,0.178280138542326,0.620670825542336,0.205198663200891,0.0794893617021277,0.215875624957195,0.298285789060455,0.0673461958500182,0.671710994168682,0.19926180345517,0.234126247819794,0.20277336638649,0.339380150043045,0.29157211799674,0.122477213541667,0.475562802917063,0.130889162666214,0.219116845357078,0.267891286533734,0.310714164661221,0.450052879530814,0.284566135403896,0.186695195487259,0.446097986288608,0.500293076872978,0.246961434859733,0.238104976141786,0.411559835079003,0.248594073733022,0.377916689120009,0.65056648777579,0.376404494382022,0.149493846347713,0.269904407519086,0.23899594681078,0.314859739638501,0.493435281267067,0.197295827181599,0.306325601037676,0.104324436168012,0.206103026335666,0.395708697653014,0.286545004639654,0.558496681586664,0.388580315485448,0.0602752331952985,0.388776128845191,0.283307332293292,0.167979103445627,0.0770150783819572,0.325675400587431,0.65901971898213,0.225890789571973,0.182258585423619,0.110299890092636,0.284950190546233,0.208958208358328,0.285042215783407,0.255325760452992,0.232253959276018,0.254089347079038,0.230835723547208,0.122602374009118,0.172007002054951,0.664750097325787,0.241656851197487,0.263721639780584,0.289267898071997,0.14014175257732,0.307275752533656,0.146717961048329,0.232810874789283,0.247522054565891,0.241619228336496,0.490284005979073,0.325809360365339,0.178700796908959,0.26615872552951,0.310920230288476,0.380440594588814,0.238283582089552,0.27891837756635,0.17338840298024,0.316904733797663,0.254357193388642,0.232462456284715,0.195697508506201,0.230080768391181,0.10672709499689,0.704741435119248,0.380532392559333,0.117221418234443,0.270757603023214,0.287757828537913,0.489393605292172,0.28845825799188,0.223988492605023,0.241838725111332,0.225007581117962,0.482703589651374,0.209135977337111,0.521672956237099,0.332007837713232,0.312079326923077,0.306793817402157,0.224749277579466,0.35440070630499,0.541548302508989,0.403204565408253,0.173421737425587,0.229648454044896,0.123286344039142,0.249894866237505
"Iris_14",0.498615487443904,0.436756360973824,0.57063060065128,0.189027019258408,0.282227123607584,0.357435609819233,0.390844269918363,0.23450441609421,0.460296096904442,0.28324478953821,0.405859951130385,0.315832512108695,0.443313921547083,0.215768390386016,0.49651490780241,0,0.358333333333333,0.289785630505852,0.344239799309591,0.472054433104214,0.366032180900002,0.245659048869264,0.455572560316889,0.323787200479899,0.596797225622195,0.343407064471879,0.379036155164082,0.204793904236785,0.245695909643515,0.420932595687027,0.187949203764308,0.447789493155753,0.330382856174826,0.288813600832704,0.279037633097619,0.20519302594882,0.282049192020052,0.379354384110627,0.171896316507503,0.233169129720854,0.323124165021635,0.298334318742482,0.200721603866708,0.292840609785298,0.224328176970593,0.404596296644421,0.262809334404452,0.439102858718632,0.263565434428002,0.317612626737744,0.306354132636393,0.170117891393318,0.378880894228442,0.303329549754067,0.430414368418653,0.582541447634452,0.277493254033813,0.262937412325371,0.22022336841811,0.295152287452662,0.463453778429934,0.199319987509975,0.245966884986186,0.370731494031743,0.468923933209648,0.230479148181011,0.326785858376272,0.349826818406729,0.344291239280309,0.410158238353436,0.27972915785019,0.410564923737532,0.270586418561557,0.310404339250493,0.308456778548659,0.343522710975435,0.389769707705934,0.434083893226802,0.366038228194925,0.298549049077981,0.331410498677222,0.297161407815036,0.287441521356097,0.422509597898565,0.211811083314381,0.568190795970768,0.317377600336205,0.288497595174044,0.300932173479768,0.173325562491373,0.275883745008135,0.406037481764112,0.331820110309716,0.2195822954589,0.243639801796439,0.348599195854566,0.251582431621533,0.41628195023083,0.209672905043569,0.296435530537131,0.306762148337596,0.349559967688449,0.335777095031253,0.499703896719176,0.37470472339416,0.287457330415755,0.499581549939026,0.324335705562808,0.248620977022898,0.180067323506356,0.285964912280702,0.347785229165777,0.337244027303754,0.621876186859096,0.141842424997664,0.32640930989176,0.266461756708831,0.237461636006101,0.336805752137236,0.248989363789788,0.311090302092663,0.210251921759647,0.135935358611238,0.128870844240255,0.373393073991876,0.482167178374385,0.551595955590801,0.303543913713405
