"","Hera_1","Wolverine_1","Hera_2","JarJarBinks_2","Lambchop_2","JarJarBinks_3","Goose_4","Korra_6","Hera_7","Iris_7","Korra_9","Hamlet_11","Hera_11","JarJarBinks_11","Hera_14","Iris_14","JarJarBinks_14","Kubo_14","Wolverine_14","JarJarBinks_15","Kubo_15","Iris_17","Kubo_17","Lambchop_17","Wolverine_17","Hamlet_18","Hera_18","Iris_18","JarJarBinks_18","Kubo_18","Lambchop_18","Wolverine_18","Ophelia_19","Wolverine_19","Goose_20","Hamlet_20","Hera_20","Iris_20","Korra_20","Ophelia_20","Hamlet_21","JarJarBinks_21","Korra_21","Kubo_21","Goose_22","Hamlet_22","Hera_22","Iris_22","Kubo_22","Hamlet_23","Iris_23","Korra_23","Hera_24","Kubo_24","Ophelia_24","Wolverine_24","Kubo_25","JarJarBinks_29","Korra_29","Kubo_30","Hamlet_31","JarJarBinks_32","Goose_37","Hera_37","Kubo_37","Lambchop_37","Ophelia_37","Wolverine_37","Hamlet_41","Hera_41","Goose_42","Lambchop_42","Ophelia_43","Goose_44","Iris_44","JarJarBinks_44","Lambchop_44","Hamlet_45","Hera_45","JarJarBinks_45","Korra_45","Ophelia_45","Goose_46","Hamlet_46","Iris_46","Lambchop_46","Hamlet_48","Hera_48","Iris_48","JarJarBinks_48","Korra_48","Kubo_48","Lambchop_48","Ophelia_48","Wolverine_48","Iris_49","JarJarBinks_49","Kubo_49","Ophelia_49","Wolverine_49","JarJarBinks_50","Korra_50","Kubo_50","Lambchop_50","Ophelia_50","Wolverine_50","Lambchop_51","Goose_52","JarJarBinks_52","Kubo_52","Hera_53","Kubo_53","Iris_55","Lambchop_55","Ophelia_55","Ophelia_57","Wolverine_57","Goose_58","Wolverine_58","Goose_59","Hamlet_59","Iris_59","Ophelia_59","Iris_60","Wolverine_60","Hamlet_67","Hera_67","JarJarBinks_68"
"Hera_1",0,0.444444444444444,0.277777777777778,0.333333333333333,0.454545454545455,0.277777777777778,0.5,0.434782608695652,0.421052631578947,0.421052631578947,0.315789473684211,0.235294117647059,0.291666666666667,0.235294117647059,0.277777777777778,0.444444444444444,0.0555555555555556,0.434782608695652,0.478260869565217,0,0.235294117647059,0.333333333333333,0.277777777777778,0.454545454545455,0.388888888888889,0.333333333333333,0.0555555555555556,0.444444444444444,0.235294117647059,0.277777777777778,0.478260869565217,0.388888888888889,0.333333333333333,0.444444444444444,0.333333333333333,0.235294117647059,0.277777777777778,0.388888888888889,0.416666666666667,0.0555555555555556,0.235294117647059,0.333333333333333,0.294117647058824,0.235294117647059,0.391304347826087,0.333333333333333,0.333333333333333,0.388888888888889,0.277777777777778,0.333333333333333,0.411764705882353,0.391304347826087,0,0.391304347826087,0.333333333333333,0.333333333333333,0.294117647058824,0.294117647058824,0.352941176470588,0.315789473684211,0.291666666666667,0.391304347826087,0.391304347826087,0.368421052631579,0.277777777777778,0.277777777777778,0.434782608695652,0.294117647058824,0.315789473684211,0.277777777777778,0.315789473684211,0.409090909090909,0.0555555555555556,0.277777777777778,0.4,0.294117647058824,0.391304347826087,0.388888888888889,0.277777777777778,0.2,0.277777777777778,0.105263157894737,0.277777777777778,0.315789473684211,0.315789473684211,0.434782608695652,0.315789473684211,0.277777777777778,0.388888888888889,0.277777777777778,0.260869565217391,0.388888888888889,0.391304347826087,0.368421052631579,0.235294117647059,0.333333333333333,0.315789473684211,0.368421052631579,0.277777777777778,0.277777777777778,0.277777777777778,0.277777777777778,0.315789473684211,0.434782608695652,0.260869565217391,0.277777777777778,0.352941176470588,0.277777777777778,0.277777777777778,0.260869565217391,0.235294117647059,0.315789473684211,0.473684210526316,0.434782608695652,0.32,0.315789473684211,0.277777777777778,0.416666666666667,0.235294117647059,0.391304347826087,0.105263157894737,0.388888888888889,0.458333333333333,0.4,0.458333333333333,0.368421052631579,0.444444444444444,0.391304347826087
"Wolverine_1",0.444444444444444,0,0.214285714285714,0.153846153846154,0.526315789473684,0.214285714285714,0.636363636363636,0.421052631578947,0.153846153846154,0.153846153846154,0.266666666666667,0.285714285714286,0.541666666666667,0.285714285714286,0.214285714285714,0,0.473684210526316,0.5,0.388888888888889,0.444444444444444,0.285714285714286,0.153846153846154,0.214285714285714,0.6,0.0833333333333333,0.285714285714286,0.388888888888889,0,0.285714285714286,0.214285714285714,0.619047619047619,0.0833333333333333,0.4,0,0.153846153846154,0.285714285714286,0.214285714285714,0.0833333333333333,0.476190476190476,0.388888888888889,0.285714285714286,0.285714285714286,0.357142857142857,0.285714285714286,0.45,0.285714285714286,0.153846153846154,0.0833333333333333,0.214285714285714,0.4,0.0909090909090909,0.45,0.444444444444444,0.45,0.153846153846154,0.153846153846154,0.357142857142857,0.357142857142857,0.428571428571429,0.266666666666667,0.541666666666667,0.45,0.45,0.214285714285714,0.214285714285714,0.214285714285714,0.5,0.230769230769231,0.266666666666667,0.214285714285714,0.266666666666667,0.55,0.473684210526316,0.214285714285714,0.266666666666667,0.357142857142857,0.45,0.230769230769231,0.214285714285714,0.5,0.214285714285714,0.421052631578947,0.214285714285714,0.266666666666667,0.266666666666667,0.5,0.266666666666667,0.214285714285714,0.0833333333333333,0.214285714285714,0.521739130434783,0.0833333333333333,0.45,0.333333333333333,0.285714285714286,0.153846153846154,0.266666666666667,0.214285714285714,0.214285714285714,0.214285714285714,0.214285714285714,0.214285714285714,0.266666666666667,0.5,0.583333333333333,0.214285714285714,0.307692307692308,0.214285714285714,0.214285714285714,0.521739130434783,0.285714285714286,0.266666666666667,0.0833333333333333,0.5,0.56,0.266666666666667,0.214285714285714,0.476190476190476,0.285714285714286,0.45,0.421052631578947,0.0833333333333333,0.45,0.266666666666667,0.45,0.333333333333333,0.166666666666667,0.45
"Hera_2",0.277777777777778,0.214285714285714,0,0.0714285714285714,0.368421052631579,0,0.5,0.263157894736842,0.2,0.2,0.0666666666666667,0.0714285714285714,0.416666666666667,0.0714285714285714,0,0.214285714285714,0.315789473684211,0.35,0.315789473684211,0.277777777777778,0.0714285714285714,0.0714285714285714,0,0.45,0.142857142857143,0.0714285714285714,0.222222222222222,0.214285714285714,0.0714285714285714,0,0.476190476190476,0.142857142857143,0.2,0.214285714285714,0.0714285714285714,0.0714285714285714,0,0.142857142857143,0.333333333333333,0.222222222222222,0.0714285714285714,0.0714285714285714,0.142857142857143,0.0714285714285714,0.3,0.0714285714285714,0.0714285714285714,0.142857142857143,0,0.2,0.285714285714286,0.3,0.277777777777778,0.3,0.0714285714285714,0.0714285714285714,0.142857142857143,0.142857142857143,0.214285714285714,0.0666666666666667,0.416666666666667,0.3,0.3,0.133333333333333,0,0,0.35,0.142857142857143,0.0666666666666667,0,0.0666666666666667,0.4,0.315789473684211,0,0.1875,0.142857142857143,0.3,0.142857142857143,0,0.35,0,0.263157894736842,0,0.0666666666666667,0.0666666666666667,0.35,0.0666666666666667,0,0.142857142857143,0,0.391304347826087,0.142857142857143,0.3,0.133333333333333,0.0714285714285714,0.0714285714285714,0.0666666666666667,0.133333333333333,0,0,0,0,0.0666666666666667,0.35,0.458333333333333,0,0.214285714285714,0,0,0.391304347826087,0.0714285714285714,0.0666666666666667,0.266666666666667,0.35,0.44,0.0666666666666667,0,0.333333333333333,0.0714285714285714,0.3,0.263157894736842,0.142857142857143,0.3,0.1875,0.3,0.133333333333333,0.214285714285714,0.3
"JarJarBinks_2",0.333333333333333,0.153846153846154,0.0714285714285714,0,0.421052631578947,0.0714285714285714,0.545454545454545,0.315789473684211,0.142857142857143,0.142857142857143,0.133333333333333,0.142857142857143,0.458333333333333,0.142857142857143,0.0714285714285714,0.153846153846154,0.368421052631579,0.4,0.277777777777778,0.333333333333333,0.142857142857143,0,0.0714285714285714,0.5,0.0769230769230769,0.142857142857143,0.277777777777778,0.153846153846154,0.142857142857143,0.0714285714285714,0.523809523809524,0.0769230769230769,0.266666666666667,0.153846153846154,0,0.142857142857143,0.0714285714285714,0.0769230769230769,0.380952380952381,0.277777777777778,0.142857142857143,0.142857142857143,0.214285714285714,0.142857142857143,0.35,0.142857142857143,0,0.0769230769230769,0.0714285714285714,0.266666666666667,0.230769230769231,0.35,0.333333333333333,0.35,0,0,0.214285714285714,0.214285714285714,0.285714285714286,0.133333333333333,0.458333333333333,0.35,0.35,0.0714285714285714,0.0714285714285714,0.0714285714285714,0.4,0.0769230769230769,0.133333333333333,0.0714285714285714,0.133333333333333,0.45,0.368421052631579,0.0714285714285714,0.133333333333333,0.214285714285714,0.35,0.0769230769230769,0.0714285714285714,0.4,0.0714285714285714,0.315789473684211,0.0714285714285714,0.133333333333333,0.133333333333333,0.4,0.133333333333333,0.0714285714285714,0.0769230769230769,0.0714285714285714,0.434782608695652,0.0769230769230769,0.35,0.2,0.142857142857143,0,0.133333333333333,0.0714285714285714,0.0714285714285714,0.0714285714285714,0.0714285714285714,0.0714285714285714,0.133333333333333,0.4,0.5,0.0714285714285714,0.153846153846154,0.0714285714285714,0.0714285714285714,0.434782608695652,0.142857142857143,0.133333333333333,0.214285714285714,0.4,0.48,0.133333333333333,0.0714285714285714,0.380952380952381,0.142857142857143,0.35,0.315789473684211,0.0769230769230769,0.35,0.133333333333333,0.35,0.2,0.153846153846154,0.35
"Lambchop_2",0.454545454545455,0.526315789473684,0.368421052631579,0.421052631578947,0,0.368421052631579,0.285714285714286,0.363636363636364,0.5,0.5,0.4,0.333333333333333,0.36,0.333333333333333,0.368421052631579,0.526315789473684,0.478260869565217,0.2,0.409090909090909,0.454545454545455,0.333333333333333,0.421052631578947,0.368421052631579,0.210526315789474,0.473684210526316,0.333333333333333,0.478260869565217,0.526315789473684,0.333333333333333,0.368421052631579,0.25,0.473684210526316,0.333333333333333,0.526315789473684,0.421052631578947,0.333333333333333,0.368421052631579,0.473684210526316,0.272727272727273,0.478260869565217,0.333333333333333,0.333333333333333,0.388888888888889,0.333333333333333,0.238095238095238,0.333333333333333,0.421052631578947,0.473684210526316,0.368421052631579,0.333333333333333,0.5,0.238095238095238,0.454545454545455,0.238095238095238,0.421052631578947,0.421052631578947,0.294117647058824,0.388888888888889,0.352941176470588,0.4,0.291666666666667,0.238095238095238,0.238095238095238,0.45,0.368421052631579,0.368421052631579,0.2,0.388888888888889,0.4,0.368421052631579,0.4,0.157894736842105,0.478260869565217,0.368421052631579,0.476190476190476,0.294117647058824,0.238095238095238,0.388888888888889,0.368421052631579,0.5,0.368421052631579,0.5,0.368421052631579,0.4,0.4,0.2,0.4,0.368421052631579,0.473684210526316,0.368421052631579,0.333333333333333,0.473684210526316,0.238095238095238,0.368421052631579,0.333333333333333,0.421052631578947,0.4,0.45,0.368421052631579,0.368421052631579,0.368421052631579,0.368421052631579,0.4,0.2,0.260869565217391,0.368421052631579,0.352941176470588,0.368421052631579,0.368421052631579,0.333333333333333,0.333333333333333,0.4,0.55,0.2,0.32,0.4,0.368421052631579,0.272727272727273,0.333333333333333,0.238095238095238,0.5,0.473684210526316,0.15,0.476190476190476,0.15,0.368421052631579,0.444444444444444,0.238095238095238
"JarJarBinks_3",0.277777777777778,0.214285714285714,0,0.0714285714285714,0.368421052631579,0,0.5,0.263157894736842,0.2,0.2,0.0666666666666667,0.0714285714285714,0.416666666666667,0.0714285714285714,0,0.214285714285714,0.315789473684211,0.35,0.315789473684211,0.277777777777778,0.0714285714285714,0.0714285714285714,0,0.45,0.142857142857143,0.0714285714285714,0.222222222222222,0.214285714285714,0.0714285714285714,0,0.476190476190476,0.142857142857143,0.2,0.214285714285714,0.0714285714285714,0.0714285714285714,0,0.142857142857143,0.333333333333333,0.222222222222222,0.0714285714285714,0.0714285714285714,0.142857142857143,0.0714285714285714,0.3,0.0714285714285714,0.0714285714285714,0.142857142857143,0,0.2,0.285714285714286,0.3,0.277777777777778,0.3,0.0714285714285714,0.0714285714285714,0.142857142857143,0.142857142857143,0.214285714285714,0.0666666666666667,0.416666666666667,0.3,0.3,0.133333333333333,0,0,0.35,0.142857142857143,0.0666666666666667,0,0.0666666666666667,0.4,0.315789473684211,0,0.1875,0.142857142857143,0.3,0.142857142857143,0,0.35,0,0.263157894736842,0,0.0666666666666667,0.0666666666666667,0.35,0.0666666666666667,0,0.142857142857143,0,0.391304347826087,0.142857142857143,0.3,0.133333333333333,0.0714285714285714,0.0714285714285714,0.0666666666666667,0.133333333333333,0,0,0,0,0.0666666666666667,0.35,0.458333333333333,0,0.214285714285714,0,0,0.391304347826087,0.0714285714285714,0.0666666666666667,0.266666666666667,0.35,0.44,0.0666666666666667,0,0.333333333333333,0.0714285714285714,0.3,0.263157894736842,0.142857142857143,0.3,0.1875,0.3,0.133333333333333,0.214285714285714,0.3
"Goose_4",0.5,0.636363636363636,0.5,0.545454545454545,0.285714285714286,0.5,0,0.347826086956522,0.608695652173913,0.608695652173913,0.521739130434783,0.476190476190476,0.346153846153846,0.476190476190476,0.5,0.636363636363636,0.52,0.19047619047619,0.391304347826087,0.5,0.476190476190476,0.545454545454545,0.5,0.105263157894737,0.590909090909091,0.476190476190476,0.52,0.636363636363636,0.476190476190476,0.5,0.0526315789473684,0.590909090909091,0.476190476190476,0.636363636363636,0.545454545454545,0.476190476190476,0.5,0.590909090909091,0.260869565217391,0.52,0.476190476190476,0.476190476190476,0.45,0.476190476190476,0.227272727272727,0.476190476190476,0.545454545454545,0.590909090909091,0.5,0.476190476190476,0.619047619047619,0.227272727272727,0.5,0.227272727272727,0.545454545454545,0.545454545454545,0.45,0.45,0.421052631578947,0.521739130434783,0.407407407407407,0.227272727272727,0.227272727272727,0.565217391304348,0.5,0.5,0.19047619047619,0.523809523809524,0.521739130434783,0.5,0.521739130434783,0.15,0.52,0.5,0.583333333333333,0.45,0.227272727272727,0.523809523809524,0.5,0.538461538461538,0.5,0.538461538461538,0.5,0.521739130434783,0.521739130434783,0.19047619047619,0.521739130434783,0.5,0.590909090909091,0.5,0.32,0.590909090909091,0.227272727272727,0.5,0.476190476190476,0.545454545454545,0.521739130434783,0.565217391304348,0.5,0.5,0.5,0.5,0.521739130434783,0.19047619047619,0.32,0.5,0.5,0.5,0.5,0.32,0.476190476190476,0.521739130434783,0.652173913043478,0.19047619047619,0.428571428571429,0.521739130434783,0.5,0.181818181818182,0.476190476190476,0.227272727272727,0.538461538461538,0.590909090909091,0.375,0.583333333333333,0.375,0.5,0.571428571428572,0.227272727272727
"Korra_6",0.434782608695652,0.421052631578947,0.263157894736842,0.315789473684211,0.363636363636364,0.263157894736842,0.347826086956522,0,0.315789473684211,0.315789473684211,0.210526315789474,0.315789473684211,0.28,0.315789473684211,0.263157894736842,0.421052631578947,0.391304347826087,0.272727272727273,0.0526315789473684,0.434782608695652,0.315789473684211,0.315789473684211,0.263157894736842,0.363636363636364,0.368421052631579,0.315789473684211,0.391304347826087,0.421052631578947,0.315789473684211,0.263157894736842,0.391304347826087,0.368421052631579,0.315789473684211,0.421052631578947,0.315789473684211,0.315789473684211,0.263157894736842,0.368421052631579,0.181818181818182,0.391304347826087,0.315789473684211,0.315789473684211,0.368421052631579,0.315789473684211,0.227272727272727,0.315789473684211,0.315789473684211,0.368421052631579,0.263157894736842,0.4,0.473684210526316,0.227272727272727,0.434782608695652,0.227272727272727,0.315789473684211,0.315789473684211,0.368421052631579,0.368421052631579,0.421052631578947,0.210526315789474,0.407407407407407,0.227272727272727,0.227272727272727,0.263157894736842,0.263157894736842,0.263157894736842,0.272727272727273,0.368421052631579,0.210526315789474,0.263157894736842,0.210526315789474,0.318181818181818,0.458333333333333,0.263157894736842,0.3,0.368421052631579,0.227272727272727,0.368421052631579,0.263157894736842,0.416666666666667,0.263157894736842,0.416666666666667,0.263157894736842,0.210526315789474,0.210526315789474,0.272727272727273,0.3,0.263157894736842,0.368421052631579,0.263157894736842,0.32,0.368421052631579,0.227272727272727,0.263157894736842,0.315789473684211,0.315789473684211,0.210526315789474,0.263157894736842,0.263157894736842,0.263157894736842,0.263157894736842,0.263157894736842,0.210526315789474,0.272727272727273,0.384615384615385,0.263157894736842,0.421052631578947,0.263157894736842,0.263157894736842,0.32,0.315789473684211,0.210526315789474,0.368421052631579,0.272727272727273,0.37037037037037,0.3,0.263157894736842,0.260869565217391,0.315789473684211,0.227272727272727,0.416666666666667,0.368421052631579,0.304347826086957,0.3,0.304347826086957,0.263157894736842,0.421052631578947,0.227272727272727
"Hera_7",0.421052631578947,0.153846153846154,0.2,0.142857142857143,0.5,0.2,0.608695652173913,0.315789473684211,0,0.142857142857143,0.133333333333333,0.266666666666667,0.458333333333333,0.266666666666667,0.2,0.153846153846154,0.368421052631579,0.476190476190476,0.277777777777778,0.421052631578947,0.266666666666667,0.142857142857143,0.2,0.571428571428572,0.0769230769230769,0.266666666666667,0.368421052631579,0.153846153846154,0.266666666666667,0.2,0.590909090909091,0.214285714285714,0.266666666666667,0.153846153846154,0.142857142857143,0.266666666666667,0.2,0.214285714285714,0.380952380952381,0.368421052631579,0.266666666666667,0.266666666666667,0.333333333333333,0.266666666666667,0.428571428571429,0.266666666666667,0.142857142857143,0.214285714285714,0.2,0.375,0.230769230769231,0.428571428571429,0.421052631578947,0.428571428571429,0.142857142857143,0.142857142857143,0.333333333333333,0.333333333333333,0.4,0.133333333333333,0.52,0.428571428571429,0.428571428571429,0.0714285714285714,0.2,0.2,0.476190476190476,0.214285714285714,0.133333333333333,0.2,0.133333333333333,0.523809523809524,0.45,0.2,0.133333333333333,0.333333333333333,0.428571428571429,0.214285714285714,0.2,0.4,0.2,0.4,0.2,0.133333333333333,0.133333333333333,0.476190476190476,0.25,0.2,0.214285714285714,0.2,0.5,0.214285714285714,0.428571428571429,0.2,0.266666666666667,0.142857142857143,0.133333333333333,0.0714285714285714,0.2,0.2,0.2,0.2,0.133333333333333,0.476190476190476,0.56,0.2,0.285714285714286,0.2,0.2,0.5,0.266666666666667,0.133333333333333,0.0769230769230769,0.476190476190476,0.48,0.25,0.2,0.454545454545455,0.266666666666667,0.428571428571429,0.4,0.214285714285714,0.428571428571429,0.133333333333333,0.428571428571429,0.2,0.153846153846154,0.428571428571429
"Iris_7",0.421052631578947,0.153846153846154,0.2,0.142857142857143,0.5,0.2,0.608695652173913,0.315789473684211,0.142857142857143,0,0.133333333333333,0.266666666666667,0.458333333333333,0.266666666666667,0.2,0.153846153846154,0.368421052631579,0.476190476190476,0.277777777777778,0.421052631578947,0.266666666666667,0.142857142857143,0.2,0.571428571428572,0.214285714285714,0.266666666666667,0.368421052631579,0.153846153846154,0.266666666666667,0.2,0.590909090909091,0.0769230769230769,0.266666666666667,0.153846153846154,0.142857142857143,0.266666666666667,0.2,0.0769230769230769,0.380952380952381,0.368421052631579,0.266666666666667,0.266666666666667,0.333333333333333,0.266666666666667,0.428571428571429,0.266666666666667,0.142857142857143,0.0769230769230769,0.2,0.375,0.230769230769231,0.428571428571429,0.421052631578947,0.428571428571429,0.142857142857143,0.142857142857143,0.333333333333333,0.333333333333333,0.4,0.133333333333333,0.52,0.428571428571429,0.428571428571429,0.0714285714285714,0.2,0.2,0.476190476190476,0.214285714285714,0.133333333333333,0.2,0.133333333333333,0.523809523809524,0.45,0.2,0.133333333333333,0.333333333333333,0.428571428571429,0.214285714285714,0.2,0.4,0.2,0.4,0.2,0.133333333333333,0.133333333333333,0.476190476190476,0.25,0.2,0.0769230769230769,0.2,0.5,0.0769230769230769,0.428571428571429,0.2,0.266666666666667,0.142857142857143,0.133333333333333,0.0714285714285714,0.2,0.2,0.2,0.2,0.133333333333333,0.476190476190476,0.56,0.2,0.285714285714286,0.2,0.2,0.5,0.266666666666667,0.133333333333333,0.0769230769230769,0.476190476190476,0.48,0.25,0.2,0.454545454545455,0.266666666666667,0.428571428571429,0.4,0.0769230769230769,0.428571428571429,0.133333333333333,0.428571428571429,0.2,0.285714285714286,0.428571428571429
"Korra_9",0.315789473684211,0.266666666666667,0.0666666666666667,0.133333333333333,0.4,0.0666666666666667,0.521739130434783,0.210526315789474,0.133333333333333,0.133333333333333,0,0.133333333333333,0.375,0.133333333333333,0.0666666666666667,0.266666666666667,0.263157894736842,0.380952380952381,0.263157894736842,0.315789473684211,0.133333333333333,0.133333333333333,0.0666666666666667,0.476190476190476,0.2,0.133333333333333,0.263157894736842,0.266666666666667,0.133333333333333,0.0666666666666667,0.5,0.2,0.133333333333333,0.266666666666667,0.133333333333333,0.133333333333333,0.0666666666666667,0.2,0.285714285714286,0.263157894736842,0.133333333333333,0.133333333333333,0.2,0.133333333333333,0.333333333333333,0.133333333333333,0.133333333333333,0.2,0.0666666666666667,0.25,0.333333333333333,0.333333333333333,0.315789473684211,0.333333333333333,0.133333333333333,0.133333333333333,0.2,0.2,0.266666666666667,0,0.44,0.333333333333333,0.333333333333333,0.0666666666666667,0.0666666666666667,0.0666666666666667,0.380952380952381,0.2,0,0.0666666666666667,0,0.428571428571429,0.35,0.0666666666666667,0.125,0.2,0.333333333333333,0.2,0.0666666666666667,0.3,0.0666666666666667,0.3,0.0666666666666667,0,0,0.380952380952381,0.125,0.0666666666666667,0.2,0.0666666666666667,0.416666666666667,0.2,0.333333333333333,0.0666666666666667,0.133333333333333,0.133333333333333,0,0.0666666666666667,0.0666666666666667,0.0666666666666667,0.0666666666666667,0.0666666666666667,0,0.380952380952381,0.48,0.0666666666666667,0.266666666666667,0.0666666666666667,0.0666666666666667,0.416666666666667,0.133333333333333,0,0.2,0.380952380952381,0.4,0.125,0.0666666666666667,0.363636363636364,0.133333333333333,0.333333333333333,0.3,0.2,0.333333333333333,0.125,0.333333333333333,0.0666666666666667,0.266666666666667,0.333333333333333
"Hamlet_11",0.235294117647059,0.285714285714286,0.0714285714285714,0.142857142857143,0.333333333333333,0.0714285714285714,0.476190476190476,0.315789473684211,0.266666666666667,0.266666666666667,0.133333333333333,0,0.458333333333333,0,0.0714285714285714,0.285714285714286,0.277777777777778,0.4,0.368421052631579,0.235294117647059,0,0.142857142857143,0.0714285714285714,0.421052631578947,0.214285714285714,0.142857142857143,0.277777777777778,0.285714285714286,0,0.0714285714285714,0.45,0.214285714285714,0.142857142857143,0.285714285714286,0.142857142857143,0,0.0714285714285714,0.214285714285714,0.380952380952381,0.277777777777778,0,0.142857142857143,0.0769230769230769,0,0.35,0.142857142857143,0.142857142857143,0.214285714285714,0.0714285714285714,0.142857142857143,0.230769230769231,0.35,0.235294117647059,0.35,0.142857142857143,0.142857142857143,0.0769230769230769,0.0769230769230769,0.153846153846154,0.133333333333333,0.458333333333333,0.35,0.35,0.2,0.0714285714285714,0.0714285714285714,0.4,0.0769230769230769,0.133333333333333,0.0714285714285714,0.133333333333333,0.368421052631579,0.277777777777778,0.0714285714285714,0.25,0.0769230769230769,0.35,0.214285714285714,0.0714285714285714,0.4,0.0714285714285714,0.315789473684211,0.0714285714285714,0.133333333333333,0.133333333333333,0.4,0.133333333333333,0.0714285714285714,0.214285714285714,0.0714285714285714,0.434782608695652,0.214285714285714,0.35,0.2,0,0.142857142857143,0.133333333333333,0.2,0.0714285714285714,0.0714285714285714,0.0714285714285714,0.0714285714285714,0.133333333333333,0.4,0.434782608695652,0.0714285714285714,0.153846153846154,0.0714285714285714,0.0714285714285714,0.434782608695652,0,0.133333333333333,0.333333333333333,0.4,0.48,0.133333333333333,0.0714285714285714,0.380952380952381,0,0.35,0.315789473684211,0.214285714285714,0.35,0.25,0.35,0.2,0.285714285714286,0.35
"Hera_11",0.291666666666667,0.541666666666667,0.416666666666667,0.458333333333333,0.36,0.416666666666667,0.346153846153846,0.28,0.458333333333333,0.458333333333333,0.375,0.458333333333333,0,0.458333333333333,0.416666666666667,0.541666666666667,0.25,0.208333333333333,0.32,0.291666666666667,0.458333333333333,0.458333333333333,0.416666666666667,0.291666666666667,0.5,0.458333333333333,0.25,0.541666666666667,0.458333333333333,0.416666666666667,0.32,0.5,0.458333333333333,0.541666666666667,0.458333333333333,0.458333333333333,0.416666666666667,0.5,0.125,0.25,0.458333333333333,0.458333333333333,0.5,0.458333333333333,0.166666666666667,0.458333333333333,0.458333333333333,0.5,0.416666666666667,0.52,0.583333333333333,0.166666666666667,0.291666666666667,0.166666666666667,0.458333333333333,0.458333333333333,0.5,0.5,0.541666666666667,0.375,0.153846153846154,0.166666666666667,0.166666666666667,0.416666666666667,0.416666666666667,0.416666666666667,0.208333333333333,0.5,0.375,0.416666666666667,0.375,0.25,0.32,0.416666666666667,0.44,0.5,0.166666666666667,0.5,0.416666666666667,0.28,0.416666666666667,0.28,0.416666666666667,0.375,0.375,0.208333333333333,0.44,0.416666666666667,0.5,0.416666666666667,0.0416666666666667,0.5,0.166666666666667,0.416666666666667,0.458333333333333,0.458333333333333,0.375,0.416666666666667,0.416666666666667,0.416666666666667,0.416666666666667,0.416666666666667,0.375,0.208333333333333,0.12,0.416666666666667,0.541666666666667,0.416666666666667,0.416666666666667,0.0416666666666667,0.458333333333333,0.375,0.5,0.208333333333333,0.115384615384615,0.44,0.416666666666667,0.2,0.458333333333333,0.166666666666667,0.28,0.5,0.307692307692308,0.44,0.307692307692308,0.416666666666667,0.541666666666667,0.166666666666667
"JarJarBinks_11",0.235294117647059,0.285714285714286,0.0714285714285714,0.142857142857143,0.333333333333333,0.0714285714285714,0.476190476190476,0.315789473684211,0.266666666666667,0.266666666666667,0.133333333333333,0,0.458333333333333,0,0.0714285714285714,0.285714285714286,0.277777777777778,0.4,0.368421052631579,0.235294117647059,0,0.142857142857143,0.0714285714285714,0.421052631578947,0.214285714285714,0.142857142857143,0.277777777777778,0.285714285714286,0,0.0714285714285714,0.45,0.214285714285714,0.142857142857143,0.285714285714286,0.142857142857143,0,0.0714285714285714,0.214285714285714,0.380952380952381,0.277777777777778,0,0.142857142857143,0.0769230769230769,0,0.35,0.142857142857143,0.142857142857143,0.214285714285714,0.0714285714285714,0.142857142857143,0.230769230769231,0.35,0.235294117647059,0.35,0.142857142857143,0.142857142857143,0.0769230769230769,0.0769230769230769,0.153846153846154,0.133333333333333,0.458333333333333,0.35,0.35,0.2,0.0714285714285714,0.0714285714285714,0.4,0.0769230769230769,0.133333333333333,0.0714285714285714,0.133333333333333,0.368421052631579,0.277777777777778,0.0714285714285714,0.25,0.0769230769230769,0.35,0.214285714285714,0.0714285714285714,0.4,0.0714285714285714,0.315789473684211,0.0714285714285714,0.133333333333333,0.133333333333333,0.4,0.133333333333333,0.0714285714285714,0.214285714285714,0.0714285714285714,0.434782608695652,0.214285714285714,0.35,0.2,0,0.142857142857143,0.133333333333333,0.2,0.0714285714285714,0.0714285714285714,0.0714285714285714,0.0714285714285714,0.133333333333333,0.4,0.434782608695652,0.0714285714285714,0.153846153846154,0.0714285714285714,0.0714285714285714,0.434782608695652,0,0.133333333333333,0.333333333333333,0.4,0.48,0.133333333333333,0.0714285714285714,0.380952380952381,0,0.35,0.315789473684211,0.214285714285714,0.35,0.25,0.35,0.2,0.285714285714286,0.35
"Hera_14",0.277777777777778,0.214285714285714,0,0.0714285714285714,0.368421052631579,0,0.5,0.263157894736842,0.2,0.2,0.0666666666666667,0.0714285714285714,0.416666666666667,0.0714285714285714,0,0.214285714285714,0.315789473684211,0.35,0.315789473684211,0.277777777777778,0.0714285714285714,0.0714285714285714,0,0.45,0.142857142857143,0.0714285714285714,0.222222222222222,0.214285714285714,0.0714285714285714,0,0.476190476190476,0.142857142857143,0.2,0.214285714285714,0.0714285714285714,0.0714285714285714,0,0.142857142857143,0.333333333333333,0.222222222222222,0.0714285714285714,0.0714285714285714,0.142857142857143,0.0714285714285714,0.3,0.0714285714285714,0.0714285714285714,0.142857142857143,0,0.2,0.285714285714286,0.3,0.277777777777778,0.3,0.0714285714285714,0.0714285714285714,0.142857142857143,0.142857142857143,0.214285714285714,0.0666666666666667,0.416666666666667,0.3,0.3,0.133333333333333,0,0,0.35,0.142857142857143,0.0666666666666667,0,0.0666666666666667,0.4,0.315789473684211,0,0.1875,0.142857142857143,0.3,0.142857142857143,0,0.35,0,0.263157894736842,0,0.0666666666666667,0.0666666666666667,0.35,0.0666666666666667,0,0.142857142857143,0,0.391304347826087,0.142857142857143,0.3,0.133333333333333,0.0714285714285714,0.0714285714285714,0.0666666666666667,0.133333333333333,0,0,0,0,0.0666666666666667,0.35,0.458333333333333,0,0.214285714285714,0,0,0.391304347826087,0.0714285714285714,0.0666666666666667,0.266666666666667,0.35,0.44,0.0666666666666667,0,0.333333333333333,0.0714285714285714,0.3,0.263157894736842,0.142857142857143,0.3,0.1875,0.3,0.133333333333333,0.214285714285714,0.3
"Iris_14",0.444444444444444,0,0.214285714285714,0.153846153846154,0.526315789473684,0.214285714285714,0.636363636363636,0.421052631578947,0.153846153846154,0.153846153846154,0.266666666666667,0.285714285714286,0.541666666666667,0.285714285714286,0.214285714285714,0,0.473684210526316,0.5,0.388888888888889,0.444444444444444,0.285714285714286,0.153846153846154,0.214285714285714,0.6,0.0833333333333333,0.285714285714286,0.388888888888889,0,0.285714285714286,0.214285714285714,0.619047619047619,0.0833333333333333,0.4,0,0.153846153846154,0.285714285714286,0.214285714285714,0.0833333333333333,0.476190476190476,0.388888888888889,0.285714285714286,0.285714285714286,0.357142857142857,0.285714285714286,0.45,0.285714285714286,0.153846153846154,0.0833333333333333,0.214285714285714,0.4,0.0909090909090909,0.45,0.444444444444444,0.45,0.153846153846154,0.153846153846154,0.357142857142857,0.357142857142857,0.428571428571429,0.266666666666667,0.541666666666667,0.45,0.45,0.214285714285714,0.214285714285714,0.214285714285714,0.5,0.230769230769231,0.266666666666667,0.214285714285714,0.266666666666667,0.55,0.473684210526316,0.214285714285714,0.266666666666667,0.357142857142857,0.45,0.230769230769231,0.214285714285714,0.5,0.214285714285714,0.421052631578947,0.214285714285714,0.266666666666667,0.266666666666667,0.5,0.266666666666667,0.214285714285714,0.0833333333333333,0.214285714285714,0.521739130434783,0.0833333333333333,0.45,0.333333333333333,0.285714285714286,0.153846153846154,0.266666666666667,0.214285714285714,0.214285714285714,0.214285714285714,0.214285714285714,0.214285714285714,0.266666666666667,0.5,0.583333333333333,0.214285714285714,0.307692307692308,0.214285714285714,0.214285714285714,0.521739130434783,0.285714285714286,0.266666666666667,0.0833333333333333,0.5,0.56,0.266666666666667,0.214285714285714,0.476190476190476,0.285714285714286,0.45,0.421052631578947,0.0833333333333333,0.45,0.266666666666667,0.45,0.333333333333333,0.166666666666667,0.45
"JarJarBinks_14",0.0555555555555556,0.473684210526316,0.315789473684211,0.368421052631579,0.478260869565217,0.315789473684211,0.52,0.391304347826087,0.368421052631579,0.368421052631579,0.263157894736842,0.277777777777778,0.25,0.277777777777778,0.315789473684211,0.473684210526316,0,0.458333333333333,0.434782608695652,0.0555555555555556,0.277777777777778,0.368421052631579,0.315789473684211,0.478260869565217,0.421052631578947,0.368421052631579,0.105263157894737,0.473684210526316,0.277777777777778,0.315789473684211,0.5,0.421052631578947,0.277777777777778,0.473684210526316,0.368421052631579,0.277777777777778,0.315789473684211,0.421052631578947,0.375,0.105263157894737,0.277777777777778,0.368421052631579,0.333333333333333,0.277777777777778,0.416666666666667,0.368421052631579,0.368421052631579,0.421052631578947,0.315789473684211,0.368421052631579,0.444444444444444,0.416666666666667,0.0555555555555556,0.416666666666667,0.368421052631579,0.368421052631579,0.333333333333333,0.333333333333333,0.388888888888889,0.263157894736842,0.32,0.416666666666667,0.416666666666667,0.315789473684211,0.315789473684211,0.315789473684211,0.458333333333333,0.333333333333333,0.263157894736842,0.315789473684211,0.263157894736842,0.434782608695652,0.105263157894737,0.315789473684211,0.35,0.333333333333333,0.416666666666667,0.421052631578947,0.315789473684211,0.15,0.315789473684211,0.15,0.315789473684211,0.263157894736842,0.263157894736842,0.458333333333333,0.35,0.315789473684211,0.421052631578947,0.315789473684211,0.291666666666667,0.421052631578947,0.416666666666667,0.315789473684211,0.277777777777778,0.368421052631579,0.263157894736842,0.315789473684211,0.315789473684211,0.315789473684211,0.315789473684211,0.315789473684211,0.263157894736842,0.458333333333333,0.291666666666667,0.315789473684211,0.388888888888889,0.315789473684211,0.315789473684211,0.291666666666667,0.277777777777778,0.263157894736842,0.421052631578947,0.458333333333333,0.28,0.35,0.315789473684211,0.44,0.277777777777778,0.416666666666667,0.15,0.421052631578947,0.48,0.35,0.48,0.315789473684211,0.473684210526316,0.416666666666667
"Kubo_14",0.434782608695652,0.5,0.35,0.4,0.2,0.35,0.19047619047619,0.272727272727273,0.476190476190476,0.476190476190476,0.380952380952381,0.4,0.208333333333333,0.4,0.35,0.5,0.458333333333333,0,0.318181818181818,0.434782608695652,0.4,0.4,0.35,0.105263157894737,0.45,0.315789473684211,0.391304347826087,0.5,0.4,0.35,0.15,0.45,0.4,0.5,0.4,0.4,0.35,0.45,0.0952380952380952,0.391304347826087,0.4,0.315789473684211,0.45,0.4,0.05,0.315789473684211,0.4,0.45,0.35,0.4,0.55,0.05,0.434782608695652,0.05,0.4,0.4,0.368421052631579,0.45,0.421052631578947,0.380952380952381,0.28,0.05,0.05,0.428571428571429,0.35,0.35,0,0.45,0.380952380952381,0.35,0.380952380952381,0.0526315789473684,0.458333333333333,0.35,0.454545454545455,0.368421052631579,0.05,0.368421052631579,0.35,0.416666666666667,0.35,0.416666666666667,0.35,0.380952380952381,0.380952380952381,0,0.380952380952381,0.35,0.45,0.35,0.173913043478261,0.45,0.05,0.35,0.4,0.4,0.380952380952381,0.428571428571429,0.35,0.35,0.35,0.35,0.380952380952381,0,0.25,0.35,0.421052631578947,0.35,0.35,0.173913043478261,0.4,0.380952380952381,0.523809523809524,0,0.307692307692308,0.380952380952381,0.35,0.0952380952380952,0.4,0.05,0.416666666666667,0.45,0.227272727272727,0.454545454545455,0.227272727272727,0.35,0.421052631578947,0.05
"Wolverine_14",0.478260869565217,0.388888888888889,0.315789473684211,0.277777777777778,0.409090909090909,0.315789473684211,0.391304347826087,0.0526315789473684,0.277777777777778,0.277777777777778,0.263157894736842,0.368421052631579,0.32,0.368421052631579,0.315789473684211,0.388888888888889,0.434782608695652,0.318181818181818,0,0.478260869565217,0.368421052631579,0.277777777777778,0.315789473684211,0.409090909090909,0.333333333333333,0.368421052631579,0.434782608695652,0.388888888888889,0.368421052631579,0.315789473684211,0.434782608695652,0.333333333333333,0.368421052631579,0.388888888888889,0.277777777777778,0.368421052631579,0.315789473684211,0.333333333333333,0.227272727272727,0.434782608695652,0.368421052631579,0.368421052631579,0.421052631578947,0.368421052631579,0.272727272727273,0.368421052631579,0.277777777777778,0.333333333333333,0.315789473684211,0.45,0.444444444444444,0.272727272727273,0.478260869565217,0.272727272727273,0.277777777777778,0.277777777777778,0.421052631578947,0.421052631578947,0.473684210526316,0.263157894736842,0.444444444444444,0.272727272727273,0.272727272727273,0.222222222222222,0.315789473684211,0.315789473684211,0.318181818181818,0.333333333333333,0.263157894736842,0.315789473684211,0.263157894736842,0.363636363636364,0.5,0.315789473684211,0.263157894736842,0.421052631578947,0.272727272727273,0.333333333333333,0.315789473684211,0.458333333333333,0.315789473684211,0.458333333333333,0.315789473684211,0.263157894736842,0.263157894736842,0.318181818181818,0.35,0.315789473684211,0.333333333333333,0.315789473684211,0.36,0.333333333333333,0.272727272727273,0.315789473684211,0.368421052631579,0.277777777777778,0.263157894736842,0.222222222222222,0.315789473684211,0.315789473684211,0.315789473684211,0.315789473684211,0.263157894736842,0.318181818181818,0.423076923076923,0.315789473684211,0.388888888888889,0.315789473684211,0.315789473684211,0.36,0.368421052631579,0.263157894736842,0.333333333333333,0.318181818181818,0.407407407407407,0.35,0.315789473684211,0.304347826086957,0.368421052631579,0.272727272727273,0.458333333333333,0.333333333333333,0.347826086956522,0.263157894736842,0.347826086956522,0.315789473684211,0.388888888888889,0.272727272727273
"JarJarBinks_15",0,0.444444444444444,0.277777777777778,0.333333333333333,0.454545454545455,0.277777777777778,0.5,0.434782608695652,0.421052631578947,0.421052631578947,0.315789473684211,0.235294117647059,0.291666666666667,0.235294117647059,0.277777777777778,0.444444444444444,0.0555555555555556,0.434782608695652,0.478260869565217,0,0.235294117647059,0.333333333333333,0.277777777777778,0.454545454545455,0.388888888888889,0.333333333333333,0.0555555555555556,0.444444444444444,0.235294117647059,0.277777777777778,0.478260869565217,0.388888888888889,0.333333333333333,0.444444444444444,0.333333333333333,0.235294117647059,0.277777777777778,0.388888888888889,0.416666666666667,0.0555555555555556,0.235294117647059,0.333333333333333,0.294117647058824,0.235294117647059,0.391304347826087,0.333333333333333,0.333333333333333,0.388888888888889,0.277777777777778,0.333333333333333,0.411764705882353,0.391304347826087,0,0.391304347826087,0.333333333333333,0.333333333333333,0.294117647058824,0.294117647058824,0.352941176470588,0.315789473684211,0.291666666666667,0.391304347826087,0.391304347826087,0.368421052631579,0.277777777777778,0.277777777777778,0.434782608695652,0.294117647058824,0.315789473684211,0.277777777777778,0.315789473684211,0.409090909090909,0.0555555555555556,0.277777777777778,0.4,0.294117647058824,0.391304347826087,0.388888888888889,0.277777777777778,0.2,0.277777777777778,0.105263157894737,0.277777777777778,0.315789473684211,0.315789473684211,0.434782608695652,0.315789473684211,0.277777777777778,0.388888888888889,0.277777777777778,0.260869565217391,0.388888888888889,0.391304347826087,0.368421052631579,0.235294117647059,0.333333333333333,0.315789473684211,0.368421052631579,0.277777777777778,0.277777777777778,0.277777777777778,0.277777777777778,0.315789473684211,0.434782608695652,0.260869565217391,0.277777777777778,0.352941176470588,0.277777777777778,0.277777777777778,0.260869565217391,0.235294117647059,0.315789473684211,0.473684210526316,0.434782608695652,0.32,0.315789473684211,0.277777777777778,0.416666666666667,0.235294117647059,0.391304347826087,0.105263157894737,0.388888888888889,0.458333333333333,0.4,0.458333333333333,0.368421052631579,0.444444444444444,0.391304347826087
