"","buddy_16","buddy_17","ivy_17","padme_17","buddy_18","ginger_18","ivy_18","franc_19","ivy_19","ginger_20","buddy_21","joans_21","franc_22","grogu_22","henry_22","joans_22","marshmallow_22","franc_24","ginger_24","henry_24","ivy_24","marshmallow_24","henry_25","ophelia_43","goose_44","iris_44","jarjarbinks_44","lambchop_44","hamlet_45","hera_45","jarjarbinks_45","korra_45","ophelia_45","goose_46","hamlet_46","iris_46","lambchop_46","hamlet_48","hera_48","iris_48","jarjarbinks_48","korra_48","kubo_48","lambchop_48","ophelia_48","wolverine_48","iris_49","jarjarbinks_49","kubo_49","ophelia_49","wolverine_49","jarjarbinks_50","korra_50","kubo_50","lambchop_50","ophelia_50","wolverine_50","lambchop_51","goose_52","jarjarbinks_52","kubo_52","hera_53","kubo_53","iris_55","lambchop_55","ophelia_55"
"buddy_16",0,2.93085377182049,4.13028469996379,9.56760727966147,3.6114403012179,1.73618386688058,1.99178529526666,3.84376721328974,1.90513519424945,2.37364761419044,2.48895133838574,3.07759404330087,2.74052316735616,4.19218913065021,3.8667715856647,4.51129956863092,2.63895933181915,2.91680209606859,3.17577826459663,3.82634014779102,2.40939170762799,3.9102266842372,5.26379437043963,3.98036644295563,3.15423549379447,2.86801233880611,0.71604561869482,3.33709474300258,1.0680587727941,2.12517207511254,6.67548036696148,3.78283319753958,3.81599131335689,1.87019401953741,1.10453982196611,3.48421725396065,2.62733754511172,2.18673716113245,2.60025886990341,2.93659030856062,5.46406313489226,4.5963976300039,2.49060023504453,2.76507327249736,3.38542953359756,4.92398686439988,3.15064586807078,3.0418485359475,2.24141200287833,3.59761965771607,3.336886457637,2.33172556642819,2.25156657653657,2.23258471843736,2.85923564838321,7.78118978752762,5.12322086221377,3.24015254096575,2.61146598158353,2.35814623483469,5.73161384342578,2.8080180311077,2.84527607037709,2.9944505157457,2.88104195888029,5.41680696743923
"buddy_17",2.93085377182049,0,1.81672180664999,8.53259954131827,1.09240559911855,3.05548558220181,2.52886036696651,1.54283067080332,2.08906648579618,2.51482034472613,2.89439610491316,3.55936369989963,2.34748060038608,4.07451444227768,1.29594257556795,2.08182246066092,2.97490168283776,1.52071777306503,3.41369214492963,1.41914598428697,2.43689325133271,3.78561156070498,2.95763156739122,2.12833708432288,1.92561815849347,3.11882361527083,2.41740350790927,3.41442284987464,2.49033991839418,2.06112350145019,5.28667490672216,1.57830705895463,2.47965101315818,2.98619456156149,2.3633294177219,2.35213088253536,3.10672736014688,2.34697607132753,1.58469966097275,3.17256524162303,2.97071169902674,2.12152529744475,2.68256133959375,3.16098141173125,2.4708801930593,2.89695313058315,3.46660347509282,0.66226779549489,2.67220371432707,1.55938628631081,1.58634371223905,0.917698336425978,1.47627424627239,2.1037941688734,3.01872146046858,5.34026442307425,3.13560134143268,3.53703485684758,3.24942452276121,1.86105417226394,3.23704967093743,2.17843276384645,2.11733847080783,3.30564705668311,2.80626119672969,3.18892123676591
"ivy_17",4.13028469996379,1.81672180664999,0,8.4354025614815,2.2424809056559,4.39651395459262,3.31417253158477,0.642137102317354,3.27070498235903,3.70500764859071,4.15714049615307,4.37148440621327,3.12813739905344,5.18435844432617,1.57262542730588,1.82830578769931,4.21883694646118,1.61317230644399,4.60661340460002,1.59823494185191,3.40851924199844,4.85694281301929,2.52193384419552,2.36072251903658,2.97022822305632,3.30801628548285,3.70136206223136,4.55673520701532,3.57428510666281,2.99770532328069,5.13158839955692,1.69286174646484,2.79385703957223,4.03724991355762,3.55454990864092,1.98464966722506,4.29701524338308,3.36209739519581,2.5376281465449,3.41830626275943,2.53801680481587,1.85898896297924,3.74605206672297,4.25525801061374,2.95619733799768,2.14207641395522,3.97970581008675,1.72212167077915,3.93089139314094,1.84646490847881,1.69341968984682,2.35260042845341,2.8099864192931,3.30450328376486,4.2033352619639,4.6235029904658,3.04193425867782,4.69823639659826,4.30688312740335,3.02696536882694,2.62443595859272,3.39903233552812,3.23323084432421,3.80880361843516,3.80595431701544,2.81092495484856
"padme_17",9.56760727966147,8.53259954131827,8.4354025614815,0,8.64383725140826,9.89778373482961,9.38089376096243,8.49609260624153,9.13128342889731,9.30230013344713,9.75838241563965,10.2970265108478,9.52572360858437,10.3380153137659,8.11948953463284,7.95149587387207,9.7302034017985,8.8741439846872,9.97392135632889,8.01122888828708,9.37730448124015,10.1514160444031,7.9497326783291,7.94481934432995,9.19260640362501,9.5891550910611,9.32689910306211,9.95757849382455,9.2387266969499,8.89530484165937,8.32840978556948,8.13689615530022,8.08920789252605,10.0020811991861,9.23171543542788,8.89371137186085,9.74574281205498,9.11830116783472,8.70235406373925,9.70776235757089,8.1862159784321,8.01861708410066,9.49421903373942,9.94843377123114,8.35446291036696,8.48373396722954,10.1543921881438,8.57668632650804,9.54836227603678,8.12987475290021,8.59701460198659,8.72776569304251,8.89567244285605,9.23233699452589,9.57144024771526,8.39139298453715,8.42831215663593,10.0418665056296,10.0896721879588,8.92066110536945,8.07780659361357,9.2266949981093,9.07960367203894,10.0170589098395,9.00998791512675,6.55938695641369
"buddy_18",3.6114403012179,1.09240559911855,2.2424809056559,8.64383725140826,0,3.4136717843703,3.38459817539432,1.95250178433731,2.68529129479706,2.74755706838544,3.1144469301994,3.73803118689978,2.63502802927743,3.86007710956032,1.54986242672743,2.03567571711538,3.12086190506367,2.26446148070906,3.5126951412822,1.86714227528253,2.9495145584893,3.63369918512706,3.15996954083063,2.69326447449987,1.7626036509475,3.85295031554837,3.10993734457131,3.42683139472683,3.13305545676431,2.72861318034842,5.65139468271403,1.9714291236953,3.14869912518169,3.37525959299441,2.90798195637915,2.98688744074831,3.39120818637223,2.87418052297534,2.13141199223379,3.79793012209368,2.92818612943871,2.20153883741337,3.10176219090877,3.25180121699502,3.1705101190335,2.90010429185688,3.82735314244442,1.28857925516972,3.09461131670851,2.1726185355454,2.0552597051672,1.66909248460849,1.72754495255752,2.59768498759024,3.1705318918102,5.17772619077639,2.82672798955018,3.62491644869338,3.40996414979348,2.43525764132922,3.18404587793143,2.2075077914559,2.28355679831805,3.74128021942276,3.13282233987968,3.3407474761244
"ginger_18",1.73618386688058,3.05548558220181,4.39651395459262,9.89778373482961,3.4136717843703,0,2.47571572507771,3.98153640097197,1.77787627934735,1.80406462872052,1.34316342103323,1.78483367411959,1.84272233896679,2.88220689828922,4.23559873816207,4.76258584199363,1.56307645600166,2.97739784541375,1.69802277459678,4.30464829678765,2.02099289697742,2.7269316608367,5.87960459455934,4.58853897069431,2.37953647110852,3.19847191185524,1.96834467471871,1.84864681207023,1.78387746429259,2.42569661561782,7.5274270251689,4.31969840105112,4.51443584212246,1.23400281928014,1.54727841976271,3.82724190433018,1.17521472361108,2.28466834882314,2.69222095756868,3.02898553942717,5.93808809820588,5.02246209200891,1.74567219324704,1.44685895569392,4.1064524708088,5.18339559804644,2.40036842214804,3.19823520055921,1.30373627770209,4.19778975421541,3.53248477100363,2.45786750459739,2.00781212266167,1.75416732554643,1.41765501331313,8.30784021875424,5.30766184313946,1.65461591763652,1.35057530386428,2.45290158964325,6.20575686647638,1.99903420029891,2.14557697691476,2.41887968215479,1.97647471912919,5.92278085318258
"ivy_18",1.99178529526666,2.52886036696651,3.31417253158477,9.38089376096243,3.38459817539432,2.47571572507771,0,2.98729980308317,1.33363509228262,2.31013392526321,2.37357388281145,2.90443975576759,2.32267148189901,3.99191364910566,3.45469561868576,4.1678064445764,2.59510472727616,2.02536482241996,3.12273545025711,3.45451831661245,1.60356495009651,3.63635724513689,4.91537406189251,3.38489060320654,2.91078557120778,1.35681154434695,1.92909505355827,3.28209913718697,1.72220174518097,1.56090000962446,5.9411464603492,3.62477133826238,3.16754233109722,1.93965638015121,1.9507737960397,2.14821372075434,2.87652577697465,1.72483598874509,1.99645807400673,1.56876237199857,5.10243006146405,4.30821036379694,1.96294932276107,2.8011283778491,2.53920892478204,4.36036784414595,2.3287762549751,2.50027613170692,2.02423925259611,2.99603828067776,2.66915247842214,1.93384818232921,2.35557090439739,1.65009761258033,3.00268518848396,7.32769057206622,5.03926929869624,3.33217618474414,2.6552739561235,1.68417288205868,5.34461826275619,2.59167163468547,2.42338684826531,2.01947616169327,3.03104476976505,4.94427738852319
"franc_19",3.84376721328974,1.54283067080332,0.642137102317354,8.49609260624153,1.95250178433731,3.98153640097197,2.98729980308317,0,2.82496394119831,3.1435252426796,3.62095064063564,3.90018719017442,2.66934883311016,4.59662867311251,1.52127406711514,1.86174239703209,3.66105060353108,1.29447267795085,4.06539732345792,1.6490180151502,2.86878499284681,4.26074702687115,2.89884952073114,2.35715509758782,2.44420424309768,2.94660210611481,3.45351763590824,4.01225075521859,3.18774730769745,2.51384325922511,5.23908136012807,1.84331293361335,2.74846202899195,3.60678215060956,3.1625521436167,1.74242363179948,3.86263791372319,2.83627170222714,1.99677400429774,3.00280447109875,2.88625578496418,2.08860632905615,3.2053702820803,3.7300453363711,2.73268870381277,2.36761626303823,3.51260572675224,1.34586867934845,3.42258918352863,1.75387399629902,1.57535369981152,1.92966772265686,2.33922399379555,2.78620495610979,3.72139651220853,4.96714582856805,3.18598734930254,4.18711883022775,3.80506036056081,2.51862655316226,2.99211696499782,2.83064097428061,2.66513250989905,3.33941967061186,3.40885374115906,3.01373153067425
"ivy_19",1.90513519424945,2.08906648579618,3.27070498235903,9.13128342889731,2.68529129479706,1.77787627934735,1.33363509228262,2.82496394119831,0,1.30523406757616,1.4748575512251,2.29923745014369,1.64714675748401,3.06189674691397,3.1326632781191,3.68503516378032,1.62453954177307,1.99432240401614,2.20093615092249,3.22607799656425,1.07138046554883,2.71913539231336,4.82970133496469,3.18628459004717,1.91328344396634,2.0426725843219,1.83657099777657,2.31066351526082,1.30785934296361,1.10438092110891,5.97377952010031,3.36496332492124,3.04741892278552,1.48577742543069,1.30157206675001,2.37574590356836,2.07108798024848,1.17932088307999,1.46439944540813,1.96933425766452,4.91008677336098,4.01162451606107,1.20457450231693,1.88153604361746,2.51384879762508,4.1058989856651,2.0926761673214,2.047548899357,1.23880494946408,2.846348558376,2.40576908870763,1.37006597491549,1.3772165478774,0.770088622260429,2.04596198210702,7.1516502652169,4.52531374033357,2.41239226787045,1.85166846840962,1.14436837800132,5.1448061678925,1.51387079869241,1.33909640201449,1.90847669189385,2.2117548935054,4.7010604765533
"ginger_20",2.37364761419044,2.51482034472613,3.70500764859071,9.30230013344713,2.74755706838544,1.80406462872052,2.31013392526321,3.1435252426796,1.30523406757616,0,0.968379229020224,2.12091529828433,1.75792398009382,2.20024007841385,3.39897089459001,3.89982578603431,0.800103301714442,2.5656124446191,1.63771472767655,3.57813804199328,1.06380987888075,1.82772250398392,5.25156407592316,3.77324369006203,1.56185573119124,2.60342118675284,2.40624656992015,1.68184920840386,1.57264463785532,1.3425034805014,6.54397750379237,3.74879593145536,3.76006129206738,1.65185505837834,1.46857960259718,3.04955872347174,2.01291436580457,0.984978745916558,1.46581133717344,2.37575660373066,5.25470935286828,4.30755669411622,1.00239145150695,1.31609318855185,3.12805437122004,4.59402275120127,2.19856970902295,2.3704648568834,1.12956721649915,3.28867779736563,3.07570620885944,1.74513537898096,1.24486575661969,0.987321065238029,1.71663933517753,7.38196230822346,4.83608647241185,1.95304833692173,1.48265365091784,1.26787224347034,5.46456927155004,0.795900783169258,0.994202652279203,2.08878780099729,2.18222436574043,5.04293875679259
"buddy_21",2.48895133838574,2.89439610491316,4.15714049615307,9.75838241563965,3.1144469301994,1.34316342103323,2.37357388281145,3.62095064063564,1.4748575512251,0.968379229020224,0,1.55296563728109,1.58685560122671,1.80793230600205,3.97896229709614,4.52203576849756,0.380006821426357,2.83174784434669,0.962755753795685,4.14938021213993,1.2425870234274,1.5451159019052,5.79999587147846,4.33783198449325,1.79812087884891,2.80001331730995,2.58683263657579,1.09326967350256,1.99837545748109,1.98509590170287,7.14257750739049,4.30741957648078,4.29138647247731,1.31511981759398,1.86488478486734,3.44006314741309,1.50075690832362,1.66273785579329,2.1458818445862,2.52247714775467,5.78354482310353,4.88006081318765,0.884099218453615,0.789071534876973,3.7075707266396,5.05067724455514,1.87778369637665,2.86396662951862,0.733151998479769,3.90307283693534,3.43290414801805,2.19258108813664,1.77151721602966,1.11350750168273,1.28735601062077,8.00498203536271,5.31015203151861,1.32111720370814,0.923866912004296,1.82226651438387,6.02811994077234,1.11404224041448,1.33787369942419,1.8601634946791,2.1145784064792,5.65680786886949
"joans_21",3.07759404330087,3.55936369989963,4.37148440621327,10.2970265108478,3.73803118689978,1.78483367411959,2.90443975576759,3.90018719017442,2.29923745014369,2.12091529828433,1.55296563728109,0,1.35226489177201,2.33745661675753,4.67352699877865,5.03142202295968,1.69945825183815,2.95291182395349,1.54139932201515,4.83147006793314,2.1174497423861,2.19202239575673,6.41049846513538,5.11973855908939,2.2863166532358,2.95610984562071,3.27174184273997,1.48083344361305,2.70090982407068,2.88532720829493,8.00697914758494,4.88439477547733,5.07266944787707,1.44068074405675,2.55270392963295,3.60904412949765,1.65071302290104,2.69545321457702,3.03714189047052,2.57423135258792,6.35439687912329,5.45614091835683,1.81417669983448,1.01261699762847,4.60184496425835,5.13750960746348,1.19972717356743,3.55500287473582,1.83169848237796,4.69171499163598,3.6461876954521,3.05399822424065,2.54377497146957,2.12397396474012,1.60749950419773,8.61542395116058,5.5649832688172,1.48189955976565,0.848568778778151,2.94491110801778,6.56696765528868,2.09282842759251,2.18834749479821,1.47551659533409,2.36144206037826,6.33047423682269
"franc_22",2.74052316735616,2.34748060038608,3.12813739905344,9.52572360858437,2.63502802927743,1.84272233896679,2.32267148189901,2.66934883311016,1.64714675748401,1.75792398009382,1.58685560122671,1.35226489177201,0,2.77399666435107,3.44890352984388,3.79177675050862,1.74239932531382,1.73652562863934,1.78423111412559,3.58378055461508,1.56039764649309,2.52372221705951,5.14224151263716,3.95222316307088,1.37417984338732,2.49528548845771,2.72460754715967,1.73704898749414,2.20415609160011,2.1076062817962,6.99789749325531,3.63561368976692,3.98986211285114,1.61790009838783,2.05309520345816,2.68741383903409,1.51525411774887,2.11573053046759,2.08816777441942,2.23750216156777,5.10616305075408,4.18943526022512,1.43677166473505,1.41536307346146,3.66362252768797,4.05009208877297,1.50898085502614,2.34581732502554,1.51387685284168,3.51482477982063,2.51998842059709,1.95394702042738,1.61192642472881,1.42407669189345,1.44957664908398,7.38909065539557,4.49192822951522,1.77186005793136,1.43962841392187,2.15318981467547,5.30978145700145,1.47857175301361,1.42115546694158,1.55540905586375,1.72555863165246,5.11195458628399
"grogu_22",4.19218913065021,4.07451444227768,5.18435844432617,10.3380153137659,3.86007710956032,2.88220689828922,3.99191364910566,4.59662867311251,3.06189674691397,2.20024007841385,1.80793230600205,2.33745661675753,2.77399666435107,0,4.9619207023115,5.37009184235569,1.62762293955029,4.13697873457776,1.59764520424168,5.24317679214544,2.67550624362014,0.476360958952996,6.82404130643745,5.47336654847383,2.50659044463889,4.11991919132853,4.24924432983804,1.44291862985223,3.64121761723953,3.41950677559372,8.04905936054401,5.45594296182925,5.51376849622201,2.79426829361626,3.46822264601668,4.58102979511919,2.74089265848927,3.02005075573275,3.34353423922895,3.72905966361633,6.65798062698611,5.83608025997479,2.35703929508206,1.71922245374742,4.9151120624278,5.9150328535894,2.80600446562526,3.97917513683503,2.41059338386241,5.03938106380718,4.58623259550149,3.54881374311094,3.01313784106272,2.65556603342016,2.29753150187661,8.6531290679573,6.0844683193124,1.9355937779769,1.98361602065065,3.14217800535676,6.87441507708565,2.022316568114,2.34112066128347,2.92226900304961,3.27107652879294,6.53814697394176
"henry_22",3.8667715856647,1.29594257556795,1.57262542730588,8.11948953463284,1.54986242672743,4.23559873816207,3.45469561868576,1.52127406711514,3.1326632781191,3.39897089459001,3.97896229709614,4.67352699877865,3.44890352984388,4.9619207023115,0,1.28005597225446,3.98355912536762,2.30535028147043,4.49230689267599,0.475694237770726,3.38280984989955,4.64952499688228,1.89906981107149,1.66494830016073,2.81320028346552,3.81318086777696,3.32991855777056,4.46616961867434,3.34539292011112,2.77034175176009,4.56383480275505,0.886556826547496,2.29523960523874,4.09878250926391,3.27436482188865,2.70315675127766,4.27662952132053,3.09085427928898,2.21166242721716,3.92321265859774,1.91094684247377,1.05312081372825,3.69744899390203,4.22885968258989,2.48922043163874,2.60564412397873,4.47230984385792,1.25150358490086,3.77991357454304,0.99820219484855,2.06167793293672,1.91256964346346,2.4162868771685,3.15042919355337,4.12510621283061,4.13858279826135,2.8049739794414,4.64308755295899,4.34561643887685,2.62609061216589,2.11733726842035,3.10662812572498,3.03116418956079,4.28341989237248,3.79305574273953,2.19864031331285
"joans_22",4.51129956863092,2.08182246066092,1.82830578769931,7.95149587387207,2.03567571711538,4.76258584199363,4.1678064445764,1.86174239703209,3.68503516378032,3.89982578603431,4.52203576849756,5.03142202295968,3.79177675050862,5.37009184235569,1.28005597225446,0,4.48983474849659,2.76100090320724,4.89810724120407,1.38556914475439,3.95384462090387,5.06982882997869,2.10620130019535,1.96311513046014,3.09570445528882,4.36182194512491,4.05220936990274,4.82678348933482,3.90928020908263,3.34390317672836,4.58269611353638,1.33249490179106,2.54171757109388,4.66355201588497,3.80067245351014,3.00620608781283,4.64622831325673,3.70074357906035,2.82567383005149,4.43167727923932,2.01210051637414,1.15137598650514,4.20349815852071,4.64374289283484,2.98541447621983,1.97384250857165,4.86917641964672,1.98302989786856,4.3329716142187,1.78552511097308,2.12374794010617,2.65562240092063,2.90227690490812,3.70673522830339,4.46483347817353,3.92749614554772,1.99644641671229,4.97694680311943,4.7814368773176,3.34543012086496,2.01365663507399,3.55340179565538,3.35935134479462,4.73029064928181,4.05015306076612,2.11895256943435
"marshmallow_22",2.63895933181915,2.97490168283776,4.21883694646118,9.7302034017985,3.12086190506367,1.56307645600166,2.59510472727616,3.66105060353108,1.62453954177307,0.800103301714442,0.380006821426357,1.69945825183815,1.74239932531382,1.62762293955029,3.98355912536762,4.48983474849659,0,2.96899235988425,0.990354468554184,4.1740827199764,1.33584482314474,1.3274150342809,5.83179640943154,4.35887496384168,1.74392852759913,2.92585864141173,2.74251596250171,1.06438535683831,2.05507054207992,1.99303030183715,7.12794215477969,4.33386585921118,4.32636973194292,1.51915809587303,1.9159973401521,3.53034345636783,1.68808766284326,1.62331209290397,2.13144230952344,2.62879023969584,5.79726563376555,4.88150360003158,0.987610388558702,0.793933380857483,3.7219180730267,5.09115933600053,2.0200913995609,2.89463875318864,0.96042989084241,3.91552544430354,3.53412693958089,2.25959925919995,1.75424463897242,1.25099945037884,1.38310658516541,7.96560901578449,5.31541149610395,1.38265934580618,1.0160697542744,1.83692004086155,6.02935124181994,1.00133299053964,1.2895707888088,2.00872660071171,2.19809605032172,5.63972976182024
"franc_24",2.91680209606859,1.52071777306503,1.61317230644399,8.8741439846872,2.26446148070906,2.97739784541375,2.02536482241996,1.29447267795085,1.99432240401614,2.5656124446191,2.83174784434669,2.95291182395349,1.73652562863934,4.13697873457776,2.30535028147043,2.76100090320724,2.96899235988425,0,3.29285553497151,2.32544559303585,2.09263658587796,3.80904420097349,3.75543232078069,2.82131947766935,2.11631353913096,2.1673471453406,2.6405321963016,3.29628379433821,2.3806046977373,1.95485780684086,5.86215144561207,2.4199205136693,2.96161916824426,2.61909276385901,2.37168626821762,1.56126389441297,2.89219371026826,2.28180013418858,1.72056014049249,2.21879341025341,3.84572652135265,2.98202909927828,2.38981104852086,2.94317902118931,2.79904678966847,2.9857585464604,2.58032806316041,1.50105487839784,2.53514744991372,2.30297609041257,1.48798741768484,1.5169818749568,1.88676606841131,2.0024408316802,2.88912577026194,6.11035516344252,3.74190283158043,3.36353004466245,2.93726469817963,2.074185973662,4.02088894583759,2.37107871434438,2.16812924630262,2.40622422698729,2.6048549920677,3.90292003917965
"ginger_24",3.17577826459663,3.41369214492963,4.60661340460002,9.97392135632889,3.5126951412822,1.69802277459678,3.12273545025711,4.06539732345792,2.20093615092249,1.63771472767655,0.962755753795685,1.54139932201515,1.78423111412559,1.59764520424168,4.49230689267599,4.89810724120407,0.990354468554184,3.29285553497151,0,4.66024276818711,1.88169001722497,1.51168377483808,6.29170651798501,4.87315604522343,2.01126595581867,3.44955679715922,3.32958336226334,0.349310758270502,2.71979519720763,2.68341668360197,7.74430843409943,4.79675881590152,4.8482067933158,2.01844701248318,2.55881168899352,4.05594723283206,1.22609698249595,2.40673781390803,2.77874348690036,3.13392553267697,6.25079700886638,5.31833804147162,1.35401737888949,0.980299037421405,4.37175550541566,5.48744414512716,2.1617239235327,3.4007256483711,1.20412005245531,4.50119626571828,3.94317516278878,2.80216021165078,2.31566434662627,1.76863332935517,0.91043070355471,8.44478826268683,5.66798152064253,0.515939726757971,1.25011563659573,2.54907785070098,6.4756460517802,1.5318461048276,1.69478737075484,2.26240785382029,1.92399252081474,6.09262837611836
"henry_24",3.82634014779102,1.41914598428697,1.59823494185191,8.01122888828708,1.86714227528253,4.30464829678765,3.45451831661245,1.6490180151502,3.22607799656425,3.57813804199328,4.14938021213993,4.83147006793314,3.58378055461508,5.24317679214544,0.475694237770726,1.38556914475439,4.1740827199764,2.32544559303585,4.66024276818711,0,3.50725576387563,4.92796043231507,1.6960890025948,1.60905760937365,3.05220491314003,3.86723587385301,3.28974189458533,4.65457226575098,3.36822663859453,2.84816206412156,4.53823551609257,0.668154400768293,2.22642547927573,4.21943502256,3.31749389300331,2.78287143831147,4.34628302973792,3.21030479276168,2.34393434082776,4.02104735839315,1.8928353869007,1.00677336116954,3.82839905114085,4.41723970431237,2.51434669417789,2.68855187080373,4.62233227773179,1.44373986950642,3.88441328102961,1.00518089017055,2.12800313883849,2.0155987249011,2.58166345861254,3.27409935988809,4.23755506385118,4.14434774005552,2.88689910244193,4.7903691355126,4.51918601305887,2.75824793692158,2.08866217459638,3.33468507078163,3.22828420763123,4.42256199409939,3.80822192724635,2.12456519197124
"ivy_24",2.40939170762799,2.43689325133271,3.40851924199844,9.37730448124015,2.9495145584893,2.02099289697742,1.60356495009651,2.86878499284681,1.07138046554883,1.06380987888075,1.2425870234274,2.1174497423861,1.56039764649309,2.67550624362014,3.38280984989955,3.95384462090387,1.33584482314474,2.09263658587796,1.88169001722497,3.50725576387563,0,2.28795763074925,5.16485488605243,3.61054281483648,1.86047788842174,1.83158672798015,2.44229991880901,1.99946418779858,1.65533056525061,1.07803903850911,6.37219036790109,3.73023917996361,3.52772270277126,1.64920791422396,1.74217498531256,2.52562809199035,2.07839997085783,0.901488517675749,1.35933761134936,1.65671938118731,5.22818846200866,4.30809680343161,0.609038771415973,1.7093743106865,2.85248435542387,4.50777274752352,1.76740269233931,2.24621025599387,0.983720537417487,3.13692489681847,2.85967628436432,1.63333334400017,1.64596057292514,0.581385134383434,1.95258067222897,7.39057178032358,4.99286367117226,2.19014886834918,1.74457016178582,1.05009748888568,5.44060603786331,1.33163265377041,1.18800160718928,1.53505703946425,2.24328120183607,5.00509559460863
"marshmallow_24",3.9102266842372,3.78561156070498,4.85694281301929,10.1514160444031,3.63369918512706,2.7269316608367,3.63635724513689,4.26074702687115,2.71913539231336,1.82772250398392,1.5451159019052,2.19202239575673,2.52372221705951,0.476360958952996,4.64952499688228,5.06982882997869,1.3274150342809,3.80904420097349,1.51168377483808,4.92796043231507,2.28795763074925,0,6.52744738536879,5.12585377309246,2.24590726794925,3.71074474133857,3.96572252583548,1.37609146324782,3.28960201576166,3.00928050255103,7.68813628354633,5.14647044039887,5.15098352540313,2.52311508878385,3.14668268364691,4.18908735852383,2.63688301308021,2.60333368031824,2.95877636915625,3.32242297242163,6.37829366994063,5.54130709113975,2.01513930700011,1.50940075200395,4.51526358422613,5.62306683638447,2.51482060987955,3.64197775669283,2.14592031665792,4.67725654947044,4.27446590123152,3.21432423269893,2.70365661418672,2.31145968383073,2.1926163803658,8.37233400970962,5.85111703970748,1.90902590191132,1.76907530107999,2.75137874423574,6.58913272146461,1.70649437547228,2.00968486658345,2.59391670639189,3.10969744250192,6.23104028008995
"henry_25",5.26379437043963,2.95763156739122,2.52193384419552,7.9497326783291,3.15996954083063,5.87960459455934,4.91537406189251,2.89884952073114,4.82970133496469,5.25156407592316,5.79999587147846,6.41049846513538,5.14224151263716,6.82404130643745,1.89906981107149,2.10620130019535,5.83179640943154,3.75543232078069,6.29170651798501,1.6960890025948,5.16485488605243,6.52744738536879,0,2.39481702811345,4.60960651510029,5.28924360786447,4.68285455709524,6.27516385998097,4.93606694385546,4.48096327957505,4.26775491174265,1.67016266289632,3.04746204675814,5.79420844113661,4.89381368921785,4.0111813370618,5.91722880971952,4.8591039188751,4.01654345446627,5.49533265084805,0.811475862039121,1.17531022564842,5.48784607065044,6.04510183438514,3.65245953609196,3.06588174590497,6.17345119692967,3.03026877434691,5.53467441573305,2.26044050302898,3.33997499277179,3.65736433079317,4.21024239002149,4.93192224346894,5.83924563799387,2.77315911763935,3.11659794833665,6.39785755128259,6.13688345206332,4.39267641311652,0.903314870902902,4.97350797253224,4.8741411249329,5.97659675008341,5.33310018322235,1.81597695741121
"ophelia_43",3.98036644295563,2.12833708432288,2.36072251903658,7.94481934432995,2.69326447449987,4.58853897069431,3.38489060320654,2.35715509758782,3.18628459004717,3.77324369006203,4.33783198449325,5.11973855908939,3.95222316307088,5.47336654847383,1.66494830016073,1.96311513046014,4.35887496384168,2.82131947766935,4.87315604522343,1.60905760937365,3.61054281483648,5.12585377309246,2.39481702811345,0,3.52101828792533,3.75564185911797,3.53779661651316,4.91261025857569,3.47071065231112,2.82607164260677,3.29062122567457,1.74903857772696,0.744571949893149,4.43047497170906,3.51670322411894,2.70208750445235,4.63277379572897,3.25952141436718,2.6467427139104,3.95968060212095,2.60392457233827,1.9625389630264,3.89840492013336,4.68626734350598,1.48334486623331,2.97430890898591,4.72997931781098,1.98621918548047,4.02612147888197,0.982730502403961,2.38873106933601,2.37949586629346,3.00564000082723,3.38521753843206,4.56562883329909,4.41746710767858,3.3643566224193,5.04670865056598,4.76384408874702,2.81346824612542,2.73541556618716,3.63780181493471,3.38764170534479,4.50072942171371,4.14590544393523,2.13578731673915
"goose_44",3.15423549379447,1.92561815849347,2.97022822305632,9.19260640362501,1.7626036509475,2.37953647110852,2.91078557120778,2.44420424309768,1.91328344396634,1.56185573119124,1.79812087884891,2.2863166532358,1.37417984338732,2.50659044463889,2.81320028346552,3.09570445528882,1.74392852759913,2.11631353913096,2.01126595581867,3.05220491314003,1.86047788842174,2.24590726794925,4.60960651510029,3.52101828792533,0,3.16163398621041,2.96528540645085,1.88078076465725,2.47699870961931,2.10851586215964,6.52581282505723,3.14917529939495,3.7060785794656,2.29688389903236,2.2431237243489,2.9129616223544,2.13765214821007,2.05674918296759,1.74662140310288,2.92730199968404,4.46717119539711,3.56809707175903,1.80956660706407,1.75128868159302,3.42579907262129,3.7439139074565,2.4964021036744,1.82531523384641,1.8967497489844,3.03689048436884,2.46232843297707,1.64497623957289,1.13255963697077,1.59355700957643,1.79873275473626,6.64034467634644,3.89866078471857,2.12922288228633,1.96881844003017,1.93384405424983,4.6686182060812,0.896504010129297,1.00433135505288,2.50057044650548,2.09448160754626,4.51829809133558
"iris_44",2.86801233880611,3.11882361527083,3.30801628548285,9.5891550910611,3.85295031554837,3.19847191185524,1.35681154434695,2.94660210611481,2.0426725843219,2.60342118675284,2.80001331730995,2.95610984562071,2.49528548845771,4.11991919132853,3.81318086777696,4.36182194512491,2.92585864141173,2.1673471453406,3.44955679715922,3.86723587385301,1.83158672798015,3.71074474133857,5.28924360786447,3.75564185911797,3.16163398621041,0,2.92919198919027,3.5449247271743,2.26988674606018,1.85994756411301,6.1008362666959,4.03508361418924,3.53789518014344,2.35242529270726,2.5579542664441,1.83437165121882,3.4120037464971,1.97377623315597,2.29788480665863,0.50612703054265,5.41934462677117,4.61586253249826,2.22714085677821,3.02398740082254,2.80113355542586,4.42008826264527,1.97774669375801,2.87751032545193,2.57774463976124,3.32679636861057,2.96699137897209,2.54651071904098,2.82475630015562,2.17843580002455,3.44173284838906,7.45486684666694,5.34869878381079,3.67615621885087,2.87705140698779,2.15339093038228,5.58945582009064,2.90248770042425,2.70727813198411,1.61479279583195,3.46617380148891,5.16782703194585
"jarjarbinks_44",0.71604561869482,2.41740350790927,3.70136206223136,9.32689910306211,3.10993734457131,1.96834467471871,1.92909505355827,3.45351763590824,1.83657099777657,2.40624656992015,2.58683263657579,3.27174184273997,2.72460754715967,4.24924432983804,3.32991855777056,4.05220936990274,2.74251596250171,2.6405321963016,3.32958336226334,3.28974189458533,2.44229991880901,3.96572252583548,4.68285455709524,3.53779661651316,2.96528540645085,2.92919198919027,0,3.46308866156289,1.25406742139034,2.05445661222492,6.27457240254371,3.25917948568992,3.45321006038421,2.04459497249965,1.19422215845325,3.22474120632984,2.8013887731382,2.17979460729505,2.34932358238642,3.03057652517217,4.8731450643853,4.06343134514954,2.60641952054962,2.90732414398552,3.09388055431338,4.47398115265748,3.32477510840507,2.59985225824063,2.35751853707985,3.11732628255034,2.92040520301385,1.95204366253801,2.0104399996593,2.17941664933094,2.97794240091932,7.21471145500507,4.63971646634319,3.4186630097417,2.79063570960845,2.16998961247523,5.16147197219928,2.70542531455189,2.75218327140419,3.15285766396239,2.97264225487635,4.93304839962739
"lambchop_44",3.33709474300258,3.41442284987464,4.55673520701532,9.95757849382455,3.42683139472683,1.84864681207023,3.28209913718697,4.01225075521859,2.31066351526082,1.68184920840386,1.09326967350256,1.48083344361305,1.73704898749414,1.44291862985223,4.46616961867434,4.82678348933482,1.06438535683831,3.29628379433821,0.349310758270502,4.65457226575098,1.99946418779858,1.37609146324782,6.27516385998097,4.91261025857569,1.88078076465725,3.5449247271743,3.46308866156289,0,2.84147682135885,2.78270452050519,7.79548513434163,4.78416643376188,4.91781566519386,2.09462153639028,2.65361157521623,4.05712862603318,1.34945538548586,2.51139595289235,2.81734666639528,3.20369642183753,6.2019344476494,5.27609607898813,1.50724813545481,0.910990171605048,4.46027568803607,5.3903479027703,2.16727408745912,3.3894899729679,1.42604359469077,4.52723043011803,3.90816807446774,2.85223872912741,2.29958321517958,1.88414453982592,0.933622667701336,8.37527580148934,5.55856870705483,0.563408129946681,1.2325481675806,2.64816762492286,6.41813071410072,1.47905746894252,1.6744849091905,2.30037666225883,1.96091315318147,6.06511798674469
"hamlet_45",1.0680587727941,2.49033991839418,3.57428510666281,9.2387266969499,3.13305545676431,1.78387746429259,1.72220174518097,3.18774730769745,1.30785934296361,1.57264463785532,1.99837545748109,2.70090982407068,2.20415609160011,3.64121761723953,3.34539292011112,3.90928020908263,2.05507054207992,2.3806046977373,2.71979519720763,3.36822663859453,1.65533056525061,3.28960201576166,4.93606694385546,3.47071065231112,2.47699870961931,2.26988674606018,1.25406742139034,2.84147682135885,0,1.20048667988633,6.22852163608787,3.38745433153618,3.32894720827904,1.63622157358768,0.466094468597766,2.84639439772729,2.40493076083854,1.27402410751238,1.7719417839136,2.2752906315752,5.08986221065973,4.14109588869759,1.80183398732894,2.26843139324809,2.77750928738599,4.45375702069442,2.61041992550384,2.42772582306309,1.76236864739681,3.03917973498873,2.87592074237264,1.73582464946823,1.56787950146932,1.56477860529638,2.4669099569719,7.3166252878042,4.75348413732937,2.85845151623202,2.19025757561367,1.58507396587247,5.31284730858935,2.08285057749727,2.06756727706489,2.41962937122215,2.47392916037674,4.90624283678082
"hera_45",2.12517207511254,2.06112350145019,2.99770532328069,8.89530484165937,2.72861318034842,2.42569661561782,1.56090000962446,2.51384325922511,1.10438092110891,1.3425034805014,1.98509590170287,2.88532720829493,2.1076062817962,3.41950677559372,2.77034175176009,3.34390317672836,1.99303030183715,1.95485780684086,2.68341668360197,2.84816206412156,1.07803903850911,3.00928050255103,4.48096327957505,2.82607164260677,2.10851586215964,1.85994756411301,2.05445661222492,2.78270452050519,1.20048667988633,0,5.56054634514318,3.04206284830168,2.72177035791393,2.10658093069395,1.38572556400997,2.19053686539168,2.66094340112096,0.558680405352243,0.864142810425262,1.88015571158125,4.61476454260945,3.66746430464742,1.46351965914986,2.39654786619555,2.02252796827816,4.04594955665833,2.50774740928763,1.80215801120701,1.69218408010798,2.36255458809096,2.48696070915043,1.22489867461141,1.42578569920774,1.10949828995815,2.56376876622982,6.71877114694875,4.50341844145991,2.94019647891077,2.426862573101,0.684436561126972,4.80653964694617,1.70532975544703,1.51462234990151,2.2423419569382,2.5324961370672,4.29734571528839
"jarjarbinks_45",6.67548036696148,5.28667490672216,5.13158839955692,8.32840978556948,5.65139468271403,7.5274270251689,5.9411464603492,5.23908136012807,5.97377952010031,6.54397750379237,7.14257750739049,8.00697914758494,6.99789749325531,8.04905936054401,4.56383480275505,4.58269611353638,7.12794215477969,5.86215144561207,7.74430843409943,4.53823551609257,6.37219036790109,7.68813628354633,4.26775491174265,3.29062122567457,6.52581282505723,6.1008362666959,6.27457240254371,7.79548513434163,6.22852163608787,5.56054634514318,0,4.68286595333229,3.18170788195429,7.20725195060628,6.35538043006668,5.07614467734239,7.68580640232239,5.91623161858661,5.50433268963644,6.36769702550992,4.45170609862616,4.52495425805455,6.70400052386255,7.54825598614797,3.58655896926012,5.04727558363893,7.41598694803984,5.09003273208093,6.90118289061528,3.92827532436437,5.19339338123608,5.46539544479864,6.04995730090866,6.24270089590622,7.59344483916056,4.62471807916412,5.46609499437991,7.99482145940987,7.6006500812919,5.54996849430539,4.4189917870782,6.52608884341144,6.25618088415076,7.1508829524343,7.24786640492081,3.73390548907351
"korra_45",3.78283319753958,1.57830705895463,1.69286174646484,8.13689615530022,1.9714291236953,4.31969840105112,3.62477133826238,1.84331293361335,3.36496332492124,3.74879593145536,4.30741957648078,4.88439477547733,3.63561368976692,5.45594296182925,0.886556826547496,1.33249490179106,4.33386585921118,2.4199205136693,4.79675881590152,0.668154400768293,3.73023917996361,5.14647044039887,1.67016266289632,1.74903857772696,3.14917529939495,4.03508361418924,3.25917948568992,4.78416643376188,3.38745433153618,3.04206284830168,4.68286595333229,0,2.32072764417793,4.26844496916742,3.31412370329326,2.9537292322647,4.3796274969499,3.42427420615311,2.6368123845626,4.18379110911844,1.820913426151,0.867320562127407,4.00855874146087,4.50489020092245,2.74247751508458,2.54390171953325,4.72704615563264,1.64799048041225,4.04240245824674,1.3209424134949,2.13254309955248,2.19577476232065,2.64435265117326,3.47148964371394,4.31734401918936,4.15304981759808,2.61971888790313,4.87660117710635,4.58752986874825,3.0328799275146,2.01749554606741,3.50809348085832,3.41127130488243,4.55180434455124,3.84757376890426,2.23635023001047
"ophelia_45",3.81599131335689,2.47965101315818,2.79385703957223,8.08920789252605,3.14869912518169,4.51443584212246,3.16754233109722,2.74846202899195,3.04741892278552,3.76006129206738,4.29138647247731,5.07266944787707,3.98986211285114,5.51376849622201,2.29523960523874,2.54171757109388,4.32636973194292,2.96161916824426,4.8482067933158,2.22642547927573,3.52772270277126,5.15098352540313,3.04746204675814,0.744571949893149,3.7060785794656,3.53789518014344,3.45321006038421,4.91781566519386,3.32894720827904,2.72177035791393,3.18170788195429,2.32072764417793,0,4.32621783351325,3.43079958734521,2.66223564229988,4.59767872399396,3.1762638604704,2.74887344659487,3.77187921527991,3.28870890621043,2.65170985470682,3.80496294211691,4.66685918460479,1.12053025187189,3.29713143244457,4.61273304150147,2.31134896391621,3.94689168336389,1.47739342213572,2.54971087318577,2.52505071358066,3.13824017416073,3.32640582811889,4.57521188370289,5.02595875005235,3.76858712170862,5.0276107182058,4.71040056188669,2.7950390814563,3.41712974091686,3.728059615722,3.42094958038275,4.37020153292296,4.16926436055354,2.69566554952986
"goose_46",1.87019401953741,2.98619456156149,4.03724991355762,10.0020811991861,3.37525959299441,1.23400281928014,1.93965638015121,3.60678215060956,1.48577742543069,1.65185505837834,1.31511981759398,1.44068074405675,1.61790009838783,2.79426829361626,4.09878250926391,4.66355201588497,1.51915809587303,2.61909276385901,2.01844701248318,4.21943502256,1.64920791422396,2.52311508878385,5.79420844113661,4.43047497170906,2.29688389903236,2.35242529270726,2.04459497249965,2.09462153639028,1.63622157358768,2.10658093069395,7.20725195060628,4.26844496916742,4.32621783351325,0,1.53445214383386,3.11358890246585,1.93211371563617,1.92261963376784,2.43015519531321,2.1098158123906,5.80691440250315,4.94550341475173,1.59179497030991,1.30537539266636,3.7619130648631,4.82884686976771,1.57965394492953,2.98925896122508,1.50602875729666,3.96508896778019,3.20112899497427,2.35720578768253,1.99485949622188,1.59570346428219,2.00077250595685,8.1189470711352,5.23707770521904,2.14490869392893,1.00032360479396,2.18266096325701,6.06287352604288,1.93176915787112,2.05839043980146,1.55694588478077,2.56479848643242,5.81040896438655
"hamlet_46",1.10453982196611,2.3633294177219,3.55454990864092,9.23171543542788,2.90798195637915,1.54727841976271,1.9507737960397,3.1625521436167,1.30157206675001,1.46857960259718,1.86488478486734,2.55270392963295,2.05309520345816,3.46822264601668,3.27436482188865,3.80067245351014,1.9159973401521,2.37168626821762,2.55881168899352,3.31749389300331,1.74217498531256,3.14668268364691,4.89381368921785,3.51670322411894,2.2431237243489,2.5579542664441,1.19422215845325,2.65361157521623,0.466094468597766,1.38572556400997,6.35538043006668,3.31412370329326,3.43079958734521,1.53445214383386,0,2.94304952918365,2.20891136835796,1.42723224838099,1.77651746000721,2.51507031277017,5.01463857857289,4.06403470025121,1.82213439469942,2.07190693560253,2.96316972729291,4.33476066405213,2.63646941997802,2.36413564892062,1.70633835433426,3.08285087815085,2.76617831433925,1.67408659529746,1.32003154303885,1.53239533588993,2.24790693098886,7.27918606348743,4.54320311094552,2.6618759440859,2.01375320758783,1.67583506407348,5.2447817499081,1.89350061437695,1.92009112062448,2.49699349822739,2.31888843417997,4.89811684128712
