"","jarjarbinks_15","kubo_15","iris_17","kubo_17","lambchop_17","wolverine_17","hamlet_18","hera_18","iris_18","jarjarbinks_18","kubo_18","lambchop_18","wolverine_18","ophelia_19","wolverine_19","goose_20","hamlet_20","hera_20","iris_20","korra_20","ophelia_20","hamlet_21","jarjarbinks_21","korra_21","kubo_21","goose_22","hamlet_22","hera_22","iris_22","kubo_22","hamlet_23","iris_23","korra_23","hera_24","kubo_24","ophelia_24","wolverine_24","kubo_25","buddy_44","franc_44","ginger_44","ivy_44","joans_44","marshmallow_44","buddy_45","franc_45","grogu_45","henry_45","ivy_45","joans_45","marshmallow_45","buddy_46","charles_46","ivy_46","joans_46","marshmallow_46","franc_47","ginger_47","ivy_47","marshmallow_47","buddy_48","charles_48","franc_48","grogu_48","ivy_48","joans_48","marshmallow_48","charles_49","franc_49","ginger_49","henry_49","ivy_49","joans_49","marshmallow_49","buddy_50","charles_50","franc_50","ginger_50","grogu_50","ivy_50","joans_50","charles_51","franc_51","joans_51","buddy_52","charles_52","ginger_52","grogu_52","marshmallow_52","franc_53","marshmallow_53","charles_55","ginger_55","ivy_55","buddy_56","franc_56","grogu_56","joans_56"
"jarjarbinks_15",0,14.4794874116897,18.9630514155565,16.1469179594167,25.5518278676059,15.4781402626879,12.3722438143987,14.4221091184452,20.0905636486784,18.624869776067,17.0862744768439,27.2421350928153,14.5968019521703,12.4168069072033,19.493594095693,21.0375400228663,13.1716874244382,13.4737401703299,18.8133320351502,20.8219707255014,11.4182006554399,13.0751672330985,19.8243883694076,19.8057117475503,17.2177569357685,20.9640373874714,16.5275713893067,23.0673682406752,20.0863709470884,18.0524840173453,16.264687284694,21.0535769987723,20.3883054003631,14.1934447813345,18.9422016779327,10.9378047066795,15.5369875141656,18.638460426654,18.4589871516636,20.620557480817,20.8562951048458,23.4511511779932,23.5749144202269,21.3398638416624,22.3905844611495,21.6585659791369,21.5454814009301,20.6237455081403,18.5108165109297,22.9143547460837,19.285252047921,21.861243903784,20.0297905201634,18.8582659385522,21.7709096622191,20.9773389738075,20.5849857294812,22.8014183727562,18.4270933896012,21.9699464753923,21.2763057065868,21.6296529174761,21.859857230281,19.8594921304953,18.3887660693887,21.7916208964675,21.8282555057653,22.68660119414,22.3903731816994,21.284715763686,19.3039905503994,16.91478721733,23.4149529040465,20.5653217663252,19.9280535788089,21.7444530651856,21.5409534673235,19.9439759730622,19.6170207434097,21.2592899595827,22.255395263826,21.5728865673894,21.6140404680871,24.3850803352049,19.5156298558299,19.8234095413806,20.1013754240087,18.7579757386447,22.1643621478527,21.080578190434,19.6953451568498,18.9216414927382,22.5065798340858,17.5076220141311,20.4519096686246,16.9812976889004,18.2217794329916,21.45857363268
"kubo_15",14.4794874116897,0,20.3975893813579,11.0158808769407,22.0933809436931,16.7680339141103,15.6841776315995,17.3401287355946,21.4431276687714,15.6113279928651,14.5085742923691,24.0987431397674,16.0238904030982,16.3135070635458,20.6595852960091,19.71134370156,15.1636200783404,17.0863770791938,19.4839116222193,16.7634588261463,15.3326730652288,15.3853403956304,16.6648296772319,15.357559059031,11.2419234732634,16.7025525521765,16.1801985147178,21.5348196818866,20.5162438554584,12.3184158411206,15.4794041780516,21.2486876056359,15.8517614077773,17.0300574329646,15.0346520723382,17.1007847854306,16.5669261802823,15.5851886119818,16.6063858853957,20.6311306901276,20.6463874896352,20.5629049259028,21.6940706219268,17.9002439235599,20.4022541361149,18.8311838816504,18.7370296787905,20.0810255493969,18.6697105253924,20.9435994090801,18.1141909676219,20.2723385136867,18.1559538939845,18.4060474881123,20.0111614437266,18.1177717078928,18.963220330178,19.6148885896871,17.8041152622564,16.6358163636693,18.4465898574497,20.6344195146265,21.1682897784794,18.8832599332478,18.9614262538995,18.6927394034825,17.5053950498047,21.7673285330236,21.2269479590867,20.3288083933538,17.9632991435075,15.4881763218708,21.9390211367437,16.4110243632683,16.925962510672,20.3154607019218,20.6300141830385,19.03728566413,18.075150546204,20.5196236636912,20.8404576910097,20.6197082842948,21.1401965592863,23.0879803553294,17.5615776730613,18.5557426719318,19.4459533585543,17.8765732815814,18.1408263876607,20.4151699805765,18.6435089059524,17.7537440546578,22.5447923693399,18.7639565842893,17.570994047546,18.6715137269531,17.6348760014403,20.0145773658413
"iris_17",18.9630514155565,20.3975893813579,0,20.8342273103892,25.4850699937038,14.742230225523,16.9908689031161,17.908111765146,9.03561189659044,20.4753744712603,19.4848535409974,26.5963505643773,13.2926196440875,18.7266258564117,8.79447013878243,18.2379768099794,19.2470891801418,16.9750007246888,8.81262400700531,22.5836278465574,20.6053210898311,19.5311326984755,20.7648651915428,21.8379036397933,20.664501558921,19.878740316652,22.5052900094932,20.2925673674008,10.2638519510528,20.4549045595059,19.5315446771057,11.0184971210566,21.8654461421659,18.1094234211946,21.6380896635501,19.1169810246541,13.438412992205,19.9904983269491,16.8844184230298,21.0142571767434,19.4396579832647,20.0280920704762,19.7419525546815,21.2007735246052,19.9984934103635,18.3229266171546,22.0913070270532,18.2187334908445,19.5368609389472,19.3338607815667,19.5769065691186,19.2965801308988,17.9938641740121,18.8736632809523,18.6715932802988,21.1687129548945,15.9050744710696,21.3727541303745,17.8416740834752,22.1889455723873,19.3052651185077,20.0943003346731,17.1614347376089,19.8223458203492,16.9158057463574,20.8391939719262,22.345051731862,22.0288952097108,17.3677789184739,19.1686383357519,18.6429014984031,17.2352651576445,18.9464026590537,21.5387896603483,22.2360825137225,20.2747824479403,16.6259499245795,17.9930173764446,19.0099662285977,16.2664618157605,18.8606384234889,20.9570876960585,16.4942085563389,20.2297705738509,17.3339867052281,18.5263233536667,17.8335958874328,19.2285827498182,23.0018502161148,15.4182965897837,19.5842677949462,18.7654801049601,21.2041685033387,17.2823371238348,21.7343796856297,17.7797352605984,19.2897269497277,18.6044504426232
"kubo_17",16.1469179594167,11.0158808769407,20.8342273103892,0,21.9479040239993,14.5226539234119,14.8794590138262,14.9519778688868,21.2155352521765,11.9535750364186,10.5531675711683,23.2854623103166,14.7778611993586,14.3433890669541,21.3792956303489,16.4375367570049,15.209718695079,14.9786600536598,20.1913116289543,13.3630706266798,15.1386919559752,14.2807250754407,12.326865428809,11.9240090258767,8.83228633214092,14.5642661607443,15.8747549996135,19.8750086391957,19.8132220899107,9.5296437372996,17.2136994831507,20.5080005224927,12.4570237432972,16.0665771524424,11.0516857300789,16.1762849961647,15.1584503884654,14.0349938190903,15.8184974641066,21.9141396576718,17.2904549705891,16.7185933987369,18.4871310255877,14.062672682792,17.3769934346069,15.4154425524764,14.7069090013361,17.022292181929,17.4103129938031,17.9915851757957,15.3971452191223,17.379232635162,15.1793568250247,17.1835966599715,16.568442723058,14.9956122874819,15.787653418242,17.0123560600364,18.4818417477181,14.0003654228984,16.6396660421999,22.5754521744643,17.3737066528486,16.8414374809816,19.3746463067575,16.9384209716757,14.1483992487258,23.0657758864707,17.1196881936018,17.3109933220725,15.1319400738806,16.4456145307997,18.8369166399779,12.9143685728806,16.1039198323512,19.8506292207952,17.7642236891483,16.0379378773753,15.3485035235023,17.1538028790507,17.6378486339845,20.5872653962532,18.0483282693745,20.1001133354375,15.1187228965508,19.5612241270268,16.2815389394471,15.9179322343455,15.8183800562632,17.1763376524519,17.4742055035724,17.5828330059448,18.755116255097,17.8650417886071,15.5158586282397,17.4600070095965,16.5162525433096,17.1375257277711
"lambchop_17",25.5518278676059,22.0933809436931,25.4850699937038,21.9479040239993,0,22.0274572652864,23.3274185915069,23.974239582281,26.3479528809301,21.3168712101981,23.0114752720243,9.03325599686659,22.9995069288108,23.3899225512764,26.0079746415227,22.9059555332197,22.466173841539,24.4646933652256,24.3277362458761,21.6779313781222,22.7826815269685,22.6391235543937,20.6200100773489,20.2128790150784,22.4110764733768,20.6131000589006,19.5565253182517,23.5280578242319,23.0785373238838,21.0618780668663,22.0523554960161,23.9244670580663,19.4780725506157,23.8569527838731,20.4501349284215,26.1348754620312,21.7650494197635,22.7537215301902,24.1543746897582,26.3017518650884,21.7502658956661,24.5778064141667,23.6187990238241,20.7214062175288,22.6917112394093,21.905638882829,21.4459580063594,20.7672115726491,23.5748258992486,23.4813032365163,21.2538263192246,24.9561398061788,22.3533243599982,23.1864472501337,23.3115653509804,19.7496220543682,22.3700189252686,18.0173131274484,23.4770650787859,19.5964020432526,21.0767403263093,26.0882825456227,24.9044165487497,20.002391005624,24.5849052046818,22.3618812221043,19.3322257006576,22.5530561694989,25.0771808936646,20.4664815258875,21.6297777192903,20.7980307654331,23.2835157520761,19.4749626053056,21.1888654936607,22.9349089753827,23.1558602224627,20.4914407578004,20.1156608347684,22.571248978353,23.8359262935353,24.8952531373632,24.8263425122249,25.2799254076139,22.9030245386692,25.517757688819,21.3726189795199,21.0203056113628,22.2019965296134,22.8484201401329,19.3237108486059,24.1003797618713,25.8633043913461,25.1249377494081,19.7496380917708,26.2398452505838,21.0069819596055,22.585066423162
"wolverine_17",15.4781402626879,16.7680339141103,14.742230225523,14.5226539234119,22.0274572652864,0,12.3747251777577,11.8005240141769,15.3112189701492,15.3342053728119,13.0796330518266,23.0787641419547,7.24186924471594,12.8690409789627,15.4748246278702,15.6034794790999,15.0963990801067,12.3694387756147,14.3155227691389,17.2808460536419,16.2506940087114,14.1144404110895,15.3787193697126,16.2040684075953,15.0975554783337,17.6318078855601,17.1941610873883,18.5401410556882,12.9948630587921,15.464935402349,16.1203536840116,15.5648250843444,16.5104823257395,12.8234713835668,15.514979961246,14.3007088274605,7.13884762372165,15.5113676488908,15.3414844976688,17.0853080297132,12.6381989304489,17.9012836358497,17.7696005077211,15.7611429434012,17.2879995556168,15.5974526770659,16.1501456732108,12.1996983954568,13.3370863307075,17.3570401059634,15.3640673868387,17.257138449434,15.6064279259678,13.4847128180752,15.8319600598888,16.2199899053604,13.6283481749347,15.7642185656072,13.0323241602557,18.0627495179154,16.4774497933281,20.9805078769355,14.8723833485063,15.9051199293742,13.9474294125887,18.7778303253682,17.7894751935504,20.9401757562054,15.2798962061484,13.395626039226,12.9806998841391,12.8703252828939,17.5585219507813,16.1827751431745,19.0758076733036,18.7274072342233,14.4496777978311,11.8510828198202,14.4214962875429,13.9107501674601,16.594924605024,19.3234689532772,15.3595544847708,18.6774285276613,15.0495868515951,18.7609696305886,11.9513983474821,15.1718201465338,18.6445299830977,13.8158608126561,15.7500202611325,16.3011273071956,14.6034658132328,12.5270935489414,18.5145971725637,12.3964934102983,15.0637091925273,16.0102848564874
"hamlet_18",12.3722438143987,15.6841776315995,16.9908689031161,14.8794590138262,23.3274185915069,12.3747251777577,0,7.52344462263954,18.2597786322269,14.4464713638914,13.3460446514863,24.3477817275414,12.0230561280734,9.29293334378299,18.7568778464673,16.212998272793,10.7478154109239,8.15572692514317,17.1391994338419,17.8425651862284,13.262226576836,9.46280109962177,15.1100957268735,16.9721671652556,15.3319802042313,18.1921306290145,15.1935309127506,20.4324169099341,17.5204271624269,15.1326655925234,11.0014693357026,18.1080326126137,17.4411330461679,9.11025335052168,16.6224832103356,11.816087612165,13.6590536606936,14.8340511978272,15.2949694415792,19.364773956189,17.1422551247898,20.3614153999112,18.8190984622316,16.730156887041,17.706459484993,18.5174169401851,17.2297579922669,16.2973350967988,15.8811949438446,18.2853899479452,14.4778886045625,18.1879324363837,16.7050392935049,15.6677027215144,17.0609664915611,16.7933012706728,16.5979759856721,19.2935607009838,15.8414650886249,18.2713260061285,17.7290472077435,20.0810901796867,18.4542956585359,15.5463304061991,15.5196171959249,18.1326024047533,18.1795778846041,20.8422223101082,18.5669758803034,17.1912486358615,14.5407429998873,14.5513910660408,18.6783453614249,17.011458923939,18.6596418038831,18.1775424180314,17.990402959397,15.9698779877886,14.8495858578215,17.4250131633925,17.6865176839248,18.7153605037788,19.1651083191578,19.9216430102303,15.9079038827989,17.4585246479373,15.9040922787467,14.0502640700445,18.6768253403489,17.4762689045458,15.5485298867007,15.9275425178291,18.7051502154671,14.5960189244481,18.7526443811139,14.7743899497601,14.2090195904711,16.813626344098
"hera_18",14.4221091184452,17.3401287355946,17.908111765146,14.9519778688868,23.974239582281,11.8005240141769,7.52344462263954,0,18.1424207187486,14.4913823566466,13.0463292061145,24.3632211855534,12.5619861822885,9.72539808710075,19.200331036617,16.2828257460392,12.4132932960981,6.79450053726275,17.6107175147572,17.4103784965431,14.2356487095007,9.93365103402432,14.9646206038498,16.5024378446123,16.2026455638032,18.8119815083507,15.7456936070682,20.7823671394148,17.5776974537763,15.8096984837174,12.9162342668491,18.5246253251968,17.0894450942878,8.11055310898963,16.0874791746027,12.2461116548966,14.1969115756239,15.42975666819,15.903458560428,18.9452719318412,15.4587670337408,19.4683830709805,18.4966075974309,16.578858757166,17.7802879716901,17.7383711801667,16.5685587162742,15.0719008352291,14.6322736990615,18.0472352024193,15.3327181690562,17.7062792071539,16.8437759990364,14.22794322751,16.6834149870708,16.83584995172,16.1103245706563,18.3303407083598,15.3136566895201,18.355766699729,17.9748111271663,21.5589904475071,17.0831933242274,16.3896107834657,15.2610400374837,18.2011064826066,18.322806998185,22.2115275679154,17.4360143403806,15.8878484221127,13.7752931351693,14.5748075840121,18.6344097797947,16.9088681816767,19.6561160811048,18.4856054915349,17.3405754898487,14.9933407218196,15.547484327451,16.5498489354716,17.3548420493785,19.4389972427632,17.9452250066694,19.4008124002997,16.3154769861485,18.6491796402724,14.8711030390951,14.8945072203976,18.5694419425442,17.047442032696,16.9603577275804,16.5167808387181,16.8181146668543,14.0306962202358,19.1991889362239,14.1350932659267,15.4561067148778,16.7671946704106
"iris_18",20.0905636486784,21.4431276687714,9.03561189659044,21.2155352521765,26.3479528809301,15.3112189701492,18.2597786322269,18.1424207187486,0,21.2009494806826,18.7937615511716,27.3271827571242,14.3443594863149,19.110115719196,8.18829120096449,18.9346206838641,20.7251588273847,17.9737115340542,10.4295304214822,23.5660917355606,21.9453412670149,19.8756482757136,21.6211544178927,22.2821213932678,21.1959233454072,21.6704522406023,22.8187106794633,21.0377392238073,11.1055457225212,21.1842381303922,20.3979783378815,12.5774599790613,22.7466352864142,17.8282285248476,22.5609510742632,19.6388663464259,13.7974794343477,20.092772665373,16.8398621203961,20.7078434959846,18.733914218031,20.6703916726377,20.2041800945182,21.7045923681315,20.657234546153,18.7127210750439,21.3151622033802,18.3470723943815,19.7202211886106,19.7950456902843,20.3610508631706,18.6839344797673,18.4338321019242,18.5977054285882,19.03177551082,21.7681900197374,16.1859292965196,21.9207648117469,16.6360665338219,22.9362529169908,20.0068177683365,20.7277016558438,17.1563490162957,20.8532380819749,17.4950825983543,22.06233187836,23.4182838192104,22.8748072737085,17.5206681703247,19.4968901375347,19.143869953226,17.4847834099189,19.5453913661576,22.0169868690677,22.2180005907964,21.0731167744296,17.5190270463041,18.4770431411408,20.3501411860992,17.1811825992171,18.9186614518588,20.7562799037466,15.3999209181718,20.5434069219606,17.1379783632031,19.6409121292808,18.3292432162583,20.1647911081532,23.2958763254754,15.8157057099671,20.8623451589249,17.7392721995837,20.8841055712747,17.660512294262,22.5314022322295,18.212944892343,19.9299210392826,19.4021041703447
"jarjarbinks_18",18.624869776067,15.6113279928651,20.4753744712603,11.9535750364186,21.3168712101981,15.3342053728119,14.4464713638914,14.4913823566466,21.2009494806826,0,11.1315597714648,22.4763986333105,15.5416211837452,14.05465982004,21.2384808699138,12.8001296696632,15.8226448648825,14.8154271361994,20.0554119323602,13.7806746305343,16.1429445059379,15.409353316957,7.51180198090162,12.6328156133398,11.9660757017724,12.3437614011939,16.5272306967549,16.4309766936232,19.2648020044722,10.0694851571458,16.3410161134456,20.006520298056,12.7648088765312,15.2734439697165,13.0788843407174,17.5783475871168,16.2586431494116,11.6919312281647,13.63345254513,21.7148617953741,15.7352934499256,16.4732501182898,14.392660913236,10.231423804765,12.7430472323211,14.4355126541881,13.1406678506125,14.7378148005414,18.2418244340197,13.3739758178869,11.6133136718702,13.985367667037,12.6226766644366,18.4181815359112,12.5069540496388,10.8596336825697,14.0228794787514,15.6428032578583,18.1587493943053,10.7776933301906,12.4705436841305,22.7468510921455,15.8737729756351,12.2296404510282,18.6907031473928,13.7871105010029,11.6831812074631,22.7468171314439,15.3687056683143,15.5293677528732,12.8549020785871,17.0755070445174,14.7441961769151,10.4738769619333,14.147077540482,19.0970972374452,15.1281704293098,14.2035156570204,11.5833142747986,14.7989956597057,13.6107988062413,19.8922100796858,16.8145456190983,16.089027265202,13.0466751047025,18.696303278662,13.8629464109648,11.5109779753303,13.2699295866123,15.2383159959637,13.5242484065597,16.8786065352151,17.5216593125103,17.7866153692911,13.4354952250534,19.2330230580492,13.3030586043227,13.8554869443223
"kubo_18",17.0862744768439,14.5085742923691,19.4848535409974,10.5531675711683,23.0114752720243,13.0796330518266,13.3460446514863,13.0463292061145,18.7937615511716,11.1315597714648,0,23.9075618037767,13.4282503540406,12.5459828234076,19.7148142686834,14.4959087618936,15.9763275099034,14.0800523872304,19.3018112800452,15.3366092263373,16.4883357619219,14.3811437932368,12.3107593293488,13.6233077036905,10.907377305339,15.9561072068874,17.7071919370245,18.8327982729497,18.581325101982,10.47023024891,16.5753034621835,19.6306604811069,14.6277663354595,13.9311614720431,13.9773501370402,14.9430184409025,14.165887492292,11.6101065089175,13.4445804092699,20.2552615674636,14.71405591907,16.8793173232663,16.7305147868086,13.2024080720609,15.5565233776002,15.262612350873,12.9357558407174,14.4221114287054,16.715398304983,15.8803779674046,13.6717843569913,14.7968881603482,13.768362369593,15.3478066515545,14.5436036302798,13.8102982845396,13.6430575717919,17.1106567193071,15.9509700469617,14.6210913480856,14.6911813021811,21.3324544718204,15.5804048404533,15.3671053272813,17.5567123259144,16.8928334273281,15.6419368117118,22.0923183930973,15.4326880511439,15.301413175228,13.1893058798009,15.9177847854736,16.8661280655903,13.0684223869245,16.3543110299994,18.442960181089,15.8768147316276,13.8001521809446,14.0264928735421,15.1565166211296,14.9880524173472,18.6069838999603,15.2289178528882,18.0732925411912,13.0557029993237,17.7234112688505,13.6976774749886,14.2945269528623,15.1556403901332,14.7371366599924,16.3433522700947,14.4556413513581,16.3328128776208,16.2351553762433,17.1932329118039,16.8011134797296,14.8085850556787,15.1887289815947
"lambchop_18",27.2421350928153,24.0987431397674,26.5963505643773,23.2854623103166,9.03325599686659,23.0787641419547,24.3477817275414,24.3632211855534,27.3271827571242,22.4763986333105,23.9075618037767,0,24.3010215286264,24.307461288747,27.0812159728022,23.6895677991059,24.5171113958887,25.317684470666,24.9583048239054,22.7985660015346,24.6239601034777,23.7745205247033,20.9700428934132,21.1719890743523,24.0270686125516,22.2875433345376,21.6432462934685,25.682969478765,23.6332836358142,22.8204601728048,23.2949673372697,24.6521660331316,20.3802273701273,24.8494245765833,20.8985117171371,27.5716295331306,23.162923746141,24.5067008565184,25.6972611805118,27.1869313136964,20.9170263106863,24.417533270861,24.3615475510369,20.944332953458,23.6675087594443,22.1559029389369,21.2329463972779,19.9915330589553,24.1353014823098,24.6243715425922,22.887337775513,26.0850027117693,23.2797478094951,22.5513037299883,24.1746418585017,20.5922448288661,22.3216193592611,16.8977673033609,23.571432937196,21.1670437951771,22.0418900872726,28.0682275952528,24.8286914581586,22.13226560584,25.2365217440869,22.6485147107132,19.8882549668763,25.0099168114367,25.0348812376028,19.3622158002376,21.5229788066372,21.7099019181232,23.867243964317,20.5699344151598,22.5633894346917,22.6154844916136,23.7637253010374,20.1212587369747,21.5597351060706,22.4351837056827,25.0696400575038,25.2009166922521,25.080152206357,26.1797082164396,24.2061196543127,27.0201449668257,21.1593572381367,22.8905192147576,23.643566550175,23.3214126404073,21.8876784573406,24.9570120909437,24.8384050506118,25.7282281247435,21.2060939799303,26.5510198695182,23.5398295134206,23.5546653614318
"wolverine_18",14.5968019521703,16.0238904030982,13.2926196440875,14.7778611993586,22.9995069288108,7.24186924471594,12.0230561280734,12.5619861822885,14.3443594863149,15.5416211837452,13.4282503540406,24.3010215286264,0,13.2027703330827,14.5911361505828,16.4167188267118,15.5339664578459,13.015222884647,13.1363579150918,19.1213294285211,16.5759817461516,15.0692730898257,16.1479340675561,17.565398574111,14.9496758156808,18.0101523111236,18.2339901605644,19.0170996852609,13.3727176162487,15.4081613098879,16.0644745421147,14.7809203114643,18.0365183969105,13.569483415774,17.2842948899107,14.464997639872,7.04210240609359,15.6377597172955,14.8767017846836,17.481046225384,14.8290042858839,18.9693793275833,19.0957686619549,16.7675567708177,18.3473014074856,16.9853391781286,17.2374703166799,14.198501303314,14.7063191136576,18.4195787509799,15.282799026825,18.0994850728817,15.8181500361393,14.2983579666519,17.0998002225627,16.7242390188628,13.9625593735189,17.9448188787175,13.6028286668157,18.4263712581849,16.7951580031377,20.1774576127162,16.166698340731,15.9435432244416,14.3031997711016,19.0950033135887,18.782059814597,20.6942080782668,16.1963455479549,15.3750098385909,14.7936693469822,13.0883439454929,18.7006437852489,16.9899208382467,19.1343036771211,18.5532569690563,15.6602350171848,13.5784252113,14.5005526228861,15.2297169778082,17.9049154670527,18.7789598347886,16.0378815439187,20.1791688046156,15.0930515417854,17.5109562948699,13.5710720175753,15.2516193305394,19.240744693972,14.6990452439402,15.6522682174107,15.6726351829425,17.0028852714867,12.2015888029416,19.270152181321,12.9356994608217,15.0129346288575,17.0573330785993
"ophelia_19",12.4168069072033,16.3135070635458,18.7266258564117,14.3433890669541,23.3899225512764,12.8690409789627,9.29293334378299,9.72539808710075,19.110115719196,14.05465982004,12.5459828234076,24.307461288747,13.2027703330827,0,19.4541627379399,16.463165400399,13.6740934196421,10.7970593354075,18.4738107714016,17.2761272243353,12.5152036071144,11.7490756407607,14.5658261827291,15.9767439358818,14.4893181245968,18.2111058239277,16.4661068251112,20.7102533122909,18.3426423597312,14.5220575543965,13.6831755810706,19.5052303133878,17.0307818012064,9.91645556514207,15.596016511859,10.1385711433947,13.6653683271948,14.7461834635072,15.8472310024085,19.8704468552086,16.4515795952467,20.3132139835595,19.1574766339293,16.8940376340079,17.6717014786242,18.1289513460537,16.6968744811526,16.0103084256955,16.0904369756461,18.2797176344091,15.7638165888571,17.6708285597132,17.0055214927504,16.5274360214307,17.2718364925898,16.8063879585304,16.8559264284504,18.9418391742195,15.7090471952137,18.4974967013144,18.3607130178747,21.5658595333784,18.2320251581669,16.5540971820169,17.1774480808717,18.5413404361057,18.7168525333355,22.0272759498888,18.5863930834114,17.3169639734245,14.3342113414735,15.5975126269042,19.0408978748354,16.7689617928585,19.1311432020414,19.3951224676958,17.8593283411502,15.7517779297706,16.2755817030581,17.5119458585549,17.2770934650613,19.5579798029604,18.556629694779,19.7997852462626,16.3449529960302,18.662552657082,15.5557032982531,15.1572270111267,18.0137995964421,17.1721396821792,16.9214086027694,15.5477031794426,18.2127569553907,15.053522760525,19.3609846516123,15.819077792138,15.200978794112,17.0824103804383
"wolverine_19",19.493594095693,20.6595852960091,8.79447013878243,21.3792956303489,26.0079746415227,15.4748246278702,18.7568778464673,19.200331036617,8.18829120096449,21.2384808699138,19.7148142686834,27.0812159728022,14.5911361505828,19.4541627379399,0,19.4949448209808,20.7991670123232,19.0658483889422,7.85326503861259,23.9011006768162,21.817247386149,20.2495103104163,21.7587299685927,22.5423479634191,21.4975145465596,21.0455066688412,22.9830470912941,20.9631818172542,9.24608397035549,21.388773825821,20.6778683133516,11.1028106563963,22.8247811185525,18.7240588601175,22.1379442101014,19.740939291874,13.7311741969692,20.6970833678613,16.994736361333,21.1251356751846,19.3264399379741,20.6201491434478,20.1461442726687,21.8391610662337,20.5041678114519,18.7013370172923,22.0043869592454,18.8539577904727,20.2333873733736,19.6914512175614,20.7581929417744,18.8418455019714,18.343407848367,19.4466507667938,19.2699638397836,21.9368035220881,16.5646598079457,21.9450496887079,17.4646154094068,23.2837707175555,19.5668831064965,21.1492976397517,17.2038969572894,20.8938608439673,18.3050793742695,22.1207814953997,23.4830144605728,22.8484101701625,17.7618004885285,19.8303960915838,19.3524010805011,17.899108252212,19.6608989749275,22.1197627601614,21.8594717279624,21.2570207374643,17.0464820055591,18.8345919973209,20.2800320235215,17.0024361924285,19.103382349707,21.4333789635928,15.5409621957299,20.3752431570075,17.234879754765,19.8510954719869,18.7761022336511,20.3443169195506,23.5032907391048,15.7467234277809,20.7775084014734,18.6249875243605,21.802804738001,18.7019866106491,22.1349920083782,19.4275762706109,20.334540537022,19.5326909930839
"goose_20",21.0375400228663,19.71134370156,18.2379768099794,16.4375367570049,22.9059555332197,15.6034794790999,16.212998272793,16.2828257460392,18.9346206838641,12.8001296696632,14.4959087618936,23.6895677991059,16.4167188267118,16.463165400399,19.4949448209808,0,19.2209351430705,16.7144099886974,17.9234172016965,17.2301665603521,20.6623715714033,18.1485704848867,12.9496397760287,16.1679899846762,16.94135544166,12.1407360244243,20.3277021476728,13.9249994303746,16.5617368832751,15.420623368671,17.8311321340878,16.3668506073571,16.2851158821874,16.4850423205475,16.8159668020077,20.4230298762534,15.8788046071553,14.4052912468797,11.9701188916753,22.2545326871789,15.8213289549117,14.8726254190056,9.6897425753785,12.0061971377751,8.25611703627731,13.3445121411018,14.044744214803,14.5687923483008,19.6320852401782,8.41834465102233,12.2350693731019,11.9374072091806,10.765005544715,17.9548610344389,7.37952501916834,11.7147905751291,11.6701147892898,17.8122126591956,18.4062594457218,14.9920517283425,11.3802883162525,23.3569368972815,13.4451371677881,13.6558398671573,19.396184918854,13.2768464073975,15.4872378923601,23.058393338243,13.1689260874535,15.6768538354929,13.6522107867226,18.6556400541233,8.80553515739184,13.1996795425614,16.4729289648219,19.3795618427384,12.0550066137654,14.283637648941,12.39440572779,11.9505208509834,8.75901558868475,19.8288480574244,13.3771710070668,11.9722134762003,10.0781097190721,19.1895215207413,13.5952694073647,12.8635739516822,16.6007309107304,11.2305401472459,14.6901362905838,17.1521879850393,17.4424263488089,18.7839931427679,15.0164945707469,20.2399618601451,14.4833778494623,7.8412765990997
"hamlet_20",13.1716874244382,15.1636200783404,19.2470891801418,15.209718695079,22.466173841539,15.0963990801067,10.7478154109239,12.4132932960981,20.7251588273847,15.8226448648825,15.9763275099034,24.5171113958887,15.5339664578459,13.6740934196421,20.7991670123232,19.2209351430705,0,10.9194596492126,19.7093394434425,16.7753286723991,10.2280728851577,7.53926979582378,16.7911447927167,16.1978301271763,15.7608043148141,18.4835860746128,10.282753001665,21.3992327781469,19.9030681028967,15.5675554950024,13.755182592818,20.5765723849511,16.1476593683451,12.8083269196683,16.2486899221619,13.8994142898625,15.86698078795,17.1455507286914,17.936907800225,20.8743911194268,19.8598338930267,21.4855075099004,20.9721606639027,18.9163958341765,19.7160428799067,19.3547074609928,19.8199396137324,19.3621275025244,17.6280425265558,20.1471592152096,17.3619216026733,20.2453216589759,19.1800582931939,18.8132817143722,19.3803330543242,18.86785338508,19.3623275951461,19.9513949210035,18.5646930102025,18.0423491647139,19.8709414764694,21.3243273750786,20.8830523495559,17.5278297298747,18.365847401492,19.3525362870647,18.5527222422926,21.5552362977734,21.1033386513085,20.1533180306775,17.5048034549814,15.9055811035784,20.7562949319142,18.1521276004285,16.9664483374226,20.8209594984645,20.0538988796971,18.8662473635899,17.505638603835,20.0612163454624,19.7654685898932,21.4680290441333,21.3712356424284,21.83862594585,18.0179525802354,20.0117616491906,18.8341123440801,16.5316145394315,19.1410173307118,20.025632144309,17.4252051550127,18.846653693124,21.7314532362085,17.7607277132037,16.0808148623055,17.8580838268622,16.3262958191076,19.2620973317948
"hera_20",13.4737401703299,17.0863770791938,16.9750007246888,14.9786600536598,24.4646933652256,12.3694387756147,8.15572692514317,6.79450053726275,17.9737115340542,14.8154271361994,14.0800523872304,25.317684470666,13.015222884647,10.7970593354075,19.0658483889422,16.7144099886974,10.9194596492126,0,17.7146607046489,16.4764399141006,13.1366791046134,9.96045743027283,15.0523322527365,16.7975378748789,15.9994900882406,18.8576833839464,15.3405910515679,20.7051785125124,17.7066968781312,15.7647047955979,12.6630114932594,18.7940232646017,17.0449495148684,8.96396264325153,16.1099377561704,11.9863510557798,14.6495389162891,15.4332495272629,16.3412206635864,18.9088139955432,16.7086560267662,19.2368182546734,18.7979737350406,17.0080306655255,18.4560045278586,17.5368986624424,17.5786878322217,15.9257220183775,15.1775917842431,18.6889057497703,15.1073570228569,18.2251686955271,17.0908845276705,14.5247568202515,17.0919548986278,17.5794104309856,16.1643038982572,19.1467761177644,15.5623477174461,18.34937201785,18.108307715424,20.5972493708799,17.3332293904062,16.4567619626805,13.8989845270685,17.8320419995704,18.1264403690418,22.0548389820419,17.2734828974937,16.9366558473077,14.5995055695856,14.4469394171324,19.1985603649274,17.5001594017436,19.1187521370937,18.8054490695818,17.4982643165878,15.8411821372051,15.6366215619339,16.5548356567659,17.9941024034381,19.4366020688403,18.1072585874768,20.0161748681308,16.4717662877786,18.1110283793873,15.8065143495481,14.8156594126328,18.8329662713888,17.2896349666104,16.8670765553917,16.7629866936858,17.3961565105964,13.6065663719092,18.5558305448579,13.2724420338281,15.105023151822,17.4052885686588
"iris_20",18.8133320351502,19.4839116222193,8.81262400700531,20.1913116289543,24.3277362458761,14.3155227691389,17.1391994338419,17.6107175147572,10.4295304214822,20.0554119323602,19.3018112800452,24.9583048239054,13.1363579150918,18.4738107714016,7.85326503861259,17.9234172016965,19.7093394434425,17.7146607046489,0,22.4492756231772,20.7362352146784,19.093227429319,20.2896796457612,21.2708215956222,20.5065703263498,19.4721852291075,21.8975147094668,19.5931863273107,8.64702552672907,20.2916932923014,19.0049961046752,9.41275979894967,21.261311115352,17.8171111304939,20.5982115797657,19.4707687427157,12.3973927293166,20.0851110294388,16.6607980546828,20.2399700388614,18.2157839798305,19.1228698755978,19.2203622591988,20.2993619280508,19.2678187760103,17.3516595581877,20.9457548199232,17.1760516216821,19.0692943185917,18.766823409006,19.6149035492525,18.8072180553559,17.3282494033046,17.6960982308145,18.1336645982626,20.3528906023197,14.9843463619341,19.9636727048125,16.5695704231448,21.9091118838118,18.2122029964635,20.967837643553,16.2577016389878,19.6755234589484,17.0404083138243,20.582994665233,21.6481631448606,21.7437071753596,16.7853365288786,17.8862992941811,17.6930047069177,16.3260957994176,18.5575354085925,20.7008158752083,21.0869703014154,19.7641769694419,15.6279883001309,16.8945925445145,18.7434952201811,15.2101298212602,18.670001914644,20.9444360558119,15.4140260777085,20.1224480443272,16.6735214112662,19.3495978213213,16.9058790119347,19.2369483849519,22.570225259818,14.6499465500881,19.4655937196449,19.2206946231267,20.3101845442235,17.9122528694821,20.9096732543628,18.1962828458808,19.5262584242686,18.1764082945785
"korra_20",20.8219707255014,16.7634588261463,22.5836278465574,13.3630706266798,21.6779313781222,17.2808460536419,17.8425651862284,17.4103784965431,23.5660917355606,13.7806746305343,15.3366092263373,22.7985660015346,19.1213294285211,17.2761272243353,23.9011006768162,17.2301665603521,16.7753286723991,16.4764399141006,22.4492756231772,0,16.8319940038534,16.45061217478,13.6583248909516,9.71186830892341,14.5289480316638,15.0148669795311,15.6068767877707,20.5327419955127,21.077186462299,14.3818193101248,18.7174526907526,22.6795105513491,8.90799483394344,18.0402822304577,8.93624156169085,20.3831195738062,18.7019601587542,18.5384021388199,20.0600428697351,22.8506510535288,17.3138876272147,16.0968247172997,18.7122555248929,15.1777266848193,18.325653941506,14.4324979092974,17.4623680082565,16.5416537792532,18.3875808713996,18.7483990910663,18.3676897963508,19.1749141127125,17.7101014393348,19.5520635434162,17.5573650720079,17.1479708473604,17.321153283392,14.9133592467828,20.2721109945157,14.4745681755611,18.6679326049512,24.3824797551688,18.1235851850327,19.2659273643903,20.0363805697773,16.8169251076512,13.8784099317252,24.1385469200895,17.7970091819439,16.6415307617661,13.7208158676769,17.8438447117493,19.2679612645278,14.8266096071091,17.2505364707482,20.5210647443836,18.1156516935681,15.5625368624868,18.31779730493,17.3901984202099,18.0930652782953,21.5137287436191,19.0329604792769,20.2276351632348,18.5240488739301,21.0211416832635,15.4795981246176,18.6900690453901,16.226700053495,18.1546384545596,20.0315919263178,19.6690455156014,16.7965492880276,20.3573176844271,16.045709171576,19.9456343988153,19.5090667783867,17.8552998494963
"ophelia_20",11.4182006554399,15.3326730652288,20.6053210898311,15.1386919559752,22.7826815269685,16.2506940087114,13.262226576836,14.2356487095007,21.9453412670149,16.1429445059379,16.4883357619219,24.6239601034777,16.5759817461516,12.5152036071144,21.817247386149,20.6623715714033,10.2280728851577,13.1366791046134,20.7362352146784,16.8319940038534,0,11.1540291983888,16.8654699662161,16.3337505193622,15.6234395702287,19.2060834750213,11.9100905525276,22.7973478277632,20.948529424299,15.4992401568723,15.6221694275407,21.9892056898779,16.3119443884448,14.7622435548088,15.9765179625045,11.6303833223513,16.5286811318855,17.2201605138858,19.6752701077064,22.6215258183814,20.6337333768512,22.8109000284254,22.358101807383,19.5390674765704,20.9923506328618,20.4084766248254,20.6769153734888,19.9342219188018,18.928031444951,21.5968602443585,19.228738894699,21.2436950890003,20.0415676258228,21.0189041836935,20.8513293007636,19.8668337777506,20.9341194062985,19.7600023771683,19.9935596424551,18.6435084033736,21.1216802975042,22.7544223966592,21.8620866097135,18.8908816091647,19.4556525096974,20.5783816811789,18.9364150443881,22.5734033889662,22.3594824868418,20.6204914630968,17.9080943455841,17.4765509079225,22.0487854812656,18.8390824856101,17.8230609504526,21.6156176066366,20.9102500847387,19.4499749847092,19.0721398585955,20.8171289297995,21.1115034334258,22.599274284547,22.4035398442289,22.8986543211416,19.8579300144117,20.9120149397492,19.347114038843,18.0572979337671,19.4736708932442,20.8460565710808,18.9389827430684,20.2152451467035,22.4407045266576,18.6754696888983,17.1566869638188,19.1925842750709,18.1455089268542,20.6486999341805
"hamlet_21",13.0751672330985,15.3853403956304,19.5311326984755,14.2807250754407,22.6391235543937,14.1144404110895,9.46280109962177,9.93365103402432,19.8756482757136,15.409353316957,14.3811437932368,23.7745205247033,15.0692730898257,11.7490756407607,20.2495103104163,18.1485704848867,7.53926979582378,9.96045743027283,19.093227429319,16.45061217478,11.1540291983888,0,15.8246130552763,15.1462620818709,15.4196946936516,18.6489083944249,10.6521186139891,21.7307607701401,18.9987657078249,15.4132682631555,13.4264231353643,19.8577367238431,15.6371339630345,10.9471038156912,15.0657369936214,12.9497896670544,15.2160452664989,16.5794005425339,17.1977673215674,20.6082973643435,17.4636459087515,20.4757131043183,20.0101239002379,17.5110232024291,18.8701133208917,18.631067912928,17.3602320730795,17.4482112254274,16.953063065197,19.5711223985741,16.7192901239207,18.8504349627375,18.1281746664286,16.7372200342707,18.4054174083041,17.7116976599589,17.937872984067,18.7119894604708,17.3071995171198,17.8996870399628,19.219488149318,21.6344285827269,19.5131602763797,17.6934374197818,17.8791225856992,18.9727037615521,17.7218918509815,21.7929239077401,19.9158708211892,17.7258343728498,15.3402943188443,15.8087416314688,19.8615173475863,16.899298813023,16.6788841672225,19.2623460848668,19.2971422610048,16.8813742568873,16.9393694767473,18.8633468509175,18.8156778213365,20.0038209636022,20.055933081581,20.8457843200614,16.9951447926133,19.6381781740279,17.0475542454392,16.4803867545225,18.6154991042019,18.8642496851282,17.7712379985119,17.1034111051673,19.2667429834789,17.2304050286911,16.3884897820613,17.0066069346247,16.4414353377618,18.2037381354057
"jarjarbinks_21",19.8243883694076,16.6648296772319,20.7648651915428,12.326865428809,20.6200100773489,15.3787193697126,15.1100957268735,14.9646206038498,21.6211544178927,7.51180198090162,12.3107593293488,20.9700428934132,16.1479340675561,14.5658261827291,21.7587299685927,12.9496397760287,16.7911447927167,15.0523322527365,20.2896796457612,13.6583248909516,16.8654699662161,15.8246130552763,0,11.9018660544062,11.9503594969957,12.2559641854983,17.1134507693385,18.314203712293,18.8296538939523,10.9673859352259,16.2435487996647,19.4698576320154,11.7664822820351,15.5380699830122,11.9589979633739,18.5789054608125,16.4670195000731,12.8612877024966,15.0397689826645,22.6438967086631,14.1841945052136,15.5999342530301,14.8312077281936,9.94229259664028,13.3509068132077,13.1186443280552,12.5141886508097,12.9491175320328,17.9391782971452,14.19665354038,12.4768779773339,15.1109901960795,13.3841802236824,18.2543896708104,12.9374699975276,11.1728505406082,12.9811060202608,13.4312375116369,18.4420837378886,11.0457269433841,13.771332766461,23.8193726861642,15.0951710632067,13.3898233344155,18.708187304597,13.7462907942715,10.571920227306,23.4269857179998,14.8065925447205,14.1262936138104,11.7582427264148,16.9069116238148,14.777780626075,10.0592311425923,15.4361967697593,18.4170754554746,14.6784177975457,12.9779962417258,11.9871456676744,14.0788018985475,14.4378547871027,19.9610812512069,16.6673353605083,16.5451345788614,13.888696507929,19.7619968683703,12.8982317504166,12.7927159856588,13.0762211272699,14.3176674041026,14.6117255101189,16.9134463201717,16.5446849146537,17.4694063402502,14.4628330798679,18.9920318494001,14.8602357898312,14.212727409384
