"","jarjarbinks_15","kubo_15","iris_17","kubo_17","lambchop_17","wolverine_17","hamlet_18","hera_18","iris_18","jarjarbinks_18","kubo_18","lambchop_18","wolverine_18","ophelia_19","wolverine_19","goose_20","hamlet_20","hera_20","iris_20","korra_20","ophelia_20","hamlet_21","jarjarbinks_21","korra_21","kubo_21","goose_22","hamlet_22","hera_22","iris_22","korra_22","kubo_22","hamlet_23","iris_23","korra_23","goose_24","hera_24","kubo_24","ophelia_24","wolverine_24","kubo_25","lambchop_25","buddy_44","franc_44","ginger_44","ivy_44","joans_44","marshmallow_44","buddy_45","franc_45","grogu_45","henry_45","ivy_45","joans_45","marshmallow_45","buddy_46","charles_46","ivy_46","joans_46","marshmallow_46","franc_47","ginger_47","ivy_47","marshmallow_47","buddy_48","charles_48","franc_48","grogu_48","henry_48","ivy_48","joans_48","marshmallow_48","charles_49","franc_49","ginger_49","henry_49","ivy_49","joans_49","marshmallow_49","buddy_50","charles_50","franc_50","ginger_50","grogu_50","ivy_50","joans_50","charles_51","franc_51","joans_51","buddy_52","charles_52","ginger_52","grogu_52","marshmallow_52","franc_53","marshmallow_53","charles_55","ginger_55","ivy_55","buddy_56","franc_56","grogu_56","joans_56"
"jarjarbinks_15",0,0.196887744437211,0.191343821175887,0.16698852745999,0.515187436824951,0.211489164085653,0.17069288815325,0.19597457497448,0.239403163956674,0.240094459755248,0.166458448961343,0.418140973869294,0.198416576092192,0.204425913485354,0.227576058519311,0.201054449911046,0.262213107701683,0.188803255383606,0.182137505996113,0.255221958091571,0.270699277366533,0.161867916253752,0.234471562811075,0.226098670303493,0.165985395608564,0.232375124509208,0.496685238116377,0.308082806454398,0.216645601076695,0.306320087281869,0.227420134229996,0.181680328138438,0.238530253153631,0.28304038538081,0.194056444441054,0.219836599654732,0.194832999702201,0.153983520766729,0.236956084506155,0.34662386548529,0.258443022451037,0.278940624546001,0.32957349659718,0.231462768817185,0.210107831684928,0.299179798387617,0.332762576770848,0.289198069667613,0.248449893058806,0.289371323824939,0.269497556455711,0.287018226496606,0.353124483148382,0.508625000520586,0.380986053542951,0.304449953435586,0.269166119887663,0.273159920304665,0.40046856887117,0.213285343270939,0.303845303779347,0.240446309951397,0.421323136189155,0.453194695906117,0.200882833248542,0.258834069183432,0.595811238860827,0.186697461345514,0.197418675822115,0.224683283012841,0.325620779619598,0.474338929222908,0.232003148939061,0.308036978756481,0.199157056545314,0.181042521342965,0.309723955802736,0.339845655819592,0.390716960505444,0.259769768650301,0.206579777147614,0.264269992648283,0.482277061810885,0.20671204823218,0.350724864230496,0.235351657563559,0.250762077735396,0.400215304052983,0.248737596496715,0.281797644015392,0.201566994362897,0.506089362355881,0.271442992871133,0.26385870462605,0.59337273203264,0.286285848308258,0.227744824423455,0.240197786427134,0.438504256351195,0.185819974514414,0.529922830575814,0.226815333328892
"kubo_15",0.196887744437211,0,0.220485645360938,0.09403992195799,0.41151144652166,0.206871033758927,0.208317102927888,0.22770403628634,0.281187437451604,0.244508174024396,0.168814759713314,0.279331852529848,0.162919464068826,0.234191471475818,0.224276283094206,0.196007376100626,0.249510707604561,0.239791648541177,0.167831853057106,0.244348200909114,0.26026432450595,0.124195207070294,0.218851456593014,0.195598664035069,0.127212029225695,0.206917192458254,0.406334065309788,0.307292622635655,0.204896471913903,0.255014183932499,0.152282641626298,0.186768821198607,0.256330738172789,0.213976012132932,0.18094844282763,0.267289370744673,0.13859951699219,0.240119488118791,0.190647177907997,0.339698642972392,0.233428587316134,0.275674446001284,0.303348265793848,0.232102803233939,0.194098689031699,0.293553035363408,0.272659140998198,0.279837035662211,0.267156955490408,0.179346670159766,0.233871061106766,0.278591546834556,0.3463712580603,0.434793377606195,0.380683413932504,0.297107776717596,0.198964586070857,0.258505588262938,0.32626382661528,0.235923801244219,0.179811361846732,0.220915325251458,0.323491627131242,0.379441897512268,0.175210896095903,0.296324782503203,0.518754671647257,0.21389491359633,0.247598156413306,0.208093255560133,0.217098806167062,0.379644524401551,0.280242758453562,0.232232341047624,0.207299605487249,0.1572861545878,0.290041122275809,0.265479431171795,0.298791424551897,0.180474995929777,0.210237344747887,0.196774125348172,0.403115976772817,0.194852728433368,0.358552937078325,0.240300171178397,0.287400090489542,0.401058173805425,0.218141037906644,0.322911650588533,0.214661737509278,0.432916324559142,0.249984945345582,0.279420958823871,0.516373737479451,0.308056648413041,0.205416498666878,0.302479732764917,0.334877462192689,0.255836878711681,0.458218229880105,0.190585462470094
"iris_17",0.191343821175887,0.220485645360938,0,0.189000836565389,0.506816308929032,0.147662972554049,0.101989014873926,0.0830828413852407,0.105035941591317,0.200460910053941,0.114007254204118,0.369991111139959,0.159183748072113,0.109288958902535,0.10122314077342,0.14785213852478,0.249324956605141,0.113736425797585,0.113307354010703,0.254221044407164,0.29241857848548,0.145937339839599,0.145376647270319,0.197158972552679,0.13853589814501,0.208179850447494,0.510531509875694,0.250663781363397,0.118109280901526,0.308638473792506,0.205819798845547,0.107145633720641,0.0865004041657951,0.278038024881339,0.129101629724704,0.130367033722256,0.179554267866574,0.152795487107728,0.211094587764138,0.347964842769846,0.153318367340941,0.25393852361745,0.292475368118321,0.177187156834733,0.140479419612948,0.212417655419594,0.314139884082018,0.206035206575898,0.149211693834118,0.248215555982495,0.209976190612652,0.236786759782303,0.27073743820039,0.499741923319749,0.311789948259428,0.222875798833351,0.230290275842356,0.175240508144621,0.382881593179127,0.135218807506337,0.26675384591366,0.172224481431486,0.416936667418039,0.444755024528082,0.141678544242844,0.144378203099423,0.584080582790457,0.158306935501707,0.117764673322191,0.152578971753425,0.303138590422449,0.48293195821244,0.13472845784983,0.247517329224485,0.136929539983347,0.143104924551279,0.190154519682293,0.339251621235484,0.390949815334743,0.210277222529523,0.0721220594253555,0.199474760599566,0.47228179581437,0.139531074299421,0.273863244009635,0.137083981513272,0.13510553710943,0.31648333206317,0.231725275684654,0.196748774336151,0.131314684677896,0.501512355811454,0.224474834406938,0.114365433808579,0.581603389581139,0.175446668713434,0.163057626245349,0.166854615676531,0.441700071320215,0.129225819710838,0.528027880542112,0.135827320275263
"kubo_17",0.16698852745999,0.09403992195799,0.189000836565389,0,0.446009455048428,0.169662642531693,0.175456440364036,0.195237367416511,0.256735443250576,0.222318659456231,0.127880707978679,0.302603430261822,0.128548532638551,0.212087869427586,0.218475508733809,0.147561705762171,0.275434901385068,0.198496944638292,0.150309928693558,0.235696127603031,0.281491026966947,0.118951293053243,0.182563576416012,0.191694755235689,0.103317455989819,0.198318188801053,0.444756685289713,0.305582925672568,0.182279977642727,0.262343728112633,0.141377448525154,0.189745630004978,0.230140574462787,0.214259784799504,0.155009169117136,0.238256494357206,0.131507429526404,0.218842020274724,0.159872219675226,0.339206405014358,0.216180574371554,0.281962814877383,0.340432137657502,0.183813677896737,0.144255430455279,0.288897445081678,0.265873416618586,0.27579821215421,0.227726743125243,0.17338684060215,0.190087556561473,0.278297608398088,0.343398945891246,0.446874565634862,0.373436155906874,0.297917862685065,0.184406286101956,0.250167480103793,0.326611831866058,0.1903914904548,0.166851480534745,0.220103219291349,0.345794326810823,0.4003733492375,0.203698350278421,0.255994917263933,0.538085758659263,0.16101555369903,0.219526379222772,0.185956133299278,0.240224349345465,0.422293640336905,0.221476882440307,0.212782664799645,0.166136771986949,0.147200749658541,0.275877649037601,0.262959352691474,0.344067829083313,0.168708993932143,0.170835252516647,0.178089530557453,0.428677624059264,0.150377484645062,0.34451664720757,0.216822889902103,0.251227191484353,0.394090267982575,0.205878808398867,0.311557266303601,0.172239303519659,0.45629808711325,0.24225605454259,0.243345894059188,0.536317740463365,0.291360387271258,0.160409343189615,0.268833947286745,0.366573196880738,0.209680045410758,0.477505149883714,0.166000056348795
"lambchop_17",0.515187436824951,0.41151144652166,0.506816308929032,0.446009455048428,0,0.496066699825616,0.497470657129386,0.503114435427157,0.507398663152268,0.388031741023024,0.478534964832429,0.255262335023958,0.497383521016635,0.493123541070644,0.503104678834383,0.476815888698629,0.327840550963552,0.523088989108637,0.49804310985883,0.358997496362506,0.266771249548015,0.422261709191838,0.46110515181749,0.352690087176671,0.429896326578222,0.366118024760202,0.104135345522938,0.389822319514177,0.496105330936267,0.233032273395572,0.370486394174049,0.48267360350351,0.513171961498266,0.265400317823301,0.450872675452077,0.509902315019718,0.386011040191051,0.513719002211812,0.49532478803283,0.295687667547569,0.461497680139155,0.367483958215955,0.433362041970587,0.488928803449861,0.47966197909749,0.418020384385666,0.311690864391525,0.404976004919527,0.482906323345264,0.388145444711066,0.488297195000184,0.410637348495489,0.438823885423519,0.266348302675028,0.405255420869535,0.444365273230529,0.485059665177108,0.435632277149308,0.264685715834345,0.494303302621924,0.421198173576231,0.463193213922173,0.226441519313886,0.250784028576403,0.425737193551932,0.516275254520424,0.309601598483082,0.511399275977827,0.497594046673261,0.464287904238092,0.305879796778791,0.191584330401573,0.517570370600796,0.492065314240349,0.486804825233154,0.459365701196729,0.45989179629479,0.292452450910534,0.227937925289383,0.417304168044713,0.489837107129142,0.491860977061807,0.2282873983359,0.487811329959637,0.488838669959006,0.474439696445423,0.501894932688623,0.495495024001944,0.355448795505133,0.533059012636536,0.495627968583934,0.270545347086352,0.363331989075777,0.507510896994779,0.297943745039477,0.527935847316674,0.501181415719807,0.526286442226346,0.149930047480942,0.508814928190619,0.290104100054087,0.455650602802697
"wolverine_17",0.211489164085653,0.206871033758927,0.147662972554049,0.169662642531693,0.496066699825616,0,0.124091617218635,0.149562902277049,0.197869692009064,0.242146066866421,0.105073071974811,0.344873293434032,0.0966430739378469,0.157208632231871,0.158879585468336,0.20840853339776,0.26664354538482,0.180151900500355,0.107454978612744,0.305237064754012,0.302872133505818,0.165133560995708,0.180127066939257,0.243053033438329,0.168697339871829,0.259890217612518,0.500825818833508,0.299372638021685,0.0727187470893972,0.329396353715076,0.221780963948903,0.1435577805783,0.179670345629663,0.301251301761565,0.196345798242727,0.193998013200198,0.215526838560272,0.19429375052022,0.0896295021992479,0.359722412854652,0.159172569493343,0.28868236601084,0.314717841018786,0.130812056505997,0.201980228961874,0.286645757330361,0.331063092634088,0.273685189837045,0.234244621876545,0.232314705637202,0.174342660453399,0.256116803728972,0.337278982039468,0.49891522620559,0.363444540190352,0.292577630235418,0.175072624650036,0.24940217466339,0.385166150586331,0.151629739933551,0.202126182770045,0.172465145051838,0.427351786520267,0.45353288682155,0.21931653537909,0.237561716334291,0.576770127742203,0.198280984779745,0.186103103917095,0.225612718113451,0.330228694329324,0.479812757861779,0.233067676122047,0.190242507401548,0.123195040856056,0.0953144287575811,0.270939348168347,0.351475725641988,0.417346003337649,0.203558431216808,0.13536955665892,0.163281541108005,0.474764993713915,0.136409265143954,0.337761591777938,0.219107850827196,0.220230507785966,0.3768129371435,0.257998263491154,0.298638734366895,0.141333106738596,0.501709058861401,0.263904299268433,0.199631385468687,0.573537393928125,0.242112025126465,0.140610104959167,0.230428203997822,0.438087638665242,0.188483525691969,0.518873123412255,0.151227285923986
"hamlet_18",0.17069288815325,0.208317102927888,0.101989014873926,0.175456440364036,0.497470657129386,0.124091617218635,0,0.0744460742873065,0.175556688086333,0.193709135669509,0.0916856670263047,0.352563431927385,0.136701625694422,0.0898210975549392,0.177584480695336,0.151927498578365,0.210713144997834,0.0867387187041688,0.124192044102324,0.252283465279754,0.265478726214237,0.103511152407647,0.148531289357498,0.195847818551127,0.116315738184471,0.218524761033205,0.491378085138432,0.252181670615181,0.133034280126655,0.298867808681078,0.193210357357609,0.0619447794348654,0.156773734172296,0.265155511183892,0.127069821116054,0.121908423116402,0.188647827961371,0.170810905080598,0.185833213865241,0.335073093675364,0.163027421087804,0.249903205040489,0.30870838956735,0.173963239185137,0.142095744903263,0.247109638158894,0.308577061896534,0.240372321391521,0.201277682898433,0.245033168861833,0.203851162259822,0.249027230721347,0.306786469468098,0.486977935446865,0.349020004169381,0.253370026112134,0.208347903901936,0.203347332139058,0.370698855790827,0.129361415959029,0.24927398771554,0.196898119627995,0.406279672723182,0.439463263659423,0.176477108205598,0.200896885958282,0.572748103620236,0.147685821254329,0.147305645522551,0.149370869895922,0.295542025846082,0.469790014884861,0.195222717406052,0.235728676912425,0.110147511625263,0.116402473752344,0.227813442926897,0.324200183350256,0.380662117435623,0.193561595023431,0.121956834470881,0.187683257230913,0.459482243007253,0.140879205581628,0.306902910057424,0.172651859241931,0.19212920433131,0.353742051146529,0.234248512559778,0.219353734728544,0.126735716190458,0.488089568614798,0.230202859963444,0.173213438206892,0.570639157440711,0.212859260200171,0.156498247347859,0.197756055249753,0.42821984075597,0.154027579790834,0.511912888298373,0.138631303124992
"hera_18",0.19597457497448,0.22770403628634,0.0830828413852407,0.195237367416511,0.503114435427157,0.149562902277049,0.0744460742873065,0,0.134497064143814,0.196823411207574,0.121373894487752,0.363139733498885,0.170156940660705,0.0635059951821049,0.142654126769574,0.156072383481138,0.209122031546436,0.0700967030621578,0.160110698675919,0.25418029800855,0.2729273949718,0.131214906793068,0.143208287361751,0.191996458907101,0.130496572674899,0.220296598265579,0.49214120653196,0.25330352164902,0.16442919188517,0.298950055078612,0.211788249590781,0.0746481526823218,0.11967079816877,0.264165815952513,0.137316089387736,0.0729117499435447,0.193481347236099,0.126712329973526,0.225112140034488,0.342585988617597,0.160436697617897,0.255232194315974,0.253812244579151,0.196563778728861,0.162077271187901,0.205686677097455,0.308940985725357,0.206223688738047,0.144606358789984,0.24943313191941,0.228824315458623,0.191516570041139,0.268367995203608,0.489306091128707,0.307481661635932,0.215307423099,0.234011535635378,0.162511802167921,0.372272434411928,0.151307061786959,0.270780595269011,0.14615314227953,0.408255736656921,0.440556637866381,0.160717819240368,0.143659830525999,0.573383386074572,0.160814453239187,0.0978744968859069,0.150446004413435,0.289962319637274,0.474299451656034,0.144536948371253,0.263259938630104,0.143190950779445,0.137200445542635,0.187236171066495,0.322270427880077,0.384676601910038,0.221195101896748,0.105756184660011,0.217555619378062,0.462146006254661,0.166202630060942,0.266567467731438,0.126741241163084,0.137068593807439,0.314780141815448,0.245777078962102,0.190124176186653,0.151131626947285,0.490388878128634,0.22427014370544,0.128067835137246,0.571489846020974,0.16731581425687,0.183322216811156,0.129988326331436,0.430272161616064,0.0945265831425418,0.513471662611224,0.15577136940122
"iris_18",0.239403163956674,0.281187437451604,0.105035941591317,0.256735443250576,0.507398663152268,0.197869692009064,0.175556688086333,0.134497064143814,0,0.215785343223097,0.167591020888098,0.406958975880792,0.228907020014788,0.119919092459335,0.0650291891316718,0.216783594859129,0.261757315383168,0.171675428553243,0.185550356382181,0.281507234649019,0.297688228715513,0.208263340842795,0.190090226725375,0.214693428800502,0.197589381022362,0.237789050612787,0.5017007553047,0.258323963105908,0.176948835390513,0.319712002716201,0.241115143522444,0.164015275348771,0.113385795506283,0.289479841520492,0.177224102158492,0.090883047782832,0.224410729412529,0.118660860261185,0.261033080033633,0.351639571173282,0.196594519676655,0.258421242976554,0.259300831193817,0.225011293646216,0.223348924656716,0.1926745368694,0.318929650497843,0.187017339696724,0.125204302352336,0.278214664324789,0.267533163076107,0.183416931739983,0.202852248071147,0.499354688961721,0.232782310844124,0.177559318293296,0.277181365317073,0.164690040578726,0.383198447934356,0.19168874025545,0.322248827271753,0.15311976362269,0.421191050701627,0.442180779699938,0.175319308787983,0.103626516204088,0.578309671920806,0.215833936154207,0.118620574087614,0.195008789111186,0.321463992267152,0.480371837475957,0.159314896992808,0.307500323737892,0.204752071935249,0.190391429579369,0.139964304137554,0.347425808000379,0.382268437143358,0.262460848469607,0.12750159279769,0.264400037199134,0.472205806953072,0.210413055945116,0.205565210256238,0.129685569964395,0.0743605969146058,0.244843446261571,0.24023038985431,0.148846073682665,0.203537341924451,0.499447250067402,0.228184506830709,0.0942132635572418,0.575963277233073,0.158466117454499,0.223429036026556,0.125617595108293,0.441864730725804,0.127083770520093,0.523325164541372,0.185160767161349
"jarjarbinks_18",0.240094459755248,0.244508174024396,0.200460910053941,0.222318659456231,0.388031741023024,0.242146066866421,0.193709135669509,0.196823411207574,0.215785343223097,0,0.174916916297346,0.317119951914809,0.267205196984522,0.201695920608391,0.228949442578657,0.177714589536769,0.139077968060551,0.208015472592016,0.229382128505039,0.123155751529583,0.166176613835136,0.179132844949728,0.130202810985258,0.106537075232437,0.161814946377567,0.109167291466537,0.379706036029042,0.0930806341004992,0.229328664499573,0.167753319302058,0.116814712194606,0.188398505132115,0.229110080865235,0.144190673311385,0.113311920586339,0.208876799587489,0.156014412121119,0.233287071778671,0.292824866867008,0.179730239899751,0.223624088861106,0.0875611808222459,0.232732215653211,0.254628585055914,0.201002991534289,0.0951204410740687,0.142300470057524,0.103755377913412,0.173190956333902,0.189821901165123,0.286532201175755,0.184186117730589,0.168126631713128,0.3232687349269,0.177786660170127,0.14181280590995,0.321090027837603,0.114899550696787,0.207983983626651,0.198328387425947,0.306855318405274,0.227830030716331,0.230840104937652,0.264680451512278,0.171945746225863,0.194656156894566,0.412118336375379,0.242594142714613,0.205946460777015,0.129468890086751,0.159703055053673,0.354709969282868,0.185763136895248,0.331740684904396,0.22181645670865,0.193691153204595,0.167078736775625,0.163571928931125,0.222099309151793,0.235229127419729,0.179046519513859,0.280623253948222,0.29707827011862,0.226566064678057,0.229359632063025,0.171225280753785,0.194579800866836,0.272140499187825,0.0890428464540609,0.22272034417597,0.20802337910904,0.328538370160231,0.0751960899542714,0.206209935308709,0.409866340238233,0.234537145163736,0.240652755545221,0.232372070961612,0.268720255662273,0.203985904815838,0.356682389030141,0.155476472392659
"kubo_18",0.166458448961343,0.168814759713314,0.114007254204118,0.127880707978679,0.478534964832429,0.105073071974811,0.0916856670263047,0.121373894487752,0.167591020888098,0.174916916297346,0,0.327695625500154,0.124527012245494,0.113597661557531,0.144493133701527,0.143243401108744,0.234681633531832,0.1482646967596,0.108545527373307,0.235606770967108,0.25660811716757,0.0974687884027867,0.130873456288945,0.177368423948478,0.097597948411193,0.211382795366732,0.473210048489561,0.248806775240573,0.107042462670529,0.276177836775171,0.154090035744876,0.108012310739054,0.156834256146568,0.245396479426652,0.12866050098588,0.160300747369644,0.163138239583493,0.161043527028866,0.151534467119525,0.30961754309972,0.133380001063424,0.226017211753453,0.297290528340091,0.125769423669735,0.135427132455575,0.23351919853668,0.282882235429593,0.217875155701795,0.187894474562081,0.189167650545853,0.17632064246609,0.242411386247673,0.287081794581973,0.472189056700697,0.31512579353002,0.241998045716945,0.178348603138272,0.19633149303381,0.348214651646002,0.124635418169464,0.206725499102464,0.165036746939309,0.383275155016041,0.411148862141249,0.166728575934247,0.184072263450785,0.555804759080168,0.144201419449192,0.159557087323979,0.153682374686322,0.281853278235922,0.456528814033892,0.180509236055969,0.208167511151815,0.0933804891401793,0.0829954040701193,0.220624803212679,0.306979663825477,0.351920466938368,0.176384714683138,0.0802302436172743,0.15901177990719,0.441439361395877,0.106432810952648,0.284619183386177,0.161523632111714,0.16975850367131,0.334773632966708,0.196778802786147,0.2402005828404,0.109616064088926,0.471143557199914,0.199515949283386,0.165527403543588,0.554091196083992,0.203105819930884,0.122192862988883,0.213382624088717,0.405483606168039,0.165615394605523,0.497663836769233,0.0973852992466771
"lambchop_18",0.418140973869294,0.279331852529848,0.369991111139959,0.302603430261822,0.255262335023958,0.344873293434032,0.352563431927385,0.363139733498885,0.406958975880792,0.317119951914809,0.327695625500154,0,0.329067862320508,0.372419321325207,0.387897287793953,0.303598460731764,0.275924837670618,0.408605964572464,0.32950822043236,0.300440525850978,0.274831085595298,0.281550436219793,0.279144018365534,0.245194897332462,0.301835359035732,0.274797928059889,0.358588975628532,0.343240369096202,0.330265150914223,0.25702706451552,0.249261311126316,0.352056957431882,0.359560472109324,0.199696099550118,0.333462662654041,0.405628442412575,0.250643794198725,0.42463244594496,0.346230185265733,0.376525406208985,0.314021237867433,0.339213280519098,0.420806314601944,0.273537223946346,0.303082159193463,0.35944515901215,0.295816027430823,0.338518711568445,0.369454117184972,0.216903193399955,0.261444342134371,0.361532971734625,0.409556702197067,0.426950454001431,0.413409074762003,0.385963000151808,0.265740570330463,0.353797301089129,0.318858799841213,0.281866139288266,0.194647376491487,0.351409555711368,0.326498524833539,0.380263501593132,0.338980191951872,0.39992487310721,0.468591480496692,0.340711446123429,0.392943857404551,0.319962081775304,0.198429036060154,0.316427218438314,0.384519114538768,0.269868182485112,0.303021310328197,0.307987588573197,0.374057808320558,0.276777487952914,0.274999996017113,0.200364193301766,0.340890654204927,0.288880451345339,0.377771948393675,0.292692778584422,0.458187583639434,0.338140278998835,0.390898572394613,0.492313493540289,0.27195724331411,0.467603497712572,0.304574386095088,0.429018690847575,0.301694579723704,0.361416240522956,0.456947613392133,0.376588138869124,0.310104153898641,0.416246278481425,0.283442470599782,0.404220284553185,0.448784835218988,0.313141149785238
"wolverine_18",0.198416576092192,0.162919464068826,0.159183748072113,0.128548532638551,0.497383521016635,0.0966430739378469,0.136701625694422,0.170156940660705,0.228907020014788,0.267205196984522,0.124527012245494,0.329067862320508,0,0.196540330676608,0.201784676199622,0.179992818427146,0.311648037263931,0.208214342987651,0.0861612186535663,0.312499501394198,0.324227800787004,0.153893895852552,0.203419323256228,0.23534794715722,0.151478131494175,0.263234266496125,0.500901560740863,0.336235190848911,0.0970364630296646,0.316552047003625,0.196292085424982,0.17448573677053,0.195358921678535,0.269060751488486,0.208096047389718,0.220625668157581,0.19911332463722,0.228363141250162,0.0747536871832588,0.376208902077864,0.193088690899269,0.313309751998722,0.372470077036783,0.12926383942005,0.154597998601691,0.326785323802154,0.30805344135515,0.313586203648798,0.253651143716436,0.214093694122931,0.127315663172547,0.309368911754738,0.378043554081101,0.493660191773897,0.411220204185515,0.331910393997599,0.118823376868905,0.287814931674823,0.375456288663948,0.15473428455386,0.166220137720291,0.228242199646477,0.413222387192844,0.446683535488034,0.244276995351598,0.254872838005942,0.580092337974579,0.144919203313168,0.21797749828787,0.226275333743838,0.291767372737697,0.475927843550431,0.25072389410964,0.142362231795758,0.098922716297714,0.132973271070521,0.308810921525438,0.324082779452575,0.395807263220483,0.178610975174277,0.159578676564466,0.0976764255116087,0.463091267962311,0.0911914988327743,0.377484252903318,0.237685569665305,0.242500725749275,0.420237809683364,0.241929734770018,0.317493939668208,0.110701087369608,0.496094278001192,0.299367062958532,0.222230079247981,0.576720947540132,0.269433991798222,0.0843854818742134,0.253543966311534,0.435431358525344,0.21941668735374,0.519329552074552,0.185270920414523
"ophelia_19",0.204425913485354,0.234191471475818,0.109288958902535,0.212087869427586,0.493123541070644,0.157208632231871,0.0898210975549392,0.0635059951821049,0.119919092459335,0.201695920608391,0.113597661557531,0.372419321325207,0.196540330676608,0,0.121098218593977,0.187765843540057,0.210087982873134,0.0978353247941085,0.183394511816492,0.262345368958295,0.262240533138429,0.131263496588081,0.160688323574372,0.212452789126376,0.13571884861538,0.243649747900609,0.483082991153512,0.245656557720708,0.174563164791586,0.301688661921373,0.195547214478483,0.0878872889914963,0.134224456066255,0.276338550823801,0.150396822149389,0.0829548352697204,0.214597503299526,0.108576426853903,0.220397185389346,0.326343719945497,0.157279099931795,0.244922946016324,0.241885557054507,0.207018521078451,0.196055637350099,0.187865823947804,0.315684419266121,0.179775170332337,0.154841386230652,0.253323764948487,0.246804713663665,0.187265036394983,0.244257852774936,0.487136107783262,0.274322072908832,0.196736486234987,0.254849263227803,0.149931026411016,0.376121732065005,0.176615030136899,0.285680098246638,0.1316276342962,0.406402377652906,0.432847000509254,0.156762028275818,0.153768679625541,0.566397690160084,0.193437125640313,0.100313393480843,0.174297226448098,0.316737805494962,0.467045945394942,0.17133206823057,0.284714602680477,0.157921476977228,0.136242484813786,0.174839199831345,0.337510826002709,0.373489354357222,0.230459992325679,0.118525993643154,0.238173982377771,0.456796956974338,0.187947222841583,0.241258216781306,0.126122022533203,0.138985356618619,0.289945288156411,0.233721325430037,0.167859102675107,0.177451330642844,0.484289157195557,0.213570328545005,0.131470734616594,0.564267509084625,0.16426770694572,0.202266039714016,0.150774880484505,0.425842194867006,0.105414556799848,0.507088637490163,0.148505077449354
"wolverine_19",0.227576058519311,0.224276283094206,0.10122314077342,0.218475508733809,0.503104678834383,0.158879585468336,0.177584480695336,0.142654126769574,0.0650291891316718,0.228949442578657,0.144493133701527,0.387897287793953,0.201784676199622,0.121098218593977,0,0.218261722198379,0.271462542784957,0.177264583961757,0.140583017413482,0.294488788204093,0.301120802274737,0.196001800429435,0.191223194525811,0.231250457754669,0.192153328452057,0.243062819669545,0.501946385936911,0.267815573711959,0.134498755920048,0.32305675526444,0.225905124523361,0.153765179979819,0.10020936531622,0.296975894020276,0.179736920388546,0.120013346701344,0.211146489081463,0.118693253879513,0.218720662798772,0.351801167004965,0.167812921753714,0.265245708069353,0.258206844395397,0.195198226792753,0.225835555242016,0.202956213021927,0.324093785363852,0.192232792384506,0.133666443640681,0.256501404231239,0.237630033219954,0.193983953653859,0.23098248336766,0.501020250550654,0.255108265946956,0.189858481797381,0.256060118473543,0.173312929270359,0.38561351539612,0.187952147599128,0.288489658609813,0.119381018810207,0.42273158867822,0.44017762515062,0.174065416435386,0.127632490272574,0.577743953181764,0.230014865831788,0.132513469375089,0.204358413200009,0.329087647899312,0.479879892946604,0.16765729554465,0.273711637026473,0.188464803367624,0.160105063535976,0.161777999393961,0.352584367846247,0.399107891364171,0.250204645310636,0.10571574110077,0.235062138627395,0.47154589934556,0.184866448631983,0.235372361646607,0.14462953157923,0.102084331395658,0.273652500833115,0.241526952827909,0.18629423277595,0.190411289470065,0.498516280223743,0.240426911042277,0.0970568163989322,0.575428071452299,0.169447104462522,0.203039543137926,0.163413882953104,0.438765350256117,0.143439993333093,0.522709024530756,0.156790445212719
"goose_20",0.201054449911046,0.196007376100626,0.14785213852478,0.147561705762171,0.476815888698629,0.20840853339776,0.151927498578365,0.156072383481138,0.216783594859129,0.177714589536769,0.143243401108744,0.303598460731764,0.179992818427146,0.187765843540057,0.218261722198379,0,0.272274200946659,0.169959309735286,0.144175588285188,0.198963553612875,0.283762056987498,0.136989947043431,0.102993375915202,0.153215511422592,0.126464246406732,0.143951999971049,0.475985177460265,0.241275918273344,0.176700228552169,0.260149646694088,0.180826161170151,0.164140538634499,0.164796799392563,0.221789666064994,0.10474710383468,0.207577951376165,0.128506525815426,0.236155254120684,0.232036781802762,0.311281377666904,0.210020379464131,0.235032272327472,0.325669898810654,0.161983983721873,0.0749366685984595,0.229048984853022,0.255607071932658,0.219671029892579,0.159018375420995,0.198261078947712,0.179247913078726,0.269168618077285,0.280261497806774,0.450431430677302,0.327562374002312,0.249043155742402,0.213555227530163,0.191754462027965,0.323007156941352,0.101767793244442,0.210143015013984,0.226456267394328,0.35997565321616,0.386301578527695,0.215251133528369,0.175826410121127,0.540633462563203,0.124173019971429,0.18838536798005,0.105191816831708,0.233913357146993,0.450339913343369,0.127937183359644,0.222780975565607,0.143385053514614,0.166910546224483,0.21502479300164,0.281055393160129,0.349481907437885,0.142206680663493,0.134611673018806,0.176398573668833,0.425142153863368,0.112001730100779,0.287102384607113,0.149348914780586,0.179077079360067,0.338978210757834,0.184658711059051,0.251455886640059,0.10319297518561,0.455157196415383,0.208419080827361,0.153718344446788,0.539148327183472,0.205809611990159,0.146554317781948,0.208901121436689,0.390699890447838,0.191502848754098,0.483446216056096,0.138704798891864
"hamlet_20",0.262213107701683,0.249510707604561,0.249324956605141,0.275434901385068,0.327840550963552,0.26664354538482,0.210713144997834,0.209122031546436,0.261757315383168,0.139077968060551,0.234681633531832,0.275924837670618,0.311648037263931,0.210087982873134,0.271462542784957,0.272274200946659,0,0.2036184766896,0.297764834908636,0.119303067258889,0.088138098834303,0.181754463390621,0.209610463415509,0.134595159115425,0.193185906694765,0.15644471845848,0.293637279137907,0.148903594964138,0.284831502047161,0.133702209743472,0.186882237817533,0.200291364180828,0.288793302278468,0.129242590490559,0.200223073670834,0.223218238261979,0.194918780595542,0.239682062860259,0.329455673966633,0.224940460328408,0.265345271473127,0.145308969022748,0.208903984177027,0.322421243129901,0.287808643908027,0.177844478023528,0.216079301053773,0.193566299067058,0.241363245255816,0.278429238020563,0.355918760555407,0.173793531261495,0.237593043904247,0.367246438088424,0.236140466679606,0.209236441483528,0.370985606401467,0.191334419885584,0.275290926920678,0.285220400416329,0.339767356258331,0.251984060181548,0.242655667512614,0.319313781366336,0.163721265403175,0.262327066034323,0.442134739309895,0.307918544277919,0.24064717581222,0.209626541899492,0.198780228413902,0.288845075906904,0.260581012081814,0.393449534837245,0.274869635407413,0.223451970014697,0.230222760404284,0.231050414661522,0.18401553707558,0.276499166130682,0.250864172982167,0.351358494871378,0.337455826769879,0.305535868123203,0.273320523790633,0.230348032728163,0.26974989653445,0.309419594921382,0.18148951109178,0.262461412556865,0.297507714422922,0.36095846642384,0.111897235338476,0.282106626586415,0.43931943598552,0.284219133079206,0.32469645709561,0.257036464515948,0.239512145875046,0.239220434926438,0.38449078238513,0.226746213200607
"hera_20",0.188803255383606,0.239791648541177,0.113736425797585,0.198496944638292,0.523088989108637,0.180151900500355,0.0867387187041688,0.0700967030621578,0.171675428553243,0.208015472592016,0.1482646967596,0.408605964572464,0.208214342987651,0.0978353247941085,0.177264583961757,0.169959309735286,0.2036184766896,0,0.198977889279435,0.225622918179315,0.284646432797597,0.156517455126045,0.167783462700248,0.212297501868077,0.153559757269556,0.224979355660091,0.497703082027634,0.263689078589593,0.202034795287275,0.310319315737486,0.227200061430993,0.094398279569749,0.173921464055426,0.285530470301983,0.145912706552947,0.10931304093794,0.199213912879074,0.147904444784498,0.254627520968308,0.344970630454296,0.188665091296512,0.256516411388479,0.270318956112558,0.240919402091287,0.174836724325947,0.232318587181404,0.320808011136639,0.239632238094959,0.172805161291822,0.289877555688079,0.273467083706667,0.217421852273632,0.294260769979876,0.493397220358048,0.326419932219457,0.240696611592981,0.280024183947552,0.195362920167685,0.386465049787433,0.190885017480048,0.312175771854769,0.18354935286395,0.409256435907711,0.447284088398782,0.172767561617103,0.165388122188521,0.57897397248477,0.188965645006113,0.114579168034529,0.159483120588698,0.308359130742722,0.490265064324583,0.136092271061021,0.309976543228182,0.185998511336075,0.162552226830286,0.212806303967086,0.344365593438663,0.385700950395919,0.261124508913195,0.129481366836589,0.261877974814875,0.465089231688817,0.204674046541794,0.293261034519688,0.164081492449176,0.180315784639991,0.329430766845778,0.263142213427436,0.192099464468509,0.185841565095783,0.494348489878175,0.228282752611577,0.173919433609326,0.576825347202292,0.19365978236743,0.225076528793032,0.142540588473759,0.442372008354259,0.107952142485941,0.51759055977518,0.185165305144491
"iris_20",0.182137505996113,0.167831853057106,0.113307354010703,0.150309928693558,0.49804310985883,0.107454978612744,0.124192044102324,0.160110698675919,0.185550356382181,0.229382128505039,0.108545527373307,0.32950822043236,0.0861612186535663,0.183394511816492,0.140583017413482,0.144175588285188,0.297764834908636,0.198977889279435,0,0.278356790316522,0.306842590329361,0.141669963458605,0.170733737934839,0.198923826276511,0.151439318853185,0.219429746869654,0.501529341365238,0.290202360649,0.0607855703953367,0.297611525864365,0.203682422543988,0.141070573038241,0.140181963971805,0.264664813628682,0.16880761752966,0.206363106264254,0.167933644728828,0.222091389294924,0.128904503435997,0.34502568934192,0.16898396320248,0.270263919005643,0.338097930569411,0.112672238458851,0.132132796966344,0.278980076567999,0.301142485802748,0.267085135537911,0.213423227606054,0.217565639087428,0.14402267478213,0.29220092665188,0.330289583181192,0.49132475207056,0.367088795912096,0.290786635436149,0.1489530756296,0.243266979451462,0.370211469767802,0.108443533677255,0.185246533482339,0.197947721866097,0.404965568094427,0.429012135637903,0.217523037429349,0.217284439216641,0.577780190660447,0.153153192112613,0.202023222447077,0.175952834678727,0.289019095601281,0.473149599350615,0.207317523630942,0.165456735414335,0.0937517889984088,0.118172666191322,0.257099531470552,0.326185131164889,0.389696198883136,0.167806160364406,0.115942017964796,0.123127895919518,0.463398980764787,0.0760706833728611,0.336038679687426,0.196632223380717,0.195943054015087,0.379104092204017,0.224351630710094,0.276758872020163,0.0859283868277585,0.493817920999488,0.263281050408822,0.173921763040278,0.57517600396244,0.233990209140101,0.0929037432090592,0.245267269315589,0.430416861688304,0.211287831318486,0.520403585342841,0.142542988545234
"korra_20",0.255221958091571,0.244348200909114,0.254221044407164,0.235696127603031,0.358997496362506,0.305237064754012,0.252283465279754,0.25418029800855,0.281507234649019,0.123155751529583,0.235606770967108,0.300440525850978,0.312499501394198,0.262345368958295,0.294488788204093,0.198963553612875,0.119303067258889,0.225622918179315,0.278356790316522,0,0.130337923271219,0.205273628067885,0.201535765074909,0.089275651372178,0.200299490789533,0.0974039811366716,0.336464913604,0.18219887017515,0.292430199054382,0.124979274010225,0.189743894509088,0.25593983130264,0.292873001013538,0.126365082264431,0.173055003185174,0.268149988052127,0.136764133236547,0.265109521703371,0.341674478278767,0.236436709923058,0.285111006061858,0.160287793420889,0.240468356644577,0.303469293749912,0.221568029343342,0.188975590965559,0.220222394830296,0.199776570539853,0.208142223633973,0.278453326093958,0.33748681770201,0.193802428904363,0.23348393072362,0.384074753552014,0.247769056670583,0.233176941787647,0.374234346679534,0.201374677647968,0.278919541275733,0.247598198225961,0.336840909628892,0.283514384635405,0.236987120537049,0.323192407308393,0.194426456838457,0.231166426855517,0.47336549399,0.268613483717635,0.245854127271079,0.177293857830374,0.196530127943516,0.327379016099617,0.194125632797262,0.385507576490294,0.271633276531525,0.246420605286847,0.246713795804684,0.240351877601383,0.213036235540127,0.263912799273083,0.232106329990532,0.332999921097668,0.359673302493766,0.269210067024866,0.281595561771351,0.22404188775422,0.248055134519188,0.315843231640703,0.181442399387585,0.25689400916865,0.247745591777856,0.389080338702468,0.102311368094537,0.267916049858359,0.47137500010042,0.292617798449928,0.288051056630819,0.254244394300724,0.266894598553769,0.229874005694585,0.416489250372662,0.23067034659143
"ophelia_20",0.270699277366533,0.26026432450595,0.29241857848548,0.281491026966947,0.266771249548015,0.302872133505818,0.265478726214237,0.2729273949718,0.297688228715513,0.166176613835136,0.25660811716757,0.274831085595298,0.324227800787004,0.262240533138429,0.301120802274737,0.283762056987498,0.088138098834303,0.284646432797597,0.306842590329361,0.130337923271219,0,0.214713381664595,0.242792361472816,0.147458373259433,0.224368811972255,0.17072327549739,0.240783940775636,0.187245989159365,0.306830234302266,0.071902060716738,0.205292232240648,0.261373066612284,0.319657641365381,0.10500975893882,0.236027566758337,0.280213082108477,0.204392616400812,0.265197975199154,0.342967728712683,0.187808278783159,0.312343734203697,0.155850336437777,0.237078356920729,0.332328191695283,0.314520231266617,0.222778356947703,0.199095786474132,0.226597271828297,0.271886415495202,0.291479098260819,0.366438194475027,0.200644214167525,0.255765263706465,0.342721323352319,0.233466663594722,0.255559561821753,0.385314496267128,0.241983202878908,0.242995123205958,0.294229561630658,0.351726074700489,0.288002498747227,0.213812720815189,0.28870404764846,0.20447042476967,0.300564921135187,0.414815476202655,0.321790849266057,0.286233126914466,0.2479617103031,0.196267555776677,0.227879695503938,0.298241820114043,0.40884548699084,0.2996255036464,0.255229063856739,0.280612051358221,0.211358288893344,0.159386031706624,0.280862350836597,0.285587139167306,0.365767320516875,0.312197210130827,0.31472967052837,0.298175363600381,0.262735936652973,0.296736015640202,0.326272541142309,0.196303971359044,0.314700233742195,0.314046231760666,0.333793909435556,0.143218438900109,0.308575596272931,0.412278272849375,0.320546682990413,0.335311180711168,0.303841064723467,0.177939600201619,0.280559373481279,0.357237541835395,0.271190309375863
