"","jarjarbinks_15","kubo_15","iris_17","kubo_17","lambchop_17","wolverine_17","hamlet_18","hera_18","iris_18","jarjarbinks_18","kubo_18","lambchop_18","wolverine_18","ophelia_19","wolverine_19","goose_20","hamlet_20","hera_20","iris_20","korra_20","ophelia_20","hamlet_21","jarjarbinks_21","korra_21","kubo_21","goose_22","hamlet_22","hera_22","iris_22","kubo_22","hamlet_23","iris_23","korra_23","hera_24","kubo_24","ophelia_24","wolverine_24","kubo_25","buddy_44","franc_44","ginger_44","ivy_44","joans_44","marshmallow_44","buddy_45","franc_45","grogu_45","henry_45","ivy_45","joans_45","marshmallow_45","buddy_46","charles_46","ivy_46","joans_46","marshmallow_46","franc_47","ginger_47","ivy_47","marshmallow_47","buddy_48","charles_48","franc_48","grogu_48","ivy_48","joans_48","marshmallow_48","charles_49","franc_49","ginger_49","henry_49","ivy_49","joans_49","marshmallow_49","buddy_50","charles_50","franc_50","ginger_50","grogu_50","ivy_50","joans_50","charles_51","franc_51","joans_51","buddy_52","charles_52","ginger_52","grogu_52","marshmallow_52","franc_53","marshmallow_53","charles_55","ginger_55","ivy_55","buddy_56","franc_56","grogu_56","joans_56"
"jarjarbinks_15",0,0.197177002441063,0.192566203318709,0.167579371892276,0.516356416296196,0.213482664561051,0.17214113835752,0.196973785239269,0.240844018702028,0.241015246725777,0.167781244343281,0.419044606350172,0.199873334498816,0.205434338631809,0.228901165747577,0.201726199375869,0.262835163627646,0.190594594495962,0.184142383730804,0.255640747334868,0.271710992688139,0.161668470705522,0.235260495331988,0.226644266006175,0.166846470723963,0.23334428594136,0.498037859032114,0.309293827471521,0.217757341581598,0.227689160829673,0.183127527093016,0.240140461959631,0.283917041409847,0.221400828246859,0.195493452328369,0.155709948014924,0.238300809329691,0.348277196463043,0.279723956144971,0.330109331226914,0.232685925214179,0.210471955209702,0.300202720567045,0.33395025432415,0.290486283957597,0.249668782483882,0.289839719367666,0.270664103663041,0.287941744052013,0.354408572874142,0.510194147114658,0.382145111868374,0.30549555423554,0.27046120329902,0.274567932369004,0.401238498081164,0.21448935409636,0.304789547910317,0.241506150017773,0.422341693372373,0.454691765794363,0.201594097398296,0.260763361163021,0.596945565736104,0.198820904698971,0.224862884966241,0.3263951280816,0.475386080694782,0.233476058938845,0.309691680638527,0.199972815935023,0.181901899846665,0.310894138095392,0.340242016706187,0.390766989055454,0.260193321371358,0.208109673052858,0.265732687131733,0.483317687757392,0.208219157647971,0.352212142104999,0.235253631314117,0.251881014139684,0.401486855348885,0.249600544846135,0.282794821500526,0.202645118015382,0.507177314996567,0.27226231051483,0.265618085057397,0.594871737522032,0.287904490954847,0.228449492714642,0.240760724738385,0.439150289957247,0.187429602901273,0.531365735570214,0.227507364991315
"kubo_15",0.197177002441063,0,0.22066006815204,0.0943797445549293,0.413361535933573,0.208002323873632,0.209092995731697,0.228137527765965,0.281865954435132,0.245423587809267,0.169695235268485,0.280812074442101,0.163304623603014,0.234881712276825,0.224649793422286,0.19633292941638,0.250467480183855,0.240558512061634,0.168008945447616,0.244829023654113,0.261540413811418,0.125046717550996,0.219193409800497,0.196248206182088,0.12751393005325,0.207814927284624,0.408374257344436,0.30875858669725,0.205202816614375,0.153516210030195,0.187725192929492,0.257366738848709,0.214876319835335,0.268055266830413,0.139241772393611,0.240700006968272,0.191289796908834,0.341276732169173,0.276569698495583,0.304464544982285,0.233157423031169,0.194155589183205,0.295039813903795,0.273986495669143,0.281069534516355,0.268071368848962,0.180208890104281,0.234432592873488,0.279861226991314,0.347703628650636,0.437121075299202,0.381873451622439,0.298258240706631,0.199558295373101,0.259744556322576,0.327914321223244,0.23641779765932,0.180931771292283,0.221437162462978,0.325071487911063,0.38121741171194,0.17580781968204,0.297662729286896,0.520454126410373,0.248511534496367,0.20857495340301,0.218301961166481,0.381474147333691,0.280631203384536,0.233309618742583,0.207952107083348,0.157815073116923,0.291314614287362,0.266306069067805,0.299762888388661,0.180965901102445,0.211322860663408,0.197137386575317,0.404655164072804,0.195211594544387,0.359896869241115,0.240696032883894,0.288244776233624,0.402336491755692,0.219218389271679,0.323685739682843,0.21567647359906,0.434449764935626,0.251182167124299,0.280333579752074,0.518366517323385,0.309288297523314,0.205653136075806,0.302605424611926,0.336303818661079,0.256192331430495,0.460114619992302,0.190891820979226
"iris_17",0.192566203318709,0.22066006815204,0,0.190159803399003,0.507976456643698,0.148098165409307,0.101877653588949,0.0826526180369084,0.10458006123905,0.200517866363455,0.113691804438558,0.370276894643881,0.15947704394207,0.108940985095392,0.101075326741351,0.148665331866574,0.24989580639872,0.114078425759414,0.113648748604947,0.254948326248009,0.292605919939912,0.145050532808093,0.14531073678737,0.197180121594321,0.138761169062641,0.208560906434368,0.511765827120758,0.250785343422236,0.11809469410166,0.205662465618364,0.107129724520556,0.0865673416051014,0.277832906606609,0.130184549430644,0.180036051510865,0.153446582528608,0.211485279265308,0.348462221939933,0.254147152910349,0.292641749536902,0.177483683489111,0.140270666885836,0.212643082070637,0.314349509338759,0.206127546369934,0.148985209259926,0.247815462039592,0.210118873112631,0.237149175903331,0.271107215066977,0.50134376564895,0.311808114303242,0.22287173247261,0.230718668229909,0.175235696911865,0.383382967269252,0.135256485616521,0.267201796177625,0.171896848946723,0.417390192399045,0.445563503585925,0.141810594568332,0.144857610748915,0.585082812499454,0.118135691691003,0.152226823560518,0.30340948120781,0.483690056254805,0.134968373692986,0.248065541172645,0.136609651826854,0.14272955270976,0.190339635276263,0.339124138366694,0.390543466903147,0.210590746469918,0.0713230805071393,0.199767082073914,0.473249196214494,0.139771592985273,0.274268103998935,0.136116754872592,0.134885792487481,0.316732256017158,0.2316941055522,0.197196614059358,0.130728175298371,0.502347969753179,0.225197761968316,0.114107431661889,0.582820696310797,0.175631815445431,0.162735648046441,0.167161965050129,0.442282904097566,0.129624798486131,0.52920935942424,0.135522624856025
"kubo_17",0.167579371892276,0.0943797445549293,0.190159803399003,0,0.447642321431648,0.171337711405125,0.17667437352095,0.196236702606858,0.257951236010393,0.223601793291045,0.12920395100585,0.303977376424698,0.129860537350329,0.21303774503069,0.219729404304609,0.148520842015385,0.276757597710451,0.199950228843374,0.151550284996707,0.236326181368938,0.283184146997699,0.119885740366149,0.183475400273097,0.192545414667108,0.104653743085753,0.199839860331681,0.446606285245027,0.307507131757638,0.183264609209921,0.14322882602229,0.191398991001245,0.231882769742615,0.215138064199435,0.239697704437852,0.132251346236375,0.22053885055717,0.161258886283063,0.34121981356911,0.283487453263589,0.341864717487532,0.185369625860422,0.145342499025207,0.290687043615372,0.267099209645506,0.277242748891295,0.229106360052033,0.174093101010788,0.190724640810405,0.279857949431145,0.345012957067296,0.44897730204499,0.374906196079308,0.299505981352595,0.185649797211187,0.251603272204795,0.328298253861232,0.191310726089318,0.167918122387301,0.22117869688242,0.347195091604491,0.402194098656524,0.204916265119005,0.257917626266419,0.539793665927083,0.220730407294251,0.186636311499453,0.241167293541946,0.424158955186264,0.222248796400371,0.214027108394031,0.16743333297778,0.14860800103308,0.277582821244073,0.263601653558391,0.34490857989525,0.169886941949788,0.17255404530856,0.17906107561809,0.43014912437164,0.151327090850977,0.346362104283331,0.217622760703297,0.252475121056735,0.395837673722174,0.207181441897424,0.313245971723204,0.173710434403926,0.457899348567794,0.24359697115717,0.244840770275382,0.538367270270815,0.293382109892676,0.161295183022739,0.270065233703121,0.367912715006115,0.211314632389873,0.479343074565976,0.166951176513208
"lambchop_17",0.516356416296196,0.413361535933573,0.507976456643698,0.447642321431648,0,0.49745191452708,0.499160774160977,0.504497870775043,0.509060706215675,0.389053709268649,0.479998380343724,0.255649991758931,0.498614715189152,0.494631920235792,0.504597836408346,0.478191011883993,0.328818463317672,0.524938882912638,0.499593251011011,0.360274582810106,0.267536219403019,0.423915409908726,0.462478958986289,0.353844106175012,0.430969957711016,0.366917729252736,0.104340611130384,0.391065275331023,0.497377266321444,0.371719315934194,0.484008736730346,0.514735381122134,0.266270862002127,0.511806831244573,0.387025717399861,0.515133682423942,0.497097180330911,0.296662247440561,0.368739286229475,0.435178873258984,0.4907312154716,0.480833040004001,0.419177201632442,0.312396622086894,0.406225148435073,0.484474522221714,0.389768723940837,0.489888159120934,0.41191147095298,0.44017324787362,0.267268002792241,0.406446340001417,0.445799197398235,0.486335680100301,0.43699448653649,0.265513545960377,0.495980847009647,0.422523580458926,0.464516975795458,0.22731368659177,0.251448088032347,0.427281262550283,0.517906737782386,0.310758326872055,0.499257688708833,0.46598112237038,0.306619448962158,0.192548027150311,0.519042911701179,0.493905173959997,0.488362224075365,0.4607670399322,0.461419656490042,0.293271136134947,0.229220447850218,0.418559388839013,0.491511833051934,0.493538608696057,0.229083318043449,0.48931980171972,0.490197131224057,0.475987729048759,0.503528331500035,0.497180083633291,0.356343148029809,0.534747533889114,0.497417799254257,0.271476455915138,0.363830061192195,0.508952921833292,0.299225746763554,0.529385092966097,0.502642804860438,0.527733734841893,0.150876693031424,0.510222441899529,0.290884935152818,0.457174327202797
"wolverine_17",0.213482664561051,0.208002323873632,0.148098165409307,0.171337711405125,0.49745191452708,0,0.124993805330204,0.149972628682377,0.197967534361274,0.243222744451061,0.105768474334142,0.346115678410001,0.0975777499136894,0.157530380744735,0.159281507300517,0.209883548085003,0.267285990120271,0.180985394541032,0.108767605211717,0.306642270423826,0.303978232900711,0.166041381181433,0.180856123715726,0.244319453845176,0.169788418975867,0.260947913552987,0.502658178195684,0.300388128854142,0.0725040431587817,0.222503431429878,0.144201391457996,0.180190391036284,0.30302699516023,0.194511899704664,0.216530322810385,0.194946288629644,0.0899186384546644,0.361161611343013,0.289328580309243,0.315448708436018,0.130831704082485,0.202603135357243,0.287579427750007,0.332337774005296,0.274188956428546,0.234515864084754,0.232723852888787,0.174650583515554,0.256927271549661,0.337919709953709,0.501138672505883,0.363877796337311,0.292940119381743,0.176244779598365,0.249986285264547,0.386504558102391,0.152954982591833,0.202825282686327,0.172283381010449,0.428970888079012,0.454950284343958,0.220145522136927,0.238306225306446,0.57825077013842,0.187204865063651,0.226972029693014,0.331176699944059,0.481369315775817,0.233545856627377,0.190786768741999,0.123406552452018,0.0957756020112084,0.271389047624771,0.352269559293227,0.41773554664752,0.204438658028852,0.13629444090876,0.163585221018762,0.47613379029806,0.13750540459528,0.338413826950951,0.219288543569619,0.220859625827227,0.377475973894064,0.258807718693048,0.299559808937445,0.1417381899961,0.503207624886433,0.264784306089312,0.199879736201006,0.575106068343773,0.242999720758547,0.141161179122767,0.230751905630391,0.439088709568852,0.189051796035069,0.520534672450101,0.151165311998376
"hamlet_18",0.17214113835752,0.209092995731697,0.101877653588949,0.17667437352095,0.499160774160977,0.124993805330204,0,0.0741832863073481,0.175388903103006,0.194077883241353,0.0920493935612436,0.353904983709344,0.137216879435699,0.0896253183165461,0.177972526478572,0.153109994652888,0.21122078330027,0.0868991356269936,0.125405071461068,0.253149666045119,0.266148822173222,0.10332767377447,0.148596516819626,0.196508411396777,0.116992699427183,0.219468022785555,0.493301235930835,0.253295609710152,0.133216592123002,0.193891170388756,0.0622233805116928,0.157428102038216,0.266199060340862,0.121768803984057,0.189444783292479,0.171406212102081,0.186531241790742,0.336256294379441,0.250583590313983,0.309245054398494,0.174488022910588,0.14220259976985,0.248197595039088,0.309547667860962,0.241185565854651,0.20123872502092,0.245390431006741,0.204579919691212,0.249634672267245,0.307644933574061,0.489125566817004,0.349515613595688,0.254124956084023,0.20914806426769,0.204006470324837,0.3722083569539,0.12981708734396,0.250421164976559,0.197005423277782,0.407616793745618,0.441029873144015,0.177278973845998,0.201440865595766,0.574377935954552,0.148130189893838,0.150115605814584,0.296534622628666,0.471652222487033,0.195288833067033,0.236514592309357,0.110281903373283,0.11680637436298,0.228581233018385,0.32485765498393,0.381348705795347,0.194333930041147,0.122646327994473,0.188328523404996,0.461113080091135,0.141698397023062,0.307819777174834,0.172268848755837,0.192084935909827,0.35468724736359,0.235223820699567,0.220072370201577,0.127023421323805,0.489627120265882,0.230916780114711,0.173355545411146,0.572548712928602,0.213693773747277,0.156336336506146,0.197821329273286,0.429525294006385,0.154298805526693,0.513803443252281,0.138800848289672
"hera_18",0.196973785239269,0.228137527765965,0.0826526180369084,0.196236702606858,0.504497870775043,0.149972628682377,0.0741832863073481,0,0.134620513073086,0.197346244737728,0.121329378188652,0.364163277920047,0.170770057660102,0.0637285284189597,0.143210195347395,0.157033717613165,0.209346703497333,0.0700368899419495,0.161153021272377,0.254911988529581,0.273542541079147,0.130787395538682,0.143508564450052,0.192620314337482,0.130776397103379,0.220962736673472,0.493900120678885,0.254067678507029,0.164719961263427,0.21221266495797,0.0749196518077786,0.120735090950758,0.265045172106044,0.0732642184493465,0.194031682707743,0.127558462513378,0.225686124857442,0.343657146569722,0.25573869937312,0.254522083106049,0.196971449661644,0.16175410566283,0.207104106555186,0.309814010689915,0.207324983739746,0.145081702911286,0.249573056690889,0.229247331204572,0.192206463280529,0.269569480118181,0.49117986332269,0.308449144486839,0.216486510445768,0.234907786233209,0.163329291485561,0.373483113131532,0.151814086685014,0.271861923715403,0.146435509596477,0.409319912739898,0.441964653427898,0.161257724034748,0.144579324436023,0.574745208980666,0.098621550073095,0.151043355267192,0.290726556405195,0.47579794509804,0.144903417939454,0.263970977266991,0.14332513055205,0.137155501130916,0.188419158731672,0.322628255307113,0.385023320882507,0.222124181723443,0.105564388523419,0.218375496173116,0.463412023313498,0.166918132493254,0.267958122524146,0.126630401687922,0.137495300330156,0.316072734773793,0.246434674242516,0.191020075741126,0.151393983517001,0.491617447471077,0.225419017321507,0.128709160831987,0.573107140557516,0.168695259148001,0.183279119721086,0.130347867324665,0.431452861125664,0.0950099630209686,0.514950231331728,0.156102669725739
"iris_18",0.240844018702028,0.281865954435132,0.10458006123905,0.257951236010393,0.509060706215675,0.197967534361274,0.175388903103006,0.134620513073086,0,0.216487126013071,0.16762077122526,0.407854432948836,0.229425564136704,0.12002400826541,0.0654410115077918,0.217732005529324,0.262719138763983,0.17216616935238,0.186606833376937,0.282518755869301,0.298580031408917,0.208290409835437,0.190525979084624,0.215485078050104,0.198128372483923,0.238537640127675,0.503416609017558,0.259264980945019,0.176838197463207,0.241072867843303,0.164342503485032,0.113601994590805,0.290953569599893,0.0906161527741222,0.224989456446533,0.118843147364252,0.26166922399447,0.352814586502729,0.25942531871808,0.260911767038055,0.225040483775067,0.222868530329405,0.193561211714171,0.320103120500181,0.187536115457426,0.125304422127223,0.278364972284981,0.267691398322337,0.184108460252821,0.203698493977942,0.501237838213943,0.233565718244511,0.178008254724473,0.277847207500223,0.165140544707586,0.384645280638241,0.19247318924988,0.323043850219572,0.153404590706023,0.422292497678239,0.443844367820091,0.175948289762283,0.103658186202353,0.579840460116457,0.118993393852877,0.195915353704557,0.321785210145998,0.482096426505746,0.159584503609047,0.307932313673162,0.20460444982456,0.190747472449198,0.140692157773978,0.348301555422104,0.382832750716095,0.263098153563388,0.127020893741766,0.264717611236821,0.473615975830636,0.210914160398186,0.206592719194875,0.130370739990588,0.0749387713439038,0.245777179507114,0.241087604245063,0.149398165927517,0.203168846428769,0.500820751125945,0.229616908659768,0.0942397355080276,0.577724495821042,0.158538012321117,0.223359355558802,0.126208548182619,0.443220400782162,0.127209620155051,0.525066574807852,0.185370174283828
"jarjarbinks_18",0.241015246725777,0.245423587809267,0.200517866363455,0.223601793291045,0.389053709268649,0.243222744451061,0.194077883241353,0.197346244737728,0.216487126013071,0,0.175452487562859,0.317917407239848,0.267878109485725,0.202162361206776,0.229625372708246,0.178554467824085,0.139571984532159,0.209003207037164,0.230981902756384,0.123923424483325,0.166746936428197,0.179211527072203,0.130396313982782,0.10722825150798,0.162438797176716,0.108953488695907,0.381294623547724,0.0938392026150038,0.229743344788987,0.116851584313927,0.188859942984591,0.229943748610283,0.14448664605351,0.2098965189748,0.156243359307598,0.234331930858119,0.293779763983269,0.180448711608654,0.0879813663015449,0.233445746610973,0.255554504528485,0.200605954739597,0.0959104531470369,0.142594157023598,0.104162382905569,0.173621553138827,0.190431073360516,0.28745963873383,0.185020167234186,0.16863934457159,0.325065591348664,0.178284078449859,0.142594460815732,0.322397238808968,0.115671368982612,0.208868151611385,0.199435058606563,0.308027981974014,0.228326819207936,0.231695191036803,0.265727675390249,0.172498197738647,0.195539913520878,0.412999659442698,0.206651827728113,0.130323616546031,0.159754425354073,0.35599028072619,0.186403669456189,0.332794909343876,0.222226645658716,0.194192199436219,0.167823967913924,0.163729670314133,0.222156841312506,0.23646363091845,0.179793420516496,0.281692166504499,0.297940339748546,0.227532777160797,0.230344472362034,0.171507048732128,0.195185940735859,0.273119250380197,0.0892888086552417,0.223674124047581,0.208511364034213,0.329420577256562,0.0756673725815884,0.206795282621791,0.411034236769123,0.235584017068733,0.240980476118604,0.232742716101608,0.269693344962228,0.204528937646437,0.357908046326662,0.155806188877825
"kubo_18",0.167781244343281,0.169695235268485,0.113691804438558,0.12920395100585,0.479998380343724,0.105768474334142,0.0920493935612436,0.121329378188652,0.16762077122526,0.175452487562859,0,0.328743905998179,0.125306649715085,0.113583775545505,0.144648658710731,0.144089474176065,0.235257311301239,0.149167975164464,0.109660629623596,0.236379421833791,0.257508374210728,0.0976497614502412,0.130705059635224,0.177995989907263,0.0984021396506385,0.212134105802666,0.474895190879813,0.2497307183522,0.107314939805929,0.154613985474132,0.108558348743364,0.157379277592132,0.246186616744835,0.16101892107507,0.16357152042143,0.161786606093257,0.152335717736449,0.31078666897657,0.226613458412975,0.298008137998671,0.126074267992273,0.135385603859809,0.234391253044594,0.283822976262951,0.218371175900285,0.187833033749006,0.189475861775837,0.176634113173446,0.242922154228341,0.287660213536779,0.473895016130774,0.315619226658635,0.242579573409307,0.179330469640256,0.196772750161135,0.349307924039233,0.12505073516764,0.207724213964028,0.165027796993383,0.384324167401642,0.412556948951178,0.167358286602062,0.184478170286188,0.557093968756598,0.160342926864618,0.154455225721429,0.282541268446187,0.458300957753268,0.180571863514301,0.208939464010754,0.0936497112420456,0.0835017317460204,0.221237148876207,0.307667868589655,0.35237530903961,0.177296764579276,0.0808161284843894,0.1596881781584,0.4426031218193,0.107033851524764,0.285425319815433,0.161181077924364,0.170063636584468,0.335452695947429,0.197439223555838,0.24090917102022,0.109888044442651,0.472334917537577,0.200081890858503,0.165587637788482,0.555738266362979,0.203948215385451,0.122157924725172,0.21356414037048,0.406794482975937,0.16606197374014,0.499165338526135,0.0972719409622401
"lambchop_18",0.419044606350172,0.280812074442101,0.370276894643881,0.303977376424698,0.255649991758931,0.346115678410001,0.353904983709344,0.364163277920047,0.407854432948836,0.317917407239848,0.328743905998179,0,0.329924573396381,0.373172436927109,0.389056639624001,0.304441798697429,0.276841099573571,0.41020574063351,0.330736590614081,0.301429276426196,0.275866668217265,0.283020931593969,0.280096455425588,0.24576998776981,0.302404797133847,0.275456228863444,0.359566807116041,0.344453104077313,0.331067371530277,0.250554096868682,0.352719893346964,0.360733557363066,0.200359282125358,0.407083871249135,0.251245859374873,0.425898353241867,0.347768414424338,0.377826466408605,0.340373168539016,0.421857225377388,0.275030743843121,0.304065993329966,0.360465522409625,0.296429301507121,0.33960040991639,0.370244383767839,0.217696927212532,0.262545002824673,0.362808540428425,0.410789696327586,0.428392676643441,0.414372033063939,0.387330162563492,0.266840120955325,0.354779274982297,0.319704284400548,0.283043272111947,0.195371240172918,0.352311776142285,0.327579857350946,0.381138853022523,0.340333670454256,0.401168859853158,0.47002567450758,0.394321851038417,0.320929455269808,0.198991888296018,0.317227639749192,0.38541316646344,0.271384197652528,0.304250062208426,0.309132711592289,0.375401900599079,0.277751184277516,0.275839770523638,0.201204724277417,0.342340436904072,0.290163144829409,0.378622910598692,0.293822238631794,0.45967681149139,0.338772138985991,0.392187661586563,0.494132090061876,0.272647055539167,0.469256080477067,0.30593417037879,0.430028728149607,0.302108811378767,0.362243972350544,0.458514374265328,0.377850350960386,0.311321681391091,0.417070640530629,0.284515758076032,0.4054143484622,0.449975623871962,0.31400919414721
"wolverine_18",0.199873334498816,0.163304623603014,0.15947704394207,0.129860537350329,0.498614715189152,0.0975777499136894,0.137216879435699,0.170770057660102,0.229425564136704,0.267878109485725,0.125306649715085,0.329924573396381,0,0.196975653356868,0.202691172851265,0.180392749248622,0.312568296490423,0.209246028321391,0.0857849735588576,0.313348275545318,0.325633444555961,0.154767977875653,0.203697081086139,0.235810396909018,0.152131664032295,0.264159290464196,0.502710568888935,0.337523803047532,0.0970048760177056,0.197456209996934,0.175268472075939,0.196068516359489,0.269883870842728,0.221234243181037,0.199916340763709,0.229622248618869,0.0749929082490835,0.377608556217391,0.314158394692015,0.373278263684795,0.129937921692584,0.155541674681357,0.328063019908647,0.309082922150879,0.314535649233518,0.254180221329347,0.214275620861138,0.1271586788882,0.310744552921296,0.379267582939365,0.495302253152571,0.41237089273664,0.332863912311505,0.11911376863864,0.288797713514299,0.376631762443582,0.154589131625673,0.166460728619414,0.228792773909857,0.414168494230301,0.447869830015101,0.245205556520846,0.256007137537775,0.581463400640479,0.219134521309951,0.226476074060845,0.292179337302674,0.477184244129517,0.251116080572457,0.142792133751103,0.0991078061307798,0.133496796951871,0.309884923647414,0.324419100124532,0.396088626451838,0.178683467014738,0.160565538115777,0.097696951338832,0.464250292370769,0.0911280133368131,0.378816594685616,0.237713534727746,0.24303242502888,0.421408747623885,0.242807188893924,0.318409036779999,0.11127498897234,0.497332257998153,0.300478396712518,0.222807287816162,0.578197361636191,0.270754009918533,0.0843742001417244,0.254269762986649,0.436138803806258,0.22050763758022,0.520804227575556,0.185639773822164
"ophelia_19",0.205434338631809,0.234881712276825,0.108940985095392,0.21303774503069,0.494631920235792,0.157530380744735,0.0896253183165461,0.0637285284189597,0.12002400826541,0.202162361206776,0.113583775545505,0.373172436927109,0.196975653356868,0,0.121982081353801,0.188361611329384,0.210783058631889,0.0985634803290533,0.18457254306788,0.262923512682596,0.262885495510028,0.131061746084044,0.161177880925035,0.213055279242276,0.136257435221041,0.244176937991625,0.484789615257752,0.246160391450985,0.174919319118893,0.195791083141557,0.0880190029085637,0.134643176782769,0.277412027243838,0.0840003088805432,0.214984285864263,0.109246123197377,0.221149580852158,0.32751137547521,0.245710238703277,0.242890089689912,0.207508854626449,0.195725892747298,0.188471401378388,0.316642139057405,0.180357096441405,0.154973345405406,0.253637516321993,0.247300219404817,0.18801209251233,0.245217006516708,0.488871024385004,0.275291878610747,0.197697990641285,0.255672403255111,0.150148283592598,0.377435399837307,0.177248177895595,0.286640665081507,0.131997172422013,0.40741594924972,0.434372005932988,0.157332186100238,0.154421446493358,0.567728223558064,0.101412215175727,0.175144294758235,0.31696789235815,0.468768610034379,0.171300518097212,0.285695398667097,0.15805482953327,0.136651089800305,0.175816279561553,0.338114962705014,0.37402755833327,0.23126671969927,0.118031522105843,0.239027405340681,0.457885434743657,0.188706532178596,0.242510943678629,0.126692331249324,0.139469715732558,0.291128545835832,0.234508058429957,0.168490318891677,0.177506216949486,0.485540695762111,0.214870130189837,0.131765893442341,0.565905192965516,0.164908362004195,0.20247798928823,0.151281285768421,0.426851063022788,0.105991262376707,0.508591303997797,0.148807833475117
"wolverine_19",0.228901165747577,0.224649793422286,0.101075326741351,0.219729404304609,0.504597836408346,0.159281507300517,0.177972526478572,0.143210195347395,0.0654410115077918,0.229625372708246,0.144648658710731,0.389056639624001,0.202691172851265,0.121982081353801,0,0.219494995190194,0.272470223485885,0.177967549206725,0.141831212975046,0.295460732227226,0.30181232377244,0.196377118723542,0.191899675834239,0.232101904147635,0.193061986373117,0.243712043763438,0.503871596249404,0.268566299546315,0.134551709074212,0.226364238102497,0.154174611527096,0.100219982598037,0.298272749170587,0.120762802558907,0.211819451421026,0.119615949583052,0.219728687876103,0.353030655131209,0.266169732781154,0.259151880664007,0.195687809850712,0.225711546423414,0.203554291671899,0.325352784283553,0.192596192897122,0.133350575757065,0.257008101897331,0.238163195952012,0.195093886214277,0.231962769537571,0.502964908286724,0.25604228250849,0.190714084247239,0.256771648751008,0.173506076630396,0.386926873610379,0.188952990800477,0.289412122428518,0.119941772228778,0.423966816257054,0.441668941392157,0.17468042327034,0.127861533344957,0.579269536657088,0.132856571920383,0.205118609340669,0.329381730587328,0.481567443888667,0.167487479920234,0.274551127990782,0.188696402769537,0.160688653281894,0.162654467359772,0.353123266279319,0.399722353123679,0.251014787692745,0.105260849030761,0.235710106833031,0.472911195914998,0.185494784931797,0.236506766662589,0.145209059432766,0.102383169201402,0.274617961951164,0.242479483944724,0.186834746945882,0.190598849419683,0.499882927060186,0.24181011851753,0.0972837623360478,0.577166683842851,0.169447555780328,0.203349863216653,0.163796654737894,0.440156765412263,0.143427472406539,0.524408532738516,0.157164419032387
"goose_20",0.201726199375869,0.19633292941638,0.148665331866574,0.148520842015385,0.478191011883993,0.209883548085003,0.153109994652888,0.157033717613165,0.217732005529324,0.178554467824085,0.144089474176065,0.304441798697429,0.180392749248622,0.188361611329384,0.219494995190194,0,0.273230110780351,0.170743145241252,0.145218647245761,0.199510089766013,0.28495221637271,0.137661195263734,0.10320314260891,0.153615728260998,0.127048287838107,0.145148906220761,0.477873632930582,0.242711532655356,0.177621467992184,0.181094084448007,0.164771252968728,0.166164084118539,0.222525509579218,0.208705332177036,0.129220144437259,0.237500981385516,0.232825906265916,0.312778406635468,0.236407123979254,0.326775906062775,0.163440798180144,0.0743567309517281,0.230553486185871,0.256100376830243,0.221023181658974,0.160160371984675,0.198394405311579,0.179961562006193,0.270342944213178,0.281562752392837,0.452662400260243,0.328916339752099,0.250439535474737,0.214896081241655,0.192913010059131,0.324153977926891,0.102155227489209,0.210946977139671,0.22722676179,0.361181580783754,0.387673678497084,0.216331125162511,0.177407698733026,0.542049315364518,0.189199343402111,0.105351315224355,0.234532133863839,0.451591071497277,0.128345885217126,0.223722931332798,0.144019414419414,0.167904668519175,0.216337049625555,0.281491110304238,0.349622222085106,0.142671638446244,0.136016961672071,0.177253788789486,0.426195131574968,0.11239166800791,0.288872047533981,0.149710904990263,0.180157734184482,0.340480833985115,0.185310953673544,0.252607635823852,0.103902214441364,0.456364237817109,0.209571486078859,0.154537031399416,0.540737444922015,0.207552527338677,0.146582578813505,0.20955697685022,0.392129021719958,0.192295168969955,0.485001982401408,0.139061296266117
"hamlet_20",0.262835163627646,0.250467480183855,0.24989580639872,0.276757597710451,0.328818463317672,0.267285990120271,0.21122078330027,0.209346703497333,0.262719138763983,0.139571984532159,0.235257311301239,0.276841099573571,0.312568296490423,0.210783058631889,0.272470223485885,0.273230110780351,0,0.204420154585868,0.299539600687598,0.119938308616084,0.0881464751864643,0.182014821441216,0.210427566107003,0.135279020937178,0.193689724195901,0.156594206277551,0.294622016101879,0.149016599487929,0.285677537758533,0.186892042826955,0.201312386552384,0.289859189717439,0.129656826265977,0.224257641129794,0.195380801123607,0.240666232539466,0.330378505357063,0.22567354475045,0.145411432977869,0.209596794820882,0.323418643826988,0.287596465346148,0.178674465546861,0.216633778830275,0.194462684113786,0.242168946949705,0.27925342903252,0.357123643380771,0.174462041891335,0.238379308135099,0.368620083012082,0.236648092961087,0.209861518698377,0.372085807930759,0.192430117857645,0.275938354570276,0.286695640496184,0.341103462863029,0.252893304262752,0.243314864492956,0.320404653141048,0.164630969755662,0.263327002354748,0.443086258229821,0.241986037547054,0.210879931770771,0.19895524532953,0.289889290583566,0.261182332767603,0.394775486076347,0.275532739548549,0.224019431701111,0.231238030891492,0.230832850886147,0.183988995937015,0.277827814036531,0.252049740961035,0.352474134435078,0.338358276351092,0.306805526320081,0.274181312373471,0.231067195402337,0.270694751174856,0.310434497560999,0.182154382775179,0.26327095270286,0.298186746629971,0.361821024516543,0.111645591845925,0.282879053386731,0.440560553275032,0.28524881598267,0.325313510574678,0.257433482993567,0.239967594327102,0.239863737374275,0.385495338847329,0.227497375850028
"hera_20",0.190594594495962,0.240558512061634,0.114078425759414,0.199950228843374,0.524938882912638,0.180985394541032,0.0868991356269936,0.0700368899419495,0.17216616935238,0.209003207037164,0.149167975164464,0.41020574063351,0.209246028321391,0.0985634803290533,0.177967549206725,0.170743145241252,0.204420154585868,0,0.200427520794758,0.226446828016953,0.285824206346207,0.15676108591175,0.168451029097177,0.213639497521923,0.154807418512636,0.226075404988519,0.500011737867355,0.264743339838478,0.202690225507668,0.228211912611285,0.0952231062886068,0.174714135224213,0.28682132981047,0.109635733954691,0.200566993519114,0.149246541052956,0.255818448713111,0.346357250552479,0.25764987157057,0.271347709302106,0.241713628724688,0.175035688428199,0.233713473232338,0.32213852365724,0.24066616315814,0.173925922140271,0.290697686654623,0.274547392098519,0.218645417185328,0.295334391534435,0.495933575615,0.327680698201476,0.241804004409173,0.281446495512435,0.196171750130954,0.388131613895344,0.191836966801504,0.313968676674171,0.184256572831957,0.411149765329856,0.449009300107834,0.173879648175002,0.166745844973411,0.580586817718249,0.115297820185615,0.160227534127994,0.309448428909874,0.492158110639095,0.136316737109514,0.311319108088467,0.186239986965234,0.163519368490517,0.213784415806644,0.345456633501468,0.386765520507519,0.262241151733333,0.130156969216321,0.263084779334565,0.466567638225921,0.205752302894131,0.294780410180244,0.164339990952572,0.181093482748525,0.330615522462734,0.264443243288145,0.193130834204871,0.186555086993476,0.495845846785738,0.230261611530009,0.17457055620227,0.578792313468264,0.194919643116336,0.225445832996296,0.143191888980468,0.444015184751685,0.10867034054298,0.519772718369502,0.185805938658061
"iris_20",0.184142383730804,0.168008945447616,0.113648748604947,0.151550284996707,0.499593251011011,0.108767605211717,0.125405071461068,0.161153021272377,0.186606833376937,0.230981902756384,0.109660629623596,0.330736590614081,0.0857849735588576,0.18457254306788,0.141831212975046,0.145218647245761,0.299539600687598,0.200427520794758,0,0.280001942248377,0.308697873923079,0.141965871243794,0.171666201680792,0.200165801563373,0.152094240576089,0.221033055197323,0.5036470506837,0.292384800690993,0.0612880499438382,0.2041450752588,0.142242250760438,0.141242695628466,0.26539255769345,0.207698416372642,0.168667663949692,0.223740418064896,0.12915896128735,0.346795630867144,0.272171683548725,0.339868908062611,0.113587433114151,0.132357202966368,0.281134730031913,0.302144997444006,0.268718891385258,0.214524704048022,0.217945349343228,0.144276862045274,0.294185875011276,0.332186514522264,0.493623291888168,0.368997478756605,0.29250873954377,0.149314123625588,0.245021843370963,0.371729127678757,0.108991361667259,0.185823797428863,0.199265915510553,0.406480629473671,0.430535124262372,0.218991211120631,0.218936563618585,0.579364565717042,0.203711746831766,0.177038484135804,0.289802485459758,0.4748234940423,0.208619655019229,0.165498468639928,0.0938524721305455,0.119379939135473,0.258948576926607,0.326989831920559,0.390306722624271,0.168228226511338,0.117733024262562,0.123249169938045,0.464798513261202,0.076193445992612,0.338187286698825,0.197377296373496,0.197284370207428,0.38103486073456,0.22527944218634,0.278201643575257,0.0856428802666648,0.495153616975193,0.265211179300003,0.175261395076584,0.577003984902304,0.236013262351942,0.0922539758894896,0.246565467424127,0.432186173196254,0.212673899511701,0.522351358246971,0.143451261216945
"korra_20",0.255640747334868,0.244829023654113,0.254948326248009,0.236326181368938,0.360274582810106,0.306642270423826,0.253149666045119,0.254911988529581,0.282518755869301,0.123923424483325,0.236379421833791,0.301429276426196,0.313348275545318,0.262923512682596,0.295460732227226,0.199510089766013,0.119938308616084,0.226446828016953,0.280001942248377,0,0.131312343863417,0.205271297403633,0.202071285746613,0.089697061504144,0.2006986633784,0.0972895806794286,0.337954311230329,0.183316858446128,0.293074318012959,0.189633642131195,0.257109940552369,0.294027699015062,0.126564839063223,0.269192838057828,0.136798706912126,0.266248517473046,0.342425412005636,0.23735210476056,0.161080016400324,0.241346330168403,0.304137734735524,0.221263366863292,0.190223199472879,0.220652927483416,0.200847995556436,0.209382013835415,0.279040347618056,0.338296345204014,0.194644392439703,0.234537381365343,0.38595542051263,0.248587091421188,0.234249581112256,0.375713311710364,0.202484450393363,0.279854740176309,0.248356776433424,0.338068388242015,0.284384476739624,0.237816894740263,0.324504243126451,0.195065135475343,0.232307826254614,0.474611263100778,0.246678502703202,0.178000175096177,0.196988950358756,0.32868722750732,0.194925816398215,0.386499890868768,0.272316263715086,0.247448831676707,0.247898298796527,0.240451333677315,0.212856160948589,0.265308937747861,0.233379892744589,0.33407188634422,0.360821733123295,0.270193886981388,0.282776398322545,0.224680492593829,0.248901070651191,0.317105308244938,0.181863180499837,0.258064912733258,0.247941383102308,0.390331908740106,0.102778239075659,0.268943962455723,0.472922422570438,0.294042581760739,0.288255303171062,0.254907905255542,0.267850409696925,0.230489556459483,0.417870122153895,0.231218210429805
"ophelia_20",0.271710992688139,0.261540413811418,0.292605919939912,0.283184146997699,0.267536219403019,0.303978232900711,0.266148822173222,0.273542541079147,0.298580031408917,0.166746936428197,0.257508374210728,0.275866668217265,0.325633444555961,0.262885495510028,0.30181232377244,0.28495221637271,0.0881464751864643,0.285824206346207,0.308697873923079,0.131312343863417,0,0.215370930535966,0.24331757093033,0.148656059564067,0.225434997933268,0.170763945146602,0.241537310337119,0.187545099928929,0.307397992904964,0.205704501027112,0.262206414349405,0.320641369838946,0.105867684987564,0.281295081445922,0.205028971726276,0.265756898980238,0.344372260862253,0.188383143557475,0.156378182238852,0.237860023349859,0.333355569022376,0.314725751176582,0.223105423066762,0.199754518104985,0.227301550892443,0.272753082374405,0.292588266400895,0.36792219021425,0.20145895364668,0.256428191336985,0.34405146446804,0.233779612705992,0.256087456694779,0.38688071762047,0.242999853758189,0.243924902464062,0.295910822569938,0.353254528191111,0.28864763441445,0.214640633906787,0.289771932342473,0.205015170333879,0.301529336016774,0.415702335385271,0.287663930650601,0.249382832585807,0.196546175454775,0.228559697028916,0.298983383706884,0.410508114934043,0.300611252975632,0.25616887722235,0.281496896842324,0.211573631613312,0.159501969380273,0.28233150545885,0.286574460370755,0.36733456598497,0.31292738735953,0.316305780838313,0.298912142424106,0.263297818715895,0.297537500422906,0.326958915679952,0.197053543551847,0.31523176761794,0.315110486482211,0.334569059508356,0.14294208322518,0.309343531804476,0.413442742042523,0.321485484434521,0.336318503680301,0.304443625457023,0.17807802849518,0.28151421681979,0.358337876215033,0.271794924252338
"hamlet_21",0.161668470705522,0.125046717550996,0.145050532808093,0.119885740366149,0.423915409908726,0.166041381181433,0.10332767377447,0.130787395538682,0.208290409835437,0.179211527072203,0.0976497614502412,0.283020931593969,0.154767977875653,0.131061746084044,0.196377118723542,0.137661195263734,0.182014821441216,0.15676108591175,0.141965871243794,0.205271297403633,0.215370930535966,0,0.136825802041621,0.137462719197468,0.052597564602298,0.177456947427512,0.415739108592302,0.242844677270542,0.169199437759236,0.11953951156449,0.11211012043185,0.188220115537988,0.198181300122885,0.172050293769218,0.11541013142942,0.197330366321423,0.187024222508139,0.296277037165692,0.220542389934803,0.286622831689493,0.179469433386783,0.137017950358642,0.234847813989175,0.263274265778279,0.225248077441658,0.207694139983248,0.183788621294803,0.208443616813865,0.231105004389842,0.295023349466227,0.442986010739914,0.330140968428479,0.240801874001239,0.210937490485793,0.191202467433162,0.32635225702915,0.163190686362098,0.193512830960219,0.196750747897025,0.336122433443145,0.392712324962963,0.1366398746595,0.233161356291686,0.527247337560246,0.18871837977822,0.13924131167144,0.226971780738386,0.400771135874123,0.224273453275866,0.239005917785478,0.120447590014895,0.118376359227219,0.219568341723531,0.265440424684894,0.29975146935872,0.137645136046863,0.141715157699098,0.195342946732151,0.412404546094091,0.146660997095106,0.295258316299893,0.168300732800107,0.219625829214328,0.341040450087131,0.177963116432658,0.259342338608027,0.139544764674536,0.44202341674731,0.186720498255654,0.209876715243886,0.525470885595271,0.241045896400437,0.16070956586673,0.244937728714958,0.35200560917364,0.198393246392865,0.466538196745385,0.125652661104619
