"","Ginger_2","Padme_5","Padme_6","Ginger_7","Padme_7","Charles_9","Franc_9","Grogu_9","Henry_9","Ivy_9","Buddy_11","Joans_11","Padme_11","Ginger_14","Buddy_17","Ivy_17","Padme_17","Buddy_18","Ginger_18","Ivy_18","Franc_19","Ivy_19","Ginger_20","Buddy_21","Joans_21","Franc_22","Grogu_22","Henry_22","Joans_22","Marshmallow_22","Franc_24","Ginger_24","Henry_24","Ivy_24","Marshmallow_24","Henry_25","Ginger_29","Henry_29","Joans_29","Ginger_36","Grogu_36","Henry_36","Franc_37","Grogu_37","Grogu_41","Joans_41","Ginger_42","Grogu_42","Henry_42","Ivy_42","Buddy_44","Franc_44","Ginger_44","Ivy_44","Joans_44","Marshmallow_44","Buddy_45","Franc_45","Grogu_45","Henry_45","Ivy_45","Joans_45","Marshmallow_45","Buddy_46","Charles_46","Ivy_46","Joans_46","Marshmallow_46","Franc_47","Ginger_47","Ivy_47","Marshmallow_47","Buddy_48","Charles_48","Franc_48","Grogu_48","Ivy_48","Joans_48","Marshmallow_48","Charles_49","Franc_49","Ginger_49","Henry_49","Ivy_49","Joans_49","Marshmallow_49","Buddy_50","Charles_50","Franc_50","Ginger_50","Grogu_50","Ivy_50","Joans_50","Charles_51","Franc_51","Joans_51","Buddy_52","Charles_52","Ginger_52","Grogu_52","Marshmallow_52","Franc_53","Marshmallow_53","Charles_55","Ginger_55","Ivy_55","Buddy_56","Franc_56","Grogu_56","Joans_56","Buddy_57","Joans_57","Ginger_58","Henry_59","Joans_60","Marshmallow_60","Joans_62","Henry_66","Ivy_67","Franc_68"
"Ginger_2",0,0.0736658487961969,0.103368862381529,0.0510883969196838,0.0604294335032979,0.160474161115478,0.0758318574227607,0.606929441507699,0.231356668904123,0.317526524186063,0.391302185024437,0.502232831337419,0.484165289256198,0.782843145052253,0.476566710925894,0.48275362509713,0.386658235852039,0.377927739329606,0.646916636330542,0.52267514385739,0.502901923025489,0.536350978732698,0.548555049365108,0.529268692610407,0.614685214398394,0.636112243115795,0.364712911513413,0.409049682555679,0.495395554605114,0.528916469607294,0.596106780596149,0.624874682164911,0.439650632586218,0.566558101175583,0.359051598484112,0.294672291767527,0.626195946142437,0.486413728168472,0.501817840325199,0.524337663042004,0.36756615764014,0.536665751167262,0.616230630630631,0.372446997610331,0.369852296166339,0.434659453390155,0.289394929654983,0.385295647650425,0.636094888924312,0.566808404548539,0.455506768167528,0.528097783801421,0.691784034007534,0.569923090881175,0.525743272569444,0.463074609298372,0.565438833303182,0.570983273496424,0.577403615647122,0.682088923650803,0.526529912016273,0.575709405284808,0.358707404482779,0.497864616698697,0.575538556724225,0.710916709999082,0.563285857349505,0.440868803462847,0.630573618207153,0.612804614275415,0.693013387520918,0.250447147200859,0.402107584547721,0.434084408089527,0.584208233194193,0.368205346884143,0.622933510753699,0.52777211231219,0.350266056927736,0.339582077556761,0.568010233166025,0.730370095423684,0.606145010768126,0.652336064370246,0.574939020140776,0.434731859984865,0.212246622536646,0.528542248978714,0.597990656835707,0.66310780669145,0.365386728526952,0.630606249185927,0.636942489969181,0.527809706689746,0.583508659486422,0.61512706043956,0.513538307947601,0.519447336046182,0.606808657213388,0.354932021984379,0.381720694574254,0.538440740290114,0.371617224200973,0.504566425007061,0.669944637607629,0.572592291406699,0.193021719206258,0.612323270096509,0.357220908032037,0.663985304356843,0.461114736979507,0.248105216228266,0.646568851083869,0.658530812697849,0.505888356228766,0.187060975102872,0.706201138519924,0.565520025614968,0.440916362705574,0.520280800661345
"Padme_5",0.0736658487961969,0,0.0366025988376417,0.0521892395168438,0.0368522188798455,0.0899672601695296,0.115779465942645,0.561067473602884,0.164518101907926,0.253159501694086,0.331267227075134,0.446967099476752,0.425363605676798,0.757200382816591,0.422213797226556,0.427740681755088,0.444271581059245,0.318185517783988,0.607727131580237,0.470722433460076,0.44687174914549,0.484871521970503,0.496825225169553,0.478689722357526,0.570129494553517,0.593302842208429,0.403703557882856,0.350422832980973,0.438624110736511,0.476663976488861,0.549897941423124,0.581133736570096,0.382750436994614,0.516104354342633,0.388669160876537,0.230565437892665,0.582873739516366,0.433207202697331,0.445675679706492,0.474119457942233,0.406448423024878,0.485765015612564,0.56866547093897,0.41126502368934,0.408950175621179,0.377225404170076,0.225061147695202,0.365133105802048,0.595279507144134,0.518412634637079,0.394733055115844,0.480927449513837,0.654627655037107,0.521253214870236,0.473701690821256,0.405193035359613,0.516691780715517,0.522695498182496,0.527102450099328,0.644247067597803,0.481151677055506,0.527986672271786,0.390941772354899,0.44300118623962,0.523888853963664,0.675429203081281,0.514190783753571,0.381629976046538,0.586340541948932,0.569719698684168,0.658008075370121,0.201298067538552,0.362214632392594,0.376876211575741,0.536936682217301,0.407057906024566,0.578595643217466,0.476028278607869,0.28509464245447,0.303480641376613,0.519422674012571,0.694390512672509,0.560599723303626,0.612128410703092,0.526401792800784,0.374813763746009,0.175593939751223,0.478544107100167,0.552280591380938,0.62206753455373,0.388473063950441,0.587397945105423,0.59442088091354,0.477437895908879,0.536673770670317,0.567467948717949,0.456892023711263,0.468088626825709,0.56329195343153,0.392421833598304,0.32182911632443,0.486876344328625,0.410758104932421,0.449079405913938,0.629836203275934,0.525683402522128,0.13072985430709,0.568497235609858,0.39568022588434,0.623994001499625,0.40377882584416,0.17813016830431,0.603658435737559,0.619722527198323,0.451008494946328,0.133479064316942,0.670440337746416,0.517600435154247,0.383753025606183,0.467670170887317
"Padme_6",0.103368862381529,0.0366025988376417,0,0.0663090875591132,0.0555302685480201,0.0601788130790317,0.144759047440465,0.54063199717167,0.135556657575006,0.225652255187332,0.30498333190871,0.42286176031825,0.400348581213307,0.744197530864197,0.397965072133637,0.403518383248113,0.466301878496226,0.322035808364676,0.589004071299052,0.447152449639393,0.422902371400691,0.461302961564696,0.474290322580645,0.45584194895739,0.549846252079378,0.573746388333248,0.436625469592203,0.324620122312664,0.414878796322095,0.453560420704776,0.529022655862411,0.561220311220311,0.357166090067713,0.493917354293728,0.421613900791835,0.202424970929093,0.56322899055621,0.409234545175641,0.421846335623892,0.451185923162882,0.439178706813981,0.462996980975353,0.548091551438521,0.443959749504898,0.441766364090045,0.351966782575524,0.197257000363655,0.397853121765148,0.576152406871917,0.496434448710916,0.369781758811282,0.460248456145907,0.637476291021007,0.499234851691466,0.450614854119759,0.380358652336674,0.49467912530011,0.501078757401249,0.505972288580984,0.626708372580731,0.461037414727759,0.506422973104817,0.42386751366196,0.418985952929177,0.50206078917552,0.65897514908735,0.491982684544172,0.374545670330974,0.566522946880485,0.549591598599767,0.641198356579852,0.224523277678921,0.395114240551803,0.351685829819689,0.515639872649096,0.439775759372557,0.558365296493669,0.453038150581101,0.258216350123865,0.303919483223806,0.497520500437559,0.679144777928805,0.540154459643632,0.59349790115566,0.504843323364972,0.349275233962153,0.197329629900348,0.456066293867506,0.53154426385762,0.603773254080971,0.421576832942752,0.567595108695652,0.574943231291936,0.454748007280487,0.515417357117328,0.547049655611604,0.433198760679748,0.444942903752039,0.543046468995442,0.425245013814243,0.295348739082125,0.464378705649842,0.443574005276477,0.425385934819897,0.611803648144235,0.504140346283507,0.131372806965091,0.548271792277862,0.428485395965071,0.605418426840764,0.378970674619312,0.192382677383243,0.58454290366162,0.601359240219569,0.427224055282326,0.133586765714551,0.65367063135578,0.496039989613088,0.35810830707618,0.444189265714465
"Ginger_7",0.0510883969196838,0.0521892395168438,0.0663090875591132,0,0.02785223167463,0.124780354236064,0.0806628660458199,0.583458898376025,0.19704705395336,0.286066159265007,0.361368924677769,0.475062273550725,0.454735609103079,0.770397258879805,0.449760235052804,0.456287491668518,0.420177357514172,0.348323910315294,0.627374077391063,0.497197055492639,0.4753968813942,0.510736174201457,0.522604825486062,0.504352470730898,0.593570050290959,0.615927154873061,0.449481020909592,0.379735262551179,0.467407553662596,0.502151748837478,0.574175577320514,0.602261523293074,0.410754375050715,0.541862597225919,0.436357839699037,0.262080370830869,0.604014739211545,0.459926707136263,0.474131339733243,0.499348520210191,0.451753677064813,0.51119625001814,0.593138003727353,0.456142948812873,0.454136366461558,0.406508104913982,0.256974789915966,0.414487471526196,0.615755676406428,0.543742494801277,0.426209539451174,0.505047972232853,0.672423219167069,0.546611545843792,0.500823605242427,0.433978387914875,0.542208747866015,0.547984517800115,0.552603692482202,0.66252736890892,0.503970756696228,0.552992537093301,0.438126578403612,0.471210307681476,0.550674821064536,0.692547947879557,0.539855552123325,0.411159799758516,0.609190095871228,0.591332120971316,0.67588669364437,0.251090095039921,0.411442274751627,0.406240517184511,0.561735923138701,0.452291640789964,0.601539263483887,0.502556295955882,0.317942353477534,0.322952722557437,0.544861049845611,0.712837059230237,0.582913731992637,0.633012945336719,0.551450642764477,0.404834571235651,0.22629256703247,0.504021105484873,0.576293649020922,0.642136507886386,0.436019078879885,0.610211094747177,0.616863198458574,0.503084128162659,0.561201332193699,0.592209170140204,0.486284005127475,0.494318830649766,0.585207487492967,0.439200556574537,0.351498003953335,0.513174798024494,0.455804258275845,0.476928755998524,0.649381933438986,0.549503041091826,0.157549404477263,0.59097143902216,0.442053272182043,0.645227236986948,0.432823912953767,0.224049319985549,0.624816515194104,0.639403978709039,0.478995407902942,0.157826327134084,0.689551660695265,0.542196702002356,0.4118724906362,0.495076993531398
"Padme_7",0.0604294335032979,0.0368522188798455,0.0555302685480201,0.02785223167463,0,0.114337726326346,0.0925869677857385,0.577593271178317,0.188717447462124,0.276330888589532,0.353349586601654,0.465776245871033,0.445689386865857,0.767090180914238,0.442216848498482,0.444766868573038,0.426017299113746,0.340317568542095,0.622630852265595,0.486453874220703,0.463423015793468,0.503095771308128,0.515354201967954,0.497428383031724,0.583121112500193,0.605639103639699,0.436949178370965,0.372046477265095,0.45915855752719,0.495485194957491,0.563545659183549,0.597063519393921,0.403697405233419,0.533453453453453,0.423044618744266,0.253926541587728,0.59880943056317,0.452999943236647,0.465258620689655,0.492930320424326,0.439330017001448,0.504397401334689,0.583090198025948,0.443744531933508,0.441745677986376,0.398216109484578,0.248462454724457,0.400968350505943,0.610663669850783,0.532887303003271,0.415150127014534,0.49801329819257,0.668203518409522,0.535799952026865,0.489569553271598,0.425747280709113,0.531305101461403,0.537139697861722,0.545433876468359,0.658168819562921,0.497802183468768,0.542200790703247,0.425196443341605,0.459715098086842,0.540565453254152,0.688355087928268,0.528891676747763,0.40282038935131,0.598855481026315,0.585971340299017,0.671264256561648,0.237786480826343,0.397927018218732,0.394722411694686,0.550987736361989,0.439887272910271,0.594548286604361,0.494825525464245,0.308527290923555,0.301740996395387,0.533978263465902,0.707501674480911,0.577197076231243,0.626988775784825,0.540669999700626,0.396445004382121,0.211734810677167,0.496955827108252,0.565757836955043,0.636789651907368,0.422991970480472,0.599894011658718,0.606634403044683,0.49601507027967,0.550544649269811,0.580532417743152,0.473751156336725,0.487005649717514,0.579776634691135,0.426341488420972,0.343807690796968,0.502143933248348,0.443433454819656,0.468793222683264,0.644295518252408,0.543203181489516,0.152190786883402,0.584814516628476,0.429359203472045,0.635253500415574,0.424285973406259,0.207888559936778,0.618961467656954,0.634393501747443,0.468056953832878,0.131953952484748,0.680057765524485,0.535294645259664,0.404584949997268,0.48560639070443
"Charles_9",0.160474161115478,0.0899672601695296,0.0601788130790317,0.124780354236064,0.114337726326346,0,0.201781203000128,0.500293750458985,0.0861360905333492,0.178622986435687,0.253757871994852,0.377661096245435,0.353175587413397,0.719398981537752,0.350416126331687,0.357628206182853,0.50982577431887,0.345332889279118,0.55256225829955,0.404763908761889,0.377796411202415,0.419377043538117,0.430198531602096,0.410779516162382,0.511963651020483,0.537415982076176,0.466273691582649,0.273833987172302,0.367062727287962,0.408457016772681,0.490016024775383,0.522327998956723,0.30865772561277,0.452536752318632,0.450848466805597,0.149345026953049,0.524335210532205,0.362020611029058,0.377313060901483,0.406340647715251,0.468726515983583,0.418435289221806,0.509985800431519,0.473531897823813,0.471492558878775,0.302786828203587,0.143828488170402,0.426619911571886,0.53712471453239,0.455820231021367,0.383632540837781,0.419380829898664,0.60372878029634,0.458394548190105,0.406964834414476,0.38346624916418,0.453493907922346,0.46038015304863,0.463006132769071,0.592177029764687,0.420867314694995,0.466155178814503,0.45333273780279,0.37367012378722,0.460906232132647,0.627055217166288,0.450694297596391,0.40348293744798,0.529582496092878,0.509870484483968,0.6084202394747,0.238843731495936,0.424426607278182,0.304584882280049,0.475778083316965,0.469332370985204,0.521327628678854,0.409147730191619,0.232677287424885,0.335505735140772,0.456732716864817,0.647189513441457,0.499871564346262,0.55723403451792,0.464388571832429,0.346652869537531,0.213583047112954,0.412026726057906,0.493133047210301,0.567578979693678,0.450963943856075,0.531075645517062,0.538702460850112,0.410248125031887,0.476078625293609,0.509097552064304,0.388350996184824,0.399704187280053,0.502970950704225,0.454379239162489,0.246947164792649,0.422062798565187,0.473363994175401,0.378671937025963,0.576246023329798,0.46200267022697,0.151335688686679,0.508744184335865,0.45772115483407,0.571234839079362,0.387393836842277,0.206994582416993,0.547222695680169,0.565180920425516,0.382174946477639,0.147395422257301,0.623001557356043,0.453400370468378,0.310048105164558,0.400214866731468
"Franc_9",0.0758318574227607,0.115779465942645,0.144759047440465,0.0806628660458199,0.0925869677857385,0.201781203000128,0,0.63494890784663,0.273365996038778,0.358125194090768,0.429584386408312,0.535505262364673,0.515406926299611,0.802120141342756,0.512006903353057,0.517818774542491,0.357181959356042,0.417243418078114,0.674370659722222,0.555234530060548,0.535243201262667,0.568285426057642,0.578413355765498,0.562559914107136,0.64379604990439,0.663914534781253,0.4410286461268,0.446806494783093,0.526867988782051,0.560451081675446,0.6259308159493,0.652102114296543,0.475708013701935,0.596746396490495,0.42882319955139,0.335301229753722,0.653649748736912,0.521476510067114,0.53422454518042,0.557678886393341,0.44311330357842,0.568708024604163,0.642795722040092,0.447012288615809,0.445258413394325,0.471442099080633,0.33032753126829,0.421314590108519,0.663597083445855,0.598068658416611,0.488778632468213,0.558573974203141,0.715414019899938,0.600865755710858,0.558903796600703,0.496552908560073,0.597030449593052,0.601976207501788,0.605144338989298,0.706529488236857,0.556422298895672,0.606632972071697,0.430638219943229,0.53168877608432,0.603828329110268,0.733045613935462,0.594848536043353,0.475307522043616,0.658088682740808,0.642164966466406,0.71781442325058,0.291982774127332,0.439759604053736,0.470275244511037,0.61456091543751,0.443604989047342,0.651202285960751,0.560675844169063,0.387194359149323,0.360071897736942,0.599121804198711,0.749397521230204,0.634258329652089,0.679492611982121,0.605276179067163,0.469138479329286,0.253276634208472,0.561313216474348,0.627540363368847,0.687537169965285,0.428712711883898,0.65863789615644,0.664901612925069,0.560821245031771,0.613792564823493,0.641424587342042,0.544356875820956,0.553035863430437,0.63649988625567,0.431612910555436,0.420092857390962,0.569801579267058,0.44675197070186,0.53624685138539,0.694363500124886,0.603723682832303,0.234398859304054,0.641432019308125,0.434315989675316,0.690611389823033,0.496467188322741,0.288130585715341,0.671634430990083,0.685444910880187,0.539070948919796,0.213083355546999,0.730374464245432,0.596961735556538,0.476462951387219,0.553715024986682
"Grogu_9",0.606929441507699,0.561067473602884,0.54063199717167,0.583458898376025,0.577593271178317,0.500293750458985,0.63494890784663,0,0.437629702685488,0.361256788569564,0.283092950815381,0.153672630635642,0.183230092467906,0.343433854494409,0.190761688177442,0.187449957000089,0.792147665778668,0.298630699010206,0.106963388370424,0.17563765651569,0.16020878108689,0.135136876006441,0.130394215068813,0.172197830578512,0.0865489426640506,0.0595471698113207,0.410468452395303,0.263341941037228,0.174450338842722,0.174372395076088,0.0954738579304049,0.0655596047638727,0.231744606839285,0.0929733046946916,0.382751744765703,0.385309567637947,0.0328239102612362,0.175095635410705,0.225016238285237,0.13206111709884,0.415369280425289,0.116424931399451,0.0346376118084441,0.423972298261622,0.419928825622776,0.242603550295858,0.391400955449395,0.337658967038671,0.0739206686816672,0.114667733653429,0.257233247052056,0.284326805058968,0.147185603682779,0.0936640054357058,0.192766497461929,0.247277928598535,0.14086264458908,0.0758750927362244,0.0775447641608027,0.129922557258197,0.314584496674958,0.139390653065374,0.38689006906525,0.202017114914425,0.119897606198976,0.183622400552248,0.147399622743196,0.287666591371132,0.0542565947242206,0.216269987473289,0.172411003236246,0.420377582119878,0.328705550679539,0.290346666666667,0.102719137615313,0.416463342413834,0.0396940328988897,0.132718511663529,0.330743318006344,0.591641666085258,0.133905434965506,0.221950024497795,0.042052328547482,0.111437176615955,0.138775095642753,0.238260383163194,0.45495558438966,0.205601092896175,0.133264033264033,0.0946410031147672,0.382220318915787,0.0699542563873703,0.073589164785553,0.161526101887149,0.132226093427595,0.0789017341040463,0.198120006266646,0.163817260161834,0.0688801514489588,0.389695780176644,0.299734069755549,0.18704152630419,0.423181485071275,0.183484240331062,0.106792985285225,0.0906405632835308,0.470460620617519,0.0364215381236502,0.39572934674101,0.10693813006523,0.254461949886635,0.434753325475669,0.0659208328477645,0.116169173820588,0.154148972443508,0.495335751832383,0.186293150800693,0.101434599156118,0.237231051855151,0.13264304486875
"Henry_9",0.231356668904123,0.164518101907926,0.135556657575006,0.19704705395336,0.188717447462124,0.0861360905333492,0.273365996038778,0.437629702685488,0,0.0964092014213578,0.176913762949011,0.307672224087128,0.28537986027287,0.674904580152672,0.278047895500726,0.286130006183842,0.559215255721549,0.271278979073665,0.492415353670801,0.335895235607954,0.309357061915996,0.350423429106689,0.364072557050907,0.340965216226047,0.449726339093537,0.477021000397814,0.410723963148331,0.197323613464072,0.299079299079299,0.339806940933119,0.426497788500201,0.460754417477756,0.232761650383074,0.386978178368121,0.39316726674378,0.100217302110718,0.462353900516445,0.289313257436651,0.306986117330945,0.336110742893935,0.414041673896241,0.349449617334644,0.450111505740481,0.419986875410143,0.417072747630537,0.228864471415884,0.0944677511846196,0.363951096318844,0.477777777777778,0.390228674002966,0.313951205582624,0.360050392413899,0.548719992913456,0.392496449424017,0.337981470604952,0.310421845167333,0.387123384530777,0.394952371599725,0.40012408189405,0.535762127500714,0.363260192222094,0.401118815001576,0.395385217051232,0.302902873233174,0.398194103928721,0.574517878440109,0.384207737148913,0.334086137233798,0.469060877182006,0.445571555482098,0.553685217807355,0.165715453444073,0.357934080869861,0.262878439781488,0.411202294637877,0.414770937047073,0.458872841965471,0.339784782691357,0.155142903277894,0.382896695634471,0.390968298807282,0.601024890190337,0.43662608052892,0.498420237918531,0.39954328910587,0.272274449277396,0.156314815852907,0.344292954796237,0.430458290935935,0.510571669222297,0.392401325502805,0.470404984423676,0.478480800986601,0.341647485000566,0.412324885880686,0.450276863979077,0.321799307958477,0.330051676662517,0.438281105707074,0.397236419922284,0.167022809720221,0.35598974049487,0.419212737170007,0.310112359550562,0.519732557634698,0.395346990630459,0.136855680711238,0.445656648826678,0.40101392543156,0.513317295300283,0.31351166843325,0.14757244848996,0.488937111735171,0.505733576251206,0.31239490303053,0.141760416528311,0.569756054131054,0.387139881303305,0.235399034762538,0.33057037962227
"Ivy_9",0.317526524186063,0.253159501694086,0.225652255187332,0.286066159265007,0.276330888589532,0.178622986435687,0.358125194090768,0.361256788569564,0.0964092014213578,0,0.111326306380126,0.22153961885657,0.200155381092574,0.616529291364718,0.189285569558698,0.199731794538362,0.609811751283514,0.193988218670288,0.419045803345884,0.250459866220736,0.224217205867055,0.264110001074229,0.283447609001406,0.256654687869854,0.369226119906084,0.39769020121443,0.352699571719441,0.108731560061514,0.213944206543882,0.25741721569134,0.344430800018193,0.386730623100304,0.144030346877322,0.304287690179806,0.330863975546166,0.116936759880748,0.388412068186681,0.201462192467244,0.221051311002384,0.250823749495121,0.356943311759296,0.266575574207821,0.372181332333224,0.363864276392609,0.360291438979964,0.137221501713091,0.096396694214876,0.297436372049977,0.402137419019246,0.306248076331179,0.234497165025365,0.285220772846545,0.482559025133282,0.308123748052526,0.252706583005424,0.231468081685158,0.304110924071941,0.310549513831979,0.32119182823918,0.468356340046768,0.293862605432387,0.317941424825563,0.334088701845257,0.216467904179197,0.317028128730041,0.510045768365526,0.300267799836222,0.260120602620259,0.39349975108456,0.370030724488121,0.484868830038543,0.105525716016129,0.28865785211135,0.183055005189169,0.327602502362843,0.357823600762433,0.379107151275161,0.252989408951145,0.0686916886261662,0.396624878135856,0.305994249059942,0.538976440204501,0.36008570696602,0.422607687290122,0.31986143187067,0.191843902439024,0.198688824515932,0.260172316206528,0.349791455303799,0.440609813257024,0.330446441513263,0.39326160815402,0.400118835412953,0.256456939622322,0.330285409916108,0.373943254198031,0.236490191942628,0.243397663788725,0.359262621325326,0.336841169673807,0.0766807684559457,0.274662491006814,0.362827877361755,0.225973044464038,0.449330024813896,0.312261824702981,0.20781871545418,0.364927360209277,0.341583283244352,0.440156901201275,0.233901837785839,0.171933277254908,0.416121053397352,0.431827630903177,0.226568389312338,0.177739740805201,0.499004136663092,0.303457446808511,0.146513165571156,0.242331548984621
"Buddy_11",0.391302185024437,0.331267227075134,0.30498333190871,0.361368924677769,0.353349586601654,0.253757871994852,0.429584386408312,0.283092950815381,0.176913762949011,0.111326306380126,0,0.152238390953749,0.11784131005157,0.565651427481401,0.210910556725041,0.118519184113577,0.663715696728211,0.295563633442452,0.350276421018732,0.224895688456189,0.145393750720627,0.241629824351774,0.261199882364474,0.295827248569582,0.298535897904324,0.329132591500201,0.461929905111723,0.154655937962519,0.129383034603511,0.300052699659848,0.272597647298467,0.309793649096547,0.101675207786056,0.233663958530629,0.441539821270745,0.115231022207766,0.311688659297128,0.120334591080602,0.33371979780179,0.178243310266645,0.46519053106875,0.236409302774893,0.297613402876561,0.471570531978482,0.468807252809519,0.190349438896105,0.126953405017921,0.408210846426761,0.332127467149013,0.232726916098661,0.349720179962691,0.255650156402129,0.41256846353416,0.243151876708924,0.307668675410611,0.346177750155376,0.269877373417722,0.237657296842938,0.240879977722083,0.397222776653075,0.230211384057538,0.271797925661257,0.444736945503124,0.297437665172929,0.266654912726998,0.442969416889883,0.281574982091248,0.374564497630434,0.320011738654857,0.293091177478451,0.421089680416725,0.167858311941147,0.401124106294169,0.201076716016151,0.256681262267854,0.465987549518959,0.309123681280814,0.247887591379474,0.154982123426084,0.467611960015853,0.271686003455937,0.474703723756241,0.281899730627403,0.354863325429918,0.276257066349301,0.298560687432868,0.270126457546395,0.205218240587866,0.280040348001513,0.367469375226721,0.441535292719639,0.322205710646428,0.33142474916388,0.186994545796502,0.270875662817781,0.299857050032489,0.314774057597752,0.219099539430398,0.284373938269346,0.446300067888663,0.142977376109653,0.30598242398609,0.471259605243333,0.289514137979224,0.377640449438202,0.240791781508394,0.278992646705436,0.292333525738574,0.450661319554236,0.371238570241064,0.349558599022059,0.245442228205876,0.342000109475067,0.362900328829202,0.191053511705686,0.267543927309751,0.438686089025593,0.227412172191984,0.071871923290955,0.164243911648103
"Joans_11",0.502232831337419,0.446967099476752,0.42286176031825,0.475062273550725,0.465776245871033,0.377661096245435,0.535505262364673,0.153672630635642,0.307672224087128,0.22153961885657,0.152238390953749,0,0.0548345061245765,0.469155083554584,0.0923425744615067,0.0805192118736102,0.728330041694097,0.190507610748333,0.231699554423934,0.115448549520082,0.043253471204328,0.101074910424131,0.121388936559693,0.167135183278132,0.169822940723634,0.201793151686644,0.381908248976955,0.121460276768971,0.145884357363433,0.170120320855615,0.157513759272553,0.181944884383909,0.08935960591133,0.090421187726053,0.356377432165598,0.249681811753773,0.18411117103969,0.0905326064164395,0.211833494260273,0.0661661963341461,0.38669328293232,0.0956277238858428,0.165006226650062,0.39485050530465,0.390781903488101,0.0970111140835137,0.256495456183194,0.31545661522894,0.211451247165533,0.144574175824176,0.235858318858092,0.188046475454267,0.293607875762618,0.103001046876818,0.178844624790941,0.234072940576384,0.127723516153268,0.106596931256682,0.109123859888886,0.276745697765917,0.240828842641654,0.129367382472432,0.359964491788726,0.170440368433626,0.118750184578128,0.327147986207387,0.141422014376028,0.269786222101117,0.190607123668658,0.190403489640131,0.309473258517844,0.288519377023429,0.305696559503666,0.219701787859515,0.124144441822044,0.387720488466757,0.181407602559277,0.110939652796914,0.190127570032002,0.5310909528779,0.129975770162686,0.362574806597577,0.152276585892885,0.233412207059739,0.133951870107277,0.183747666306377,0.343954367097806,0.180538736847771,0.152337858220211,0.244274045674279,0.355565509518477,0.195151058350606,0.204959883296864,0.116476808197526,0.136864063043226,0.169858731958447,0.186448953021591,0.103829601786784,0.157583048024429,0.362938332640605,0.157077687751072,0.176162980716854,0.393786769374021,0.162191308098781,0.255393507628201,0.108312786192321,0.351208045387865,0.165592464055528,0.368503389535894,0.247090716741603,0.237098208613899,0.318288382731345,0.216640604639041,0.242561043925265,0.048476379857043,0.372882792763771,0.321243885394829,0.109202383018104,0.115998043052838,0.0342694476378168
"Padme_11",0.484165289256198,0.425363605676798,0.400348581213307,0.454735609103079,0.445689386865857,0.353175587413397,0.515406926299611,0.183230092467906,0.28537986027287,0.200155381092574,0.11784131005157,0.0548345061245765,0,0.495050247487626,0.127470653155413,0.0462119305310848,0.716054759519765,0.231497322638701,0.260192141889395,0.139802888877301,0.047875787345447,0.152594511454707,0.170914542728636,0.217682844396377,0.201216784468104,0.233504567965794,0.41367982142105,0.10681949751071,0.103521491455205,0.219372294372294,0.174611459058223,0.211794274504996,0.071634338390628,0.138879456706282,0.389754818010362,0.227099198892296,0.214489639293937,0.0566721077331157,0.257485654668753,0.0843829050725603,0.41800810052965,0.148849021053494,0.194779358572462,0.425517948717949,0.421997965074026,0.11117960877297,0.234288626651508,0.350995756527987,0.237381126554499,0.147333333333333,0.277863606267932,0.188401131372594,0.322097378277154,0.151280893804311,0.229662394414986,0.276262852033974,0.182715495485391,0.137873987045397,0.13610831052859,0.306059105167575,0.227696170194023,0.184649172204077,0.393355885159164,0.220016008675669,0.17175015035656,0.355466474800425,0.196066896377847,0.309450814725407,0.222252806067835,0.196223341678984,0.337563864753165,0.26755168334679,0.345211887727023,0.202509825553334,0.164454108491646,0.418961512939615,0.210625379477838,0.161837947839126,0.165559792621792,0.513395746830647,0.184917702384951,0.386366830639494,0.182864488356103,0.262356222772432,0.188825746919485,0.225074226606647,0.339975759304149,0.150796765837193,0.190455705641114,0.271971917168529,0.389358071150396,0.22670071128944,0.23624535886342,0.114754966887417,0.183627572247835,0.198135890053133,0.233097774496361,0.13238019592269,0.188039549541476,0.39571083409951,0.134162289159297,0.226728793815525,0.424756779134755,0.20792702107581,0.284286363341338,0.149413506434347,0.346820508371649,0.196171387421987,0.400849617672048,0.278239202657807,0.281532256068892,0.314624166215131,0.244646006550768,0.27089768493456,0.09845832244578,0.35050052467645,0.350653726917374,0.13032497053376,0.0800267073636017,0.0611864857674914
"Ginger_14",0.782843145052253,0.757200382816591,0.744197530864197,0.770397258879805,0.767090180914238,0.719398981537752,0.802120141342756,0.343433854494409,0.674904580152672,0.616529291364718,0.565651427481401,0.469155083554584,0.495050247487626,0,0.489782368129841,0.492214148005339,0.889543069243568,0.574684486340662,0.301349021198904,0.459368651351774,0.476550094884009,0.429982305254928,0.422957867583835,0.435175630494902,0.342993308621769,0.299073464634702,0.628599401059664,0.550990896243468,0.48093728249942,0.443269151309809,0.362908421537045,0.32947453191061,0.521212540660253,0.396864759542999,0.60570555272542,0.634150858533746,0.317353787152445,0.47758034026465,0.474474239699789,0.441787312981409,0.632294345381072,0.427649499224741,0.339014594965227,0.639475438986441,0.635716505183469,0.528231974708502,0.638331242158093,0.578616154306032,0.309226932668329,0.406247310902676,0.52399985724992,0.548504669855836,0.213694156071387,0.389050515736578,0.452343466149933,0.509306383597499,0.404820118756549,0.394542676271556,0.388896479482625,0.229759799166999,0.574810867101596,0.400826083135601,0.610528209125247,0.476030957606561,0.394106232230696,0.183882159595837,0.407210427655957,0.532982174625876,0.317719043081398,0.329770019124209,0.232875187802571,0.664288007111286,0.559805510534846,0.549933335501284,0.377849869334054,0.632944228274968,0.315033197899118,0.436717097771271,0.604245283018868,0.726667062056422,0.398502133588783,0.161380715832378,0.3434494756681,0.277455741814194,0.408285062313498,0.537406053919879,0.688921699810825,0.456537962999332,0.38374564696305,0.263762094790357,0.606227995629477,0.32591857000993,0.305430891029197,0.446943021766965,0.395634259665118,0.358750179160097,0.466502423905269,0.448264832880217,0.3377093489068,0.612360706830143,0.572854538150128,0.45830335012393,0.638670117011701,0.470185112248917,0.249113867966327,0.382187248502191,0.699044053746908,0.32824501701507,0.616397645824835,0.27337431252022,0.509275666292988,0.670289232882761,0.289670422238602,0.258889782783588,0.466447162119787,0.715645423972588,0.187374394136423,0.39499912572128,0.524573308657208,0.443379510309278
"Buddy_17",0.476566710925894,0.422213797226556,0.397965072133637,0.449760235052804,0.442216848498482,0.350416126331687,0.512006903353057,0.190761688177442,0.278047895500726,0.189285569558698,0.210910556725041,0.0923425744615067,0.127470653155413,0.489782368129841,0,0.146071890869262,0.71081268812225,0.146119826618847,0.250379731453916,0.0850603154964429,0.0994080110709617,0.0827444601477294,0.105704882062534,0.0924199107596121,0.202955288022842,0.235288762101302,0.317559672842597,0.087262475072776,0.20654344375608,0.100368964226512,0.171943887775551,0.21924519172614,0.120860848496366,0.1316863227321,0.291060960683687,0.23175873090574,0.221007359844928,0.1437578814628,0.140477541127327,0.0767692186225228,0.323152283532632,0.0884709818417289,0.206199060027366,0.33176126199382,0.327133186559947,0.0569491048173264,0.217467350746269,0.249194104177319,0.231338345864662,0.159431425278525,0.169500982508915,0.200983405039951,0.328346404797996,0.137100819260993,0.106159964183192,0.163849857521863,0.131730556171061,0.133859576235978,0.146969309099184,0.311875549191265,0.283212283801173,0.145224984704377,0.294600283517333,0.101988716142044,0.144545943041376,0.361301427655338,0.127480007747862,0.20032483817804,0.230091433054709,0.242104009763939,0.325976067498637,0.259762751634109,0.237548240635641,0.180906008964529,0.158331920664519,0.324251017137221,0.212629560841172,0.0695988144384461,0.160653650254669,0.48889202452064,0.133772051097716,0.395751159089336,0.189862213436403,0.253392686018115,0.150883627875959,0.117897929204379,0.318324903618293,0.198168602395303,0.185862762312027,0.280221001492395,0.28976337002687,0.232153569286143,0.237201416850837,0.128927524088814,0.161104015105237,0.210219448595119,0.117187092738362,0.080916989427405,0.188537397918571,0.298299125203872,0.116179020610637,0.114879363584027,0.330160813915326,0.090697071780254,0.291144100332736,0.134510487544284,0.32992406632574,0.194965946106011,0.304027608265645,0.282996282996283,0.167698822607887,0.293960676760002,0.253214884761136,0.266949285602135,0.0761004339739615,0.345326476958944,0.348495916063484,0.133218760394722,0.164660908962197,0.10165124106016
"Ivy_17",0.48275362509713,0.427740681755088,0.403518383248113,0.456287491668518,0.444766868573038,0.357628206182853,0.517818774542491,0.187449957000089,0.286130006183842,0.199731794538362,0.118519184113577,0.0805192118736102,0.0462119305310848,0.492214148005339,0.146071890869262,0,0.71544868544941,0.248173732647701,0.260036607687614,0.147653784468933,0.0562456600570944,0.172550384069802,0.197125708936733,0.236986778942852,0.188059701492537,0.224819431322951,0.432224314710191,0.111683414196693,0.10985510225054,0.242486045513096,0.15986433662911,0.215973276647434,0.07302192564347,0.161261362361127,0.408911765339306,0.227511354922433,0.21761610754585,0.0412026726057906,0.280146982714005,0.088301328614068,0.436273194493178,0.170372376438727,0.196714456391876,0.443511232519264,0.44023275488517,0.133783751971562,0.234264780388947,0.371183908302299,0.240698236288959,0.117783164389599,0.298688021809508,0.199698568198945,0.325278072033898,0.164484726418261,0.235693706552481,0.298299235888588,0.189957181782795,0.1257541635388,0.15485879094206,0.308771126875674,0.22692568528363,0.187883863763261,0.412580784144765,0.233212922398996,0.196445302518384,0.358177070970805,0.206744257103969,0.331256440365214,0.213114754098361,0.197010910177851,0.336770534592208,0.268422919661694,0.3619056294407,0.190057745418027,0.16451100521897,0.437190900098912,0.21152689207075,0.181513944223108,0.181303477927717,0.507958205672087,0.189630287554125,0.39271311361424,0.186431639757073,0.262301698177641,0.193361227336123,0.247504041076353,0.355304212168487,0.135847979024428,0.188695874676599,0.276925530218466,0.408780699847859,0.208360942111921,0.221962119599915,0.113417774741157,0.186865871334597,0.186597240608361,0.252118865752851,0.153280453853023,0.188537935525887,0.414653835532046,0.142335043261927,0.231536926147705,0.442917678035134,0.232393633621138,0.287807699723633,0.166930111775996,0.361604446055334,0.196598477640342,0.41963531993922,0.267780308782587,0.300454377993369,0.330905712958662,0.249875218367856,0.271012710127101,0.123191787214186,0.353142970782718,0.342761841227485,0.133674661917747,0.0707386363636364,0.065656832216182
"Padme_17",0.386658235852039,0.444271581059245,0.466301878496226,0.420177357514172,0.426017299113746,0.50982577431887,0.357181959356042,0.792147665778668,0.559215255721549,0.609811751283514,0.663715696728211,0.728330041694097,0.716054759519765,0.889543069243568,0.71081268812225,0.71544868544941,0,0.647094114282126,0.813585494129159,0.738349890997411,0.728350338521316,0.747487056772945,0.757319995832031,0.744954738592278,0.795102789847654,0.807793716421218,0.61909398872629,0.668426073131956,0.724182242990654,0.745218033998522,0.783946155930978,0.802864865690332,0.687148204234407,0.767878515858767,0.634592888439734,0.595271835857484,0.803567200091662,0.717451362433478,0.728153350892596,0.740858751241768,0.611837389493805,0.749838842332229,0.797393473037501,0.605234890203277,0.611683356200383,0.683620965733196,0.590422753993867,0.652615149882068,0.80568518010187,0.766086050320083,0.698560225418526,0.729755265217483,0.841099778547144,0.76853734377803,0.742354768195836,0.703663622065423,0.766331845793346,0.768826071058111,0.774634549622337,0.835646258503401,0.726644729976973,0.771575424336601,0.634546159384172,0.725350006201256,0.773310220101008,0.851639260705576,0.765049948894708,0.689464458197689,0.80559689248075,0.795727464237096,0.839667154777677,0.56379084018813,0.663693747005946,0.681012908092408,0.776940851664016,0.61096858710188,0.800106642291286,0.742832716713589,0.632487001613593,0.520648684755784,0.767141066953097,0.862334384858044,0.791685319938387,0.81710135358204,0.772059812078933,0.685447952949237,0.529059076428997,0.741997847052879,0.784489036026094,0.824840985849093,0.639156935978785,0.805239336167878,0.808125014320739,0.742332280108752,0.775673576677221,0.796105401086125,0.735219867316386,0.737756226581441,0.79122571443744,0.627176811913803,0.648340617746084,0.749000822851769,0.60999659052165,0.729968934997948,0.828561252458306,0.770484924773722,0.514306779932682,0.794164109730534,0.623614358410122,0.824642868162044,0.702301244675714,0.555633111858871,0.815223072902254,0.820845825979051,0.730488251226118,0.491996944000707,0.847659667541558,0.765939659934017,0.689611907952893,0.738674317663503
