"","Ginger_2","Padme_5","Padme_6","Ginger_7","Padme_7","Charles_9","Franc_9","Grogu_9","Henry_9","Ivy_9","Buddy_11","Joans_11","Padme_11","Ginger_14","Buddy_17","Ivy_17","Padme_17","Buddy_18","Ginger_18","Ivy_18","Franc_19","Ivy_19","Ginger_20","Buddy_21","Joans_21","Franc_22","Grogu_22","Henry_22","Joans_22","Marshmallow_22","Franc_24","Ginger_24","Henry_24","Ivy_24","Marshmallow_24","Henry_25","Ginger_29","Henry_29","Joans_29","Ginger_36","Grogu_36","Henry_36","Franc_37","Grogu_37","Grogu_41","Joans_41","Ginger_42","Grogu_42","Henry_42","Ivy_42","Buddy_44","Franc_44","Ginger_44","Ivy_44","Joans_44","Marshmallow_44","Buddy_45","Franc_45","Grogu_45","Henry_45","Ivy_45","Joans_45","Marshmallow_45","Buddy_46","Charles_46","Ivy_46","Joans_46","Marshmallow_46","Franc_47","Ginger_47","Ivy_47","Marshmallow_47","Buddy_48","Charles_48","Franc_48","Grogu_48","Ivy_48","Joans_48","Marshmallow_48","Charles_49","Franc_49","Ginger_49","Henry_49","Ivy_49","Joans_49","Marshmallow_49","Buddy_50","Charles_50","Franc_50","Ginger_50","Grogu_50","Ivy_50","Joans_50","Charles_51","Franc_51","Joans_51","Buddy_52","Charles_52","Ginger_52","Grogu_52","Marshmallow_52","Franc_53","Marshmallow_53","Charles_55","Ginger_55","Ivy_55","Buddy_56","Franc_56","Grogu_56","Joans_56","Buddy_57","Joans_57","Ginger_58","Henry_59","Joans_60","Marshmallow_60","Joans_62","Henry_66","Ivy_67","Franc_68"
"Ginger_2",0,0.509316770186335,0.490322580645161,0.261682242990654,0.493589743589744,0.532934131736527,0.204081632653061,0.573643410852713,0.413533834586466,0.318965517241379,0.595890410958904,0.5,0.545977011494253,0.603174603174603,0.556451612903226,0.377952755905512,0.61875,0.55,0.572649572649573,0.595588235294118,0.556451612903226,0.601449275362319,0.53,0.584745762711864,0.648854961832061,0.583333333333333,0.531914893617021,0.202020202020202,0.516949152542373,0.515789473684211,0.558139534883721,0.532608695652174,0.21,0.607142857142857,0.563025210084034,0.150537634408602,0.510869565217391,0.31304347826087,0.533333333333333,0.217821782178218,0.534883720930233,0.545454545454545,0.590909090909091,0.536842105263158,0.532608695652174,0.628787878787879,0.275229357798165,0.482352941176471,0.52991452991453,0.579365079365079,0.574803149606299,0.587837837837838,0.481012658227848,0.586206896551724,0.605839416058394,0.524271844660194,0.51063829787234,0.557251908396946,0.514563106796116,0.541666666666667,0.569230769230769,0.547619047619048,0.494505494505495,0.557522123893805,0.566371681415929,0.528925619834711,0.528301886792453,0.50561797752809,0.5625,0.202020202020202,0.57258064516129,0.225490196078431,0.625,0.633333333333333,0.581395348837209,0.511627906976744,0.569105691056911,0.622222222222222,0.217821782178218,0.61744966442953,0.587786259541985,0.510416666666667,0.534653465346535,0.368,0.522935779816514,0.5,0.539130434782609,0.622377622377622,0.536082474226804,0.522727272727273,0.530612244897959,0.53,0.533333333333333,0.658536585365854,0.560975609756098,0.514851485148515,0.535714285714286,0.65,0.516483516483517,0.5,0.177083333333333,0.523809523809524,0.506024096385542,0.560975609756098,0.570093457943925,0.551724137931034,0.281818181818182,0.584,0.471264367816092,0.51,0.584745762711864,0.481012658227848,0.548076923076923,0.536363636363636,0.518867924528302,0.261682242990654,0.193877551020408,0.522522522522523,0.3828125,0.583333333333333
"Padme_5",0.509316770186335,0,0.0613496932515337,0.365853658536585,0.0432098765432099,0.087719298245614,0.407407407407407,0.358024691358025,0.191358024691358,0.310975609756098,0.228395061728395,0.549382716049383,0.128491620111732,0.407407407407407,0.408536585365854,0.24390243902439,0.258620689655172,0.770186335403727,0.462962962962963,0.355421686746988,0.388888888888889,0.353293413173653,0.603658536585366,0.453416149068323,0.439759036144578,0.359756097560976,0.633540372670807,0.395061728395062,0.41358024691358,0.623456790123457,0.355828220858896,0.652173913043478,0.398773006134969,0.341317365269461,0.466666666666667,0.422360248447205,0.648148148148148,0.306748466257669,0.54320987654321,0.382716049382716,0.708074534161491,0.524390243902439,0.365853658536585,0.627329192546584,0.652173913043478,0.396341463414634,0.333333333333333,0.68944099378882,0.451219512195122,0.398773006134969,0.376543209876543,0.236363636363636,0.745341614906832,0.260606060606061,0.355421686746988,0.555555555555556,0.654545454545455,0.367469879518072,0.567073170731707,0.638036809815951,0.355828220858896,0.732919254658385,0.639751552795031,0.50609756097561,0.538922155688623,0.424242424242424,0.530864197530864,0.67283950617284,0.368098159509202,0.414634146341463,0.420731707317073,0.366459627329193,0.426829268292683,0.369318181818182,0.384146341463415,0.695652173913044,0.397515527950311,0.375757575757576,0.402439024390244,0.372881355932203,0.381818181818182,0.611111111111111,0.580246913580247,0.22360248447205,0.50920245398773,0.641975308641975,0.475609756097561,0.358823529411765,0.625766871165644,0.699386503067485,0.596273291925466,0.595092024539877,0.53416149068323,0.223529411764706,0.401234567901235,0.559006211180124,0.472049689440994,0.247058823529412,0.660493827160494,0.633540372670807,0.423312883435583,0.537037037037037,0.720496894409938,0.467455621301775,0.575757575757576,0.45679012345679,0.357575757575758,0.449101796407186,0.664596273291925,0.574074074074074,0.453416149068323,0.745341614906832,0.579268292682927,0.50920245398773,0.524691358024691,0.355828220858896,0.411042944785276,0.49079754601227,0.216049382716049,0.359756097560976
"Padme_6",0.490322580645161,0.0613496932515337,0,0.382716049382716,0.0802469135802469,0.100591715976331,0.45398773006135,0.404907975460123,0.217391304347826,0.337423312883436,0.198717948717949,0.532051282051282,0.151685393258427,0.45398773006135,0.445121951219512,0.259259259259259,0.242603550295858,0.761290322580645,0.442307692307692,0.371951219512195,0.416149068322981,0.36969696969697,0.579617834394904,0.432258064516129,0.457317073170732,0.386503067484663,0.6625,0.432098765432099,0.460122699386503,0.608974358974359,0.392638036809816,0.68125,0.43558282208589,0.367469879518072,0.49390243902439,0.4,0.685185185185185,0.343558282208589,0.525641025641026,0.429447852760736,0.696774193548387,0.560975609756098,0.392638036809816,0.67283950617284,0.638709677419355,0.423312883435583,0.380368098159509,0.67741935483871,0.478527607361963,0.375796178343949,0.41358024691358,0.26219512195122,0.735483870967742,0.286585365853659,0.381818181818182,0.601226993865031,0.624203821656051,0.393939393939394,0.595092024539877,0.674846625766871,0.402439024390244,0.72258064516129,0.625806451612903,0.542682926829268,0.566265060240964,0.451219512195122,0.567901234567901,0.66025641025641,0.404907975460123,0.432098765432099,0.378205128205128,0.403726708074534,0.444444444444444,0.337278106508876,0.411042944785276,0.683870967741936,0.444444444444444,0.402439024390244,0.429447852760736,0.341176470588235,0.408536585365854,0.656441717791411,0.617283950617284,0.25,0.54601226993865,0.636942675159236,0.51219512195122,0.394117647058824,0.662576687116564,0.670967741935484,0.625,0.640243902439024,0.580246913580247,0.258823529411765,0.438271604938272,0.551282051282051,0.518518518518518,0.272189349112426,0.697530864197531,0.619354838709677,0.460122699386503,0.574074074074074,0.709677419354839,0.511764705882353,0.603658536585366,0.503067484662577,0.374233128834356,0.466666666666667,0.651612903225806,0.557692307692308,0.48125,0.735483870967742,0.607361963190184,0.563636363636364,0.570552147239264,0.392638036809816,0.457317073170732,0.52760736196319,0.263803680981595,0.386503067484663
"Ginger_7",0.261682242990654,0.365853658536585,0.382716049382716,0,0.366459627329193,0.384615384615385,0.111111111111111,0.474820143884892,0.328671328671329,0.172131147540984,0.496774193548387,0.466101694915254,0.412429378531073,0.466165413533835,0.477941176470588,0.240601503759399,0.526627218934911,0.654205607476635,0.544776119402985,0.435714285714286,0.489051094890511,0.443661971830986,0.4375,0.533834586466165,0.525179856115108,0.430656934306569,0.517857142857143,0.160714285714286,0.401574803149606,0.530434782608696,0.449275362318841,0.476635514018692,0.100917431192661,0.440559440559441,0.395161290322581,0.214285714285714,0.457943925233645,0.195121951219512,0.508196721311475,0.142857142857143,0.560747663551402,0.365217391304348,0.437956204379562,0.453703703703704,0.544642857142857,0.463235294117647,0.169491525423729,0.532710280373832,0.360655737704918,0.510791366906475,0.463235294117647,0.42,0.616822429906542,0.425675675675676,0.446808510638298,0.407079646017699,0.526315789473684,0.416058394160584,0.398230088495575,0.458715596330275,0.460431654676259,0.598130841121495,0.526785714285714,0.394957983193277,0.389830508474576,0.365079365079365,0.427350427350427,0.522935779816514,0.463768115942029,0.110091743119266,0.514492753623188,0.150442477876106,0.466165413533835,0.534591194968553,0.425373134328358,0.542056074766355,0.477611940298507,0.437956204379562,0.0740740740740741,0.5375,0.433823529411765,0.416666666666667,0.428571428571429,0.294117647058824,0.425,0.490909090909091,0.432,0.47972972972973,0.425925925925926,0.523364485981308,0.464285714285714,0.423423423423423,0.457627118644068,0.506024096385542,0.458646616541353,0.504201680672269,0.439024390243902,0.493827160493827,0.476635514018692,0.517857142857143,0.12037037037037,0.422413793103448,0.579439252336449,0.470149253731343,0.383928571428571,0.419354838709677,0.11304347826087,0.410852713178295,0.5625,0.525,0.522727272727273,0.616822429906542,0.357798165137615,0.450819672131148,0.418803418803419,0.0892857142857143,0.185840707964602,0.38655462184874,0.284671532846715,0.430656934306569
"Padme_7",0.493589743589744,0.0432098765432099,0.0802469135802469,0.366459627329193,0,0.0718562874251497,0.408805031446541,0.348101265822785,0.165605095541401,0.289308176100629,0.2375,0.544303797468354,0.114285714285714,0.388535031847134,0.379746835443038,0.208860759493671,0.267441860465116,0.762820512820513,0.455696202531646,0.345679012345679,0.369426751592357,0.343558282208589,0.617283950617284,0.435897435897436,0.432098765432099,0.339622641509434,0.621794871794872,0.365384615384615,0.394904458598726,0.611464968152866,0.32484076433121,0.641025641025641,0.379746835443038,0.351515151515152,0.459627329192547,0.403846153846154,0.628205128205128,0.284810126582278,0.537974683544304,0.39375,0.698717948717949,0.51875,0.345911949685535,0.624203821656051,0.641025641025641,0.3875,0.312101910828025,0.67948717948718,0.433962264150943,0.389937106918239,0.346153846153846,0.234567901234568,0.737179487179487,0.248447204968944,0.345679012345679,0.54140127388535,0.652173913043478,0.347826086956522,0.553459119496855,0.626582278481013,0.335443037974684,0.724358974358974,0.628205128205128,0.5,0.533742331288343,0.416149068322981,0.506410256410256,0.670886075949367,0.348101265822785,0.40625,0.4125,0.356687898089172,0.39873417721519,0.369942196531792,0.375,0.685897435897436,0.388535031847134,0.366459627329193,0.383647798742138,0.373563218390805,0.372670807453416,0.598726114649682,0.557692307692308,0.198717948717949,0.50314465408805,0.647798742138365,0.449367088607595,0.378698224852071,0.605095541401274,0.689873417721519,0.583333333333333,0.582278481012658,0.528662420382166,0.252941176470588,0.371794871794872,0.554140127388535,0.464968152866242,0.255952380952381,0.641025641025641,0.621794871794872,0.394904458598726,0.512820512820513,0.711538461538462,0.469879518072289,0.571428571428572,0.459119496855346,0.327044025157233,0.441717791411043,0.653846153846154,0.569620253164557,0.435897435897436,0.737179487179487,0.583850931677019,0.521739130434783,0.509554140127389,0.376543209876543,0.4125,0.484276729559748,0.191082802547771,0.339622641509434
"Charles_9",0.532934131736527,0.087719298245614,0.100591715976331,0.384615384615385,0.0718562874251497,0,0.452941176470588,0.396449704142012,0.226190476190476,0.321428571428571,0.272189349112426,0.562874251497006,0.0681818181818182,0.434523809523809,0.42603550295858,0.245508982035928,0.288888888888889,0.784431137724551,0.479041916167665,0.355029585798817,0.416666666666667,0.343195266272189,0.607142857142857,0.479041916167665,0.428571428571429,0.369047619047619,0.652694610778443,0.413173652694611,0.440476190476191,0.642857142857143,0.375,0.67065868263473,0.407185628742515,0.350877192982456,0.464285714285714,0.449101796407186,0.658682634730539,0.317365269461078,0.55688622754491,0.410714285714286,0.716867469879518,0.538461538461538,0.375,0.654761904761905,0.662650602409638,0.414201183431953,0.363095238095238,0.706586826347305,0.458333333333333,0.42603550295858,0.395209580838323,0.248520710059172,0.760479041916168,0.282352941176471,0.355029585798817,0.577380952380952,0.648809523809524,0.376470588235294,0.571428571428572,0.640718562874252,0.384615384615385,0.748502994011976,0.658682634730539,0.520710059171598,0.535294117647059,0.422619047619048,0.544910179640719,0.682634730538922,0.396449704142012,0.413173652694611,0.419161676646707,0.404761904761905,0.425149700598802,0.312138728323699,0.402366863905325,0.712574850299401,0.434523809523809,0.375,0.410714285714286,0.325714285714286,0.4,0.630952380952381,0.592814371257485,0.25748502994012,0.51497005988024,0.652694610778443,0.49112426035503,0.377142857142857,0.636904761904762,0.70059880239521,0.616766467065868,0.615384615384615,0.56547619047619,0.255681818181818,0.419161676646707,0.589285714285714,0.505952380952381,0.268571428571429,0.67065868263473,0.652694610778443,0.440476190476191,0.550898203592814,0.728915662650602,0.482758620689655,0.571428571428572,0.49112426035503,0.357142857142857,0.447058823529412,0.682634730538922,0.586826347305389,0.479041916167665,0.760479041916168,0.583333333333333,0.541176470588235,0.547619047619048,0.403508771929825,0.437869822485207,0.497005988023952,0.25,0.369047619047619
"Franc_9",0.204081632653061,0.407407407407407,0.45398773006135,0.111111111111111,0.408805031446541,0.452941176470588,0,0.46969696969697,0.375886524822695,0.194915254237288,0.551948051948052,0.486725663716814,0.477528089887641,0.484375,0.472868217054264,0.303030303030303,0.577380952380952,0.646464646464646,0.598484848484849,0.496402877697842,0.49618320610687,0.50354609929078,0.526785714285714,0.565891472868217,0.58695652173913,0.470149253731343,0.485436893203884,0.115384615384615,0.391666666666667,0.527777777777778,0.454545454545455,0.438775510204082,0.087378640776699,0.48936170212766,0.43801652892562,0.19047619047619,0.418367346938775,0.203389830508475,0.517241379310345,0.0961538461538461,0.530612244897959,0.410714285714286,0.477611940298507,0.397959183673469,0.514563106796116,0.503759398496241,0.160714285714286,0.5,0.403361344537815,0.551470588235294,0.469230769230769,0.486666666666667,0.591836734693877,0.472602739726027,0.496402877697842,0.380952380952381,0.589285714285714,0.443609022556391,0.416666666666667,0.435643564356436,0.454545454545455,0.556701030927835,0.509615384615385,0.426086956521739,0.434782608695652,0.40650406504065,0.403669724770642,0.519607843137255,0.46969696969697,0.150943396226415,0.576642335766423,0.157407407407407,0.507692307692308,0.60625,0.453846153846154,0.510204081632653,0.46031746031746,0.521739130434783,0.0776699029126214,0.608695652173913,0.462121212121212,0.357142857142857,0.403846153846154,0.292307692307692,0.429824561403509,0.485436893203884,0.423728813559322,0.527397260273973,0.4,0.549019607843137,0.442307692307692,0.382352941176471,0.45045045045045,0.566265060240964,0.452380952380952,0.5,0.417391304347826,0.56441717791411,0.438775510204082,0.5,0.0505050505050505,0.398148148148148,0.551020408163265,0.4765625,0.431192660550459,0.41025641025641,0.168141592920354,0.464566929133858,0.548076923076923,0.535087719298246,0.5546875,0.577319587628866,0.405660377358491,0.456896551724138,0.37962962962963,0.111111111111111,0.160377358490566,0.403508771929825,0.269230769230769,0.470149253731343
"Grogu_9",0.573643410852713,0.358024691358025,0.404907975460123,0.474820143884892,0.348101265822785,0.396449704142012,0.46969696969697,0,0.42,0.350746268656716,0.313868613138686,0.357798165137615,0.423728813559322,0.421875,0.119266055045872,0.294117647058824,0.396103896103896,0.660377358490566,0.526717557251908,0.11304347826087,0.0476190476190476,0.144067796610169,0.508620689655172,0.480314960629921,0.539568345323741,0.0810810810810811,0.438095238095238,0.430769230769231,0.352459016393443,0.40952380952381,0.0727272727272727,0.466666666666667,0.458646616541353,0.142857142857143,0.271929824561404,0.465116279069767,0.476635514018692,0.345864661654135,0.363636363636364,0.451127819548872,0.552380952380952,0.353982300884956,0.0900900900900901,0.428571428571429,0.466666666666667,0.419847328244275,0.378787878787879,0.523809523809524,0.428571428571429,0.136363636363636,0.0654205607476635,0.206106870229008,0.609523809523809,0.181102362204724,0.129310344827586,0.336448598130841,0.593220338983051,0.114035087719298,0.387387387387387,0.490909090909091,0.0727272727272727,0.59047619047619,0.447619047619048,0.327433628318584,0.379310344827586,0.40625,0.314814814814815,0.527777777777778,0.108108108108108,0.5,0.1875,0.419847328244275,0.446153846153846,0.313868613138686,0.133928571428571,0.533333333333333,0.0761904761904762,0.42962962962963,0.462686567164179,0.330935251798561,0.116071428571429,0.420560747663551,0.373831775700935,0.217054263565891,0.330357142857143,0.495412844036697,0.236363636363636,0.15702479338843,0.429906542056075,0.568807339449541,0.380952380952381,0.383177570093458,0.333333333333333,0.291666666666667,0.102803738317757,0.37037037037037,0.19047619047619,0.283687943262411,0.495327102803738,0.438095238095238,0.465648854961832,0.308411214953271,0.571428571428572,0.294117647058824,0.429824561403509,0.220183486238532,0.395522388059702,0.264957264957265,0.485714285714286,0.394495412844037,0.480314960629921,0.609523809523809,0.433628318584071,0.330357142857143,0.289719626168224,0.452554744525547,0.473684210526316,0.303571428571429,0.207692307692308,0.0810810810810811
"Henry_9",0.413533834586466,0.191358024691358,0.217391304347826,0.328671328671329,0.165605095541401,0.226190476190476,0.375886524822695,0.42,0,0.24113475177305,0.324675324675325,0.517985611510791,0.241379310344828,0.352517985611511,0.442953020134228,0.261744966442953,0.349397590361446,0.71969696969697,0.382352941176471,0.425806451612903,0.410958904109589,0.43312101910828,0.601398601398601,0.382352941176471,0.391608391608392,0.421052631578947,0.56390977443609,0.301470588235294,0.459459459459459,0.594202898550725,0.395973154362416,0.617647058823529,0.354609929078014,0.440251572327044,0.444444444444444,0.345588235294118,0.602941176470588,0.24822695035461,0.542253521126761,0.359154929577465,0.683823529411765,0.510489510489511,0.427631578947368,0.608695652173913,0.617647058823529,0.363636363636364,0.266187050359712,0.661764705882353,0.48993288590604,0.453333333333333,0.429530201342282,0.382716049382716,0.699248120300752,0.407407407407407,0.455696202531646,0.525179856115108,0.621428571428571,0.418300653594771,0.517985611510791,0.611510791366906,0.406666666666667,0.713235294117647,0.602941176470588,0.47887323943662,0.527397260273973,0.470198675496689,0.496402877697842,0.661870503597122,0.398648648648649,0.35,0.456375838926175,0.291970802919708,0.375886524822695,0.455089820359281,0.457516339869281,0.669117647058823,0.463087248322148,0.351724137931035,0.347517730496454,0.43030303030303,0.454545454545455,0.589928057553957,0.543478260869565,0.251700680272109,0.482269503546099,0.635714285714286,0.432624113475177,0.45679012345679,0.597122302158273,0.673913043478261,0.551470588235294,0.581560283687943,0.477941176470588,0.345454545454546,0.456375838926175,0.528985507246377,0.438848920863309,0.329192546583851,0.617647058823529,0.595588235294118,0.359712230215827,0.492753623188406,0.669172932330827,0.445945945945946,0.579310344827586,0.454545454545455,0.295774647887324,0.456375838926175,0.601503759398496,0.525547445255474,0.345864661654135,0.699248120300752,0.573426573426573,0.471428571428571,0.489208633093525,0.340277777777778,0.345323741007194,0.471830985915493,0.266666666666667,0.421052631578947
"Ivy_9",0.318965517241379,0.310975609756098,0.337423312883436,0.172131147540984,0.289308176100629,0.321428571428571,0.194915254237288,0.350746268656716,0.24113475177305,0,0.45859872611465,0.416666666666667,0.352272727272727,0.456521739130435,0.4,0.186567164179104,0.482352941176471,0.692307692307692,0.563380281690141,0.335766423357664,0.37593984962406,0.345323741007194,0.504065040650406,0.521739130434783,0.534246575342466,0.303030303030303,0.491379310344828,0.146551724137931,0.356589147286822,0.504201680672269,0.335820895522388,0.517241379310345,0.184873949579832,0.342857142857143,0.252100840336134,0.198275862068966,0.5,0.075,0.434426229508197,0.191666666666667,0.594827586206897,0.34453781512605,0.310606060606061,0.482758620689655,0.517241379310345,0.453900709219858,0.109243697478992,0.568965517241379,0.3671875,0.434782608695652,0.348484848484849,0.337837837837838,0.646551724137931,0.342465753424658,0.359712230215827,0.370689655172414,0.560975609756098,0.325925925925926,0.362068965517241,0.512605042016807,0.335820895522388,0.629310344827586,0.5,0.305084745762712,0.368852459016393,0.346153846153846,0.35042735042735,0.571428571428572,0.362962962962963,0.177966101694915,0.414814814814815,0.168067226890756,0.467625899280576,0.468354430379747,0.345864661654135,0.577586206896552,0.386363636363636,0.451388888888889,0.129310344827586,0.471698113207547,0.355555555555556,0.448275862068966,0.405172413793103,0.174242424242424,0.363636363636364,0.541666666666667,0.291666666666667,0.375,0.47008547008547,0.560344827586207,0.439655172413793,0.453781512605042,0.394957983193277,0.442424242424242,0.378787878787879,0.428571428571429,0.282051282051282,0.438271604938272,0.517241379310345,0.491379310344828,0.188034188034188,0.344827586206897,0.612068965517241,0.353846153846154,0.416666666666667,0.291666666666667,0.116666666666667,0.301587301587302,0.53448275862069,0.45,0.521739130434783,0.646551724137931,0.406779661016949,0.377049180327869,0.327586206896552,0.15702479338843,0.260162601626016,0.338842975206612,0.151515151515151,0.303030303030303
"Buddy_11",0.595890410958904,0.228395061728395,0.198717948717949,0.496774193548387,0.2375,0.272189349112426,0.551948051948052,0.313868613138686,0.324675324675325,0.45859872611465,0,0.412698412698413,0.305084745762712,0.335820895522388,0.338235294117647,0.367741935483871,0.151724137931035,0.706349206349206,0.301587301587302,0.3,0.313432835820896,0.285714285714286,0.507692307692308,0.31496062992126,0.388489208633093,0.291970802919708,0.598484848484849,0.538961038961039,0.468965517241379,0.542635658914729,0.299270072992701,0.610687022900763,0.522875816993464,0.283687943262411,0.408759124087591,0.510204081632653,0.616541353383459,0.435064935064935,0.404761904761905,0.525974025974026,0.626984126984127,0.5,0.299270072992701,0.601503759398496,0.566929133858268,0.323529411764706,0.474025974025974,0.603174603174603,0.510204081632653,0.261538461538462,0.298507462686567,0.281879194630872,0.674603174603175,0.297297297297297,0.27536231884058,0.525925925925926,0.572519083969466,0.326241134751773,0.54014598540146,0.593984962406015,0.311594202898551,0.658730158730159,0.551181102362205,0.467153284671533,0.507142857142857,0.469387755102041,0.473684210526316,0.571428571428572,0.313868613138686,0.557692307692308,0.263565891472868,0.509803921568628,0.348148148148148,0.262068965517241,0.308823529411765,0.611111111111111,0.323308270676692,0.299270072992701,0.544871794871795,0.267123287671233,0.318840579710145,0.582089552238806,0.544776119402985,0.348684210526316,0.447761194029851,0.5546875,0.430656934306569,0.328767123287671,0.6,0.6171875,0.553030303030303,0.573529411764706,0.488721804511278,0.171232876712329,0.315789473684211,0.448818897637795,0.425373134328358,0.173611111111111,0.631578947368421,0.543307086614173,0.558441558441558,0.481203007518797,0.642857142857143,0.444444444444444,0.529411764705882,0.407407407407407,0.506329113924051,0.388489208633093,0.582677165354331,0.444444444444444,0.366412213740458,0.674603174603175,0.554744525547445,0.470588235294118,0.477611940298507,0.506410256410256,0.554838709677419,0.425373134328358,0.361290322580645,0.291970802919708
"Joans_11",0.5,0.549382716049383,0.532051282051282,0.466101694915254,0.544303797468354,0.562874251497006,0.486725663716814,0.357798165137615,0.517985611510791,0.416666666666667,0.412698412698413,0,0.582857142857143,0.513043478260869,0.373831775700935,0.488721804511278,0.510344827586207,0.5,0.485981308411215,0.382608695652174,0.358490566037736,0.365217391304348,0.289156626506024,0.5,0.612903225806452,0.375,0.453488372093023,0.495652173913043,0.440366972477064,0.380952380952381,0.369369369369369,0.354430379746835,0.418181818181818,0.376068376068376,0.252631578947368,0.439252336448598,0.409638554216867,0.356521739130435,0.0897435897435897,0.4375,0.364864864864865,0.418367346938775,0.383928571428571,0.365853658536585,0.395061728395062,0.533333333333333,0.380530973451327,0.324324324324324,0.439252336448598,0.326923076923077,0.355140186915888,0.442748091603053,0.445945945945946,0.449612403100775,0.368421052631579,0.384615384615385,0.448275862068966,0.4,0.442105263157895,0.373493975903614,0.383928571428571,0.418918918918919,0.37037037037037,0.263736263736264,0.397959183673469,0.455357142857143,0.202380952380952,0.293333333333333,0.401785714285714,0.508620689655172,0.330097087378641,0.456140350877193,0.538461538461538,0.449612403100775,0.381818181818182,0.337837837837838,0.339805825242718,0.478991596638655,0.478260869565217,0.465648854961832,0.392857142857143,0.357142857142857,0.411111111111111,0.4453125,0.186046511627907,0.294871794871795,0.265957446808511,0.4,0.388235294117647,0.397435897435897,0.383720930232558,0.367816091954023,0.247058823529412,0.496503496503497,0.346153846153846,0.141025641025641,0.233333333333333,0.482014388489209,0.433734939759036,0.358024691358025,0.468468468468469,0.192771084337349,0.391891891891892,0.330097087378641,0.355555555555556,0.265957446808511,0.491803278688525,0.297029702970297,0.419753086419753,0.105263157894737,0.553571428571429,0.445945945945946,0.377777777777778,0.206896551724138,0.19047619047619,0.491666666666667,0.47787610619469,0.129411764705882,0.458015267175573,0.375
"Padme_11",0.545977011494253,0.128491620111732,0.151685393258427,0.412429378531073,0.114285714285714,0.0681818181818182,0.477528089887641,0.423728813559322,0.241379310344828,0.352272727272727,0.305084745762712,0.582857142857143,0,0.460227272727273,0.443181818181818,0.270114942528736,0.319148936170213,0.78735632183908,0.494252873563218,0.393258426966292,0.443181818181818,0.382022471910112,0.625,0.502857142857143,0.445714285714286,0.397727272727273,0.660919540229885,0.431034482758621,0.465909090909091,0.659090909090909,0.394285714285714,0.685714285714286,0.434285714285714,0.388888888888889,0.488636363636364,0.474285714285714,0.666666666666667,0.348571428571429,0.577142857142857,0.446327683615819,0.737142857142857,0.551136363636364,0.403409090909091,0.670454545454545,0.685714285714286,0.440677966101695,0.382857142857143,0.72,0.482954545454545,0.451977401129943,0.422857142857143,0.282485875706215,0.764367816091954,0.314606741573034,0.384180790960452,0.596590909090909,0.649425287356322,0.395480225988701,0.582857142857143,0.649425287356322,0.403409090909091,0.76,0.674285714285714,0.534090909090909,0.556179775280899,0.448863636363636,0.565714285714286,0.697142857142857,0.405714285714286,0.44,0.436781609195402,0.422857142857143,0.451428571428571,0.285714285714286,0.429378531073446,0.725714285714286,0.460227272727273,0.394285714285714,0.4375,0.270114942528736,0.426966292134831,0.647727272727273,0.611428571428571,0.291428571428571,0.537142857142857,0.676136363636364,0.514124293785311,0.350282485875706,0.653409090909091,0.714285714285714,0.634285714285714,0.632768361581921,0.577142857142857,0.230337078651685,0.445714285714286,0.6,0.528409090909091,0.232954545454545,0.67816091954023,0.668571428571429,0.457142857142857,0.571428571428572,0.741379310344828,0.445714285714286,0.590909090909091,0.514124293785311,0.386363636363636,0.471910112359551,0.689655172413793,0.597701149425287,0.494252873563218,0.764367816091954,0.610169491525424,0.537142857142857,0.568181818181818,0.421348314606742,0.445714285714286,0.528409090909091,0.284090909090909,0.397727272727273
"Ginger_14",0.603174603174603,0.407407407407407,0.45398773006135,0.466165413533835,0.388535031847134,0.434523809523809,0.484375,0.421875,0.352517985611511,0.456521739130435,0.335820895522388,0.513043478260869,0.460227272727273,0,0.448818897637795,0.496644295302013,0.427631578947368,0.66,0.203883495145631,0.416666666666667,0.448818897637795,0.425373134328358,0.5,0.131313131313131,0.227272727272727,0.385826771653543,0.424242424242424,0.456692913385827,0.391666666666667,0.456310679611651,0.418604651162791,0.438775510204082,0.484615384615385,0.422222222222222,0.356521739130435,0.515625,0.418367346938775,0.485714285714286,0.504347826086956,0.476923076923077,0.530612244897959,0.304761904761905,0.380952380952381,0.397959183673469,0.454545454545455,0.0865384615384615,0.496350364963504,0.515151515151515,0.416666666666667,0.4609375,0.395161290322581,0.43448275862069,0.577319587628866,0.440559440559441,0.416666666666667,0.3,0.55045871559633,0.431818181818182,0.323529411764706,0.435643564356436,0.40625,0.556701030927835,0.434343434343434,0.383928571428571,0.333333333333333,0.380165289256198,0.418181818181818,0.49,0.434108527131783,0.492307692307692,0.488372093023256,0.469230769230769,0.0792079207920792,0.482993197278911,0.404761904761905,0.510204081632653,0.422764227642276,0.145454545454545,0.465116279069767,0.496644295302013,0.4140625,0.357142857142857,0.323232323232323,0.5,0.456896551724138,0.485436893203884,0.382608695652174,0.453237410071943,0.4,0.505050505050505,0.363636363636364,0.382352941176471,0.436363636363636,0.323943661971831,0.414634146341463,0.486486486486487,0.375,0.316546762589928,0.422680412371134,0.424242424242424,0.480314960629921,0.412844036697248,0.551020408163265,0.44,0.355769230769231,0.368421052631579,0.455223880597015,0.401639344262295,0.474747474747475,0.52212389380531,0.112244897959184,0.591836734693877,0.359223300970874,0.456896551724138,0.409090909090909,0.477611940298507,0.533834586466165,0.444444444444444,0.47972972972973,0.385826771653543
"Buddy_17",0.556451612903226,0.408536585365854,0.445121951219512,0.477941176470588,0.379746835443038,0.42603550295858,0.472868217054264,0.119266055045872,0.442953020134228,0.4,0.338235294117647,0.373831775700935,0.443181818181818,0.448818897637795,0,0.253846153846154,0.428571428571429,0.643564356435644,0.53125,0.107142857142857,0.130841121495327,0.139130434782609,0.539130434782609,0.519685039370079,0.533333333333333,0.126126126126126,0.471153846153846,0.4453125,0.40650406504065,0.485981308411215,0.100917431192661,0.470588235294118,0.461538461538462,0.153846153846154,0.315789473684211,0.515384615384615,0.42,0.383458646616541,0.394495412844037,0.488721804511278,0.558823529411765,0.398230088495575,0.135135135135135,0.446601941747573,0.528301886792453,0.446153846153846,0.37984496124031,0.529411764705882,0.468253968253968,0.165137614678899,0.0943396226415094,0.257575757575758,0.59,0.234375,0.156521739130435,0.383177570093458,0.587719298245614,0.125,0.403669724770642,0.451923076923077,0.118181818181818,0.598039215686274,0.509433962264151,0.327272727272727,0.394736842105263,0.457364341085271,0.281553398058252,0.547169811320755,0.101851851851852,0.492424242424242,0.216216216216216,0.46969696969697,0.4609375,0.35036496350365,0.111111111111111,0.53921568627451,0.087378640776699,0.455223880597015,0.465648854961832,0.355072463768116,0.110091743119266,0.407766990291262,0.405660377358491,0.269230769230769,0.283018867924528,0.514018691588785,0.233644859813084,0.227642276422764,0.432692307692308,0.575471698113208,0.443396226415094,0.384615384615385,0.317307692307692,0.337931034482759,0.0588235294117647,0.386792452830189,0.271028037383178,0.319148936170213,0.44,0.5,0.456692913385827,0.274509803921569,0.55,0.293103448275862,0.446428571428571,0.26605504587156,0.444444444444444,0.263157894736842,0.519230769230769,0.39622641509434,0.483870967741936,0.59,0.436363636363636,0.345454545454546,0.271844660194175,0.477941176470588,0.476923076923077,0.287037037037037,0.259541984732824,0.126126126126126
"Ivy_17",0.377952755905512,0.24390243902439,0.259259259259259,0.240601503759399,0.208860759493671,0.245508982035928,0.303030303030303,0.294117647058824,0.261744966442953,0.186567164179104,0.367741935483871,0.488721804511278,0.270114942528736,0.496644295302013,0.253846153846154,0,0.408284023668639,0.708661417322835,0.557046979865772,0.268115942028986,0.293233082706767,0.278571428571429,0.566176470588235,0.557046979865772,0.538961038961039,0.246268656716418,0.580152671755725,0.274809160305344,0.462068965517241,0.6,0.266666666666667,0.581395348837209,0.293233082706767,0.288732394366197,0.401459854014598,0.345864661654135,0.543307086614173,0.220588235294118,0.514705882352941,0.323529411764706,0.651162790697674,0.459259259259259,0.253731343283582,0.561538461538462,0.62406015037594,0.473333333333333,0.198473282442748,0.627906976744186,0.472222222222222,0.343065693430657,0.278195488721804,0.263513513513514,0.677165354330709,0.267123287671233,0.280575539568345,0.507462686567164,0.617647058823529,0.218045112781955,0.477272727272727,0.564885496183206,0.279411764705882,0.682170542635659,0.609022556390977,0.401515151515151,0.5,0.462585034013605,0.430769230769231,0.639097744360902,0.26865671641791,0.274809160305344,0.32089552238806,0.291044776119403,0.486486486486487,0.388535031847134,0.236641221374046,0.635658914728682,0.276923076923077,0.470588235294118,0.246153846153846,0.382165605095541,0.24812030075188,0.530769230769231,0.526315789473684,0.105263157894737,0.428571428571429,0.611940298507463,0.423357664233577,0.321917808219178,0.538461538461538,0.62015503875969,0.556390977443609,0.522727272727273,0.434108527131783,0.375757575757576,0.255813953488372,0.5,0.417910447761194,0.360248447204969,0.559055118110236,0.601503759398496,0.284615384615385,0.426356589147287,0.645669291338583,0.426573426573427,0.511111111111111,0.411764705882353,0.244444444444444,0.392857142857143,0.618320610687023,0.518796992481203,0.527397260273973,0.677165354330709,0.503759398496241,0.451851851851852,0.423076923076923,0.253731343283582,0.32089552238806,0.417910447761194,0.0970149253731343,0.246268656716418
"Padme_17",0.61875,0.258620689655172,0.242603550295858,0.526627218934911,0.267441860465116,0.288888888888889,0.577380952380952,0.396103896103896,0.349397590361446,0.482352941176471,0.151724137931035,0.510344827586207,0.319148936170213,0.427631578947368,0.428571428571429,0.408284023668639,0,0.756944444444444,0.402777777777778,0.382165605095541,0.386666666666667,0.369426751592357,0.590604026845638,0.413793103448276,0.461538461538462,0.376623376623377,0.63265306122449,0.55688622754491,0.50314465408805,0.612244897959184,0.372549019607843,0.671140939597315,0.550898203592814,0.367088607594937,0.480519480519481,0.540372670807453,0.675496688741722,0.461077844311377,0.503448275862069,0.553571428571429,0.678321678321678,0.561290322580645,0.383116883116883,0.662251655629139,0.615384615384615,0.415584415584416,0.505952380952381,0.675862068965517,0.540372670807453,0.364864864864865,0.384105960264901,0.331288343558282,0.729166666666667,0.345679012345679,0.371794871794872,0.585526315789474,0.628378378378378,0.40506329113924,0.597402597402597,0.655629139072848,0.383116883116883,0.724137931034483,0.620689655172414,0.541935483870968,0.56687898089172,0.503105590062112,0.549668874172185,0.648275862068965,0.38562091503268,0.582352941176471,0.356164383561644,0.530120481927711,0.437908496732026,0.335403726708075,0.402597402597403,0.673611111111111,0.417218543046358,0.383116883116883,0.570588235294118,0.339506172839506,0.41025641025641,0.644736842105263,0.602649006622517,0.381818181818182,0.526315789473684,0.623287671232877,0.5,0.395061728395062,0.660130718954248,0.687074829931973,0.610738255033557,0.636363636363636,0.553333333333333,0.253086419753086,0.410596026490066,0.541095890410959,0.496688741721854,0.25625,0.688741721854305,0.613793103448276,0.574850299401198,0.556291390728477,0.692307692307692,0.5,0.597402597402597,0.480263157894737,0.526315789473684,0.461538461538462,0.638888888888889,0.527777777777778,0.445945945945946,0.729166666666667,0.619354838709677,0.516556291390728,0.552631578947368,0.535294117647059,0.571428571428572,0.506578947368421,0.392857142857143,0.376623376623377
"Buddy_18",0.55,0.770186335403727,0.761290322580645,0.654205607476635,0.762820512820513,0.784431137724551,0.646464646464646,0.660377358490566,0.71969696969697,0.692307692307692,0.706349206349206,0.5,0.78735632183908,0.66,0.643564356435644,0.708661417322835,0.756944444444444,0,0.595505617977528,0.68141592920354,0.643564356435644,0.68695652173913,0.455882352941176,0.626373626373626,0.663366336633663,0.669724770642202,0.5,0.64,0.642857142857143,0.476923076923077,0.666666666666667,0.45,0.643564356435644,0.692307692307692,0.642105263157895,0.617021276595745,0.442622950819672,0.678260869565217,0.564102564102564,0.647058823529412,0.444444444444444,0.578313253012048,0.678899082568807,0.507692307692308,0.5,0.663461538461538,0.660550458715596,0.358490566037736,0.631578947368421,0.656862745098039,0.663461538461538,0.715384615384615,0.304347826086957,0.716535433070866,0.692982456140351,0.533333333333333,0.46875,0.675675675675676,0.539473684210526,0.492307692307692,0.678899082568807,0.4,0.442622950819672,0.60919540229885,0.604651162790698,0.653465346534653,0.575,0.403508771929825,0.672897196261682,0.64,0.65,0.637254901960784,0.673267326732673,0.736434108527132,0.669811320754717,0.407407407407407,0.646464646464646,0.654205607476635,0.647058823529412,0.728682170542636,0.675925925925926,0.46969696969697,0.507042253521127,0.704,0.583333333333333,0.426229508196721,0.615384615384615,0.708333333333333,0.484848484848485,0.4,0.5,0.52112676056338,0.564102564102564,0.755244755244755,0.65,0.540540540540541,0.597701149425287,0.748201438848921,0.423728813559322,0.451612903225806,0.628865979381443,0.569620253164557,0.392156862745098,0.663366336633663,0.558441558441558,0.630434782608696,0.663636363636364,0.663366336633663,0.403508771929825,0.534246575342466,0.626373626373626,0.266666666666667,0.546666666666667,0.583333333333333,0.5625,0.666666666666667,0.622448979591837,0.564705882352941,0.7109375,0.669724770642202
